Name,Designer,ID,URL,Free,Photo,Craft,Attributes,Gauge,Difficulty Average,Downloadable,Gauge Divisor,Gauge Pattern,Pattern Type,Yarn Weight,Projects Count,Rating Average,Sizes Available,Photos
Primula Sweater,Noemie Jelly,1237737,https://www.ravelry.com/patterns/library/primula-sweater-2,False,https://images4-a.ravelrycache.com/uploads/YouKnitToLearn/852187425/20220331_132035_resized_medium2.jpeg,Knitting,"['adult', 'lace', 'sleeves', 'long-sleeve', 'top-down', 'puffed-sleeve', 'cuffed-sleeve']",21.0,3.2,True,4.0,Stockinnette - Jersey endroit,pullover,DK,28,4.8,"(XS, S) M, L, XL (2XL, 3XL) pour un vêtement fini de  (85, 90) 95, 104, 111 (120, 130) cm de tour de buste. Il peut se tricoter avec une aisance de 0 à 10 cm selon tes goûts.","[{'id': 112453799, 'sort_order': 1, 'user_id': 1055751, 'x_offset': 0, 'y_offset': 0, 'square_url': 'https://images4-f.ravelrycache.com/uploads/YouKnitToLearn/852187425/20220331_132035_resized_square.jpeg', 'medium_url': 'https://images4-f.ravelrycache.com/uploads/YouKnitToLearn/852187425/20220331_132035_resized_medium.jpeg', 'thumbnail_url': 'https://images4-g.ravelrycache.com/uploads/YouKnitToLearn/852187425/20220331_132035_resized_thumbnail.jpeg', 'small_url': 'https://images4-f.ravelrycache.com/uploads/YouKnitToLearn/852187425/20220331_132035_resized_small_best_fit.jpeg', 'flickr_url': None, 'shelved_url': 'https://images4-f.ravelrycache.com/uploads/YouKnitToLearn/852187425/20220331_132035_resized_shelved.jpeg', 'medium2_url': 'https://images4-a.ravelrycache.com/uploads/YouKnitToLearn/852187425/20220331_132035_resized_medium2.jpeg', 'small2_url': 'https://images4-f.ravelrycache.com/uploads/YouKnitToLearn/852187425/20220331_132035_resized_small2.jpeg', 'caption': None, 'caption_html': None, 'copyright_holder': None}, {'id': 112453971, 'sort_order': 2, 'user_id': 1055751, 'x_offset': 1, 'y_offset': -12, 'square_url': 'https://images4-f.ravelrycache.com/uploads/YouKnitToLearn/852188950/IMG_20220411_154513_medium2_square.png', 'medium_url': 'https://images4-g.ravelrycache.com/uploads/YouKnitToLearn/852188950/IMG_20220411_154513_medium2_medium.png', 'thumbnail_url': 'https://images4-f.ravelrycache.com/uploads/YouKnitToLearn/852188950/IMG_20220411_154513_medium2_thumbnail.png', 'small_url': 'https://images4-g.ravelrycache.com/uploads/YouKnitToLearn/852188950/IMG_20220411_154513_medium2_small_best_fit.png', 'flickr_url': None, 'shelved_url': 'https://images4-g.ravelrycache.com/uploads/YouKnitToLearn/852188950/IMG_20220411_154513_medium2_shelved.png', 'medium2_url': 'https://images4-a.ravelrycache.com/uploads/YouKnitToLearn/852188950/IMG_20220411_154513_medium2_medium2.png', 'small2_url': 'https://images4-f.ravelrycache.com/uploads/YouKnitToLearn/852188950/IMG_20220411_154513_medium2_small2.png', 'caption': None, 'caption_html': None, 'copyright_holder': 'Madebymae'}, {'id': 112453970, 'sort_order': 3, 'user_id': 1055751, 'x_offset': 0, 'y_offset': -17, 'square_url': 'https://images4-g.ravelrycache.com/uploads/YouKnitToLearn/852188947/IMG_20220411_154128_medium2_square.png', 'medium_url': 'https://images4-f.ravelrycache.com/uploads/YouKnitToLearn/852188947/IMG_20220411_154128_medium2_medium.png', 'thumbnail_url': 'https://images4-g.ravelrycache.com/uploads/YouKnitToLearn/852188947/IMG_20220411_154128_medium2_thumbnail.png', 'small_url': 'https://images4-g.ravelrycache.com/uploads/YouKnitToLearn/852188947/IMG_20220411_154128_medium2_small_best_fit.png', 'flickr_url': None, 'shelved_url': 'https://images4-g.ravelrycache.com/uploads/YouKnitToLearn/852188947/IMG_20220411_154128_medium2_shelved.png', 'medium2_url': 'https://images4-a.ravelrycache.com/uploads/YouKnitToLearn/852188947/IMG_20220411_154128_medium2_medium2.png', 'small2_url': 'https://images4-g.ravelrycache.com/uploads/YouKnitToLearn/852188947/IMG_20220411_154128_medium2_small2.png', 'caption': None, 'caption_html': None, 'copyright_holder': 'Madebymae'}, {'id': 112453968, 'sort_order': 4, 'user_id': 1055751, 'x_offset': -4, 'y_offset': -35, 'square_url': 'https://images4-g.ravelrycache.com/uploads/YouKnitToLearn/852188949/IMG_20220411_154440_medium2_square.png', 'medium_url': 'https://images4-f.ravelrycache.com/uploads/YouKnitToLearn/852188949/IMG_20220411_154440_medium2_medium.png', 'thumbnail_url': 'https://images4-g.ravelrycache.com/uploads/YouKnitToLearn/852188949/IMG_20220411_154440_medium2_thumbnail.png', 'small_url': 'https://images4-f.ravelrycache.com/uploads/YouKnitToLearn/852188949/IMG_20220411_154440_medium2_small.png', 'flickr_url': None, 'shelved_url': 'https://images4-g.ravelrycache.com/uploads/YouKnitToLearn/852188949/IMG_20220411_154440_medium2_shelved.png', 'medium2_url': 'https://images4-a.ravelrycache.com/uploads/YouKnitToLearn/852188949/IMG_20220411_154440_medium2_medium2.png', 'small2_url': 'https://images4-g.ravelrycache.com/uploads/YouKnitToLearn/852188949/IMG_20220411_154440_medium2_small2.png', 'caption': None, 'caption_html': None, 'copyright_holder': None}, {'id': 112453969, 'sort_order': 5, 'user_id': 1055751, 'x_offset': -1, 'y_offset': -35, 'square_url': 'https://images4-g.ravelrycache.com/uploads/YouKnitToLearn/852188948/IMG_20220411_154547_medium2_square.png', 'medium_url': 'https://images4-f.ravelrycache.com/uploads/YouKnitToLearn/852188948/IMG_20220411_154547_medium2_medium.png', 'thumbnail_url': 'https://images4-g.ravelrycache.com/uploads/YouKnitToLearn/852188948/IMG_20220411_154547_medium2_thumbnail.png', 'small_url': 'https://images4-f.ravelrycache.com/uploads/YouKnitToLearn/852188948/IMG_20220411_154547_medium2_small.png', 'flickr_url': None, 'shelved_url': 'https://images4-f.ravelrycache.com/uploads/YouKnitToLearn/852188948/IMG_20220411_154547_medium2_shelved.png', 'medium2_url': 'https://images4-a.ravelrycache.com/uploads/YouKnitToLearn/852188948/IMG_20220411_154547_medium2_medium2.png', 'small2_url': 'https://images4-g.ravelrycache.com/uploads/YouKnitToLearn/852188948/IMG_20220411_154547_medium2_small2.png', 'caption': None, 'caption_html': None, 'copyright_holder': None}, {'id': 112453800, 'sort_order': 6, 'user_id': 1055751, 'x_offset': 0, 'y_offset': 0, 'square_url': 'https://images4-g.ravelrycache.com/uploads/YouKnitToLearn/852187431/20220331_131827_resized_square.jpeg', 'medium_url': 'https://images4-g.ravelrycache.com/uploads/YouKnitToLearn/852187431/20220331_131827_resized_medium.jpeg', 'thumbnail_url': 'https://images4-g.ravelrycache.com/uploads/YouKnitToLearn/852187431/20220331_131827_resized_thumbnail.jpeg', 'small_url': 'https://images4-g.ravelrycache.com/uploads/YouKnitToLearn/852187431/20220331_131827_resized_small_best_fit.jpeg', 'flickr_url': None, 'shelved_url': 'https://images4-f.ravelrycache.com/uploads/YouKnitToLearn/852187431/20220331_131827_resized_shelved.jpeg', 'medium2_url': 'https://images4-a.ravelrycache.com/uploads/YouKnitToLearn/852187431/20220331_131827_resized_medium2.jpeg', 'small2_url': 'https://images4-g.ravelrycache.com/uploads/YouKnitToLearn/852187431/20220331_131827_resized_small2.jpeg', 'caption': None, 'caption_html': None, 'copyright_holder': None}, {'id': 112453801, 'sort_order': 7, 'user_id': 1055751, 'x_offset': 0, 'y_offset': 0, 'square_url': 'https://images4-f.ravelrycache.com/uploads/YouKnitToLearn/852187422/20220331_132147_resized_square.jpeg', 'medium_url': 'https://images4-f.ravelrycache.com/uploads/YouKnitToLearn/852187422/20220331_132147_resized_medium.jpeg', 'thumbnail_url': 'https://images4-g.ravelrycache.com/uploads/YouKnitToLearn/852187422/20220331_132147_resized_thumbnail.jpeg', 'small_url': 'https://images4-f.ravelrycache.com/uploads/YouKnitToLearn/852187422/20220331_132147_resized_small_best_fit.jpeg', 'flickr_url': None, 'shelved_url': 'https://images4-g.ravelrycache.com/uploads/YouKnitToLearn/852187422/20220331_132147_resized_shelved.jpeg', 'medium2_url': 'https://images4-a.ravelrycache.com/uploads/YouKnitToLearn/852187422/20220331_132147_resized_medium2.jpeg', 'small2_url': 'https://images4-f.ravelrycache.com/uploads/YouKnitToLearn/852187422/20220331_132147_resized_small2.jpeg', 'caption': None, 'caption_html': None, 'copyright_holder': None}, {'id': 112453802, 'sort_order': 8, 'user_id': 1055751, 'x_offset': 0, 'y_offset': 0, 'square_url': 'https://images4-g.ravelrycache.com/uploads/YouKnitToLearn/852187432/20220331_131654_resized_square.jpeg', 'medium_url': 'https://images4-g.ravelrycache.com/uploads/YouKnitToLearn/852187432/20220331_131654_resized_medium.jpeg', 'thumbnail_url': 'https://images4-f.ravelrycache.com/uploads/YouKnitToLearn/852187432/20220331_131654_resized_thumbnail.jpeg', 'small_url': 'https://images4-f.ravelrycache.com/uploads/YouKnitToLearn/852187432/20220331_131654_resized_small_best_fit.jpeg', 'flickr_url': None, 'shelved_url': 'https://images4-f.ravelrycache.com/uploads/YouKnitToLearn/852187432/20220331_131654_resized_shelved.jpeg', 'medium2_url': 'https://images4-a.ravelrycache.com/uploads/YouKnitToLearn/852187432/20220331_131654_resized_medium2.jpeg', 'small2_url': 'https://images4-g.ravelrycache.com/uploads/YouKnitToLearn/852187432/20220331_131654_resized_small2.jpeg', 'caption': None, 'caption_html': None, 'copyright_holder': None}, {'id': 112453803, 'sort_order': 9, 'user_id': 1055751, 'x_offset': 0, 'y_offset': 0, 'square_url': 'https://images4-g.ravelrycache.com/uploads/YouKnitToLearn/852187421/20220331_133452_resized_1_square.jpeg', 'medium_url': 'https://images4-g.ravelrycache.com/uploads/YouKnitToLearn/852187421/20220331_133452_resized_1_medium.jpeg', 'thumbnail_url': 'https://images4-f.ravelrycache.com/uploads/YouKnitToLearn/852187421/20220331_133452_resized_1_thumbnail.jpeg', 'small_url': 'https://images4-f.ravelrycache.com/uploads/YouKnitToLearn/852187421/20220331_133452_resized_1_small_best_fit.jpeg', 'flickr_url': None, 'shelved_url': 'https://images4-g.ravelrycache.com/uploads/YouKnitToLearn/852187421/20220331_133452_resized_1_shelved.jpeg', 'medium2_url': 'https://images4-a.ravelrycache.com/uploads/YouKnitToLearn/852187421/20220331_133452_resized_1_medium2.jpeg', 'small2_url': 'https://images4-g.ravelrycache.com/uploads/YouKnitToLearn/852187421/20220331_133452_resized_1_small2.jpeg', 'caption': None, 'caption_html': None, 'copyright_holder': None}, {'id': 112453804, 'sort_order': 10, 'user_id': 1055751, 'x_offset': 0, 'y_offset': 0, 'square_url': 'https://images4-f.ravelrycache.com/uploads/YouKnitToLearn/852187420/20220331_133746_resized_1_square.jpeg', 'medium_url': 'https://images4-f.ravelrycache.com/uploads/YouKnitToLearn/852187420/20220331_133746_resized_1_medium.jpeg', 'thumbnail_url': 'https://images4-g.ravelrycache.com/uploads/YouKnitToLearn/852187420/20220331_133746_resized_1_thumbnail.jpeg', 'small_url': 'https://images4-g.ravelrycache.com/uploads/YouKnitToLearn/852187420/20220331_133746_resized_1_small_best_fit.jpeg', 'flickr_url': None, 'shelved_url': 'https://images4-f.ravelrycache.com/uploads/YouKnitToLearn/852187420/20220331_133746_resized_1_shelved.jpeg', 'medium2_url': 'https://images4-a.ravelrycache.com/uploads/YouKnitToLearn/852187420/20220331_133746_resized_1_medium2.jpeg', 'small2_url': 'https://images4-f.ravelrycache.com/uploads/YouKnitToLearn/852187420/20220331_133746_resized_1_small2.jpeg', 'caption': None, 'caption_html': None, 'copyright_holder': None}, {'id': 112453805, 'sort_order': 11, 'user_id': 1055751, 'x_offset': 0, 'y_offset': 0, 'square_url': 'https://images4-g.ravelrycache.com/uploads/YouKnitToLearn/852187430/20220331_133654_resized_1_square.jpeg', 'medium_url': 'https://images4-g.ravelrycache.com/uploads/YouKnitToLearn/852187430/20220331_133654_resized_1_medium.jpeg', 'thumbnail_url': 'https://images4-g.ravelrycache.com/uploads/YouKnitToLearn/852187430/20220331_133654_resized_1_thumbnail.jpeg', 'small_url': 'https://images4-g.ravelrycache.com/uploads/YouKnitToLearn/852187430/20220331_133654_resized_1_small_best_fit.jpeg', 'flickr_url': None, 'shelved_url': 'https://images4-f.ravelrycache.com/uploads/YouKnitToLearn/852187430/20220331_133654_resized_1_shelved.jpeg', 'medium2_url': 'https://images4-a.ravelrycache.com/uploads/YouKnitToLearn/852187430/20220331_133654_resized_1_medium2.jpeg', 'small2_url': 'https://images4-g.ravelrycache.com/uploads/YouKnitToLearn/852187430/20220331_133654_resized_1_small2.jpeg', 'caption': None, 'caption_html': None, 'copyright_holder': None}, {'id': 112453806, 'sort_order': 12, 'user_id': 1055751, 'x_offset': 0, 'y_offset': 0, 'square_url': 'https://images4-g.ravelrycache.com/uploads/YouKnitToLearn/852187424/20220331_133824_resized_1_square.jpeg', 'medium_url': 'https://images4-g.ravelrycache.com/uploads/YouKnitToLearn/852187424/20220331_133824_resized_1_medium.jpeg', 'thumbnail_url': 'https://images4-g.ravelrycache.com/uploads/YouKnitToLearn/852187424/20220331_133824_resized_1_thumbnail.jpeg', 'small_url': 'https://images4-g.ravelrycache.com/uploads/YouKnitToLearn/852187424/20220331_133824_resized_1_small_best_fit.jpeg', 'flickr_url': None, 'shelved_url': 'https://images4-f.ravelrycache.com/uploads/YouKnitToLearn/852187424/20220331_133824_resized_1_shelved.jpeg', 'medium2_url': 'https://images4-a.ravelrycache.com/uploads/YouKnitToLearn/852187424/20220331_133824_resized_1_medium2.jpeg', 'small2_url': 'https://images4-g.ravelrycache.com/uploads/YouKnitToLearn/852187424/20220331_133824_resized_1_small2.jpeg', 'caption': None, 'caption_html': None, 'copyright_holder': None}, {'id': 112453984, 'sort_order': 13, 'user_id': 1055751, 'x_offset': 0, 'y_offset': -8, 'square_url': 'https://images4-f.ravelrycache.com/uploads/YouKnitToLearn/852189085/IMG_20220424_182215_medium2_square.png', 'medium_url': 'https://images4-g.ravelrycache.com/uploads/YouKnitToLearn/852189085/IMG_20220424_182215_medium2_medium.png', 'thumbnail_url': 'https://images4-f.ravelrycache.com/uploads/YouKnitToLearn/852189085/IMG_20220424_182215_medium2_thumbnail.png', 'small_url': 'https://images4-f.ravelrycache.com/uploads/YouKnitToLearn/852189085/IMG_20220424_182215_medium2_small_best_fit.png', 'flickr_url': None, 'shelved_url': 'https://images4-g.ravelrycache.com/uploads/YouKnitToLearn/852189085/IMG_20220424_182215_medium2_shelved.png', 'medium2_url': 'https://images4-a.ravelrycache.com/uploads/YouKnitToLearn/852189085/IMG_20220424_182215_medium2_medium2.png', 'small2_url': 'https://images4-f.ravelrycache.com/uploads/YouKnitToLearn/852189085/IMG_20220424_182215_medium2_small2.png', 'caption': None, 'caption_html': None, 'copyright_holder': 'Stepha13'}]"
Easy Evening Sweater,Easy as knit,1237748,https://www.ravelry.com/patterns/library/easy-evening-sweater-3,False,https://images4-a.ravelrycache.com/uploads/easyasknit/852195749/Udklip_medium2.JPG,Knitting,"['written-pattern', 'male', 'adult', 'plus', 'ribbed']",13.0,3.0,True,,broken rib stitch,pullover,DK,7,4.25,"XS (S, M, L, 1X, 2X, 3X, 4X), see notes","[{'id': 112454806, 'sort_order': 1, 'user_id': 10803668, 'x_offset': 0, 'y_offset': -17, 'square_url': 'https://images4-f.ravelrycache.com/uploads/easyasknit/852195749/Udklip_square.JPG', 'medium_url': 'https://images4-f.ravelrycache.com/uploads/easyasknit/852195749/Udklip_medium.JPG', 'thumbnail_url': 'https://images4-g.ravelrycache.com/uploads/easyasknit/852195749/Udklip_thumbnail.JPG', 'small_url': 'https://images4-f.ravelrycache.com/uploads/easyasknit/852195749/Udklip_small_best_fit.JPG', 'flickr_url': None, 'shelved_url': 'https://images4-g.ravelrycache.com/uploads/easyasknit/852195749/Udklip_shelved.JPG', 'medium2_url': 'https://images4-a.ravelrycache.com/uploads/easyasknit/852195749/Udklip_medium2.JPG', 'small2_url': 'https://images4-f.ravelrycache.com/uploads/easyasknit/852195749/Udklip_small2.JPG', 'caption': None, 'caption_html': None, 'copyright_holder': None}, {'id': 112454807, 'sort_order': 2, 'user_id': 10803668, 'x_offset': -5, 'y_offset': -35, 'square_url': 'https://images4-g.ravelrycache.com/uploads/easyasknit/852195645/Udklip_square.JPG', 'medium_url': 'https://images4-g.ravelrycache.com/uploads/easyasknit/852195645/Udklip_medium.JPG', 'thumbnail_url': 'https://images4-g.ravelrycache.com/uploads/easyasknit/852195645/Udklip_thumbnail.JPG', 'small_url': 'https://images4-f.ravelrycache.com/uploads/easyasknit/852195645/Udklip_small.JPG', 'flickr_url': None, 'shelved_url': 'https://images4-g.ravelrycache.com/uploads/easyasknit/852195645/Udklip_shelved.JPG', 'medium2_url': 'https://images4-a.ravelrycache.com/uploads/easyasknit/852195645/Udklip_medium2.JPG', 'small2_url': 'https://images4-g.ravelrycache.com/uploads/easyasknit/852195645/Udklip_small2.JPG', 'caption': None, 'caption_html': None, 'copyright_holder': None}, {'id': 112454808, 'sort_order': 3, 'user_id': 10803668, 'x_offset': -4, 'y_offset': -35, 'square_url': 'https://images4-f.ravelrycache.com/uploads/easyasknit/852195556/Udklip_square.JPG', 'medium_url': 'https://images4-f.ravelrycache.com/uploads/easyasknit/852195556/Udklip_medium.JPG', 'thumbnail_url': 'https://images4-g.ravelrycache.com/uploads/easyasknit/852195556/Udklip_thumbnail.JPG', 'small_url': 'https://images4-g.ravelrycache.com/uploads/easyasknit/852195556/Udklip_small.JPG', 'flickr_url': None, 'shelved_url': 'https://images4-g.ravelrycache.com/uploads/easyasknit/852195556/Udklip_shelved.JPG', 'medium2_url': 'https://images4-a.ravelrycache.com/uploads/easyasknit/852195556/Udklip_medium2.JPG', 'small2_url': 'https://images4-f.ravelrycache.com/uploads/easyasknit/852195556/Udklip_small2.JPG', 'caption': None, 'caption_html': None, 'copyright_holder': None}, {'id': 112454809, 'sort_order': 4, 'user_id': 10803668, 'x_offset': -1, 'y_offset': -22, 'square_url': 'https://images4-f.ravelrycache.com/uploads/easyasknit/852195457/Udklip_square.JPG', 'medium_url': 'https://images4-f.ravelrycache.com/uploads/easyasknit/852195457/Udklip_medium.JPG', 'thumbnail_url': 'https://images4-g.ravelrycache.com/uploads/easyasknit/852195457/Udklip_thumbnail.JPG', 'small_url': 'https://images4-g.ravelrycache.com/uploads/easyasknit/852195457/Udklip_small_best_fit.JPG', 'flickr_url': None, 'shelved_url': 'https://images4-f.ravelrycache.com/uploads/easyasknit/852195457/Udklip_shelved.JPG', 'medium2_url': 'https://images4-a.ravelrycache.com/uploads/easyasknit/852195457/Udklip_medium2.JPG', 'small2_url': 'https://images4-f.ravelrycache.com/uploads/easyasknit/852195457/Udklip_small2.JPG', 'caption': None, 'caption_html': None, 'copyright_holder': None}]"
Purppura,Sari Nordlund,1237816,https://www.ravelry.com/patterns/library/purppura,False,https://images4-a.ravelrycache.com/uploads/sophrscott/851875450/Purppura_SariNordlund_PomPom_Issue41_2022_DSC_4699_medium2.jpg,Knitting,"['unisex', 'adult', 'bobble-or-popcorn', 'eyelets', 'ballet-neck', 'elbow-sleeve', 'one-piece', 'short-rows', 'top-down', 'positive-ease', 'chart', 'written-pattern', 'in-the-round', 'schematic']",21.0,2.8,True,4.0, St st on 4mm needles after blocking,pullover,DK,15,4.857142857142857,"1 (2, 3, 4, 5, 6, 7, 8, 9)","[{'id': 112458727, 'sort_order': 1, 'user_id': 1611563, 'x_offset': 0, 'y_offset': -49, 'square_url': 'https://images4-f.ravelrycache.com/uploads/sophrscott/851875450/Purppura_SariNordlund_PomPom_Issue41_2022_DSC_4699_square.jpg', 'medium_url': 'https://images4-f.ravelrycache.com/uploads/sophrscott/851875450/Purppura_SariNordlund_PomPom_Issue41_2022_DSC_4699_medium.jpg', 'thumbnail_url': 'https://images4-g.ravelrycache.com/uploads/sophrscott/851875450/Purppura_SariNordlund_PomPom_Issue41_2022_DSC_4699_thumbnail.jpg', 'small_url': 'https://images4-g.ravelrycache.com/uploads/sophrscott/851875450/Purppura_SariNordlund_PomPom_Issue41_2022_DSC_4699_small_best_fit.jpg', 'flickr_url': None, 'shelved_url': 'https://images4-f.ravelrycache.com/uploads/sophrscott/851875450/Purppura_SariNordlund_PomPom_Issue41_2022_DSC_4699_shelved.jpg', 'medium2_url': 'https://images4-a.ravelrycache.com/uploads/sophrscott/851875450/Purppura_SariNordlund_PomPom_Issue41_2022_DSC_4699_medium2.jpg', 'small2_url': 'https://images4-f.ravelrycache.com/uploads/sophrscott/851875450/Purppura_SariNordlund_PomPom_Issue41_2022_DSC_4699_small2.jpg', 'caption': None, 'caption_html': None, 'copyright_holder': 'Laura Morsman'}, {'id': 112458728, 'sort_order': 2, 'user_id': 1611563, 'x_offset': 0, 'y_offset': -42, 'square_url': 'https://images4-g.ravelrycache.com/uploads/sophrscott/851875446/Purppura_SariNordlund_PomPom_Issue41_2022_DSC_4843_square.jpg', 'medium_url': 'https://images4-g.ravelrycache.com/uploads/sophrscott/851875446/Purppura_SariNordlund_PomPom_Issue41_2022_DSC_4843_medium.jpg', 'thumbnail_url': 'https://images4-f.ravelrycache.com/uploads/sophrscott/851875446/Purppura_SariNordlund_PomPom_Issue41_2022_DSC_4843_thumbnail.jpg', 'small_url': 'https://images4-f.ravelrycache.com/uploads/sophrscott/851875446/Purppura_SariNordlund_PomPom_Issue41_2022_DSC_4843_small_best_fit.jpg', 'flickr_url': None, 'shelved_url': 'https://images4-g.ravelrycache.com/uploads/sophrscott/851875446/Purppura_SariNordlund_PomPom_Issue41_2022_DSC_4843_shelved.jpg', 'medium2_url': 'https://images4-a.ravelrycache.com/uploads/sophrscott/851875446/Purppura_SariNordlund_PomPom_Issue41_2022_DSC_4843_medium2.jpg', 'small2_url': 'https://images4-g.ravelrycache.com/uploads/sophrscott/851875446/Purppura_SariNordlund_PomPom_Issue41_2022_DSC_4843_small2.jpg', 'caption': None, 'caption_html': None, 'copyright_holder': 'Laura Morsman'}, {'id': 112458729, 'sort_order': 3, 'user_id': 1611563, 'x_offset': -3, 'y_offset': -46, 'square_url': 'https://images4-f.ravelrycache.com/uploads/sophrscott/851875442/Purppura_SariNordlund_PomPom_Issue41_2022_DSC_4700_square.jpg', 'medium_url': 'https://images4-f.ravelrycache.com/uploads/sophrscott/851875442/Purppura_SariNordlund_PomPom_Issue41_2022_DSC_4700_medium.jpg', 'thumbnail_url': 'https://images4-g.ravelrycache.com/uploads/sophrscott/851875442/Purppura_SariNordlund_PomPom_Issue41_2022_DSC_4700_thumbnail.jpg', 'small_url': 'https://images4-g.ravelrycache.com/uploads/sophrscott/851875442/Purppura_SariNordlund_PomPom_Issue41_2022_DSC_4700_small_best_fit.jpg', 'flickr_url': None, 'shelved_url': 'https://images4-g.ravelrycache.com/uploads/sophrscott/851875442/Purppura_SariNordlund_PomPom_Issue41_2022_DSC_4700_shelved.jpg', 'medium2_url': 'https://images4-a.ravelrycache.com/uploads/sophrscott/851875442/Purppura_SariNordlund_PomPom_Issue41_2022_DSC_4700_medium2.jpg', 'small2_url': 'https://images4-f.ravelrycache.com/uploads/sophrscott/851875442/Purppura_SariNordlund_PomPom_Issue41_2022_DSC_4700_small2.jpg', 'caption': None, 'caption_html': None, 'copyright_holder': 'Laura Morsman'}, {'id': 112458730, 'sort_order': 4, 'user_id': 1611563, 'x_offset': 0, 'y_offset': -43, 'square_url': 'https://images4-f.ravelrycache.com/uploads/sophrscott/851875453/Purppura_SariNordlund_PomPom_Issue41_2022_DSC_6301_square.jpg', 'medium_url': 'https://images4-f.ravelrycache.com/uploads/sophrscott/851875453/Purppura_SariNordlund_PomPom_Issue41_2022_DSC_6301_medium.jpg', 'thumbnail_url': 'https://images4-g.ravelrycache.com/uploads/sophrscott/851875453/Purppura_SariNordlund_PomPom_Issue41_2022_DSC_6301_thumbnail.jpg', 'small_url': 'https://images4-f.ravelrycache.com/uploads/sophrscott/851875453/Purppura_SariNordlund_PomPom_Issue41_2022_DSC_6301_small_best_fit.jpg', 'flickr_url': None, 'shelved_url': 'https://images4-f.ravelrycache.com/uploads/sophrscott/851875453/Purppura_SariNordlund_PomPom_Issue41_2022_DSC_6301_shelved.jpg', 'medium2_url': 'https://images4-a.ravelrycache.com/uploads/sophrscott/851875453/Purppura_SariNordlund_PomPom_Issue41_2022_DSC_6301_medium2.jpg', 'small2_url': 'https://images4-f.ravelrycache.com/uploads/sophrscott/851875453/Purppura_SariNordlund_PomPom_Issue41_2022_DSC_6301_small2.jpg', 'caption': None, 'caption_html': None, 'copyright_holder': 'Laura Morsman'}, {'id': 112458731, 'sort_order': 5, 'user_id': 1611563, 'x_offset': -1, 'y_offset': -35, 'square_url': 'https://images4-f.ravelrycache.com/uploads/sophrscott/851875470/Purppura_SariNordlund_PomPom_Issue41_2022_DSC_6285_square.jpg', 'medium_url': 'https://images4-f.ravelrycache.com/uploads/sophrscott/851875470/Purppura_SariNordlund_PomPom_Issue41_2022_DSC_6285_medium.jpg', 'thumbnail_url': 'https://images4-g.ravelrycache.com/uploads/sophrscott/851875470/Purppura_SariNordlund_PomPom_Issue41_2022_DSC_6285_thumbnail.jpg', 'small_url': 'https://images4-g.ravelrycache.com/uploads/sophrscott/851875470/Purppura_SariNordlund_PomPom_Issue41_2022_DSC_6285_small.jpg', 'flickr_url': None, 'shelved_url': 'https://images4-f.ravelrycache.com/uploads/sophrscott/851875470/Purppura_SariNordlund_PomPom_Issue41_2022_DSC_6285_shelved.jpg', 'medium2_url': 'https://images4-a.ravelrycache.com/uploads/sophrscott/851875470/Purppura_SariNordlund_PomPom_Issue41_2022_DSC_6285_medium2.jpg', 'small2_url': 'https://images4-f.ravelrycache.com/uploads/sophrscott/851875470/Purppura_SariNordlund_PomPom_Issue41_2022_DSC_6285_small2.jpg', 'caption': None, 'caption_html': None, 'copyright_holder': 'Laura Morsman'}, {'id': 112458732, 'sort_order': 6, 'user_id': 1611563, 'x_offset': -37, 'y_offset': 0, 'square_url': 'https://images4-f.ravelrycache.com/uploads/sophrscott/851875530/Purppura_SariNordlund_PomPom_Issue41_2022_DSC_6267_square.jpg', 'medium_url': 'https://images4-f.ravelrycache.com/uploads/sophrscott/851875530/Purppura_SariNordlund_PomPom_Issue41_2022_DSC_6267_medium.jpg', 'thumbnail_url': 'https://images4-g.ravelrycache.com/uploads/sophrscott/851875530/Purppura_SariNordlund_PomPom_Issue41_2022_DSC_6267_thumbnail.jpg', 'small_url': 'https://images4-f.ravelrycache.com/uploads/sophrscott/851875530/Purppura_SariNordlund_PomPom_Issue41_2022_DSC_6267_small_best_fit.jpg', 'flickr_url': None, 'shelved_url': 'https://images4-f.ravelrycache.com/uploads/sophrscott/851875530/Purppura_SariNordlund_PomPom_Issue41_2022_DSC_6267_shelved.jpg', 'medium2_url': 'https://images4-a.ravelrycache.com/uploads/sophrscott/851875530/Purppura_SariNordlund_PomPom_Issue41_2022_DSC_6267_medium2.jpg', 'small2_url': 'https://images4-f.ravelrycache.com/uploads/sophrscott/851875530/Purppura_SariNordlund_PomPom_Issue41_2022_DSC_6267_small2.jpg', 'caption': None, 'caption_html': None, 'copyright_holder': 'Laura Morsman'}, {'id': 112458733, 'sort_order': 7, 'user_id': 1611563, 'x_offset': -1, 'y_offset': -35, 'square_url': 'https://images4-g.ravelrycache.com/uploads/sophrscott/851875519/Purppura_SariNordlund_PomPom_Issue41_2022_DSC_6267-2_square.jpg', 'medium_url': 'https://images4-g.ravelrycache.com/uploads/sophrscott/851875519/Purppura_SariNordlund_PomPom_Issue41_2022_DSC_6267-2_medium.jpg', 'thumbnail_url': 'https://images4-f.ravelrycache.com/uploads/sophrscott/851875519/Purppura_SariNordlund_PomPom_Issue41_2022_DSC_6267-2_thumbnail.jpg', 'small_url': 'https://images4-g.ravelrycache.com/uploads/sophrscott/851875519/Purppura_SariNordlund_PomPom_Issue41_2022_DSC_6267-2_small.jpg', 'flickr_url': None, 'shelved_url': 'https://images4-f.ravelrycache.com/uploads/sophrscott/851875519/Purppura_SariNordlund_PomPom_Issue41_2022_DSC_6267-2_shelved.jpg', 'medium2_url': 'https://images4-a.ravelrycache.com/uploads/sophrscott/851875519/Purppura_SariNordlund_PomPom_Issue41_2022_DSC_6267-2_medium2.jpg', 'small2_url': 'https://images4-g.ravelrycache.com/uploads/sophrscott/851875519/Purppura_SariNordlund_PomPom_Issue41_2022_DSC_6267-2_small2.jpg', 'caption': None, 'caption_html': None, 'copyright_holder': 'Laura Morsman'}, {'id': 112458734, 'sort_order': 8, 'user_id': 1611563, 'x_offset': 0, 'y_offset': -40, 'square_url': 'https://images4-g.ravelrycache.com/uploads/sophrscott/851875433/Purppura_SariNordlund_PomPom_Issue41_2022_DSC_6243_square.jpg', 'medium_url': 'https://images4-g.ravelrycache.com/uploads/sophrscott/851875433/Purppura_SariNordlund_PomPom_Issue41_2022_DSC_6243_medium.jpg', 'thumbnail_url': 'https://images4-g.ravelrycache.com/uploads/sophrscott/851875433/Purppura_SariNordlund_PomPom_Issue41_2022_DSC_6243_thumbnail.jpg', 'small_url': 'https://images4-g.ravelrycache.com/uploads/sophrscott/851875433/Purppura_SariNordlund_PomPom_Issue41_2022_DSC_6243_small_best_fit.jpg', 'flickr_url': None, 'shelved_url': 'https://images4-g.ravelrycache.com/uploads/sophrscott/851875433/Purppura_SariNordlund_PomPom_Issue41_2022_DSC_6243_shelved.jpg', 'medium2_url': 'https://images4-a.ravelrycache.com/uploads/sophrscott/851875433/Purppura_SariNordlund_PomPom_Issue41_2022_DSC_6243_medium2.jpg', 'small2_url': 'https://images4-g.ravelrycache.com/uploads/sophrscott/851875433/Purppura_SariNordlund_PomPom_Issue41_2022_DSC_6243_small2.jpg', 'caption': None, 'caption_html': None, 'copyright_holder': 'Laura Morsman'}, {'id': 112458735, 'sort_order': 9, 'user_id': 1611563, 'x_offset': 1, 'y_offset': -37, 'square_url': 'https://images4-f.ravelrycache.com/uploads/sophrscott/851875435/Purppura_SariNordlund_PomPom_Issue41_2022_DSC_6243-2_square.jpg', 'medium_url': 'https://images4-f.ravelrycache.com/uploads/sophrscott/851875435/Purppura_SariNordlund_PomPom_Issue41_2022_DSC_6243-2_medium.jpg', 'thumbnail_url': 'https://images4-g.ravelrycache.com/uploads/sophrscott/851875435/Purppura_SariNordlund_PomPom_Issue41_2022_DSC_6243-2_thumbnail.jpg', 'small_url': 'https://images4-g.ravelrycache.com/uploads/sophrscott/851875435/Purppura_SariNordlund_PomPom_Issue41_2022_DSC_6243-2_small_best_fit.jpg', 'flickr_url': None, 'shelved_url': 'https://images4-g.ravelrycache.com/uploads/sophrscott/851875435/Purppura_SariNordlund_PomPom_Issue41_2022_DSC_6243-2_shelved.jpg', 'medium2_url': 'https://images4-a.ravelrycache.com/uploads/sophrscott/851875435/Purppura_SariNordlund_PomPom_Issue41_2022_DSC_6243-2_medium2.jpg', 'small2_url': 'https://images4-f.ravelrycache.com/uploads/sophrscott/851875435/Purppura_SariNordlund_PomPom_Issue41_2022_DSC_6243-2_small2.jpg', 'caption': None, 'caption_html': None, 'copyright_holder': 'Laura Morsman'}, {'id': 112458736, 'sort_order': 10, 'user_id': 1611563, 'x_offset': -2, 'y_offset': -64, 'square_url': 'https://images4-f.ravelrycache.com/uploads/sophrscott/851875447/Purppura_SariNordlund_PomPom_Issue41_2022_DSC_4892_square.jpg', 'medium_url': 'https://images4-f.ravelrycache.com/uploads/sophrscott/851875447/Purppura_SariNordlund_PomPom_Issue41_2022_DSC_4892_medium.jpg', 'thumbnail_url': 'https://images4-g.ravelrycache.com/uploads/sophrscott/851875447/Purppura_SariNordlund_PomPom_Issue41_2022_DSC_4892_thumbnail.jpg', 'small_url': 'https://images4-g.ravelrycache.com/uploads/sophrscott/851875447/Purppura_SariNordlund_PomPom_Issue41_2022_DSC_4892_small_best_fit.jpg', 'flickr_url': None, 'shelved_url': 'https://images4-g.ravelrycache.com/uploads/sophrscott/851875447/Purppura_SariNordlund_PomPom_Issue41_2022_DSC_4892_shelved.jpg', 'medium2_url': 'https://images4-a.ravelrycache.com/uploads/sophrscott/851875447/Purppura_SariNordlund_PomPom_Issue41_2022_DSC_4892_medium2.jpg', 'small2_url': 'https://images4-f.ravelrycache.com/uploads/sophrscott/851875447/Purppura_SariNordlund_PomPom_Issue41_2022_DSC_4892_small2.jpg', 'caption': None, 'caption_html': None, 'copyright_holder': 'Laura Morsman'}, {'id': 112458737, 'sort_order': 11, 'user_id': 1611563, 'x_offset': -1, 'y_offset': -35, 'square_url': 'https://images4-g.ravelrycache.com/uploads/sophrscott/851875484/Purppura_SariNordlund_PomPom_Issue41_2022_DSC_9205_square.jpg', 'medium_url': 'https://images4-g.ravelrycache.com/uploads/sophrscott/851875484/Purppura_SariNordlund_PomPom_Issue41_2022_DSC_9205_medium.jpg', 'thumbnail_url': 'https://images4-f.ravelrycache.com/uploads/sophrscott/851875484/Purppura_SariNordlund_PomPom_Issue41_2022_DSC_9205_thumbnail.jpg', 'small_url': 'https://images4-f.ravelrycache.com/uploads/sophrscott/851875484/Purppura_SariNordlund_PomPom_Issue41_2022_DSC_9205_small.jpg', 'flickr_url': None, 'shelved_url': 'https://images4-g.ravelrycache.com/uploads/sophrscott/851875484/Purppura_SariNordlund_PomPom_Issue41_2022_DSC_9205_shelved.jpg', 'medium2_url': 'https://images4-a.ravelrycache.com/uploads/sophrscott/851875484/Purppura_SariNordlund_PomPom_Issue41_2022_DSC_9205_medium2.jpg', 'small2_url': 'https://images4-g.ravelrycache.com/uploads/sophrscott/851875484/Purppura_SariNordlund_PomPom_Issue41_2022_DSC_9205_small2.jpg', 'caption': None, 'caption_html': None, 'copyright_holder': 'Laura Morsman'}, {'id': 112458738, 'sort_order': 12, 'user_id': 1611563, 'x_offset': -1, 'y_offset': -35, 'square_url': 'https://images4-g.ravelrycache.com/uploads/sophrscott/851875464/Purppura_SariNordlund_PomPom_Issue41_2022_DSC_9151_square.jpg', 'medium_url': 'https://images4-g.ravelrycache.com/uploads/sophrscott/851875464/Purppura_SariNordlund_PomPom_Issue41_2022_DSC_9151_medium.jpg', 'thumbnail_url': 'https://images4-g.ravelrycache.com/uploads/sophrscott/851875464/Purppura_SariNordlund_PomPom_Issue41_2022_DSC_9151_thumbnail.jpg', 'small_url': 'https://images4-g.ravelrycache.com/uploads/sophrscott/851875464/Purppura_SariNordlund_PomPom_Issue41_2022_DSC_9151_small.jpg', 'flickr_url': None, 'shelved_url': 'https://images4-f.ravelrycache.com/uploads/sophrscott/851875464/Purppura_SariNordlund_PomPom_Issue41_2022_DSC_9151_shelved.jpg', 'medium2_url': 'https://images4-a.ravelrycache.com/uploads/sophrscott/851875464/Purppura_SariNordlund_PomPom_Issue41_2022_DSC_9151_medium2.jpg', 'small2_url': 'https://images4-g.ravelrycache.com/uploads/sophrscott/851875464/Purppura_SariNordlund_PomPom_Issue41_2022_DSC_9151_small2.jpg', 'caption': None, 'caption_html': None, 'copyright_holder': 'Laura Morsman'}, {'id': 112458739, 'sort_order': 13, 'user_id': 1611563, 'x_offset': -1, 'y_offset': -35, 'square_url': 'https://images4-g.ravelrycache.com/uploads/sophrscott/851875443/Purppura_SariNordlund_PomPom_Issue41_2022_DSC_4828_square.jpg', 'medium_url': 'https://images4-g.ravelrycache.com/uploads/sophrscott/851875443/Purppura_SariNordlund_PomPom_Issue41_2022_DSC_4828_medium.jpg', 'thumbnail_url': 'https://images4-f.ravelrycache.com/uploads/sophrscott/851875443/Purppura_SariNordlund_PomPom_Issue41_2022_DSC_4828_thumbnail.jpg', 'small_url': 'https://images4-f.ravelrycache.com/uploads/sophrscott/851875443/Purppura_SariNordlund_PomPom_Issue41_2022_DSC_4828_small.jpg', 'flickr_url': None, 'shelved_url': 'https://images4-g.ravelrycache.com/uploads/sophrscott/851875443/Purppura_SariNordlund_PomPom_Issue41_2022_DSC_4828_shelved.jpg', 'medium2_url': 'https://images4-a.ravelrycache.com/uploads/sophrscott/851875443/Purppura_SariNordlund_PomPom_Issue41_2022_DSC_4828_medium2.jpg', 'small2_url': 'https://images4-g.ravelrycache.com/uploads/sophrscott/851875443/Purppura_SariNordlund_PomPom_Issue41_2022_DSC_4828_small2.jpg', 'caption': None, 'caption_html': None, 'copyright_holder': 'Laura Morsman'}, {'id': 112458740, 'sort_order': 14, 'user_id': 1611563, 'x_offset': -39, 'y_offset': 0, 'square_url': 'https://images4-f.ravelrycache.com/uploads/sophrscott/851875431/Purppura_SariNordlund_PomPom_Issue41_2022_DSC_4740_square.jpg', 'medium_url': 'https://images4-f.ravelrycache.com/uploads/sophrscott/851875431/Purppura_SariNordlund_PomPom_Issue41_2022_DSC_4740_medium.jpg', 'thumbnail_url': 'https://images4-g.ravelrycache.com/uploads/sophrscott/851875431/Purppura_SariNordlund_PomPom_Issue41_2022_DSC_4740_thumbnail.jpg', 'small_url': 'https://images4-g.ravelrycache.com/uploads/sophrscott/851875431/Purppura_SariNordlund_PomPom_Issue41_2022_DSC_4740_small_best_fit.jpg', 'flickr_url': None, 'shelved_url': 'https://images4-f.ravelrycache.com/uploads/sophrscott/851875431/Purppura_SariNordlund_PomPom_Issue41_2022_DSC_4740_shelved.jpg', 'medium2_url': 'https://images4-a.ravelrycache.com/uploads/sophrscott/851875431/Purppura_SariNordlund_PomPom_Issue41_2022_DSC_4740_medium2.jpg', 'small2_url': 'https://images4-f.ravelrycache.com/uploads/sophrscott/851875431/Purppura_SariNordlund_PomPom_Issue41_2022_DSC_4740_small2.jpg', 'caption': None, 'caption_html': None, 'copyright_holder': 'Laura Morsman'}, {'id': 112458741, 'sort_order': 15, 'user_id': 1611563, 'x_offset': -4, 'y_offset': -35, 'square_url': 'https://images4-f.ravelrycache.com/uploads/sophrscott/851875444/Purppura_SariNordlund_PomPom_Issue41_2022_DSC_4740-2_square.jpg', 'medium_url': 'https://images4-f.ravelrycache.com/uploads/sophrscott/851875444/Purppura_SariNordlund_PomPom_Issue41_2022_DSC_4740-2_medium.jpg', 'thumbnail_url': 'https://images4-g.ravelrycache.com/uploads/sophrscott/851875444/Purppura_SariNordlund_PomPom_Issue41_2022_DSC_4740-2_thumbnail.jpg', 'small_url': 'https://images4-f.ravelrycache.com/uploads/sophrscott/851875444/Purppura_SariNordlund_PomPom_Issue41_2022_DSC_4740-2_small.jpg', 'flickr_url': None, 'shelved_url': 'https://images4-g.ravelrycache.com/uploads/sophrscott/851875444/Purppura_SariNordlund_PomPom_Issue41_2022_DSC_4740-2_shelved.jpg', 'medium2_url': 'https://images4-a.ravelrycache.com/uploads/sophrscott/851875444/Purppura_SariNordlund_PomPom_Issue41_2022_DSC_4740-2_medium2.jpg', 'small2_url': 'https://images4-f.ravelrycache.com/uploads/sophrscott/851875444/Purppura_SariNordlund_PomPom_Issue41_2022_DSC_4740-2_small2.jpg', 'caption': None, 'caption_html': None, 'copyright_holder': 'Laura Morsman'}, {'id': 112458742, 'sort_order': 16, 'user_id': 1611563, 'x_offset': 0, 'y_offset': -41, 'square_url': 'https://images4-f.ravelrycache.com/uploads/sophrscott/851875441/Purppura_SariNordlund_PomPom_Issue41_2022_DSC_4678_square.jpg', 'medium_url': 'https://images4-f.ravelrycache.com/uploads/sophrscott/851875441/Purppura_SariNordlund_PomPom_Issue41_2022_DSC_4678_medium.jpg', 'thumbnail_url': 'https://images4-g.ravelrycache.com/uploads/sophrscott/851875441/Purppura_SariNordlund_PomPom_Issue41_2022_DSC_4678_thumbnail.jpg', 'small_url': 'https://images4-g.ravelrycache.com/uploads/sophrscott/851875441/Purppura_SariNordlund_PomPom_Issue41_2022_DSC_4678_small_best_fit.jpg', 'flickr_url': None, 'shelved_url': 'https://images4-g.ravelrycache.com/uploads/sophrscott/851875441/Purppura_SariNordlund_PomPom_Issue41_2022_DSC_4678_shelved.jpg', 'medium2_url': 'https://images4-a.ravelrycache.com/uploads/sophrscott/851875441/Purppura_SariNordlund_PomPom_Issue41_2022_DSC_4678_medium2.jpg', 'small2_url': 'https://images4-f.ravelrycache.com/uploads/sophrscott/851875441/Purppura_SariNordlund_PomPom_Issue41_2022_DSC_4678_small2.jpg', 'caption': None, 'caption_html': None, 'copyright_holder': 'Laura Morsman'}, {'id': 112458743, 'sort_order': 17, 'user_id': 1611563, 'x_offset': -2, 'y_offset': -35, 'square_url': 'https://images4-f.ravelrycache.com/uploads/sophrscott/851875451/Purppura_SariNordlund_PomPom_Issue41_2022_DSC_4678-2_square.jpg', 'medium_url': 'https://images4-f.ravelrycache.com/uploads/sophrscott/851875451/Purppura_SariNordlund_PomPom_Issue41_2022_DSC_4678-2_medium.jpg', 'thumbnail_url': 'https://images4-g.ravelrycache.com/uploads/sophrscott/851875451/Purppura_SariNordlund_PomPom_Issue41_2022_DSC_4678-2_thumbnail.jpg', 'small_url': 'https://images4-g.ravelrycache.com/uploads/sophrscott/851875451/Purppura_SariNordlund_PomPom_Issue41_2022_DSC_4678-2_small.jpg', 'flickr_url': None, 'shelved_url': 'https://images4-g.ravelrycache.com/uploads/sophrscott/851875451/Purppura_SariNordlund_PomPom_Issue41_2022_DSC_4678-2_shelved.jpg', 'medium2_url': 'https://images4-a.ravelrycache.com/uploads/sophrscott/851875451/Purppura_SariNordlund_PomPom_Issue41_2022_DSC_4678-2_medium2.jpg', 'small2_url': 'https://images4-f.ravelrycache.com/uploads/sophrscott/851875451/Purppura_SariNordlund_PomPom_Issue41_2022_DSC_4678-2_small2.jpg', 'caption': None, 'caption_html': None, 'copyright_holder': 'Laura Morsman'}, {'id': 112458744, 'sort_order': 18, 'user_id': 1611563, 'x_offset': 0, 'y_offset': -42, 'square_url': 'https://images4-g.ravelrycache.com/uploads/sophrscott/851875436/Purppura_SariNordlund_PomPom_Issue41_2022_DSC_4671_square.jpg', 'medium_url': 'https://images4-g.ravelrycache.com/uploads/sophrscott/851875436/Purppura_SariNordlund_PomPom_Issue41_2022_DSC_4671_medium.jpg', 'thumbnail_url': 'https://images4-f.ravelrycache.com/uploads/sophrscott/851875436/Purppura_SariNordlund_PomPom_Issue41_2022_DSC_4671_thumbnail.jpg', 'small_url': 'https://images4-g.ravelrycache.com/uploads/sophrscott/851875436/Purppura_SariNordlund_PomPom_Issue41_2022_DSC_4671_small_best_fit.jpg', 'flickr_url': None, 'shelved_url': 'https://images4-f.ravelrycache.com/uploads/sophrscott/851875436/Purppura_SariNordlund_PomPom_Issue41_2022_DSC_4671_shelved.jpg', 'medium2_url': 'https://images4-a.ravelrycache.com/uploads/sophrscott/851875436/Purppura_SariNordlund_PomPom_Issue41_2022_DSC_4671_medium2.jpg', 'small2_url': 'https://images4-g.ravelrycache.com/uploads/sophrscott/851875436/Purppura_SariNordlund_PomPom_Issue41_2022_DSC_4671_small2.jpg', 'caption': None, 'caption_html': None, 'copyright_holder': 'Laura Morsman'}, {'id': 112458745, 'sort_order': 19, 'user_id': 1611563, 'x_offset': 0, 'y_offset': -43, 'square_url': 'https://images4-g.ravelrycache.com/uploads/sophrscott/851875438/Purppura_SariNordlund_PomPom_Issue41_2022_DSC_4622_square.jpg', 'medium_url': 'https://images4-g.ravelrycache.com/uploads/sophrscott/851875438/Purppura_SariNordlund_PomPom_Issue41_2022_DSC_4622_medium.jpg', 'thumbnail_url': 'https://images4-f.ravelrycache.com/uploads/sophrscott/851875438/Purppura_SariNordlund_PomPom_Issue41_2022_DSC_4622_thumbnail.jpg', 'small_url': 'https://images4-f.ravelrycache.com/uploads/sophrscott/851875438/Purppura_SariNordlund_PomPom_Issue41_2022_DSC_4622_small_best_fit.jpg', 'flickr_url': None, 'shelved_url': 'https://images4-g.ravelrycache.com/uploads/sophrscott/851875438/Purppura_SariNordlund_PomPom_Issue41_2022_DSC_4622_shelved.jpg', 'medium2_url': 'https://images4-a.ravelrycache.com/uploads/sophrscott/851875438/Purppura_SariNordlund_PomPom_Issue41_2022_DSC_4622_medium2.jpg', 'small2_url': 'https://images4-g.ravelrycache.com/uploads/sophrscott/851875438/Purppura_SariNordlund_PomPom_Issue41_2022_DSC_4622_small2.jpg', 'caption': None, 'caption_html': None, 'copyright_holder': 'Laura Morsman'}, {'id': 112458746, 'sort_order': 20, 'user_id': 1611563, 'x_offset': -35, 'y_offset': -4, 'square_url': 'https://images4-g.ravelrycache.com/uploads/sophrscott/851875434/Purppura_SariNordlund_PomPom_Issue41_2022_DSC_4592_square.jpg', 'medium_url': 'https://images4-g.ravelrycache.com/uploads/sophrscott/851875434/Purppura_SariNordlund_PomPom_Issue41_2022_DSC_4592_medium.jpg', 'thumbnail_url': 'https://images4-f.ravelrycache.com/uploads/sophrscott/851875434/Purppura_SariNordlund_PomPom_Issue41_2022_DSC_4592_thumbnail.jpg', 'small_url': 'https://images4-f.ravelrycache.com/uploads/sophrscott/851875434/Purppura_SariNordlund_PomPom_Issue41_2022_DSC_4592_small.jpg', 'flickr_url': None, 'shelved_url': 'https://images4-f.ravelrycache.com/uploads/sophrscott/851875434/Purppura_SariNordlund_PomPom_Issue41_2022_DSC_4592_shelved.jpg', 'medium2_url': 'https://images4-a.ravelrycache.com/uploads/sophrscott/851875434/Purppura_SariNordlund_PomPom_Issue41_2022_DSC_4592_medium2.jpg', 'small2_url': 'https://images4-g.ravelrycache.com/uploads/sophrscott/851875434/Purppura_SariNordlund_PomPom_Issue41_2022_DSC_4592_small2.jpg', 'caption': None, 'caption_html': None, 'copyright_holder': 'Laura Morsman'}, {'id': 112458747, 'sort_order': 21, 'user_id': 1611563, 'x_offset': 0, 'y_offset': -37, 'square_url': 'https://images4-g.ravelrycache.com/uploads/sophrscott/851875462/Purppura_SariNordlund_PomPom_Issue41_2022_DSC_4589_square.jpg', 'medium_url': 'https://images4-g.ravelrycache.com/uploads/sophrscott/851875462/Purppura_SariNordlund_PomPom_Issue41_2022_DSC_4589_medium.jpg', 'thumbnail_url': 'https://images4-f.ravelrycache.com/uploads/sophrscott/851875462/Purppura_SariNordlund_PomPom_Issue41_2022_DSC_4589_thumbnail.jpg', 'small_url': 'https://images4-f.ravelrycache.com/uploads/sophrscott/851875462/Purppura_SariNordlund_PomPom_Issue41_2022_DSC_4589_small_best_fit.jpg', 'flickr_url': None, 'shelved_url': 'https://images4-f.ravelrycache.com/uploads/sophrscott/851875462/Purppura_SariNordlund_PomPom_Issue41_2022_DSC_4589_shelved.jpg', 'medium2_url': 'https://images4-a.ravelrycache.com/uploads/sophrscott/851875462/Purppura_SariNordlund_PomPom_Issue41_2022_DSC_4589_medium2.jpg', 'small2_url': 'https://images4-g.ravelrycache.com/uploads/sophrscott/851875462/Purppura_SariNordlund_PomPom_Issue41_2022_DSC_4589_small2.jpg', 'caption': None, 'caption_html': None, 'copyright_holder': 'Laura Morsman'}, {'id': 112458748, 'sort_order': 22, 'user_id': 1611563, 'x_offset': 0, 'y_offset': -43, 'square_url': 'https://images4-g.ravelrycache.com/uploads/sophrscott/851875430/Purppura_SariNordlund_PomPom_Issue41_2022_DSC_4557_square.jpg', 'medium_url': 'https://images4-g.ravelrycache.com/uploads/sophrscott/851875430/Purppura_SariNordlund_PomPom_Issue41_2022_DSC_4557_medium.jpg', 'thumbnail_url': 'https://images4-g.ravelrycache.com/uploads/sophrscott/851875430/Purppura_SariNordlund_PomPom_Issue41_2022_DSC_4557_thumbnail.jpg', 'small_url': 'https://images4-g.ravelrycache.com/uploads/sophrscott/851875430/Purppura_SariNordlund_PomPom_Issue41_2022_DSC_4557_small_best_fit.jpg', 'flickr_url': None, 'shelved_url': 'https://images4-g.ravelrycache.com/uploads/sophrscott/851875430/Purppura_SariNordlund_PomPom_Issue41_2022_DSC_4557_shelved.jpg', 'medium2_url': 'https://images4-a.ravelrycache.com/uploads/sophrscott/851875430/Purppura_SariNordlund_PomPom_Issue41_2022_DSC_4557_medium2.jpg', 'small2_url': 'https://images4-g.ravelrycache.com/uploads/sophrscott/851875430/Purppura_SariNordlund_PomPom_Issue41_2022_DSC_4557_small2.jpg', 'caption': None, 'caption_html': None, 'copyright_holder': 'Laura Morsman'}, {'id': 112458749, 'sort_order': 23, 'user_id': 1611563, 'x_offset': 0, 'y_offset': -46, 'square_url': 'https://images4-f.ravelrycache.com/uploads/sophrscott/851875452/Purppura_SariNordlund_PomPom_Issue41_2022_DSC_4544_square.jpg', 'medium_url': 'https://images4-f.ravelrycache.com/uploads/sophrscott/851875452/Purppura_SariNordlund_PomPom_Issue41_2022_DSC_4544_medium.jpg', 'thumbnail_url': 'https://images4-g.ravelrycache.com/uploads/sophrscott/851875452/Purppura_SariNordlund_PomPom_Issue41_2022_DSC_4544_thumbnail.jpg', 'small_url': 'https://images4-f.ravelrycache.com/uploads/sophrscott/851875452/Purppura_SariNordlund_PomPom_Issue41_2022_DSC_4544_small_best_fit.jpg', 'flickr_url': None, 'shelved_url': 'https://images4-f.ravelrycache.com/uploads/sophrscott/851875452/Purppura_SariNordlund_PomPom_Issue41_2022_DSC_4544_shelved.jpg', 'medium2_url': 'https://images4-a.ravelrycache.com/uploads/sophrscott/851875452/Purppura_SariNordlund_PomPom_Issue41_2022_DSC_4544_medium2.jpg', 'small2_url': 'https://images4-f.ravelrycache.com/uploads/sophrscott/851875452/Purppura_SariNordlund_PomPom_Issue41_2022_DSC_4544_small2.jpg', 'caption': None, 'caption_html': None, 'copyright_holder': 'Laura Morsman'}, {'id': 112458750, 'sort_order': 24, 'user_id': 1611563, 'x_offset': 0, 'y_offset': -37, 'square_url': 'https://images4-f.ravelrycache.com/uploads/sophrscott/851875445/Purppura_SariNordlund_PomPom_Issue41_2022_DSC_4533_square.jpg', 'medium_url': 'https://images4-f.ravelrycache.com/uploads/sophrscott/851875445/Purppura_SariNordlund_PomPom_Issue41_2022_DSC_4533_medium.jpg', 'thumbnail_url': 'https://images4-g.ravelrycache.com/uploads/sophrscott/851875445/Purppura_SariNordlund_PomPom_Issue41_2022_DSC_4533_thumbnail.jpg', 'small_url': 'https://images4-f.ravelrycache.com/uploads/sophrscott/851875445/Purppura_SariNordlund_PomPom_Issue41_2022_DSC_4533_small_best_fit.jpg', 'flickr_url': None, 'shelved_url': 'https://images4-f.ravelrycache.com/uploads/sophrscott/851875445/Purppura_SariNordlund_PomPom_Issue41_2022_DSC_4533_shelved.jpg', 'medium2_url': 'https://images4-a.ravelrycache.com/uploads/sophrscott/851875445/Purppura_SariNordlund_PomPom_Issue41_2022_DSC_4533_medium2.jpg', 'small2_url': 'https://images4-f.ravelrycache.com/uploads/sophrscott/851875445/Purppura_SariNordlund_PomPom_Issue41_2022_DSC_4533_small2.jpg', 'caption': None, 'caption_html': None, 'copyright_holder': 'Laura Morsman'}, {'id': 112458751, 'sort_order': 25, 'user_id': 1611563, 'x_offset': -3, 'y_offset': -35, 'square_url': 'https://images4-g.ravelrycache.com/uploads/sophrscott/851875439/Purppura_SariNordlund_PomPom_Issue41_2022_DSC_4524_square.jpg', 'medium_url': 'https://images4-g.ravelrycache.com/uploads/sophrscott/851875439/Purppura_SariNordlund_PomPom_Issue41_2022_DSC_4524_medium.jpg', 'thumbnail_url': 'https://images4-g.ravelrycache.com/uploads/sophrscott/851875439/Purppura_SariNordlund_PomPom_Issue41_2022_DSC_4524_thumbnail.jpg', 'small_url': 'https://images4-f.ravelrycache.com/uploads/sophrscott/851875439/Purppura_SariNordlund_PomPom_Issue41_2022_DSC_4524_small.jpg', 'flickr_url': None, 'shelved_url': 'https://images4-f.ravelrycache.com/uploads/sophrscott/851875439/Purppura_SariNordlund_PomPom_Issue41_2022_DSC_4524_shelved.jpg', 'medium2_url': 'https://images4-a.ravelrycache.com/uploads/sophrscott/851875439/Purppura_SariNordlund_PomPom_Issue41_2022_DSC_4524_medium2.jpg', 'small2_url': 'https://images4-g.ravelrycache.com/uploads/sophrscott/851875439/Purppura_SariNordlund_PomPom_Issue41_2022_DSC_4524_small2.jpg', 'caption': None, 'caption_html': None, 'copyright_holder': 'Laura Morsman'}, {'id': 112458752, 'sort_order': 26, 'user_id': 1611563, 'x_offset': 0, 'y_offset': -40, 'square_url': 'https://images4-f.ravelrycache.com/uploads/sophrscott/851875437/Purppura_SariNordlund_PomPom_Issue41_2022_DSC_4509_square.jpg', 'medium_url': 'https://images4-f.ravelrycache.com/uploads/sophrscott/851875437/Purppura_SariNordlund_PomPom_Issue41_2022_DSC_4509_medium.jpg', 'thumbnail_url': 'https://images4-g.ravelrycache.com/uploads/sophrscott/851875437/Purppura_SariNordlund_PomPom_Issue41_2022_DSC_4509_thumbnail.jpg', 'small_url': 'https://images4-g.ravelrycache.com/uploads/sophrscott/851875437/Purppura_SariNordlund_PomPom_Issue41_2022_DSC_4509_small_best_fit.jpg', 'flickr_url': None, 'shelved_url': 'https://images4-g.ravelrycache.com/uploads/sophrscott/851875437/Purppura_SariNordlund_PomPom_Issue41_2022_DSC_4509_shelved.jpg', 'medium2_url': 'https://images4-a.ravelrycache.com/uploads/sophrscott/851875437/Purppura_SariNordlund_PomPom_Issue41_2022_DSC_4509_medium2.jpg', 'small2_url': 'https://images4-f.ravelrycache.com/uploads/sophrscott/851875437/Purppura_SariNordlund_PomPom_Issue41_2022_DSC_4509_small2.jpg', 'caption': None, 'caption_html': None, 'copyright_holder': 'Laura Morsman'}, {'id': 112458753, 'sort_order': 27, 'user_id': 1611563, 'x_offset': 0, 'y_offset': -45, 'square_url': 'https://images4-f.ravelrycache.com/uploads/sophrscott/851875432/Purppura_SariNordlund_PomPom_Issue41_2022_DSC_4491_square.jpg', 'medium_url': 'https://images4-f.ravelrycache.com/uploads/sophrscott/851875432/Purppura_SariNordlund_PomPom_Issue41_2022_DSC_4491_medium.jpg', 'thumbnail_url': 'https://images4-g.ravelrycache.com/uploads/sophrscott/851875432/Purppura_SariNordlund_PomPom_Issue41_2022_DSC_4491_thumbnail.jpg', 'small_url': 'https://images4-g.ravelrycache.com/uploads/sophrscott/851875432/Purppura_SariNordlund_PomPom_Issue41_2022_DSC_4491_small_best_fit.jpg', 'flickr_url': None, 'shelved_url': 'https://images4-g.ravelrycache.com/uploads/sophrscott/851875432/Purppura_SariNordlund_PomPom_Issue41_2022_DSC_4491_shelved.jpg', 'medium2_url': 'https://images4-a.ravelrycache.com/uploads/sophrscott/851875432/Purppura_SariNordlund_PomPom_Issue41_2022_DSC_4491_medium2.jpg', 'small2_url': 'https://images4-f.ravelrycache.com/uploads/sophrscott/851875432/Purppura_SariNordlund_PomPom_Issue41_2022_DSC_4491_small2.jpg', 'caption': None, 'caption_html': None, 'copyright_holder': 'Laura Morsman'}, {'id': 112458754, 'sort_order': 28, 'user_id': 1611563, 'x_offset': -1, 'y_offset': -35, 'square_url': 'https://images4-f.ravelrycache.com/uploads/sophrscott/851875440/Purppura_SariNordlund_PomPom_Issue41_2022_DSC_4491-2_square.jpg', 'medium_url': 'https://images4-f.ravelrycache.com/uploads/sophrscott/851875440/Purppura_SariNordlund_PomPom_Issue41_2022_DSC_4491-2_medium.jpg', 'thumbnail_url': 'https://images4-g.ravelrycache.com/uploads/sophrscott/851875440/Purppura_SariNordlund_PomPom_Issue41_2022_DSC_4491-2_thumbnail.jpg', 'small_url': 'https://images4-g.ravelrycache.com/uploads/sophrscott/851875440/Purppura_SariNordlund_PomPom_Issue41_2022_DSC_4491-2_small.jpg', 'flickr_url': None, 'shelved_url': 'https://images4-g.ravelrycache.com/uploads/sophrscott/851875440/Purppura_SariNordlund_PomPom_Issue41_2022_DSC_4491-2_shelved.jpg', 'medium2_url': 'https://images4-a.ravelrycache.com/uploads/sophrscott/851875440/Purppura_SariNordlund_PomPom_Issue41_2022_DSC_4491-2_medium2.jpg', 'small2_url': 'https://images4-f.ravelrycache.com/uploads/sophrscott/851875440/Purppura_SariNordlund_PomPom_Issue41_2022_DSC_4491-2_small2.jpg', 'caption': None, 'caption_html': None, 'copyright_holder': 'Laura Morsman'}, {'id': 112458755, 'sort_order': 29, 'user_id': 1611563, 'x_offset': 0, 'y_offset': -40, 'square_url': 'https://images4-g.ravelrycache.com/uploads/sophrscott/851875455/Purppura_SariNordlund_PomPom_Issue41_2022_DSC_4486_square.jpg', 'medium_url': 'https://images4-g.ravelrycache.com/uploads/sophrscott/851875455/Purppura_SariNordlund_PomPom_Issue41_2022_DSC_4486_medium.jpg', 'thumbnail_url': 'https://images4-f.ravelrycache.com/uploads/sophrscott/851875455/Purppura_SariNordlund_PomPom_Issue41_2022_DSC_4486_thumbnail.jpg', 'small_url': 'https://images4-g.ravelrycache.com/uploads/sophrscott/851875455/Purppura_SariNordlund_PomPom_Issue41_2022_DSC_4486_small_best_fit.jpg', 'flickr_url': None, 'shelved_url': 'https://images4-f.ravelrycache.com/uploads/sophrscott/851875455/Purppura_SariNordlund_PomPom_Issue41_2022_DSC_4486_shelved.jpg', 'medium2_url': 'https://images4-a.ravelrycache.com/uploads/sophrscott/851875455/Purppura_SariNordlund_PomPom_Issue41_2022_DSC_4486_medium2.jpg', 'small2_url': 'https://images4-g.ravelrycache.com/uploads/sophrscott/851875455/Purppura_SariNordlund_PomPom_Issue41_2022_DSC_4486_small2.jpg', 'caption': None, 'caption_html': None, 'copyright_holder': 'Laura Morsman'}]"
Mohair Intentions Sweater,Vanessa Fleming,1237930,https://www.ravelry.com/patterns/library/mohair-intentions-sweater,False,https://images4-a.ravelrycache.com/uploads/oshenknits/852329435/1_medium2.jpg,Knitting,"['unisex', 'adult', 'oversized', 'petite', 'plus', 'seamed', 'scoop-neck', 'one-piece', 'bottom-up', 'positive-ease', 'phototutorial', 'written-pattern', 'video-tutorial', 'worked-flat', 'in-the-round', 'male', 'female']",,4.5,True,4.0,Fish Tail Lace,pullover,Aran,14,4.714285714285714,"0(33"")1(36"")2(39"")3(42"")4(45"")5(48"")6(51"")7(54"")8(57"")9(60"")10(63"")11(66"")12(69"")","[{'id': 112471526, 'sort_order': 1, 'user_id': 10241342, 'x_offset': 0, 'y_offset': -35, 'square_url': 'https://images4-f.ravelrycache.com/uploads/oshenknits/852329435/1_square.jpg', 'medium_url': 'https://images4-f.ravelrycache.com/uploads/oshenknits/852329435/1_medium.jpg', 'thumbnail_url': 'https://images4-g.ravelrycache.com/uploads/oshenknits/852329435/1_thumbnail.jpg', 'small_url': 'https://images4-g.ravelrycache.com/uploads/oshenknits/852329435/1_small.jpg', 'flickr_url': None, 'shelved_url': 'https://images4-f.ravelrycache.com/uploads/oshenknits/852329435/1_shelved.jpg', 'medium2_url': 'https://images4-a.ravelrycache.com/uploads/oshenknits/852329435/1_medium2.jpg', 'small2_url': 'https://images4-f.ravelrycache.com/uploads/oshenknits/852329435/1_small2.jpg', 'caption': None, 'caption_html': None, 'copyright_holder': None}, {'id': 112471527, 'sort_order': 2, 'user_id': 10241342, 'x_offset': 0, 'y_offset': -66, 'square_url': 'https://images4-g.ravelrycache.com/uploads/oshenknits/852329878/IMG_9913_2_square.JPG', 'medium_url': 'https://images4-g.ravelrycache.com/uploads/oshenknits/852329878/IMG_9913_2_medium.JPG', 'thumbnail_url': 'https://images4-f.ravelrycache.com/uploads/oshenknits/852329878/IMG_9913_2_thumbnail.JPG', 'small_url': 'https://images4-g.ravelrycache.com/uploads/oshenknits/852329878/IMG_9913_2_small_best_fit.JPG', 'flickr_url': None, 'shelved_url': 'https://images4-f.ravelrycache.com/uploads/oshenknits/852329878/IMG_9913_2_shelved.JPG', 'medium2_url': 'https://images4-a.ravelrycache.com/uploads/oshenknits/852329878/IMG_9913_2_medium2.JPG', 'small2_url': 'https://images4-g.ravelrycache.com/uploads/oshenknits/852329878/IMG_9913_2_small2.JPG', 'caption': None, 'caption_html': None, 'copyright_holder': None}, {'id': 112489545, 'sort_order': 3, 'user_id': 10241342, 'x_offset': 0, 'y_offset': -22, 'square_url': 'https://images4-f.ravelrycache.com/uploads/oshenknits/852473563/IMG_9918_2_square.JPG', 'medium_url': 'https://images4-f.ravelrycache.com/uploads/oshenknits/852473563/IMG_9918_2_medium.JPG', 'thumbnail_url': 'https://images4-f.ravelrycache.com/uploads/oshenknits/852473563/IMG_9918_2_thumbnail.JPG', 'small_url': 'https://images4-g.ravelrycache.com/uploads/oshenknits/852473563/IMG_9918_2_small_best_fit.JPG', 'flickr_url': None, 'shelved_url': 'https://images4-f.ravelrycache.com/uploads/oshenknits/852473563/IMG_9918_2_shelved.JPG', 'medium2_url': 'https://images4-a.ravelrycache.com/uploads/oshenknits/852473563/IMG_9918_2_medium2.JPG', 'small2_url': 'https://images4-f.ravelrycache.com/uploads/oshenknits/852473563/IMG_9918_2_small2.JPG', 'caption': None, 'caption_html': None, 'copyright_holder': None}, {'id': 112471528, 'sort_order': 4, 'user_id': 10241342, 'x_offset': 0, 'y_offset': -66, 'square_url': 'https://images4-g.ravelrycache.com/uploads/oshenknits/852329533/IMG_9914_square.JPG', 'medium_url': 'https://images4-g.ravelrycache.com/uploads/oshenknits/852329533/IMG_9914_medium.JPG', 'thumbnail_url': 'https://images4-g.ravelrycache.com/uploads/oshenknits/852329533/IMG_9914_thumbnail.JPG', 'small_url': 'https://images4-f.ravelrycache.com/uploads/oshenknits/852329533/IMG_9914_small_best_fit.JPG', 'flickr_url': None, 'shelved_url': 'https://images4-f.ravelrycache.com/uploads/oshenknits/852329533/IMG_9914_shelved.JPG', 'medium2_url': 'https://images4-a.ravelrycache.com/uploads/oshenknits/852329533/IMG_9914_medium2.JPG', 'small2_url': 'https://images4-g.ravelrycache.com/uploads/oshenknits/852329533/IMG_9914_small2.JPG', 'caption': None, 'caption_html': None, 'copyright_holder': None}, {'id': 112489544, 'sort_order': 5, 'user_id': 10241342, 'x_offset': 0, 'y_offset': -22, 'square_url': 'https://images4-f.ravelrycache.com/uploads/oshenknits/852473561/IMG_9912_square.JPG', 'medium_url': 'https://images4-f.ravelrycache.com/uploads/oshenknits/852473561/IMG_9912_medium.JPG', 'thumbnail_url': 'https://images4-g.ravelrycache.com/uploads/oshenknits/852473561/IMG_9912_thumbnail.JPG', 'small_url': 'https://images4-g.ravelrycache.com/uploads/oshenknits/852473561/IMG_9912_small_best_fit.JPG', 'flickr_url': None, 'shelved_url': 'https://images4-f.ravelrycache.com/uploads/oshenknits/852473561/IMG_9912_shelved.JPG', 'medium2_url': 'https://images4-a.ravelrycache.com/uploads/oshenknits/852473561/IMG_9912_medium2.JPG', 'small2_url': 'https://images4-f.ravelrycache.com/uploads/oshenknits/852473561/IMG_9912_small2.JPG', 'caption': None, 'caption_html': None, 'copyright_holder': None}, {'id': 112489543, 'sort_order': 6, 'user_id': 10241342, 'x_offset': -5, 'y_offset': -35, 'square_url': 'https://images4-g.ravelrycache.com/uploads/oshenknits/852473560/IMG_9716_square.jpg', 'medium_url': 'https://images4-g.ravelrycache.com/uploads/oshenknits/852473560/IMG_9716_medium.jpg', 'thumbnail_url': 'https://images4-g.ravelrycache.com/uploads/oshenknits/852473560/IMG_9716_thumbnail.jpg', 'small_url': 'https://images4-g.ravelrycache.com/uploads/oshenknits/852473560/IMG_9716_small.jpg', 'flickr_url': None, 'shelved_url': 'https://images4-g.ravelrycache.com/uploads/oshenknits/852473560/IMG_9716_shelved.jpg', 'medium2_url': 'https://images4-a.ravelrycache.com/uploads/oshenknits/852473560/IMG_9716_medium2.jpg', 'small2_url': 'https://images4-g.ravelrycache.com/uploads/oshenknits/852473560/IMG_9716_small2.jpg', 'caption': None, 'caption_html': None, 'copyright_holder': None}, {'id': 112471529, 'sort_order': 7, 'user_id': 10241342, 'x_offset': 0, 'y_offset': -66, 'square_url': 'https://images4-f.ravelrycache.com/uploads/oshenknits/852329532/IMG_9664_square.jpg', 'medium_url': 'https://images4-f.ravelrycache.com/uploads/oshenknits/852329532/IMG_9664_medium.jpg', 'thumbnail_url': 'https://images4-f.ravelrycache.com/uploads/oshenknits/852329532/IMG_9664_thumbnail.jpg', 'small_url': 'https://images4-f.ravelrycache.com/uploads/oshenknits/852329532/IMG_9664_small_best_fit.jpg', 'flickr_url': None, 'shelved_url': 'https://images4-f.ravelrycache.com/uploads/oshenknits/852329532/IMG_9664_shelved.jpg', 'medium2_url': 'https://images4-a.ravelrycache.com/uploads/oshenknits/852329532/IMG_9664_medium2.jpg', 'small2_url': 'https://images4-f.ravelrycache.com/uploads/oshenknits/852329532/IMG_9664_small2.jpg', 'caption': None, 'caption_html': None, 'copyright_holder': None}, {'id': 112471530, 'sort_order': 8, 'user_id': 10241342, 'x_offset': -6, 'y_offset': -35, 'square_url': 'https://images4-g.ravelrycache.com/uploads/oshenknits/852329906/IMG_2422_square.jpg', 'medium_url': 'https://images4-g.ravelrycache.com/uploads/oshenknits/852329906/IMG_2422_medium.jpg', 'thumbnail_url': 'https://images4-g.ravelrycache.com/uploads/oshenknits/852329906/IMG_2422_thumbnail.jpg', 'small_url': 'https://images4-f.ravelrycache.com/uploads/oshenknits/852329906/IMG_2422_small.jpg', 'flickr_url': None, 'shelved_url': 'https://images4-g.ravelrycache.com/uploads/oshenknits/852329906/IMG_2422_shelved.jpg', 'medium2_url': 'https://images4-a.ravelrycache.com/uploads/oshenknits/852329906/IMG_2422_medium2.jpg', 'small2_url': 'https://images4-g.ravelrycache.com/uploads/oshenknits/852329906/IMG_2422_small2.jpg', 'caption': None, 'caption_html': None, 'copyright_holder': None}]"
Easy Spring Sweater,Easy as knit,1237959,https://www.ravelry.com/patterns/library/easy-spring-sweater,False,https://images4-a.ravelrycache.com/uploads/easyasknit/852352491/Udklip_medium2.JPG,Knitting,['danish'],17.0,0.0,True,,stockinette stitch,pullover,Any gauge,11,0.0,XS (S) M (L) XL (2XL) 3XL (4XL),"[{'id': 112474322, 'sort_order': 1, 'user_id': 10803668, 'x_offset': -5, 'y_offset': -35, 'square_url': 'https://images4-g.ravelrycache.com/uploads/easyasknit/852352491/Udklip_square.JPG', 'medium_url': 'https://images4-g.ravelrycache.com/uploads/easyasknit/852352491/Udklip_medium.JPG', 'thumbnail_url': 'https://images4-f.ravelrycache.com/uploads/easyasknit/852352491/Udklip_thumbnail.JPG', 'small_url': 'https://images4-f.ravelrycache.com/uploads/easyasknit/852352491/Udklip_small.JPG', 'flickr_url': None, 'shelved_url': 'https://images4-g.ravelrycache.com/uploads/easyasknit/852352491/Udklip_shelved.JPG', 'medium2_url': 'https://images4-a.ravelrycache.com/uploads/easyasknit/852352491/Udklip_medium2.JPG', 'small2_url': 'https://images4-g.ravelrycache.com/uploads/easyasknit/852352491/Udklip_small2.JPG', 'caption': None, 'caption_html': None, 'copyright_holder': None}, {'id': 112474323, 'sort_order': 2, 'user_id': 10803668, 'x_offset': -1, 'y_offset': -22, 'square_url': 'https://images4-f.ravelrycache.com/uploads/easyasknit/852352473/Udklip_square.JPG', 'medium_url': 'https://images4-f.ravelrycache.com/uploads/easyasknit/852352473/Udklip_medium.JPG', 'thumbnail_url': 'https://images4-f.ravelrycache.com/uploads/easyasknit/852352473/Udklip_thumbnail.JPG', 'small_url': 'https://images4-f.ravelrycache.com/uploads/easyasknit/852352473/Udklip_small_best_fit.JPG', 'flickr_url': None, 'shelved_url': 'https://images4-g.ravelrycache.com/uploads/easyasknit/852352473/Udklip_shelved.JPG', 'medium2_url': 'https://images4-a.ravelrycache.com/uploads/easyasknit/852352473/Udklip_medium2.JPG', 'small2_url': 'https://images4-f.ravelrycache.com/uploads/easyasknit/852352473/Udklip_small2.JPG', 'caption': None, 'caption_html': None, 'copyright_holder': None}, {'id': 112474324, 'sort_order': 3, 'user_id': 10803668, 'x_offset': -1, 'y_offset': -22, 'square_url': 'https://images4-f.ravelrycache.com/uploads/easyasknit/852352446/Udklip_square.JPG', 'medium_url': 'https://images4-f.ravelrycache.com/uploads/easyasknit/852352446/Udklip_medium.JPG', 'thumbnail_url': 'https://images4-g.ravelrycache.com/uploads/easyasknit/852352446/Udklip_thumbnail.JPG', 'small_url': 'https://images4-g.ravelrycache.com/uploads/easyasknit/852352446/Udklip_small_best_fit.JPG', 'flickr_url': None, 'shelved_url': 'https://images4-g.ravelrycache.com/uploads/easyasknit/852352446/Udklip_shelved.JPG', 'medium2_url': 'https://images4-a.ravelrycache.com/uploads/easyasknit/852352446/Udklip_medium2.JPG', 'small2_url': 'https://images4-f.ravelrycache.com/uploads/easyasknit/852352446/Udklip_small2.JPG', 'caption': None, 'caption_html': None, 'copyright_holder': None}, {'id': 112474325, 'sort_order': 4, 'user_id': 10803668, 'x_offset': -5, 'y_offset': -35, 'square_url': 'https://images4-g.ravelrycache.com/uploads/easyasknit/852352438/Udklip_square.JPG', 'medium_url': 'https://images4-g.ravelrycache.com/uploads/easyasknit/852352438/Udklip_medium.JPG', 'thumbnail_url': 'https://images4-f.ravelrycache.com/uploads/easyasknit/852352438/Udklip_thumbnail.JPG', 'small_url': 'https://images4-f.ravelrycache.com/uploads/easyasknit/852352438/Udklip_small.JPG', 'flickr_url': None, 'shelved_url': 'https://images4-g.ravelrycache.com/uploads/easyasknit/852352438/Udklip_shelved.JPG', 'medium2_url': 'https://images4-a.ravelrycache.com/uploads/easyasknit/852352438/Udklip_medium2.JPG', 'small2_url': 'https://images4-g.ravelrycache.com/uploads/easyasknit/852352438/Udklip_small2.JPG', 'caption': None, 'caption_html': None, 'copyright_holder': None}, {'id': 112474326, 'sort_order': 5, 'user_id': 10803668, 'x_offset': -4, 'y_offset': -35, 'square_url': 'https://images4-g.ravelrycache.com/uploads/easyasknit/852352386/Udklip_square.JPG', 'medium_url': 'https://images4-g.ravelrycache.com/uploads/easyasknit/852352386/Udklip_medium.JPG', 'thumbnail_url': 'https://images4-f.ravelrycache.com/uploads/easyasknit/852352386/Udklip_thumbnail.JPG', 'small_url': 'https://images4-g.ravelrycache.com/uploads/easyasknit/852352386/Udklip_small.JPG', 'flickr_url': None, 'shelved_url': 'https://images4-f.ravelrycache.com/uploads/easyasknit/852352386/Udklip_shelved.JPG', 'medium2_url': 'https://images4-a.ravelrycache.com/uploads/easyasknit/852352386/Udklip_medium2.JPG', 'small2_url': 'https://images4-g.ravelrycache.com/uploads/easyasknit/852352386/Udklip_small2.JPG', 'caption': None, 'caption_html': None, 'copyright_holder': None}, {'id': 112474327, 'sort_order': 6, 'user_id': 10803668, 'x_offset': 0, 'y_offset': -22, 'square_url': 'https://images4-f.ravelrycache.com/uploads/easyasknit/852352351/Udklip_square.JPG', 'medium_url': 'https://images4-f.ravelrycache.com/uploads/easyasknit/852352351/Udklip_medium.JPG', 'thumbnail_url': 'https://images4-g.ravelrycache.com/uploads/easyasknit/852352351/Udklip_thumbnail.JPG', 'small_url': 'https://images4-g.ravelrycache.com/uploads/easyasknit/852352351/Udklip_small_best_fit.JPG', 'flickr_url': None, 'shelved_url': 'https://images4-f.ravelrycache.com/uploads/easyasknit/852352351/Udklip_shelved.JPG', 'medium2_url': 'https://images4-a.ravelrycache.com/uploads/easyasknit/852352351/Udklip_medium2.JPG', 'small2_url': 'https://images4-f.ravelrycache.com/uploads/easyasknit/852352351/Udklip_small2.JPG', 'caption': None, 'caption_html': None, 'copyright_holder': None}]"
Easy Turtleneck Sweater (Fine Edition),Easy as knit,1237971,https://www.ravelry.com/patterns/library/easy-turtleneck-sweater-fine-edition,False,https://images4-a.ravelrycache.com/uploads/easyasknit/852357599/Udklip_medium2.JPG,Knitting,['danish'],17.0,0.0,True,,stockinette stitch,pullover,Any gauge,5,0.0,XS (S) M (L) XL (XXL) 3XL (4XL),"[{'id': 112474989, 'sort_order': 1, 'user_id': 10803668, 'x_offset': -3, 'y_offset': -35, 'square_url': 'https://images4-f.ravelrycache.com/uploads/easyasknit/852357599/Udklip_square.JPG', 'medium_url': 'https://images4-f.ravelrycache.com/uploads/easyasknit/852357599/Udklip_medium.JPG', 'thumbnail_url': 'https://images4-g.ravelrycache.com/uploads/easyasknit/852357599/Udklip_thumbnail.JPG', 'small_url': 'https://images4-g.ravelrycache.com/uploads/easyasknit/852357599/Udklip_small.JPG', 'flickr_url': None, 'shelved_url': 'https://images4-f.ravelrycache.com/uploads/easyasknit/852357599/Udklip_shelved.JPG', 'medium2_url': 'https://images4-a.ravelrycache.com/uploads/easyasknit/852357599/Udklip_medium2.JPG', 'small2_url': 'https://images4-f.ravelrycache.com/uploads/easyasknit/852357599/Udklip_small2.JPG', 'caption': None, 'caption_html': None, 'copyright_holder': None}, {'id': 112474990, 'sort_order': 2, 'user_id': 10803668, 'x_offset': 0, 'y_offset': -40, 'square_url': 'https://images4-f.ravelrycache.com/uploads/easyasknit/852357547/Udklip_square.JPG', 'medium_url': 'https://images4-f.ravelrycache.com/uploads/easyasknit/852357547/Udklip_medium.JPG', 'thumbnail_url': 'https://images4-f.ravelrycache.com/uploads/easyasknit/852357547/Udklip_thumbnail.JPG', 'small_url': 'https://images4-f.ravelrycache.com/uploads/easyasknit/852357547/Udklip_small_best_fit.JPG', 'flickr_url': None, 'shelved_url': 'https://images4-f.ravelrycache.com/uploads/easyasknit/852357547/Udklip_shelved.JPG', 'medium2_url': 'https://images4-a.ravelrycache.com/uploads/easyasknit/852357547/Udklip_medium2.JPG', 'small2_url': 'https://images4-f.ravelrycache.com/uploads/easyasknit/852357547/Udklip_small2.JPG', 'caption': None, 'caption_html': None, 'copyright_holder': None}, {'id': 112474991, 'sort_order': 3, 'user_id': 10803668, 'x_offset': -5, 'y_offset': -35, 'square_url': 'https://images4-g.ravelrycache.com/uploads/easyasknit/852357385/Udklip_square.JPG', 'medium_url': 'https://images4-g.ravelrycache.com/uploads/easyasknit/852357385/Udklip_medium.JPG', 'thumbnail_url': 'https://images4-g.ravelrycache.com/uploads/easyasknit/852357385/Udklip_thumbnail.JPG', 'small_url': 'https://images4-g.ravelrycache.com/uploads/easyasknit/852357385/Udklip_small.JPG', 'flickr_url': None, 'shelved_url': 'https://images4-g.ravelrycache.com/uploads/easyasknit/852357385/Udklip_shelved.JPG', 'medium2_url': 'https://images4-a.ravelrycache.com/uploads/easyasknit/852357385/Udklip_medium2.JPG', 'small2_url': 'https://images4-g.ravelrycache.com/uploads/easyasknit/852357385/Udklip_small2.JPG', 'caption': None, 'caption_html': None, 'copyright_holder': None}, {'id': 112474992, 'sort_order': 4, 'user_id': 10803668, 'x_offset': 0, 'y_offset': -15, 'square_url': 'https://images4-g.ravelrycache.com/uploads/easyasknit/852357141/Udklip_square.JPG', 'medium_url': 'https://images4-g.ravelrycache.com/uploads/easyasknit/852357141/Udklip_medium.JPG', 'thumbnail_url': 'https://images4-f.ravelrycache.com/uploads/easyasknit/852357141/Udklip_thumbnail.JPG', 'small_url': 'https://images4-f.ravelrycache.com/uploads/easyasknit/852357141/Udklip_small_best_fit.JPG', 'flickr_url': None, 'shelved_url': 'https://images4-g.ravelrycache.com/uploads/easyasknit/852357141/Udklip_shelved.JPG', 'medium2_url': 'https://images4-a.ravelrycache.com/uploads/easyasknit/852357141/Udklip_medium2.JPG', 'small2_url': 'https://images4-g.ravelrycache.com/uploads/easyasknit/852357141/Udklip_small2.JPG', 'caption': None, 'caption_html': None, 'copyright_holder': None}, {'id': 112474993, 'sort_order': 5, 'user_id': 10803668, 'x_offset': 0, 'y_offset': -24, 'square_url': 'https://images4-g.ravelrycache.com/uploads/easyasknit/852357099/Udklip_square.JPG', 'medium_url': 'https://images4-g.ravelrycache.com/uploads/easyasknit/852357099/Udklip_medium.JPG', 'thumbnail_url': 'https://images4-g.ravelrycache.com/uploads/easyasknit/852357099/Udklip_thumbnail.JPG', 'small_url': 'https://images4-f.ravelrycache.com/uploads/easyasknit/852357099/Udklip_small_best_fit.JPG', 'flickr_url': None, 'shelved_url': 'https://images4-f.ravelrycache.com/uploads/easyasknit/852357099/Udklip_shelved.JPG', 'medium2_url': 'https://images4-a.ravelrycache.com/uploads/easyasknit/852357099/Udklip_medium2.JPG', 'small2_url': 'https://images4-g.ravelrycache.com/uploads/easyasknit/852357099/Udklip_small2.JPG', 'caption': None, 'caption_html': None, 'copyright_holder': None}, {'id': 112474994, 'sort_order': 6, 'user_id': 10803668, 'x_offset': 0, 'y_offset': -15, 'square_url': 'https://images4-f.ravelrycache.com/uploads/easyasknit/852357066/Udklip_square.JPG', 'medium_url': 'https://images4-f.ravelrycache.com/uploads/easyasknit/852357066/Udklip_medium.JPG', 'thumbnail_url': 'https://images4-g.ravelrycache.com/uploads/easyasknit/852357066/Udklip_thumbnail.JPG', 'small_url': 'https://images4-g.ravelrycache.com/uploads/easyasknit/852357066/Udklip_small_best_fit.JPG', 'flickr_url': None, 'shelved_url': 'https://images4-f.ravelrycache.com/uploads/easyasknit/852357066/Udklip_shelved.JPG', 'medium2_url': 'https://images4-a.ravelrycache.com/uploads/easyasknit/852357066/Udklip_medium2.JPG', 'small2_url': 'https://images4-f.ravelrycache.com/uploads/easyasknit/852357066/Udklip_small2.JPG', 'caption': None, 'caption_html': None, 'copyright_holder': None}, {'id': 112474995, 'sort_order': 7, 'user_id': 10803668, 'x_offset': -5, 'y_offset': -35, 'square_url': 'https://images4-g.ravelrycache.com/uploads/easyasknit/852357006/Udklip_square.JPG', 'medium_url': 'https://images4-g.ravelrycache.com/uploads/easyasknit/852357006/Udklip_medium.JPG', 'thumbnail_url': 'https://images4-f.ravelrycache.com/uploads/easyasknit/852357006/Udklip_thumbnail.JPG', 'small_url': 'https://images4-g.ravelrycache.com/uploads/easyasknit/852357006/Udklip_small.JPG', 'flickr_url': None, 'shelved_url': 'https://images4-g.ravelrycache.com/uploads/easyasknit/852357006/Udklip_shelved.JPG', 'medium2_url': 'https://images4-a.ravelrycache.com/uploads/easyasknit/852357006/Udklip_medium2.JPG', 'small2_url': 'https://images4-g.ravelrycache.com/uploads/easyasknit/852357006/Udklip_small2.JPG', 'caption': None, 'caption_html': None, 'copyright_holder': None}]"
Valley Pullover,Lisa Woolridge,1238173,https://www.ravelry.com/patterns/library/valley-pullover-2,False,https://images4-a.ravelrycache.com/uploads/lisatea/886233368/DA507A8F-BF65-47E5-881D-E551B6644049_medium2.jpeg,Knitting,"['teen', 'adult', 'collar', 'modular', 'buttonholes', 'positive-ease', 'worked-flat', 'in-the-round']",18.0,2.75,True,4.0,Stockinette,pullover,Aran,6,5.0,"1 (2, 3, 4, 5)(6, 7, 8, 9)","[{'id': 116679333, 'sort_order': 1, 'user_id': 925035, 'x_offset': -5, 'y_offset': -35, 'square_url': 'https://images4-g.ravelrycache.com/uploads/lisatea/886233368/DA507A8F-BF65-47E5-881D-E551B6644049_square.jpeg', 'medium_url': 'https://images4-g.ravelrycache.com/uploads/lisatea/886233368/DA507A8F-BF65-47E5-881D-E551B6644049_medium.jpeg', 'thumbnail_url': 'https://images4-f.ravelrycache.com/uploads/lisatea/886233368/DA507A8F-BF65-47E5-881D-E551B6644049_thumbnail.jpeg', 'small_url': 'https://images4-f.ravelrycache.com/uploads/lisatea/886233368/DA507A8F-BF65-47E5-881D-E551B6644049_small.jpeg', 'flickr_url': None, 'shelved_url': 'https://images4-g.ravelrycache.com/uploads/lisatea/886233368/DA507A8F-BF65-47E5-881D-E551B6644049_shelved.jpeg', 'medium2_url': 'https://images4-a.ravelrycache.com/uploads/lisatea/886233368/DA507A8F-BF65-47E5-881D-E551B6644049_medium2.jpeg', 'small2_url': 'https://images4-f.ravelrycache.com/uploads/lisatea/886233368/DA507A8F-BF65-47E5-881D-E551B6644049_small2.jpeg', 'caption': None, 'caption_html': None, 'copyright_holder': None}, {'id': 116679332, 'sort_order': 2, 'user_id': 925035, 'x_offset': -5, 'y_offset': -35, 'square_url': 'https://images4-f.ravelrycache.com/uploads/lisatea/886233361/EA9A52FA-736E-4236-94A9-3633879C6700_square.jpeg', 'medium_url': 'https://images4-f.ravelrycache.com/uploads/lisatea/886233361/EA9A52FA-736E-4236-94A9-3633879C6700_medium.jpeg', 'thumbnail_url': 'https://images4-f.ravelrycache.com/uploads/lisatea/886233361/EA9A52FA-736E-4236-94A9-3633879C6700_thumbnail.jpeg', 'small_url': 'https://images4-g.ravelrycache.com/uploads/lisatea/886233361/EA9A52FA-736E-4236-94A9-3633879C6700_small.jpeg', 'flickr_url': None, 'shelved_url': 'https://images4-f.ravelrycache.com/uploads/lisatea/886233361/EA9A52FA-736E-4236-94A9-3633879C6700_shelved.jpeg', 'medium2_url': 'https://images4-a.ravelrycache.com/uploads/lisatea/886233361/EA9A52FA-736E-4236-94A9-3633879C6700_medium2.jpeg', 'small2_url': 'https://images4-g.ravelrycache.com/uploads/lisatea/886233361/EA9A52FA-736E-4236-94A9-3633879C6700_small2.jpeg', 'caption': None, 'caption_html': None, 'copyright_holder': None}, {'id': 116679331, 'sort_order': 3, 'user_id': 925035, 'x_offset': -5, 'y_offset': -35, 'square_url': 'https://images4-g.ravelrycache.com/uploads/lisatea/886233360/B1C37BE8-3D68-43FE-8487-E7842D473B56_square.jpeg', 'medium_url': 'https://images4-g.ravelrycache.com/uploads/lisatea/886233360/B1C37BE8-3D68-43FE-8487-E7842D473B56_medium.jpeg', 'thumbnail_url': 'https://images4-f.ravelrycache.com/uploads/lisatea/886233360/B1C37BE8-3D68-43FE-8487-E7842D473B56_thumbnail.jpeg', 'small_url': 'https://images4-g.ravelrycache.com/uploads/lisatea/886233360/B1C37BE8-3D68-43FE-8487-E7842D473B56_small.jpeg', 'flickr_url': None, 'shelved_url': 'https://images4-g.ravelrycache.com/uploads/lisatea/886233360/B1C37BE8-3D68-43FE-8487-E7842D473B56_shelved.jpeg', 'medium2_url': 'https://images4-a.ravelrycache.com/uploads/lisatea/886233360/B1C37BE8-3D68-43FE-8487-E7842D473B56_medium2.jpeg', 'small2_url': 'https://images4-f.ravelrycache.com/uploads/lisatea/886233360/B1C37BE8-3D68-43FE-8487-E7842D473B56_small2.jpeg', 'caption': None, 'caption_html': None, 'copyright_holder': None}, {'id': 116679330, 'sort_order': 4, 'user_id': 925035, 'x_offset': -5, 'y_offset': -35, 'square_url': 'https://images4-f.ravelrycache.com/uploads/lisatea/886233358/5ED2ABEB-4860-46DF-995E-827715141E2C_square.jpeg', 'medium_url': 'https://images4-f.ravelrycache.com/uploads/lisatea/886233358/5ED2ABEB-4860-46DF-995E-827715141E2C_medium.jpeg', 'thumbnail_url': 'https://images4-g.ravelrycache.com/uploads/lisatea/886233358/5ED2ABEB-4860-46DF-995E-827715141E2C_thumbnail.jpeg', 'small_url': 'https://images4-f.ravelrycache.com/uploads/lisatea/886233358/5ED2ABEB-4860-46DF-995E-827715141E2C_small.jpeg', 'flickr_url': None, 'shelved_url': 'https://images4-f.ravelrycache.com/uploads/lisatea/886233358/5ED2ABEB-4860-46DF-995E-827715141E2C_shelved.jpeg', 'medium2_url': 'https://images4-a.ravelrycache.com/uploads/lisatea/886233358/5ED2ABEB-4860-46DF-995E-827715141E2C_medium2.jpeg', 'small2_url': 'https://images4-g.ravelrycache.com/uploads/lisatea/886233358/5ED2ABEB-4860-46DF-995E-827715141E2C_small2.jpeg', 'caption': None, 'caption_html': None, 'copyright_holder': None}, {'id': 112488686, 'sort_order': 5, 'user_id': 925035, 'x_offset': -3, 'y_offset': -65, 'square_url': 'https://images4-g.ravelrycache.com/uploads/lisatea/852466722/D61F3667-7111-4582-8716-F94AD582AB36_square.jpeg', 'medium_url': 'https://images4-g.ravelrycache.com/uploads/lisatea/852466722/D61F3667-7111-4582-8716-F94AD582AB36_medium.jpeg', 'thumbnail_url': 'https://images4-g.ravelrycache.com/uploads/lisatea/852466722/D61F3667-7111-4582-8716-F94AD582AB36_thumbnail.jpeg', 'small_url': 'https://images4-g.ravelrycache.com/uploads/lisatea/852466722/D61F3667-7111-4582-8716-F94AD582AB36_small.jpeg', 'flickr_url': None, 'shelved_url': 'https://images4-f.ravelrycache.com/uploads/lisatea/852466722/D61F3667-7111-4582-8716-F94AD582AB36_shelved.jpeg', 'medium2_url': 'https://images4-a.ravelrycache.com/uploads/lisatea/852466722/D61F3667-7111-4582-8716-F94AD582AB36_medium2.jpeg', 'small2_url': 'https://images4-g.ravelrycache.com/uploads/lisatea/852466722/D61F3667-7111-4582-8716-F94AD582AB36_small2.jpeg', 'caption': None, 'caption_html': None, 'copyright_holder': None}, {'id': 112488635, 'sort_order': 6, 'user_id': 925035, 'x_offset': 0, 'y_offset': -22, 'square_url': 'https://images4-f.ravelrycache.com/uploads/lisatea/852466134/93D9D457-AD25-415F-A5CA-91020A0FD198_square.jpeg', 'medium_url': 'https://images4-f.ravelrycache.com/uploads/lisatea/852466134/93D9D457-AD25-415F-A5CA-91020A0FD198_medium.jpeg', 'thumbnail_url': 'https://images4-f.ravelrycache.com/uploads/lisatea/852466134/93D9D457-AD25-415F-A5CA-91020A0FD198_thumbnail.jpeg', 'small_url': 'https://images4-g.ravelrycache.com/uploads/lisatea/852466134/93D9D457-AD25-415F-A5CA-91020A0FD198_small_best_fit.jpeg', 'flickr_url': None, 'shelved_url': 'https://images4-f.ravelrycache.com/uploads/lisatea/852466134/93D9D457-AD25-415F-A5CA-91020A0FD198_shelved.jpeg', 'medium2_url': 'https://images4-a.ravelrycache.com/uploads/lisatea/852466134/93D9D457-AD25-415F-A5CA-91020A0FD198_medium2.jpeg', 'small2_url': 'https://images4-f.ravelrycache.com/uploads/lisatea/852466134/93D9D457-AD25-415F-A5CA-91020A0FD198_small2.jpeg', 'caption': None, 'caption_html': None, 'copyright_holder': None}, {'id': 112488636, 'sort_order': 7, 'user_id': 925035, 'x_offset': -5, 'y_offset': -58, 'square_url': 'https://images4-f.ravelrycache.com/uploads/lisatea/852466140/DCED896F-B8CE-428E-B5DA-9EFA632F71CF_square.jpeg', 'medium_url': 'https://images4-f.ravelrycache.com/uploads/lisatea/852466140/DCED896F-B8CE-428E-B5DA-9EFA632F71CF_medium.jpeg', 'thumbnail_url': 'https://images4-f.ravelrycache.com/uploads/lisatea/852466140/DCED896F-B8CE-428E-B5DA-9EFA632F71CF_thumbnail.jpeg', 'small_url': 'https://images4-g.ravelrycache.com/uploads/lisatea/852466140/DCED896F-B8CE-428E-B5DA-9EFA632F71CF_small.jpeg', 'flickr_url': None, 'shelved_url': 'https://images4-f.ravelrycache.com/uploads/lisatea/852466140/DCED896F-B8CE-428E-B5DA-9EFA632F71CF_shelved.jpeg', 'medium2_url': 'https://images4-a.ravelrycache.com/uploads/lisatea/852466140/DCED896F-B8CE-428E-B5DA-9EFA632F71CF_medium2.jpeg', 'small2_url': 'https://images4-f.ravelrycache.com/uploads/lisatea/852466140/DCED896F-B8CE-428E-B5DA-9EFA632F71CF_small2.jpeg', 'caption': None, 'caption_html': None, 'copyright_holder': None}, {'id': 112488637, 'sort_order': 8, 'user_id': 925035, 'x_offset': -5, 'y_offset': -66, 'square_url': 'https://images4-f.ravelrycache.com/uploads/lisatea/852466139/EEC0F153-453C-4A83-9824-3C7C40AC5DB9_square.jpeg', 'medium_url': 'https://images4-f.ravelrycache.com/uploads/lisatea/852466139/EEC0F153-453C-4A83-9824-3C7C40AC5DB9_medium.jpeg', 'thumbnail_url': 'https://images4-g.ravelrycache.com/uploads/lisatea/852466139/EEC0F153-453C-4A83-9824-3C7C40AC5DB9_thumbnail.jpeg', 'small_url': 'https://images4-f.ravelrycache.com/uploads/lisatea/852466139/EEC0F153-453C-4A83-9824-3C7C40AC5DB9_small.jpeg', 'flickr_url': None, 'shelved_url': 'https://images4-f.ravelrycache.com/uploads/lisatea/852466139/EEC0F153-453C-4A83-9824-3C7C40AC5DB9_shelved.jpeg', 'medium2_url': 'https://images4-a.ravelrycache.com/uploads/lisatea/852466139/EEC0F153-453C-4A83-9824-3C7C40AC5DB9_medium2.jpeg', 'small2_url': 'https://images4-f.ravelrycache.com/uploads/lisatea/852466139/EEC0F153-453C-4A83-9824-3C7C40AC5DB9_small2.jpeg', 'caption': None, 'caption_html': None, 'copyright_holder': None}, {'id': 112488638, 'sort_order': 9, 'user_id': 925035, 'x_offset': 0, 'y_offset': -63, 'square_url': 'https://images4-g.ravelrycache.com/uploads/lisatea/852466141/EFA69D27-3B68-4173-BFD6-92761062122E_square.jpeg', 'medium_url': 'https://images4-g.ravelrycache.com/uploads/lisatea/852466141/EFA69D27-3B68-4173-BFD6-92761062122E_medium.jpeg', 'thumbnail_url': 'https://images4-f.ravelrycache.com/uploads/lisatea/852466141/EFA69D27-3B68-4173-BFD6-92761062122E_thumbnail.jpeg', 'small_url': 'https://images4-f.ravelrycache.com/uploads/lisatea/852466141/EFA69D27-3B68-4173-BFD6-92761062122E_small.jpeg', 'flickr_url': None, 'shelved_url': 'https://images4-f.ravelrycache.com/uploads/lisatea/852466141/EFA69D27-3B68-4173-BFD6-92761062122E_shelved.jpeg', 'medium2_url': 'https://images4-a.ravelrycache.com/uploads/lisatea/852466141/EFA69D27-3B68-4173-BFD6-92761062122E_medium2.jpeg', 'small2_url': 'https://images4-g.ravelrycache.com/uploads/lisatea/852466141/EFA69D27-3B68-4173-BFD6-92761062122E_small2.jpeg', 'caption': None, 'caption_html': None, 'copyright_holder': None}, {'id': 112488640, 'sort_order': 10, 'user_id': 925035, 'x_offset': -5, 'y_offset': -35, 'square_url': 'https://images4-g.ravelrycache.com/uploads/lisatea/852466135/5C8178A5-26D0-4455-BBE2-67FF39C91360_square.jpeg', 'medium_url': 'https://images4-g.ravelrycache.com/uploads/lisatea/852466135/5C8178A5-26D0-4455-BBE2-67FF39C91360_medium.jpeg', 'thumbnail_url': 'https://images4-f.ravelrycache.com/uploads/lisatea/852466135/5C8178A5-26D0-4455-BBE2-67FF39C91360_thumbnail.jpeg', 'small_url': 'https://images4-f.ravelrycache.com/uploads/lisatea/852466135/5C8178A5-26D0-4455-BBE2-67FF39C91360_small.jpeg', 'flickr_url': None, 'shelved_url': 'https://images4-f.ravelrycache.com/uploads/lisatea/852466135/5C8178A5-26D0-4455-BBE2-67FF39C91360_shelved.jpeg', 'medium2_url': 'https://images4-a.ravelrycache.com/uploads/lisatea/852466135/5C8178A5-26D0-4455-BBE2-67FF39C91360_medium2.jpeg', 'small2_url': 'https://images4-g.ravelrycache.com/uploads/lisatea/852466135/5C8178A5-26D0-4455-BBE2-67FF39C91360_small2.jpeg', 'caption': None, 'caption_html': None, 'copyright_holder': None}, {'id': 112488639, 'sort_order': 11, 'user_id': 925035, 'x_offset': -5, 'y_offset': -35, 'square_url': 'https://images4-g.ravelrycache.com/uploads/lisatea/852466136/684A8BC4-6A69-4385-B311-29C00859E027_square.jpeg', 'medium_url': 'https://images4-g.ravelrycache.com/uploads/lisatea/852466136/684A8BC4-6A69-4385-B311-29C00859E027_medium.jpeg', 'thumbnail_url': 'https://images4-f.ravelrycache.com/uploads/lisatea/852466136/684A8BC4-6A69-4385-B311-29C00859E027_thumbnail.jpeg', 'small_url': 'https://images4-f.ravelrycache.com/uploads/lisatea/852466136/684A8BC4-6A69-4385-B311-29C00859E027_small.jpeg', 'flickr_url': None, 'shelved_url': 'https://images4-f.ravelrycache.com/uploads/lisatea/852466136/684A8BC4-6A69-4385-B311-29C00859E027_shelved.jpeg', 'medium2_url': 'https://images4-a.ravelrycache.com/uploads/lisatea/852466136/684A8BC4-6A69-4385-B311-29C00859E027_medium2.jpeg', 'small2_url': 'https://images4-g.ravelrycache.com/uploads/lisatea/852466136/684A8BC4-6A69-4385-B311-29C00859E027_small2.jpeg', 'caption': None, 'caption_html': None, 'copyright_holder': None}, {'id': 112488634, 'sort_order': 12, 'user_id': 925035, 'x_offset': -11, 'y_offset': -63, 'square_url': 'https://images4-f.ravelrycache.com/uploads/lisatea/852466137/E6288D91-1F7D-4763-A41C-4E2F087CD7C6_square.jpeg', 'medium_url': 'https://images4-f.ravelrycache.com/uploads/lisatea/852466137/E6288D91-1F7D-4763-A41C-4E2F087CD7C6_medium.jpeg', 'thumbnail_url': 'https://images4-g.ravelrycache.com/uploads/lisatea/852466137/E6288D91-1F7D-4763-A41C-4E2F087CD7C6_thumbnail.jpeg', 'small_url': 'https://images4-f.ravelrycache.com/uploads/lisatea/852466137/E6288D91-1F7D-4763-A41C-4E2F087CD7C6_small.jpeg', 'flickr_url': None, 'shelved_url': 'https://images4-f.ravelrycache.com/uploads/lisatea/852466137/E6288D91-1F7D-4763-A41C-4E2F087CD7C6_shelved.jpeg', 'medium2_url': 'https://images4-a.ravelrycache.com/uploads/lisatea/852466137/E6288D91-1F7D-4763-A41C-4E2F087CD7C6_medium2.jpeg', 'small2_url': 'https://images4-f.ravelrycache.com/uploads/lisatea/852466137/E6288D91-1F7D-4763-A41C-4E2F087CD7C6_small2.jpeg', 'caption': None, 'caption_html': None, 'copyright_holder': None}]"
S10980 BIANCA Sweater,Käte Stödter,1238262,https://www.ravelry.com/patterns/library/s10980-bianca-sweater,False,https://images4-a.ravelrycache.com/uploads/Schachenmayr/852511360/9839935_S10980_1_medium2.jpg,Knitting,"['adult', 'seamed', 'long-sleeve', 'bottom-up', 'chart', 'written-pattern', 'worked-flat']",24.0,2.6666666666666665,True,4.0,Stockinette Stitch,pullover,Fingering,10,3.8,XS S M L XL,"[{'id': 112495334, 'sort_order': 1, 'user_id': 3345465, 'x_offset': 0, 'y_offset': -20, 'square_url': 'https://images4-f.ravelrycache.com/uploads/Schachenmayr/852511360/9839935_S10980_1_square.jpg', 'medium_url': 'https://images4-f.ravelrycache.com/uploads/Schachenmayr/852511360/9839935_S10980_1_medium.jpg', 'thumbnail_url': 'https://images4-f.ravelrycache.com/uploads/Schachenmayr/852511360/9839935_S10980_1_thumbnail.jpg', 'small_url': 'https://images4-f.ravelrycache.com/uploads/Schachenmayr/852511360/9839935_S10980_1_small_best_fit.jpg', 'flickr_url': None, 'shelved_url': 'https://images4-g.ravelrycache.com/uploads/Schachenmayr/852511360/9839935_S10980_1_shelved.jpg', 'medium2_url': 'https://images4-a.ravelrycache.com/uploads/Schachenmayr/852511360/9839935_S10980_1_medium2.jpg', 'small2_url': 'https://images4-f.ravelrycache.com/uploads/Schachenmayr/852511360/9839935_S10980_1_small2.jpg', 'caption': 'S10980 BIANCA Sweater in Denim Tweed Col. 00002 kiesel', 'caption_html': 'S10980 BIANCA Sweater in Denim Tweed Col. 00002 kiesel', 'copyright_holder': 'Schachenmayr 2022'}]"
Twice the Stripes Top,Nicole ThorsonKnits,1238353,https://www.ravelry.com/patterns/library/twice-the-stripes-top,False,https://images4-a.ravelrycache.com/uploads/nicolethorson/852479884/IMG_20220216_123425_medium2.jpg,Knitting,"['unisex', 'teen', 'adult', 'ribbed', 'crew-neck', 'long-sleeve', 'short-sleeve', 'raglan-sleeve', 'one-piece', 'seamless', 'short-rows', 'top-down', 'positive-ease', 'written-pattern', 'in-the-round', 'stripes-colorwork', 'schematic', 'male', 'female']",24.0,2.3333333333333335,True,4.0,stockinette,pullover,Fingering,22,5.0,28 - 62 inch (71-158 cm) bust,"[{'id': 112500763, 'sort_order': 1, 'user_id': 5752094, 'x_offset': -5, 'y_offset': -35, 'square_url': 'https://images4-f.ravelrycache.com/uploads/nicolethorson/852479884/IMG_20220216_123425_square.jpg', 'medium_url': 'https://images4-f.ravelrycache.com/uploads/nicolethorson/852479884/IMG_20220216_123425_medium.jpg', 'thumbnail_url': 'https://images4-f.ravelrycache.com/uploads/nicolethorson/852479884/IMG_20220216_123425_thumbnail.jpg', 'small_url': 'https://images4-f.ravelrycache.com/uploads/nicolethorson/852479884/IMG_20220216_123425_small.jpg', 'flickr_url': None, 'shelved_url': 'https://images4-g.ravelrycache.com/uploads/nicolethorson/852479884/IMG_20220216_123425_shelved.jpg', 'medium2_url': 'https://images4-a.ravelrycache.com/uploads/nicolethorson/852479884/IMG_20220216_123425_medium2.jpg', 'small2_url': 'https://images4-f.ravelrycache.com/uploads/nicolethorson/852479884/IMG_20220216_123425_small2.jpg', 'caption': None, 'caption_html': None, 'copyright_holder': None}, {'id': 112500764, 'sort_order': 2, 'user_id': 5752094, 'x_offset': 0, 'y_offset': -22, 'square_url': 'https://images4-f.ravelrycache.com/uploads/nicolethorson/852479057/IMG_20220209_125850_787_square.jpg', 'medium_url': 'https://images4-f.ravelrycache.com/uploads/nicolethorson/852479057/IMG_20220209_125850_787_medium.jpg', 'thumbnail_url': 'https://images4-f.ravelrycache.com/uploads/nicolethorson/852479057/IMG_20220209_125850_787_thumbnail.jpg', 'small_url': 'https://images4-f.ravelrycache.com/uploads/nicolethorson/852479057/IMG_20220209_125850_787_small_best_fit.jpg', 'flickr_url': None, 'shelved_url': 'https://images4-f.ravelrycache.com/uploads/nicolethorson/852479057/IMG_20220209_125850_787_shelved.jpg', 'medium2_url': 'https://images4-a.ravelrycache.com/uploads/nicolethorson/852479057/IMG_20220209_125850_787_medium2.jpg', 'small2_url': 'https://images4-f.ravelrycache.com/uploads/nicolethorson/852479057/IMG_20220209_125850_787_small2.jpg', 'caption': None, 'caption_html': None, 'copyright_holder': None}, {'id': 112500765, 'sort_order': 3, 'user_id': 5752094, 'x_offset': 0, 'y_offset': -12, 'square_url': 'https://images4-f.ravelrycache.com/uploads/nicolethorson/852478991/IMG_20220209_125047__01_square.jpg', 'medium_url': 'https://images4-f.ravelrycache.com/uploads/nicolethorson/852478991/IMG_20220209_125047__01_medium.jpg', 'thumbnail_url': 'https://images4-g.ravelrycache.com/uploads/nicolethorson/852478991/IMG_20220209_125047__01_thumbnail.jpg', 'small_url': 'https://images4-f.ravelrycache.com/uploads/nicolethorson/852478991/IMG_20220209_125047__01_small_best_fit.jpg', 'flickr_url': None, 'shelved_url': 'https://images4-f.ravelrycache.com/uploads/nicolethorson/852478991/IMG_20220209_125047__01_shelved.jpg', 'medium2_url': 'https://images4-a.ravelrycache.com/uploads/nicolethorson/852478991/IMG_20220209_125047__01_medium2.jpg', 'small2_url': 'https://images4-f.ravelrycache.com/uploads/nicolethorson/852478991/IMG_20220209_125047__01_small2.jpg', 'caption': None, 'caption_html': None, 'copyright_holder': None}, {'id': 112500766, 'sort_order': 4, 'user_id': 5752094, 'x_offset': 0, 'y_offset': -15, 'square_url': 'https://images4-f.ravelrycache.com/uploads/nicolethorson/852478953/Screenshot_20220111-082419__01-01_square.jpeg', 'medium_url': 'https://images4-f.ravelrycache.com/uploads/nicolethorson/852478953/Screenshot_20220111-082419__01-01_medium.jpeg', 'thumbnail_url': 'https://images4-f.ravelrycache.com/uploads/nicolethorson/852478953/Screenshot_20220111-082419__01-01_thumbnail.jpeg', 'small_url': 'https://images4-g.ravelrycache.com/uploads/nicolethorson/852478953/Screenshot_20220111-082419__01-01_small_best_fit.jpeg', 'flickr_url': None, 'shelved_url': 'https://images4-g.ravelrycache.com/uploads/nicolethorson/852478953/Screenshot_20220111-082419__01-01_shelved.jpeg', 'medium2_url': 'https://images4-a.ravelrycache.com/uploads/nicolethorson/852478953/Screenshot_20220111-082419__01-01_medium2.jpeg', 'small2_url': 'https://images4-f.ravelrycache.com/uploads/nicolethorson/852478953/Screenshot_20220111-082419__01-01_small2.jpeg', 'caption': None, 'caption_html': None, 'copyright_holder': None}, {'id': 112500767, 'sort_order': 5, 'user_id': 5752094, 'x_offset': 0, 'y_offset': -12, 'square_url': 'https://images4-g.ravelrycache.com/uploads/nicolethorson/852478957/Screenshot_20220111-082445-02_square.jpeg', 'medium_url': 'https://images4-g.ravelrycache.com/uploads/nicolethorson/852478957/Screenshot_20220111-082445-02_medium.jpeg', 'thumbnail_url': 'https://images4-f.ravelrycache.com/uploads/nicolethorson/852478957/Screenshot_20220111-082445-02_thumbnail.jpeg', 'small_url': 'https://images4-g.ravelrycache.com/uploads/nicolethorson/852478957/Screenshot_20220111-082445-02_small_best_fit.jpeg', 'flickr_url': None, 'shelved_url': 'https://images4-g.ravelrycache.com/uploads/nicolethorson/852478957/Screenshot_20220111-082445-02_shelved.jpeg', 'medium2_url': 'https://images4-a.ravelrycache.com/uploads/nicolethorson/852478957/Screenshot_20220111-082445-02_medium2.jpeg', 'small2_url': 'https://images4-g.ravelrycache.com/uploads/nicolethorson/852478957/Screenshot_20220111-082445-02_small2.jpeg', 'caption': None, 'caption_html': None, 'copyright_holder': None}, {'id': 112500768, 'sort_order': 6, 'user_id': 5752094, 'x_offset': -5, 'y_offset': -35, 'square_url': 'https://images4-g.ravelrycache.com/uploads/nicolethorson/852561115/thumbnail_image3__1__square.jpg', 'medium_url': 'https://images4-g.ravelrycache.com/uploads/nicolethorson/852561115/thumbnail_image3__1__medium.jpg', 'thumbnail_url': 'https://images4-f.ravelrycache.com/uploads/nicolethorson/852561115/thumbnail_image3__1__thumbnail.jpg', 'small_url': 'https://images4-f.ravelrycache.com/uploads/nicolethorson/852561115/thumbnail_image3__1__small.jpg', 'flickr_url': None, 'shelved_url': 'https://images4-f.ravelrycache.com/uploads/nicolethorson/852561115/thumbnail_image3__1__shelved.jpg', 'medium2_url': 'https://images4-a.ravelrycache.com/uploads/nicolethorson/852561115/thumbnail_image3__1__medium2.jpg', 'small2_url': 'https://images4-g.ravelrycache.com/uploads/nicolethorson/852561115/thumbnail_image3__1__small2.jpg', 'caption': None, 'caption_html': None, 'copyright_holder': None}, {'id': 112500769, 'sort_order': 7, 'user_id': 5752094, 'x_offset': -5, 'y_offset': -35, 'square_url': 'https://images4-g.ravelrycache.com/uploads/nicolethorson/852561117/thumbnail_image2__1__square.jpg', 'medium_url': 'https://images4-g.ravelrycache.com/uploads/nicolethorson/852561117/thumbnail_image2__1__medium.jpg', 'thumbnail_url': 'https://images4-f.ravelrycache.com/uploads/nicolethorson/852561117/thumbnail_image2__1__thumbnail.jpg', 'small_url': 'https://images4-g.ravelrycache.com/uploads/nicolethorson/852561117/thumbnail_image2__1__small.jpg', 'flickr_url': None, 'shelved_url': 'https://images4-f.ravelrycache.com/uploads/nicolethorson/852561117/thumbnail_image2__1__shelved.jpg', 'medium2_url': 'https://images4-a.ravelrycache.com/uploads/nicolethorson/852561117/thumbnail_image2__1__medium2.jpg', 'small2_url': 'https://images4-g.ravelrycache.com/uploads/nicolethorson/852561117/thumbnail_image2__1__small2.jpg', 'caption': None, 'caption_html': None, 'copyright_holder': None}, {'id': 112500770, 'sort_order': 8, 'user_id': 5752094, 'x_offset': -5, 'y_offset': -35, 'square_url': 'https://images4-f.ravelrycache.com/uploads/nicolethorson/852561114/AFF5A13A-4703-436D-909A-3E35DFFBD4AB_small2_square.jpeg', 'medium_url': 'https://images4-f.ravelrycache.com/uploads/nicolethorson/852561114/AFF5A13A-4703-436D-909A-3E35DFFBD4AB_small2_medium.jpeg', 'thumbnail_url': 'https://images4-f.ravelrycache.com/uploads/nicolethorson/852561114/AFF5A13A-4703-436D-909A-3E35DFFBD4AB_small2_thumbnail.jpeg', 'small_url': 'https://images4-f.ravelrycache.com/uploads/nicolethorson/852561114/AFF5A13A-4703-436D-909A-3E35DFFBD4AB_small2_small.jpeg', 'flickr_url': None, 'shelved_url': 'https://images4-g.ravelrycache.com/uploads/nicolethorson/852561114/AFF5A13A-4703-436D-909A-3E35DFFBD4AB_small2_shelved.jpeg', 'medium2_url': 'https://images4-g.ravelrycache.com/uploads/nicolethorson/852561114/AFF5A13A-4703-436D-909A-3E35DFFBD4AB_small2_medium2.jpeg', 'small2_url': 'https://images4-f.ravelrycache.com/uploads/nicolethorson/852561114/AFF5A13A-4703-436D-909A-3E35DFFBD4AB_small2_small2.jpeg', 'caption': None, 'caption_html': None, 'copyright_holder': None}, {'id': 112500771, 'sort_order': 9, 'user_id': 5752094, 'x_offset': -5, 'y_offset': -35, 'square_url': 'https://images4-f.ravelrycache.com/uploads/nicolethorson/852561113/2767BFB6-EBEF-4C8E-AA8D-1AC545D62EDB_small2_square.jpeg', 'medium_url': 'https://images4-f.ravelrycache.com/uploads/nicolethorson/852561113/2767BFB6-EBEF-4C8E-AA8D-1AC545D62EDB_small2_medium.jpeg', 'thumbnail_url': 'https://images4-g.ravelrycache.com/uploads/nicolethorson/852561113/2767BFB6-EBEF-4C8E-AA8D-1AC545D62EDB_small2_thumbnail.jpeg', 'small_url': 'https://images4-g.ravelrycache.com/uploads/nicolethorson/852561113/2767BFB6-EBEF-4C8E-AA8D-1AC545D62EDB_small2_small.jpeg', 'flickr_url': None, 'shelved_url': 'https://images4-f.ravelrycache.com/uploads/nicolethorson/852561113/2767BFB6-EBEF-4C8E-AA8D-1AC545D62EDB_small2_shelved.jpeg', 'medium2_url': 'https://images4-f.ravelrycache.com/uploads/nicolethorson/852561113/2767BFB6-EBEF-4C8E-AA8D-1AC545D62EDB_small2_medium2.jpeg', 'small2_url': 'https://images4-f.ravelrycache.com/uploads/nicolethorson/852561113/2767BFB6-EBEF-4C8E-AA8D-1AC545D62EDB_small2_small2.jpeg', 'caption': None, 'caption_html': None, 'copyright_holder': None}, {'id': 112500772, 'sort_order': 10, 'user_id': 5752094, 'x_offset': -5, 'y_offset': -35, 'square_url': 'https://images4-f.ravelrycache.com/uploads/nicolethorson/852561116/06A2662D-8BD5-4F22-966A-23AF610ED2B9_small2_square.jpeg', 'medium_url': 'https://images4-f.ravelrycache.com/uploads/nicolethorson/852561116/06A2662D-8BD5-4F22-966A-23AF610ED2B9_small2_medium.jpeg', 'thumbnail_url': 'https://images4-f.ravelrycache.com/uploads/nicolethorson/852561116/06A2662D-8BD5-4F22-966A-23AF610ED2B9_small2_thumbnail.jpeg', 'small_url': 'https://images4-f.ravelrycache.com/uploads/nicolethorson/852561116/06A2662D-8BD5-4F22-966A-23AF610ED2B9_small2_small.jpeg', 'flickr_url': None, 'shelved_url': 'https://images4-f.ravelrycache.com/uploads/nicolethorson/852561116/06A2662D-8BD5-4F22-966A-23AF610ED2B9_small2_shelved.jpeg', 'medium2_url': 'https://images4-f.ravelrycache.com/uploads/nicolethorson/852561116/06A2662D-8BD5-4F22-966A-23AF610ED2B9_small2_medium2.jpeg', 'small2_url': 'https://images4-f.ravelrycache.com/uploads/nicolethorson/852561116/06A2662D-8BD5-4F22-966A-23AF610ED2B9_small2_small2.jpeg', 'caption': None, 'caption_html': None, 'copyright_holder': None}, {'id': 112500773, 'sort_order': 11, 'user_id': 5752094, 'x_offset': 0, 'y_offset': -70, 'square_url': 'https://images4-g.ravelrycache.com/uploads/nicolethorson/852479301/UploadedImage_medium_square.jpg', 'medium_url': 'https://images4-g.ravelrycache.com/uploads/nicolethorson/852479301/UploadedImage_medium_medium.jpg', 'thumbnail_url': 'https://images4-g.ravelrycache.com/uploads/nicolethorson/852479301/UploadedImage_medium_thumbnail.jpg', 'small_url': 'https://images4-g.ravelrycache.com/uploads/nicolethorson/852479301/UploadedImage_medium_small_best_fit.jpg', 'flickr_url': None, 'shelved_url': 'https://images4-g.ravelrycache.com/uploads/nicolethorson/852479301/UploadedImage_medium_shelved.jpg', 'medium2_url': 'https://images4-a.ravelrycache.com/uploads/nicolethorson/852479301/UploadedImage_medium_medium2.jpg', 'small2_url': 'https://images4-g.ravelrycache.com/uploads/nicolethorson/852479301/UploadedImage_medium_small2.jpg', 'caption': None, 'caption_html': None, 'copyright_holder': None}, {'id': 112500774, 'sort_order': 12, 'user_id': 5752094, 'x_offset': 0, 'y_offset': -19, 'square_url': 'https://images4-f.ravelrycache.com/uploads/nicolethorson/852479304/UploadedImage_small2_square.jpg', 'medium_url': 'https://images4-f.ravelrycache.com/uploads/nicolethorson/852479304/UploadedImage_small2_medium.jpg', 'thumbnail_url': 'https://images4-f.ravelrycache.com/uploads/nicolethorson/852479304/UploadedImage_small2_thumbnail.jpg', 'small_url': 'https://images4-f.ravelrycache.com/uploads/nicolethorson/852479304/UploadedImage_small2_small_best_fit.jpg', 'flickr_url': None, 'shelved_url': 'https://images4-g.ravelrycache.com/uploads/nicolethorson/852479304/UploadedImage_small2_shelved.jpg', 'medium2_url': 'https://images4-f.ravelrycache.com/uploads/nicolethorson/852479304/UploadedImage_small2_medium2.jpg', 'small2_url': 'https://images4-f.ravelrycache.com/uploads/nicolethorson/852479304/UploadedImage_small2_small2.jpg', 'caption': None, 'caption_html': None, 'copyright_holder': None}, {'id': 112500775, 'sort_order': 13, 'user_id': 5752094, 'x_offset': -5, 'y_offset': -35, 'square_url': 'https://images4-g.ravelrycache.com/uploads/nicolethorson/852479303/thumbnail_IMG_6046_square.jpg', 'medium_url': 'https://images4-g.ravelrycache.com/uploads/nicolethorson/852479303/thumbnail_IMG_6046_medium.jpg', 'thumbnail_url': 'https://images4-g.ravelrycache.com/uploads/nicolethorson/852479303/thumbnail_IMG_6046_thumbnail.jpg', 'small_url': 'https://images4-g.ravelrycache.com/uploads/nicolethorson/852479303/thumbnail_IMG_6046_small.jpg', 'flickr_url': None, 'shelved_url': 'https://images4-g.ravelrycache.com/uploads/nicolethorson/852479303/thumbnail_IMG_6046_shelved.jpg', 'medium2_url': 'https://images4-a.ravelrycache.com/uploads/nicolethorson/852479303/thumbnail_IMG_6046_medium2.jpg', 'small2_url': 'https://images4-g.ravelrycache.com/uploads/nicolethorson/852479303/thumbnail_IMG_6046_small2.jpg', 'caption': None, 'caption_html': None, 'copyright_holder': None}, {'id': 112500776, 'sort_order': 14, 'user_id': 5752094, 'x_offset': -5, 'y_offset': -35, 'square_url': 'https://images4-f.ravelrycache.com/uploads/nicolethorson/852479309/thumbnail_IMG_6044_square.jpg', 'medium_url': 'https://images4-f.ravelrycache.com/uploads/nicolethorson/852479309/thumbnail_IMG_6044_medium.jpg', 'thumbnail_url': 'https://images4-g.ravelrycache.com/uploads/nicolethorson/852479309/thumbnail_IMG_6044_thumbnail.jpg', 'small_url': 'https://images4-g.ravelrycache.com/uploads/nicolethorson/852479309/thumbnail_IMG_6044_small.jpg', 'flickr_url': None, 'shelved_url': 'https://images4-f.ravelrycache.com/uploads/nicolethorson/852479309/thumbnail_IMG_6044_shelved.jpg', 'medium2_url': 'https://images4-a.ravelrycache.com/uploads/nicolethorson/852479309/thumbnail_IMG_6044_medium2.jpg', 'small2_url': 'https://images4-f.ravelrycache.com/uploads/nicolethorson/852479309/thumbnail_IMG_6044_small2.jpg', 'caption': None, 'caption_html': None, 'copyright_holder': None}, {'id': 112500777, 'sort_order': 15, 'user_id': 5752094, 'x_offset': -5, 'y_offset': -35, 'square_url': 'https://images4-g.ravelrycache.com/uploads/nicolethorson/852479298/thumbnail_IMG_6042_square.jpg', 'medium_url': 'https://images4-g.ravelrycache.com/uploads/nicolethorson/852479298/thumbnail_IMG_6042_medium.jpg', 'thumbnail_url': 'https://images4-g.ravelrycache.com/uploads/nicolethorson/852479298/thumbnail_IMG_6042_thumbnail.jpg', 'small_url': 'https://images4-g.ravelrycache.com/uploads/nicolethorson/852479298/thumbnail_IMG_6042_small.jpg', 'flickr_url': None, 'shelved_url': 'https://images4-f.ravelrycache.com/uploads/nicolethorson/852479298/thumbnail_IMG_6042_shelved.jpg', 'medium2_url': 'https://images4-a.ravelrycache.com/uploads/nicolethorson/852479298/thumbnail_IMG_6042_medium2.jpg', 'small2_url': 'https://images4-g.ravelrycache.com/uploads/nicolethorson/852479298/thumbnail_IMG_6042_small2.jpg', 'caption': None, 'caption_html': None, 'copyright_holder': None}, {'id': 112500778, 'sort_order': 16, 'user_id': 5752094, 'x_offset': 0, 'y_offset': -21, 'square_url': 'https://images4-f.ravelrycache.com/uploads/nicolethorson/852479315/thumbnail_image5_square.jpg', 'medium_url': 'https://images4-f.ravelrycache.com/uploads/nicolethorson/852479315/thumbnail_image5_medium.jpg', 'thumbnail_url': 'https://images4-g.ravelrycache.com/uploads/nicolethorson/852479315/thumbnail_image5_thumbnail.jpg', 'small_url': 'https://images4-f.ravelrycache.com/uploads/nicolethorson/852479315/thumbnail_image5_small_best_fit.jpg', 'flickr_url': None, 'shelved_url': 'https://images4-g.ravelrycache.com/uploads/nicolethorson/852479315/thumbnail_image5_shelved.jpg', 'medium2_url': 'https://images4-a.ravelrycache.com/uploads/nicolethorson/852479315/thumbnail_image5_medium2.jpg', 'small2_url': 'https://images4-f.ravelrycache.com/uploads/nicolethorson/852479315/thumbnail_image5_small2.jpg', 'caption': None, 'caption_html': None, 'copyright_holder': None}, {'id': 112500779, 'sort_order': 17, 'user_id': 5752094, 'x_offset': -5, 'y_offset': -35, 'square_url': 'https://images4-f.ravelrycache.com/uploads/nicolethorson/852479291/thumbnail_image4_square.jpg', 'medium_url': 'https://images4-f.ravelrycache.com/uploads/nicolethorson/852479291/thumbnail_image4_medium.jpg', 'thumbnail_url': 'https://images4-f.ravelrycache.com/uploads/nicolethorson/852479291/thumbnail_image4_thumbnail.jpg', 'small_url': 'https://images4-f.ravelrycache.com/uploads/nicolethorson/852479291/thumbnail_image4_small.jpg', 'flickr_url': None, 'shelved_url': 'https://images4-g.ravelrycache.com/uploads/nicolethorson/852479291/thumbnail_image4_shelved.jpg', 'medium2_url': 'https://images4-a.ravelrycache.com/uploads/nicolethorson/852479291/thumbnail_image4_medium2.jpg', 'small2_url': 'https://images4-f.ravelrycache.com/uploads/nicolethorson/852479291/thumbnail_image4_small2.jpg', 'caption': None, 'caption_html': None, 'copyright_holder': None}, {'id': 112500780, 'sort_order': 18, 'user_id': 5752094, 'x_offset': -5, 'y_offset': -35, 'square_url': 'https://images4-f.ravelrycache.com/uploads/nicolethorson/852479305/thumbnail_image3_square.jpg', 'medium_url': 'https://images4-f.ravelrycache.com/uploads/nicolethorson/852479305/thumbnail_image3_medium.jpg', 'thumbnail_url': 'https://images4-f.ravelrycache.com/uploads/nicolethorson/852479305/thumbnail_image3_thumbnail.jpg', 'small_url': 'https://images4-g.ravelrycache.com/uploads/nicolethorson/852479305/thumbnail_image3_small.jpg', 'flickr_url': None, 'shelved_url': 'https://images4-g.ravelrycache.com/uploads/nicolethorson/852479305/thumbnail_image3_shelved.jpg', 'medium2_url': 'https://images4-a.ravelrycache.com/uploads/nicolethorson/852479305/thumbnail_image3_medium2.jpg', 'small2_url': 'https://images4-f.ravelrycache.com/uploads/nicolethorson/852479305/thumbnail_image3_small2.jpg', 'caption': None, 'caption_html': None, 'copyright_holder': None}, {'id': 112500781, 'sort_order': 19, 'user_id': 5752094, 'x_offset': -5, 'y_offset': -35, 'square_url': 'https://images4-f.ravelrycache.com/uploads/nicolethorson/852479274/thumbnail_image2_square.jpg', 'medium_url': 'https://images4-f.ravelrycache.com/uploads/nicolethorson/852479274/thumbnail_image2_medium.jpg', 'thumbnail_url': 'https://images4-g.ravelrycache.com/uploads/nicolethorson/852479274/thumbnail_image2_thumbnail.jpg', 'small_url': 'https://images4-g.ravelrycache.com/uploads/nicolethorson/852479274/thumbnail_image2_small.jpg', 'flickr_url': None, 'shelved_url': 'https://images4-g.ravelrycache.com/uploads/nicolethorson/852479274/thumbnail_image2_shelved.jpg', 'medium2_url': 'https://images4-a.ravelrycache.com/uploads/nicolethorson/852479274/thumbnail_image2_medium2.jpg', 'small2_url': 'https://images4-f.ravelrycache.com/uploads/nicolethorson/852479274/thumbnail_image2_small2.jpg', 'caption': None, 'caption_html': None, 'copyright_holder': None}, {'id': 112500782, 'sort_order': 20, 'user_id': 5752094, 'x_offset': -5, 'y_offset': -35, 'square_url': 'https://images4-f.ravelrycache.com/uploads/nicolethorson/852479269/thumbnail_image1_square.jpg', 'medium_url': 'https://images4-f.ravelrycache.com/uploads/nicolethorson/852479269/thumbnail_image1_medium.jpg', 'thumbnail_url': 'https://images4-f.ravelrycache.com/uploads/nicolethorson/852479269/thumbnail_image1_thumbnail.jpg', 'small_url': 'https://images4-f.ravelrycache.com/uploads/nicolethorson/852479269/thumbnail_image1_small.jpg', 'flickr_url': None, 'shelved_url': 'https://images4-f.ravelrycache.com/uploads/nicolethorson/852479269/thumbnail_image1_shelved.jpg', 'medium2_url': 'https://images4-a.ravelrycache.com/uploads/nicolethorson/852479269/thumbnail_image1_medium2.jpg', 'small2_url': 'https://images4-f.ravelrycache.com/uploads/nicolethorson/852479269/thumbnail_image1_small2.jpg', 'caption': None, 'caption_html': None, 'copyright_holder': None}, {'id': 112500783, 'sort_order': 21, 'user_id': 5752094, 'x_offset': -7, 'y_offset': -35, 'square_url': 'https://images4-f.ravelrycache.com/uploads/nicolethorson/852479272/thumbnail_image0_square.jpg', 'medium_url': 'https://images4-f.ravelrycache.com/uploads/nicolethorson/852479272/thumbnail_image0_medium.jpg', 'thumbnail_url': 'https://images4-f.ravelrycache.com/uploads/nicolethorson/852479272/thumbnail_image0_thumbnail.jpg', 'small_url': 'https://images4-f.ravelrycache.com/uploads/nicolethorson/852479272/thumbnail_image0_small.jpg', 'flickr_url': None, 'shelved_url': 'https://images4-g.ravelrycache.com/uploads/nicolethorson/852479272/thumbnail_image0_shelved.jpg', 'medium2_url': 'https://images4-a.ravelrycache.com/uploads/nicolethorson/852479272/thumbnail_image0_medium2.jpg', 'small2_url': 'https://images4-f.ravelrycache.com/uploads/nicolethorson/852479272/thumbnail_image0_small2.jpg', 'caption': None, 'caption_html': None, 'copyright_holder': None}, {'id': 112500784, 'sort_order': 22, 'user_id': 5752094, 'x_offset': -5, 'y_offset': -35, 'square_url': 'https://images4-g.ravelrycache.com/uploads/nicolethorson/852479150/thumbnail_image_123927839_square.jpg', 'medium_url': 'https://images4-g.ravelrycache.com/uploads/nicolethorson/852479150/thumbnail_image_123927839_medium.jpg', 'thumbnail_url': 'https://images4-g.ravelrycache.com/uploads/nicolethorson/852479150/thumbnail_image_123927839_thumbnail.jpg', 'small_url': 'https://images4-f.ravelrycache.com/uploads/nicolethorson/852479150/thumbnail_image_123927839_small.jpg', 'flickr_url': None, 'shelved_url': 'https://images4-g.ravelrycache.com/uploads/nicolethorson/852479150/thumbnail_image_123927839_shelved.jpg', 'medium2_url': 'https://images4-a.ravelrycache.com/uploads/nicolethorson/852479150/thumbnail_image_123927839_medium2.jpg', 'small2_url': 'https://images4-g.ravelrycache.com/uploads/nicolethorson/852479150/thumbnail_image_123927839_small2.jpg', 'caption': None, 'caption_html': None, 'copyright_holder': None}, {'id': 112500785, 'sort_order': 23, 'user_id': 5752094, 'x_offset': -5, 'y_offset': -35, 'square_url': 'https://images4-g.ravelrycache.com/uploads/nicolethorson/852479075/thumbnail_image_123927839__7__square.jpg', 'medium_url': 'https://images4-g.ravelrycache.com/uploads/nicolethorson/852479075/thumbnail_image_123927839__7__medium.jpg', 'thumbnail_url': 'https://images4-g.ravelrycache.com/uploads/nicolethorson/852479075/thumbnail_image_123927839__7__thumbnail.jpg', 'small_url': 'https://images4-g.ravelrycache.com/uploads/nicolethorson/852479075/thumbnail_image_123927839__7__small.jpg', 'flickr_url': None, 'shelved_url': 'https://images4-f.ravelrycache.com/uploads/nicolethorson/852479075/thumbnail_image_123927839__7__shelved.jpg', 'medium2_url': 'https://images4-a.ravelrycache.com/uploads/nicolethorson/852479075/thumbnail_image_123927839__7__medium2.jpg', 'small2_url': 'https://images4-g.ravelrycache.com/uploads/nicolethorson/852479075/thumbnail_image_123927839__7__small2.jpg', 'caption': None, 'caption_html': None, 'copyright_holder': None}, {'id': 112500786, 'sort_order': 24, 'user_id': 5752094, 'x_offset': -5, 'y_offset': -35, 'square_url': 'https://images4-f.ravelrycache.com/uploads/nicolethorson/852479282/thumbnail_image_123927839__6__square.jpg', 'medium_url': 'https://images4-f.ravelrycache.com/uploads/nicolethorson/852479282/thumbnail_image_123927839__6__medium.jpg', 'thumbnail_url': 'https://images4-g.ravelrycache.com/uploads/nicolethorson/852479282/thumbnail_image_123927839__6__thumbnail.jpg', 'small_url': 'https://images4-g.ravelrycache.com/uploads/nicolethorson/852479282/thumbnail_image_123927839__6__small.jpg', 'flickr_url': None, 'shelved_url': 'https://images4-f.ravelrycache.com/uploads/nicolethorson/852479282/thumbnail_image_123927839__6__shelved.jpg', 'medium2_url': 'https://images4-a.ravelrycache.com/uploads/nicolethorson/852479282/thumbnail_image_123927839__6__medium2.jpg', 'small2_url': 'https://images4-f.ravelrycache.com/uploads/nicolethorson/852479282/thumbnail_image_123927839__6__small2.jpg', 'caption': None, 'caption_html': None, 'copyright_holder': None}, {'id': 112500787, 'sort_order': 25, 'user_id': 5752094, 'x_offset': -5, 'y_offset': -35, 'square_url': 'https://images4-g.ravelrycache.com/uploads/nicolethorson/852479100/thumbnail_image_123927839__5__square.jpg', 'medium_url': 'https://images4-g.ravelrycache.com/uploads/nicolethorson/852479100/thumbnail_image_123927839__5__medium.jpg', 'thumbnail_url': 'https://images4-f.ravelrycache.com/uploads/nicolethorson/852479100/thumbnail_image_123927839__5__thumbnail.jpg', 'small_url': 'https://images4-g.ravelrycache.com/uploads/nicolethorson/852479100/thumbnail_image_123927839__5__small.jpg', 'flickr_url': None, 'shelved_url': 'https://images4-g.ravelrycache.com/uploads/nicolethorson/852479100/thumbnail_image_123927839__5__shelved.jpg', 'medium2_url': 'https://images4-a.ravelrycache.com/uploads/nicolethorson/852479100/thumbnail_image_123927839__5__medium2.jpg', 'small2_url': 'https://images4-g.ravelrycache.com/uploads/nicolethorson/852479100/thumbnail_image_123927839__5__small2.jpg', 'caption': None, 'caption_html': None, 'copyright_holder': None}, {'id': 112500788, 'sort_order': 26, 'user_id': 5752094, 'x_offset': -5, 'y_offset': -35, 'square_url': 'https://images4-g.ravelrycache.com/uploads/nicolethorson/852478985/thumbnail_image_123927839__4__square.jpg', 'medium_url': 'https://images4-g.ravelrycache.com/uploads/nicolethorson/852478985/thumbnail_image_123927839__4__medium.jpg', 'thumbnail_url': 'https://images4-g.ravelrycache.com/uploads/nicolethorson/852478985/thumbnail_image_123927839__4__thumbnail.jpg', 'small_url': 'https://images4-f.ravelrycache.com/uploads/nicolethorson/852478985/thumbnail_image_123927839__4__small.jpg', 'flickr_url': None, 'shelved_url': 'https://images4-f.ravelrycache.com/uploads/nicolethorson/852478985/thumbnail_image_123927839__4__shelved.jpg', 'medium2_url': 'https://images4-a.ravelrycache.com/uploads/nicolethorson/852478985/thumbnail_image_123927839__4__medium2.jpg', 'small2_url': 'https://images4-g.ravelrycache.com/uploads/nicolethorson/852478985/thumbnail_image_123927839__4__small2.jpg', 'caption': None, 'caption_html': None, 'copyright_holder': None}, {'id': 112500789, 'sort_order': 27, 'user_id': 5752094, 'x_offset': -5, 'y_offset': -35, 'square_url': 'https://images4-g.ravelrycache.com/uploads/nicolethorson/852478974/thumbnail_image_123927839__3__square.jpg', 'medium_url': 'https://images4-g.ravelrycache.com/uploads/nicolethorson/852478974/thumbnail_image_123927839__3__medium.jpg', 'thumbnail_url': 'https://images4-g.ravelrycache.com/uploads/nicolethorson/852478974/thumbnail_image_123927839__3__thumbnail.jpg', 'small_url': 'https://images4-f.ravelrycache.com/uploads/nicolethorson/852478974/thumbnail_image_123927839__3__small.jpg', 'flickr_url': None, 'shelved_url': 'https://images4-f.ravelrycache.com/uploads/nicolethorson/852478974/thumbnail_image_123927839__3__shelved.jpg', 'medium2_url': 'https://images4-a.ravelrycache.com/uploads/nicolethorson/852478974/thumbnail_image_123927839__3__medium2.jpg', 'small2_url': 'https://images4-g.ravelrycache.com/uploads/nicolethorson/852478974/thumbnail_image_123927839__3__small2.jpg', 'caption': None, 'caption_html': None, 'copyright_holder': None}, {'id': 112500790, 'sort_order': 28, 'user_id': 5752094, 'x_offset': -5, 'y_offset': -35, 'square_url': 'https://images4-g.ravelrycache.com/uploads/nicolethorson/852478956/thumbnail_image_123927839__2__square.jpg', 'medium_url': 'https://images4-g.ravelrycache.com/uploads/nicolethorson/852478956/thumbnail_image_123927839__2__medium.jpg', 'thumbnail_url': 'https://images4-f.ravelrycache.com/uploads/nicolethorson/852478956/thumbnail_image_123927839__2__thumbnail.jpg', 'small_url': 'https://images4-f.ravelrycache.com/uploads/nicolethorson/852478956/thumbnail_image_123927839__2__small.jpg', 'flickr_url': None, 'shelved_url': 'https://images4-f.ravelrycache.com/uploads/nicolethorson/852478956/thumbnail_image_123927839__2__shelved.jpg', 'medium2_url': 'https://images4-a.ravelrycache.com/uploads/nicolethorson/852478956/thumbnail_image_123927839__2__medium2.jpg', 'small2_url': 'https://images4-g.ravelrycache.com/uploads/nicolethorson/852478956/thumbnail_image_123927839__2__small2.jpg', 'caption': None, 'caption_html': None, 'copyright_holder': None}, {'id': 112500791, 'sort_order': 29, 'user_id': 5752094, 'x_offset': -5, 'y_offset': -35, 'square_url': 'https://images4-f.ravelrycache.com/uploads/nicolethorson/852478966/thumbnail_image_123927839__1__square.jpg', 'medium_url': 'https://images4-f.ravelrycache.com/uploads/nicolethorson/852478966/thumbnail_image_123927839__1__medium.jpg', 'thumbnail_url': 'https://images4-f.ravelrycache.com/uploads/nicolethorson/852478966/thumbnail_image_123927839__1__thumbnail.jpg', 'small_url': 'https://images4-f.ravelrycache.com/uploads/nicolethorson/852478966/thumbnail_image_123927839__1__small.jpg', 'flickr_url': None, 'shelved_url': 'https://images4-g.ravelrycache.com/uploads/nicolethorson/852478966/thumbnail_image_123927839__1__shelved.jpg', 'medium2_url': 'https://images4-a.ravelrycache.com/uploads/nicolethorson/852478966/thumbnail_image_123927839__1__medium2.jpg', 'small2_url': 'https://images4-f.ravelrycache.com/uploads/nicolethorson/852478966/thumbnail_image_123927839__1__small2.jpg', 'caption': None, 'caption_html': None, 'copyright_holder': None}, {'id': 112500792, 'sort_order': 30, 'user_id': 5752094, 'x_offset': -5, 'y_offset': -35, 'square_url': 'https://images4-g.ravelrycache.com/uploads/nicolethorson/852478961/thumbnail_image_6487327_square.jpg', 'medium_url': 'https://images4-g.ravelrycache.com/uploads/nicolethorson/852478961/thumbnail_image_6487327_medium.jpg', 'thumbnail_url': 'https://images4-g.ravelrycache.com/uploads/nicolethorson/852478961/thumbnail_image_6487327_thumbnail.jpg', 'small_url': 'https://images4-g.ravelrycache.com/uploads/nicolethorson/852478961/thumbnail_image_6487327_small.jpg', 'flickr_url': None, 'shelved_url': 'https://images4-g.ravelrycache.com/uploads/nicolethorson/852478961/thumbnail_image_6487327_shelved.jpg', 'medium2_url': 'https://images4-a.ravelrycache.com/uploads/nicolethorson/852478961/thumbnail_image_6487327_medium2.jpg', 'small2_url': 'https://images4-g.ravelrycache.com/uploads/nicolethorson/852478961/thumbnail_image_6487327_small2.jpg', 'caption': None, 'caption_html': None, 'copyright_holder': None}, {'id': 112500793, 'sort_order': 31, 'user_id': 5752094, 'x_offset': -47, 'y_offset': 0, 'square_url': 'https://images4-g.ravelrycache.com/uploads/nicolethorson/852478982/Screenshot_20220428-162247_square.jpg', 'medium_url': 'https://images4-g.ravelrycache.com/uploads/nicolethorson/852478982/Screenshot_20220428-162247_medium.jpg', 'thumbnail_url': 'https://images4-f.ravelrycache.com/uploads/nicolethorson/852478982/Screenshot_20220428-162247_thumbnail.jpg', 'small_url': 'https://images4-f.ravelrycache.com/uploads/nicolethorson/852478982/Screenshot_20220428-162247_small_best_fit.jpg', 'flickr_url': None, 'shelved_url': 'https://images4-g.ravelrycache.com/uploads/nicolethorson/852478982/Screenshot_20220428-162247_shelved.jpg', 'medium2_url': 'https://images4-a.ravelrycache.com/uploads/nicolethorson/852478982/Screenshot_20220428-162247_medium2.jpg', 'small2_url': 'https://images4-g.ravelrycache.com/uploads/nicolethorson/852478982/Screenshot_20220428-162247_small2.jpg', 'caption': None, 'caption_html': None, 'copyright_holder': None}, {'id': 112500794, 'sort_order': 32, 'user_id': 5752094, 'x_offset': 0, 'y_offset': -36, 'square_url': 'https://images4-g.ravelrycache.com/uploads/nicolethorson/852478977/Screenshot_20220428-162243_square.jpg', 'medium_url': 'https://images4-g.ravelrycache.com/uploads/nicolethorson/852478977/Screenshot_20220428-162243_medium.jpg', 'thumbnail_url': 'https://images4-g.ravelrycache.com/uploads/nicolethorson/852478977/Screenshot_20220428-162243_thumbnail.jpg', 'small_url': 'https://images4-f.ravelrycache.com/uploads/nicolethorson/852478977/Screenshot_20220428-162243_small_best_fit.jpg', 'flickr_url': None, 'shelved_url': 'https://images4-f.ravelrycache.com/uploads/nicolethorson/852478977/Screenshot_20220428-162243_shelved.jpg', 'medium2_url': 'https://images4-a.ravelrycache.com/uploads/nicolethorson/852478977/Screenshot_20220428-162243_medium2.jpg', 'small2_url': 'https://images4-g.ravelrycache.com/uploads/nicolethorson/852478977/Screenshot_20220428-162243_small2.jpg', 'caption': None, 'caption_html': None, 'copyright_holder': None}, {'id': 112500795, 'sort_order': 33, 'user_id': 5752094, 'x_offset': -3, 'y_offset': -35, 'square_url': 'https://images4-f.ravelrycache.com/uploads/nicolethorson/852478972/Screenshot_20220428-162240_square.jpg', 'medium_url': 'https://images4-f.ravelrycache.com/uploads/nicolethorson/852478972/Screenshot_20220428-162240_medium.jpg', 'thumbnail_url': 'https://images4-g.ravelrycache.com/uploads/nicolethorson/852478972/Screenshot_20220428-162240_thumbnail.jpg', 'small_url': 'https://images4-f.ravelrycache.com/uploads/nicolethorson/852478972/Screenshot_20220428-162240_small.jpg', 'flickr_url': None, 'shelved_url': 'https://images4-g.ravelrycache.com/uploads/nicolethorson/852478972/Screenshot_20220428-162240_shelved.jpg', 'medium2_url': 'https://images4-a.ravelrycache.com/uploads/nicolethorson/852478972/Screenshot_20220428-162240_medium2.jpg', 'small2_url': 'https://images4-f.ravelrycache.com/uploads/nicolethorson/852478972/Screenshot_20220428-162240_small2.jpg', 'caption': None, 'caption_html': None, 'copyright_holder': None}, {'id': 112500796, 'sort_order': 34, 'user_id': 5752094, 'x_offset': 0, 'y_offset': -37, 'square_url': 'https://images4-f.ravelrycache.com/uploads/nicolethorson/852478979/Screenshot_20220428-162237_square.jpg', 'medium_url': 'https://images4-f.ravelrycache.com/uploads/nicolethorson/852478979/Screenshot_20220428-162237_medium.jpg', 'thumbnail_url': 'https://images4-g.ravelrycache.com/uploads/nicolethorson/852478979/Screenshot_20220428-162237_thumbnail.jpg', 'small_url': 'https://images4-f.ravelrycache.com/uploads/nicolethorson/852478979/Screenshot_20220428-162237_small_best_fit.jpg', 'flickr_url': None, 'shelved_url': 'https://images4-g.ravelrycache.com/uploads/nicolethorson/852478979/Screenshot_20220428-162237_shelved.jpg', 'medium2_url': 'https://images4-a.ravelrycache.com/uploads/nicolethorson/852478979/Screenshot_20220428-162237_medium2.jpg', 'small2_url': 'https://images4-f.ravelrycache.com/uploads/nicolethorson/852478979/Screenshot_20220428-162237_small2.jpg', 'caption': None, 'caption_html': None, 'copyright_holder': None}, {'id': 112500797, 'sort_order': 35, 'user_id': 5752094, 'x_offset': -1, 'y_offset': -35, 'square_url': 'https://images4-f.ravelrycache.com/uploads/nicolethorson/852478981/Screenshot_20220428-162234_square.jpg', 'medium_url': 'https://images4-f.ravelrycache.com/uploads/nicolethorson/852478981/Screenshot_20220428-162234_medium.jpg', 'thumbnail_url': 'https://images4-f.ravelrycache.com/uploads/nicolethorson/852478981/Screenshot_20220428-162234_thumbnail.jpg', 'small_url': 'https://images4-g.ravelrycache.com/uploads/nicolethorson/852478981/Screenshot_20220428-162234_small.jpg', 'flickr_url': None, 'shelved_url': 'https://images4-f.ravelrycache.com/uploads/nicolethorson/852478981/Screenshot_20220428-162234_shelved.jpg', 'medium2_url': 'https://images4-a.ravelrycache.com/uploads/nicolethorson/852478981/Screenshot_20220428-162234_medium2.jpg', 'small2_url': 'https://images4-f.ravelrycache.com/uploads/nicolethorson/852478981/Screenshot_20220428-162234_small2.jpg', 'caption': None, 'caption_html': None, 'copyright_holder': None}, {'id': 112500798, 'sort_order': 36, 'user_id': 5752094, 'x_offset': -1, 'y_offset': -35, 'square_url': 'https://images4-g.ravelrycache.com/uploads/nicolethorson/852478975/Screenshot_20220428-162229_square.jpg', 'medium_url': 'https://images4-g.ravelrycache.com/uploads/nicolethorson/852478975/Screenshot_20220428-162229_medium.jpg', 'thumbnail_url': 'https://images4-g.ravelrycache.com/uploads/nicolethorson/852478975/Screenshot_20220428-162229_thumbnail.jpg', 'small_url': 'https://images4-g.ravelrycache.com/uploads/nicolethorson/852478975/Screenshot_20220428-162229_small.jpg', 'flickr_url': None, 'shelved_url': 'https://images4-f.ravelrycache.com/uploads/nicolethorson/852478975/Screenshot_20220428-162229_shelved.jpg', 'medium2_url': 'https://images4-a.ravelrycache.com/uploads/nicolethorson/852478975/Screenshot_20220428-162229_medium2.jpg', 'small2_url': 'https://images4-g.ravelrycache.com/uploads/nicolethorson/852478975/Screenshot_20220428-162229_small2.jpg', 'caption': None, 'caption_html': None, 'copyright_holder': None}, {'id': 112500799, 'sort_order': 37, 'user_id': 5752094, 'x_offset': 0, 'y_offset': -36, 'square_url': 'https://images4-f.ravelrycache.com/uploads/nicolethorson/852478973/Screenshot_20220428-162225_square.jpg', 'medium_url': 'https://images4-f.ravelrycache.com/uploads/nicolethorson/852478973/Screenshot_20220428-162225_medium.jpg', 'thumbnail_url': 'https://images4-f.ravelrycache.com/uploads/nicolethorson/852478973/Screenshot_20220428-162225_thumbnail.jpg', 'small_url': 'https://images4-g.ravelrycache.com/uploads/nicolethorson/852478973/Screenshot_20220428-162225_small_best_fit.jpg', 'flickr_url': None, 'shelved_url': 'https://images4-f.ravelrycache.com/uploads/nicolethorson/852478973/Screenshot_20220428-162225_shelved.jpg', 'medium2_url': 'https://images4-a.ravelrycache.com/uploads/nicolethorson/852478973/Screenshot_20220428-162225_medium2.jpg', 'small2_url': 'https://images4-f.ravelrycache.com/uploads/nicolethorson/852478973/Screenshot_20220428-162225_small2.jpg', 'caption': None, 'caption_html': None, 'copyright_holder': None}, {'id': 112500800, 'sort_order': 38, 'user_id': 5752094, 'x_offset': 0, 'y_offset': -39, 'square_url': 'https://images4-g.ravelrycache.com/uploads/nicolethorson/852478959/Screenshot_20220428-162214_square.jpg', 'medium_url': 'https://images4-g.ravelrycache.com/uploads/nicolethorson/852478959/Screenshot_20220428-162214_medium.jpg', 'thumbnail_url': 'https://images4-g.ravelrycache.com/uploads/nicolethorson/852478959/Screenshot_20220428-162214_thumbnail.jpg', 'small_url': 'https://images4-g.ravelrycache.com/uploads/nicolethorson/852478959/Screenshot_20220428-162214_small_best_fit.jpg', 'flickr_url': None, 'shelved_url': 'https://images4-g.ravelrycache.com/uploads/nicolethorson/852478959/Screenshot_20220428-162214_shelved.jpg', 'medium2_url': 'https://images4-a.ravelrycache.com/uploads/nicolethorson/852478959/Screenshot_20220428-162214_medium2.jpg', 'small2_url': 'https://images4-g.ravelrycache.com/uploads/nicolethorson/852478959/Screenshot_20220428-162214_small2.jpg', 'caption': None, 'caption_html': None, 'copyright_holder': None}, {'id': 112500801, 'sort_order': 39, 'user_id': 5752094, 'x_offset': 1, 'y_offset': -36, 'square_url': 'https://images4-g.ravelrycache.com/uploads/nicolethorson/852478978/Screenshot_20220428-162209_square.jpg', 'medium_url': 'https://images4-g.ravelrycache.com/uploads/nicolethorson/852478978/Screenshot_20220428-162209_medium.jpg', 'thumbnail_url': 'https://images4-f.ravelrycache.com/uploads/nicolethorson/852478978/Screenshot_20220428-162209_thumbnail.jpg', 'small_url': 'https://images4-f.ravelrycache.com/uploads/nicolethorson/852478978/Screenshot_20220428-162209_small_best_fit.jpg', 'flickr_url': None, 'shelved_url': 'https://images4-g.ravelrycache.com/uploads/nicolethorson/852478978/Screenshot_20220428-162209_shelved.jpg', 'medium2_url': 'https://images4-a.ravelrycache.com/uploads/nicolethorson/852478978/Screenshot_20220428-162209_medium2.jpg', 'small2_url': 'https://images4-g.ravelrycache.com/uploads/nicolethorson/852478978/Screenshot_20220428-162209_small2.jpg', 'caption': None, 'caption_html': None, 'copyright_holder': None}, {'id': 112500802, 'sort_order': 40, 'user_id': 5752094, 'x_offset': -1, 'y_offset': -37, 'square_url': 'https://images4-g.ravelrycache.com/uploads/nicolethorson/852478955/Screenshot_20220428-162206_square.jpg', 'medium_url': 'https://images4-g.ravelrycache.com/uploads/nicolethorson/852478955/Screenshot_20220428-162206_medium.jpg', 'thumbnail_url': 'https://images4-g.ravelrycache.com/uploads/nicolethorson/852478955/Screenshot_20220428-162206_thumbnail.jpg', 'small_url': 'https://images4-f.ravelrycache.com/uploads/nicolethorson/852478955/Screenshot_20220428-162206_small_best_fit.jpg', 'flickr_url': None, 'shelved_url': 'https://images4-f.ravelrycache.com/uploads/nicolethorson/852478955/Screenshot_20220428-162206_shelved.jpg', 'medium2_url': 'https://images4-a.ravelrycache.com/uploads/nicolethorson/852478955/Screenshot_20220428-162206_medium2.jpg', 'small2_url': 'https://images4-g.ravelrycache.com/uploads/nicolethorson/852478955/Screenshot_20220428-162206_small2.jpg', 'caption': None, 'caption_html': None, 'copyright_holder': None}, {'id': 112500803, 'sort_order': 41, 'user_id': 5752094, 'x_offset': 0, 'y_offset': -97, 'square_url': 'https://images4-f.ravelrycache.com/uploads/nicolethorson/852478950/BD66F2ED-258D-4188-B632-D235325BF7C8_medium_square.jpeg', 'medium_url': 'https://images4-f.ravelrycache.com/uploads/nicolethorson/852478950/BD66F2ED-258D-4188-B632-D235325BF7C8_medium_medium.jpeg', 'thumbnail_url': 'https://images4-f.ravelrycache.com/uploads/nicolethorson/852478950/BD66F2ED-258D-4188-B632-D235325BF7C8_medium_thumbnail.jpeg', 'small_url': 'https://images4-g.ravelrycache.com/uploads/nicolethorson/852478950/BD66F2ED-258D-4188-B632-D235325BF7C8_medium_small_best_fit.jpeg', 'flickr_url': None, 'shelved_url': 'https://images4-g.ravelrycache.com/uploads/nicolethorson/852478950/BD66F2ED-258D-4188-B632-D235325BF7C8_medium_shelved.jpeg', 'medium2_url': 'https://images4-a.ravelrycache.com/uploads/nicolethorson/852478950/BD66F2ED-258D-4188-B632-D235325BF7C8_medium_medium2.jpeg', 'small2_url': 'https://images4-f.ravelrycache.com/uploads/nicolethorson/852478950/BD66F2ED-258D-4188-B632-D235325BF7C8_medium_small2.jpeg', 'caption': None, 'caption_html': None, 'copyright_holder': None}, {'id': 112500804, 'sort_order': 42, 'user_id': 5752094, 'x_offset': 0, 'y_offset': -65, 'square_url': 'https://images4-f.ravelrycache.com/uploads/nicolethorson/852478962/Screenshot_20220428-162138_square.jpg', 'medium_url': 'https://images4-f.ravelrycache.com/uploads/nicolethorson/852478962/Screenshot_20220428-162138_medium.jpg', 'thumbnail_url': 'https://images4-f.ravelrycache.com/uploads/nicolethorson/852478962/Screenshot_20220428-162138_thumbnail.jpg', 'small_url': 'https://images4-f.ravelrycache.com/uploads/nicolethorson/852478962/Screenshot_20220428-162138_small_best_fit.jpg', 'flickr_url': None, 'shelved_url': 'https://images4-f.ravelrycache.com/uploads/nicolethorson/852478962/Screenshot_20220428-162138_shelved.jpg', 'medium2_url': 'https://images4-a.ravelrycache.com/uploads/nicolethorson/852478962/Screenshot_20220428-162138_medium2.jpg', 'small2_url': 'https://images4-f.ravelrycache.com/uploads/nicolethorson/852478962/Screenshot_20220428-162138_small2.jpg', 'caption': None, 'caption_html': None, 'copyright_holder': None}, {'id': 112500805, 'sort_order': 43, 'user_id': 5752094, 'x_offset': 0, 'y_offset': -78, 'square_url': 'https://images4-g.ravelrycache.com/uploads/nicolethorson/852478951/5ADC6786-E779-493D-A8E6-AB6A03E06B75_medium_square.jpeg', 'medium_url': 'https://images4-g.ravelrycache.com/uploads/nicolethorson/852478951/5ADC6786-E779-493D-A8E6-AB6A03E06B75_medium_medium.jpeg', 'thumbnail_url': 'https://images4-f.ravelrycache.com/uploads/nicolethorson/852478951/5ADC6786-E779-493D-A8E6-AB6A03E06B75_medium_thumbnail.jpeg', 'small_url': 'https://images4-g.ravelrycache.com/uploads/nicolethorson/852478951/5ADC6786-E779-493D-A8E6-AB6A03E06B75_medium_small_best_fit.jpeg', 'flickr_url': None, 'shelved_url': 'https://images4-g.ravelrycache.com/uploads/nicolethorson/852478951/5ADC6786-E779-493D-A8E6-AB6A03E06B75_medium_shelved.jpeg', 'medium2_url': 'https://images4-a.ravelrycache.com/uploads/nicolethorson/852478951/5ADC6786-E779-493D-A8E6-AB6A03E06B75_medium_medium2.jpeg', 'small2_url': 'https://images4-g.ravelrycache.com/uploads/nicolethorson/852478951/5ADC6786-E779-493D-A8E6-AB6A03E06B75_medium_small2.jpeg', 'caption': None, 'caption_html': None, 'copyright_holder': None}, {'id': 112500806, 'sort_order': 44, 'user_id': 5752094, 'x_offset': 0, 'y_offset': -22, 'square_url': 'https://images4-g.ravelrycache.com/uploads/nicolethorson/852478964/Screenshot_20220428-162130_square.jpg', 'medium_url': 'https://images4-g.ravelrycache.com/uploads/nicolethorson/852478964/Screenshot_20220428-162130_medium.jpg', 'thumbnail_url': 'https://images4-g.ravelrycache.com/uploads/nicolethorson/852478964/Screenshot_20220428-162130_thumbnail.jpg', 'small_url': 'https://images4-f.ravelrycache.com/uploads/nicolethorson/852478964/Screenshot_20220428-162130_small_best_fit.jpg', 'flickr_url': None, 'shelved_url': 'https://images4-g.ravelrycache.com/uploads/nicolethorson/852478964/Screenshot_20220428-162130_shelved.jpg', 'medium2_url': 'https://images4-a.ravelrycache.com/uploads/nicolethorson/852478964/Screenshot_20220428-162130_medium2.jpg', 'small2_url': 'https://images4-g.ravelrycache.com/uploads/nicolethorson/852478964/Screenshot_20220428-162130_small2.jpg', 'caption': None, 'caption_html': None, 'copyright_holder': None}, {'id': 112500807, 'sort_order': 45, 'user_id': 5752094, 'x_offset': -5, 'y_offset': -35, 'square_url': 'https://images4-g.ravelrycache.com/uploads/nicolethorson/852478968/Screenshot_20220428-162126_square.jpg', 'medium_url': 'https://images4-g.ravelrycache.com/uploads/nicolethorson/852478968/Screenshot_20220428-162126_medium.jpg', 'thumbnail_url': 'https://images4-g.ravelrycache.com/uploads/nicolethorson/852478968/Screenshot_20220428-162126_thumbnail.jpg', 'small_url': 'https://images4-g.ravelrycache.com/uploads/nicolethorson/852478968/Screenshot_20220428-162126_small.jpg', 'flickr_url': None, 'shelved_url': 'https://images4-g.ravelrycache.com/uploads/nicolethorson/852478968/Screenshot_20220428-162126_shelved.jpg', 'medium2_url': 'https://images4-a.ravelrycache.com/uploads/nicolethorson/852478968/Screenshot_20220428-162126_medium2.jpg', 'small2_url': 'https://images4-g.ravelrycache.com/uploads/nicolethorson/852478968/Screenshot_20220428-162126_small2.jpg', 'caption': None, 'caption_html': None, 'copyright_holder': None}, {'id': 112500808, 'sort_order': 46, 'user_id': 5752094, 'x_offset': -5, 'y_offset': -35, 'square_url': 'https://images4-f.ravelrycache.com/uploads/nicolethorson/852478952/received_3040392759544542_small2_square.jpeg', 'medium_url': 'https://images4-f.ravelrycache.com/uploads/nicolethorson/852478952/received_3040392759544542_small2_medium.jpeg', 'thumbnail_url': 'https://images4-g.ravelrycache.com/uploads/nicolethorson/852478952/received_3040392759544542_small2_thumbnail.jpeg', 'small_url': 'https://images4-f.ravelrycache.com/uploads/nicolethorson/852478952/received_3040392759544542_small2_small.jpeg', 'flickr_url': None, 'shelved_url': 'https://images4-g.ravelrycache.com/uploads/nicolethorson/852478952/received_3040392759544542_small2_shelved.jpeg', 'medium2_url': 'https://images4-g.ravelrycache.com/uploads/nicolethorson/852478952/received_3040392759544542_small2_medium2.jpeg', 'small2_url': 'https://images4-f.ravelrycache.com/uploads/nicolethorson/852478952/received_3040392759544542_small2_small2.jpeg', 'caption': None, 'caption_html': None, 'copyright_holder': None}, {'id': 112500809, 'sort_order': 47, 'user_id': 5752094, 'x_offset': 0, 'y_offset': -14, 'square_url': 'https://images4-g.ravelrycache.com/uploads/nicolethorson/852478948/received_1140948156639828_small2_square.jpeg', 'medium_url': 'https://images4-g.ravelrycache.com/uploads/nicolethorson/852478948/received_1140948156639828_small2_medium.jpeg', 'thumbnail_url': 'https://images4-g.ravelrycache.com/uploads/nicolethorson/852478948/received_1140948156639828_small2_thumbnail.jpeg', 'small_url': 'https://images4-g.ravelrycache.com/uploads/nicolethorson/852478948/received_1140948156639828_small2_small_best_fit.jpeg', 'flickr_url': None, 'shelved_url': 'https://images4-g.ravelrycache.com/uploads/nicolethorson/852478948/received_1140948156639828_small2_shelved.jpeg', 'medium2_url': 'https://images4-g.ravelrycache.com/uploads/nicolethorson/852478948/received_1140948156639828_small2_medium2.jpeg', 'small2_url': 'https://images4-g.ravelrycache.com/uploads/nicolethorson/852478948/received_1140948156639828_small2_small2.jpeg', 'caption': None, 'caption_html': None, 'copyright_holder': None}, {'id': 112500810, 'sort_order': 48, 'user_id': 5752094, 'x_offset': 0, 'y_offset': -51, 'square_url': 'https://images4-f.ravelrycache.com/uploads/nicolethorson/852478949/received_819384306129469_medium_square.jpeg', 'medium_url': 'https://images4-f.ravelrycache.com/uploads/nicolethorson/852478949/received_819384306129469_medium_medium.jpeg', 'thumbnail_url': 'https://images4-g.ravelrycache.com/uploads/nicolethorson/852478949/received_819384306129469_medium_thumbnail.jpeg', 'small_url': 'https://images4-f.ravelrycache.com/uploads/nicolethorson/852478949/received_819384306129469_medium_small_best_fit.jpeg', 'flickr_url': None, 'shelved_url': 'https://images4-g.ravelrycache.com/uploads/nicolethorson/852478949/received_819384306129469_medium_shelved.jpeg', 'medium2_url': 'https://images4-a.ravelrycache.com/uploads/nicolethorson/852478949/received_819384306129469_medium_medium2.jpeg', 'small2_url': 'https://images4-f.ravelrycache.com/uploads/nicolethorson/852478949/received_819384306129469_medium_small2.jpeg', 'caption': None, 'caption_html': None, 'copyright_holder': None}, {'id': 112500811, 'sort_order': 49, 'user_id': 5752094, 'x_offset': 0, 'y_offset': -106, 'square_url': 'https://images4-g.ravelrycache.com/uploads/nicolethorson/852479001/20220426_193326_square.jpg', 'medium_url': 'https://images4-g.ravelrycache.com/uploads/nicolethorson/852479001/20220426_193326_medium.jpg', 'thumbnail_url': 'https://images4-g.ravelrycache.com/uploads/nicolethorson/852479001/20220426_193326_thumbnail.jpg', 'small_url': 'https://images4-g.ravelrycache.com/uploads/nicolethorson/852479001/20220426_193326_small_best_fit.jpg', 'flickr_url': None, 'shelved_url': 'https://images4-f.ravelrycache.com/uploads/nicolethorson/852479001/20220426_193326_shelved.jpg', 'medium2_url': 'https://images4-a.ravelrycache.com/uploads/nicolethorson/852479001/20220426_193326_medium2.jpg', 'small2_url': 'https://images4-g.ravelrycache.com/uploads/nicolethorson/852479001/20220426_193326_small2.jpg', 'caption': None, 'caption_html': None, 'copyright_holder': None}, {'id': 112500812, 'sort_order': 50, 'user_id': 5752094, 'x_offset': 0, 'y_offset': -106, 'square_url': 'https://images4-f.ravelrycache.com/uploads/nicolethorson/852479005/20220426_193330_square.jpg', 'medium_url': 'https://images4-f.ravelrycache.com/uploads/nicolethorson/852479005/20220426_193330_medium.jpg', 'thumbnail_url': 'https://images4-g.ravelrycache.com/uploads/nicolethorson/852479005/20220426_193330_thumbnail.jpg', 'small_url': 'https://images4-g.ravelrycache.com/uploads/nicolethorson/852479005/20220426_193330_small_best_fit.jpg', 'flickr_url': None, 'shelved_url': 'https://images4-g.ravelrycache.com/uploads/nicolethorson/852479005/20220426_193330_shelved.jpg', 'medium2_url': 'https://images4-a.ravelrycache.com/uploads/nicolethorson/852479005/20220426_193330_medium2.jpg', 'small2_url': 'https://images4-f.ravelrycache.com/uploads/nicolethorson/852479005/20220426_193330_small2.jpg', 'caption': None, 'caption_html': None, 'copyright_holder': None}, {'id': 112500813, 'sort_order': 51, 'user_id': 5752094, 'x_offset': 0, 'y_offset': -40, 'square_url': 'https://images4-f.ravelrycache.com/uploads/nicolethorson/852478971/D6FA792B-41A4-41B4-9006-02031A18DD33_small2_square.jpeg', 'medium_url': 'https://images4-f.ravelrycache.com/uploads/nicolethorson/852478971/D6FA792B-41A4-41B4-9006-02031A18DD33_small2_medium.jpeg', 'thumbnail_url': 'https://images4-f.ravelrycache.com/uploads/nicolethorson/852478971/D6FA792B-41A4-41B4-9006-02031A18DD33_small2_thumbnail.jpeg', 'small_url': 'https://images4-g.ravelrycache.com/uploads/nicolethorson/852478971/D6FA792B-41A4-41B4-9006-02031A18DD33_small2_small_best_fit.jpeg', 'flickr_url': None, 'shelved_url': 'https://images4-f.ravelrycache.com/uploads/nicolethorson/852478971/D6FA792B-41A4-41B4-9006-02031A18DD33_small2_shelved.jpeg', 'medium2_url': 'https://images4-f.ravelrycache.com/uploads/nicolethorson/852478971/D6FA792B-41A4-41B4-9006-02031A18DD33_small2_medium2.jpeg', 'small2_url': 'https://images4-f.ravelrycache.com/uploads/nicolethorson/852478971/D6FA792B-41A4-41B4-9006-02031A18DD33_small2_small2.jpeg', 'caption': None, 'caption_html': None, 'copyright_holder': None}, {'id': 112500814, 'sort_order': 52, 'user_id': 5752094, 'x_offset': 0, 'y_offset': -3, 'square_url': 'https://images4-g.ravelrycache.com/uploads/nicolethorson/852478976/FEBDDE2D-A3F9-4717-AE90-F478B9A28E89_small2_square.jpeg', 'medium_url': 'https://images4-g.ravelrycache.com/uploads/nicolethorson/852478976/FEBDDE2D-A3F9-4717-AE90-F478B9A28E89_small2_medium.jpeg', 'thumbnail_url': 'https://images4-g.ravelrycache.com/uploads/nicolethorson/852478976/FEBDDE2D-A3F9-4717-AE90-F478B9A28E89_small2_thumbnail.jpeg', 'small_url': 'https://images4-g.ravelrycache.com/uploads/nicolethorson/852478976/FEBDDE2D-A3F9-4717-AE90-F478B9A28E89_small2_small_best_fit.jpeg', 'flickr_url': None, 'shelved_url': 'https://images4-f.ravelrycache.com/uploads/nicolethorson/852478976/FEBDDE2D-A3F9-4717-AE90-F478B9A28E89_small2_shelved.jpeg', 'medium2_url': 'https://images4-f.ravelrycache.com/uploads/nicolethorson/852478976/FEBDDE2D-A3F9-4717-AE90-F478B9A28E89_small2_medium2.jpeg', 'small2_url': 'https://images4-g.ravelrycache.com/uploads/nicolethorson/852478976/FEBDDE2D-A3F9-4717-AE90-F478B9A28E89_small2_small2.jpeg', 'caption': None, 'caption_html': None, 'copyright_holder': None}, {'id': 112500815, 'sort_order': 53, 'user_id': 5752094, 'x_offset': -5, 'y_offset': -35, 'square_url': 'https://images4-f.ravelrycache.com/uploads/nicolethorson/852478960/795E8D6B-60BA-42F3-8176-67F934B5650E_small2_square.jpeg', 'medium_url': 'https://images4-f.ravelrycache.com/uploads/nicolethorson/852478960/795E8D6B-60BA-42F3-8176-67F934B5650E_small2_medium.jpeg', 'thumbnail_url': 'https://images4-f.ravelrycache.com/uploads/nicolethorson/852478960/795E8D6B-60BA-42F3-8176-67F934B5650E_small2_thumbnail.jpeg', 'small_url': 'https://images4-g.ravelrycache.com/uploads/nicolethorson/852478960/795E8D6B-60BA-42F3-8176-67F934B5650E_small2_small.jpeg', 'flickr_url': None, 'shelved_url': 'https://images4-f.ravelrycache.com/uploads/nicolethorson/852478960/795E8D6B-60BA-42F3-8176-67F934B5650E_small2_shelved.jpeg', 'medium2_url': 'https://images4-g.ravelrycache.com/uploads/nicolethorson/852478960/795E8D6B-60BA-42F3-8176-67F934B5650E_small2_medium2.jpeg', 'small2_url': 'https://images4-f.ravelrycache.com/uploads/nicolethorson/852478960/795E8D6B-60BA-42F3-8176-67F934B5650E_small2_small2.jpeg', 'caption': None, 'caption_html': None, 'copyright_holder': None}, {'id': 112500816, 'sort_order': 54, 'user_id': 5752094, 'x_offset': -5, 'y_offset': -35, 'square_url': 'https://images4-g.ravelrycache.com/uploads/nicolethorson/852478963/467AC94A-C5BA-48EE-B392-0DEA7040CC23_small2_square.jpeg', 'medium_url': 'https://images4-g.ravelrycache.com/uploads/nicolethorson/852478963/467AC94A-C5BA-48EE-B392-0DEA7040CC23_small2_medium.jpeg', 'thumbnail_url': 'https://images4-f.ravelrycache.com/uploads/nicolethorson/852478963/467AC94A-C5BA-48EE-B392-0DEA7040CC23_small2_thumbnail.jpeg', 'small_url': 'https://images4-g.ravelrycache.com/uploads/nicolethorson/852478963/467AC94A-C5BA-48EE-B392-0DEA7040CC23_small2_small.jpeg', 'flickr_url': None, 'shelved_url': 'https://images4-g.ravelrycache.com/uploads/nicolethorson/852478963/467AC94A-C5BA-48EE-B392-0DEA7040CC23_small2_shelved.jpeg', 'medium2_url': 'https://images4-f.ravelrycache.com/uploads/nicolethorson/852478963/467AC94A-C5BA-48EE-B392-0DEA7040CC23_small2_medium2.jpeg', 'small2_url': 'https://images4-g.ravelrycache.com/uploads/nicolethorson/852478963/467AC94A-C5BA-48EE-B392-0DEA7040CC23_small2_small2.jpeg', 'caption': None, 'caption_html': None, 'copyright_holder': None}, {'id': 112500817, 'sort_order': 55, 'user_id': 5752094, 'x_offset': -1, 'y_offset': -22, 'square_url': 'https://images4-f.ravelrycache.com/uploads/nicolethorson/852478965/8AB73B54-74CC-4DA8-9267-99D71035D946_small2_square.jpeg', 'medium_url': 'https://images4-f.ravelrycache.com/uploads/nicolethorson/852478965/8AB73B54-74CC-4DA8-9267-99D71035D946_small2_medium.jpeg', 'thumbnail_url': 'https://images4-g.ravelrycache.com/uploads/nicolethorson/852478965/8AB73B54-74CC-4DA8-9267-99D71035D946_small2_thumbnail.jpeg', 'small_url': 'https://images4-g.ravelrycache.com/uploads/nicolethorson/852478965/8AB73B54-74CC-4DA8-9267-99D71035D946_small2_small_best_fit.jpeg', 'flickr_url': None, 'shelved_url': 'https://images4-f.ravelrycache.com/uploads/nicolethorson/852478965/8AB73B54-74CC-4DA8-9267-99D71035D946_small2_shelved.jpeg', 'medium2_url': 'https://images4-f.ravelrycache.com/uploads/nicolethorson/852478965/8AB73B54-74CC-4DA8-9267-99D71035D946_small2_medium2.jpeg', 'small2_url': 'https://images4-f.ravelrycache.com/uploads/nicolethorson/852478965/8AB73B54-74CC-4DA8-9267-99D71035D946_small2_small2.jpeg', 'caption': None, 'caption_html': None, 'copyright_holder': None}, {'id': 112500818, 'sort_order': 56, 'user_id': 5752094, 'x_offset': -5, 'y_offset': -35, 'square_url': 'https://images4-g.ravelrycache.com/uploads/nicolethorson/852478958/0B6B330C-5F23-4D4A-89D3-C385B483D38E_small2_square.jpeg', 'medium_url': 'https://images4-g.ravelrycache.com/uploads/nicolethorson/852478958/0B6B330C-5F23-4D4A-89D3-C385B483D38E_small2_medium.jpeg', 'thumbnail_url': 'https://images4-g.ravelrycache.com/uploads/nicolethorson/852478958/0B6B330C-5F23-4D4A-89D3-C385B483D38E_small2_thumbnail.jpeg', 'small_url': 'https://images4-g.ravelrycache.com/uploads/nicolethorson/852478958/0B6B330C-5F23-4D4A-89D3-C385B483D38E_small2_small.jpeg', 'flickr_url': None, 'shelved_url': 'https://images4-f.ravelrycache.com/uploads/nicolethorson/852478958/0B6B330C-5F23-4D4A-89D3-C385B483D38E_small2_shelved.jpeg', 'medium2_url': 'https://images4-f.ravelrycache.com/uploads/nicolethorson/852478958/0B6B330C-5F23-4D4A-89D3-C385B483D38E_small2_medium2.jpeg', 'small2_url': 'https://images4-g.ravelrycache.com/uploads/nicolethorson/852478958/0B6B330C-5F23-4D4A-89D3-C385B483D38E_small2_small2.jpeg', 'caption': None, 'caption_html': None, 'copyright_holder': None}, {'id': 112500819, 'sort_order': 57, 'user_id': 5752094, 'x_offset': 0, 'y_offset': -66, 'square_url': 'https://images4-f.ravelrycache.com/uploads/nicolethorson/852479299/upload_medium_square.jpg', 'medium_url': 'https://images4-f.ravelrycache.com/uploads/nicolethorson/852479299/upload_medium_medium.jpg', 'thumbnail_url': 'https://images4-f.ravelrycache.com/uploads/nicolethorson/852479299/upload_medium_thumbnail.jpg', 'small_url': 'https://images4-g.ravelrycache.com/uploads/nicolethorson/852479299/upload_medium_small_best_fit.jpg', 'flickr_url': None, 'shelved_url': 'https://images4-g.ravelrycache.com/uploads/nicolethorson/852479299/upload_medium_shelved.jpg', 'medium2_url': 'https://images4-a.ravelrycache.com/uploads/nicolethorson/852479299/upload_medium_medium2.jpg', 'small2_url': 'https://images4-f.ravelrycache.com/uploads/nicolethorson/852479299/upload_medium_small2.jpg', 'caption': None, 'caption_html': None, 'copyright_holder': None}]"
Sherbrooke Balloon,Donna Estin,1238381,https://www.ravelry.com/patterns/library/sherbrooke-balloon,False,https://images4-a.ravelrycache.com/uploads/LouiseRDesign/852574664/sherbrookeballoon6_medium2.jpg,Knitting,"['female', 'adult', 'bobble-or-popcorn', 'cables', 'textured', 'seamed', 'long-sleeve', 'shoulder-fastening', 'top-down', 'positive-ease', 'puffed-sleeve', 'worked-flat']",19.0,0.0,True,4.0,"10 cm / 4” over St st on larger needles, blocked.",pullover,Worsted,2,0.0,"Women’s: S (M, L, 1X, 2X, 3X) – shown in Size S.","[{'id': 112502412, 'sort_order': 1, 'user_id': 78476, 'x_offset': 0, 'y_offset': -43, 'square_url': 'https://images4-f.ravelrycache.com/uploads/LouiseRDesign/852574664/sherbrookeballoon6_square.jpg', 'medium_url': 'https://images4-f.ravelrycache.com/uploads/LouiseRDesign/852574664/sherbrookeballoon6_medium.jpg', 'thumbnail_url': 'https://images4-f.ravelrycache.com/uploads/LouiseRDesign/852574664/sherbrookeballoon6_thumbnail.jpg', 'small_url': 'https://images4-g.ravelrycache.com/uploads/LouiseRDesign/852574664/sherbrookeballoon6_small_best_fit.jpg', 'flickr_url': None, 'shelved_url': 'https://images4-f.ravelrycache.com/uploads/LouiseRDesign/852574664/sherbrookeballoon6_shelved.jpg', 'medium2_url': 'https://images4-a.ravelrycache.com/uploads/LouiseRDesign/852574664/sherbrookeballoon6_medium2.jpg', 'small2_url': 'https://images4-f.ravelrycache.com/uploads/LouiseRDesign/852574664/sherbrookeballoon6_small2.jpg', 'caption': None, 'caption_html': None, 'copyright_holder': 'Biscotte Yarns'}, {'id': 112502413, 'sort_order': 2, 'user_id': 78476, 'x_offset': 0, 'y_offset': -43, 'square_url': 'https://images4-f.ravelrycache.com/uploads/LouiseRDesign/852574670/sherbrookeballoon1_square.jpg', 'medium_url': 'https://images4-f.ravelrycache.com/uploads/LouiseRDesign/852574670/sherbrookeballoon1_medium.jpg', 'thumbnail_url': 'https://images4-g.ravelrycache.com/uploads/LouiseRDesign/852574670/sherbrookeballoon1_thumbnail.jpg', 'small_url': 'https://images4-g.ravelrycache.com/uploads/LouiseRDesign/852574670/sherbrookeballoon1_small_best_fit.jpg', 'flickr_url': None, 'shelved_url': 'https://images4-g.ravelrycache.com/uploads/LouiseRDesign/852574670/sherbrookeballoon1_shelved.jpg', 'medium2_url': 'https://images4-a.ravelrycache.com/uploads/LouiseRDesign/852574670/sherbrookeballoon1_medium2.jpg', 'small2_url': 'https://images4-f.ravelrycache.com/uploads/LouiseRDesign/852574670/sherbrookeballoon1_small2.jpg', 'caption': None, 'caption_html': None, 'copyright_holder': 'Biscotte Yarns'}, {'id': 112502414, 'sort_order': 3, 'user_id': 78476, 'x_offset': -43, 'y_offset': 0, 'square_url': 'https://images4-f.ravelrycache.com/uploads/LouiseRDesign/852574671/sherbrookeballoon8_square.jpg', 'medium_url': 'https://images4-f.ravelrycache.com/uploads/LouiseRDesign/852574671/sherbrookeballoon8_medium.jpg', 'thumbnail_url': 'https://images4-f.ravelrycache.com/uploads/LouiseRDesign/852574671/sherbrookeballoon8_thumbnail.jpg', 'small_url': 'https://images4-g.ravelrycache.com/uploads/LouiseRDesign/852574671/sherbrookeballoon8_small_best_fit.jpg', 'flickr_url': None, 'shelved_url': 'https://images4-f.ravelrycache.com/uploads/LouiseRDesign/852574671/sherbrookeballoon8_shelved.jpg', 'medium2_url': 'https://images4-a.ravelrycache.com/uploads/LouiseRDesign/852574671/sherbrookeballoon8_medium2.jpg', 'small2_url': 'https://images4-f.ravelrycache.com/uploads/LouiseRDesign/852574671/sherbrookeballoon8_small2.jpg', 'caption': None, 'caption_html': None, 'copyright_holder': 'Biscotte Yarns'}, {'id': 112502415, 'sort_order': 4, 'user_id': 78476, 'x_offset': 0, 'y_offset': -43, 'square_url': 'https://images4-g.ravelrycache.com/uploads/LouiseRDesign/852574663/sherbrookeballoon2_square.jpg', 'medium_url': 'https://images4-g.ravelrycache.com/uploads/LouiseRDesign/852574663/sherbrookeballoon2_medium.jpg', 'thumbnail_url': 'https://images4-g.ravelrycache.com/uploads/LouiseRDesign/852574663/sherbrookeballoon2_thumbnail.jpg', 'small_url': 'https://images4-f.ravelrycache.com/uploads/LouiseRDesign/852574663/sherbrookeballoon2_small_best_fit.jpg', 'flickr_url': None, 'shelved_url': 'https://images4-f.ravelrycache.com/uploads/LouiseRDesign/852574663/sherbrookeballoon2_shelved.jpg', 'medium2_url': 'https://images4-a.ravelrycache.com/uploads/LouiseRDesign/852574663/sherbrookeballoon2_medium2.jpg', 'small2_url': 'https://images4-g.ravelrycache.com/uploads/LouiseRDesign/852574663/sherbrookeballoon2_small2.jpg', 'caption': None, 'caption_html': None, 'copyright_holder': 'Biscotte Yarns'}, {'id': 112502416, 'sort_order': 5, 'user_id': 78476, 'x_offset': 0, 'y_offset': -43, 'square_url': 'https://images4-f.ravelrycache.com/uploads/LouiseRDesign/852574666/sherbrookeballoon4_square.jpg', 'medium_url': 'https://images4-f.ravelrycache.com/uploads/LouiseRDesign/852574666/sherbrookeballoon4_medium.jpg', 'thumbnail_url': 'https://images4-g.ravelrycache.com/uploads/LouiseRDesign/852574666/sherbrookeballoon4_thumbnail.jpg', 'small_url': 'https://images4-f.ravelrycache.com/uploads/LouiseRDesign/852574666/sherbrookeballoon4_small_best_fit.jpg', 'flickr_url': None, 'shelved_url': 'https://images4-g.ravelrycache.com/uploads/LouiseRDesign/852574666/sherbrookeballoon4_shelved.jpg', 'medium2_url': 'https://images4-a.ravelrycache.com/uploads/LouiseRDesign/852574666/sherbrookeballoon4_medium2.jpg', 'small2_url': 'https://images4-f.ravelrycache.com/uploads/LouiseRDesign/852574666/sherbrookeballoon4_small2.jpg', 'caption': None, 'caption_html': None, 'copyright_holder': 'Biscotte Yarns'}, {'id': 112502417, 'sort_order': 6, 'user_id': 78476, 'x_offset': 0, 'y_offset': -43, 'square_url': 'https://images4-f.ravelrycache.com/uploads/LouiseRDesign/852574669/sherbrookeballoon3_square.jpg', 'medium_url': 'https://images4-f.ravelrycache.com/uploads/LouiseRDesign/852574669/sherbrookeballoon3_medium.jpg', 'thumbnail_url': 'https://images4-f.ravelrycache.com/uploads/LouiseRDesign/852574669/sherbrookeballoon3_thumbnail.jpg', 'small_url': 'https://images4-f.ravelrycache.com/uploads/LouiseRDesign/852574669/sherbrookeballoon3_small_best_fit.jpg', 'flickr_url': None, 'shelved_url': 'https://images4-f.ravelrycache.com/uploads/LouiseRDesign/852574669/sherbrookeballoon3_shelved.jpg', 'medium2_url': 'https://images4-a.ravelrycache.com/uploads/LouiseRDesign/852574669/sherbrookeballoon3_medium2.jpg', 'small2_url': 'https://images4-f.ravelrycache.com/uploads/LouiseRDesign/852574669/sherbrookeballoon3_small2.jpg', 'caption': None, 'caption_html': None, 'copyright_holder': 'Biscotte Yarns'}, {'id': 112502418, 'sort_order': 7, 'user_id': 78476, 'x_offset': -43, 'y_offset': 0, 'square_url': 'https://images4-f.ravelrycache.com/uploads/LouiseRDesign/852574665/sherbrookeballoon9_square.jpg', 'medium_url': 'https://images4-f.ravelrycache.com/uploads/LouiseRDesign/852574665/sherbrookeballoon9_medium.jpg', 'thumbnail_url': 'https://images4-f.ravelrycache.com/uploads/LouiseRDesign/852574665/sherbrookeballoon9_thumbnail.jpg', 'small_url': 'https://images4-f.ravelrycache.com/uploads/LouiseRDesign/852574665/sherbrookeballoon9_small_best_fit.jpg', 'flickr_url': None, 'shelved_url': 'https://images4-f.ravelrycache.com/uploads/LouiseRDesign/852574665/sherbrookeballoon9_shelved.jpg', 'medium2_url': 'https://images4-a.ravelrycache.com/uploads/LouiseRDesign/852574665/sherbrookeballoon9_medium2.jpg', 'small2_url': 'https://images4-f.ravelrycache.com/uploads/LouiseRDesign/852574665/sherbrookeballoon9_small2.jpg', 'caption': None, 'caption_html': None, 'copyright_holder': 'Biscotte Yarns'}, {'id': 112502419, 'sort_order': 8, 'user_id': 78476, 'x_offset': -43, 'y_offset': 0, 'square_url': 'https://images4-g.ravelrycache.com/uploads/LouiseRDesign/852574668/sherbrookeballoon5_square.jpg', 'medium_url': 'https://images4-g.ravelrycache.com/uploads/LouiseRDesign/852574668/sherbrookeballoon5_medium.jpg', 'thumbnail_url': 'https://images4-f.ravelrycache.com/uploads/LouiseRDesign/852574668/sherbrookeballoon5_thumbnail.jpg', 'small_url': 'https://images4-f.ravelrycache.com/uploads/LouiseRDesign/852574668/sherbrookeballoon5_small_best_fit.jpg', 'flickr_url': None, 'shelved_url': 'https://images4-f.ravelrycache.com/uploads/LouiseRDesign/852574668/sherbrookeballoon5_shelved.jpg', 'medium2_url': 'https://images4-a.ravelrycache.com/uploads/LouiseRDesign/852574668/sherbrookeballoon5_medium2.jpg', 'small2_url': 'https://images4-g.ravelrycache.com/uploads/LouiseRDesign/852574668/sherbrookeballoon5_small2.jpg', 'caption': None, 'caption_html': None, 'copyright_holder': 'Biscotte Yarns'}]"
Clodagh Sweater,Morph Knitwear,1238600,https://www.ravelry.com/patterns/library/clodagh-sweater,False,https://images4-a.ravelrycache.com/uploads/morphknitwear/852430330/B01F5F7B-B61D-4F2F-8483-5DA7B09E1CB7_medium2.jpg,Knitting,"['unisex', 'adult', 'collar', 'turtleneck', 'long-sleeve', 'modular', 'one-piece', 'seamless', 'short-rows', 'bottom-up', 'written-pattern', 'drop-sleeve', 'worked-flat', 'in-the-round', 'schematic', 'oversized', 'petite', 'plus', 'positive-ease', 'male', 'female']",10.5,2.5714285714285716,True,4.0,stockinette,pullover,Aran,31,5.0,"1 (2, 3, 4, 5)(6, 7, 8, 9) to fit chest to fit chest measurement of 28-30 (32-34, 36-38, 40-42, 44-46)(48-50, 52-54, 56-58, 60-62)” 71-76 (81-86, 91-96, 101-106, 111-117)(122-127, 132-137, 142-147, 152-158)cm","[{'id': 112522352, 'sort_order': 1, 'user_id': 4168277, 'x_offset': 0, 'y_offset': -43, 'square_url': 'https://images4-g.ravelrycache.com/uploads/morphknitwear/852430330/B01F5F7B-B61D-4F2F-8483-5DA7B09E1CB7_square.jpg', 'medium_url': 'https://images4-g.ravelrycache.com/uploads/morphknitwear/852430330/B01F5F7B-B61D-4F2F-8483-5DA7B09E1CB7_medium.jpg', 'thumbnail_url': 'https://images4-f.ravelrycache.com/uploads/morphknitwear/852430330/B01F5F7B-B61D-4F2F-8483-5DA7B09E1CB7_thumbnail.jpg', 'small_url': 'https://images4-g.ravelrycache.com/uploads/morphknitwear/852430330/B01F5F7B-B61D-4F2F-8483-5DA7B09E1CB7_small_best_fit.jpg', 'flickr_url': None, 'shelved_url': 'https://images4-f.ravelrycache.com/uploads/morphknitwear/852430330/B01F5F7B-B61D-4F2F-8483-5DA7B09E1CB7_shelved.jpg', 'medium2_url': 'https://images4-a.ravelrycache.com/uploads/morphknitwear/852430330/B01F5F7B-B61D-4F2F-8483-5DA7B09E1CB7_medium2.jpg', 'small2_url': 'https://images4-g.ravelrycache.com/uploads/morphknitwear/852430330/B01F5F7B-B61D-4F2F-8483-5DA7B09E1CB7_small2.jpg', 'caption': None, 'caption_html': None, 'copyright_holder': None}, {'id': 115538926, 'sort_order': 2, 'user_id': 5750754, 'x_offset': 0, 'y_offset': -41, 'square_url': 'https://images4-f.ravelrycache.com/uploads/crewzzz/863679326/IMG_9413_square.JPG', 'medium_url': 'https://images4-g.ravelrycache.com/uploads/crewzzz/863679326/IMG_9413_medium.JPG', 'thumbnail_url': 'https://images4-f.ravelrycache.com/uploads/crewzzz/863679326/IMG_9413_thumbnail.JPG', 'small_url': 'https://images4-g.ravelrycache.com/uploads/crewzzz/863679326/IMG_9413_small_best_fit.JPG', 'flickr_url': None, 'shelved_url': 'https://images4-g.ravelrycache.com/uploads/crewzzz/863679326/IMG_9413_shelved.JPG', 'medium2_url': 'https://images4-a.ravelrycache.com/uploads/crewzzz/863679326/IMG_9413_medium2.JPG', 'small2_url': 'https://images4-f.ravelrycache.com/uploads/crewzzz/863679326/IMG_9413_small2.JPG', 'caption': None, 'caption_html': None, 'copyright_holder': None}, {'id': 112522353, 'sort_order': 3, 'user_id': 4168277, 'x_offset': 0, 'y_offset': -43, 'square_url': 'https://images4-g.ravelrycache.com/uploads/morphknitwear/852430332/A6AAD0A8-4CFE-4BBD-BED5-D04EF75F02B9_square.jpg', 'medium_url': 'https://images4-g.ravelrycache.com/uploads/morphknitwear/852430332/A6AAD0A8-4CFE-4BBD-BED5-D04EF75F02B9_medium.jpg', 'thumbnail_url': 'https://images4-f.ravelrycache.com/uploads/morphknitwear/852430332/A6AAD0A8-4CFE-4BBD-BED5-D04EF75F02B9_thumbnail.jpg', 'small_url': 'https://images4-f.ravelrycache.com/uploads/morphknitwear/852430332/A6AAD0A8-4CFE-4BBD-BED5-D04EF75F02B9_small_best_fit.jpg', 'flickr_url': None, 'shelved_url': 'https://images4-g.ravelrycache.com/uploads/morphknitwear/852430332/A6AAD0A8-4CFE-4BBD-BED5-D04EF75F02B9_shelved.jpg', 'medium2_url': 'https://images4-a.ravelrycache.com/uploads/morphknitwear/852430332/A6AAD0A8-4CFE-4BBD-BED5-D04EF75F02B9_medium2.jpg', 'small2_url': 'https://images4-g.ravelrycache.com/uploads/morphknitwear/852430332/A6AAD0A8-4CFE-4BBD-BED5-D04EF75F02B9_small2.jpg', 'caption': None, 'caption_html': None, 'copyright_holder': None}, {'id': 112522354, 'sort_order': 4, 'user_id': 4168277, 'x_offset': 0, 'y_offset': -43, 'square_url': 'https://images4-g.ravelrycache.com/uploads/morphknitwear/852430331/89577CFE-E99E-4992-8F12-242E9AAF28EB_square.jpg', 'medium_url': 'https://images4-g.ravelrycache.com/uploads/morphknitwear/852430331/89577CFE-E99E-4992-8F12-242E9AAF28EB_medium.jpg', 'thumbnail_url': 'https://images4-g.ravelrycache.com/uploads/morphknitwear/852430331/89577CFE-E99E-4992-8F12-242E9AAF28EB_thumbnail.jpg', 'small_url': 'https://images4-g.ravelrycache.com/uploads/morphknitwear/852430331/89577CFE-E99E-4992-8F12-242E9AAF28EB_small_best_fit.jpg', 'flickr_url': None, 'shelved_url': 'https://images4-g.ravelrycache.com/uploads/morphknitwear/852430331/89577CFE-E99E-4992-8F12-242E9AAF28EB_shelved.jpg', 'medium2_url': 'https://images4-a.ravelrycache.com/uploads/morphknitwear/852430331/89577CFE-E99E-4992-8F12-242E9AAF28EB_medium2.jpg', 'small2_url': 'https://images4-g.ravelrycache.com/uploads/morphknitwear/852430331/89577CFE-E99E-4992-8F12-242E9AAF28EB_small2.jpg', 'caption': None, 'caption_html': None, 'copyright_holder': None}, {'id': 112522355, 'sort_order': 5, 'user_id': 4168277, 'x_offset': -6, 'y_offset': -10, 'square_url': 'https://images4-g.ravelrycache.com/uploads/morphknitwear/852617380/3CCFB3BA-6D71-449B-B8FD-44BDA1BCCE5F_square.jpg', 'medium_url': 'https://images4-g.ravelrycache.com/uploads/morphknitwear/852617380/3CCFB3BA-6D71-449B-B8FD-44BDA1BCCE5F_medium.jpg', 'thumbnail_url': 'https://images4-f.ravelrycache.com/uploads/morphknitwear/852617380/3CCFB3BA-6D71-449B-B8FD-44BDA1BCCE5F_thumbnail.jpg', 'small_url': 'https://images4-f.ravelrycache.com/uploads/morphknitwear/852617380/3CCFB3BA-6D71-449B-B8FD-44BDA1BCCE5F_small_best_fit.jpg', 'flickr_url': None, 'shelved_url': 'https://images4-f.ravelrycache.com/uploads/morphknitwear/852617380/3CCFB3BA-6D71-449B-B8FD-44BDA1BCCE5F_shelved.jpg', 'medium2_url': 'https://images4-a.ravelrycache.com/uploads/morphknitwear/852617380/3CCFB3BA-6D71-449B-B8FD-44BDA1BCCE5F_medium2.jpg', 'small2_url': 'https://images4-g.ravelrycache.com/uploads/morphknitwear/852617380/3CCFB3BA-6D71-449B-B8FD-44BDA1BCCE5F_small2.jpg', 'caption': 'size 2 body & size 1 sleeves on 34"" chest & 9.5"" upper arms', 'caption_html': 'size 2 body & size 1 sleeves on 34"" chest & 9.5"" upper arms', 'copyright_holder': ''}, {'id': 112522356, 'sort_order': 6, 'user_id': 4168277, 'x_offset': -43, 'y_offset': 0, 'square_url': 'https://images4-g.ravelrycache.com/uploads/morphknitwear/852617441/A9CEE9E6-D122-4508-BA40-505470327781_square.jpg', 'medium_url': 'https://images4-g.ravelrycache.com/uploads/morphknitwear/852617441/A9CEE9E6-D122-4508-BA40-505470327781_medium.jpg', 'thumbnail_url': 'https://images4-g.ravelrycache.com/uploads/morphknitwear/852617441/A9CEE9E6-D122-4508-BA40-505470327781_thumbnail.jpg', 'small_url': 'https://images4-g.ravelrycache.com/uploads/morphknitwear/852617441/A9CEE9E6-D122-4508-BA40-505470327781_small_best_fit.jpg', 'flickr_url': None, 'shelved_url': 'https://images4-f.ravelrycache.com/uploads/morphknitwear/852617441/A9CEE9E6-D122-4508-BA40-505470327781_shelved.jpg', 'medium2_url': 'https://images4-a.ravelrycache.com/uploads/morphknitwear/852617441/A9CEE9E6-D122-4508-BA40-505470327781_medium2.jpg', 'small2_url': 'https://images4-g.ravelrycache.com/uploads/morphknitwear/852617441/A9CEE9E6-D122-4508-BA40-505470327781_small2.jpg', 'caption': None, 'caption_html': None, 'copyright_holder': None}, {'id': 112522357, 'sort_order': 7, 'user_id': 4168277, 'x_offset': 0, 'y_offset': -43, 'square_url': 'https://images4-g.ravelrycache.com/uploads/morphknitwear/852617442/8D5A60A7-8DE6-4197-A749-90B915A4B136_square.jpg', 'medium_url': 'https://images4-g.ravelrycache.com/uploads/morphknitwear/852617442/8D5A60A7-8DE6-4197-A749-90B915A4B136_medium.jpg', 'thumbnail_url': 'https://images4-g.ravelrycache.com/uploads/morphknitwear/852617442/8D5A60A7-8DE6-4197-A749-90B915A4B136_thumbnail.jpg', 'small_url': 'https://images4-f.ravelrycache.com/uploads/morphknitwear/852617442/8D5A60A7-8DE6-4197-A749-90B915A4B136_small_best_fit.jpg', 'flickr_url': None, 'shelved_url': 'https://images4-f.ravelrycache.com/uploads/morphknitwear/852617442/8D5A60A7-8DE6-4197-A749-90B915A4B136_shelved.jpg', 'medium2_url': 'https://images4-a.ravelrycache.com/uploads/morphknitwear/852617442/8D5A60A7-8DE6-4197-A749-90B915A4B136_medium2.jpg', 'small2_url': 'https://images4-g.ravelrycache.com/uploads/morphknitwear/852617442/8D5A60A7-8DE6-4197-A749-90B915A4B136_small2.jpg', 'caption': None, 'caption_html': None, 'copyright_holder': None}, {'id': 112522358, 'sort_order': 8, 'user_id': 4168277, 'x_offset': 0, 'y_offset': -43, 'square_url': 'https://images4-f.ravelrycache.com/uploads/morphknitwear/852618200/45D7BCC9-A1CB-4281-86A1-F106C55F5EEB_square.jpg', 'medium_url': 'https://images4-f.ravelrycache.com/uploads/morphknitwear/852618200/45D7BCC9-A1CB-4281-86A1-F106C55F5EEB_medium.jpg', 'thumbnail_url': 'https://images4-g.ravelrycache.com/uploads/morphknitwear/852618200/45D7BCC9-A1CB-4281-86A1-F106C55F5EEB_thumbnail.jpg', 'small_url': 'https://images4-f.ravelrycache.com/uploads/morphknitwear/852618200/45D7BCC9-A1CB-4281-86A1-F106C55F5EEB_small_best_fit.jpg', 'flickr_url': None, 'shelved_url': 'https://images4-g.ravelrycache.com/uploads/morphknitwear/852618200/45D7BCC9-A1CB-4281-86A1-F106C55F5EEB_shelved.jpg', 'medium2_url': 'https://images4-a.ravelrycache.com/uploads/morphknitwear/852618200/45D7BCC9-A1CB-4281-86A1-F106C55F5EEB_medium2.jpg', 'small2_url': 'https://images4-f.ravelrycache.com/uploads/morphknitwear/852618200/45D7BCC9-A1CB-4281-86A1-F106C55F5EEB_small2.jpg', 'caption': None, 'caption_html': None, 'copyright_holder': None}, {'id': 112522359, 'sort_order': 9, 'user_id': 4168277, 'x_offset': -5, 'y_offset': -35, 'square_url': 'https://images4-g.ravelrycache.com/uploads/morphknitwear/852620298/BAFDAA39-B004-4DFA-ABB2-EA01628E5B68_medium2_square.jpeg', 'medium_url': 'https://images4-g.ravelrycache.com/uploads/morphknitwear/852620298/BAFDAA39-B004-4DFA-ABB2-EA01628E5B68_medium2_medium.jpeg', 'thumbnail_url': 'https://images4-g.ravelrycache.com/uploads/morphknitwear/852620298/BAFDAA39-B004-4DFA-ABB2-EA01628E5B68_medium2_thumbnail.jpeg', 'small_url': 'https://images4-g.ravelrycache.com/uploads/morphknitwear/852620298/BAFDAA39-B004-4DFA-ABB2-EA01628E5B68_medium2_small.jpeg', 'flickr_url': None, 'shelved_url': 'https://images4-g.ravelrycache.com/uploads/morphknitwear/852620298/BAFDAA39-B004-4DFA-ABB2-EA01628E5B68_medium2_shelved.jpeg', 'medium2_url': 'https://images4-a.ravelrycache.com/uploads/morphknitwear/852620298/BAFDAA39-B004-4DFA-ABB2-EA01628E5B68_medium2_medium2.jpeg', 'small2_url': 'https://images4-g.ravelrycache.com/uploads/morphknitwear/852620298/BAFDAA39-B004-4DFA-ABB2-EA01628E5B68_medium2_small2.jpeg', 'caption': 'size 6 body on 44"" chest', 'caption_html': 'size 6 body on 44"" chest', 'copyright_holder': 'jessicabrown80'}, {'id': 112522360, 'sort_order': 10, 'user_id': 4168277, 'x_offset': -5, 'y_offset': -35, 'square_url': 'https://images4-g.ravelrycache.com/uploads/morphknitwear/852620297/B1413AF3-6100-4161-969E-A4E7727B72B2_medium2_square.jpeg', 'medium_url': 'https://images4-g.ravelrycache.com/uploads/morphknitwear/852620297/B1413AF3-6100-4161-969E-A4E7727B72B2_medium2_medium.jpeg', 'thumbnail_url': 'https://images4-f.ravelrycache.com/uploads/morphknitwear/852620297/B1413AF3-6100-4161-969E-A4E7727B72B2_medium2_thumbnail.jpeg', 'small_url': 'https://images4-g.ravelrycache.com/uploads/morphknitwear/852620297/B1413AF3-6100-4161-969E-A4E7727B72B2_medium2_small.jpeg', 'flickr_url': None, 'shelved_url': 'https://images4-g.ravelrycache.com/uploads/morphknitwear/852620297/B1413AF3-6100-4161-969E-A4E7727B72B2_medium2_shelved.jpeg', 'medium2_url': 'https://images4-a.ravelrycache.com/uploads/morphknitwear/852620297/B1413AF3-6100-4161-969E-A4E7727B72B2_medium2_medium2.jpeg', 'small2_url': 'https://images4-g.ravelrycache.com/uploads/morphknitwear/852620297/B1413AF3-6100-4161-969E-A4E7727B72B2_medium2_small2.jpeg', 'caption': 'size 6 body on 44"" chest', 'caption_html': 'size 6 body on 44"" chest', 'copyright_holder': 'jessicabrown80'}, {'id': 112522361, 'sort_order': 11, 'user_id': 4168277, 'x_offset': -5, 'y_offset': -35, 'square_url': 'https://images4-f.ravelrycache.com/uploads/morphknitwear/852620299/1206B249-AC0D-4ED7-80D4-5AD9EAC024DF_medium2_square.jpeg', 'medium_url': 'https://images4-f.ravelrycache.com/uploads/morphknitwear/852620299/1206B249-AC0D-4ED7-80D4-5AD9EAC024DF_medium2_medium.jpeg', 'thumbnail_url': 'https://images4-f.ravelrycache.com/uploads/morphknitwear/852620299/1206B249-AC0D-4ED7-80D4-5AD9EAC024DF_medium2_thumbnail.jpeg', 'small_url': 'https://images4-f.ravelrycache.com/uploads/morphknitwear/852620299/1206B249-AC0D-4ED7-80D4-5AD9EAC024DF_medium2_small.jpeg', 'flickr_url': None, 'shelved_url': 'https://images4-f.ravelrycache.com/uploads/morphknitwear/852620299/1206B249-AC0D-4ED7-80D4-5AD9EAC024DF_medium2_shelved.jpeg', 'medium2_url': 'https://images4-a.ravelrycache.com/uploads/morphknitwear/852620299/1206B249-AC0D-4ED7-80D4-5AD9EAC024DF_medium2_medium2.jpeg', 'small2_url': 'https://images4-f.ravelrycache.com/uploads/morphknitwear/852620299/1206B249-AC0D-4ED7-80D4-5AD9EAC024DF_medium2_small2.jpeg', 'caption': 'size 6 body on 44"" chest', 'caption_html': 'size 6 body on 44"" chest', 'copyright_holder': 'jessicabrown80'}, {'id': 112522362, 'sort_order': 12, 'user_id': 4168277, 'x_offset': -5, 'y_offset': -35, 'square_url': 'https://images4-g.ravelrycache.com/uploads/morphknitwear/852622608/IMG_8743_square.jpg', 'medium_url': 'https://images4-g.ravelrycache.com/uploads/morphknitwear/852622608/IMG_8743_medium.jpg', 'thumbnail_url': 'https://images4-g.ravelrycache.com/uploads/morphknitwear/852622608/IMG_8743_thumbnail.jpg', 'small_url': 'https://images4-g.ravelrycache.com/uploads/morphknitwear/852622608/IMG_8743_small.jpg', 'flickr_url': None, 'shelved_url': 'https://images4-g.ravelrycache.com/uploads/morphknitwear/852622608/IMG_8743_shelved.jpg', 'medium2_url': 'https://images4-a.ravelrycache.com/uploads/morphknitwear/852622608/IMG_8743_medium2.jpg', 'small2_url': 'https://images4-g.ravelrycache.com/uploads/morphknitwear/852622608/IMG_8743_small2.jpg', 'caption': 'size 4 body & sleeves on 34"" chest / 9.5"" upper arm', 'caption_html': 'size 4 body & sleeves on 34"" chest / 9.5"" upper arm', 'copyright_holder': ''}, {'id': 112522363, 'sort_order': 13, 'user_id': 4168277, 'x_offset': -5, 'y_offset': -35, 'square_url': 'https://images4-g.ravelrycache.com/uploads/morphknitwear/852622609/IMG_8742_square.jpg', 'medium_url': 'https://images4-g.ravelrycache.com/uploads/morphknitwear/852622609/IMG_8742_medium.jpg', 'thumbnail_url': 'https://images4-g.ravelrycache.com/uploads/morphknitwear/852622609/IMG_8742_thumbnail.jpg', 'small_url': 'https://images4-g.ravelrycache.com/uploads/morphknitwear/852622609/IMG_8742_small.jpg', 'flickr_url': None, 'shelved_url': 'https://images4-f.ravelrycache.com/uploads/morphknitwear/852622609/IMG_8742_shelved.jpg', 'medium2_url': 'https://images4-a.ravelrycache.com/uploads/morphknitwear/852622609/IMG_8742_medium2.jpg', 'small2_url': 'https://images4-g.ravelrycache.com/uploads/morphknitwear/852622609/IMG_8742_small2.jpg', 'caption': 'size 4 body & sleeves on 34"" chest / 9.5"" upper arm', 'caption_html': 'size 4 body & sleeves on 34"" chest / 9.5"" upper arm', 'copyright_holder': ''}, {'id': 112522364, 'sort_order': 14, 'user_id': 4168277, 'x_offset': -5, 'y_offset': -35, 'square_url': 'https://images4-f.ravelrycache.com/uploads/morphknitwear/852621902/0273DD79-9087-42D4-8013-C99165B21E6E_medium2_square.jpeg', 'medium_url': 'https://images4-f.ravelrycache.com/uploads/morphknitwear/852621902/0273DD79-9087-42D4-8013-C99165B21E6E_medium2_medium.jpeg', 'thumbnail_url': 'https://images4-f.ravelrycache.com/uploads/morphknitwear/852621902/0273DD79-9087-42D4-8013-C99165B21E6E_medium2_thumbnail.jpeg', 'small_url': 'https://images4-f.ravelrycache.com/uploads/morphknitwear/852621902/0273DD79-9087-42D4-8013-C99165B21E6E_medium2_small.jpeg', 'flickr_url': None, 'shelved_url': 'https://images4-g.ravelrycache.com/uploads/morphknitwear/852621902/0273DD79-9087-42D4-8013-C99165B21E6E_medium2_shelved.jpeg', 'medium2_url': 'https://images4-a.ravelrycache.com/uploads/morphknitwear/852621902/0273DD79-9087-42D4-8013-C99165B21E6E_medium2_medium2.jpeg', 'small2_url': 'https://images4-f.ravelrycache.com/uploads/morphknitwear/852621902/0273DD79-9087-42D4-8013-C99165B21E6E_medium2_small2.jpeg', 'caption': 'size 4 body & size 4 sleeves on 39.5"" chest, 13.5"" upper arm', 'caption_html': 'size 4 body & size 4 sleeves on 39.5"" chest, 13.5"" upper arm', 'copyright_holder': 'jmaclatin'}, {'id': 112522365, 'sort_order': 15, 'user_id': 4168277, 'x_offset': 1, 'y_offset': -39, 'square_url': 'https://images4-f.ravelrycache.com/uploads/morphknitwear/852621901/DDE37D78-ADCD-4D54-A32C-F2B089BB42A2_medium2_square.jpeg', 'medium_url': 'https://images4-f.ravelrycache.com/uploads/morphknitwear/852621901/DDE37D78-ADCD-4D54-A32C-F2B089BB42A2_medium2_medium.jpeg', 'thumbnail_url': 'https://images4-f.ravelrycache.com/uploads/morphknitwear/852621901/DDE37D78-ADCD-4D54-A32C-F2B089BB42A2_medium2_thumbnail.jpeg', 'small_url': 'https://images4-g.ravelrycache.com/uploads/morphknitwear/852621901/DDE37D78-ADCD-4D54-A32C-F2B089BB42A2_medium2_small_best_fit.jpeg', 'flickr_url': None, 'shelved_url': 'https://images4-g.ravelrycache.com/uploads/morphknitwear/852621901/DDE37D78-ADCD-4D54-A32C-F2B089BB42A2_medium2_shelved.jpeg', 'medium2_url': 'https://images4-a.ravelrycache.com/uploads/morphknitwear/852621901/DDE37D78-ADCD-4D54-A32C-F2B089BB42A2_medium2_medium2.jpeg', 'small2_url': 'https://images4-f.ravelrycache.com/uploads/morphknitwear/852621901/DDE37D78-ADCD-4D54-A32C-F2B089BB42A2_medium2_small2.jpeg', 'caption': 'size 4 body & size 4 sleeves on 39.5"" chest, 13.5"" upper arm', 'caption_html': 'size 4 body & size 4 sleeves on 39.5"" chest, 13.5"" upper arm', 'copyright_holder': 'jmaclatin'}, {'id': 112522366, 'sort_order': 16, 'user_id': 4168277, 'x_offset': 0, 'y_offset': 0, 'square_url': 'https://images4-g.ravelrycache.com/uploads/morphknitwear/852623869/DB768F9D-C4EB-4903-A008-F77A19A40F98_medium2_square.jpeg', 'medium_url': 'https://images4-g.ravelrycache.com/uploads/morphknitwear/852623869/DB768F9D-C4EB-4903-A008-F77A19A40F98_medium2_medium.jpeg', 'thumbnail_url': 'https://images4-f.ravelrycache.com/uploads/morphknitwear/852623869/DB768F9D-C4EB-4903-A008-F77A19A40F98_medium2_thumbnail.jpeg', 'small_url': 'https://images4-f.ravelrycache.com/uploads/morphknitwear/852623869/DB768F9D-C4EB-4903-A008-F77A19A40F98_medium2_small_best_fit.jpeg', 'flickr_url': None, 'shelved_url': 'https://images4-g.ravelrycache.com/uploads/morphknitwear/852623869/DB768F9D-C4EB-4903-A008-F77A19A40F98_medium2_shelved.jpeg', 'medium2_url': 'https://images4-a.ravelrycache.com/uploads/morphknitwear/852623869/DB768F9D-C4EB-4903-A008-F77A19A40F98_medium2_medium2.jpeg', 'small2_url': 'https://images4-g.ravelrycache.com/uploads/morphknitwear/852623869/DB768F9D-C4EB-4903-A008-F77A19A40F98_medium2_small2.jpeg', 'caption': 'size 2 body & sleeves on 32.5"" chest & 10.5"" upper arm', 'caption_html': 'size 2 body & sleeves on 32.5"" chest & 10.5"" upper arm', 'copyright_holder': 'WickedAnnabela'}, {'id': 112522367, 'sort_order': 17, 'user_id': 4168277, 'x_offset': 0, 'y_offset': 0, 'square_url': 'https://images4-f.ravelrycache.com/uploads/morphknitwear/852623870/BE91A8A0-ECA7-4A3D-98C0-18DF11354F00_medium2_square.jpeg', 'medium_url': 'https://images4-f.ravelrycache.com/uploads/morphknitwear/852623870/BE91A8A0-ECA7-4A3D-98C0-18DF11354F00_medium2_medium.jpeg', 'thumbnail_url': 'https://images4-g.ravelrycache.com/uploads/morphknitwear/852623870/BE91A8A0-ECA7-4A3D-98C0-18DF11354F00_medium2_thumbnail.jpeg', 'small_url': 'https://images4-g.ravelrycache.com/uploads/morphknitwear/852623870/BE91A8A0-ECA7-4A3D-98C0-18DF11354F00_medium2_small_best_fit.jpeg', 'flickr_url': None, 'shelved_url': 'https://images4-g.ravelrycache.com/uploads/morphknitwear/852623870/BE91A8A0-ECA7-4A3D-98C0-18DF11354F00_medium2_shelved.jpeg', 'medium2_url': 'https://images4-a.ravelrycache.com/uploads/morphknitwear/852623870/BE91A8A0-ECA7-4A3D-98C0-18DF11354F00_medium2_medium2.jpeg', 'small2_url': 'https://images4-f.ravelrycache.com/uploads/morphknitwear/852623870/BE91A8A0-ECA7-4A3D-98C0-18DF11354F00_medium2_small2.jpeg', 'caption': 'size 2 body & sleeves on 32.5"" chest & 10.5"" upper arm', 'caption_html': 'size 2 body & sleeves on 32.5"" chest & 10.5"" upper arm', 'copyright_holder': 'WickedAnnabela'}, {'id': 112522368, 'sort_order': 18, 'user_id': 4168277, 'x_offset': -104, 'y_offset': 0, 'square_url': 'https://images4-f.ravelrycache.com/uploads/morphknitwear/852623451/IMG20220419222724_medium2_square.jpg', 'medium_url': 'https://images4-f.ravelrycache.com/uploads/morphknitwear/852623451/IMG20220419222724_medium2_medium.jpg', 'thumbnail_url': 'https://images4-f.ravelrycache.com/uploads/morphknitwear/852623451/IMG20220419222724_medium2_thumbnail.jpg', 'small_url': 'https://images4-f.ravelrycache.com/uploads/morphknitwear/852623451/IMG20220419222724_medium2_small_best_fit.jpg', 'flickr_url': None, 'shelved_url': 'https://images4-g.ravelrycache.com/uploads/morphknitwear/852623451/IMG20220419222724_medium2_shelved.jpg', 'medium2_url': 'https://images4-a.ravelrycache.com/uploads/morphknitwear/852623451/IMG20220419222724_medium2_medium2.jpg', 'small2_url': 'https://images4-f.ravelrycache.com/uploads/morphknitwear/852623451/IMG20220419222724_medium2_small2.jpg', 'caption': 'sweater & sleeve size 2 on 33.25"" chest & 9"" upper arm', 'caption_html': 'sweater & sleeve size 2 on 33.25"" chest & 9"" upper arm', 'copyright_holder': 'jhougen '}, {'id': 112522369, 'sort_order': 19, 'user_id': 4168277, 'x_offset': -5, 'y_offset': -35, 'square_url': 'https://images4-g.ravelrycache.com/uploads/morphknitwear/852622994/278566460_1082786462317476_6551907579917128537_n_medium2_square.jpg', 'medium_url': 'https://images4-g.ravelrycache.com/uploads/morphknitwear/852622994/278566460_1082786462317476_6551907579917128537_n_medium2_medium.jpg', 'thumbnail_url': 'https://images4-f.ravelrycache.com/uploads/morphknitwear/852622994/278566460_1082786462317476_6551907579917128537_n_medium2_thumbnail.jpg', 'small_url': 'https://images4-f.ravelrycache.com/uploads/morphknitwear/852622994/278566460_1082786462317476_6551907579917128537_n_medium2_small.jpg', 'flickr_url': None, 'shelved_url': 'https://images4-f.ravelrycache.com/uploads/morphknitwear/852622994/278566460_1082786462317476_6551907579917128537_n_medium2_shelved.jpg', 'medium2_url': 'https://images4-a.ravelrycache.com/uploads/morphknitwear/852622994/278566460_1082786462317476_6551907579917128537_n_medium2_medium2.jpg', 'small2_url': 'https://images4-g.ravelrycache.com/uploads/morphknitwear/852622994/278566460_1082786462317476_6551907579917128537_n_medium2_small2.jpg', 'caption': 'size 1 body & size 1 sleeves', 'caption_html': 'size 1 body & size 1 sleeves', 'copyright_holder': 'Bridget67'}, {'id': 112522370, 'sort_order': 20, 'user_id': 4168277, 'x_offset': -4, 'y_offset': -35, 'square_url': 'https://images4-g.ravelrycache.com/uploads/morphknitwear/852621477/_20220429_201237_medium2_square.JPG', 'medium_url': 'https://images4-g.ravelrycache.com/uploads/morphknitwear/852621477/_20220429_201237_medium2_medium.JPG', 'thumbnail_url': 'https://images4-f.ravelrycache.com/uploads/morphknitwear/852621477/_20220429_201237_medium2_thumbnail.JPG', 'small_url': 'https://images4-g.ravelrycache.com/uploads/morphknitwear/852621477/_20220429_201237_medium2_small.JPG', 'flickr_url': None, 'shelved_url': 'https://images4-g.ravelrycache.com/uploads/morphknitwear/852621477/_20220429_201237_medium2_shelved.JPG', 'medium2_url': 'https://images4-a.ravelrycache.com/uploads/morphknitwear/852621477/_20220429_201237_medium2_medium2.JPG', 'small2_url': 'https://images4-g.ravelrycache.com/uploads/morphknitwear/852621477/_20220429_201237_medium2_small2.JPG', 'caption': 'size 6 body & size 5 sleeves', 'caption_html': 'size 6 body & size 5 sleeves', 'copyright_holder': 'merricat3'}, {'id': 112522371, 'sort_order': 21, 'user_id': 4168277, 'x_offset': 0, 'y_offset': -11, 'square_url': 'https://images4-g.ravelrycache.com/uploads/morphknitwear/852620961/20220404_201906_medium2_square.jpg', 'medium_url': 'https://images4-g.ravelrycache.com/uploads/morphknitwear/852620961/20220404_201906_medium2_medium.jpg', 'thumbnail_url': 'https://images4-g.ravelrycache.com/uploads/morphknitwear/852620961/20220404_201906_medium2_thumbnail.jpg', 'small_url': 'https://images4-f.ravelrycache.com/uploads/morphknitwear/852620961/20220404_201906_medium2_small_best_fit.jpg', 'flickr_url': None, 'shelved_url': 'https://images4-g.ravelrycache.com/uploads/morphknitwear/852620961/20220404_201906_medium2_shelved.jpg', 'medium2_url': 'https://images4-a.ravelrycache.com/uploads/morphknitwear/852620961/20220404_201906_medium2_medium2.jpg', 'small2_url': 'https://images4-g.ravelrycache.com/uploads/morphknitwear/852620961/20220404_201906_medium2_small2.jpg', 'caption': 'size 4 body & 4 sleeves', 'caption_html': 'size 4 body & 4 sleeves', 'copyright_holder': 'xcaroleex'}]"
Structure top,Anne B Hanssen,1238605,https://www.ravelry.com/patterns/library/structure-top,False,https://images4-a.ravelrycache.com/uploads/asmaloy/852116512/IMG_1654_medium2.jpg,Knitting,"['adult', 'no-ease', 'lace', 'textured', 'crew-neck', 'seamless', 'top-down', 'positive-ease', 'chart', 'written-pattern', 'in-the-round', 'schematic']",27.0,3.3846153846153846,True,4.0,stockinette and also the stitch-pattern,pullover,Fingering,27,4.846153846153846,Finished chest: 32.5/35/37.25/39.5/42/44.25/46.5/49/51.5/54”                                                                                                                                                                                                   ,"[{'id': 112522700, 'sort_order': 1, 'user_id': 1158678, 'x_offset': -3, 'y_offset': -35, 'square_url': 'https://images4-g.ravelrycache.com/uploads/asmaloy/852116512/IMG_1654_square.jpg', 'medium_url': 'https://images4-g.ravelrycache.com/uploads/asmaloy/852116512/IMG_1654_medium.jpg', 'thumbnail_url': 'https://images4-f.ravelrycache.com/uploads/asmaloy/852116512/IMG_1654_thumbnail.jpg', 'small_url': 'https://images4-f.ravelrycache.com/uploads/asmaloy/852116512/IMG_1654_small.jpg', 'flickr_url': None, 'shelved_url': 'https://images4-f.ravelrycache.com/uploads/asmaloy/852116512/IMG_1654_shelved.jpg', 'medium2_url': 'https://images4-a.ravelrycache.com/uploads/asmaloy/852116512/IMG_1654_medium2.jpg', 'small2_url': 'https://images4-g.ravelrycache.com/uploads/asmaloy/852116512/IMG_1654_small2.jpg', 'caption': None, 'caption_html': None, 'copyright_holder': None}, {'id': 112522698, 'sort_order': 2, 'user_id': 1158678, 'x_offset': 0, 'y_offset': -24, 'square_url': 'https://images4-f.ravelrycache.com/uploads/asmaloy/852116932/IMG_1626_square.jpg', 'medium_url': 'https://images4-f.ravelrycache.com/uploads/asmaloy/852116932/IMG_1626_medium.jpg', 'thumbnail_url': 'https://images4-f.ravelrycache.com/uploads/asmaloy/852116932/IMG_1626_thumbnail.jpg', 'small_url': 'https://images4-g.ravelrycache.com/uploads/asmaloy/852116932/IMG_1626_small_best_fit.jpg', 'flickr_url': None, 'shelved_url': 'https://images4-f.ravelrycache.com/uploads/asmaloy/852116932/IMG_1626_shelved.jpg', 'medium2_url': 'https://images4-a.ravelrycache.com/uploads/asmaloy/852116932/IMG_1626_medium2.jpg', 'small2_url': 'https://images4-f.ravelrycache.com/uploads/asmaloy/852116932/IMG_1626_small2.jpg', 'caption': None, 'caption_html': None, 'copyright_holder': None}, {'id': 112522699, 'sort_order': 3, 'user_id': 1158678, 'x_offset': 0, 'y_offset': -42, 'square_url': 'https://images4-f.ravelrycache.com/uploads/asmaloy/852116689/IMG_1667_square.jpg', 'medium_url': 'https://images4-f.ravelrycache.com/uploads/asmaloy/852116689/IMG_1667_medium.jpg', 'thumbnail_url': 'https://images4-f.ravelrycache.com/uploads/asmaloy/852116689/IMG_1667_thumbnail.jpg', 'small_url': 'https://images4-g.ravelrycache.com/uploads/asmaloy/852116689/IMG_1667_small_best_fit.jpg', 'flickr_url': None, 'shelved_url': 'https://images4-f.ravelrycache.com/uploads/asmaloy/852116689/IMG_1667_shelved.jpg', 'medium2_url': 'https://images4-a.ravelrycache.com/uploads/asmaloy/852116689/IMG_1667_medium2.jpg', 'small2_url': 'https://images4-f.ravelrycache.com/uploads/asmaloy/852116689/IMG_1667_small2.jpg', 'caption': None, 'caption_html': None, 'copyright_holder': None}, {'id': 112523737, 'sort_order': 4, 'user_id': 4712337, 'x_offset': -7, 'y_offset': -39, 'square_url': 'https://images4-g.ravelrycache.com/uploads/ironaknit/852741007/IMG_E3297__square.JPG', 'medium_url': 'https://images4-g.ravelrycache.com/uploads/ironaknit/852741007/IMG_E3297__medium.JPG', 'thumbnail_url': 'https://images4-g.ravelrycache.com/uploads/ironaknit/852741007/IMG_E3297__thumbnail.JPG', 'small_url': 'https://images4-f.ravelrycache.com/uploads/ironaknit/852741007/IMG_E3297__small.JPG', 'flickr_url': None, 'shelved_url': 'https://images4-g.ravelrycache.com/uploads/ironaknit/852741007/IMG_E3297__shelved.JPG', 'medium2_url': 'https://images4-a.ravelrycache.com/uploads/ironaknit/852741007/IMG_E3297__medium2.JPG', 'small2_url': 'https://images4-g.ravelrycache.com/uploads/ironaknit/852741007/IMG_E3297__small2.JPG', 'caption': None, 'caption_html': None, 'copyright_holder': None}, {'id': 112526656, 'sort_order': 5, 'user_id': 7504544, 'x_offset': -1, 'y_offset': -88, 'square_url': 'https://images4-f.ravelrycache.com/uploads/lust4stricken/849185661/IMG_6570-edited_square.jpg', 'medium_url': 'https://images4-f.ravelrycache.com/uploads/lust4stricken/849185661/IMG_6570-edited_medium.jpg', 'thumbnail_url': 'https://images4-g.ravelrycache.com/uploads/lust4stricken/849185661/IMG_6570-edited_thumbnail.jpg', 'small_url': 'https://images4-g.ravelrycache.com/uploads/lust4stricken/849185661/IMG_6570-edited_small_best_fit.jpg', 'flickr_url': None, 'shelved_url': 'https://images4-f.ravelrycache.com/uploads/lust4stricken/849185661/IMG_6570-edited_shelved.jpg', 'medium2_url': 'https://images4-a.ravelrycache.com/uploads/lust4stricken/849185661/IMG_6570-edited_medium2.jpg', 'small2_url': 'https://images4-f.ravelrycache.com/uploads/lust4stricken/849185661/IMG_6570-edited_small2.jpg', 'caption': None, 'caption_html': None, 'copyright_holder': None}, {'id': 112522702, 'sort_order': 6, 'user_id': 1158678, 'x_offset': 0, 'y_offset': -38, 'square_url': 'https://images4-g.ravelrycache.com/uploads/asmaloy/852117378/IMG_1617_square.jpg', 'medium_url': 'https://images4-g.ravelrycache.com/uploads/asmaloy/852117378/IMG_1617_medium.jpg', 'thumbnail_url': 'https://images4-g.ravelrycache.com/uploads/asmaloy/852117378/IMG_1617_thumbnail.jpg', 'small_url': 'https://images4-g.ravelrycache.com/uploads/asmaloy/852117378/IMG_1617_small_best_fit.jpg', 'flickr_url': None, 'shelved_url': 'https://images4-g.ravelrycache.com/uploads/asmaloy/852117378/IMG_1617_shelved.jpg', 'medium2_url': 'https://images4-a.ravelrycache.com/uploads/asmaloy/852117378/IMG_1617_medium2.jpg', 'small2_url': 'https://images4-g.ravelrycache.com/uploads/asmaloy/852117378/IMG_1617_small2.jpg', 'caption': None, 'caption_html': None, 'copyright_holder': None}, {'id': 112522703, 'sort_order': 7, 'user_id': 1158678, 'x_offset': -3, 'y_offset': -35, 'square_url': 'https://images4-f.ravelrycache.com/uploads/asmaloy/852117412/IMG_1622_square.jpg', 'medium_url': 'https://images4-f.ravelrycache.com/uploads/asmaloy/852117412/IMG_1622_medium.jpg', 'thumbnail_url': 'https://images4-g.ravelrycache.com/uploads/asmaloy/852117412/IMG_1622_thumbnail.jpg', 'small_url': 'https://images4-f.ravelrycache.com/uploads/asmaloy/852117412/IMG_1622_small.jpg', 'flickr_url': None, 'shelved_url': 'https://images4-f.ravelrycache.com/uploads/asmaloy/852117412/IMG_1622_shelved.jpg', 'medium2_url': 'https://images4-a.ravelrycache.com/uploads/asmaloy/852117412/IMG_1622_medium2.jpg', 'small2_url': 'https://images4-f.ravelrycache.com/uploads/asmaloy/852117412/IMG_1622_small2.jpg', 'caption': None, 'caption_html': None, 'copyright_holder': None}, {'id': 112522701, 'sort_order': 8, 'user_id': 1158678, 'x_offset': 0, 'y_offset': -38, 'square_url': 'https://images4-f.ravelrycache.com/uploads/asmaloy/852116598/IMG_1649_square.jpg', 'medium_url': 'https://images4-f.ravelrycache.com/uploads/asmaloy/852116598/IMG_1649_medium.jpg', 'thumbnail_url': 'https://images4-f.ravelrycache.com/uploads/asmaloy/852116598/IMG_1649_thumbnail.jpg', 'small_url': 'https://images4-f.ravelrycache.com/uploads/asmaloy/852116598/IMG_1649_small_best_fit.jpg', 'flickr_url': None, 'shelved_url': 'https://images4-g.ravelrycache.com/uploads/asmaloy/852116598/IMG_1649_shelved.jpg', 'medium2_url': 'https://images4-a.ravelrycache.com/uploads/asmaloy/852116598/IMG_1649_medium2.jpg', 'small2_url': 'https://images4-f.ravelrycache.com/uploads/asmaloy/852116598/IMG_1649_small2.jpg', 'caption': None, 'caption_html': None, 'copyright_holder': None}, {'id': 112523006, 'sort_order': 9, 'user_id': 2775102, 'x_offset': -1, 'y_offset': 0, 'square_url': 'https://images4-f.ravelrycache.com/uploads/ewfeller/852317224/7B643821-AEDE-4C8A-98C4-8F00E4FAE6A7_square.jpeg', 'medium_url': 'https://images4-f.ravelrycache.com/uploads/ewfeller/852317224/7B643821-AEDE-4C8A-98C4-8F00E4FAE6A7_medium.jpeg', 'thumbnail_url': 'https://images4-f.ravelrycache.com/uploads/ewfeller/852317224/7B643821-AEDE-4C8A-98C4-8F00E4FAE6A7_thumbnail.jpeg', 'small_url': 'https://images4-g.ravelrycache.com/uploads/ewfeller/852317224/7B643821-AEDE-4C8A-98C4-8F00E4FAE6A7_small_best_fit.jpeg', 'flickr_url': None, 'shelved_url': 'https://images4-f.ravelrycache.com/uploads/ewfeller/852317224/7B643821-AEDE-4C8A-98C4-8F00E4FAE6A7_shelved.jpeg', 'medium2_url': 'https://images4-a.ravelrycache.com/uploads/ewfeller/852317224/7B643821-AEDE-4C8A-98C4-8F00E4FAE6A7_medium2.jpeg', 'small2_url': 'https://images4-f.ravelrycache.com/uploads/ewfeller/852317224/7B643821-AEDE-4C8A-98C4-8F00E4FAE6A7_small2.jpeg', 'caption': None, 'caption_html': None, 'copyright_holder': None}, {'id': 112653508, 'sort_order': 10, 'user_id': 1962823, 'x_offset': -7, 'y_offset': -35, 'square_url': 'https://images4-f.ravelrycache.com/uploads/SKYSNOTHELIMIT/853786024/IMG_20220506_181543_square.jpg', 'medium_url': 'https://images4-f.ravelrycache.com/uploads/SKYSNOTHELIMIT/853786024/IMG_20220506_181543_medium.jpg', 'thumbnail_url': 'https://images4-f.ravelrycache.com/uploads/SKYSNOTHELIMIT/853786024/IMG_20220506_181543_thumbnail.jpg', 'small_url': 'https://images4-g.ravelrycache.com/uploads/SKYSNOTHELIMIT/853786024/IMG_20220506_181543_small.jpg', 'flickr_url': None, 'shelved_url': 'https://images4-f.ravelrycache.com/uploads/SKYSNOTHELIMIT/853786024/IMG_20220506_181543_shelved.jpg', 'medium2_url': 'https://images4-a.ravelrycache.com/uploads/SKYSNOTHELIMIT/853786024/IMG_20220506_181543_medium2.jpg', 'small2_url': 'https://images4-f.ravelrycache.com/uploads/SKYSNOTHELIMIT/853786024/IMG_20220506_181543_small2.jpg', 'caption': None, 'caption_html': None, 'copyright_holder': None}, {'id': 112523133, 'sort_order': 11, 'user_id': 413898, 'x_offset': 0, 'y_offset': -7, 'square_url': 'https://images4-g.ravelrycache.com/uploads/ejmsasha/850896696/IMG_5637_square.jpg', 'medium_url': 'https://images4-g.ravelrycache.com/uploads/ejmsasha/850896696/IMG_5637_medium.jpg', 'thumbnail_url': 'https://images4-g.ravelrycache.com/uploads/ejmsasha/850896696/IMG_5637_thumbnail.jpg', 'small_url': 'https://images4-g.ravelrycache.com/uploads/ejmsasha/850896696/IMG_5637_small_best_fit.jpg', 'flickr_url': None, 'shelved_url': 'https://images4-g.ravelrycache.com/uploads/ejmsasha/850896696/IMG_5637_shelved.jpg', 'medium2_url': 'https://images4-a.ravelrycache.com/uploads/ejmsasha/850896696/IMG_5637_medium2.jpg', 'small2_url': 'https://images4-g.ravelrycache.com/uploads/ejmsasha/850896696/IMG_5637_small2.jpg', 'caption': None, 'caption_html': None, 'copyright_holder': None}, {'id': 113262062, 'sort_order': 12, 'user_id': 882948, 'x_offset': -35, 'y_offset': -5, 'square_url': 'https://images4-g.ravelrycache.com/uploads/cookieladyknits/858725292/Structure3_square.JPG', 'medium_url': 'https://images4-g.ravelrycache.com/uploads/cookieladyknits/858725292/Structure3_medium.JPG', 'thumbnail_url': 'https://images4-g.ravelrycache.com/uploads/cookieladyknits/858725292/Structure3_thumbnail.JPG', 'small_url': 'https://images4-g.ravelrycache.com/uploads/cookieladyknits/858725292/Structure3_small.JPG', 'flickr_url': None, 'shelved_url': 'https://images4-g.ravelrycache.com/uploads/cookieladyknits/858725292/Structure3_shelved.JPG', 'medium2_url': 'https://images4-a.ravelrycache.com/uploads/cookieladyknits/858725292/Structure3_medium2.JPG', 'small2_url': 'https://images4-g.ravelrycache.com/uploads/cookieladyknits/858725292/Structure3_small2.JPG', 'caption': None, 'caption_html': None, 'copyright_holder': None}, {'id': 112522704, 'sort_order': 13, 'user_id': 1158678, 'x_offset': -5, 'y_offset': -35, 'square_url': 'https://images4-g.ravelrycache.com/uploads/asmaloy/852117089/IMG_1633_square.jpg', 'medium_url': 'https://images4-g.ravelrycache.com/uploads/asmaloy/852117089/IMG_1633_medium.jpg', 'thumbnail_url': 'https://images4-g.ravelrycache.com/uploads/asmaloy/852117089/IMG_1633_thumbnail.jpg', 'small_url': 'https://images4-f.ravelrycache.com/uploads/asmaloy/852117089/IMG_1633_small.jpg', 'flickr_url': None, 'shelved_url': 'https://images4-g.ravelrycache.com/uploads/asmaloy/852117089/IMG_1633_shelved.jpg', 'medium2_url': 'https://images4-a.ravelrycache.com/uploads/asmaloy/852117089/IMG_1633_medium2.jpg', 'small2_url': 'https://images4-g.ravelrycache.com/uploads/asmaloy/852117089/IMG_1633_small2.jpg', 'caption': None, 'caption_html': None, 'copyright_holder': None}]"
Serpanok,Natalie Pelykh,1238987,https://www.ravelry.com/patterns/library/serpanok,False,https://images4-a.ravelrycache.com/uploads/knitforsweet/853042633/__81__medium2.jpg,Knitting,"['female', 'toddler', 'child', 'teen', 'adult', 'oversized', 'lace', 'backfastening', 'aline', 'icord', 'bottom-up', 'positive-ease', 'chart', 'written-pattern', 'in-the-round', 'icord-edging', 'three-needle-bind']",22.0,5.0,True,4.0,"in stockinette stitch, on 3.00 mm [US2.5] needles, after blocking and stretched",child,Lace,26,4.666666666666667,kids - 12 mos; 18 – 24 mos; 3 yrs (4 yrs; 5 yrs; 6–7 yrs) (8–9 yrs; 10–12 yrs; 12–14 yrs); adults - 32 (34; 36; 38) (40; 42; 44) (46; 48; 50) (52; 54;56) (58; 60; 62),"[{'id': 112564704, 'sort_order': 1, 'user_id': 80470, 'x_offset': -3, 'y_offset': -80, 'square_url': 'https://images4-f.ravelrycache.com/uploads/knitforsweet/853042633/__81__square.jpg', 'medium_url': 'https://images4-f.ravelrycache.com/uploads/knitforsweet/853042633/__81__medium.jpg', 'thumbnail_url': 'https://images4-f.ravelrycache.com/uploads/knitforsweet/853042633/__81__thumbnail.jpg', 'small_url': 'https://images4-f.ravelrycache.com/uploads/knitforsweet/853042633/__81__small_best_fit.jpg', 'flickr_url': None, 'shelved_url': 'https://images4-f.ravelrycache.com/uploads/knitforsweet/853042633/__81__shelved.jpg', 'medium2_url': 'https://images4-a.ravelrycache.com/uploads/knitforsweet/853042633/__81__medium2.jpg', 'small2_url': 'https://images4-f.ravelrycache.com/uploads/knitforsweet/853042633/__81__small2.jpg', 'caption': None, 'caption_html': None, 'copyright_holder': None}, {'id': 112564705, 'sort_order': 2, 'user_id': 80470, 'x_offset': 0, 'y_offset': -43, 'square_url': 'https://images4-g.ravelrycache.com/uploads/knitforsweet/853042629/__154__square.jpg', 'medium_url': 'https://images4-g.ravelrycache.com/uploads/knitforsweet/853042629/__154__medium.jpg', 'thumbnail_url': 'https://images4-g.ravelrycache.com/uploads/knitforsweet/853042629/__154__thumbnail.jpg', 'small_url': 'https://images4-f.ravelrycache.com/uploads/knitforsweet/853042629/__154__small_best_fit.jpg', 'flickr_url': None, 'shelved_url': 'https://images4-g.ravelrycache.com/uploads/knitforsweet/853042629/__154__shelved.jpg', 'medium2_url': 'https://images4-a.ravelrycache.com/uploads/knitforsweet/853042629/__154__medium2.jpg', 'small2_url': 'https://images4-g.ravelrycache.com/uploads/knitforsweet/853042629/__154__small2.jpg', 'caption': None, 'caption_html': None, 'copyright_holder': None}, {'id': 112574660, 'sort_order': 3, 'user_id': 80470, 'x_offset': 0, 'y_offset': -43, 'square_url': 'https://images4-g.ravelrycache.com/uploads/knitforsweet/853162404/__7__square.jpg', 'medium_url': 'https://images4-g.ravelrycache.com/uploads/knitforsweet/853162404/__7__medium.jpg', 'thumbnail_url': 'https://images4-g.ravelrycache.com/uploads/knitforsweet/853162404/__7__thumbnail.jpg', 'small_url': 'https://images4-g.ravelrycache.com/uploads/knitforsweet/853162404/__7__small_best_fit.jpg', 'flickr_url': None, 'shelved_url': 'https://images4-g.ravelrycache.com/uploads/knitforsweet/853162404/__7__shelved.jpg', 'medium2_url': 'https://images4-a.ravelrycache.com/uploads/knitforsweet/853162404/__7__medium2.jpg', 'small2_url': 'https://images4-g.ravelrycache.com/uploads/knitforsweet/853162404/__7__small2.jpg', 'caption': None, 'caption_html': None, 'copyright_holder': ''}, {'id': 112564706, 'sort_order': 4, 'user_id': 80470, 'x_offset': 0, 'y_offset': -43, 'square_url': 'https://images4-g.ravelrycache.com/uploads/knitforsweet/853043129/DSC_1825_square.jpg', 'medium_url': 'https://images4-g.ravelrycache.com/uploads/knitforsweet/853043129/DSC_1825_medium.jpg', 'thumbnail_url': 'https://images4-f.ravelrycache.com/uploads/knitforsweet/853043129/DSC_1825_thumbnail.jpg', 'small_url': 'https://images4-f.ravelrycache.com/uploads/knitforsweet/853043129/DSC_1825_small_best_fit.jpg', 'flickr_url': None, 'shelved_url': 'https://images4-f.ravelrycache.com/uploads/knitforsweet/853043129/DSC_1825_shelved.jpg', 'medium2_url': 'https://images4-a.ravelrycache.com/uploads/knitforsweet/853043129/DSC_1825_medium2.jpg', 'small2_url': 'https://images4-g.ravelrycache.com/uploads/knitforsweet/853043129/DSC_1825_small2.jpg', 'caption': None, 'caption_html': None, 'copyright_holder': None}, {'id': 112564707, 'sort_order': 5, 'user_id': 80470, 'x_offset': 0, 'y_offset': -43, 'square_url': 'https://images4-g.ravelrycache.com/uploads/knitforsweet/853042635/__31__square.jpg', 'medium_url': 'https://images4-g.ravelrycache.com/uploads/knitforsweet/853042635/__31__medium.jpg', 'thumbnail_url': 'https://images4-f.ravelrycache.com/uploads/knitforsweet/853042635/__31__thumbnail.jpg', 'small_url': 'https://images4-f.ravelrycache.com/uploads/knitforsweet/853042635/__31__small_best_fit.jpg', 'flickr_url': None, 'shelved_url': 'https://images4-g.ravelrycache.com/uploads/knitforsweet/853042635/__31__shelved.jpg', 'medium2_url': 'https://images4-a.ravelrycache.com/uploads/knitforsweet/853042635/__31__medium2.jpg', 'small2_url': 'https://images4-g.ravelrycache.com/uploads/knitforsweet/853042635/__31__small2.jpg', 'caption': None, 'caption_html': None, 'copyright_holder': None}, {'id': 112564708, 'sort_order': 6, 'user_id': 80470, 'x_offset': 0, 'y_offset': -43, 'square_url': 'https://images4-f.ravelrycache.com/uploads/knitforsweet/853042653/__59__square.jpg', 'medium_url': 'https://images4-f.ravelrycache.com/uploads/knitforsweet/853042653/__59__medium.jpg', 'thumbnail_url': 'https://images4-g.ravelrycache.com/uploads/knitforsweet/853042653/__59__thumbnail.jpg', 'small_url': 'https://images4-g.ravelrycache.com/uploads/knitforsweet/853042653/__59__small_best_fit.jpg', 'flickr_url': None, 'shelved_url': 'https://images4-f.ravelrycache.com/uploads/knitforsweet/853042653/__59__shelved.jpg', 'medium2_url': 'https://images4-a.ravelrycache.com/uploads/knitforsweet/853042653/__59__medium2.jpg', 'small2_url': 'https://images4-f.ravelrycache.com/uploads/knitforsweet/853042653/__59__small2.jpg', 'caption': None, 'caption_html': None, 'copyright_holder': None}, {'id': 112564709, 'sort_order': 7, 'user_id': 80470, 'x_offset': 0, 'y_offset': -43, 'square_url': 'https://images4-g.ravelrycache.com/uploads/knitforsweet/853042649/__20__square.jpg', 'medium_url': 'https://images4-g.ravelrycache.com/uploads/knitforsweet/853042649/__20__medium.jpg', 'thumbnail_url': 'https://images4-f.ravelrycache.com/uploads/knitforsweet/853042649/__20__thumbnail.jpg', 'small_url': 'https://images4-f.ravelrycache.com/uploads/knitforsweet/853042649/__20__small_best_fit.jpg', 'flickr_url': None, 'shelved_url': 'https://images4-f.ravelrycache.com/uploads/knitforsweet/853042649/__20__shelved.jpg', 'medium2_url': 'https://images4-a.ravelrycache.com/uploads/knitforsweet/853042649/__20__medium2.jpg', 'small2_url': 'https://images4-g.ravelrycache.com/uploads/knitforsweet/853042649/__20__small2.jpg', 'caption': None, 'caption_html': None, 'copyright_holder': None}, {'id': 112564710, 'sort_order': 8, 'user_id': 80470, 'x_offset': 0, 'y_offset': -43, 'square_url': 'https://images4-f.ravelrycache.com/uploads/knitforsweet/853042651/__50__square.jpg', 'medium_url': 'https://images4-f.ravelrycache.com/uploads/knitforsweet/853042651/__50__medium.jpg', 'thumbnail_url': 'https://images4-g.ravelrycache.com/uploads/knitforsweet/853042651/__50__thumbnail.jpg', 'small_url': 'https://images4-f.ravelrycache.com/uploads/knitforsweet/853042651/__50__small_best_fit.jpg', 'flickr_url': None, 'shelved_url': 'https://images4-g.ravelrycache.com/uploads/knitforsweet/853042651/__50__shelved.jpg', 'medium2_url': 'https://images4-a.ravelrycache.com/uploads/knitforsweet/853042651/__50__medium2.jpg', 'small2_url': 'https://images4-f.ravelrycache.com/uploads/knitforsweet/853042651/__50__small2.jpg', 'caption': None, 'caption_html': None, 'copyright_holder': None}, {'id': 112564711, 'sort_order': 9, 'user_id': 80470, 'x_offset': -1, 'y_offset': -69, 'square_url': 'https://images4-f.ravelrycache.com/uploads/knitforsweet/853042634/__64__square.jpg', 'medium_url': 'https://images4-f.ravelrycache.com/uploads/knitforsweet/853042634/__64__medium.jpg', 'thumbnail_url': 'https://images4-f.ravelrycache.com/uploads/knitforsweet/853042634/__64__thumbnail.jpg', 'small_url': 'https://images4-f.ravelrycache.com/uploads/knitforsweet/853042634/__64__small_best_fit.jpg', 'flickr_url': None, 'shelved_url': 'https://images4-f.ravelrycache.com/uploads/knitforsweet/853042634/__64__shelved.jpg', 'medium2_url': 'https://images4-a.ravelrycache.com/uploads/knitforsweet/853042634/__64__medium2.jpg', 'small2_url': 'https://images4-f.ravelrycache.com/uploads/knitforsweet/853042634/__64__small2.jpg', 'caption': None, 'caption_html': None, 'copyright_holder': None}, {'id': 112564712, 'sort_order': 10, 'user_id': 80470, 'x_offset': -4, 'y_offset': -57, 'square_url': 'https://images4-g.ravelrycache.com/uploads/knitforsweet/853042625/__56__square.jpg', 'medium_url': 'https://images4-g.ravelrycache.com/uploads/knitforsweet/853042625/__56__medium.jpg', 'thumbnail_url': 'https://images4-g.ravelrycache.com/uploads/knitforsweet/853042625/__56__thumbnail.jpg', 'small_url': 'https://images4-f.ravelrycache.com/uploads/knitforsweet/853042625/__56__small_best_fit.jpg', 'flickr_url': None, 'shelved_url': 'https://images4-g.ravelrycache.com/uploads/knitforsweet/853042625/__56__shelved.jpg', 'medium2_url': 'https://images4-a.ravelrycache.com/uploads/knitforsweet/853042625/__56__medium2.jpg', 'small2_url': 'https://images4-g.ravelrycache.com/uploads/knitforsweet/853042625/__56__small2.jpg', 'caption': None, 'caption_html': None, 'copyright_holder': None}, {'id': 112564713, 'sort_order': 11, 'user_id': 80470, 'x_offset': 0, 'y_offset': -43, 'square_url': 'https://images4-g.ravelrycache.com/uploads/knitforsweet/853042642/__71__square.jpg', 'medium_url': 'https://images4-g.ravelrycache.com/uploads/knitforsweet/853042642/__71__medium.jpg', 'thumbnail_url': 'https://images4-f.ravelrycache.com/uploads/knitforsweet/853042642/__71__thumbnail.jpg', 'small_url': 'https://images4-f.ravelrycache.com/uploads/knitforsweet/853042642/__71__small_best_fit.jpg', 'flickr_url': None, 'shelved_url': 'https://images4-g.ravelrycache.com/uploads/knitforsweet/853042642/__71__shelved.jpg', 'medium2_url': 'https://images4-a.ravelrycache.com/uploads/knitforsweet/853042642/__71__medium2.jpg', 'small2_url': 'https://images4-g.ravelrycache.com/uploads/knitforsweet/853042642/__71__small2.jpg', 'caption': None, 'caption_html': None, 'copyright_holder': None}, {'id': 112564714, 'sort_order': 12, 'user_id': 80470, 'x_offset': 0, 'y_offset': -43, 'square_url': 'https://images4-f.ravelrycache.com/uploads/knitforsweet/853042632/__91__square.jpg', 'medium_url': 'https://images4-f.ravelrycache.com/uploads/knitforsweet/853042632/__91__medium.jpg', 'thumbnail_url': 'https://images4-g.ravelrycache.com/uploads/knitforsweet/853042632/__91__thumbnail.jpg', 'small_url': 'https://images4-f.ravelrycache.com/uploads/knitforsweet/853042632/__91__small_best_fit.jpg', 'flickr_url': None, 'shelved_url': 'https://images4-f.ravelrycache.com/uploads/knitforsweet/853042632/__91__shelved.jpg', 'medium2_url': 'https://images4-a.ravelrycache.com/uploads/knitforsweet/853042632/__91__medium2.jpg', 'small2_url': 'https://images4-f.ravelrycache.com/uploads/knitforsweet/853042632/__91__small2.jpg', 'caption': None, 'caption_html': None, 'copyright_holder': None}, {'id': 112564715, 'sort_order': 13, 'user_id': 80470, 'x_offset': 2, 'y_offset': -27, 'square_url': 'https://images4-g.ravelrycache.com/uploads/knitforsweet/853042631/__143__square.jpg', 'medium_url': 'https://images4-g.ravelrycache.com/uploads/knitforsweet/853042631/__143__medium.jpg', 'thumbnail_url': 'https://images4-f.ravelrycache.com/uploads/knitforsweet/853042631/__143__thumbnail.jpg', 'small_url': 'https://images4-f.ravelrycache.com/uploads/knitforsweet/853042631/__143__small_best_fit.jpg', 'flickr_url': None, 'shelved_url': 'https://images4-g.ravelrycache.com/uploads/knitforsweet/853042631/__143__shelved.jpg', 'medium2_url': 'https://images4-a.ravelrycache.com/uploads/knitforsweet/853042631/__143__medium2.jpg', 'small2_url': 'https://images4-g.ravelrycache.com/uploads/knitforsweet/853042631/__143__small2.jpg', 'caption': None, 'caption_html': None, 'copyright_holder': None}]"
Kuntta-neule,Leena Ylitalo,1238991,https://www.ravelry.com/patterns/library/kuntta-neule,True,https://images4-a.ravelrycache.com/uploads/Leenay/853084151/F3DE8978-5288-4FE6-9EEA-6146BD2529E8_medium2.jpeg,Knitting,"['adult', 'bottom-up', 'chart']",17.0,3.8,True,4.0,,pullover,Aran,17,4.5,,"[{'id': 112565087, 'sort_order': 1, 'user_id': 6045116, 'x_offset': 0, 'y_offset': -22, 'square_url': 'https://images4-f.ravelrycache.com/uploads/Leenay/853084151/F3DE8978-5288-4FE6-9EEA-6146BD2529E8_square.jpeg', 'medium_url': 'https://images4-f.ravelrycache.com/uploads/Leenay/853084151/F3DE8978-5288-4FE6-9EEA-6146BD2529E8_medium.jpeg', 'thumbnail_url': 'https://images4-f.ravelrycache.com/uploads/Leenay/853084151/F3DE8978-5288-4FE6-9EEA-6146BD2529E8_thumbnail.jpeg', 'small_url': 'https://images4-f.ravelrycache.com/uploads/Leenay/853084151/F3DE8978-5288-4FE6-9EEA-6146BD2529E8_small_best_fit.jpeg', 'flickr_url': None, 'shelved_url': 'https://images4-f.ravelrycache.com/uploads/Leenay/853084151/F3DE8978-5288-4FE6-9EEA-6146BD2529E8_shelved.jpeg', 'medium2_url': 'https://images4-a.ravelrycache.com/uploads/Leenay/853084151/F3DE8978-5288-4FE6-9EEA-6146BD2529E8_medium2.jpeg', 'small2_url': 'https://images4-f.ravelrycache.com/uploads/Leenay/853084151/F3DE8978-5288-4FE6-9EEA-6146BD2529E8_small2.jpeg', 'caption': None, 'caption_html': None, 'copyright_holder': None}, {'id': 112565086, 'sort_order': 2, 'user_id': 6045116, 'x_offset': 0, 'y_offset': -35, 'square_url': 'https://images4-f.ravelrycache.com/uploads/Leenay/853084153/9DD420C7-60FC-4BC0-9729-DD27B8CD8225_square.jpeg', 'medium_url': 'https://images4-f.ravelrycache.com/uploads/Leenay/853084153/9DD420C7-60FC-4BC0-9729-DD27B8CD8225_medium.jpeg', 'thumbnail_url': 'https://images4-g.ravelrycache.com/uploads/Leenay/853084153/9DD420C7-60FC-4BC0-9729-DD27B8CD8225_thumbnail.jpeg', 'small_url': 'https://images4-f.ravelrycache.com/uploads/Leenay/853084153/9DD420C7-60FC-4BC0-9729-DD27B8CD8225_small.jpeg', 'flickr_url': None, 'shelved_url': 'https://images4-g.ravelrycache.com/uploads/Leenay/853084153/9DD420C7-60FC-4BC0-9729-DD27B8CD8225_shelved.jpeg', 'medium2_url': 'https://images4-a.ravelrycache.com/uploads/Leenay/853084153/9DD420C7-60FC-4BC0-9729-DD27B8CD8225_medium2.jpeg', 'small2_url': 'https://images4-f.ravelrycache.com/uploads/Leenay/853084153/9DD420C7-60FC-4BC0-9729-DD27B8CD8225_small2.jpeg', 'caption': None, 'caption_html': None, 'copyright_holder': None}, {'id': 112565088, 'sort_order': 3, 'user_id': 6045116, 'x_offset': 1, 'y_offset': -24, 'square_url': 'https://images4-g.ravelrycache.com/uploads/Leenay/853084152/15EE7ECB-7489-467C-9AC5-3FA6343852CF_square.jpeg', 'medium_url': 'https://images4-g.ravelrycache.com/uploads/Leenay/853084152/15EE7ECB-7489-467C-9AC5-3FA6343852CF_medium.jpeg', 'thumbnail_url': 'https://images4-f.ravelrycache.com/uploads/Leenay/853084152/15EE7ECB-7489-467C-9AC5-3FA6343852CF_thumbnail.jpeg', 'small_url': 'https://images4-g.ravelrycache.com/uploads/Leenay/853084152/15EE7ECB-7489-467C-9AC5-3FA6343852CF_small_best_fit.jpeg', 'flickr_url': None, 'shelved_url': 'https://images4-f.ravelrycache.com/uploads/Leenay/853084152/15EE7ECB-7489-467C-9AC5-3FA6343852CF_shelved.jpeg', 'medium2_url': 'https://images4-a.ravelrycache.com/uploads/Leenay/853084152/15EE7ECB-7489-467C-9AC5-3FA6343852CF_medium2.jpeg', 'small2_url': 'https://images4-g.ravelrycache.com/uploads/Leenay/853084152/15EE7ECB-7489-467C-9AC5-3FA6343852CF_small2.jpeg', 'caption': None, 'caption_html': None, 'copyright_holder': None}, {'id': 112565085, 'sort_order': 4, 'user_id': 6045116, 'x_offset': -5, 'y_offset': -35, 'square_url': 'https://images4-g.ravelrycache.com/uploads/Leenay/853084150/E94E8DE0-5ED2-4D34-91BF-ABD8E4EDC53B_square.jpeg', 'medium_url': 'https://images4-g.ravelrycache.com/uploads/Leenay/853084150/E94E8DE0-5ED2-4D34-91BF-ABD8E4EDC53B_medium.jpeg', 'thumbnail_url': 'https://images4-f.ravelrycache.com/uploads/Leenay/853084150/E94E8DE0-5ED2-4D34-91BF-ABD8E4EDC53B_thumbnail.jpeg', 'small_url': 'https://images4-g.ravelrycache.com/uploads/Leenay/853084150/E94E8DE0-5ED2-4D34-91BF-ABD8E4EDC53B_small.jpeg', 'flickr_url': None, 'shelved_url': 'https://images4-g.ravelrycache.com/uploads/Leenay/853084150/E94E8DE0-5ED2-4D34-91BF-ABD8E4EDC53B_shelved.jpeg', 'medium2_url': 'https://images4-a.ravelrycache.com/uploads/Leenay/853084150/E94E8DE0-5ED2-4D34-91BF-ABD8E4EDC53B_medium2.jpeg', 'small2_url': 'https://images4-g.ravelrycache.com/uploads/Leenay/853084150/E94E8DE0-5ED2-4D34-91BF-ABD8E4EDC53B_small2.jpeg', 'caption': None, 'caption_html': None, 'copyright_holder': None}]"
Cherry on Top,Merete Kibøl Andersen,1239008,https://www.ravelry.com/patterns/library/cherry-on-top-7,False,https://images4-a.ravelrycache.com/uploads/MereteKDesign/876642506/20220920_094530_medium2.jpg,Knitting,"['bobble-or-popcorn', 'textured', 'modular', 'seamless', 'short-rows', 'sideways', 'positive-ease', 'written-pattern', 'worked-flat', 'in-the-round', 'stripes-colorwork']",19.0,0.0,True,4.0,,pullover,DK,6,0.0,Adjustable size,"[{'id': 115483082, 'sort_order': 1, 'user_id': 7920716, 'x_offset': 0, 'y_offset': 0, 'square_url': 'https://images4-g.ravelrycache.com/uploads/MereteKDesign/876642506/20220920_094530_square.jpg', 'medium_url': 'https://images4-f.ravelrycache.com/uploads/MereteKDesign/876642506/20220920_094530_medium.jpg', 'thumbnail_url': 'https://images4-f.ravelrycache.com/uploads/MereteKDesign/876642506/20220920_094530_thumbnail.jpg', 'small_url': 'https://images4-g.ravelrycache.com/uploads/MereteKDesign/876642506/20220920_094530_small_best_fit.jpg', 'flickr_url': None, 'shelved_url': 'https://images4-g.ravelrycache.com/uploads/MereteKDesign/876642506/20220920_094530_shelved.jpg', 'medium2_url': 'https://images4-a.ravelrycache.com/uploads/MereteKDesign/876642506/20220920_094530_medium2.jpg', 'small2_url': 'https://images4-g.ravelrycache.com/uploads/MereteKDesign/876642506/20220920_094530_small2.jpg', 'caption': None, 'caption_html': None, 'copyright_holder': None}, {'id': 127873688, 'sort_order': 2, 'user_id': 7920716, 'x_offset': -5, 'y_offset': -35, 'square_url': 'https://images4-g.ravelrycache.com/uploads/MereteKDesign/976804171/20231030_124133_square.jpg', 'medium_url': 'https://images4-f.ravelrycache.com/uploads/MereteKDesign/976804171/20231030_124133_medium.jpg', 'thumbnail_url': 'https://images4-f.ravelrycache.com/uploads/MereteKDesign/976804171/20231030_124133_thumbnail.jpg', 'small_url': 'https://images4-f.ravelrycache.com/uploads/MereteKDesign/976804171/20231030_124133_small.jpg', 'flickr_url': None, 'shelved_url': 'https://images4-g.ravelrycache.com/uploads/MereteKDesign/976804171/20231030_124133_shelved.jpg', 'medium2_url': 'https://images4-a.ravelrycache.com/uploads/MereteKDesign/976804171/20231030_124133_medium2.jpg', 'small2_url': 'https://images4-g.ravelrycache.com/uploads/MereteKDesign/976804171/20231030_124133_small2.jpg', 'caption': None, 'caption_html': None, 'copyright_holder': None}, {'id': 112567260, 'sort_order': 3, 'user_id': 7920716, 'x_offset': 0, 'y_offset': 0, 'square_url': 'https://images4-f.ravelrycache.com/uploads/MereteKDesign/853101852/20220318_114833_square.jpg', 'medium_url': 'https://images4-f.ravelrycache.com/uploads/MereteKDesign/853101852/20220318_114833_medium.jpg', 'thumbnail_url': 'https://images4-g.ravelrycache.com/uploads/MereteKDesign/853101852/20220318_114833_thumbnail.jpg', 'small_url': 'https://images4-f.ravelrycache.com/uploads/MereteKDesign/853101852/20220318_114833_small_best_fit.jpg', 'flickr_url': None, 'shelved_url': 'https://images4-g.ravelrycache.com/uploads/MereteKDesign/853101852/20220318_114833_shelved.jpg', 'medium2_url': 'https://images4-a.ravelrycache.com/uploads/MereteKDesign/853101852/20220318_114833_medium2.jpg', 'small2_url': 'https://images4-f.ravelrycache.com/uploads/MereteKDesign/853101852/20220318_114833_small2.jpg', 'caption': None, 'caption_html': None, 'copyright_holder': None}, {'id': 112567259, 'sort_order': 4, 'user_id': 7920716, 'x_offset': 0, 'y_offset': 0, 'square_url': 'https://images4-f.ravelrycache.com/uploads/MereteKDesign/853101850/20220318_114635_square.jpg', 'medium_url': 'https://images4-f.ravelrycache.com/uploads/MereteKDesign/853101850/20220318_114635_medium.jpg', 'thumbnail_url': 'https://images4-f.ravelrycache.com/uploads/MereteKDesign/853101850/20220318_114635_thumbnail.jpg', 'small_url': 'https://images4-f.ravelrycache.com/uploads/MereteKDesign/853101850/20220318_114635_small_best_fit.jpg', 'flickr_url': None, 'shelved_url': 'https://images4-g.ravelrycache.com/uploads/MereteKDesign/853101850/20220318_114635_shelved.jpg', 'medium2_url': 'https://images4-a.ravelrycache.com/uploads/MereteKDesign/853101850/20220318_114635_medium2.jpg', 'small2_url': 'https://images4-f.ravelrycache.com/uploads/MereteKDesign/853101850/20220318_114635_small2.jpg', 'caption': None, 'caption_html': None, 'copyright_holder': None}, {'id': 112567261, 'sort_order': 5, 'user_id': 7920716, 'x_offset': 0, 'y_offset': 0, 'square_url': 'https://images4-f.ravelrycache.com/uploads/MereteKDesign/853101851/20220318_114717_square.jpg', 'medium_url': 'https://images4-f.ravelrycache.com/uploads/MereteKDesign/853101851/20220318_114717_medium.jpg', 'thumbnail_url': 'https://images4-f.ravelrycache.com/uploads/MereteKDesign/853101851/20220318_114717_thumbnail.jpg', 'small_url': 'https://images4-g.ravelrycache.com/uploads/MereteKDesign/853101851/20220318_114717_small_best_fit.jpg', 'flickr_url': None, 'shelved_url': 'https://images4-f.ravelrycache.com/uploads/MereteKDesign/853101851/20220318_114717_shelved.jpg', 'medium2_url': 'https://images4-a.ravelrycache.com/uploads/MereteKDesign/853101851/20220318_114717_medium2.jpg', 'small2_url': 'https://images4-f.ravelrycache.com/uploads/MereteKDesign/853101851/20220318_114717_small2.jpg', 'caption': None, 'caption_html': None, 'copyright_holder': None}, {'id': 124726966, 'sort_order': 6, 'user_id': 7920716, 'x_offset': -5, 'y_offset': -35, 'square_url': 'https://images4-g.ravelrycache.com/uploads/MereteKDesign/951317716/20231017_154959_square.jpg', 'medium_url': 'https://images4-f.ravelrycache.com/uploads/MereteKDesign/951317716/20231017_154959_medium.jpg', 'thumbnail_url': 'https://images4-f.ravelrycache.com/uploads/MereteKDesign/951317716/20231017_154959_thumbnail.jpg', 'small_url': 'https://images4-f.ravelrycache.com/uploads/MereteKDesign/951317716/20231017_154959_small.jpg', 'flickr_url': None, 'shelved_url': 'https://images4-f.ravelrycache.com/uploads/MereteKDesign/951317716/20231017_154959_shelved.jpg', 'medium2_url': 'https://images4-a.ravelrycache.com/uploads/MereteKDesign/951317716/20231017_154959_medium2.jpg', 'small2_url': 'https://images4-g.ravelrycache.com/uploads/MereteKDesign/951317716/20231017_154959_small2.jpg', 'caption': None, 'caption_html': None, 'copyright_holder': None}, {'id': 127873689, 'sort_order': 7, 'user_id': 7920716, 'x_offset': -5, 'y_offset': -35, 'square_url': 'https://images4-f.ravelrycache.com/uploads/MereteKDesign/976804174/20231017_155256_square.jpg', 'medium_url': 'https://images4-g.ravelrycache.com/uploads/MereteKDesign/976804174/20231017_155256_medium.jpg', 'thumbnail_url': 'https://images4-g.ravelrycache.com/uploads/MereteKDesign/976804174/20231017_155256_thumbnail.jpg', 'small_url': 'https://images4-g.ravelrycache.com/uploads/MereteKDesign/976804174/20231017_155256_small.jpg', 'flickr_url': None, 'shelved_url': 'https://images4-f.ravelrycache.com/uploads/MereteKDesign/976804174/20231017_155256_shelved.jpg', 'medium2_url': 'https://images4-a.ravelrycache.com/uploads/MereteKDesign/976804174/20231017_155256_medium2.jpg', 'small2_url': 'https://images4-f.ravelrycache.com/uploads/MereteKDesign/976804174/20231017_155256_small2.jpg', 'caption': None, 'caption_html': None, 'copyright_holder': None}, {'id': 127873685, 'sort_order': 8, 'user_id': 7920716, 'x_offset': -5, 'y_offset': -35, 'square_url': 'https://images4-g.ravelrycache.com/uploads/MereteKDesign/976804168/20231017_155215_square.jpg', 'medium_url': 'https://images4-f.ravelrycache.com/uploads/MereteKDesign/976804168/20231017_155215_medium.jpg', 'thumbnail_url': 'https://images4-g.ravelrycache.com/uploads/MereteKDesign/976804168/20231017_155215_thumbnail.jpg', 'small_url': 'https://images4-g.ravelrycache.com/uploads/MereteKDesign/976804168/20231017_155215_small.jpg', 'flickr_url': None, 'shelved_url': 'https://images4-g.ravelrycache.com/uploads/MereteKDesign/976804168/20231017_155215_shelved.jpg', 'medium2_url': 'https://images4-a.ravelrycache.com/uploads/MereteKDesign/976804168/20231017_155215_medium2.jpg', 'small2_url': 'https://images4-g.ravelrycache.com/uploads/MereteKDesign/976804168/20231017_155215_small2.jpg', 'caption': None, 'caption_html': None, 'copyright_holder': None}, {'id': 127873687, 'sort_order': 9, 'user_id': 7920716, 'x_offset': -5, 'y_offset': -35, 'square_url': 'https://images4-g.ravelrycache.com/uploads/MereteKDesign/976804170/20231015_143737_square.jpg', 'medium_url': 'https://images4-f.ravelrycache.com/uploads/MereteKDesign/976804170/20231015_143737_medium.jpg', 'thumbnail_url': 'https://images4-f.ravelrycache.com/uploads/MereteKDesign/976804170/20231015_143737_thumbnail.jpg', 'small_url': 'https://images4-g.ravelrycache.com/uploads/MereteKDesign/976804170/20231015_143737_small.jpg', 'flickr_url': None, 'shelved_url': 'https://images4-g.ravelrycache.com/uploads/MereteKDesign/976804170/20231015_143737_shelved.jpg', 'medium2_url': 'https://images4-a.ravelrycache.com/uploads/MereteKDesign/976804170/20231015_143737_medium2.jpg', 'small2_url': 'https://images4-g.ravelrycache.com/uploads/MereteKDesign/976804170/20231015_143737_small2.jpg', 'caption': None, 'caption_html': None, 'copyright_holder': None}, {'id': 127873690, 'sort_order': 10, 'user_id': 7920716, 'x_offset': -5, 'y_offset': -35, 'square_url': 'https://images4-g.ravelrycache.com/uploads/MereteKDesign/976804177/20231015_143600_square.jpg', 'medium_url': 'https://images4-f.ravelrycache.com/uploads/MereteKDesign/976804177/20231015_143600_medium.jpg', 'thumbnail_url': 'https://images4-f.ravelrycache.com/uploads/MereteKDesign/976804177/20231015_143600_thumbnail.jpg', 'small_url': 'https://images4-g.ravelrycache.com/uploads/MereteKDesign/976804177/20231015_143600_small.jpg', 'flickr_url': None, 'shelved_url': 'https://images4-f.ravelrycache.com/uploads/MereteKDesign/976804177/20231015_143600_shelved.jpg', 'medium2_url': 'https://images4-a.ravelrycache.com/uploads/MereteKDesign/976804177/20231015_143600_medium2.jpg', 'small2_url': 'https://images4-g.ravelrycache.com/uploads/MereteKDesign/976804177/20231015_143600_small2.jpg', 'caption': None, 'caption_html': None, 'copyright_holder': None}, {'id': 127873686, 'sort_order': 11, 'user_id': 7920716, 'x_offset': -5, 'y_offset': -35, 'square_url': 'https://images4-g.ravelrycache.com/uploads/MereteKDesign/976804169/20231015_143547_square.jpg', 'medium_url': 'https://images4-f.ravelrycache.com/uploads/MereteKDesign/976804169/20231015_143547_medium.jpg', 'thumbnail_url': 'https://images4-g.ravelrycache.com/uploads/MereteKDesign/976804169/20231015_143547_thumbnail.jpg', 'small_url': 'https://images4-f.ravelrycache.com/uploads/MereteKDesign/976804169/20231015_143547_small.jpg', 'flickr_url': None, 'shelved_url': 'https://images4-g.ravelrycache.com/uploads/MereteKDesign/976804169/20231015_143547_shelved.jpg', 'medium2_url': 'https://images4-a.ravelrycache.com/uploads/MereteKDesign/976804169/20231015_143547_medium2.jpg', 'small2_url': 'https://images4-g.ravelrycache.com/uploads/MereteKDesign/976804169/20231015_143547_small2.jpg', 'caption': None, 'caption_html': None, 'copyright_holder': None}, {'id': 134616557, 'sort_order': 12, 'user_id': 6496028, 'x_offset': 0, 'y_offset': -35, 'square_url': 'https://images4-g.ravelrycache.com/uploads/kstewartak/1030310531/CoT_finished_2_square.jpg', 'medium_url': 'https://images4-f.ravelrycache.com/uploads/kstewartak/1030310531/CoT_finished_2_medium.jpg', 'thumbnail_url': 'https://images4-g.ravelrycache.com/uploads/kstewartak/1030310531/CoT_finished_2_thumbnail.jpg', 'small_url': 'https://images4-g.ravelrycache.com/uploads/kstewartak/1030310531/CoT_finished_2_small.jpg', 'flickr_url': None, 'shelved_url': 'https://images4-f.ravelrycache.com/uploads/kstewartak/1030310531/CoT_finished_2_shelved.jpg', 'medium2_url': 'https://images4-a.ravelrycache.com/uploads/kstewartak/1030310531/CoT_finished_2_medium2.jpg', 'small2_url': 'https://images4-g.ravelrycache.com/uploads/kstewartak/1030310531/CoT_finished_2_small2.jpg', 'caption': None, 'caption_html': None, 'copyright_holder': None}, {'id': 125117298, 'sort_order': 13, 'user_id': 7920716, 'x_offset': -1, 'y_offset': -1, 'square_url': 'https://images4-g.ravelrycache.com/uploads/MereteKDesign/954463624/20231102_173009_square.jpg', 'medium_url': 'https://images4-f.ravelrycache.com/uploads/MereteKDesign/954463624/20231102_173009_medium.jpg', 'thumbnail_url': 'https://images4-g.ravelrycache.com/uploads/MereteKDesign/954463624/20231102_173009_thumbnail.jpg', 'small_url': 'https://images4-f.ravelrycache.com/uploads/MereteKDesign/954463624/20231102_173009_small_best_fit.jpg', 'flickr_url': None, 'shelved_url': 'https://images4-f.ravelrycache.com/uploads/MereteKDesign/954463624/20231102_173009_shelved.jpg', 'medium2_url': 'https://images4-a.ravelrycache.com/uploads/MereteKDesign/954463624/20231102_173009_medium2.jpg', 'small2_url': 'https://images4-g.ravelrycache.com/uploads/MereteKDesign/954463624/20231102_173009_small2.jpg', 'caption': None, 'caption_html': None, 'copyright_holder': None}, {'id': 125117297, 'sort_order': 14, 'user_id': 7920716, 'x_offset': -1, 'y_offset': 0, 'square_url': 'https://images4-g.ravelrycache.com/uploads/MereteKDesign/954463626/Screenshot_20231102_172348_Instagram_square.jpg', 'medium_url': 'https://images4-f.ravelrycache.com/uploads/MereteKDesign/954463626/Screenshot_20231102_172348_Instagram_medium.jpg', 'thumbnail_url': 'https://images4-g.ravelrycache.com/uploads/MereteKDesign/954463626/Screenshot_20231102_172348_Instagram_thumbnail.jpg', 'small_url': 'https://images4-g.ravelrycache.com/uploads/MereteKDesign/954463626/Screenshot_20231102_172348_Instagram_small_best_fit.jpg', 'flickr_url': None, 'shelved_url': 'https://images4-f.ravelrycache.com/uploads/MereteKDesign/954463626/Screenshot_20231102_172348_Instagram_shelved.jpg', 'medium2_url': 'https://images4-a.ravelrycache.com/uploads/MereteKDesign/954463626/Screenshot_20231102_172348_Instagram_medium2.jpg', 'small2_url': 'https://images4-g.ravelrycache.com/uploads/MereteKDesign/954463626/Screenshot_20231102_172348_Instagram_small2.jpg', 'caption': None, 'caption_html': None, 'copyright_holder': None}, {'id': 125117470, 'sort_order': 15, 'user_id': 7920716, 'x_offset': 0, 'y_offset': 0, 'square_url': 'https://images4-f.ravelrycache.com/uploads/MereteKDesign/954465068/20231102_173642_square.jpg', 'medium_url': 'https://images4-g.ravelrycache.com/uploads/MereteKDesign/954465068/20231102_173642_medium.jpg', 'thumbnail_url': 'https://images4-f.ravelrycache.com/uploads/MereteKDesign/954465068/20231102_173642_thumbnail.jpg', 'small_url': 'https://images4-f.ravelrycache.com/uploads/MereteKDesign/954465068/20231102_173642_small_best_fit.jpg', 'flickr_url': None, 'shelved_url': 'https://images4-f.ravelrycache.com/uploads/MereteKDesign/954465068/20231102_173642_shelved.jpg', 'medium2_url': 'https://images4-a.ravelrycache.com/uploads/MereteKDesign/954465068/20231102_173642_medium2.jpg', 'small2_url': 'https://images4-f.ravelrycache.com/uploads/MereteKDesign/954465068/20231102_173642_small2.jpg', 'caption': None, 'caption_html': None, 'copyright_holder': None}, {'id': 125117521, 'sort_order': 16, 'user_id': 7920716, 'x_offset': -5, 'y_offset': -35, 'square_url': 'https://images4-g.ravelrycache.com/uploads/MereteKDesign/954465444/IMG_20231101_164734_715_square.jpg', 'medium_url': 'https://images4-f.ravelrycache.com/uploads/MereteKDesign/954465444/IMG_20231101_164734_715_medium.jpg', 'thumbnail_url': 'https://images4-g.ravelrycache.com/uploads/MereteKDesign/954465444/IMG_20231101_164734_715_thumbnail.jpg', 'small_url': 'https://images4-f.ravelrycache.com/uploads/MereteKDesign/954465444/IMG_20231101_164734_715_small.jpg', 'flickr_url': None, 'shelved_url': 'https://images4-g.ravelrycache.com/uploads/MereteKDesign/954465444/IMG_20231101_164734_715_shelved.jpg', 'medium2_url': 'https://images4-a.ravelrycache.com/uploads/MereteKDesign/954465444/IMG_20231101_164734_715_medium2.jpg', 'small2_url': 'https://images4-g.ravelrycache.com/uploads/MereteKDesign/954465444/IMG_20231101_164734_715_small2.jpg', 'caption': None, 'caption_html': None, 'copyright_holder': None}, {'id': 135807098, 'sort_order': 17, 'user_id': 7920716, 'x_offset': 0, 'y_offset': -12, 'square_url': 'https://images4-g.ravelrycache.com/uploads/MereteKDesign/1040921778/Screenshot_20250114_085643_Instagram_square.jpg', 'medium_url': 'https://images4-f.ravelrycache.com/uploads/MereteKDesign/1040921778/Screenshot_20250114_085643_Instagram_medium.jpg', 'thumbnail_url': 'https://images4-f.ravelrycache.com/uploads/MereteKDesign/1040921778/Screenshot_20250114_085643_Instagram_thumbnail.jpg', 'small_url': 'https://images4-g.ravelrycache.com/uploads/MereteKDesign/1040921778/Screenshot_20250114_085643_Instagram_small_best_fit.jpg', 'flickr_url': None, 'shelved_url': 'https://images4-f.ravelrycache.com/uploads/MereteKDesign/1040921778/Screenshot_20250114_085643_Instagram_shelved.jpg', 'medium2_url': 'https://images4-a.ravelrycache.com/uploads/MereteKDesign/1040921778/Screenshot_20250114_085643_Instagram_medium2.jpg', 'small2_url': 'https://images4-g.ravelrycache.com/uploads/MereteKDesign/1040921778/Screenshot_20250114_085643_Instagram_small2.jpg', 'caption': None, 'caption_html': None, 'copyright_holder': None}, {'id': 115508470, 'sort_order': 18, 'user_id': 7920716, 'x_offset': -35, 'y_offset': -5, 'square_url': 'https://images4-g.ravelrycache.com/uploads/MereteKDesign/876842592/20220421_144133_square.jpg', 'medium_url': 'https://images4-f.ravelrycache.com/uploads/MereteKDesign/876842592/20220421_144133_medium.jpg', 'thumbnail_url': 'https://images4-g.ravelrycache.com/uploads/MereteKDesign/876842592/20220421_144133_thumbnail.jpg', 'small_url': 'https://images4-f.ravelrycache.com/uploads/MereteKDesign/876842592/20220421_144133_small.jpg', 'flickr_url': None, 'shelved_url': 'https://images4-f.ravelrycache.com/uploads/MereteKDesign/876842592/20220421_144133_shelved.jpg', 'medium2_url': 'https://images4-a.ravelrycache.com/uploads/MereteKDesign/876842592/20220421_144133_medium2.jpg', 'small2_url': 'https://images4-g.ravelrycache.com/uploads/MereteKDesign/876842592/20220421_144133_small2.jpg', 'caption': None, 'caption_html': None, 'copyright_holder': None}, {'id': 115482748, 'sort_order': 19, 'user_id': 7920716, 'x_offset': 0, 'y_offset': 0, 'square_url': 'https://images4-f.ravelrycache.com/uploads/MereteKDesign/876639730/20220918_105705_square.jpg', 'medium_url': 'https://images4-g.ravelrycache.com/uploads/MereteKDesign/876639730/20220918_105705_medium.jpg', 'thumbnail_url': 'https://images4-g.ravelrycache.com/uploads/MereteKDesign/876639730/20220918_105705_thumbnail.jpg', 'small_url': 'https://images4-g.ravelrycache.com/uploads/MereteKDesign/876639730/20220918_105705_small_best_fit.jpg', 'flickr_url': None, 'shelved_url': 'https://images4-g.ravelrycache.com/uploads/MereteKDesign/876639730/20220918_105705_shelved.jpg', 'medium2_url': 'https://images4-a.ravelrycache.com/uploads/MereteKDesign/876639730/20220918_105705_medium2.jpg', 'small2_url': 'https://images4-f.ravelrycache.com/uploads/MereteKDesign/876639730/20220918_105705_small2.jpg', 'caption': None, 'caption_html': None, 'copyright_holder': None}, {'id': 112567262, 'sort_order': 20, 'user_id': 7920716, 'x_offset': 0, 'y_offset': 0, 'square_url': 'https://images4-g.ravelrycache.com/uploads/MereteKDesign/853101362/20220329_103116_square.jpg', 'medium_url': 'https://images4-g.ravelrycache.com/uploads/MereteKDesign/853101362/20220329_103116_medium.jpg', 'thumbnail_url': 'https://images4-g.ravelrycache.com/uploads/MereteKDesign/853101362/20220329_103116_thumbnail.jpg', 'small_url': 'https://images4-f.ravelrycache.com/uploads/MereteKDesign/853101362/20220329_103116_small_best_fit.jpg', 'flickr_url': None, 'shelved_url': 'https://images4-f.ravelrycache.com/uploads/MereteKDesign/853101362/20220329_103116_shelved.jpg', 'medium2_url': 'https://images4-a.ravelrycache.com/uploads/MereteKDesign/853101362/20220329_103116_medium2.jpg', 'small2_url': 'https://images4-g.ravelrycache.com/uploads/MereteKDesign/853101362/20220329_103116_small2.jpg', 'caption': None, 'caption_html': None, 'copyright_holder': None}, {'id': 112728856, 'sort_order': 21, 'user_id': 7920716, 'x_offset': -66, 'y_offset': 0, 'square_url': 'https://images4-f.ravelrycache.com/uploads/MereteKDesign/854408146/20220510_100429_square.jpg', 'medium_url': 'https://images4-f.ravelrycache.com/uploads/MereteKDesign/854408146/20220510_100429_medium.jpg', 'thumbnail_url': 'https://images4-f.ravelrycache.com/uploads/MereteKDesign/854408146/20220510_100429_thumbnail.jpg', 'small_url': 'https://images4-g.ravelrycache.com/uploads/MereteKDesign/854408146/20220510_100429_small_best_fit.jpg', 'flickr_url': None, 'shelved_url': 'https://images4-f.ravelrycache.com/uploads/MereteKDesign/854408146/20220510_100429_shelved.jpg', 'medium2_url': 'https://images4-a.ravelrycache.com/uploads/MereteKDesign/854408146/20220510_100429_medium2.jpg', 'small2_url': 'https://images4-f.ravelrycache.com/uploads/MereteKDesign/854408146/20220510_100429_small2.jpg', 'caption': None, 'caption_html': None, 'copyright_holder': None}, {'id': 112728857, 'sort_order': 22, 'user_id': 7920716, 'x_offset': -66, 'y_offset': 0, 'square_url': 'https://images4-g.ravelrycache.com/uploads/MereteKDesign/854408151/20220510_101106_square.jpg', 'medium_url': 'https://images4-g.ravelrycache.com/uploads/MereteKDesign/854408151/20220510_101106_medium.jpg', 'thumbnail_url': 'https://images4-g.ravelrycache.com/uploads/MereteKDesign/854408151/20220510_101106_thumbnail.jpg', 'small_url': 'https://images4-g.ravelrycache.com/uploads/MereteKDesign/854408151/20220510_101106_small_best_fit.jpg', 'flickr_url': None, 'shelved_url': 'https://images4-f.ravelrycache.com/uploads/MereteKDesign/854408151/20220510_101106_shelved.jpg', 'medium2_url': 'https://images4-a.ravelrycache.com/uploads/MereteKDesign/854408151/20220510_101106_medium2.jpg', 'small2_url': 'https://images4-g.ravelrycache.com/uploads/MereteKDesign/854408151/20220510_101106_small2.jpg', 'caption': None, 'caption_html': None, 'copyright_holder': None}, {'id': 112728855, 'sort_order': 23, 'user_id': 7920716, 'x_offset': -66, 'y_offset': 0, 'square_url': 'https://images4-g.ravelrycache.com/uploads/MereteKDesign/854408144/20220510_101818_square.jpg', 'medium_url': 'https://images4-g.ravelrycache.com/uploads/MereteKDesign/854408144/20220510_101818_medium.jpg', 'thumbnail_url': 'https://images4-f.ravelrycache.com/uploads/MereteKDesign/854408144/20220510_101818_thumbnail.jpg', 'small_url': 'https://images4-g.ravelrycache.com/uploads/MereteKDesign/854408144/20220510_101818_small_best_fit.jpg', 'flickr_url': None, 'shelved_url': 'https://images4-f.ravelrycache.com/uploads/MereteKDesign/854408144/20220510_101818_shelved.jpg', 'medium2_url': 'https://images4-a.ravelrycache.com/uploads/MereteKDesign/854408144/20220510_101818_medium2.jpg', 'small2_url': 'https://images4-g.ravelrycache.com/uploads/MereteKDesign/854408144/20220510_101818_small2.jpg', 'caption': None, 'caption_html': None, 'copyright_holder': None}]"
231-55 Lemon Meringue Sweater,DROPS design,1239233,https://www.ravelry.com/patterns/library/231-55-lemon-meringue-sweater,True,https://images4-a.ravelrycache.com/uploads/Drops/853266698/55-2_medium2.jpg,Knitting,"['female', 'teen', 'adult', 'plus', 'circular-yoke', 'sleeves', 'long-sleeve', 'stranded', 'seamless', 'top-down', 'norwegian', 'chart', 'written-pattern', 'video-tutorial', 'cuffed-sleeve', 'in-the-round', 'schematic']",14.0,0.0,True,4.0,stocking stitch ,pullover,Bulky,2,0.0,S – M – L – XL – XXL – XXXL,"[{'id': 112587503, 'sort_order': 1, 'user_id': 32910, 'x_offset': -3, 'y_offset': -38, 'square_url': 'https://images4-g.ravelrycache.com/uploads/Drops/853266698/55-2_square.jpg', 'medium_url': 'https://images4-g.ravelrycache.com/uploads/Drops/853266698/55-2_medium.jpg', 'thumbnail_url': 'https://images4-g.ravelrycache.com/uploads/Drops/853266698/55-2_thumbnail.jpg', 'small_url': 'https://images4-f.ravelrycache.com/uploads/Drops/853266698/55-2_small_best_fit.jpg', 'flickr_url': None, 'shelved_url': 'https://images4-f.ravelrycache.com/uploads/Drops/853266698/55-2_shelved.jpg', 'medium2_url': 'https://images4-a.ravelrycache.com/uploads/Drops/853266698/55-2_medium2.jpg', 'small2_url': 'https://images4-g.ravelrycache.com/uploads/Drops/853266698/55-2_small2.jpg', 'caption': None, 'caption_html': None, 'copyright_holder': None}, {'id': 112587504, 'sort_order': 2, 'user_id': 32910, 'x_offset': 2, 'y_offset': -33, 'square_url': 'https://images4-f.ravelrycache.com/uploads/Drops/853266696/55b-2_square.jpg', 'medium_url': 'https://images4-f.ravelrycache.com/uploads/Drops/853266696/55b-2_medium.jpg', 'thumbnail_url': 'https://images4-g.ravelrycache.com/uploads/Drops/853266696/55b-2_thumbnail.jpg', 'small_url': 'https://images4-g.ravelrycache.com/uploads/Drops/853266696/55b-2_small_best_fit.jpg', 'flickr_url': None, 'shelved_url': 'https://images4-g.ravelrycache.com/uploads/Drops/853266696/55b-2_shelved.jpg', 'medium2_url': 'https://images4-a.ravelrycache.com/uploads/Drops/853266696/55b-2_medium2.jpg', 'small2_url': 'https://images4-f.ravelrycache.com/uploads/Drops/853266696/55b-2_small2.jpg', 'caption': None, 'caption_html': None, 'copyright_holder': None}, {'id': 112587505, 'sort_order': 3, 'user_id': 32910, 'x_offset': 0, 'y_offset': -47, 'square_url': 'https://images4-f.ravelrycache.com/uploads/Drops/853266693/55c-2_square.jpg', 'medium_url': 'https://images4-f.ravelrycache.com/uploads/Drops/853266693/55c-2_medium.jpg', 'thumbnail_url': 'https://images4-f.ravelrycache.com/uploads/Drops/853266693/55c-2_thumbnail.jpg', 'small_url': 'https://images4-g.ravelrycache.com/uploads/Drops/853266693/55c-2_small_best_fit.jpg', 'flickr_url': None, 'shelved_url': 'https://images4-f.ravelrycache.com/uploads/Drops/853266693/55c-2_shelved.jpg', 'medium2_url': 'https://images4-a.ravelrycache.com/uploads/Drops/853266693/55c-2_medium2.jpg', 'small2_url': 'https://images4-f.ravelrycache.com/uploads/Drops/853266693/55c-2_small2.jpg', 'caption': None, 'caption_html': None, 'copyright_holder': None}, {'id': 112587506, 'sort_order': 4, 'user_id': 32910, 'x_offset': 0, 'y_offset': -47, 'square_url': 'https://images4-g.ravelrycache.com/uploads/Drops/853266694/55d-2_square.jpg', 'medium_url': 'https://images4-g.ravelrycache.com/uploads/Drops/853266694/55d-2_medium.jpg', 'thumbnail_url': 'https://images4-f.ravelrycache.com/uploads/Drops/853266694/55d-2_thumbnail.jpg', 'small_url': 'https://images4-f.ravelrycache.com/uploads/Drops/853266694/55d-2_small_best_fit.jpg', 'flickr_url': None, 'shelved_url': 'https://images4-g.ravelrycache.com/uploads/Drops/853266694/55d-2_shelved.jpg', 'medium2_url': 'https://images4-a.ravelrycache.com/uploads/Drops/853266694/55d-2_medium2.jpg', 'small2_url': 'https://images4-g.ravelrycache.com/uploads/Drops/853266694/55d-2_small2.jpg', 'caption': None, 'caption_html': None, 'copyright_holder': None}, {'id': 112587507, 'sort_order': 5, 'user_id': 32910, 'x_offset': 0, 'y_offset': -47, 'square_url': 'https://images4-f.ravelrycache.com/uploads/Drops/853266697/55e-2_square.jpg', 'medium_url': 'https://images4-f.ravelrycache.com/uploads/Drops/853266697/55e-2_medium.jpg', 'thumbnail_url': 'https://images4-f.ravelrycache.com/uploads/Drops/853266697/55e-2_thumbnail.jpg', 'small_url': 'https://images4-g.ravelrycache.com/uploads/Drops/853266697/55e-2_small_best_fit.jpg', 'flickr_url': None, 'shelved_url': 'https://images4-f.ravelrycache.com/uploads/Drops/853266697/55e-2_shelved.jpg', 'medium2_url': 'https://images4-a.ravelrycache.com/uploads/Drops/853266697/55e-2_medium2.jpg', 'small2_url': 'https://images4-f.ravelrycache.com/uploads/Drops/853266697/55e-2_small2.jpg', 'caption': None, 'caption_html': None, 'copyright_holder': None}]"
231-58 Mixed Berries Sweater,DROPS design,1239240,https://www.ravelry.com/patterns/library/231-58-mixed-berries-sweater,True,https://images4-a.ravelrycache.com/uploads/Drops/853268163/58-2_medium2.jpg,Knitting,"['female', 'teen', 'adult', 'petite', 'plus', 'seamed', 'crew-neck', 'sleeves', 'long-sleeve', 'hems', 'stranded', 'bottom-up', 'modified-drop-sleeve', 'cuffed-sleeve', 'worked-flat']",14.0,0.0,True,4.0,stocking stitch ,pullover,Bulky,4,0.0,XS- S – M – L – XL – XXL – XXXL,"[{'id': 112587697, 'sort_order': 1, 'user_id': 32910, 'x_offset': 0, 'y_offset': -38, 'square_url': 'https://images4-f.ravelrycache.com/uploads/Drops/853268163/58-2_square.jpg', 'medium_url': 'https://images4-f.ravelrycache.com/uploads/Drops/853268163/58-2_medium.jpg', 'thumbnail_url': 'https://images4-g.ravelrycache.com/uploads/Drops/853268163/58-2_thumbnail.jpg', 'small_url': 'https://images4-g.ravelrycache.com/uploads/Drops/853268163/58-2_small_best_fit.jpg', 'flickr_url': None, 'shelved_url': 'https://images4-f.ravelrycache.com/uploads/Drops/853268163/58-2_shelved.jpg', 'medium2_url': 'https://images4-a.ravelrycache.com/uploads/Drops/853268163/58-2_medium2.jpg', 'small2_url': 'https://images4-f.ravelrycache.com/uploads/Drops/853268163/58-2_small2.jpg', 'caption': None, 'caption_html': None, 'copyright_holder': None}, {'id': 112587698, 'sort_order': 2, 'user_id': 32910, 'x_offset': -1, 'y_offset': -34, 'square_url': 'https://images4-g.ravelrycache.com/uploads/Drops/853268166/58b-2_square.jpg', 'medium_url': 'https://images4-g.ravelrycache.com/uploads/Drops/853268166/58b-2_medium.jpg', 'thumbnail_url': 'https://images4-g.ravelrycache.com/uploads/Drops/853268166/58b-2_thumbnail.jpg', 'small_url': 'https://images4-g.ravelrycache.com/uploads/Drops/853268166/58b-2_small_best_fit.jpg', 'flickr_url': None, 'shelved_url': 'https://images4-g.ravelrycache.com/uploads/Drops/853268166/58b-2_shelved.jpg', 'medium2_url': 'https://images4-a.ravelrycache.com/uploads/Drops/853268166/58b-2_medium2.jpg', 'small2_url': 'https://images4-g.ravelrycache.com/uploads/Drops/853268166/58b-2_small2.jpg', 'caption': None, 'caption_html': None, 'copyright_holder': None}, {'id': 112587699, 'sort_order': 3, 'user_id': 32910, 'x_offset': -2, 'y_offset': -31, 'square_url': 'https://images4-f.ravelrycache.com/uploads/Drops/853268165/58c-2_square.jpg', 'medium_url': 'https://images4-f.ravelrycache.com/uploads/Drops/853268165/58c-2_medium.jpg', 'thumbnail_url': 'https://images4-g.ravelrycache.com/uploads/Drops/853268165/58c-2_thumbnail.jpg', 'small_url': 'https://images4-f.ravelrycache.com/uploads/Drops/853268165/58c-2_small_best_fit.jpg', 'flickr_url': None, 'shelved_url': 'https://images4-f.ravelrycache.com/uploads/Drops/853268165/58c-2_shelved.jpg', 'medium2_url': 'https://images4-a.ravelrycache.com/uploads/Drops/853268165/58c-2_medium2.jpg', 'small2_url': 'https://images4-f.ravelrycache.com/uploads/Drops/853268165/58c-2_small2.jpg', 'caption': None, 'caption_html': None, 'copyright_holder': None}, {'id': 112587700, 'sort_order': 4, 'user_id': 32910, 'x_offset': 0, 'y_offset': -31, 'square_url': 'https://images4-f.ravelrycache.com/uploads/Drops/853268164/58d-2_square.jpg', 'medium_url': 'https://images4-f.ravelrycache.com/uploads/Drops/853268164/58d-2_medium.jpg', 'thumbnail_url': 'https://images4-f.ravelrycache.com/uploads/Drops/853268164/58d-2_thumbnail.jpg', 'small_url': 'https://images4-f.ravelrycache.com/uploads/Drops/853268164/58d-2_small_best_fit.jpg', 'flickr_url': None, 'shelved_url': 'https://images4-g.ravelrycache.com/uploads/Drops/853268164/58d-2_shelved.jpg', 'medium2_url': 'https://images4-a.ravelrycache.com/uploads/Drops/853268164/58d-2_medium2.jpg', 'small2_url': 'https://images4-f.ravelrycache.com/uploads/Drops/853268164/58d-2_small2.jpg', 'caption': None, 'caption_html': None, 'copyright_holder': None}, {'id': 112587701, 'sort_order': 5, 'user_id': 32910, 'x_offset': 0, 'y_offset': -47, 'square_url': 'https://images4-g.ravelrycache.com/uploads/Drops/853268177/58e-2_square.jpg', 'medium_url': 'https://images4-g.ravelrycache.com/uploads/Drops/853268177/58e-2_medium.jpg', 'thumbnail_url': 'https://images4-f.ravelrycache.com/uploads/Drops/853268177/58e-2_thumbnail.jpg', 'small_url': 'https://images4-f.ravelrycache.com/uploads/Drops/853268177/58e-2_small_best_fit.jpg', 'flickr_url': None, 'shelved_url': 'https://images4-g.ravelrycache.com/uploads/Drops/853268177/58e-2_shelved.jpg', 'medium2_url': 'https://images4-a.ravelrycache.com/uploads/Drops/853268177/58e-2_medium2.jpg', 'small2_url': 'https://images4-g.ravelrycache.com/uploads/Drops/853268177/58e-2_small2.jpg', 'caption': None, 'caption_html': None, 'copyright_holder': None}]"
Kristtjørn Ridesweater,Hanne Rimmen,1239308,https://www.ravelry.com/patterns/library/kristtjrn-ridesweater,False,https://images4-a.ravelrycache.com/uploads/Rimmen/853285171/KRISTTJRN_RIDESWEATER1_medium2.jpg,Knitting,"['adult', 'circular-yoke', 'stranded', 'top-down', 'chart', 'written-pattern', 'in-the-round']",17.0,0.0,True,4.0,stockinette,pullover,Aran,6,0.0,S (M) L (XL) XXL,"[{'id': 112589916, 'sort_order': 1, 'user_id': 1765976, 'x_offset': 0, 'y_offset': -5, 'square_url': 'https://images4-f.ravelrycache.com/uploads/Rimmen/853285171/KRISTTJRN_RIDESWEATER1_square.jpg', 'medium_url': 'https://images4-f.ravelrycache.com/uploads/Rimmen/853285171/KRISTTJRN_RIDESWEATER1_medium.jpg', 'thumbnail_url': 'https://images4-g.ravelrycache.com/uploads/Rimmen/853285171/KRISTTJRN_RIDESWEATER1_thumbnail.jpg', 'small_url': 'https://images4-g.ravelrycache.com/uploads/Rimmen/853285171/KRISTTJRN_RIDESWEATER1_small_best_fit.jpg', 'flickr_url': None, 'shelved_url': 'https://images4-g.ravelrycache.com/uploads/Rimmen/853285171/KRISTTJRN_RIDESWEATER1_shelved.jpg', 'medium2_url': 'https://images4-a.ravelrycache.com/uploads/Rimmen/853285171/KRISTTJRN_RIDESWEATER1_medium2.jpg', 'small2_url': 'https://images4-f.ravelrycache.com/uploads/Rimmen/853285171/KRISTTJRN_RIDESWEATER1_small2.jpg', 'caption': None, 'caption_html': None, 'copyright_holder': None}, {'id': 112589917, 'sort_order': 2, 'user_id': 1765976, 'x_offset': -1, 'y_offset': -52, 'square_url': 'https://images4-f.ravelrycache.com/uploads/Rimmen/853285172/KRISTTJRN_RIDESWEATER_square.jpg', 'medium_url': 'https://images4-f.ravelrycache.com/uploads/Rimmen/853285172/KRISTTJRN_RIDESWEATER_medium.jpg', 'thumbnail_url': 'https://images4-f.ravelrycache.com/uploads/Rimmen/853285172/KRISTTJRN_RIDESWEATER_thumbnail.jpg', 'small_url': 'https://images4-f.ravelrycache.com/uploads/Rimmen/853285172/KRISTTJRN_RIDESWEATER_small_best_fit.jpg', 'flickr_url': None, 'shelved_url': 'https://images4-f.ravelrycache.com/uploads/Rimmen/853285172/KRISTTJRN_RIDESWEATER_shelved.jpg', 'medium2_url': 'https://images4-a.ravelrycache.com/uploads/Rimmen/853285172/KRISTTJRN_RIDESWEATER_medium2.jpg', 'small2_url': 'https://images4-f.ravelrycache.com/uploads/Rimmen/853285172/KRISTTJRN_RIDESWEATER_small2.jpg', 'caption': None, 'caption_html': None, 'copyright_holder': None}, {'id': 112589918, 'sort_order': 3, 'user_id': 1765976, 'x_offset': -43, 'y_offset': 0, 'square_url': 'https://images4-f.ravelrycache.com/uploads/Rimmen/853285173/2KRISTTJRN_RIDESWEATER1_square.jpg', 'medium_url': 'https://images4-f.ravelrycache.com/uploads/Rimmen/853285173/2KRISTTJRN_RIDESWEATER1_medium.jpg', 'thumbnail_url': 'https://images4-g.ravelrycache.com/uploads/Rimmen/853285173/2KRISTTJRN_RIDESWEATER1_thumbnail.jpg', 'small_url': 'https://images4-f.ravelrycache.com/uploads/Rimmen/853285173/2KRISTTJRN_RIDESWEATER1_small_best_fit.jpg', 'flickr_url': None, 'shelved_url': 'https://images4-f.ravelrycache.com/uploads/Rimmen/853285173/2KRISTTJRN_RIDESWEATER1_shelved.jpg', 'medium2_url': 'https://images4-a.ravelrycache.com/uploads/Rimmen/853285173/2KRISTTJRN_RIDESWEATER1_medium2.jpg', 'small2_url': 'https://images4-f.ravelrycache.com/uploads/Rimmen/853285173/2KRISTTJRN_RIDESWEATER1_small2.jpg', 'caption': None, 'caption_html': None, 'copyright_holder': None}, {'id': 112589919, 'sort_order': 4, 'user_id': 1765976, 'x_offset': -43, 'y_offset': 0, 'square_url': 'https://images4-f.ravelrycache.com/uploads/Rimmen/853285175/KRISTTJRN_RIDESWEATER3_square.jpg', 'medium_url': 'https://images4-f.ravelrycache.com/uploads/Rimmen/853285175/KRISTTJRN_RIDESWEATER3_medium.jpg', 'thumbnail_url': 'https://images4-f.ravelrycache.com/uploads/Rimmen/853285175/KRISTTJRN_RIDESWEATER3_thumbnail.jpg', 'small_url': 'https://images4-f.ravelrycache.com/uploads/Rimmen/853285175/KRISTTJRN_RIDESWEATER3_small_best_fit.jpg', 'flickr_url': None, 'shelved_url': 'https://images4-g.ravelrycache.com/uploads/Rimmen/853285175/KRISTTJRN_RIDESWEATER3_shelved.jpg', 'medium2_url': 'https://images4-a.ravelrycache.com/uploads/Rimmen/853285175/KRISTTJRN_RIDESWEATER3_medium2.jpg', 'small2_url': 'https://images4-f.ravelrycache.com/uploads/Rimmen/853285175/KRISTTJRN_RIDESWEATER3_small2.jpg', 'caption': None, 'caption_html': None, 'copyright_holder': None}, {'id': 112589920, 'sort_order': 5, 'user_id': 1765976, 'x_offset': -43, 'y_offset': 0, 'square_url': 'https://images4-f.ravelrycache.com/uploads/Rimmen/853285174/KRISTTJRN_RIDESWEATER4_square.jpg', 'medium_url': 'https://images4-f.ravelrycache.com/uploads/Rimmen/853285174/KRISTTJRN_RIDESWEATER4_medium.jpg', 'thumbnail_url': 'https://images4-f.ravelrycache.com/uploads/Rimmen/853285174/KRISTTJRN_RIDESWEATER4_thumbnail.jpg', 'small_url': 'https://images4-f.ravelrycache.com/uploads/Rimmen/853285174/KRISTTJRN_RIDESWEATER4_small_best_fit.jpg', 'flickr_url': None, 'shelved_url': 'https://images4-f.ravelrycache.com/uploads/Rimmen/853285174/KRISTTJRN_RIDESWEATER4_shelved.jpg', 'medium2_url': 'https://images4-a.ravelrycache.com/uploads/Rimmen/853285174/KRISTTJRN_RIDESWEATER4_medium2.jpg', 'small2_url': 'https://images4-f.ravelrycache.com/uploads/Rimmen/853285174/KRISTTJRN_RIDESWEATER4_small2.jpg', 'caption': None, 'caption_html': None, 'copyright_holder': None}, {'id': 112589921, 'sort_order': 6, 'user_id': 1765976, 'x_offset': -2, 'y_offset': 0, 'square_url': 'https://images4-g.ravelrycache.com/uploads/Rimmen/853285177/IMG_5703_square.jpg', 'medium_url': 'https://images4-g.ravelrycache.com/uploads/Rimmen/853285177/IMG_5703_medium.jpg', 'thumbnail_url': 'https://images4-g.ravelrycache.com/uploads/Rimmen/853285177/IMG_5703_thumbnail.jpg', 'small_url': 'https://images4-g.ravelrycache.com/uploads/Rimmen/853285177/IMG_5703_small_best_fit.jpg', 'flickr_url': None, 'shelved_url': 'https://images4-f.ravelrycache.com/uploads/Rimmen/853285177/IMG_5703_shelved.jpg', 'medium2_url': 'https://images4-a.ravelrycache.com/uploads/Rimmen/853285177/IMG_5703_medium2.jpg', 'small2_url': 'https://images4-g.ravelrycache.com/uploads/Rimmen/853285177/IMG_5703_small2.jpg', 'caption': None, 'caption_html': None, 'copyright_holder': None}, {'id': 112589922, 'sort_order': 7, 'user_id': 1765976, 'x_offset': 0, 'y_offset': -20, 'square_url': 'https://images4-g.ravelrycache.com/uploads/Rimmen/853285176/IMG_5702_square.jpg', 'medium_url': 'https://images4-g.ravelrycache.com/uploads/Rimmen/853285176/IMG_5702_medium.jpg', 'thumbnail_url': 'https://images4-g.ravelrycache.com/uploads/Rimmen/853285176/IMG_5702_thumbnail.jpg', 'small_url': 'https://images4-g.ravelrycache.com/uploads/Rimmen/853285176/IMG_5702_small_best_fit.jpg', 'flickr_url': None, 'shelved_url': 'https://images4-g.ravelrycache.com/uploads/Rimmen/853285176/IMG_5702_shelved.jpg', 'medium2_url': 'https://images4-a.ravelrycache.com/uploads/Rimmen/853285176/IMG_5702_medium2.jpg', 'small2_url': 'https://images4-g.ravelrycache.com/uploads/Rimmen/853285176/IMG_5702_small2.jpg', 'caption': None, 'caption_html': None, 'copyright_holder': None}]"
Arrow sweater,Teti Lutsak,1239340,https://www.ravelry.com/patterns/library/arrow-sweater-4,False,https://images4-a.ravelrycache.com/uploads/tetilutsak/853293204/IMG_8950_medium2.JPG,Knitting,"['textured', 'circular-yoke', 'scoop-neck', 'aline', 'seamless', 'short-rows', 'top-down', 'positive-ease', 'in-the-round', 'other-colorwork']",18.0,3.0,True,4.0,stockinette in the round,pullover,Worsted,40,5.0,"1 (2, 3, 4, 5) (6, 7, 8, 9) see more details below","[{'id': 112591054, 'sort_order': 1, 'user_id': 3950918, 'x_offset': -1, 'y_offset': -89, 'square_url': 'https://images4-f.ravelrycache.com/uploads/tetilutsak/853293204/IMG_8950_square.JPG', 'medium_url': 'https://images4-f.ravelrycache.com/uploads/tetilutsak/853293204/IMG_8950_medium.JPG', 'thumbnail_url': 'https://images4-g.ravelrycache.com/uploads/tetilutsak/853293204/IMG_8950_thumbnail.JPG', 'small_url': 'https://images4-f.ravelrycache.com/uploads/tetilutsak/853293204/IMG_8950_small_best_fit.JPG', 'flickr_url': None, 'shelved_url': 'https://images4-g.ravelrycache.com/uploads/tetilutsak/853293204/IMG_8950_shelved.JPG', 'medium2_url': 'https://images4-a.ravelrycache.com/uploads/tetilutsak/853293204/IMG_8950_medium2.JPG', 'small2_url': 'https://images4-f.ravelrycache.com/uploads/tetilutsak/853293204/IMG_8950_small2.JPG', 'caption': None, 'caption_html': None, 'copyright_holder': None}, {'id': 114870180, 'sort_order': 2, 'user_id': 3950918, 'x_offset': 0, 'y_offset': -66, 'square_url': 'https://images4-g.ravelrycache.com/uploads/tetilutsak/871729535/IMG_9018_square.JPG', 'medium_url': 'https://images4-f.ravelrycache.com/uploads/tetilutsak/871729535/IMG_9018_medium.JPG', 'thumbnail_url': 'https://images4-f.ravelrycache.com/uploads/tetilutsak/871729535/IMG_9018_thumbnail.JPG', 'small_url': 'https://images4-g.ravelrycache.com/uploads/tetilutsak/871729535/IMG_9018_small_best_fit.JPG', 'flickr_url': None, 'shelved_url': 'https://images4-f.ravelrycache.com/uploads/tetilutsak/871729535/IMG_9018_shelved.JPG', 'medium2_url': 'https://images4-a.ravelrycache.com/uploads/tetilutsak/871729535/IMG_9018_medium2.JPG', 'small2_url': 'https://images4-g.ravelrycache.com/uploads/tetilutsak/871729535/IMG_9018_small2.JPG', 'caption': None, 'caption_html': None, 'copyright_holder': None}, {'id': 112591053, 'sort_order': 3, 'user_id': 3950918, 'x_offset': -6, 'y_offset': -66, 'square_url': 'https://images4-g.ravelrycache.com/uploads/tetilutsak/853293542/arrow_square.jpeg', 'medium_url': 'https://images4-g.ravelrycache.com/uploads/tetilutsak/853293542/arrow_medium.jpeg', 'thumbnail_url': 'https://images4-g.ravelrycache.com/uploads/tetilutsak/853293542/arrow_thumbnail.jpeg', 'small_url': 'https://images4-g.ravelrycache.com/uploads/tetilutsak/853293542/arrow_small.jpeg', 'flickr_url': None, 'shelved_url': 'https://images4-f.ravelrycache.com/uploads/tetilutsak/853293542/arrow_shelved.jpeg', 'medium2_url': 'https://images4-a.ravelrycache.com/uploads/tetilutsak/853293542/arrow_medium2.jpeg', 'small2_url': 'https://images4-g.ravelrycache.com/uploads/tetilutsak/853293542/arrow_small2.jpeg', 'caption': None, 'caption_html': None, 'copyright_holder': None}, {'id': 116574044, 'sort_order': 4, 'user_id': 7752581, 'x_offset': 0, 'y_offset': -66, 'square_url': 'https://images4-f.ravelrycache.com/uploads/karostra/842807534/PXL_20220306_142637884.PORTRAIT_square.jpg', 'medium_url': 'https://images4-g.ravelrycache.com/uploads/karostra/842807534/PXL_20220306_142637884.PORTRAIT_medium.jpg', 'thumbnail_url': 'https://images4-f.ravelrycache.com/uploads/karostra/842807534/PXL_20220306_142637884.PORTRAIT_thumbnail.jpg', 'small_url': 'https://images4-f.ravelrycache.com/uploads/karostra/842807534/PXL_20220306_142637884.PORTRAIT_small_best_fit.jpg', 'flickr_url': None, 'shelved_url': 'https://images4-g.ravelrycache.com/uploads/karostra/842807534/PXL_20220306_142637884.PORTRAIT_shelved.jpg', 'medium2_url': 'https://images4-a.ravelrycache.com/uploads/karostra/842807534/PXL_20220306_142637884.PORTRAIT_medium2.jpg', 'small2_url': 'https://images4-f.ravelrycache.com/uploads/karostra/842807534/PXL_20220306_142637884.PORTRAIT_small2.jpg', 'caption': None, 'caption_html': None, 'copyright_holder': None}, {'id': 112591055, 'sort_order': 5, 'user_id': 3950918, 'x_offset': -1, 'y_offset': -4, 'square_url': 'https://images4-g.ravelrycache.com/uploads/tetilutsak/853293398/IMG_9009_square.JPG', 'medium_url': 'https://images4-g.ravelrycache.com/uploads/tetilutsak/853293398/IMG_9009_medium.JPG', 'thumbnail_url': 'https://images4-f.ravelrycache.com/uploads/tetilutsak/853293398/IMG_9009_thumbnail.JPG', 'small_url': 'https://images4-f.ravelrycache.com/uploads/tetilutsak/853293398/IMG_9009_small_best_fit.JPG', 'flickr_url': None, 'shelved_url': 'https://images4-f.ravelrycache.com/uploads/tetilutsak/853293398/IMG_9009_shelved.JPG', 'medium2_url': 'https://images4-a.ravelrycache.com/uploads/tetilutsak/853293398/IMG_9009_medium2.JPG', 'small2_url': 'https://images4-g.ravelrycache.com/uploads/tetilutsak/853293398/IMG_9009_small2.JPG', 'caption': None, 'caption_html': None, 'copyright_holder': None}, {'id': 112591056, 'sort_order': 6, 'user_id': 3950918, 'x_offset': 0, 'y_offset': -83, 'square_url': 'https://images4-g.ravelrycache.com/uploads/tetilutsak/853293355/IMG_8951_square.JPG', 'medium_url': 'https://images4-g.ravelrycache.com/uploads/tetilutsak/853293355/IMG_8951_medium.JPG', 'thumbnail_url': 'https://images4-f.ravelrycache.com/uploads/tetilutsak/853293355/IMG_8951_thumbnail.JPG', 'small_url': 'https://images4-f.ravelrycache.com/uploads/tetilutsak/853293355/IMG_8951_small_best_fit.JPG', 'flickr_url': None, 'shelved_url': 'https://images4-f.ravelrycache.com/uploads/tetilutsak/853293355/IMG_8951_shelved.JPG', 'medium2_url': 'https://images4-a.ravelrycache.com/uploads/tetilutsak/853293355/IMG_8951_medium2.JPG', 'small2_url': 'https://images4-g.ravelrycache.com/uploads/tetilutsak/853293355/IMG_8951_small2.JPG', 'caption': None, 'caption_html': None, 'copyright_holder': None}, {'id': 114814362, 'sort_order': 7, 'user_id': 9230406, 'x_offset': -35, 'y_offset': -5, 'square_url': 'https://images4-g.ravelrycache.com/uploads/wilddirtypaws/846903009/19C58EDE-256A-4B41-9D83-EC92449A4383_square.jpeg', 'medium_url': 'https://images4-g.ravelrycache.com/uploads/wilddirtypaws/846903009/19C58EDE-256A-4B41-9D83-EC92449A4383_medium.jpeg', 'thumbnail_url': 'https://images4-f.ravelrycache.com/uploads/wilddirtypaws/846903009/19C58EDE-256A-4B41-9D83-EC92449A4383_thumbnail.jpeg', 'small_url': 'https://images4-g.ravelrycache.com/uploads/wilddirtypaws/846903009/19C58EDE-256A-4B41-9D83-EC92449A4383_small.jpeg', 'flickr_url': None, 'shelved_url': 'https://images4-f.ravelrycache.com/uploads/wilddirtypaws/846903009/19C58EDE-256A-4B41-9D83-EC92449A4383_shelved.jpeg', 'medium2_url': 'https://images4-a.ravelrycache.com/uploads/wilddirtypaws/846903009/19C58EDE-256A-4B41-9D83-EC92449A4383_medium2.jpeg', 'small2_url': 'https://images4-f.ravelrycache.com/uploads/wilddirtypaws/846903009/19C58EDE-256A-4B41-9D83-EC92449A4383_small2.jpeg', 'caption': None, 'caption_html': None, 'copyright_holder': None}, {'id': 114772452, 'sort_order': 8, 'user_id': 9084676, 'x_offset': 0, 'y_offset': -20, 'square_url': 'https://images4-g.ravelrycache.com/uploads/ruiknits/814755559/2C81A2CA-BC78-45A2-A430-B3FB491E9E19_square.jpeg', 'medium_url': 'https://images4-g.ravelrycache.com/uploads/ruiknits/814755559/2C81A2CA-BC78-45A2-A430-B3FB491E9E19_medium.jpeg', 'thumbnail_url': 'https://images4-g.ravelrycache.com/uploads/ruiknits/814755559/2C81A2CA-BC78-45A2-A430-B3FB491E9E19_thumbnail.jpeg', 'small_url': 'https://images4-f.ravelrycache.com/uploads/ruiknits/814755559/2C81A2CA-BC78-45A2-A430-B3FB491E9E19_small_best_fit.jpeg', 'flickr_url': None, 'shelved_url': 'https://images4-f.ravelrycache.com/uploads/ruiknits/814755559/2C81A2CA-BC78-45A2-A430-B3FB491E9E19_shelved.jpeg', 'medium2_url': 'https://images4-a.ravelrycache.com/uploads/ruiknits/814755559/2C81A2CA-BC78-45A2-A430-B3FB491E9E19_medium2.jpeg', 'small2_url': 'https://images4-f.ravelrycache.com/uploads/ruiknits/814755559/2C81A2CA-BC78-45A2-A430-B3FB491E9E19_small2.jpeg', 'caption': None, 'caption_html': None, 'copyright_holder': None}, {'id': 114769636, 'sort_order': 9, 'user_id': 804649, 'x_offset': -35, 'y_offset': -5, 'square_url': 'https://images4-g.ravelrycache.com/uploads/Trish1/816361130/F5B4F18D-E3FC-4E5E-BFE7-EFCA447CD453_square.jpeg', 'medium_url': 'https://images4-g.ravelrycache.com/uploads/Trish1/816361130/F5B4F18D-E3FC-4E5E-BFE7-EFCA447CD453_medium.jpeg', 'thumbnail_url': 'https://images4-g.ravelrycache.com/uploads/Trish1/816361130/F5B4F18D-E3FC-4E5E-BFE7-EFCA447CD453_thumbnail.jpeg', 'small_url': 'https://images4-f.ravelrycache.com/uploads/Trish1/816361130/F5B4F18D-E3FC-4E5E-BFE7-EFCA447CD453_small.jpeg', 'flickr_url': None, 'shelved_url': 'https://images4-f.ravelrycache.com/uploads/Trish1/816361130/F5B4F18D-E3FC-4E5E-BFE7-EFCA447CD453_shelved.jpeg', 'medium2_url': 'https://images4-a.ravelrycache.com/uploads/Trish1/816361130/F5B4F18D-E3FC-4E5E-BFE7-EFCA447CD453_medium2.jpeg', 'small2_url': 'https://images4-f.ravelrycache.com/uploads/Trish1/816361130/F5B4F18D-E3FC-4E5E-BFE7-EFCA447CD453_small2.jpeg', 'caption': None, 'caption_html': None, 'copyright_holder': None}, {'id': 114768367, 'sort_order': 10, 'user_id': 8632167, 'x_offset': 3, 'y_offset': -9, 'square_url': 'https://images4-g.ravelrycache.com/uploads/Kinekh/846203153/20220324_140957_square.jpg', 'medium_url': 'https://images4-f.ravelrycache.com/uploads/Kinekh/846203153/20220324_140957_medium.jpg', 'thumbnail_url': 'https://images4-g.ravelrycache.com/uploads/Kinekh/846203153/20220324_140957_thumbnail.jpg', 'small_url': 'https://images4-g.ravelrycache.com/uploads/Kinekh/846203153/20220324_140957_small_best_fit.jpg', 'flickr_url': None, 'shelved_url': 'https://images4-g.ravelrycache.com/uploads/Kinekh/846203153/20220324_140957_shelved.jpg', 'medium2_url': 'https://images4-a.ravelrycache.com/uploads/Kinekh/846203153/20220324_140957_medium2.jpg', 'small2_url': 'https://images4-g.ravelrycache.com/uploads/Kinekh/846203153/20220324_140957_small2.jpg', 'caption': None, 'caption_html': None, 'copyright_holder': None}, {'id': 114768345, 'sort_order': 11, 'user_id': 34774, 'x_offset': -5, 'y_offset': -35, 'square_url': 'https://images4-g.ravelrycache.com/uploads/loletta/842664165/20220219_114850_square.jpg', 'medium_url': 'https://images4-f.ravelrycache.com/uploads/loletta/842664165/20220219_114850_medium.jpg', 'thumbnail_url': 'https://images4-g.ravelrycache.com/uploads/loletta/842664165/20220219_114850_thumbnail.jpg', 'small_url': 'https://images4-g.ravelrycache.com/uploads/loletta/842664165/20220219_114850_small.jpg', 'flickr_url': None, 'shelved_url': 'https://images4-f.ravelrycache.com/uploads/loletta/842664165/20220219_114850_shelved.jpg', 'medium2_url': 'https://images4-a.ravelrycache.com/uploads/loletta/842664165/20220219_114850_medium2.jpg', 'small2_url': 'https://images4-g.ravelrycache.com/uploads/loletta/842664165/20220219_114850_small2.jpg', 'caption': None, 'caption_html': None, 'copyright_holder': None}, {'id': 114767355, 'sort_order': 12, 'user_id': 8982307, 'x_offset': -1, 'y_offset': -44, 'square_url': 'https://images4-f.ravelrycache.com/uploads/SvitlanaRoos/814430801/88AECAB8-37CD-446B-ADD8-58CE85A15956_square.jpeg', 'medium_url': 'https://images4-f.ravelrycache.com/uploads/SvitlanaRoos/814430801/88AECAB8-37CD-446B-ADD8-58CE85A15956_medium.jpeg', 'thumbnail_url': 'https://images4-g.ravelrycache.com/uploads/SvitlanaRoos/814430801/88AECAB8-37CD-446B-ADD8-58CE85A15956_thumbnail.jpeg', 'small_url': 'https://images4-g.ravelrycache.com/uploads/SvitlanaRoos/814430801/88AECAB8-37CD-446B-ADD8-58CE85A15956_small_best_fit.jpeg', 'flickr_url': None, 'shelved_url': 'https://images4-g.ravelrycache.com/uploads/SvitlanaRoos/814430801/88AECAB8-37CD-446B-ADD8-58CE85A15956_shelved.jpeg', 'medium2_url': 'https://images4-a.ravelrycache.com/uploads/SvitlanaRoos/814430801/88AECAB8-37CD-446B-ADD8-58CE85A15956_medium2.jpeg', 'small2_url': 'https://images4-g.ravelrycache.com/uploads/SvitlanaRoos/814430801/88AECAB8-37CD-446B-ADD8-58CE85A15956_small2.jpeg', 'caption': None, 'caption_html': None, 'copyright_holder': None}, {'id': 114769492, 'sort_order': 13, 'user_id': 7748377, 'x_offset': 0, 'y_offset': 0, 'square_url': 'https://images4-g.ravelrycache.com/uploads/JMEkstedt/816173675/39380C59-4AC2-4D0E-BE4D-1F0FC5123280_square.jpeg', 'medium_url': 'https://images4-g.ravelrycache.com/uploads/JMEkstedt/816173675/39380C59-4AC2-4D0E-BE4D-1F0FC5123280_medium.jpeg', 'thumbnail_url': 'https://images4-f.ravelrycache.com/uploads/JMEkstedt/816173675/39380C59-4AC2-4D0E-BE4D-1F0FC5123280_thumbnail.jpeg', 'small_url': 'https://images4-g.ravelrycache.com/uploads/JMEkstedt/816173675/39380C59-4AC2-4D0E-BE4D-1F0FC5123280_small_best_fit.jpeg', 'flickr_url': None, 'shelved_url': 'https://images4-g.ravelrycache.com/uploads/JMEkstedt/816173675/39380C59-4AC2-4D0E-BE4D-1F0FC5123280_shelved.jpeg', 'medium2_url': 'https://images4-a.ravelrycache.com/uploads/JMEkstedt/816173675/39380C59-4AC2-4D0E-BE4D-1F0FC5123280_medium2.jpeg', 'small2_url': 'https://images4-f.ravelrycache.com/uploads/JMEkstedt/816173675/39380C59-4AC2-4D0E-BE4D-1F0FC5123280_small2.jpeg', 'caption': None, 'caption_html': None, 'copyright_holder': None}, {'id': 112591057, 'sort_order': 14, 'user_id': 3950918, 'x_offset': -55, 'y_offset': 1, 'square_url': 'https://images4-f.ravelrycache.com/uploads/tetilutsak/853293301/_litlg2022_schematic_v0-test-06_square.png', 'medium_url': 'https://images4-g.ravelrycache.com/uploads/tetilutsak/853293301/_litlg2022_schematic_v0-test-06_medium.png', 'thumbnail_url': 'https://images4-g.ravelrycache.com/uploads/tetilutsak/853293301/_litlg2022_schematic_v0-test-06_thumbnail.png', 'small_url': 'https://images4-g.ravelrycache.com/uploads/tetilutsak/853293301/_litlg2022_schematic_v0-test-06_small_best_fit.png', 'flickr_url': None, 'shelved_url': 'https://images4-g.ravelrycache.com/uploads/tetilutsak/853293301/_litlg2022_schematic_v0-test-06_shelved.png', 'medium2_url': 'https://images4-a.ravelrycache.com/uploads/tetilutsak/853293301/_litlg2022_schematic_v0-test-06_medium2.png', 'small2_url': 'https://images4-f.ravelrycache.com/uploads/tetilutsak/853293301/_litlg2022_schematic_v0-test-06_small2.png', 'caption': None, 'caption_html': None, 'copyright_holder': None}]"
Mountain Climber for her,Natalie Pelykh,1239480,https://www.ravelry.com/patterns/library/mountain-climber-for-her,False,https://images4-a.ravelrycache.com/uploads/knitforsweet/853307346/__60__medium2.jpg,Knitting,"['toddler', 'child', 'teen', 'adult', 'cables', 'circular-yoke', 'ballet-neck', 'sleeves', 'aline', 'one-piece', 'seamless', 'short-rows', 'top-down', 'chart', 'written-pattern', 'in-the-round']",28.0,4.833333333333333,True,4.0,"in stockinette stitch, using 2.75 mm [US2] needles, after blocking and slightly stretched",child,DK,17,4.923076923076923,kids - 12 mos; 18 – 24 mos; 3 yrs (4 yrs; 5 yrs; 6–7 yrs) (8–9 yrs; 10–12 yrs; 12–14 yrs); adults - 32 (34; 36; 38) (40; 42; 44) (46; 48; 50) (52; 54;56) (58; 60; 62),"[{'id': 112605423, 'sort_order': 1, 'user_id': 80470, 'x_offset': 0, 'y_offset': -43, 'square_url': 'https://images4-g.ravelrycache.com/uploads/knitforsweet/853307346/__60__square.jpg', 'medium_url': 'https://images4-g.ravelrycache.com/uploads/knitforsweet/853307346/__60__medium.jpg', 'thumbnail_url': 'https://images4-g.ravelrycache.com/uploads/knitforsweet/853307346/__60__thumbnail.jpg', 'small_url': 'https://images4-f.ravelrycache.com/uploads/knitforsweet/853307346/__60__small_best_fit.jpg', 'flickr_url': None, 'shelved_url': 'https://images4-f.ravelrycache.com/uploads/knitforsweet/853307346/__60__shelved.jpg', 'medium2_url': 'https://images4-a.ravelrycache.com/uploads/knitforsweet/853307346/__60__medium2.jpg', 'small2_url': 'https://images4-g.ravelrycache.com/uploads/knitforsweet/853307346/__60__small2.jpg', 'caption': None, 'caption_html': None, 'copyright_holder': None}, {'id': 112605424, 'sort_order': 2, 'user_id': 80470, 'x_offset': 0, 'y_offset': -43, 'square_url': 'https://images4-g.ravelrycache.com/uploads/knitforsweet/853307379/__78__square.jpg', 'medium_url': 'https://images4-g.ravelrycache.com/uploads/knitforsweet/853307379/__78__medium.jpg', 'thumbnail_url': 'https://images4-f.ravelrycache.com/uploads/knitforsweet/853307379/__78__thumbnail.jpg', 'small_url': 'https://images4-g.ravelrycache.com/uploads/knitforsweet/853307379/__78__small_best_fit.jpg', 'flickr_url': None, 'shelved_url': 'https://images4-g.ravelrycache.com/uploads/knitforsweet/853307379/__78__shelved.jpg', 'medium2_url': 'https://images4-a.ravelrycache.com/uploads/knitforsweet/853307379/__78__medium2.jpg', 'small2_url': 'https://images4-g.ravelrycache.com/uploads/knitforsweet/853307379/__78__small2.jpg', 'caption': None, 'caption_html': None, 'copyright_holder': None}, {'id': 112605425, 'sort_order': 3, 'user_id': 80470, 'x_offset': 0, 'y_offset': -43, 'square_url': 'https://images4-g.ravelrycache.com/uploads/knitforsweet/853309175/__80__square.jpg', 'medium_url': 'https://images4-g.ravelrycache.com/uploads/knitforsweet/853309175/__80__medium.jpg', 'thumbnail_url': 'https://images4-f.ravelrycache.com/uploads/knitforsweet/853309175/__80__thumbnail.jpg', 'small_url': 'https://images4-g.ravelrycache.com/uploads/knitforsweet/853309175/__80__small_best_fit.jpg', 'flickr_url': None, 'shelved_url': 'https://images4-f.ravelrycache.com/uploads/knitforsweet/853309175/__80__shelved.jpg', 'medium2_url': 'https://images4-a.ravelrycache.com/uploads/knitforsweet/853309175/__80__medium2.jpg', 'small2_url': 'https://images4-g.ravelrycache.com/uploads/knitforsweet/853309175/__80__small2.jpg', 'caption': None, 'caption_html': None, 'copyright_holder': None}, {'id': 112605426, 'sort_order': 4, 'user_id': 80470, 'x_offset': -1, 'y_offset': -7, 'square_url': 'https://images4-g.ravelrycache.com/uploads/knitforsweet/853307694/111_square.jpg', 'medium_url': 'https://images4-g.ravelrycache.com/uploads/knitforsweet/853307694/111_medium.jpg', 'thumbnail_url': 'https://images4-f.ravelrycache.com/uploads/knitforsweet/853307694/111_thumbnail.jpg', 'small_url': 'https://images4-g.ravelrycache.com/uploads/knitforsweet/853307694/111_small_best_fit.jpg', 'flickr_url': None, 'shelved_url': 'https://images4-g.ravelrycache.com/uploads/knitforsweet/853307694/111_shelved.jpg', 'medium2_url': 'https://images4-a.ravelrycache.com/uploads/knitforsweet/853307694/111_medium2.jpg', 'small2_url': 'https://images4-g.ravelrycache.com/uploads/knitforsweet/853307694/111_small2.jpg', 'caption': None, 'caption_html': None, 'copyright_holder': ''}, {'id': 112605427, 'sort_order': 5, 'user_id': 80470, 'x_offset': 0, 'y_offset': -43, 'square_url': 'https://images4-f.ravelrycache.com/uploads/knitforsweet/853308107/__74__square.jpg', 'medium_url': 'https://images4-f.ravelrycache.com/uploads/knitforsweet/853308107/__74__medium.jpg', 'thumbnail_url': 'https://images4-f.ravelrycache.com/uploads/knitforsweet/853308107/__74__thumbnail.jpg', 'small_url': 'https://images4-g.ravelrycache.com/uploads/knitforsweet/853308107/__74__small_best_fit.jpg', 'flickr_url': None, 'shelved_url': 'https://images4-f.ravelrycache.com/uploads/knitforsweet/853308107/__74__shelved.jpg', 'medium2_url': 'https://images4-a.ravelrycache.com/uploads/knitforsweet/853308107/__74__medium2.jpg', 'small2_url': 'https://images4-f.ravelrycache.com/uploads/knitforsweet/853308107/__74__small2.jpg', 'caption': None, 'caption_html': None, 'copyright_holder': None}, {'id': 112605428, 'sort_order': 6, 'user_id': 80470, 'x_offset': -6, 'y_offset': -28, 'square_url': 'https://images4-f.ravelrycache.com/uploads/knitforsweet/853308619/__55__square.jpg', 'medium_url': 'https://images4-f.ravelrycache.com/uploads/knitforsweet/853308619/__55__medium.jpg', 'thumbnail_url': 'https://images4-f.ravelrycache.com/uploads/knitforsweet/853308619/__55__thumbnail.jpg', 'small_url': 'https://images4-g.ravelrycache.com/uploads/knitforsweet/853308619/__55__small_best_fit.jpg', 'flickr_url': None, 'shelved_url': 'https://images4-f.ravelrycache.com/uploads/knitforsweet/853308619/__55__shelved.jpg', 'medium2_url': 'https://images4-a.ravelrycache.com/uploads/knitforsweet/853308619/__55__medium2.jpg', 'small2_url': 'https://images4-f.ravelrycache.com/uploads/knitforsweet/853308619/__55__small2.jpg', 'caption': None, 'caption_html': None, 'copyright_holder': ''}, {'id': 112605429, 'sort_order': 7, 'user_id': 80470, 'x_offset': -1, 'y_offset': -9, 'square_url': 'https://images4-f.ravelrycache.com/uploads/knitforsweet/853308325/__66__square.jpg', 'medium_url': 'https://images4-f.ravelrycache.com/uploads/knitforsweet/853308325/__66__medium.jpg', 'thumbnail_url': 'https://images4-f.ravelrycache.com/uploads/knitforsweet/853308325/__66__thumbnail.jpg', 'small_url': 'https://images4-g.ravelrycache.com/uploads/knitforsweet/853308325/__66__small_best_fit.jpg', 'flickr_url': None, 'shelved_url': 'https://images4-g.ravelrycache.com/uploads/knitforsweet/853308325/__66__shelved.jpg', 'medium2_url': 'https://images4-a.ravelrycache.com/uploads/knitforsweet/853308325/__66__medium2.jpg', 'small2_url': 'https://images4-f.ravelrycache.com/uploads/knitforsweet/853308325/__66__small2.jpg', 'caption': None, 'caption_html': None, 'copyright_holder': None}, {'id': 112605430, 'sort_order': 8, 'user_id': 80470, 'x_offset': 0, 'y_offset': -43, 'square_url': 'https://images4-g.ravelrycache.com/uploads/knitforsweet/853308733/__76__square.jpg', 'medium_url': 'https://images4-g.ravelrycache.com/uploads/knitforsweet/853308733/__76__medium.jpg', 'thumbnail_url': 'https://images4-g.ravelrycache.com/uploads/knitforsweet/853308733/__76__thumbnail.jpg', 'small_url': 'https://images4-f.ravelrycache.com/uploads/knitforsweet/853308733/__76__small_best_fit.jpg', 'flickr_url': None, 'shelved_url': 'https://images4-f.ravelrycache.com/uploads/knitforsweet/853308733/__76__shelved.jpg', 'medium2_url': 'https://images4-a.ravelrycache.com/uploads/knitforsweet/853308733/__76__medium2.jpg', 'small2_url': 'https://images4-g.ravelrycache.com/uploads/knitforsweet/853308733/__76__small2.jpg', 'caption': None, 'caption_html': None, 'copyright_holder': None}, {'id': 112605431, 'sort_order': 9, 'user_id': 80470, 'x_offset': 0, 'y_offset': -43, 'square_url': 'https://images4-g.ravelrycache.com/uploads/knitforsweet/853307916/__102__square.jpg', 'medium_url': 'https://images4-g.ravelrycache.com/uploads/knitforsweet/853307916/__102__medium.jpg', 'thumbnail_url': 'https://images4-g.ravelrycache.com/uploads/knitforsweet/853307916/__102__thumbnail.jpg', 'small_url': 'https://images4-f.ravelrycache.com/uploads/knitforsweet/853307916/__102__small_best_fit.jpg', 'flickr_url': None, 'shelved_url': 'https://images4-g.ravelrycache.com/uploads/knitforsweet/853307916/__102__shelved.jpg', 'medium2_url': 'https://images4-a.ravelrycache.com/uploads/knitforsweet/853307916/__102__medium2.jpg', 'small2_url': 'https://images4-g.ravelrycache.com/uploads/knitforsweet/853307916/__102__small2.jpg', 'caption': None, 'caption_html': None, 'copyright_holder': ''}]"
Family Ganseys,Sandi Rosner,1239584,https://www.ravelry.com/patterns/library/family-ganseys,False,https://images4-a.ravelrycache.com/uploads/KPStaff/853318917/upload_medium2,Knitting,"['baby', 'toddler', 'child', 'teen', 'adult', 'cables', 'ribbed', 'seamed', 'crew-neck', 'long-sleeve', 'set-in-sleeve', 'buttoned', 'bottom-up', 'positive-ease', 'chart', 'written-pattern', 'worked-flat', 'in-the-round', 'twisted-stitches', 'schematic', 'male', 'female']",19.0,0.0,True,4.0,"Stockinette Stitch in the round, blocked",child,Worsted,4,0.0,"Baby 18(20, 22, 24)"" finished chest circumference, to fit sizes 0-6 mos (6-12 mos, 12-18 mos, 18-24 mos); 1-3"" positive ease. Child & Adult 27.75(32, 36.25, 39.5, 43.75)(48, 52.25, 55.5, 59.75, 64, 68.25)"" finished chest circumference; 2-4"" positive ease","[{'id': 112611771, 'sort_order': 1, 'user_id': 65419, 'x_offset': -4, 'y_offset': -2, 'square_url': 'https://images4-g.ravelrycache.com/uploads/KPStaff/853318917/upload_square', 'medium_url': 'https://images4-f.ravelrycache.com/uploads/KPStaff/853318917/upload_medium', 'thumbnail_url': 'https://images4-f.ravelrycache.com/uploads/KPStaff/853318917/upload_thumbnail', 'small_url': 'https://images4-f.ravelrycache.com/uploads/KPStaff/853318917/upload_small', 'flickr_url': None, 'shelved_url': 'https://images4-g.ravelrycache.com/uploads/KPStaff/853318917/upload_shelved', 'medium2_url': 'https://images4-a.ravelrycache.com/uploads/KPStaff/853318917/upload_medium2', 'small2_url': 'https://images4-g.ravelrycache.com/uploads/KPStaff/853318917/upload_small2', 'caption': None, 'caption_html': None, 'copyright_holder': 'Knit Picks'}, {'id': 112611772, 'sort_order': 2, 'user_id': 65419, 'x_offset': -1, 'y_offset': -35, 'square_url': 'https://images4-f.ravelrycache.com/uploads/KPStaff/853318895/upload_square', 'medium_url': 'https://images4-g.ravelrycache.com/uploads/KPStaff/853318895/upload_medium', 'thumbnail_url': 'https://images4-f.ravelrycache.com/uploads/KPStaff/853318895/upload_thumbnail', 'small_url': 'https://images4-f.ravelrycache.com/uploads/KPStaff/853318895/upload_small', 'flickr_url': None, 'shelved_url': 'https://images4-g.ravelrycache.com/uploads/KPStaff/853318895/upload_shelved', 'medium2_url': 'https://images4-a.ravelrycache.com/uploads/KPStaff/853318895/upload_medium2', 'small2_url': 'https://images4-f.ravelrycache.com/uploads/KPStaff/853318895/upload_small2', 'caption': None, 'caption_html': None, 'copyright_holder': 'Knit Picks'}, {'id': 112611773, 'sort_order': 3, 'user_id': 65419, 'x_offset': -2, 'y_offset': -32, 'square_url': 'https://images4-f.ravelrycache.com/uploads/KPStaff/853318870/upload_square', 'medium_url': 'https://images4-g.ravelrycache.com/uploads/KPStaff/853318870/upload_medium', 'thumbnail_url': 'https://images4-g.ravelrycache.com/uploads/KPStaff/853318870/upload_thumbnail', 'small_url': 'https://images4-f.ravelrycache.com/uploads/KPStaff/853318870/upload_small', 'flickr_url': None, 'shelved_url': 'https://images4-g.ravelrycache.com/uploads/KPStaff/853318870/upload_shelved', 'medium2_url': 'https://images4-a.ravelrycache.com/uploads/KPStaff/853318870/upload_medium2', 'small2_url': 'https://images4-f.ravelrycache.com/uploads/KPStaff/853318870/upload_small2', 'caption': None, 'caption_html': None, 'copyright_holder': 'Knit Picks'}, {'id': 112611774, 'sort_order': 4, 'user_id': 65419, 'x_offset': -35, 'y_offset': -1, 'square_url': 'https://images4-g.ravelrycache.com/uploads/KPStaff/853318857/upload_square', 'medium_url': 'https://images4-f.ravelrycache.com/uploads/KPStaff/853318857/upload_medium', 'thumbnail_url': 'https://images4-f.ravelrycache.com/uploads/KPStaff/853318857/upload_thumbnail', 'small_url': 'https://images4-g.ravelrycache.com/uploads/KPStaff/853318857/upload_small', 'flickr_url': None, 'shelved_url': 'https://images4-f.ravelrycache.com/uploads/KPStaff/853318857/upload_shelved', 'medium2_url': 'https://images4-a.ravelrycache.com/uploads/KPStaff/853318857/upload_medium2', 'small2_url': 'https://images4-g.ravelrycache.com/uploads/KPStaff/853318857/upload_small2', 'caption': None, 'caption_html': None, 'copyright_holder': 'Knit Picks'}, {'id': 112611775, 'sort_order': 5, 'user_id': 65419, 'x_offset': -35, 'y_offset': -1, 'square_url': 'https://images4-g.ravelrycache.com/uploads/KPStaff/853318841/upload_square', 'medium_url': 'https://images4-f.ravelrycache.com/uploads/KPStaff/853318841/upload_medium', 'thumbnail_url': 'https://images4-g.ravelrycache.com/uploads/KPStaff/853318841/upload_thumbnail', 'small_url': 'https://images4-f.ravelrycache.com/uploads/KPStaff/853318841/upload_small', 'flickr_url': None, 'shelved_url': 'https://images4-f.ravelrycache.com/uploads/KPStaff/853318841/upload_shelved', 'medium2_url': 'https://images4-a.ravelrycache.com/uploads/KPStaff/853318841/upload_medium2', 'small2_url': 'https://images4-g.ravelrycache.com/uploads/KPStaff/853318841/upload_small2', 'caption': None, 'caption_html': None, 'copyright_holder': 'Knit Picks'}, {'id': 112611776, 'sort_order': 6, 'user_id': 65419, 'x_offset': -35, 'y_offset': -1, 'square_url': 'https://images4-g.ravelrycache.com/uploads/KPStaff/853318833/upload_square', 'medium_url': 'https://images4-f.ravelrycache.com/uploads/KPStaff/853318833/upload_medium', 'thumbnail_url': 'https://images4-g.ravelrycache.com/uploads/KPStaff/853318833/upload_thumbnail', 'small_url': 'https://images4-f.ravelrycache.com/uploads/KPStaff/853318833/upload_small', 'flickr_url': None, 'shelved_url': 'https://images4-f.ravelrycache.com/uploads/KPStaff/853318833/upload_shelved', 'medium2_url': 'https://images4-a.ravelrycache.com/uploads/KPStaff/853318833/upload_medium2', 'small2_url': 'https://images4-g.ravelrycache.com/uploads/KPStaff/853318833/upload_small2', 'caption': None, 'caption_html': None, 'copyright_holder': 'Knit Picks'}, {'id': 112611777, 'sort_order': 7, 'user_id': 65419, 'x_offset': -1, 'y_offset': 1, 'square_url': 'https://images4-f.ravelrycache.com/uploads/KPStaff/853318823/upload_square', 'medium_url': 'https://images4-g.ravelrycache.com/uploads/KPStaff/853318823/upload_medium', 'thumbnail_url': 'https://images4-g.ravelrycache.com/uploads/KPStaff/853318823/upload_thumbnail', 'small_url': 'https://images4-f.ravelrycache.com/uploads/KPStaff/853318823/upload_small', 'flickr_url': None, 'shelved_url': 'https://images4-f.ravelrycache.com/uploads/KPStaff/853318823/upload_shelved', 'medium2_url': 'https://images4-a.ravelrycache.com/uploads/KPStaff/853318823/upload_medium2', 'small2_url': 'https://images4-f.ravelrycache.com/uploads/KPStaff/853318823/upload_small2', 'caption': None, 'caption_html': None, 'copyright_holder': 'Knit Picks'}, {'id': 112611778, 'sort_order': 8, 'user_id': 65419, 'x_offset': -1, 'y_offset': -16, 'square_url': 'https://images4-g.ravelrycache.com/uploads/KPStaff/853318808/upload_square', 'medium_url': 'https://images4-f.ravelrycache.com/uploads/KPStaff/853318808/upload_medium', 'thumbnail_url': 'https://images4-g.ravelrycache.com/uploads/KPStaff/853318808/upload_thumbnail', 'small_url': 'https://images4-f.ravelrycache.com/uploads/KPStaff/853318808/upload_small', 'flickr_url': None, 'shelved_url': 'https://images4-g.ravelrycache.com/uploads/KPStaff/853318808/upload_shelved', 'medium2_url': 'https://images4-a.ravelrycache.com/uploads/KPStaff/853318808/upload_medium2', 'small2_url': 'https://images4-g.ravelrycache.com/uploads/KPStaff/853318808/upload_small2', 'caption': None, 'caption_html': None, 'copyright_holder': 'Knit Picks'}]"
Rilaé,Berangere Cailliau,1239752,https://www.ravelry.com/patterns/library/rilae,False,https://images4-a.ravelrycache.com/uploads/lilofil/853453769/Rilae_12_ok_medium2.JPG,Knitting,"['female', 'teen', 'adult', 'cables', 'textured', 'icord', 'seamless', 'short-rows', 'top-down', 'positive-ease', 'chart', 'written-pattern', 'drop-sleeve', 'worked-flat', 'in-the-round', 'icord-edging', 'provisional', 'stripes-colorwork']",26.0,5.0,True,4.0,stockinette stitch,pullover,Fingering,29,4.909090909090909," S, M, L, XL, 2XL","[{'id': 112624977, 'sort_order': 1, 'user_id': 45941, 'x_offset': 0, 'y_offset': 0, 'square_url': 'https://images4-g.ravelrycache.com/uploads/lilofil/853453769/Rilae_12_ok_square.JPG', 'medium_url': 'https://images4-g.ravelrycache.com/uploads/lilofil/853453769/Rilae_12_ok_medium.JPG', 'thumbnail_url': 'https://images4-f.ravelrycache.com/uploads/lilofil/853453769/Rilae_12_ok_thumbnail.JPG', 'small_url': 'https://images4-f.ravelrycache.com/uploads/lilofil/853453769/Rilae_12_ok_small_best_fit.JPG', 'flickr_url': None, 'shelved_url': 'https://images4-f.ravelrycache.com/uploads/lilofil/853453769/Rilae_12_ok_shelved.JPG', 'medium2_url': 'https://images4-a.ravelrycache.com/uploads/lilofil/853453769/Rilae_12_ok_medium2.JPG', 'small2_url': 'https://images4-g.ravelrycache.com/uploads/lilofil/853453769/Rilae_12_ok_small2.JPG', 'caption': None, 'caption_html': None, 'copyright_holder': None}, {'id': 112624978, 'sort_order': 2, 'user_id': 45941, 'x_offset': 0, 'y_offset': 0, 'square_url': 'https://images4-g.ravelrycache.com/uploads/lilofil/853453768/Rilae_9_ok_square.JPG', 'medium_url': 'https://images4-g.ravelrycache.com/uploads/lilofil/853453768/Rilae_9_ok_medium.JPG', 'thumbnail_url': 'https://images4-g.ravelrycache.com/uploads/lilofil/853453768/Rilae_9_ok_thumbnail.JPG', 'small_url': 'https://images4-f.ravelrycache.com/uploads/lilofil/853453768/Rilae_9_ok_small_best_fit.JPG', 'flickr_url': None, 'shelved_url': 'https://images4-g.ravelrycache.com/uploads/lilofil/853453768/Rilae_9_ok_shelved.JPG', 'medium2_url': 'https://images4-a.ravelrycache.com/uploads/lilofil/853453768/Rilae_9_ok_medium2.JPG', 'small2_url': 'https://images4-g.ravelrycache.com/uploads/lilofil/853453768/Rilae_9_ok_small2.JPG', 'caption': None, 'caption_html': None, 'copyright_holder': None}, {'id': 112624979, 'sort_order': 3, 'user_id': 45941, 'x_offset': 0, 'y_offset': -1, 'square_url': 'https://images4-f.ravelrycache.com/uploads/lilofil/853453767/Rilae_8_ok_square.JPG', 'medium_url': 'https://images4-f.ravelrycache.com/uploads/lilofil/853453767/Rilae_8_ok_medium.JPG', 'thumbnail_url': 'https://images4-g.ravelrycache.com/uploads/lilofil/853453767/Rilae_8_ok_thumbnail.JPG', 'small_url': 'https://images4-g.ravelrycache.com/uploads/lilofil/853453767/Rilae_8_ok_small_best_fit.JPG', 'flickr_url': None, 'shelved_url': 'https://images4-g.ravelrycache.com/uploads/lilofil/853453767/Rilae_8_ok_shelved.JPG', 'medium2_url': 'https://images4-a.ravelrycache.com/uploads/lilofil/853453767/Rilae_8_ok_medium2.JPG', 'small2_url': 'https://images4-f.ravelrycache.com/uploads/lilofil/853453767/Rilae_8_ok_small2.JPG', 'caption': None, 'caption_html': None, 'copyright_holder': None}, {'id': 112624980, 'sort_order': 4, 'user_id': 45941, 'x_offset': 0, 'y_offset': 0, 'square_url': 'https://images4-f.ravelrycache.com/uploads/lilofil/853453774/Rilae_6_ok_square.JPG', 'medium_url': 'https://images4-f.ravelrycache.com/uploads/lilofil/853453774/Rilae_6_ok_medium.JPG', 'thumbnail_url': 'https://images4-g.ravelrycache.com/uploads/lilofil/853453774/Rilae_6_ok_thumbnail.JPG', 'small_url': 'https://images4-g.ravelrycache.com/uploads/lilofil/853453774/Rilae_6_ok_small_best_fit.JPG', 'flickr_url': None, 'shelved_url': 'https://images4-f.ravelrycache.com/uploads/lilofil/853453774/Rilae_6_ok_shelved.JPG', 'medium2_url': 'https://images4-a.ravelrycache.com/uploads/lilofil/853453774/Rilae_6_ok_medium2.JPG', 'small2_url': 'https://images4-f.ravelrycache.com/uploads/lilofil/853453774/Rilae_6_ok_small2.JPG', 'caption': None, 'caption_html': None, 'copyright_holder': None}, {'id': 112624981, 'sort_order': 5, 'user_id': 45941, 'x_offset': 0, 'y_offset': 0, 'square_url': 'https://images4-g.ravelrycache.com/uploads/lilofil/853453771/Rilae_1_ok_square.JPG', 'medium_url': 'https://images4-g.ravelrycache.com/uploads/lilofil/853453771/Rilae_1_ok_medium.JPG', 'thumbnail_url': 'https://images4-f.ravelrycache.com/uploads/lilofil/853453771/Rilae_1_ok_thumbnail.JPG', 'small_url': 'https://images4-f.ravelrycache.com/uploads/lilofil/853453771/Rilae_1_ok_small_best_fit.JPG', 'flickr_url': None, 'shelved_url': 'https://images4-g.ravelrycache.com/uploads/lilofil/853453771/Rilae_1_ok_shelved.JPG', 'medium2_url': 'https://images4-a.ravelrycache.com/uploads/lilofil/853453771/Rilae_1_ok_medium2.JPG', 'small2_url': 'https://images4-g.ravelrycache.com/uploads/lilofil/853453771/Rilae_1_ok_small2.JPG', 'caption': None, 'caption_html': None, 'copyright_holder': None}]"
Ketunpolku,Leena Ylitalo,1239754,https://www.ravelry.com/patterns/library/ketunpolku,True,https://images4-a.ravelrycache.com/uploads/villaneuleena/853570536/C81D7AF5-F819-41B6-846A-70D4A3437BCC_medium2.jpeg,Knitting,"['toddler', 'child', 'bottom-up', 'chart']",14.0,0.0,True,4.0,,child,Aran,5,0.0,92 (98–104) 110–116 (122–128) ,"[{'id': 112625211, 'sort_order': 1, 'user_id': 6045116, 'x_offset': 0, 'y_offset': -43, 'square_url': 'https://images4-g.ravelrycache.com/uploads/villaneuleena/853570536/C81D7AF5-F819-41B6-846A-70D4A3437BCC_square.jpeg', 'medium_url': 'https://images4-g.ravelrycache.com/uploads/villaneuleena/853570536/C81D7AF5-F819-41B6-846A-70D4A3437BCC_medium.jpeg', 'thumbnail_url': 'https://images4-f.ravelrycache.com/uploads/villaneuleena/853570536/C81D7AF5-F819-41B6-846A-70D4A3437BCC_thumbnail.jpeg', 'small_url': 'https://images4-g.ravelrycache.com/uploads/villaneuleena/853570536/C81D7AF5-F819-41B6-846A-70D4A3437BCC_small_best_fit.jpeg', 'flickr_url': None, 'shelved_url': 'https://images4-f.ravelrycache.com/uploads/villaneuleena/853570536/C81D7AF5-F819-41B6-846A-70D4A3437BCC_shelved.jpeg', 'medium2_url': 'https://images4-a.ravelrycache.com/uploads/villaneuleena/853570536/C81D7AF5-F819-41B6-846A-70D4A3437BCC_medium2.jpeg', 'small2_url': 'https://images4-g.ravelrycache.com/uploads/villaneuleena/853570536/C81D7AF5-F819-41B6-846A-70D4A3437BCC_small2.jpeg', 'caption': None, 'caption_html': None, 'copyright_holder': None}, {'id': 112625212, 'sort_order': 2, 'user_id': 6045116, 'x_offset': -2, 'y_offset': -35, 'square_url': 'https://images4-f.ravelrycache.com/uploads/villaneuleena/853570537/0ECFC3DF-353A-40C2-96F1-A57436085C5A_square.jpeg', 'medium_url': 'https://images4-f.ravelrycache.com/uploads/villaneuleena/853570537/0ECFC3DF-353A-40C2-96F1-A57436085C5A_medium.jpeg', 'thumbnail_url': 'https://images4-g.ravelrycache.com/uploads/villaneuleena/853570537/0ECFC3DF-353A-40C2-96F1-A57436085C5A_thumbnail.jpeg', 'small_url': 'https://images4-g.ravelrycache.com/uploads/villaneuleena/853570537/0ECFC3DF-353A-40C2-96F1-A57436085C5A_small.jpeg', 'flickr_url': None, 'shelved_url': 'https://images4-f.ravelrycache.com/uploads/villaneuleena/853570537/0ECFC3DF-353A-40C2-96F1-A57436085C5A_shelved.jpeg', 'medium2_url': 'https://images4-a.ravelrycache.com/uploads/villaneuleena/853570537/0ECFC3DF-353A-40C2-96F1-A57436085C5A_medium2.jpeg', 'small2_url': 'https://images4-f.ravelrycache.com/uploads/villaneuleena/853570537/0ECFC3DF-353A-40C2-96F1-A57436085C5A_small2.jpeg', 'caption': None, 'caption_html': None, 'copyright_holder': None}, {'id': 112625213, 'sort_order': 3, 'user_id': 6045116, 'x_offset': 0, 'y_offset': -22, 'square_url': 'https://images4-f.ravelrycache.com/uploads/villaneuleena/853570540/3D89F43F-4617-4DE3-B77C-F12B0DE1DBE8_square.jpeg', 'medium_url': 'https://images4-f.ravelrycache.com/uploads/villaneuleena/853570540/3D89F43F-4617-4DE3-B77C-F12B0DE1DBE8_medium.jpeg', 'thumbnail_url': 'https://images4-f.ravelrycache.com/uploads/villaneuleena/853570540/3D89F43F-4617-4DE3-B77C-F12B0DE1DBE8_thumbnail.jpeg', 'small_url': 'https://images4-f.ravelrycache.com/uploads/villaneuleena/853570540/3D89F43F-4617-4DE3-B77C-F12B0DE1DBE8_small_best_fit.jpeg', 'flickr_url': None, 'shelved_url': 'https://images4-g.ravelrycache.com/uploads/villaneuleena/853570540/3D89F43F-4617-4DE3-B77C-F12B0DE1DBE8_shelved.jpeg', 'medium2_url': 'https://images4-a.ravelrycache.com/uploads/villaneuleena/853570540/3D89F43F-4617-4DE3-B77C-F12B0DE1DBE8_medium2.jpeg', 'small2_url': 'https://images4-f.ravelrycache.com/uploads/villaneuleena/853570540/3D89F43F-4617-4DE3-B77C-F12B0DE1DBE8_small2.jpeg', 'caption': None, 'caption_html': None, 'copyright_holder': None}]"
Wheatfield Sweater,Vibe Ulrik,1239792,https://www.ravelry.com/patterns/library/wheatfield-sweater,False,https://images4-a.ravelrycache.com/uploads/vibeulrik/853616849/IMG_8563_medium2.JPG,Knitting,"['unisex', 'toddler', 'cables', 'circular-yoke', 'top-down', 'written-pattern', 'in-the-round']",14.0,0.0,True,4.0,Stockinette stitch,pullover,Aran,3,0.0,"1, 2, 3, 4 years old","[{'id': 112631071, 'sort_order': 1, 'user_id': 285756, 'x_offset': -2, 'y_offset': -35, 'square_url': 'https://images4-f.ravelrycache.com/uploads/vibeulrik/853616849/IMG_8563_square.JPG', 'medium_url': 'https://images4-f.ravelrycache.com/uploads/vibeulrik/853616849/IMG_8563_medium.JPG', 'thumbnail_url': 'https://images4-g.ravelrycache.com/uploads/vibeulrik/853616849/IMG_8563_thumbnail.JPG', 'small_url': 'https://images4-g.ravelrycache.com/uploads/vibeulrik/853616849/IMG_8563_small.JPG', 'flickr_url': None, 'shelved_url': 'https://images4-f.ravelrycache.com/uploads/vibeulrik/853616849/IMG_8563_shelved.JPG', 'medium2_url': 'https://images4-a.ravelrycache.com/uploads/vibeulrik/853616849/IMG_8563_medium2.JPG', 'small2_url': 'https://images4-f.ravelrycache.com/uploads/vibeulrik/853616849/IMG_8563_small2.JPG', 'caption': None, 'caption_html': None, 'copyright_holder': None}, {'id': 112631076, 'sort_order': 2, 'user_id': 285756, 'x_offset': 0, 'y_offset': -16, 'square_url': 'https://images4-g.ravelrycache.com/uploads/vibeulrik/853616888/IMG_8485_square.jpg', 'medium_url': 'https://images4-g.ravelrycache.com/uploads/vibeulrik/853616888/IMG_8485_medium.jpg', 'thumbnail_url': 'https://images4-g.ravelrycache.com/uploads/vibeulrik/853616888/IMG_8485_thumbnail.jpg', 'small_url': 'https://images4-f.ravelrycache.com/uploads/vibeulrik/853616888/IMG_8485_small_best_fit.jpg', 'flickr_url': None, 'shelved_url': 'https://images4-g.ravelrycache.com/uploads/vibeulrik/853616888/IMG_8485_shelved.jpg', 'medium2_url': 'https://images4-a.ravelrycache.com/uploads/vibeulrik/853616888/IMG_8485_medium2.jpg', 'small2_url': 'https://images4-g.ravelrycache.com/uploads/vibeulrik/853616888/IMG_8485_small2.jpg', 'caption': None, 'caption_html': None, 'copyright_holder': None}, {'id': 112627785, 'sort_order': 3, 'user_id': 285756, 'x_offset': -5, 'y_offset': -35, 'square_url': 'https://images4-g.ravelrycache.com/uploads/vibeulrik/853589508/IMG_8905_kopi_square.jpg', 'medium_url': 'https://images4-g.ravelrycache.com/uploads/vibeulrik/853589508/IMG_8905_kopi_medium.jpg', 'thumbnail_url': 'https://images4-f.ravelrycache.com/uploads/vibeulrik/853589508/IMG_8905_kopi_thumbnail.jpg', 'small_url': 'https://images4-g.ravelrycache.com/uploads/vibeulrik/853589508/IMG_8905_kopi_small.jpg', 'flickr_url': None, 'shelved_url': 'https://images4-f.ravelrycache.com/uploads/vibeulrik/853589508/IMG_8905_kopi_shelved.jpg', 'medium2_url': 'https://images4-a.ravelrycache.com/uploads/vibeulrik/853589508/IMG_8905_kopi_medium2.jpg', 'small2_url': 'https://images4-g.ravelrycache.com/uploads/vibeulrik/853589508/IMG_8905_kopi_small2.jpg', 'caption': None, 'caption_html': None, 'copyright_holder': None}, {'id': 112627786, 'sort_order': 4, 'user_id': 285756, 'x_offset': -5, 'y_offset': -35, 'square_url': 'https://images4-g.ravelrycache.com/uploads/vibeulrik/853589454/IMG_8911_kopi_square.jpg', 'medium_url': 'https://images4-g.ravelrycache.com/uploads/vibeulrik/853589454/IMG_8911_kopi_medium.jpg', 'thumbnail_url': 'https://images4-g.ravelrycache.com/uploads/vibeulrik/853589454/IMG_8911_kopi_thumbnail.jpg', 'small_url': 'https://images4-f.ravelrycache.com/uploads/vibeulrik/853589454/IMG_8911_kopi_small.jpg', 'flickr_url': None, 'shelved_url': 'https://images4-f.ravelrycache.com/uploads/vibeulrik/853589454/IMG_8911_kopi_shelved.jpg', 'medium2_url': 'https://images4-a.ravelrycache.com/uploads/vibeulrik/853589454/IMG_8911_kopi_medium2.jpg', 'small2_url': 'https://images4-g.ravelrycache.com/uploads/vibeulrik/853589454/IMG_8911_kopi_small2.jpg', 'caption': None, 'caption_html': None, 'copyright_holder': None}]"
232-13 Dream in Rose,DROPS design,1240010,https://www.ravelry.com/patterns/library/232-13-dream-in-rose,True,https://images4-a.ravelrycache.com/uploads/Drops/853728131/13c-2_medium2.jpg,Knitting,"['female', 'teen', 'adult', 'plus', 'seamed', 'crew-neck', 'sleeves', 'short-sleeve', 'bottom-up', 'written-pattern', 'video-tutorial', 'modified-drop-sleeve', 'cuffed-sleeve', 'worked-flat', 'schematic']",17.0,0.0,True,4.0,stocking stitch with larger needles,pullover,Aran,8,0.0,S – M – L – XL – XXL – XXXL,"[{'id': 112644999, 'sort_order': 1, 'user_id': 32910, 'x_offset': 0, 'y_offset': -51, 'square_url': 'https://images4-f.ravelrycache.com/uploads/Drops/853728131/13c-2_square.jpg', 'medium_url': 'https://images4-f.ravelrycache.com/uploads/Drops/853728131/13c-2_medium.jpg', 'thumbnail_url': 'https://images4-f.ravelrycache.com/uploads/Drops/853728131/13c-2_thumbnail.jpg', 'small_url': 'https://images4-g.ravelrycache.com/uploads/Drops/853728131/13c-2_small_best_fit.jpg', 'flickr_url': None, 'shelved_url': 'https://images4-f.ravelrycache.com/uploads/Drops/853728131/13c-2_shelved.jpg', 'medium2_url': 'https://images4-a.ravelrycache.com/uploads/Drops/853728131/13c-2_medium2.jpg', 'small2_url': 'https://images4-f.ravelrycache.com/uploads/Drops/853728131/13c-2_small2.jpg', 'caption': None, 'caption_html': None, 'copyright_holder': None}, {'id': 112644998, 'sort_order': 2, 'user_id': 32910, 'x_offset': -3, 'y_offset': -34, 'square_url': 'https://images4-g.ravelrycache.com/uploads/Drops/853728129/13b-2_square.jpg', 'medium_url': 'https://images4-g.ravelrycache.com/uploads/Drops/853728129/13b-2_medium.jpg', 'thumbnail_url': 'https://images4-g.ravelrycache.com/uploads/Drops/853728129/13b-2_thumbnail.jpg', 'small_url': 'https://images4-g.ravelrycache.com/uploads/Drops/853728129/13b-2_small_best_fit.jpg', 'flickr_url': None, 'shelved_url': 'https://images4-f.ravelrycache.com/uploads/Drops/853728129/13b-2_shelved.jpg', 'medium2_url': 'https://images4-a.ravelrycache.com/uploads/Drops/853728129/13b-2_medium2.jpg', 'small2_url': 'https://images4-g.ravelrycache.com/uploads/Drops/853728129/13b-2_small2.jpg', 'caption': None, 'caption_html': None, 'copyright_holder': None}, {'id': 112644997, 'sort_order': 3, 'user_id': 32910, 'x_offset': 0, 'y_offset': -47, 'square_url': 'https://images4-f.ravelrycache.com/uploads/Drops/853728132/13-2_square.jpg', 'medium_url': 'https://images4-f.ravelrycache.com/uploads/Drops/853728132/13-2_medium.jpg', 'thumbnail_url': 'https://images4-f.ravelrycache.com/uploads/Drops/853728132/13-2_thumbnail.jpg', 'small_url': 'https://images4-f.ravelrycache.com/uploads/Drops/853728132/13-2_small_best_fit.jpg', 'flickr_url': None, 'shelved_url': 'https://images4-g.ravelrycache.com/uploads/Drops/853728132/13-2_shelved.jpg', 'medium2_url': 'https://images4-a.ravelrycache.com/uploads/Drops/853728132/13-2_medium2.jpg', 'small2_url': 'https://images4-f.ravelrycache.com/uploads/Drops/853728132/13-2_small2.jpg', 'caption': None, 'caption_html': None, 'copyright_holder': None}, {'id': 112645000, 'sort_order': 4, 'user_id': 32910, 'x_offset': 0, 'y_offset': -47, 'square_url': 'https://images4-g.ravelrycache.com/uploads/Drops/853728128/13d-2_square.jpg', 'medium_url': 'https://images4-g.ravelrycache.com/uploads/Drops/853728128/13d-2_medium.jpg', 'thumbnail_url': 'https://images4-f.ravelrycache.com/uploads/Drops/853728128/13d-2_thumbnail.jpg', 'small_url': 'https://images4-f.ravelrycache.com/uploads/Drops/853728128/13d-2_small_best_fit.jpg', 'flickr_url': None, 'shelved_url': 'https://images4-g.ravelrycache.com/uploads/Drops/853728128/13d-2_shelved.jpg', 'medium2_url': 'https://images4-a.ravelrycache.com/uploads/Drops/853728128/13d-2_medium2.jpg', 'small2_url': 'https://images4-g.ravelrycache.com/uploads/Drops/853728128/13d-2_small2.jpg', 'caption': None, 'caption_html': None, 'copyright_holder': None}, {'id': 112645001, 'sort_order': 5, 'user_id': 32910, 'x_offset': 0, 'y_offset': -47, 'square_url': 'https://images4-f.ravelrycache.com/uploads/Drops/853728130/13e-2_square.jpg', 'medium_url': 'https://images4-f.ravelrycache.com/uploads/Drops/853728130/13e-2_medium.jpg', 'thumbnail_url': 'https://images4-g.ravelrycache.com/uploads/Drops/853728130/13e-2_thumbnail.jpg', 'small_url': 'https://images4-f.ravelrycache.com/uploads/Drops/853728130/13e-2_small_best_fit.jpg', 'flickr_url': None, 'shelved_url': 'https://images4-g.ravelrycache.com/uploads/Drops/853728130/13e-2_shelved.jpg', 'medium2_url': 'https://images4-a.ravelrycache.com/uploads/Drops/853728130/13e-2_medium2.jpg', 'small2_url': 'https://images4-f.ravelrycache.com/uploads/Drops/853728130/13e-2_small2.jpg', 'caption': None, 'caption_html': None, 'copyright_holder': None}]"
Eucalipto Sweater,Felipe Sepúlveda,1240244,https://www.ravelry.com/patterns/library/eucalipto-sweater,False,https://images4-a.ravelrycache.com/uploads/MisterWool/853558771/DSC_0689_6-01-01_medium2.jpeg,Knitting,"['unisex', 'adult', 'cables', 'elastic', 'top-down', 'positive-ease', 'written-pattern', 'in-the-round', 'male', 'female']",20.0,2.3333333333333335,True,4.0,,pullover,Fingering,8,5.0,"Busto: (85,90)(95,100)(105,110)(115,120) cm. / (A,B)(C,D)(E,F)(G,H).","[{'id': 112664445, 'sort_order': 1, 'user_id': 7440135, 'x_offset': -22, 'y_offset': 0, 'square_url': 'https://images4-f.ravelrycache.com/uploads/MisterWool/853558771/DSC_0689_6-01-01_square.jpeg', 'medium_url': 'https://images4-f.ravelrycache.com/uploads/MisterWool/853558771/DSC_0689_6-01-01_medium.jpeg', 'thumbnail_url': 'https://images4-g.ravelrycache.com/uploads/MisterWool/853558771/DSC_0689_6-01-01_thumbnail.jpeg', 'small_url': 'https://images4-f.ravelrycache.com/uploads/MisterWool/853558771/DSC_0689_6-01-01_small_best_fit.jpeg', 'flickr_url': None, 'shelved_url': 'https://images4-f.ravelrycache.com/uploads/MisterWool/853558771/DSC_0689_6-01-01_shelved.jpeg', 'medium2_url': 'https://images4-a.ravelrycache.com/uploads/MisterWool/853558771/DSC_0689_6-01-01_medium2.jpeg', 'small2_url': 'https://images4-f.ravelrycache.com/uploads/MisterWool/853558771/DSC_0689_6-01-01_small2.jpeg', 'caption': None, 'caption_html': None, 'copyright_holder': None}, {'id': 112664446, 'sort_order': 2, 'user_id': 7440135, 'x_offset': -22, 'y_offset': 0, 'square_url': 'https://images4-f.ravelrycache.com/uploads/MisterWool/853558774/DSC_0701_5-01-02_square.jpeg', 'medium_url': 'https://images4-f.ravelrycache.com/uploads/MisterWool/853558774/DSC_0701_5-01-02_medium.jpeg', 'thumbnail_url': 'https://images4-g.ravelrycache.com/uploads/MisterWool/853558774/DSC_0701_5-01-02_thumbnail.jpeg', 'small_url': 'https://images4-f.ravelrycache.com/uploads/MisterWool/853558774/DSC_0701_5-01-02_small_best_fit.jpeg', 'flickr_url': None, 'shelved_url': 'https://images4-g.ravelrycache.com/uploads/MisterWool/853558774/DSC_0701_5-01-02_shelved.jpeg', 'medium2_url': 'https://images4-a.ravelrycache.com/uploads/MisterWool/853558774/DSC_0701_5-01-02_medium2.jpeg', 'small2_url': 'https://images4-f.ravelrycache.com/uploads/MisterWool/853558774/DSC_0701_5-01-02_small2.jpeg', 'caption': None, 'caption_html': None, 'copyright_holder': None}, {'id': 112664447, 'sort_order': 3, 'user_id': 7440135, 'x_offset': -22, 'y_offset': 0, 'square_url': 'https://images4-g.ravelrycache.com/uploads/MisterWool/853558772/DSC_0694_5-01_square.jpeg', 'medium_url': 'https://images4-g.ravelrycache.com/uploads/MisterWool/853558772/DSC_0694_5-01_medium.jpeg', 'thumbnail_url': 'https://images4-f.ravelrycache.com/uploads/MisterWool/853558772/DSC_0694_5-01_thumbnail.jpeg', 'small_url': 'https://images4-g.ravelrycache.com/uploads/MisterWool/853558772/DSC_0694_5-01_small_best_fit.jpeg', 'flickr_url': None, 'shelved_url': 'https://images4-g.ravelrycache.com/uploads/MisterWool/853558772/DSC_0694_5-01_shelved.jpeg', 'medium2_url': 'https://images4-a.ravelrycache.com/uploads/MisterWool/853558772/DSC_0694_5-01_medium2.jpeg', 'small2_url': 'https://images4-g.ravelrycache.com/uploads/MisterWool/853558772/DSC_0694_5-01_small2.jpeg', 'caption': None, 'caption_html': None, 'copyright_holder': None}, {'id': 112664448, 'sort_order': 4, 'user_id': 7440135, 'x_offset': -22, 'y_offset': 0, 'square_url': 'https://images4-g.ravelrycache.com/uploads/MisterWool/853558770/DSC_0676_4-01_square.jpeg', 'medium_url': 'https://images4-g.ravelrycache.com/uploads/MisterWool/853558770/DSC_0676_4-01_medium.jpeg', 'thumbnail_url': 'https://images4-g.ravelrycache.com/uploads/MisterWool/853558770/DSC_0676_4-01_thumbnail.jpeg', 'small_url': 'https://images4-f.ravelrycache.com/uploads/MisterWool/853558770/DSC_0676_4-01_small_best_fit.jpeg', 'flickr_url': None, 'shelved_url': 'https://images4-g.ravelrycache.com/uploads/MisterWool/853558770/DSC_0676_4-01_shelved.jpeg', 'medium2_url': 'https://images4-a.ravelrycache.com/uploads/MisterWool/853558770/DSC_0676_4-01_medium2.jpeg', 'small2_url': 'https://images4-g.ravelrycache.com/uploads/MisterWool/853558770/DSC_0676_4-01_small2.jpeg', 'caption': None, 'caption_html': None, 'copyright_holder': None}, {'id': 112664449, 'sort_order': 5, 'user_id': 7440135, 'x_offset': -43, 'y_offset': 0, 'square_url': 'https://images4-g.ravelrycache.com/uploads/MisterWool/853558769/DSC_0672_5-01_square.jpeg', 'medium_url': 'https://images4-g.ravelrycache.com/uploads/MisterWool/853558769/DSC_0672_5-01_medium.jpeg', 'thumbnail_url': 'https://images4-g.ravelrycache.com/uploads/MisterWool/853558769/DSC_0672_5-01_thumbnail.jpeg', 'small_url': 'https://images4-g.ravelrycache.com/uploads/MisterWool/853558769/DSC_0672_5-01_small_best_fit.jpeg', 'flickr_url': None, 'shelved_url': 'https://images4-g.ravelrycache.com/uploads/MisterWool/853558769/DSC_0672_5-01_shelved.jpeg', 'medium2_url': 'https://images4-a.ravelrycache.com/uploads/MisterWool/853558769/DSC_0672_5-01_medium2.jpeg', 'small2_url': 'https://images4-g.ravelrycache.com/uploads/MisterWool/853558769/DSC_0672_5-01_small2.jpeg', 'caption': None, 'caption_html': None, 'copyright_holder': None}, {'id': 112664450, 'sort_order': 6, 'user_id': 7440135, 'x_offset': -22, 'y_offset': 0, 'square_url': 'https://images4-g.ravelrycache.com/uploads/MisterWool/853558768/DSC_0650_4-02_square.jpeg', 'medium_url': 'https://images4-g.ravelrycache.com/uploads/MisterWool/853558768/DSC_0650_4-02_medium.jpeg', 'thumbnail_url': 'https://images4-g.ravelrycache.com/uploads/MisterWool/853558768/DSC_0650_4-02_thumbnail.jpeg', 'small_url': 'https://images4-g.ravelrycache.com/uploads/MisterWool/853558768/DSC_0650_4-02_small_best_fit.jpeg', 'flickr_url': None, 'shelved_url': 'https://images4-g.ravelrycache.com/uploads/MisterWool/853558768/DSC_0650_4-02_shelved.jpeg', 'medium2_url': 'https://images4-a.ravelrycache.com/uploads/MisterWool/853558768/DSC_0650_4-02_medium2.jpeg', 'small2_url': 'https://images4-g.ravelrycache.com/uploads/MisterWool/853558768/DSC_0650_4-02_small2.jpeg', 'caption': None, 'caption_html': None, 'copyright_holder': None}, {'id': 112664451, 'sort_order': 7, 'user_id': 7440135, 'x_offset': -22, 'y_offset': 0, 'square_url': 'https://images4-g.ravelrycache.com/uploads/MisterWool/853558926/EFC813B7-C0C1-442F-B442-357F89970EE6-02_square.jpeg', 'medium_url': 'https://images4-g.ravelrycache.com/uploads/MisterWool/853558926/EFC813B7-C0C1-442F-B442-357F89970EE6-02_medium.jpeg', 'thumbnail_url': 'https://images4-f.ravelrycache.com/uploads/MisterWool/853558926/EFC813B7-C0C1-442F-B442-357F89970EE6-02_thumbnail.jpeg', 'small_url': 'https://images4-g.ravelrycache.com/uploads/MisterWool/853558926/EFC813B7-C0C1-442F-B442-357F89970EE6-02_small_best_fit.jpeg', 'flickr_url': None, 'shelved_url': 'https://images4-f.ravelrycache.com/uploads/MisterWool/853558926/EFC813B7-C0C1-442F-B442-357F89970EE6-02_shelved.jpeg', 'medium2_url': 'https://images4-a.ravelrycache.com/uploads/MisterWool/853558926/EFC813B7-C0C1-442F-B442-357F89970EE6-02_medium2.jpeg', 'small2_url': 'https://images4-g.ravelrycache.com/uploads/MisterWool/853558926/EFC813B7-C0C1-442F-B442-357F89970EE6-02_small2.jpeg', 'caption': None, 'caption_html': None, 'copyright_holder': None}, {'id': 112664452, 'sort_order': 8, 'user_id': 7440135, 'x_offset': -22, 'y_offset': -1, 'square_url': 'https://images4-f.ravelrycache.com/uploads/MisterWool/853883947/C1540851-02E4-40A3-A05F-446364F220B0-01_square.jpeg', 'medium_url': 'https://images4-f.ravelrycache.com/uploads/MisterWool/853883947/C1540851-02E4-40A3-A05F-446364F220B0-01_medium.jpeg', 'thumbnail_url': 'https://images4-f.ravelrycache.com/uploads/MisterWool/853883947/C1540851-02E4-40A3-A05F-446364F220B0-01_thumbnail.jpeg', 'small_url': 'https://images4-g.ravelrycache.com/uploads/MisterWool/853883947/C1540851-02E4-40A3-A05F-446364F220B0-01_small_best_fit.jpeg', 'flickr_url': None, 'shelved_url': 'https://images4-g.ravelrycache.com/uploads/MisterWool/853883947/C1540851-02E4-40A3-A05F-446364F220B0-01_shelved.jpeg', 'medium2_url': 'https://images4-a.ravelrycache.com/uploads/MisterWool/853883947/C1540851-02E4-40A3-A05F-446364F220B0-01_medium2.jpeg', 'small2_url': 'https://images4-f.ravelrycache.com/uploads/MisterWool/853883947/C1540851-02E4-40A3-A05F-446364F220B0-01_small2.jpeg', 'caption': None, 'caption_html': None, 'copyright_holder': None}, {'id': 112664453, 'sort_order': 9, 'user_id': 7440135, 'x_offset': -22, 'y_offset': 0, 'square_url': 'https://images4-g.ravelrycache.com/uploads/MisterWool/853883969/F3EEF511-4984-4454-98CC-93C3570800FB-01_square.jpeg', 'medium_url': 'https://images4-g.ravelrycache.com/uploads/MisterWool/853883969/F3EEF511-4984-4454-98CC-93C3570800FB-01_medium.jpeg', 'thumbnail_url': 'https://images4-g.ravelrycache.com/uploads/MisterWool/853883969/F3EEF511-4984-4454-98CC-93C3570800FB-01_thumbnail.jpeg', 'small_url': 'https://images4-g.ravelrycache.com/uploads/MisterWool/853883969/F3EEF511-4984-4454-98CC-93C3570800FB-01_small_best_fit.jpeg', 'flickr_url': None, 'shelved_url': 'https://images4-f.ravelrycache.com/uploads/MisterWool/853883969/F3EEF511-4984-4454-98CC-93C3570800FB-01_shelved.jpeg', 'medium2_url': 'https://images4-a.ravelrycache.com/uploads/MisterWool/853883969/F3EEF511-4984-4454-98CC-93C3570800FB-01_medium2.jpeg', 'small2_url': 'https://images4-g.ravelrycache.com/uploads/MisterWool/853883969/F3EEF511-4984-4454-98CC-93C3570800FB-01_small2.jpeg', 'caption': None, 'caption_html': None, 'copyright_holder': None}, {'id': 112664454, 'sort_order': 10, 'user_id': 7440135, 'x_offset': -22, 'y_offset': 0, 'square_url': 'https://images4-f.ravelrycache.com/uploads/MisterWool/853883919/019DEAEF-A98F-4C41-9E0E-9430C98467BC-01_square.jpeg', 'medium_url': 'https://images4-f.ravelrycache.com/uploads/MisterWool/853883919/019DEAEF-A98F-4C41-9E0E-9430C98467BC-01_medium.jpeg', 'thumbnail_url': 'https://images4-g.ravelrycache.com/uploads/MisterWool/853883919/019DEAEF-A98F-4C41-9E0E-9430C98467BC-01_thumbnail.jpeg', 'small_url': 'https://images4-f.ravelrycache.com/uploads/MisterWool/853883919/019DEAEF-A98F-4C41-9E0E-9430C98467BC-01_small_best_fit.jpeg', 'flickr_url': None, 'shelved_url': 'https://images4-g.ravelrycache.com/uploads/MisterWool/853883919/019DEAEF-A98F-4C41-9E0E-9430C98467BC-01_shelved.jpeg', 'medium2_url': 'https://images4-a.ravelrycache.com/uploads/MisterWool/853883919/019DEAEF-A98F-4C41-9E0E-9430C98467BC-01_medium2.jpeg', 'small2_url': 'https://images4-f.ravelrycache.com/uploads/MisterWool/853883919/019DEAEF-A98F-4C41-9E0E-9430C98467BC-01_small2.jpeg', 'caption': None, 'caption_html': None, 'copyright_holder': None}, {'id': 112664455, 'sort_order': 11, 'user_id': 7440135, 'x_offset': 0, 'y_offset': -22, 'square_url': 'https://images4-f.ravelrycache.com/uploads/MisterWool/853558776/DSC_0961_4__1_-01_square.jpeg', 'medium_url': 'https://images4-f.ravelrycache.com/uploads/MisterWool/853558776/DSC_0961_4__1_-01_medium.jpeg', 'thumbnail_url': 'https://images4-g.ravelrycache.com/uploads/MisterWool/853558776/DSC_0961_4__1_-01_thumbnail.jpeg', 'small_url': 'https://images4-g.ravelrycache.com/uploads/MisterWool/853558776/DSC_0961_4__1_-01_small_best_fit.jpeg', 'flickr_url': None, 'shelved_url': 'https://images4-g.ravelrycache.com/uploads/MisterWool/853558776/DSC_0961_4__1_-01_shelved.jpeg', 'medium2_url': 'https://images4-a.ravelrycache.com/uploads/MisterWool/853558776/DSC_0961_4__1_-01_medium2.jpeg', 'small2_url': 'https://images4-f.ravelrycache.com/uploads/MisterWool/853558776/DSC_0961_4__1_-01_small2.jpeg', 'caption': None, 'caption_html': None, 'copyright_holder': None}, {'id': 112664456, 'sort_order': 12, 'user_id': 7440135, 'x_offset': 0, 'y_offset': -43, 'square_url': 'https://images4-g.ravelrycache.com/uploads/MisterWool/853558778/DSC_0977_4-01_square.jpeg', 'medium_url': 'https://images4-g.ravelrycache.com/uploads/MisterWool/853558778/DSC_0977_4-01_medium.jpeg', 'thumbnail_url': 'https://images4-g.ravelrycache.com/uploads/MisterWool/853558778/DSC_0977_4-01_thumbnail.jpeg', 'small_url': 'https://images4-g.ravelrycache.com/uploads/MisterWool/853558778/DSC_0977_4-01_small_best_fit.jpeg', 'flickr_url': None, 'shelved_url': 'https://images4-f.ravelrycache.com/uploads/MisterWool/853558778/DSC_0977_4-01_shelved.jpeg', 'medium2_url': 'https://images4-a.ravelrycache.com/uploads/MisterWool/853558778/DSC_0977_4-01_medium2.jpeg', 'small2_url': 'https://images4-g.ravelrycache.com/uploads/MisterWool/853558778/DSC_0977_4-01_small2.jpeg', 'caption': None, 'caption_html': None, 'copyright_holder': None}, {'id': 112664457, 'sort_order': 13, 'user_id': 7440135, 'x_offset': 0, 'y_offset': -22, 'square_url': 'https://images4-g.ravelrycache.com/uploads/MisterWool/853558780/DSC_0913_4-01_square.jpeg', 'medium_url': 'https://images4-g.ravelrycache.com/uploads/MisterWool/853558780/DSC_0913_4-01_medium.jpeg', 'thumbnail_url': 'https://images4-f.ravelrycache.com/uploads/MisterWool/853558780/DSC_0913_4-01_thumbnail.jpeg', 'small_url': 'https://images4-g.ravelrycache.com/uploads/MisterWool/853558780/DSC_0913_4-01_small_best_fit.jpeg', 'flickr_url': None, 'shelved_url': 'https://images4-f.ravelrycache.com/uploads/MisterWool/853558780/DSC_0913_4-01_shelved.jpeg', 'medium2_url': 'https://images4-a.ravelrycache.com/uploads/MisterWool/853558780/DSC_0913_4-01_medium2.jpeg', 'small2_url': 'https://images4-g.ravelrycache.com/uploads/MisterWool/853558780/DSC_0913_4-01_small2.jpeg', 'caption': None, 'caption_html': None, 'copyright_holder': None}, {'id': 112664458, 'sort_order': 14, 'user_id': 7440135, 'x_offset': 0, 'y_offset': -22, 'square_url': 'https://images4-f.ravelrycache.com/uploads/MisterWool/853558884/DSC_0957_4-01_square.jpeg', 'medium_url': 'https://images4-f.ravelrycache.com/uploads/MisterWool/853558884/DSC_0957_4-01_medium.jpeg', 'thumbnail_url': 'https://images4-g.ravelrycache.com/uploads/MisterWool/853558884/DSC_0957_4-01_thumbnail.jpeg', 'small_url': 'https://images4-f.ravelrycache.com/uploads/MisterWool/853558884/DSC_0957_4-01_small_best_fit.jpeg', 'flickr_url': None, 'shelved_url': 'https://images4-g.ravelrycache.com/uploads/MisterWool/853558884/DSC_0957_4-01_shelved.jpeg', 'medium2_url': 'https://images4-a.ravelrycache.com/uploads/MisterWool/853558884/DSC_0957_4-01_medium2.jpeg', 'small2_url': 'https://images4-f.ravelrycache.com/uploads/MisterWool/853558884/DSC_0957_4-01_small2.jpeg', 'caption': None, 'caption_html': None, 'copyright_holder': None}]"
Happy Unicorn Sweater,Esti Juango,1240335,https://www.ravelry.com/patterns/library/happy-unicorn-sweater,False,https://images4-a.ravelrycache.com/uploads/Ileradebu/835880760/1643834882708_medium2.jpeg,Knitting,"['toddler', 'child', 'Intarsia', 'bottom-up', 'written-pattern', 'video-tutorial', 'worked-flat', 'schematic']",18.0,3.25,True,4.0,Stockinette stitch,child,DK,27,4.5,"2 (4, 6, 8, 10, 12) years","[{'id': 112674788, 'sort_order': 1, 'user_id': 4922437, 'x_offset': 0, 'y_offset': -22, 'square_url': 'https://images4-g.ravelrycache.com/uploads/Ileradebu/835880760/1643834882708_square.jpeg', 'medium_url': 'https://images4-g.ravelrycache.com/uploads/Ileradebu/835880760/1643834882708_medium.jpeg', 'thumbnail_url': 'https://images4-f.ravelrycache.com/uploads/Ileradebu/835880760/1643834882708_thumbnail.jpeg', 'small_url': 'https://images4-g.ravelrycache.com/uploads/Ileradebu/835880760/1643834882708_small_best_fit.jpeg', 'flickr_url': None, 'shelved_url': 'https://images4-g.ravelrycache.com/uploads/Ileradebu/835880760/1643834882708_shelved.jpeg', 'medium2_url': 'https://images4-a.ravelrycache.com/uploads/Ileradebu/835880760/1643834882708_medium2.jpeg', 'small2_url': 'https://images4-g.ravelrycache.com/uploads/Ileradebu/835880760/1643834882708_small2.jpeg', 'caption': None, 'caption_html': None, 'copyright_holder': None}, {'id': 120102435, 'sort_order': 2, 'user_id': 90221, 'x_offset': -5, 'y_offset': -35, 'square_url': 'https://images4-f.ravelrycache.com/uploads/smaychel/849922957/20220413_111216_square.jpg', 'medium_url': 'https://images4-g.ravelrycache.com/uploads/smaychel/849922957/20220413_111216_medium.jpg', 'thumbnail_url': 'https://images4-f.ravelrycache.com/uploads/smaychel/849922957/20220413_111216_thumbnail.jpg', 'small_url': 'https://images4-g.ravelrycache.com/uploads/smaychel/849922957/20220413_111216_small.jpg', 'flickr_url': None, 'shelved_url': 'https://images4-f.ravelrycache.com/uploads/smaychel/849922957/20220413_111216_shelved.jpg', 'medium2_url': 'https://images4-a.ravelrycache.com/uploads/smaychel/849922957/20220413_111216_medium2.jpg', 'small2_url': 'https://images4-f.ravelrycache.com/uploads/smaychel/849922957/20220413_111216_small2.jpg', 'caption': None, 'caption_html': None, 'copyright_holder': None}, {'id': 120086142, 'sort_order': 3, 'user_id': 5125041, 'x_offset': 0, 'y_offset': 0, 'square_url': 'https://images4-g.ravelrycache.com/uploads/menrry/845180863/IMG_20220317_160235_square.jpg', 'medium_url': 'https://images4-f.ravelrycache.com/uploads/menrry/845180863/IMG_20220317_160235_medium.jpg', 'thumbnail_url': 'https://images4-g.ravelrycache.com/uploads/menrry/845180863/IMG_20220317_160235_thumbnail.jpg', 'small_url': 'https://images4-f.ravelrycache.com/uploads/menrry/845180863/IMG_20220317_160235_small_best_fit.jpg', 'flickr_url': None, 'shelved_url': 'https://images4-g.ravelrycache.com/uploads/menrry/845180863/IMG_20220317_160235_shelved.jpg', 'medium2_url': 'https://images4-a.ravelrycache.com/uploads/menrry/845180863/IMG_20220317_160235_medium2.jpg', 'small2_url': 'https://images4-g.ravelrycache.com/uploads/menrry/845180863/IMG_20220317_160235_small2.jpg', 'caption': None, 'caption_html': None, 'copyright_holder': None}, {'id': 112674789, 'sort_order': 4, 'user_id': 4922437, 'x_offset': -5, 'y_offset': -35, 'square_url': 'https://images4-f.ravelrycache.com/uploads/Ileradebu/835880765/Knitting_pattern_unicorn_patron_punto_dos_agujas_unicornio_6_square.jpeg', 'medium_url': 'https://images4-f.ravelrycache.com/uploads/Ileradebu/835880765/Knitting_pattern_unicorn_patron_punto_dos_agujas_unicornio_6_medium.jpeg', 'thumbnail_url': 'https://images4-g.ravelrycache.com/uploads/Ileradebu/835880765/Knitting_pattern_unicorn_patron_punto_dos_agujas_unicornio_6_thumbnail.jpeg', 'small_url': 'https://images4-f.ravelrycache.com/uploads/Ileradebu/835880765/Knitting_pattern_unicorn_patron_punto_dos_agujas_unicornio_6_small.jpeg', 'flickr_url': None, 'shelved_url': 'https://images4-f.ravelrycache.com/uploads/Ileradebu/835880765/Knitting_pattern_unicorn_patron_punto_dos_agujas_unicornio_6_shelved.jpeg', 'medium2_url': 'https://images4-a.ravelrycache.com/uploads/Ileradebu/835880765/Knitting_pattern_unicorn_patron_punto_dos_agujas_unicornio_6_medium2.jpeg', 'small2_url': 'https://images4-f.ravelrycache.com/uploads/Ileradebu/835880765/Knitting_pattern_unicorn_patron_punto_dos_agujas_unicornio_6_small2.jpeg', 'caption': None, 'caption_html': None, 'copyright_holder': None}, {'id': 112674790, 'sort_order': 5, 'user_id': 4922437, 'x_offset': -5, 'y_offset': -35, 'square_url': 'https://images4-g.ravelrycache.com/uploads/Ileradebu/835880766/Knitting_pattern_unicorn_patron_punto_dos_agujas_unicornio_5_square.jpeg', 'medium_url': 'https://images4-g.ravelrycache.com/uploads/Ileradebu/835880766/Knitting_pattern_unicorn_patron_punto_dos_agujas_unicornio_5_medium.jpeg', 'thumbnail_url': 'https://images4-f.ravelrycache.com/uploads/Ileradebu/835880766/Knitting_pattern_unicorn_patron_punto_dos_agujas_unicornio_5_thumbnail.jpeg', 'small_url': 'https://images4-g.ravelrycache.com/uploads/Ileradebu/835880766/Knitting_pattern_unicorn_patron_punto_dos_agujas_unicornio_5_small.jpeg', 'flickr_url': None, 'shelved_url': 'https://images4-g.ravelrycache.com/uploads/Ileradebu/835880766/Knitting_pattern_unicorn_patron_punto_dos_agujas_unicornio_5_shelved.jpeg', 'medium2_url': 'https://images4-a.ravelrycache.com/uploads/Ileradebu/835880766/Knitting_pattern_unicorn_patron_punto_dos_agujas_unicornio_5_medium2.jpeg', 'small2_url': 'https://images4-g.ravelrycache.com/uploads/Ileradebu/835880766/Knitting_pattern_unicorn_patron_punto_dos_agujas_unicornio_5_small2.jpeg', 'caption': None, 'caption_html': None, 'copyright_holder': None}, {'id': 112674791, 'sort_order': 6, 'user_id': 4922437, 'x_offset': -5, 'y_offset': -35, 'square_url': 'https://images4-g.ravelrycache.com/uploads/Ileradebu/835880762/Knitting_pattern_unicorn_patron_punto_dos_agujas_unicornio_4_square.jpeg', 'medium_url': 'https://images4-g.ravelrycache.com/uploads/Ileradebu/835880762/Knitting_pattern_unicorn_patron_punto_dos_agujas_unicornio_4_medium.jpeg', 'thumbnail_url': 'https://images4-f.ravelrycache.com/uploads/Ileradebu/835880762/Knitting_pattern_unicorn_patron_punto_dos_agujas_unicornio_4_thumbnail.jpeg', 'small_url': 'https://images4-f.ravelrycache.com/uploads/Ileradebu/835880762/Knitting_pattern_unicorn_patron_punto_dos_agujas_unicornio_4_small.jpeg', 'flickr_url': None, 'shelved_url': 'https://images4-g.ravelrycache.com/uploads/Ileradebu/835880762/Knitting_pattern_unicorn_patron_punto_dos_agujas_unicornio_4_shelved.jpeg', 'medium2_url': 'https://images4-a.ravelrycache.com/uploads/Ileradebu/835880762/Knitting_pattern_unicorn_patron_punto_dos_agujas_unicornio_4_medium2.jpeg', 'small2_url': 'https://images4-g.ravelrycache.com/uploads/Ileradebu/835880762/Knitting_pattern_unicorn_patron_punto_dos_agujas_unicornio_4_small2.jpeg', 'caption': None, 'caption_html': None, 'copyright_holder': None}, {'id': 112674792, 'sort_order': 7, 'user_id': 4922437, 'x_offset': 0, 'y_offset': -22, 'square_url': 'https://images4-f.ravelrycache.com/uploads/Ileradebu/835880761/Knitting_pattern_unicorn_patron_punto_dos_agujas_unicornio_2_square.jpeg', 'medium_url': 'https://images4-f.ravelrycache.com/uploads/Ileradebu/835880761/Knitting_pattern_unicorn_patron_punto_dos_agujas_unicornio_2_medium.jpeg', 'thumbnail_url': 'https://images4-f.ravelrycache.com/uploads/Ileradebu/835880761/Knitting_pattern_unicorn_patron_punto_dos_agujas_unicornio_2_thumbnail.jpeg', 'small_url': 'https://images4-f.ravelrycache.com/uploads/Ileradebu/835880761/Knitting_pattern_unicorn_patron_punto_dos_agujas_unicornio_2_small_best_fit.jpeg', 'flickr_url': None, 'shelved_url': 'https://images4-g.ravelrycache.com/uploads/Ileradebu/835880761/Knitting_pattern_unicorn_patron_punto_dos_agujas_unicornio_2_shelved.jpeg', 'medium2_url': 'https://images4-a.ravelrycache.com/uploads/Ileradebu/835880761/Knitting_pattern_unicorn_patron_punto_dos_agujas_unicornio_2_medium2.jpeg', 'small2_url': 'https://images4-f.ravelrycache.com/uploads/Ileradebu/835880761/Knitting_pattern_unicorn_patron_punto_dos_agujas_unicornio_2_small2.jpeg', 'caption': None, 'caption_html': None, 'copyright_holder': None}, {'id': 112674793, 'sort_order': 8, 'user_id': 4922437, 'x_offset': 0, 'y_offset': -22, 'square_url': 'https://images4-f.ravelrycache.com/uploads/Ileradebu/835880759/1642139921209_square.jpeg', 'medium_url': 'https://images4-f.ravelrycache.com/uploads/Ileradebu/835880759/1642139921209_medium.jpeg', 'thumbnail_url': 'https://images4-g.ravelrycache.com/uploads/Ileradebu/835880759/1642139921209_thumbnail.jpeg', 'small_url': 'https://images4-g.ravelrycache.com/uploads/Ileradebu/835880759/1642139921209_small_best_fit.jpeg', 'flickr_url': None, 'shelved_url': 'https://images4-g.ravelrycache.com/uploads/Ileradebu/835880759/1642139921209_shelved.jpeg', 'medium2_url': 'https://images4-a.ravelrycache.com/uploads/Ileradebu/835880759/1642139921209_medium2.jpeg', 'small2_url': 'https://images4-f.ravelrycache.com/uploads/Ileradebu/835880759/1642139921209_small2.jpeg', 'caption': None, 'caption_html': None, 'copyright_holder': None}]"
Blank Canvas Sweater,SuviKnits,1240616,https://www.ravelry.com/patterns/library/blank-canvas-sweater,False,https://images4-a.ravelrycache.com/uploads/SuvisDesigns/854231922/Photo_2877_medium2.jpg,Knitting,"['adult', 'plus', 'stripes', 'crew-neck', 'long-sleeve', 'raglan-sleeve', 'straight', 'one-piece', 'seamless', 'short-rows', 'top-down', 'positive-ease', 'phototutorial', 'written-pattern', 'in-the-round', 'stripes-colorwork']",21.0,2.4,True,4.0,Stockinette stitch using larger needles and yarn held double,pullover,DK,32,4.8,"XS (S, M, L, XL, 2XL, 3XL, 4XL) see notes for more information","[{'id': 112708996, 'sort_order': 1, 'user_id': 13736, 'x_offset': -6, 'y_offset': 0, 'square_url': 'https://images4-f.ravelrycache.com/uploads/SuvisDesigns/854231922/Photo_2877_square.jpg', 'medium_url': 'https://images4-f.ravelrycache.com/uploads/SuvisDesigns/854231922/Photo_2877_medium.jpg', 'thumbnail_url': 'https://images4-g.ravelrycache.com/uploads/SuvisDesigns/854231922/Photo_2877_thumbnail.jpg', 'small_url': 'https://images4-f.ravelrycache.com/uploads/SuvisDesigns/854231922/Photo_2877_small_best_fit.jpg', 'flickr_url': None, 'shelved_url': 'https://images4-f.ravelrycache.com/uploads/SuvisDesigns/854231922/Photo_2877_shelved.jpg', 'medium2_url': 'https://images4-a.ravelrycache.com/uploads/SuvisDesigns/854231922/Photo_2877_medium2.jpg', 'small2_url': 'https://images4-f.ravelrycache.com/uploads/SuvisDesigns/854231922/Photo_2877_small2.jpg', 'caption': None, 'caption_html': None, 'copyright_holder': None}, {'id': 133965106, 'sort_order': 2, 'user_id': 13736, 'x_offset': 0, 'y_offset': -43, 'square_url': 'https://images4-f.ravelrycache.com/uploads/SuvisDesigns/1025948018/Photo_2863_square.jpg', 'medium_url': 'https://images4-g.ravelrycache.com/uploads/SuvisDesigns/1025948018/Photo_2863_medium.jpg', 'thumbnail_url': 'https://images4-f.ravelrycache.com/uploads/SuvisDesigns/1025948018/Photo_2863_thumbnail.jpg', 'small_url': 'https://images4-g.ravelrycache.com/uploads/SuvisDesigns/1025948018/Photo_2863_small_best_fit.jpg', 'flickr_url': None, 'shelved_url': 'https://images4-f.ravelrycache.com/uploads/SuvisDesigns/1025948018/Photo_2863_shelved.jpg', 'medium2_url': 'https://images4-a.ravelrycache.com/uploads/SuvisDesigns/1025948018/Photo_2863_medium2.jpg', 'small2_url': 'https://images4-f.ravelrycache.com/uploads/SuvisDesigns/1025948018/Photo_2863_small2.jpg', 'caption': None, 'caption_html': None, 'copyright_holder': None}, {'id': 133965145, 'sort_order': 3, 'user_id': 13736, 'x_offset': 0, 'y_offset': -43, 'square_url': 'https://images4-g.ravelrycache.com/uploads/SuvisDesigns/1025948347/Photo_2872_square.jpg', 'medium_url': 'https://images4-f.ravelrycache.com/uploads/SuvisDesigns/1025948347/Photo_2872_medium.jpg', 'thumbnail_url': 'https://images4-f.ravelrycache.com/uploads/SuvisDesigns/1025948347/Photo_2872_thumbnail.jpg', 'small_url': 'https://images4-f.ravelrycache.com/uploads/SuvisDesigns/1025948347/Photo_2872_small_best_fit.jpg', 'flickr_url': None, 'shelved_url': 'https://images4-f.ravelrycache.com/uploads/SuvisDesigns/1025948347/Photo_2872_shelved.jpg', 'medium2_url': 'https://images4-a.ravelrycache.com/uploads/SuvisDesigns/1025948347/Photo_2872_medium2.jpg', 'small2_url': 'https://images4-g.ravelrycache.com/uploads/SuvisDesigns/1025948347/Photo_2872_small2.jpg', 'caption': None, 'caption_html': None, 'copyright_holder': None}, {'id': 112709244, 'sort_order': 4, 'user_id': 1357386, 'x_offset': -4, 'y_offset': -42, 'square_url': 'https://images4-f.ravelrycache.com/uploads/miiaknits/850718870/Blank_canvas_13c_square.JPG', 'medium_url': 'https://images4-f.ravelrycache.com/uploads/miiaknits/850718870/Blank_canvas_13c_medium.JPG', 'thumbnail_url': 'https://images4-f.ravelrycache.com/uploads/miiaknits/850718870/Blank_canvas_13c_thumbnail.JPG', 'small_url': 'https://images4-f.ravelrycache.com/uploads/miiaknits/850718870/Blank_canvas_13c_small.JPG', 'flickr_url': None, 'shelved_url': 'https://images4-g.ravelrycache.com/uploads/miiaknits/850718870/Blank_canvas_13c_shelved.JPG', 'medium2_url': 'https://images4-a.ravelrycache.com/uploads/miiaknits/850718870/Blank_canvas_13c_medium2.JPG', 'small2_url': 'https://images4-f.ravelrycache.com/uploads/miiaknits/850718870/Blank_canvas_13c_small2.JPG', 'caption': None, 'caption_html': None, 'copyright_holder': None}, {'id': 124248629, 'sort_order': 5, 'user_id': 10953, 'x_offset': 0, 'y_offset': -16, 'square_url': 'https://images4-f.ravelrycache.com/uploads/DarkHarbour/914552658/upload_square', 'medium_url': 'https://images4-g.ravelrycache.com/uploads/DarkHarbour/914552658/upload_medium', 'thumbnail_url': 'https://images4-g.ravelrycache.com/uploads/DarkHarbour/914552658/upload_thumbnail', 'small_url': 'https://images4-g.ravelrycache.com/uploads/DarkHarbour/914552658/upload_small_best_fit', 'flickr_url': None, 'shelved_url': 'https://images4-g.ravelrycache.com/uploads/DarkHarbour/914552658/upload_shelved', 'medium2_url': 'https://images4-a.ravelrycache.com/uploads/DarkHarbour/914552658/upload_medium2', 'small2_url': 'https://images4-f.ravelrycache.com/uploads/DarkHarbour/914552658/upload_small2', 'caption': None, 'caption_html': None, 'copyright_holder': None}, {'id': 124258600, 'sort_order': 6, 'user_id': 5392968, 'x_offset': 0, 'y_offset': -22, 'square_url': 'https://images4-g.ravelrycache.com/uploads/knitmotif/923166446/Knitmotif_Hello_Sailor01_square.jpeg', 'medium_url': 'https://images4-g.ravelrycache.com/uploads/knitmotif/923166446/Knitmotif_Hello_Sailor01_medium.jpeg', 'thumbnail_url': 'https://images4-g.ravelrycache.com/uploads/knitmotif/923166446/Knitmotif_Hello_Sailor01_thumbnail.jpeg', 'small_url': 'https://images4-g.ravelrycache.com/uploads/knitmotif/923166446/Knitmotif_Hello_Sailor01_small_best_fit.jpeg', 'flickr_url': None, 'shelved_url': 'https://images4-f.ravelrycache.com/uploads/knitmotif/923166446/Knitmotif_Hello_Sailor01_shelved.jpeg', 'medium2_url': 'https://images4-a.ravelrycache.com/uploads/knitmotif/923166446/Knitmotif_Hello_Sailor01_medium2.jpeg', 'small2_url': 'https://images4-f.ravelrycache.com/uploads/knitmotif/923166446/Knitmotif_Hello_Sailor01_small2.jpeg', 'caption': None, 'caption_html': None, 'copyright_holder': None}, {'id': 112741023, 'sort_order': 7, 'user_id': 770805, 'x_offset': 0, 'y_offset': -104, 'square_url': 'https://images4-g.ravelrycache.com/uploads/Annachumi/854047856/IMG20220508090404_square.jpg', 'medium_url': 'https://images4-g.ravelrycache.com/uploads/Annachumi/854047856/IMG20220508090404_medium.jpg', 'thumbnail_url': 'https://images4-g.ravelrycache.com/uploads/Annachumi/854047856/IMG20220508090404_thumbnail.jpg', 'small_url': 'https://images4-f.ravelrycache.com/uploads/Annachumi/854047856/IMG20220508090404_small_best_fit.jpg', 'flickr_url': None, 'shelved_url': 'https://images4-g.ravelrycache.com/uploads/Annachumi/854047856/IMG20220508090404_shelved.jpg', 'medium2_url': 'https://images4-a.ravelrycache.com/uploads/Annachumi/854047856/IMG20220508090404_medium2.jpg', 'small2_url': 'https://images4-g.ravelrycache.com/uploads/Annachumi/854047856/IMG20220508090404_small2.jpg', 'caption': None, 'caption_html': None, 'copyright_holder': None}, {'id': 124258611, 'sort_order': 8, 'user_id': 1357386, 'x_offset': -35, 'y_offset': -1, 'square_url': 'https://images4-f.ravelrycache.com/uploads/miiaknits/893628546/Rasymattopaita_06b_square.JPG', 'medium_url': 'https://images4-g.ravelrycache.com/uploads/miiaknits/893628546/Rasymattopaita_06b_medium.JPG', 'thumbnail_url': 'https://images4-f.ravelrycache.com/uploads/miiaknits/893628546/Rasymattopaita_06b_thumbnail.JPG', 'small_url': 'https://images4-f.ravelrycache.com/uploads/miiaknits/893628546/Rasymattopaita_06b_small.JPG', 'flickr_url': None, 'shelved_url': 'https://images4-g.ravelrycache.com/uploads/miiaknits/893628546/Rasymattopaita_06b_shelved.JPG', 'medium2_url': 'https://images4-a.ravelrycache.com/uploads/miiaknits/893628546/Rasymattopaita_06b_medium2.JPG', 'small2_url': 'https://images4-f.ravelrycache.com/uploads/miiaknits/893628546/Rasymattopaita_06b_small2.JPG', 'caption': None, 'caption_html': None, 'copyright_holder': None}, {'id': 112727450, 'sort_order': 9, 'user_id': 5392968, 'x_offset': 0, 'y_offset': 0, 'square_url': 'https://images4-g.ravelrycache.com/uploads/knitmotif/854028542/67879073-E82D-4B7A-AEAC-96F4DC3FED7A_square.jpeg', 'medium_url': 'https://images4-g.ravelrycache.com/uploads/knitmotif/854028542/67879073-E82D-4B7A-AEAC-96F4DC3FED7A_medium.jpeg', 'thumbnail_url': 'https://images4-f.ravelrycache.com/uploads/knitmotif/854028542/67879073-E82D-4B7A-AEAC-96F4DC3FED7A_thumbnail.jpeg', 'small_url': 'https://images4-f.ravelrycache.com/uploads/knitmotif/854028542/67879073-E82D-4B7A-AEAC-96F4DC3FED7A_small_best_fit.jpeg', 'flickr_url': None, 'shelved_url': 'https://images4-g.ravelrycache.com/uploads/knitmotif/854028542/67879073-E82D-4B7A-AEAC-96F4DC3FED7A_shelved.jpeg', 'medium2_url': 'https://images4-a.ravelrycache.com/uploads/knitmotif/854028542/67879073-E82D-4B7A-AEAC-96F4DC3FED7A_medium2.jpeg', 'small2_url': 'https://images4-g.ravelrycache.com/uploads/knitmotif/854028542/67879073-E82D-4B7A-AEAC-96F4DC3FED7A_small2.jpeg', 'caption': None, 'caption_html': None, 'copyright_holder': None}, {'id': 112709608, 'sort_order': 10, 'user_id': 4004789, 'x_offset': -24, 'y_offset': 0, 'square_url': 'https://images4-f.ravelrycache.com/uploads/heldren/853472117/DSC_0518__2__square.JPG', 'medium_url': 'https://images4-f.ravelrycache.com/uploads/heldren/853472117/DSC_0518__2__medium.JPG', 'thumbnail_url': 'https://images4-g.ravelrycache.com/uploads/heldren/853472117/DSC_0518__2__thumbnail.JPG', 'small_url': 'https://images4-g.ravelrycache.com/uploads/heldren/853472117/DSC_0518__2__small_best_fit.JPG', 'flickr_url': None, 'shelved_url': 'https://images4-g.ravelrycache.com/uploads/heldren/853472117/DSC_0518__2__shelved.JPG', 'medium2_url': 'https://images4-a.ravelrycache.com/uploads/heldren/853472117/DSC_0518__2__medium2.JPG', 'small2_url': 'https://images4-f.ravelrycache.com/uploads/heldren/853472117/DSC_0518__2__small2.JPG', 'caption': None, 'caption_html': None, 'copyright_holder': None}, {'id': 124270158, 'sort_order': 11, 'user_id': 2821759, 'x_offset': -5, 'y_offset': -35, 'square_url': 'https://images4-f.ravelrycache.com/uploads/LCmakes/926925792/IMG_4002_square.jpeg', 'medium_url': 'https://images4-f.ravelrycache.com/uploads/LCmakes/926925792/IMG_4002_medium.jpeg', 'thumbnail_url': 'https://images4-f.ravelrycache.com/uploads/LCmakes/926925792/IMG_4002_thumbnail.jpeg', 'small_url': 'https://images4-f.ravelrycache.com/uploads/LCmakes/926925792/IMG_4002_small.jpeg', 'flickr_url': None, 'shelved_url': 'https://images4-f.ravelrycache.com/uploads/LCmakes/926925792/IMG_4002_shelved.jpeg', 'medium2_url': 'https://images4-a.ravelrycache.com/uploads/LCmakes/926925792/IMG_4002_medium2.jpeg', 'small2_url': 'https://images4-g.ravelrycache.com/uploads/LCmakes/926925792/IMG_4002_small2.jpeg', 'caption': None, 'caption_html': None, 'copyright_holder': None}, {'id': 124251985, 'sort_order': 12, 'user_id': 1519183, 'x_offset': -1, 'y_offset': -34, 'square_url': 'https://images4-f.ravelrycache.com/uploads/sunshinegypsy/913409314/PXL_20230317_111803388_square.jpg', 'medium_url': 'https://images4-g.ravelrycache.com/uploads/sunshinegypsy/913409314/PXL_20230317_111803388_medium.jpg', 'thumbnail_url': 'https://images4-g.ravelrycache.com/uploads/sunshinegypsy/913409314/PXL_20230317_111803388_thumbnail.jpg', 'small_url': 'https://images4-g.ravelrycache.com/uploads/sunshinegypsy/913409314/PXL_20230317_111803388_small_best_fit.jpg', 'flickr_url': None, 'shelved_url': 'https://images4-g.ravelrycache.com/uploads/sunshinegypsy/913409314/PXL_20230317_111803388_shelved.jpg', 'medium2_url': 'https://images4-a.ravelrycache.com/uploads/sunshinegypsy/913409314/PXL_20230317_111803388_medium2.jpg', 'small2_url': 'https://images4-f.ravelrycache.com/uploads/sunshinegypsy/913409314/PXL_20230317_111803388_small2.jpg', 'caption': None, 'caption_html': None, 'copyright_holder': None}, {'id': 112739890, 'sort_order': 13, 'user_id': 3478896, 'x_offset': 0, 'y_offset': -36, 'square_url': 'https://images4-f.ravelrycache.com/uploads/Monikaanna/854400358/7145C7FF-3B53-4605-9293-77EAA15C1AB0_square.jpeg', 'medium_url': 'https://images4-f.ravelrycache.com/uploads/Monikaanna/854400358/7145C7FF-3B53-4605-9293-77EAA15C1AB0_medium.jpeg', 'thumbnail_url': 'https://images4-g.ravelrycache.com/uploads/Monikaanna/854400358/7145C7FF-3B53-4605-9293-77EAA15C1AB0_thumbnail.jpeg', 'small_url': 'https://images4-f.ravelrycache.com/uploads/Monikaanna/854400358/7145C7FF-3B53-4605-9293-77EAA15C1AB0_small_best_fit.jpeg', 'flickr_url': None, 'shelved_url': 'https://images4-f.ravelrycache.com/uploads/Monikaanna/854400358/7145C7FF-3B53-4605-9293-77EAA15C1AB0_shelved.jpeg', 'medium2_url': 'https://images4-a.ravelrycache.com/uploads/Monikaanna/854400358/7145C7FF-3B53-4605-9293-77EAA15C1AB0_medium2.jpeg', 'small2_url': 'https://images4-f.ravelrycache.com/uploads/Monikaanna/854400358/7145C7FF-3B53-4605-9293-77EAA15C1AB0_small2.jpeg', 'caption': None, 'caption_html': None, 'copyright_holder': None}, {'id': 112709041, 'sort_order': 14, 'user_id': 3187482, 'x_offset': 0, 'y_offset': -19, 'square_url': 'https://images4-f.ravelrycache.com/uploads/binel/854241549/blanc3_square.jpg', 'medium_url': 'https://images4-f.ravelrycache.com/uploads/binel/854241549/blanc3_medium.jpg', 'thumbnail_url': 'https://images4-f.ravelrycache.com/uploads/binel/854241549/blanc3_thumbnail.jpg', 'small_url': 'https://images4-g.ravelrycache.com/uploads/binel/854241549/blanc3_small_best_fit.jpg', 'flickr_url': None, 'shelved_url': 'https://images4-f.ravelrycache.com/uploads/binel/854241549/blanc3_shelved.jpg', 'medium2_url': 'https://images4-a.ravelrycache.com/uploads/binel/854241549/blanc3_medium2.jpg', 'small2_url': 'https://images4-f.ravelrycache.com/uploads/binel/854241549/blanc3_small2.jpg', 'caption': None, 'caption_html': None, 'copyright_holder': None}, {'id': 133965104, 'sort_order': 15, 'user_id': 13736, 'x_offset': -5, 'y_offset': -71, 'square_url': 'https://images4-f.ravelrycache.com/uploads/SuvisDesigns/1025948019/Photo_2864_square.jpg', 'medium_url': 'https://images4-g.ravelrycache.com/uploads/SuvisDesigns/1025948019/Photo_2864_medium.jpg', 'thumbnail_url': 'https://images4-g.ravelrycache.com/uploads/SuvisDesigns/1025948019/Photo_2864_thumbnail.jpg', 'small_url': 'https://images4-f.ravelrycache.com/uploads/SuvisDesigns/1025948019/Photo_2864_small.jpg', 'flickr_url': None, 'shelved_url': 'https://images4-f.ravelrycache.com/uploads/SuvisDesigns/1025948019/Photo_2864_shelved.jpg', 'medium2_url': 'https://images4-a.ravelrycache.com/uploads/SuvisDesigns/1025948019/Photo_2864_medium2.jpg', 'small2_url': 'https://images4-f.ravelrycache.com/uploads/SuvisDesigns/1025948019/Photo_2864_small2.jpg', 'caption': None, 'caption_html': None, 'copyright_holder': None}, {'id': 112708992, 'sort_order': 16, 'user_id': 13736, 'x_offset': 0, 'y_offset': -43, 'square_url': 'https://images4-f.ravelrycache.com/uploads/SuvisDesigns/854231926/Photo_2870_square.jpg', 'medium_url': 'https://images4-f.ravelrycache.com/uploads/SuvisDesigns/854231926/Photo_2870_medium.jpg', 'thumbnail_url': 'https://images4-g.ravelrycache.com/uploads/SuvisDesigns/854231926/Photo_2870_thumbnail.jpg', 'small_url': 'https://images4-f.ravelrycache.com/uploads/SuvisDesigns/854231926/Photo_2870_small_best_fit.jpg', 'flickr_url': None, 'shelved_url': 'https://images4-f.ravelrycache.com/uploads/SuvisDesigns/854231926/Photo_2870_shelved.jpg', 'medium2_url': 'https://images4-a.ravelrycache.com/uploads/SuvisDesigns/854231926/Photo_2870_medium2.jpg', 'small2_url': 'https://images4-f.ravelrycache.com/uploads/SuvisDesigns/854231926/Photo_2870_small2.jpg', 'caption': None, 'caption_html': None, 'copyright_holder': None}, {'id': 112708995, 'sort_order': 17, 'user_id': 13736, 'x_offset': -40, 'y_offset': 0, 'square_url': 'https://images4-g.ravelrycache.com/uploads/SuvisDesigns/854231923/Photo_2873_square.jpg', 'medium_url': 'https://images4-g.ravelrycache.com/uploads/SuvisDesigns/854231923/Photo_2873_medium.jpg', 'thumbnail_url': 'https://images4-g.ravelrycache.com/uploads/SuvisDesigns/854231923/Photo_2873_thumbnail.jpg', 'small_url': 'https://images4-g.ravelrycache.com/uploads/SuvisDesigns/854231923/Photo_2873_small_best_fit.jpg', 'flickr_url': None, 'shelved_url': 'https://images4-g.ravelrycache.com/uploads/SuvisDesigns/854231923/Photo_2873_shelved.jpg', 'medium2_url': 'https://images4-a.ravelrycache.com/uploads/SuvisDesigns/854231923/Photo_2873_medium2.jpg', 'small2_url': 'https://images4-g.ravelrycache.com/uploads/SuvisDesigns/854231923/Photo_2873_small2.jpg', 'caption': None, 'caption_html': None, 'copyright_holder': None}, {'id': 133965143, 'sort_order': 18, 'user_id': 13736, 'x_offset': -3, 'y_offset': -35, 'square_url': 'https://images4-f.ravelrycache.com/uploads/SuvisDesigns/1025948345/Photo_2875_square.jpg', 'medium_url': 'https://images4-g.ravelrycache.com/uploads/SuvisDesigns/1025948345/Photo_2875_medium.jpg', 'thumbnail_url': 'https://images4-g.ravelrycache.com/uploads/SuvisDesigns/1025948345/Photo_2875_thumbnail.jpg', 'small_url': 'https://images4-f.ravelrycache.com/uploads/SuvisDesigns/1025948345/Photo_2875_small.jpg', 'flickr_url': None, 'shelved_url': 'https://images4-f.ravelrycache.com/uploads/SuvisDesigns/1025948345/Photo_2875_shelved.jpg', 'medium2_url': 'https://images4-a.ravelrycache.com/uploads/SuvisDesigns/1025948345/Photo_2875_medium2.jpg', 'small2_url': 'https://images4-f.ravelrycache.com/uploads/SuvisDesigns/1025948345/Photo_2875_small2.jpg', 'caption': None, 'caption_html': None, 'copyright_holder': None}]"
Kilp,Aleks Byrd,1240829,https://www.ravelry.com/patterns/library/kilp,False,https://images4-a.ravelrycache.com/uploads/aleksbyrd/853119970/Kilp-Sweater-2-Aleks-Byrd-Traditions-Revisited-Laine-Publishing-web_medium2.jpg,Knitting,"['adult', 'ribbed', 'crew-neck', 'set-in-sleeve', 'one-piece', 'seamless', 'top-down', 'estonian', 'chart', 'phototutorial', 'written-pattern', 'in-the-round', 'other-colorwork']",18.0,3.6666666666666665,True,4.0,Stockinette stitch in the round after blocking,pullover,Sport,15,5.0,"1 (2, 3, 4, 5) [6, 7, 8, 9, 10]","[{'id': 112727915, 'sort_order': 1, 'user_id': 424344, 'x_offset': 0, 'y_offset': -43, 'square_url': 'https://images4-g.ravelrycache.com/uploads/aleksbyrd/853119970/Kilp-Sweater-2-Aleks-Byrd-Traditions-Revisited-Laine-Publishing-web_square.jpg', 'medium_url': 'https://images4-g.ravelrycache.com/uploads/aleksbyrd/853119970/Kilp-Sweater-2-Aleks-Byrd-Traditions-Revisited-Laine-Publishing-web_medium.jpg', 'thumbnail_url': 'https://images4-f.ravelrycache.com/uploads/aleksbyrd/853119970/Kilp-Sweater-2-Aleks-Byrd-Traditions-Revisited-Laine-Publishing-web_thumbnail.jpg', 'small_url': 'https://images4-g.ravelrycache.com/uploads/aleksbyrd/853119970/Kilp-Sweater-2-Aleks-Byrd-Traditions-Revisited-Laine-Publishing-web_small_best_fit.jpg', 'flickr_url': None, 'shelved_url': 'https://images4-g.ravelrycache.com/uploads/aleksbyrd/853119970/Kilp-Sweater-2-Aleks-Byrd-Traditions-Revisited-Laine-Publishing-web_shelved.jpg', 'medium2_url': 'https://images4-a.ravelrycache.com/uploads/aleksbyrd/853119970/Kilp-Sweater-2-Aleks-Byrd-Traditions-Revisited-Laine-Publishing-web_medium2.jpg', 'small2_url': 'https://images4-g.ravelrycache.com/uploads/aleksbyrd/853119970/Kilp-Sweater-2-Aleks-Byrd-Traditions-Revisited-Laine-Publishing-web_small2.jpg', 'caption': None, 'caption_html': None, 'copyright_holder': None}, {'id': 112727916, 'sort_order': 2, 'user_id': 424344, 'x_offset': 0, 'y_offset': -43, 'square_url': 'https://images4-f.ravelrycache.com/uploads/aleksbyrd/853119968/Kilp-Sweater-3-Aleks-Byrd-Traditions-Revisited-Laine-Publishing-web_square.jpg', 'medium_url': 'https://images4-f.ravelrycache.com/uploads/aleksbyrd/853119968/Kilp-Sweater-3-Aleks-Byrd-Traditions-Revisited-Laine-Publishing-web_medium.jpg', 'thumbnail_url': 'https://images4-g.ravelrycache.com/uploads/aleksbyrd/853119968/Kilp-Sweater-3-Aleks-Byrd-Traditions-Revisited-Laine-Publishing-web_thumbnail.jpg', 'small_url': 'https://images4-g.ravelrycache.com/uploads/aleksbyrd/853119968/Kilp-Sweater-3-Aleks-Byrd-Traditions-Revisited-Laine-Publishing-web_small_best_fit.jpg', 'flickr_url': None, 'shelved_url': 'https://images4-g.ravelrycache.com/uploads/aleksbyrd/853119968/Kilp-Sweater-3-Aleks-Byrd-Traditions-Revisited-Laine-Publishing-web_shelved.jpg', 'medium2_url': 'https://images4-a.ravelrycache.com/uploads/aleksbyrd/853119968/Kilp-Sweater-3-Aleks-Byrd-Traditions-Revisited-Laine-Publishing-web_medium2.jpg', 'small2_url': 'https://images4-f.ravelrycache.com/uploads/aleksbyrd/853119968/Kilp-Sweater-3-Aleks-Byrd-Traditions-Revisited-Laine-Publishing-web_small2.jpg', 'caption': None, 'caption_html': None, 'copyright_holder': None}, {'id': 112727917, 'sort_order': 3, 'user_id': 424344, 'x_offset': 0, 'y_offset': -43, 'square_url': 'https://images4-f.ravelrycache.com/uploads/aleksbyrd/853119969/Kilp-Sweater-1-Aleks-Byrd-Traditions-Revisited-Laine-Publishing-web_square.jpg', 'medium_url': 'https://images4-f.ravelrycache.com/uploads/aleksbyrd/853119969/Kilp-Sweater-1-Aleks-Byrd-Traditions-Revisited-Laine-Publishing-web_medium.jpg', 'thumbnail_url': 'https://images4-f.ravelrycache.com/uploads/aleksbyrd/853119969/Kilp-Sweater-1-Aleks-Byrd-Traditions-Revisited-Laine-Publishing-web_thumbnail.jpg', 'small_url': 'https://images4-f.ravelrycache.com/uploads/aleksbyrd/853119969/Kilp-Sweater-1-Aleks-Byrd-Traditions-Revisited-Laine-Publishing-web_small_best_fit.jpg', 'flickr_url': None, 'shelved_url': 'https://images4-f.ravelrycache.com/uploads/aleksbyrd/853119969/Kilp-Sweater-1-Aleks-Byrd-Traditions-Revisited-Laine-Publishing-web_shelved.jpg', 'medium2_url': 'https://images4-a.ravelrycache.com/uploads/aleksbyrd/853119969/Kilp-Sweater-1-Aleks-Byrd-Traditions-Revisited-Laine-Publishing-web_medium2.jpg', 'small2_url': 'https://images4-f.ravelrycache.com/uploads/aleksbyrd/853119969/Kilp-Sweater-1-Aleks-Byrd-Traditions-Revisited-Laine-Publishing-web_small2.jpg', 'caption': None, 'caption_html': None, 'copyright_holder': None}, {'id': 112727918, 'sort_order': 4, 'user_id': 424344, 'x_offset': 0, 'y_offset': 0, 'square_url': 'https://images4-f.ravelrycache.com/uploads/aleksbyrd/853120580/Kilp-Sweater-schematic-Aleks-Byrd-Traditions-Revisited-Laine-Publishing-web_square.jpg', 'medium_url': 'https://images4-f.ravelrycache.com/uploads/aleksbyrd/853120580/Kilp-Sweater-schematic-Aleks-Byrd-Traditions-Revisited-Laine-Publishing-web_medium.jpg', 'thumbnail_url': 'https://images4-g.ravelrycache.com/uploads/aleksbyrd/853120580/Kilp-Sweater-schematic-Aleks-Byrd-Traditions-Revisited-Laine-Publishing-web_thumbnail.jpg', 'small_url': 'https://images4-g.ravelrycache.com/uploads/aleksbyrd/853120580/Kilp-Sweater-schematic-Aleks-Byrd-Traditions-Revisited-Laine-Publishing-web_small_best_fit.jpg', 'flickr_url': None, 'shelved_url': 'https://images4-g.ravelrycache.com/uploads/aleksbyrd/853120580/Kilp-Sweater-schematic-Aleks-Byrd-Traditions-Revisited-Laine-Publishing-web_shelved.jpg', 'medium2_url': 'https://images4-a.ravelrycache.com/uploads/aleksbyrd/853120580/Kilp-Sweater-schematic-Aleks-Byrd-Traditions-Revisited-Laine-Publishing-web_medium2.jpg', 'small2_url': 'https://images4-f.ravelrycache.com/uploads/aleksbyrd/853120580/Kilp-Sweater-schematic-Aleks-Byrd-Traditions-Revisited-Laine-Publishing-web_small2.jpg', 'caption': None, 'caption_html': None, 'copyright_holder': None}]"
Veski,Aleks Byrd,1240830,https://www.ravelry.com/patterns/library/veski,False,https://images4-a.ravelrycache.com/uploads/aleksbyrd/854233172/Veski-Sweater-4-Aleks-Byrd-Traditions-Revisited-Laine-Publishing-web_medium2.jpg,Knitting,"['adult', 'one-piece', 'seamless', 'top-down', 'estonian', 'chart', 'phototutorial', 'written-pattern', 'in-the-round', 'other-colorwork', 'raglan-sleeve', 'schematic']",17.0,5.0,True,4.0,Stockinette stitch in the round after blocking,pullover,Worsted,18,5.0,"1 (2, 3, 4, 5) [6, 7, 8, 9, 10]","[{'id': 112727920, 'sort_order': 1, 'user_id': 424344, 'x_offset': 0, 'y_offset': -43, 'square_url': 'https://images4-f.ravelrycache.com/uploads/aleksbyrd/854233172/Veski-Sweater-4-Aleks-Byrd-Traditions-Revisited-Laine-Publishing-web_square.jpg', 'medium_url': 'https://images4-f.ravelrycache.com/uploads/aleksbyrd/854233172/Veski-Sweater-4-Aleks-Byrd-Traditions-Revisited-Laine-Publishing-web_medium.jpg', 'thumbnail_url': 'https://images4-f.ravelrycache.com/uploads/aleksbyrd/854233172/Veski-Sweater-4-Aleks-Byrd-Traditions-Revisited-Laine-Publishing-web_thumbnail.jpg', 'small_url': 'https://images4-g.ravelrycache.com/uploads/aleksbyrd/854233172/Veski-Sweater-4-Aleks-Byrd-Traditions-Revisited-Laine-Publishing-web_small_best_fit.jpg', 'flickr_url': None, 'shelved_url': 'https://images4-f.ravelrycache.com/uploads/aleksbyrd/854233172/Veski-Sweater-4-Aleks-Byrd-Traditions-Revisited-Laine-Publishing-web_shelved.jpg', 'medium2_url': 'https://images4-a.ravelrycache.com/uploads/aleksbyrd/854233172/Veski-Sweater-4-Aleks-Byrd-Traditions-Revisited-Laine-Publishing-web_medium2.jpg', 'small2_url': 'https://images4-f.ravelrycache.com/uploads/aleksbyrd/854233172/Veski-Sweater-4-Aleks-Byrd-Traditions-Revisited-Laine-Publishing-web_small2.jpg', 'caption': None, 'caption_html': None, 'copyright_holder': None}, {'id': 112727921, 'sort_order': 2, 'user_id': 424344, 'x_offset': 0, 'y_offset': -43, 'square_url': 'https://images4-f.ravelrycache.com/uploads/aleksbyrd/854340375/Veski-Sweater-6-Aleks-Byrd-Traditions-Revisited-Laine-Publishing-web_square.jpg', 'medium_url': 'https://images4-f.ravelrycache.com/uploads/aleksbyrd/854340375/Veski-Sweater-6-Aleks-Byrd-Traditions-Revisited-Laine-Publishing-web_medium.jpg', 'thumbnail_url': 'https://images4-g.ravelrycache.com/uploads/aleksbyrd/854340375/Veski-Sweater-6-Aleks-Byrd-Traditions-Revisited-Laine-Publishing-web_thumbnail.jpg', 'small_url': 'https://images4-g.ravelrycache.com/uploads/aleksbyrd/854340375/Veski-Sweater-6-Aleks-Byrd-Traditions-Revisited-Laine-Publishing-web_small_best_fit.jpg', 'flickr_url': None, 'shelved_url': 'https://images4-f.ravelrycache.com/uploads/aleksbyrd/854340375/Veski-Sweater-6-Aleks-Byrd-Traditions-Revisited-Laine-Publishing-web_shelved.jpg', 'medium2_url': 'https://images4-a.ravelrycache.com/uploads/aleksbyrd/854340375/Veski-Sweater-6-Aleks-Byrd-Traditions-Revisited-Laine-Publishing-web_medium2.jpg', 'small2_url': 'https://images4-f.ravelrycache.com/uploads/aleksbyrd/854340375/Veski-Sweater-6-Aleks-Byrd-Traditions-Revisited-Laine-Publishing-web_small2.jpg', 'caption': None, 'caption_html': None, 'copyright_holder': None}, {'id': 112727922, 'sort_order': 3, 'user_id': 424344, 'x_offset': 0, 'y_offset': -44, 'square_url': 'https://images4-f.ravelrycache.com/uploads/aleksbyrd/854233174/Veski-Sweater-1-Aleks-Byrd-Traditions-Revisited-Laine-Publishing-web_square.jpg', 'medium_url': 'https://images4-f.ravelrycache.com/uploads/aleksbyrd/854233174/Veski-Sweater-1-Aleks-Byrd-Traditions-Revisited-Laine-Publishing-web_medium.jpg', 'thumbnail_url': 'https://images4-f.ravelrycache.com/uploads/aleksbyrd/854233174/Veski-Sweater-1-Aleks-Byrd-Traditions-Revisited-Laine-Publishing-web_thumbnail.jpg', 'small_url': 'https://images4-f.ravelrycache.com/uploads/aleksbyrd/854233174/Veski-Sweater-1-Aleks-Byrd-Traditions-Revisited-Laine-Publishing-web_small_best_fit.jpg', 'flickr_url': None, 'shelved_url': 'https://images4-f.ravelrycache.com/uploads/aleksbyrd/854233174/Veski-Sweater-1-Aleks-Byrd-Traditions-Revisited-Laine-Publishing-web_shelved.jpg', 'medium2_url': 'https://images4-a.ravelrycache.com/uploads/aleksbyrd/854233174/Veski-Sweater-1-Aleks-Byrd-Traditions-Revisited-Laine-Publishing-web_medium2.jpg', 'small2_url': 'https://images4-f.ravelrycache.com/uploads/aleksbyrd/854233174/Veski-Sweater-1-Aleks-Byrd-Traditions-Revisited-Laine-Publishing-web_small2.jpg', 'caption': None, 'caption_html': None, 'copyright_holder': None}, {'id': 112727923, 'sort_order': 4, 'user_id': 424344, 'x_offset': -44, 'y_offset': 0, 'square_url': 'https://images4-g.ravelrycache.com/uploads/aleksbyrd/854233170/Veski-Sweater-2-Aleks-Byrd-Traditions-Revisited-Laine-Publishing-web_square.jpg', 'medium_url': 'https://images4-g.ravelrycache.com/uploads/aleksbyrd/854233170/Veski-Sweater-2-Aleks-Byrd-Traditions-Revisited-Laine-Publishing-web_medium.jpg', 'thumbnail_url': 'https://images4-f.ravelrycache.com/uploads/aleksbyrd/854233170/Veski-Sweater-2-Aleks-Byrd-Traditions-Revisited-Laine-Publishing-web_thumbnail.jpg', 'small_url': 'https://images4-f.ravelrycache.com/uploads/aleksbyrd/854233170/Veski-Sweater-2-Aleks-Byrd-Traditions-Revisited-Laine-Publishing-web_small_best_fit.jpg', 'flickr_url': None, 'shelved_url': 'https://images4-f.ravelrycache.com/uploads/aleksbyrd/854233170/Veski-Sweater-2-Aleks-Byrd-Traditions-Revisited-Laine-Publishing-web_shelved.jpg', 'medium2_url': 'https://images4-a.ravelrycache.com/uploads/aleksbyrd/854233170/Veski-Sweater-2-Aleks-Byrd-Traditions-Revisited-Laine-Publishing-web_medium2.jpg', 'small2_url': 'https://images4-g.ravelrycache.com/uploads/aleksbyrd/854233170/Veski-Sweater-2-Aleks-Byrd-Traditions-Revisited-Laine-Publishing-web_small2.jpg', 'caption': None, 'caption_html': None, 'copyright_holder': None}, {'id': 112727924, 'sort_order': 5, 'user_id': 424344, 'x_offset': -3, 'y_offset': 0, 'square_url': 'https://images4-g.ravelrycache.com/uploads/aleksbyrd/854340179/Veski-Sweater-5-Aleks-Byrd-Traditions-Revisited-Laine-Publishing-web_square.jpg', 'medium_url': 'https://images4-g.ravelrycache.com/uploads/aleksbyrd/854340179/Veski-Sweater-5-Aleks-Byrd-Traditions-Revisited-Laine-Publishing-web_medium.jpg', 'thumbnail_url': 'https://images4-f.ravelrycache.com/uploads/aleksbyrd/854340179/Veski-Sweater-5-Aleks-Byrd-Traditions-Revisited-Laine-Publishing-web_thumbnail.jpg', 'small_url': 'https://images4-g.ravelrycache.com/uploads/aleksbyrd/854340179/Veski-Sweater-5-Aleks-Byrd-Traditions-Revisited-Laine-Publishing-web_small_best_fit.jpg', 'flickr_url': None, 'shelved_url': 'https://images4-f.ravelrycache.com/uploads/aleksbyrd/854340179/Veski-Sweater-5-Aleks-Byrd-Traditions-Revisited-Laine-Publishing-web_shelved.jpg', 'medium2_url': 'https://images4-a.ravelrycache.com/uploads/aleksbyrd/854340179/Veski-Sweater-5-Aleks-Byrd-Traditions-Revisited-Laine-Publishing-web_medium2.jpg', 'small2_url': 'https://images4-g.ravelrycache.com/uploads/aleksbyrd/854340179/Veski-Sweater-5-Aleks-Byrd-Traditions-Revisited-Laine-Publishing-web_small2.jpg', 'caption': None, 'caption_html': None, 'copyright_holder': None}, {'id': 112727925, 'sort_order': 6, 'user_id': 424344, 'x_offset': 0, 'y_offset': -43, 'square_url': 'https://images4-f.ravelrycache.com/uploads/aleksbyrd/854233171/Veski-Sweater-3-Aleks-Byrd-Traditions-Revisited-Laine-Publishing-web_square.jpg', 'medium_url': 'https://images4-f.ravelrycache.com/uploads/aleksbyrd/854233171/Veski-Sweater-3-Aleks-Byrd-Traditions-Revisited-Laine-Publishing-web_medium.jpg', 'thumbnail_url': 'https://images4-g.ravelrycache.com/uploads/aleksbyrd/854233171/Veski-Sweater-3-Aleks-Byrd-Traditions-Revisited-Laine-Publishing-web_thumbnail.jpg', 'small_url': 'https://images4-f.ravelrycache.com/uploads/aleksbyrd/854233171/Veski-Sweater-3-Aleks-Byrd-Traditions-Revisited-Laine-Publishing-web_small_best_fit.jpg', 'flickr_url': None, 'shelved_url': 'https://images4-g.ravelrycache.com/uploads/aleksbyrd/854233171/Veski-Sweater-3-Aleks-Byrd-Traditions-Revisited-Laine-Publishing-web_shelved.jpg', 'medium2_url': 'https://images4-a.ravelrycache.com/uploads/aleksbyrd/854233171/Veski-Sweater-3-Aleks-Byrd-Traditions-Revisited-Laine-Publishing-web_medium2.jpg', 'small2_url': 'https://images4-f.ravelrycache.com/uploads/aleksbyrd/854233171/Veski-Sweater-3-Aleks-Byrd-Traditions-Revisited-Laine-Publishing-web_small2.jpg', 'caption': None, 'caption_html': None, 'copyright_holder': None}, {'id': 112727926, 'sort_order': 7, 'user_id': 424344, 'x_offset': 0, 'y_offset': 0, 'square_url': 'https://images4-g.ravelrycache.com/uploads/aleksbyrd/854233173/Veski-Sweater-schematic-Aleks-Byrd-Traditions-Revisited-Laine-Publishing-square-web_square.jpg', 'medium_url': 'https://images4-g.ravelrycache.com/uploads/aleksbyrd/854233173/Veski-Sweater-schematic-Aleks-Byrd-Traditions-Revisited-Laine-Publishing-square-web_medium.jpg', 'thumbnail_url': 'https://images4-g.ravelrycache.com/uploads/aleksbyrd/854233173/Veski-Sweater-schematic-Aleks-Byrd-Traditions-Revisited-Laine-Publishing-square-web_thumbnail.jpg', 'small_url': 'https://images4-g.ravelrycache.com/uploads/aleksbyrd/854233173/Veski-Sweater-schematic-Aleks-Byrd-Traditions-Revisited-Laine-Publishing-square-web_small_best_fit.jpg', 'flickr_url': None, 'shelved_url': 'https://images4-g.ravelrycache.com/uploads/aleksbyrd/854233173/Veski-Sweater-schematic-Aleks-Byrd-Traditions-Revisited-Laine-Publishing-square-web_shelved.jpg', 'medium2_url': 'https://images4-a.ravelrycache.com/uploads/aleksbyrd/854233173/Veski-Sweater-schematic-Aleks-Byrd-Traditions-Revisited-Laine-Publishing-square-web_medium2.jpg', 'small2_url': 'https://images4-g.ravelrycache.com/uploads/aleksbyrd/854233173/Veski-Sweater-schematic-Aleks-Byrd-Traditions-Revisited-Laine-Publishing-square-web_small2.jpg', 'caption': None, 'caption_html': None, 'copyright_holder': None}]"
The Wind Cries Merino Unisex Jumper,Spotlight Australia,1240957,https://www.ravelry.com/patterns/library/the-wind-cries-merino-unisex-jumper,True,https://images4-a.ravelrycache.com/uploads/kizzie56/854455491/C5EB9226-D4B4-4F86-A2A3-2457FC843779_medium2.jpeg,Knitting,"['adult', 'ribbed', 'seamed', 'crew-neck', 'long-sleeve', 'set-in-sleeve', 'bottom-up', 'positive-ease', 'written-pattern', 'worked-flat', 'unisex', 'female', 'male']",22.0,0.0,True,4.0,Garter Rib,pullover,DK,13,0.0,S: 80- 90cm; M: 90- 100;  L: 100- 110;  XL: 110- 120,"[{'id': 112735027, 'sort_order': 1, 'user_id': 21330, 'x_offset': 0, 'y_offset': 0, 'square_url': 'https://images4-g.ravelrycache.com/uploads/kizzie56/854455491/C5EB9226-D4B4-4F86-A2A3-2457FC843779_square.jpeg', 'medium_url': 'https://images4-g.ravelrycache.com/uploads/kizzie56/854455491/C5EB9226-D4B4-4F86-A2A3-2457FC843779_medium.jpeg', 'thumbnail_url': 'https://images4-g.ravelrycache.com/uploads/kizzie56/854455491/C5EB9226-D4B4-4F86-A2A3-2457FC843779_thumbnail.jpeg', 'small_url': 'https://images4-f.ravelrycache.com/uploads/kizzie56/854455491/C5EB9226-D4B4-4F86-A2A3-2457FC843779_small_best_fit.jpeg', 'flickr_url': None, 'shelved_url': 'https://images4-f.ravelrycache.com/uploads/kizzie56/854455491/C5EB9226-D4B4-4F86-A2A3-2457FC843779_shelved.jpeg', 'medium2_url': 'https://images4-a.ravelrycache.com/uploads/kizzie56/854455491/C5EB9226-D4B4-4F86-A2A3-2457FC843779_medium2.jpeg', 'small2_url': 'https://images4-g.ravelrycache.com/uploads/kizzie56/854455491/C5EB9226-D4B4-4F86-A2A3-2457FC843779_small2.jpeg', 'caption': None, 'caption_html': None, 'copyright_holder': 'Spotlight Australia'}]"
Genova Pullover,Taiga Hilliard,1241035,https://www.ravelry.com/patterns/library/genova-pullover,False,https://images4-a.ravelrycache.com/uploads/cashmerejunkie/853402451/IMG_6579_1__medium2.jpg,Knitting,"['female', 'baby', 'newborn-size', 'toddler', 'child', 'eyelets', 'lace', 'circular-yoke', 'crew-neck', 'long-sleeve', 'short-sleeve', 'raglan-sleeve', 'buttoned', 'front-fastening', 'single-breasted', 'straight', 'buttonholes', 'one-piece', 'seamless', 'top-down', 'chart', 'written-pattern', 'worked-flat', 'in-the-round']",24.0,4.75,True,4.0,,child,Fingering,17,4.8,"Newborn(3 months,6 months, 12 months, 18 months, 2T, 3T,4T-5T)","[{'id': 112741099, 'sort_order': 1, 'user_id': 725222, 'x_offset': -7, 'y_offset': -52, 'square_url': 'https://images4-f.ravelrycache.com/uploads/cashmerejunkie/853402451/IMG_6579_1__square.jpg', 'medium_url': 'https://images4-f.ravelrycache.com/uploads/cashmerejunkie/853402451/IMG_6579_1__medium.jpg', 'thumbnail_url': 'https://images4-f.ravelrycache.com/uploads/cashmerejunkie/853402451/IMG_6579_1__thumbnail.jpg', 'small_url': 'https://images4-f.ravelrycache.com/uploads/cashmerejunkie/853402451/IMG_6579_1__small.jpg', 'flickr_url': None, 'shelved_url': 'https://images4-f.ravelrycache.com/uploads/cashmerejunkie/853402451/IMG_6579_1__shelved.jpg', 'medium2_url': 'https://images4-a.ravelrycache.com/uploads/cashmerejunkie/853402451/IMG_6579_1__medium2.jpg', 'small2_url': 'https://images4-f.ravelrycache.com/uploads/cashmerejunkie/853402451/IMG_6579_1__small2.jpg', 'caption': None, 'caption_html': None, 'copyright_holder': None}, {'id': 139459648, 'sort_order': 2, 'user_id': 55699, 'x_offset': -5, 'y_offset': -35, 'square_url': 'https://images4-f.ravelrycache.com/uploads/lillysmum/1045802166/IMG_1430_square.jpeg', 'medium_url': 'https://images4-f.ravelrycache.com/uploads/lillysmum/1045802166/IMG_1430_medium.jpeg', 'thumbnail_url': 'https://images4-f.ravelrycache.com/uploads/lillysmum/1045802166/IMG_1430_thumbnail.jpeg', 'small_url': 'https://images4-f.ravelrycache.com/uploads/lillysmum/1045802166/IMG_1430_small.jpeg', 'flickr_url': None, 'shelved_url': 'https://images4-g.ravelrycache.com/uploads/lillysmum/1045802166/IMG_1430_shelved.jpeg', 'medium2_url': 'https://images4-a.ravelrycache.com/uploads/lillysmum/1045802166/IMG_1430_medium2.jpeg', 'small2_url': 'https://images4-g.ravelrycache.com/uploads/lillysmum/1045802166/IMG_1430_small2.jpeg', 'caption': None, 'caption_html': None, 'copyright_holder': None}, {'id': 112749345, 'sort_order': 3, 'user_id': 2412252, 'x_offset': 0, 'y_offset': 0, 'square_url': 'https://images4-g.ravelrycache.com/uploads/Carissaknit/852828092/8FE80B5C-0893-41F5-91D8-9AC54D01961C_square.jpeg', 'medium_url': 'https://images4-g.ravelrycache.com/uploads/Carissaknit/852828092/8FE80B5C-0893-41F5-91D8-9AC54D01961C_medium.jpeg', 'thumbnail_url': 'https://images4-g.ravelrycache.com/uploads/Carissaknit/852828092/8FE80B5C-0893-41F5-91D8-9AC54D01961C_thumbnail.jpeg', 'small_url': 'https://images4-g.ravelrycache.com/uploads/Carissaknit/852828092/8FE80B5C-0893-41F5-91D8-9AC54D01961C_small_best_fit.jpeg', 'flickr_url': None, 'shelved_url': 'https://images4-f.ravelrycache.com/uploads/Carissaknit/852828092/8FE80B5C-0893-41F5-91D8-9AC54D01961C_shelved.jpeg', 'medium2_url': 'https://images4-a.ravelrycache.com/uploads/Carissaknit/852828092/8FE80B5C-0893-41F5-91D8-9AC54D01961C_medium2.jpeg', 'small2_url': 'https://images4-g.ravelrycache.com/uploads/Carissaknit/852828092/8FE80B5C-0893-41F5-91D8-9AC54D01961C_small2.jpeg', 'caption': None, 'caption_html': None, 'copyright_holder': None}, {'id': 114782716, 'sort_order': 4, 'user_id': 7147919, 'x_offset': -5, 'y_offset': -35, 'square_url': 'https://images4-g.ravelrycache.com/uploads/GingerHandcrafts/855547979/6949E184-3471-4805-8545-CDAB556A60CB_square.jpeg', 'medium_url': 'https://images4-g.ravelrycache.com/uploads/GingerHandcrafts/855547979/6949E184-3471-4805-8545-CDAB556A60CB_medium.jpeg', 'thumbnail_url': 'https://images4-f.ravelrycache.com/uploads/GingerHandcrafts/855547979/6949E184-3471-4805-8545-CDAB556A60CB_thumbnail.jpeg', 'small_url': 'https://images4-g.ravelrycache.com/uploads/GingerHandcrafts/855547979/6949E184-3471-4805-8545-CDAB556A60CB_small.jpeg', 'flickr_url': None, 'shelved_url': 'https://images4-g.ravelrycache.com/uploads/GingerHandcrafts/855547979/6949E184-3471-4805-8545-CDAB556A60CB_shelved.jpeg', 'medium2_url': 'https://images4-a.ravelrycache.com/uploads/GingerHandcrafts/855547979/6949E184-3471-4805-8545-CDAB556A60CB_medium2.jpeg', 'small2_url': 'https://images4-f.ravelrycache.com/uploads/GingerHandcrafts/855547979/6949E184-3471-4805-8545-CDAB556A60CB_small2.jpeg', 'caption': None, 'caption_html': None, 'copyright_holder': None}, {'id': 114782717, 'sort_order': 5, 'user_id': 7147919, 'x_offset': -5, 'y_offset': -35, 'square_url': 'https://images4-f.ravelrycache.com/uploads/GingerHandcrafts/855547978/CCD19F0F-94E5-4601-A455-D2272D95D38C_square.jpeg', 'medium_url': 'https://images4-f.ravelrycache.com/uploads/GingerHandcrafts/855547978/CCD19F0F-94E5-4601-A455-D2272D95D38C_medium.jpeg', 'thumbnail_url': 'https://images4-g.ravelrycache.com/uploads/GingerHandcrafts/855547978/CCD19F0F-94E5-4601-A455-D2272D95D38C_thumbnail.jpeg', 'small_url': 'https://images4-g.ravelrycache.com/uploads/GingerHandcrafts/855547978/CCD19F0F-94E5-4601-A455-D2272D95D38C_small.jpeg', 'flickr_url': None, 'shelved_url': 'https://images4-f.ravelrycache.com/uploads/GingerHandcrafts/855547978/CCD19F0F-94E5-4601-A455-D2272D95D38C_shelved.jpeg', 'medium2_url': 'https://images4-a.ravelrycache.com/uploads/GingerHandcrafts/855547978/CCD19F0F-94E5-4601-A455-D2272D95D38C_medium2.jpeg', 'small2_url': 'https://images4-g.ravelrycache.com/uploads/GingerHandcrafts/855547978/CCD19F0F-94E5-4601-A455-D2272D95D38C_small2.jpeg', 'caption': None, 'caption_html': None, 'copyright_holder': None}, {'id': 114782718, 'sort_order': 6, 'user_id': 7147919, 'x_offset': -5, 'y_offset': -35, 'square_url': 'https://images4-g.ravelrycache.com/uploads/GingerHandcrafts/855547984/E80CEA14-181F-4842-AFE3-D6698677BDF1_square.jpeg', 'medium_url': 'https://images4-g.ravelrycache.com/uploads/GingerHandcrafts/855547984/E80CEA14-181F-4842-AFE3-D6698677BDF1_medium.jpeg', 'thumbnail_url': 'https://images4-f.ravelrycache.com/uploads/GingerHandcrafts/855547984/E80CEA14-181F-4842-AFE3-D6698677BDF1_thumbnail.jpeg', 'small_url': 'https://images4-f.ravelrycache.com/uploads/GingerHandcrafts/855547984/E80CEA14-181F-4842-AFE3-D6698677BDF1_small.jpeg', 'flickr_url': None, 'shelved_url': 'https://images4-g.ravelrycache.com/uploads/GingerHandcrafts/855547984/E80CEA14-181F-4842-AFE3-D6698677BDF1_shelved.jpeg', 'medium2_url': 'https://images4-a.ravelrycache.com/uploads/GingerHandcrafts/855547984/E80CEA14-181F-4842-AFE3-D6698677BDF1_medium2.jpeg', 'small2_url': 'https://images4-f.ravelrycache.com/uploads/GingerHandcrafts/855547984/E80CEA14-181F-4842-AFE3-D6698677BDF1_small2.jpeg', 'caption': None, 'caption_html': None, 'copyright_holder': None}, {'id': 112741100, 'sort_order': 7, 'user_id': 725222, 'x_offset': 0, 'y_offset': 0, 'square_url': 'https://images4-f.ravelrycache.com/uploads/cashmerejunkie/853402185/75EE655C-8C33-47C9-9865-5484CB4F0641_square.jpeg', 'medium_url': 'https://images4-f.ravelrycache.com/uploads/cashmerejunkie/853402185/75EE655C-8C33-47C9-9865-5484CB4F0641_medium.jpeg', 'thumbnail_url': 'https://images4-f.ravelrycache.com/uploads/cashmerejunkie/853402185/75EE655C-8C33-47C9-9865-5484CB4F0641_thumbnail.jpeg', 'small_url': 'https://images4-f.ravelrycache.com/uploads/cashmerejunkie/853402185/75EE655C-8C33-47C9-9865-5484CB4F0641_small_best_fit.jpeg', 'flickr_url': None, 'shelved_url': 'https://images4-f.ravelrycache.com/uploads/cashmerejunkie/853402185/75EE655C-8C33-47C9-9865-5484CB4F0641_shelved.jpeg', 'medium2_url': 'https://images4-a.ravelrycache.com/uploads/cashmerejunkie/853402185/75EE655C-8C33-47C9-9865-5484CB4F0641_medium2.jpeg', 'small2_url': 'https://images4-f.ravelrycache.com/uploads/cashmerejunkie/853402185/75EE655C-8C33-47C9-9865-5484CB4F0641_small2.jpeg', 'caption': None, 'caption_html': None, 'copyright_holder': None}, {'id': 112741101, 'sort_order': 8, 'user_id': 725222, 'x_offset': -2, 'y_offset': 0, 'square_url': 'https://images4-g.ravelrycache.com/uploads/cashmerejunkie/853402414/IMG_5536_1__square.jpg', 'medium_url': 'https://images4-g.ravelrycache.com/uploads/cashmerejunkie/853402414/IMG_5536_1__medium.jpg', 'thumbnail_url': 'https://images4-g.ravelrycache.com/uploads/cashmerejunkie/853402414/IMG_5536_1__thumbnail.jpg', 'small_url': 'https://images4-g.ravelrycache.com/uploads/cashmerejunkie/853402414/IMG_5536_1__small_best_fit.jpg', 'flickr_url': None, 'shelved_url': 'https://images4-f.ravelrycache.com/uploads/cashmerejunkie/853402414/IMG_5536_1__shelved.jpg', 'medium2_url': 'https://images4-a.ravelrycache.com/uploads/cashmerejunkie/853402414/IMG_5536_1__medium2.jpg', 'small2_url': 'https://images4-g.ravelrycache.com/uploads/cashmerejunkie/853402414/IMG_5536_1__small2.jpg', 'caption': None, 'caption_html': None, 'copyright_holder': None}, {'id': 112741102, 'sort_order': 9, 'user_id': 725222, 'x_offset': -22, 'y_offset': 0, 'square_url': 'https://images4-f.ravelrycache.com/uploads/cashmerejunkie/853402485/IMG_6530_1__square.jpg', 'medium_url': 'https://images4-f.ravelrycache.com/uploads/cashmerejunkie/853402485/IMG_6530_1__medium.jpg', 'thumbnail_url': 'https://images4-f.ravelrycache.com/uploads/cashmerejunkie/853402485/IMG_6530_1__thumbnail.jpg', 'small_url': 'https://images4-f.ravelrycache.com/uploads/cashmerejunkie/853402485/IMG_6530_1__small_best_fit.jpg', 'flickr_url': None, 'shelved_url': 'https://images4-f.ravelrycache.com/uploads/cashmerejunkie/853402485/IMG_6530_1__shelved.jpg', 'medium2_url': 'https://images4-a.ravelrycache.com/uploads/cashmerejunkie/853402485/IMG_6530_1__medium2.jpg', 'small2_url': 'https://images4-f.ravelrycache.com/uploads/cashmerejunkie/853402485/IMG_6530_1__small2.jpg', 'caption': None, 'caption_html': None, 'copyright_holder': None}, {'id': 112741103, 'sort_order': 10, 'user_id': 725222, 'x_offset': -35, 'y_offset': -5, 'square_url': 'https://images4-g.ravelrycache.com/uploads/cashmerejunkie/853402312/20220225_144348_square.jpg', 'medium_url': 'https://images4-g.ravelrycache.com/uploads/cashmerejunkie/853402312/20220225_144348_medium.jpg', 'thumbnail_url': 'https://images4-g.ravelrycache.com/uploads/cashmerejunkie/853402312/20220225_144348_thumbnail.jpg', 'small_url': 'https://images4-f.ravelrycache.com/uploads/cashmerejunkie/853402312/20220225_144348_small.jpg', 'flickr_url': None, 'shelved_url': 'https://images4-f.ravelrycache.com/uploads/cashmerejunkie/853402312/20220225_144348_shelved.jpg', 'medium2_url': 'https://images4-a.ravelrycache.com/uploads/cashmerejunkie/853402312/20220225_144348_medium2.jpg', 'small2_url': 'https://images4-g.ravelrycache.com/uploads/cashmerejunkie/853402312/20220225_144348_small2.jpg', 'caption': None, 'caption_html': None, 'copyright_holder': None}, {'id': 112741104, 'sort_order': 11, 'user_id': 725222, 'x_offset': -5, 'y_offset': -35, 'square_url': 'https://images4-g.ravelrycache.com/uploads/cashmerejunkie/853402311/20220225_143847_square.jpg', 'medium_url': 'https://images4-g.ravelrycache.com/uploads/cashmerejunkie/853402311/20220225_143847_medium.jpg', 'thumbnail_url': 'https://images4-g.ravelrycache.com/uploads/cashmerejunkie/853402311/20220225_143847_thumbnail.jpg', 'small_url': 'https://images4-f.ravelrycache.com/uploads/cashmerejunkie/853402311/20220225_143847_small.jpg', 'flickr_url': None, 'shelved_url': 'https://images4-g.ravelrycache.com/uploads/cashmerejunkie/853402311/20220225_143847_shelved.jpg', 'medium2_url': 'https://images4-a.ravelrycache.com/uploads/cashmerejunkie/853402311/20220225_143847_medium2.jpg', 'small2_url': 'https://images4-g.ravelrycache.com/uploads/cashmerejunkie/853402311/20220225_143847_small2.jpg', 'caption': None, 'caption_html': None, 'copyright_holder': None}, {'id': 112741106, 'sort_order': 12, 'user_id': 725222, 'x_offset': 0, 'y_offset': 0, 'square_url': 'https://images4-g.ravelrycache.com/uploads/cashmerejunkie/853402186/8FE80B5C-0893-41F5-91D8-9AC54D01961C_square.jpeg', 'medium_url': 'https://images4-g.ravelrycache.com/uploads/cashmerejunkie/853402186/8FE80B5C-0893-41F5-91D8-9AC54D01961C_medium.jpeg', 'thumbnail_url': 'https://images4-g.ravelrycache.com/uploads/cashmerejunkie/853402186/8FE80B5C-0893-41F5-91D8-9AC54D01961C_thumbnail.jpeg', 'small_url': 'https://images4-f.ravelrycache.com/uploads/cashmerejunkie/853402186/8FE80B5C-0893-41F5-91D8-9AC54D01961C_small_best_fit.jpeg', 'flickr_url': None, 'shelved_url': 'https://images4-g.ravelrycache.com/uploads/cashmerejunkie/853402186/8FE80B5C-0893-41F5-91D8-9AC54D01961C_shelved.jpeg', 'medium2_url': 'https://images4-a.ravelrycache.com/uploads/cashmerejunkie/853402186/8FE80B5C-0893-41F5-91D8-9AC54D01961C_medium2.jpeg', 'small2_url': 'https://images4-g.ravelrycache.com/uploads/cashmerejunkie/853402186/8FE80B5C-0893-41F5-91D8-9AC54D01961C_small2.jpeg', 'caption': None, 'caption_html': None, 'copyright_holder': None}]"
Swann,Nadia Crétin-Léchenne,1241278,https://www.ravelry.com/patterns/library/swann,False,https://images4-a.ravelrycache.com/uploads/NadiaCL/854241042/S1_medium2.JPG,Knitting,"['teen', 'adult', 'bobble-or-popcorn', 'eyelets', 'lace', 'textured', 'saddle-shoulder', 'one-piece', 'seamless', 'top-down', 'chart', 'written-pattern', 'video-tutorial', 'provisional', 'schematic']",24.0,3.75,True,4.0,"stocking stitch, after blocking",pullover,Fingering,19,5.0,1 (2 – 3 – 4) 5 – 6 (7 – 8 – 9),"[{'id': 112764226, 'sort_order': 1, 'user_id': 26196, 'x_offset': 0, 'y_offset': -42, 'square_url': 'https://images4-f.ravelrycache.com/uploads/NadiaCL/854241042/S1_square.JPG', 'medium_url': 'https://images4-f.ravelrycache.com/uploads/NadiaCL/854241042/S1_medium.JPG', 'thumbnail_url': 'https://images4-g.ravelrycache.com/uploads/NadiaCL/854241042/S1_thumbnail.JPG', 'small_url': 'https://images4-f.ravelrycache.com/uploads/NadiaCL/854241042/S1_small_best_fit.JPG', 'flickr_url': None, 'shelved_url': 'https://images4-g.ravelrycache.com/uploads/NadiaCL/854241042/S1_shelved.JPG', 'medium2_url': 'https://images4-a.ravelrycache.com/uploads/NadiaCL/854241042/S1_medium2.JPG', 'small2_url': 'https://images4-f.ravelrycache.com/uploads/NadiaCL/854241042/S1_small2.JPG', 'caption': None, 'caption_html': None, 'copyright_holder': None}, {'id': 124707774, 'sort_order': 2, 'user_id': 1664267, 'x_offset': -39, 'y_offset': 0, 'square_url': 'https://images4-g.ravelrycache.com/uploads/madameYaka/853428839/IMG_E2930_1__square.JPG', 'medium_url': 'https://images4-f.ravelrycache.com/uploads/madameYaka/853428839/IMG_E2930_1__medium.JPG', 'thumbnail_url': 'https://images4-f.ravelrycache.com/uploads/madameYaka/853428839/IMG_E2930_1__thumbnail.JPG', 'small_url': 'https://images4-f.ravelrycache.com/uploads/madameYaka/853428839/IMG_E2930_1__small_best_fit.JPG', 'flickr_url': None, 'shelved_url': 'https://images4-f.ravelrycache.com/uploads/madameYaka/853428839/IMG_E2930_1__shelved.JPG', 'medium2_url': 'https://images4-a.ravelrycache.com/uploads/madameYaka/853428839/IMG_E2930_1__medium2.JPG', 'small2_url': 'https://images4-g.ravelrycache.com/uploads/madameYaka/853428839/IMG_E2930_1__small2.JPG', 'caption': None, 'caption_html': None, 'copyright_holder': None}, {'id': 112769453, 'sort_order': 3, 'user_id': 5637303, 'x_offset': 0, 'y_offset': 0, 'square_url': 'https://images4-f.ravelrycache.com/uploads/Maudcrea/854696110/96A77E8E-1DD2-4EB8-BFFB-43E01E8EE705_square.jpeg', 'medium_url': 'https://images4-f.ravelrycache.com/uploads/Maudcrea/854696110/96A77E8E-1DD2-4EB8-BFFB-43E01E8EE705_medium.jpeg', 'thumbnail_url': 'https://images4-g.ravelrycache.com/uploads/Maudcrea/854696110/96A77E8E-1DD2-4EB8-BFFB-43E01E8EE705_thumbnail.jpeg', 'small_url': 'https://images4-f.ravelrycache.com/uploads/Maudcrea/854696110/96A77E8E-1DD2-4EB8-BFFB-43E01E8EE705_small_best_fit.jpeg', 'flickr_url': None, 'shelved_url': 'https://images4-f.ravelrycache.com/uploads/Maudcrea/854696110/96A77E8E-1DD2-4EB8-BFFB-43E01E8EE705_shelved.jpeg', 'medium2_url': 'https://images4-a.ravelrycache.com/uploads/Maudcrea/854696110/96A77E8E-1DD2-4EB8-BFFB-43E01E8EE705_medium2.jpeg', 'small2_url': 'https://images4-f.ravelrycache.com/uploads/Maudcrea/854696110/96A77E8E-1DD2-4EB8-BFFB-43E01E8EE705_small2.jpeg', 'caption': None, 'caption_html': None, 'copyright_holder': None}, {'id': 112773585, 'sort_order': 4, 'user_id': 419111, 'x_offset': 0, 'y_offset': 0, 'square_url': 'https://images4-g.ravelrycache.com/uploads/Lolotte1409/854707258/DA122E87-FD19-4714-91DF-EBF1D43DCEE9_1_201_a_square.jpeg', 'medium_url': 'https://images4-g.ravelrycache.com/uploads/Lolotte1409/854707258/DA122E87-FD19-4714-91DF-EBF1D43DCEE9_1_201_a_medium.jpeg', 'thumbnail_url': 'https://images4-f.ravelrycache.com/uploads/Lolotte1409/854707258/DA122E87-FD19-4714-91DF-EBF1D43DCEE9_1_201_a_thumbnail.jpeg', 'small_url': 'https://images4-f.ravelrycache.com/uploads/Lolotte1409/854707258/DA122E87-FD19-4714-91DF-EBF1D43DCEE9_1_201_a_small_best_fit.jpeg', 'flickr_url': None, 'shelved_url': 'https://images4-f.ravelrycache.com/uploads/Lolotte1409/854707258/DA122E87-FD19-4714-91DF-EBF1D43DCEE9_1_201_a_shelved.jpeg', 'medium2_url': 'https://images4-a.ravelrycache.com/uploads/Lolotte1409/854707258/DA122E87-FD19-4714-91DF-EBF1D43DCEE9_1_201_a_medium2.jpeg', 'small2_url': 'https://images4-g.ravelrycache.com/uploads/Lolotte1409/854707258/DA122E87-FD19-4714-91DF-EBF1D43DCEE9_1_201_a_small2.jpeg', 'caption': None, 'caption_html': None, 'copyright_holder': None}, {'id': 112769749, 'sort_order': 5, 'user_id': 7309744, 'x_offset': -5, 'y_offset': -35, 'square_url': 'https://images4-f.ravelrycache.com/uploads/Miawool/854701405/BC11888E-E965-41E5-9806-BFA242853DD5_square.jpeg', 'medium_url': 'https://images4-f.ravelrycache.com/uploads/Miawool/854701405/BC11888E-E965-41E5-9806-BFA242853DD5_medium.jpeg', 'thumbnail_url': 'https://images4-g.ravelrycache.com/uploads/Miawool/854701405/BC11888E-E965-41E5-9806-BFA242853DD5_thumbnail.jpeg', 'small_url': 'https://images4-g.ravelrycache.com/uploads/Miawool/854701405/BC11888E-E965-41E5-9806-BFA242853DD5_small.jpeg', 'flickr_url': None, 'shelved_url': 'https://images4-g.ravelrycache.com/uploads/Miawool/854701405/BC11888E-E965-41E5-9806-BFA242853DD5_shelved.jpeg', 'medium2_url': 'https://images4-a.ravelrycache.com/uploads/Miawool/854701405/BC11888E-E965-41E5-9806-BFA242853DD5_medium2.jpeg', 'small2_url': 'https://images4-f.ravelrycache.com/uploads/Miawool/854701405/BC11888E-E965-41E5-9806-BFA242853DD5_small2.jpeg', 'caption': None, 'caption_html': None, 'copyright_holder': None}, {'id': 112769181, 'sort_order': 6, 'user_id': 7213293, 'x_offset': 0, 'y_offset': 0, 'square_url': 'https://images4-g.ravelrycache.com/uploads/walaaemad/854493027/20220509_155050_square.jpg', 'medium_url': 'https://images4-g.ravelrycache.com/uploads/walaaemad/854493027/20220509_155050_medium.jpg', 'thumbnail_url': 'https://images4-g.ravelrycache.com/uploads/walaaemad/854493027/20220509_155050_thumbnail.jpg', 'small_url': 'https://images4-g.ravelrycache.com/uploads/walaaemad/854493027/20220509_155050_small_best_fit.jpg', 'flickr_url': None, 'shelved_url': 'https://images4-g.ravelrycache.com/uploads/walaaemad/854493027/20220509_155050_shelved.jpg', 'medium2_url': 'https://images4-a.ravelrycache.com/uploads/walaaemad/854493027/20220509_155050_medium2.jpg', 'small2_url': 'https://images4-g.ravelrycache.com/uploads/walaaemad/854493027/20220509_155050_small2.jpg', 'caption': None, 'caption_html': None, 'copyright_holder': None}, {'id': 112764227, 'sort_order': 7, 'user_id': 26196, 'x_offset': 0, 'y_offset': -16, 'square_url': 'https://images4-g.ravelrycache.com/uploads/NadiaCL/854241041/S2_square.JPG', 'medium_url': 'https://images4-g.ravelrycache.com/uploads/NadiaCL/854241041/S2_medium.JPG', 'thumbnail_url': 'https://images4-g.ravelrycache.com/uploads/NadiaCL/854241041/S2_thumbnail.JPG', 'small_url': 'https://images4-f.ravelrycache.com/uploads/NadiaCL/854241041/S2_small_best_fit.JPG', 'flickr_url': None, 'shelved_url': 'https://images4-g.ravelrycache.com/uploads/NadiaCL/854241041/S2_shelved.JPG', 'medium2_url': 'https://images4-a.ravelrycache.com/uploads/NadiaCL/854241041/S2_medium2.JPG', 'small2_url': 'https://images4-g.ravelrycache.com/uploads/NadiaCL/854241041/S2_small2.JPG', 'caption': None, 'caption_html': None, 'copyright_holder': None}, {'id': 112764228, 'sort_order': 8, 'user_id': 26196, 'x_offset': 0, 'y_offset': -40, 'square_url': 'https://images4-f.ravelrycache.com/uploads/NadiaCL/854241040/S3_square.JPG', 'medium_url': 'https://images4-f.ravelrycache.com/uploads/NadiaCL/854241040/S3_medium.JPG', 'thumbnail_url': 'https://images4-f.ravelrycache.com/uploads/NadiaCL/854241040/S3_thumbnail.JPG', 'small_url': 'https://images4-f.ravelrycache.com/uploads/NadiaCL/854241040/S3_small_best_fit.JPG', 'flickr_url': None, 'shelved_url': 'https://images4-g.ravelrycache.com/uploads/NadiaCL/854241040/S3_shelved.JPG', 'medium2_url': 'https://images4-a.ravelrycache.com/uploads/NadiaCL/854241040/S3_medium2.JPG', 'small2_url': 'https://images4-f.ravelrycache.com/uploads/NadiaCL/854241040/S3_small2.JPG', 'caption': None, 'caption_html': None, 'copyright_holder': None}]"
Spirally Pure Wool,Heidi - Pickles,1241341,https://www.ravelry.com/patterns/library/spirally-pure-wool,False,https://images4-a.ravelrycache.com/uploads/picklespatterns/852062328/strikkeoppskrift_spirallytynn2_medium2.jpg,Knitting,"['female', 'unisex', 'adult', 'textured', 'circular-yoke', 'straight', 'bottom-up', 'mock-turtleneck', 'positive-ease', 'written-pattern', 'bracelet-sleeve', 'in-the-round']",23.0,0.0,True,4.0,Spiral stitch pattern,pullover,Fingering,4,0.0,XS (S) M (L) XL (XXL) XXXL,"[{'id': 112766636, 'sort_order': 1, 'user_id': 342714, 'x_offset': 0, 'y_offset': -43, 'square_url': 'https://images4-g.ravelrycache.com/uploads/picklespatterns/852062328/strikkeoppskrift_spirallytynn2_square.jpg', 'medium_url': 'https://images4-g.ravelrycache.com/uploads/picklespatterns/852062328/strikkeoppskrift_spirallytynn2_medium.jpg', 'thumbnail_url': 'https://images4-g.ravelrycache.com/uploads/picklespatterns/852062328/strikkeoppskrift_spirallytynn2_thumbnail.jpg', 'small_url': 'https://images4-f.ravelrycache.com/uploads/picklespatterns/852062328/strikkeoppskrift_spirallytynn2_small_best_fit.jpg', 'flickr_url': None, 'shelved_url': 'https://images4-f.ravelrycache.com/uploads/picklespatterns/852062328/strikkeoppskrift_spirallytynn2_shelved.jpg', 'medium2_url': 'https://images4-a.ravelrycache.com/uploads/picklespatterns/852062328/strikkeoppskrift_spirallytynn2_medium2.jpg', 'small2_url': 'https://images4-g.ravelrycache.com/uploads/picklespatterns/852062328/strikkeoppskrift_spirallytynn2_small2.jpg', 'caption': None, 'caption_html': None, 'copyright_holder': None}, {'id': 112766637, 'sort_order': 2, 'user_id': 342714, 'x_offset': 0, 'y_offset': -23, 'square_url': 'https://images4-f.ravelrycache.com/uploads/picklespatterns/852062327/strikkeoppskrift_spirallytynn3_square.jpg', 'medium_url': 'https://images4-f.ravelrycache.com/uploads/picklespatterns/852062327/strikkeoppskrift_spirallytynn3_medium.jpg', 'thumbnail_url': 'https://images4-f.ravelrycache.com/uploads/picklespatterns/852062327/strikkeoppskrift_spirallytynn3_thumbnail.jpg', 'small_url': 'https://images4-f.ravelrycache.com/uploads/picklespatterns/852062327/strikkeoppskrift_spirallytynn3_small_best_fit.jpg', 'flickr_url': None, 'shelved_url': 'https://images4-g.ravelrycache.com/uploads/picklespatterns/852062327/strikkeoppskrift_spirallytynn3_shelved.jpg', 'medium2_url': 'https://images4-a.ravelrycache.com/uploads/picklespatterns/852062327/strikkeoppskrift_spirallytynn3_medium2.jpg', 'small2_url': 'https://images4-f.ravelrycache.com/uploads/picklespatterns/852062327/strikkeoppskrift_spirallytynn3_small2.jpg', 'caption': None, 'caption_html': None, 'copyright_holder': None}, {'id': 112766638, 'sort_order': 3, 'user_id': 342714, 'x_offset': -2, 'y_offset': -35, 'square_url': 'https://images4-f.ravelrycache.com/uploads/picklespatterns/852062332/strikkeoppskrift_spirallytynn4_square.jpg', 'medium_url': 'https://images4-f.ravelrycache.com/uploads/picklespatterns/852062332/strikkeoppskrift_spirallytynn4_medium.jpg', 'thumbnail_url': 'https://images4-g.ravelrycache.com/uploads/picklespatterns/852062332/strikkeoppskrift_spirallytynn4_thumbnail.jpg', 'small_url': 'https://images4-f.ravelrycache.com/uploads/picklespatterns/852062332/strikkeoppskrift_spirallytynn4_small.jpg', 'flickr_url': None, 'shelved_url': 'https://images4-f.ravelrycache.com/uploads/picklespatterns/852062332/strikkeoppskrift_spirallytynn4_shelved.jpg', 'medium2_url': 'https://images4-a.ravelrycache.com/uploads/picklespatterns/852062332/strikkeoppskrift_spirallytynn4_medium2.jpg', 'small2_url': 'https://images4-f.ravelrycache.com/uploads/picklespatterns/852062332/strikkeoppskrift_spirallytynn4_small2.jpg', 'caption': None, 'caption_html': None, 'copyright_holder': None}, {'id': 112766639, 'sort_order': 4, 'user_id': 342714, 'x_offset': -2, 'y_offset': -35, 'square_url': 'https://images4-g.ravelrycache.com/uploads/picklespatterns/852062330/strikkeoppskrift_spirallytynn11_square.jpg', 'medium_url': 'https://images4-g.ravelrycache.com/uploads/picklespatterns/852062330/strikkeoppskrift_spirallytynn11_medium.jpg', 'thumbnail_url': 'https://images4-g.ravelrycache.com/uploads/picklespatterns/852062330/strikkeoppskrift_spirallytynn11_thumbnail.jpg', 'small_url': 'https://images4-f.ravelrycache.com/uploads/picklespatterns/852062330/strikkeoppskrift_spirallytynn11_small.jpg', 'flickr_url': None, 'shelved_url': 'https://images4-f.ravelrycache.com/uploads/picklespatterns/852062330/strikkeoppskrift_spirallytynn11_shelved.jpg', 'medium2_url': 'https://images4-a.ravelrycache.com/uploads/picklespatterns/852062330/strikkeoppskrift_spirallytynn11_medium2.jpg', 'small2_url': 'https://images4-g.ravelrycache.com/uploads/picklespatterns/852062330/strikkeoppskrift_spirallytynn11_small2.jpg', 'caption': None, 'caption_html': None, 'copyright_holder': None}, {'id': 112766640, 'sort_order': 5, 'user_id': 342714, 'x_offset': -1, 'y_offset': -22, 'square_url': 'https://images4-g.ravelrycache.com/uploads/picklespatterns/852062333/strikkeoppskrift_spirallytynn10_square.jpg', 'medium_url': 'https://images4-g.ravelrycache.com/uploads/picklespatterns/852062333/strikkeoppskrift_spirallytynn10_medium.jpg', 'thumbnail_url': 'https://images4-g.ravelrycache.com/uploads/picklespatterns/852062333/strikkeoppskrift_spirallytynn10_thumbnail.jpg', 'small_url': 'https://images4-f.ravelrycache.com/uploads/picklespatterns/852062333/strikkeoppskrift_spirallytynn10_small_best_fit.jpg', 'flickr_url': None, 'shelved_url': 'https://images4-f.ravelrycache.com/uploads/picklespatterns/852062333/strikkeoppskrift_spirallytynn10_shelved.jpg', 'medium2_url': 'https://images4-a.ravelrycache.com/uploads/picklespatterns/852062333/strikkeoppskrift_spirallytynn10_medium2.jpg', 'small2_url': 'https://images4-g.ravelrycache.com/uploads/picklespatterns/852062333/strikkeoppskrift_spirallytynn10_small2.jpg', 'caption': None, 'caption_html': None, 'copyright_holder': None}, {'id': 112766641, 'sort_order': 6, 'user_id': 342714, 'x_offset': 0, 'y_offset': -43, 'square_url': 'https://images4-f.ravelrycache.com/uploads/picklespatterns/852062335/strikkeoppskrift_spirallytynn1_square.jpg', 'medium_url': 'https://images4-f.ravelrycache.com/uploads/picklespatterns/852062335/strikkeoppskrift_spirallytynn1_medium.jpg', 'thumbnail_url': 'https://images4-g.ravelrycache.com/uploads/picklespatterns/852062335/strikkeoppskrift_spirallytynn1_thumbnail.jpg', 'small_url': 'https://images4-f.ravelrycache.com/uploads/picklespatterns/852062335/strikkeoppskrift_spirallytynn1_small_best_fit.jpg', 'flickr_url': None, 'shelved_url': 'https://images4-g.ravelrycache.com/uploads/picklespatterns/852062335/strikkeoppskrift_spirallytynn1_shelved.jpg', 'medium2_url': 'https://images4-a.ravelrycache.com/uploads/picklespatterns/852062335/strikkeoppskrift_spirallytynn1_medium2.jpg', 'small2_url': 'https://images4-f.ravelrycache.com/uploads/picklespatterns/852062335/strikkeoppskrift_spirallytynn1_small2.jpg', 'caption': None, 'caption_html': None, 'copyright_holder': None}, {'id': 112766642, 'sort_order': 7, 'user_id': 342714, 'x_offset': -1, 'y_offset': -35, 'square_url': 'https://images4-f.ravelrycache.com/uploads/picklespatterns/852062331/strikkeoppskrift_spirallytynn6_square.jpg', 'medium_url': 'https://images4-f.ravelrycache.com/uploads/picklespatterns/852062331/strikkeoppskrift_spirallytynn6_medium.jpg', 'thumbnail_url': 'https://images4-g.ravelrycache.com/uploads/picklespatterns/852062331/strikkeoppskrift_spirallytynn6_thumbnail.jpg', 'small_url': 'https://images4-f.ravelrycache.com/uploads/picklespatterns/852062331/strikkeoppskrift_spirallytynn6_small.jpg', 'flickr_url': None, 'shelved_url': 'https://images4-g.ravelrycache.com/uploads/picklespatterns/852062331/strikkeoppskrift_spirallytynn6_shelved.jpg', 'medium2_url': 'https://images4-a.ravelrycache.com/uploads/picklespatterns/852062331/strikkeoppskrift_spirallytynn6_medium2.jpg', 'small2_url': 'https://images4-f.ravelrycache.com/uploads/picklespatterns/852062331/strikkeoppskrift_spirallytynn6_small2.jpg', 'caption': None, 'caption_html': None, 'copyright_holder': None}, {'id': 112766643, 'sort_order': 8, 'user_id': 342714, 'x_offset': -2, 'y_offset': -35, 'square_url': 'https://images4-f.ravelrycache.com/uploads/picklespatterns/852062337/strikkeoppskrift_spirallytynn5_square.jpg', 'medium_url': 'https://images4-f.ravelrycache.com/uploads/picklespatterns/852062337/strikkeoppskrift_spirallytynn5_medium.jpg', 'thumbnail_url': 'https://images4-f.ravelrycache.com/uploads/picklespatterns/852062337/strikkeoppskrift_spirallytynn5_thumbnail.jpg', 'small_url': 'https://images4-g.ravelrycache.com/uploads/picklespatterns/852062337/strikkeoppskrift_spirallytynn5_small.jpg', 'flickr_url': None, 'shelved_url': 'https://images4-f.ravelrycache.com/uploads/picklespatterns/852062337/strikkeoppskrift_spirallytynn5_shelved.jpg', 'medium2_url': 'https://images4-a.ravelrycache.com/uploads/picklespatterns/852062337/strikkeoppskrift_spirallytynn5_medium2.jpg', 'small2_url': 'https://images4-f.ravelrycache.com/uploads/picklespatterns/852062337/strikkeoppskrift_spirallytynn5_small2.jpg', 'caption': None, 'caption_html': None, 'copyright_holder': None}, {'id': 112766644, 'sort_order': 9, 'user_id': 342714, 'x_offset': -5, 'y_offset': -35, 'square_url': 'https://images4-f.ravelrycache.com/uploads/picklespatterns/852062329/strikkeoppskrift_spirallytynn8_square.jpg', 'medium_url': 'https://images4-f.ravelrycache.com/uploads/picklespatterns/852062329/strikkeoppskrift_spirallytynn8_medium.jpg', 'thumbnail_url': 'https://images4-f.ravelrycache.com/uploads/picklespatterns/852062329/strikkeoppskrift_spirallytynn8_thumbnail.jpg', 'small_url': 'https://images4-g.ravelrycache.com/uploads/picklespatterns/852062329/strikkeoppskrift_spirallytynn8_small.jpg', 'flickr_url': None, 'shelved_url': 'https://images4-f.ravelrycache.com/uploads/picklespatterns/852062329/strikkeoppskrift_spirallytynn8_shelved.jpg', 'medium2_url': 'https://images4-a.ravelrycache.com/uploads/picklespatterns/852062329/strikkeoppskrift_spirallytynn8_medium2.jpg', 'small2_url': 'https://images4-f.ravelrycache.com/uploads/picklespatterns/852062329/strikkeoppskrift_spirallytynn8_small2.jpg', 'caption': None, 'caption_html': None, 'copyright_holder': None}, {'id': 112766645, 'sort_order': 10, 'user_id': 342714, 'x_offset': -2, 'y_offset': -35, 'square_url': 'https://images4-g.ravelrycache.com/uploads/picklespatterns/852062338/strikkeoppskrift_spirallytynn7_square.jpg', 'medium_url': 'https://images4-g.ravelrycache.com/uploads/picklespatterns/852062338/strikkeoppskrift_spirallytynn7_medium.jpg', 'thumbnail_url': 'https://images4-f.ravelrycache.com/uploads/picklespatterns/852062338/strikkeoppskrift_spirallytynn7_thumbnail.jpg', 'small_url': 'https://images4-g.ravelrycache.com/uploads/picklespatterns/852062338/strikkeoppskrift_spirallytynn7_small.jpg', 'flickr_url': None, 'shelved_url': 'https://images4-f.ravelrycache.com/uploads/picklespatterns/852062338/strikkeoppskrift_spirallytynn7_shelved.jpg', 'medium2_url': 'https://images4-a.ravelrycache.com/uploads/picklespatterns/852062338/strikkeoppskrift_spirallytynn7_medium2.jpg', 'small2_url': 'https://images4-g.ravelrycache.com/uploads/picklespatterns/852062338/strikkeoppskrift_spirallytynn7_small2.jpg', 'caption': None, 'caption_html': None, 'copyright_holder': None}, {'id': 112766646, 'sort_order': 11, 'user_id': 342714, 'x_offset': -4, 'y_offset': -35, 'square_url': 'https://images4-g.ravelrycache.com/uploads/picklespatterns/852062336/strikkeoppskrift_spirallytynn9_square.jpg', 'medium_url': 'https://images4-g.ravelrycache.com/uploads/picklespatterns/852062336/strikkeoppskrift_spirallytynn9_medium.jpg', 'thumbnail_url': 'https://images4-f.ravelrycache.com/uploads/picklespatterns/852062336/strikkeoppskrift_spirallytynn9_thumbnail.jpg', 'small_url': 'https://images4-f.ravelrycache.com/uploads/picklespatterns/852062336/strikkeoppskrift_spirallytynn9_small.jpg', 'flickr_url': None, 'shelved_url': 'https://images4-g.ravelrycache.com/uploads/picklespatterns/852062336/strikkeoppskrift_spirallytynn9_shelved.jpg', 'medium2_url': 'https://images4-a.ravelrycache.com/uploads/picklespatterns/852062336/strikkeoppskrift_spirallytynn9_medium2.jpg', 'small2_url': 'https://images4-g.ravelrycache.com/uploads/picklespatterns/852062336/strikkeoppskrift_spirallytynn9_small2.jpg', 'caption': None, 'caption_html': None, 'copyright_holder': None}]"
Tendre,Paula Wiśniewska,1241467,https://www.ravelry.com/patterns/library/tendre-3,False,https://images4-a.ravelrycache.com/uploads/polkaknits/854755761/tendre_pullover_polkaknits_0_medium2.jpg,Knitting,"['female', 'oversized', 'plus', 'reversible', 'ribbed', 'textured', 'v-neck', 'long-sleeve', 'raglan-sleeve', 'straight', 'one-piece', 'seamless', 'top-down', 'positive-ease', 'written-pattern', 'bracelet-sleeve', 'cuffed-sleeve', 'in-the-round', 'schematic']",15.0,2.4444444444444446,True,4.0,"in Stst with larger needles, after blocking.",pullover,Worsted,25,5.0,38.5 - 6.75”/ 97.5 - 169.5 cm ,"[{'id': 112772406, 'sort_order': 1, 'user_id': 32550, 'x_offset': -1, 'y_offset': -58, 'square_url': 'https://images4-f.ravelrycache.com/uploads/polkaknits/854755761/tendre_pullover_polkaknits_0_square.jpg', 'medium_url': 'https://images4-f.ravelrycache.com/uploads/polkaknits/854755761/tendre_pullover_polkaknits_0_medium.jpg', 'thumbnail_url': 'https://images4-g.ravelrycache.com/uploads/polkaknits/854755761/tendre_pullover_polkaknits_0_thumbnail.jpg', 'small_url': 'https://images4-g.ravelrycache.com/uploads/polkaknits/854755761/tendre_pullover_polkaknits_0_small_best_fit.jpg', 'flickr_url': None, 'shelved_url': 'https://images4-f.ravelrycache.com/uploads/polkaknits/854755761/tendre_pullover_polkaknits_0_shelved.jpg', 'medium2_url': 'https://images4-a.ravelrycache.com/uploads/polkaknits/854755761/tendre_pullover_polkaknits_0_medium2.jpg', 'small2_url': 'https://images4-f.ravelrycache.com/uploads/polkaknits/854755761/tendre_pullover_polkaknits_0_small2.jpg', 'caption': None, 'caption_html': None, 'copyright_holder': None}, {'id': 112772407, 'sort_order': 2, 'user_id': 32550, 'x_offset': -1, 'y_offset': -68, 'square_url': 'https://images4-f.ravelrycache.com/uploads/polkaknits/854754582/tendre_pullover_polkaknits_3_square.jpg', 'medium_url': 'https://images4-f.ravelrycache.com/uploads/polkaknits/854754582/tendre_pullover_polkaknits_3_medium.jpg', 'thumbnail_url': 'https://images4-f.ravelrycache.com/uploads/polkaknits/854754582/tendre_pullover_polkaknits_3_thumbnail.jpg', 'small_url': 'https://images4-f.ravelrycache.com/uploads/polkaknits/854754582/tendre_pullover_polkaknits_3_small_best_fit.jpg', 'flickr_url': None, 'shelved_url': 'https://images4-g.ravelrycache.com/uploads/polkaknits/854754582/tendre_pullover_polkaknits_3_shelved.jpg', 'medium2_url': 'https://images4-a.ravelrycache.com/uploads/polkaknits/854754582/tendre_pullover_polkaknits_3_medium2.jpg', 'small2_url': 'https://images4-f.ravelrycache.com/uploads/polkaknits/854754582/tendre_pullover_polkaknits_3_small2.jpg', 'caption': None, 'caption_html': None, 'copyright_holder': None}, {'id': 112772410, 'sort_order': 3, 'user_id': 32550, 'x_offset': 0, 'y_offset': -41, 'square_url': 'https://images4-f.ravelrycache.com/uploads/polkaknits/854754584/tendre_pullover_polkaknits_2_square.jpg', 'medium_url': 'https://images4-f.ravelrycache.com/uploads/polkaknits/854754584/tendre_pullover_polkaknits_2_medium.jpg', 'thumbnail_url': 'https://images4-f.ravelrycache.com/uploads/polkaknits/854754584/tendre_pullover_polkaknits_2_thumbnail.jpg', 'small_url': 'https://images4-g.ravelrycache.com/uploads/polkaknits/854754584/tendre_pullover_polkaknits_2_small_best_fit.jpg', 'flickr_url': None, 'shelved_url': 'https://images4-g.ravelrycache.com/uploads/polkaknits/854754584/tendre_pullover_polkaknits_2_shelved.jpg', 'medium2_url': 'https://images4-a.ravelrycache.com/uploads/polkaknits/854754584/tendre_pullover_polkaknits_2_medium2.jpg', 'small2_url': 'https://images4-f.ravelrycache.com/uploads/polkaknits/854754584/tendre_pullover_polkaknits_2_small2.jpg', 'caption': None, 'caption_html': None, 'copyright_holder': None}, {'id': 112774592, 'sort_order': 4, 'user_id': 10206493, 'x_offset': 0, 'y_offset': 0, 'square_url': 'https://images4-f.ravelrycache.com/uploads/peripateticknits/853061015/C732AD2B-61D6-4A59-92BE-E3C59ED7AF05_square.JPG', 'medium_url': 'https://images4-f.ravelrycache.com/uploads/peripateticknits/853061015/C732AD2B-61D6-4A59-92BE-E3C59ED7AF05_medium.JPG', 'thumbnail_url': 'https://images4-g.ravelrycache.com/uploads/peripateticknits/853061015/C732AD2B-61D6-4A59-92BE-E3C59ED7AF05_thumbnail.JPG', 'small_url': 'https://images4-f.ravelrycache.com/uploads/peripateticknits/853061015/C732AD2B-61D6-4A59-92BE-E3C59ED7AF05_small_best_fit.JPG', 'flickr_url': None, 'shelved_url': 'https://images4-g.ravelrycache.com/uploads/peripateticknits/853061015/C732AD2B-61D6-4A59-92BE-E3C59ED7AF05_shelved.JPG', 'medium2_url': 'https://images4-a.ravelrycache.com/uploads/peripateticknits/853061015/C732AD2B-61D6-4A59-92BE-E3C59ED7AF05_medium2.JPG', 'small2_url': 'https://images4-f.ravelrycache.com/uploads/peripateticknits/853061015/C732AD2B-61D6-4A59-92BE-E3C59ED7AF05_small2.JPG', 'caption': None, 'caption_html': None, 'copyright_holder': None}, {'id': 112772702, 'sort_order': 5, 'user_id': 1339680, 'x_offset': -5, 'y_offset': -35, 'square_url': 'https://images4-f.ravelrycache.com/uploads/SuperStephs/854170094/20220508_211254739_iOS_square.jpg', 'medium_url': 'https://images4-f.ravelrycache.com/uploads/SuperStephs/854170094/20220508_211254739_iOS_medium.jpg', 'thumbnail_url': 'https://images4-f.ravelrycache.com/uploads/SuperStephs/854170094/20220508_211254739_iOS_thumbnail.jpg', 'small_url': 'https://images4-f.ravelrycache.com/uploads/SuperStephs/854170094/20220508_211254739_iOS_small.jpg', 'flickr_url': None, 'shelved_url': 'https://images4-f.ravelrycache.com/uploads/SuperStephs/854170094/20220508_211254739_iOS_shelved.jpg', 'medium2_url': 'https://images4-a.ravelrycache.com/uploads/SuperStephs/854170094/20220508_211254739_iOS_medium2.jpg', 'small2_url': 'https://images4-f.ravelrycache.com/uploads/SuperStephs/854170094/20220508_211254739_iOS_small2.jpg', 'caption': None, 'caption_html': None, 'copyright_holder': None}, {'id': 112836042, 'sort_order': 6, 'user_id': 3225873, 'x_offset': 0, 'y_offset': 0, 'square_url': 'https://images4-f.ravelrycache.com/uploads/ChristelVillette/854798304/upload_square', 'medium_url': 'https://images4-g.ravelrycache.com/uploads/ChristelVillette/854798304/upload_medium', 'thumbnail_url': 'https://images4-f.ravelrycache.com/uploads/ChristelVillette/854798304/upload_thumbnail', 'small_url': 'https://images4-f.ravelrycache.com/uploads/ChristelVillette/854798304/upload_small_best_fit', 'flickr_url': None, 'shelved_url': 'https://images4-f.ravelrycache.com/uploads/ChristelVillette/854798304/upload_shelved', 'medium2_url': 'https://images4-a.ravelrycache.com/uploads/ChristelVillette/854798304/upload_medium2', 'small2_url': 'https://images4-f.ravelrycache.com/uploads/ChristelVillette/854798304/upload_small2', 'caption': None, 'caption_html': None, 'copyright_holder': None}, {'id': 112772411, 'sort_order': 7, 'user_id': 32550, 'x_offset': 0, 'y_offset': -11, 'square_url': 'https://images4-f.ravelrycache.com/uploads/polkaknits/854753673/tendre_pullover_polkaknits_detail_square.jpg', 'medium_url': 'https://images4-f.ravelrycache.com/uploads/polkaknits/854753673/tendre_pullover_polkaknits_detail_medium.jpg', 'thumbnail_url': 'https://images4-g.ravelrycache.com/uploads/polkaknits/854753673/tendre_pullover_polkaknits_detail_thumbnail.jpg', 'small_url': 'https://images4-g.ravelrycache.com/uploads/polkaknits/854753673/tendre_pullover_polkaknits_detail_small_best_fit.jpg', 'flickr_url': None, 'shelved_url': 'https://images4-g.ravelrycache.com/uploads/polkaknits/854753673/tendre_pullover_polkaknits_detail_shelved.jpg', 'medium2_url': 'https://images4-a.ravelrycache.com/uploads/polkaknits/854753673/tendre_pullover_polkaknits_detail_medium2.jpg', 'small2_url': 'https://images4-f.ravelrycache.com/uploads/polkaknits/854753673/tendre_pullover_polkaknits_detail_small2.jpg', 'caption': None, 'caption_html': None, 'copyright_holder': None}, {'id': 112772701, 'sort_order': 8, 'user_id': 1339680, 'x_offset': -5, 'y_offset': -35, 'square_url': 'https://images4-f.ravelrycache.com/uploads/SuperStephs/854170143/20220508_210603438_iOS_square.jpg', 'medium_url': 'https://images4-f.ravelrycache.com/uploads/SuperStephs/854170143/20220508_210603438_iOS_medium.jpg', 'thumbnail_url': 'https://images4-g.ravelrycache.com/uploads/SuperStephs/854170143/20220508_210603438_iOS_thumbnail.jpg', 'small_url': 'https://images4-f.ravelrycache.com/uploads/SuperStephs/854170143/20220508_210603438_iOS_small.jpg', 'flickr_url': None, 'shelved_url': 'https://images4-g.ravelrycache.com/uploads/SuperStephs/854170143/20220508_210603438_iOS_shelved.jpg', 'medium2_url': 'https://images4-a.ravelrycache.com/uploads/SuperStephs/854170143/20220508_210603438_iOS_medium2.jpg', 'small2_url': 'https://images4-f.ravelrycache.com/uploads/SuperStephs/854170143/20220508_210603438_iOS_small2.jpg', 'caption': None, 'caption_html': None, 'copyright_holder': None}, {'id': 112772409, 'sort_order': 9, 'user_id': 32550, 'x_offset': -2, 'y_offset': -15, 'square_url': 'https://images4-f.ravelrycache.com/uploads/polkaknits/854754583/tendre_pullover_polkaknits_4_square.jpg', 'medium_url': 'https://images4-f.ravelrycache.com/uploads/polkaknits/854754583/tendre_pullover_polkaknits_4_medium.jpg', 'thumbnail_url': 'https://images4-f.ravelrycache.com/uploads/polkaknits/854754583/tendre_pullover_polkaknits_4_thumbnail.jpg', 'small_url': 'https://images4-g.ravelrycache.com/uploads/polkaknits/854754583/tendre_pullover_polkaknits_4_small_best_fit.jpg', 'flickr_url': None, 'shelved_url': 'https://images4-f.ravelrycache.com/uploads/polkaknits/854754583/tendre_pullover_polkaknits_4_shelved.jpg', 'medium2_url': 'https://images4-a.ravelrycache.com/uploads/polkaknits/854754583/tendre_pullover_polkaknits_4_medium2.jpg', 'small2_url': 'https://images4-f.ravelrycache.com/uploads/polkaknits/854754583/tendre_pullover_polkaknits_4_small2.jpg', 'caption': None, 'caption_html': None, 'copyright_holder': None}, {'id': 112772412, 'sort_order': 10, 'user_id': 32550, 'x_offset': -1, 'y_offset': -43, 'square_url': 'https://images4-g.ravelrycache.com/uploads/polkaknits/854754580/tendre_pullover_polkaknits_1_square.jpg', 'medium_url': 'https://images4-g.ravelrycache.com/uploads/polkaknits/854754580/tendre_pullover_polkaknits_1_medium.jpg', 'thumbnail_url': 'https://images4-g.ravelrycache.com/uploads/polkaknits/854754580/tendre_pullover_polkaknits_1_thumbnail.jpg', 'small_url': 'https://images4-g.ravelrycache.com/uploads/polkaknits/854754580/tendre_pullover_polkaknits_1_small_best_fit.jpg', 'flickr_url': None, 'shelved_url': 'https://images4-f.ravelrycache.com/uploads/polkaknits/854754580/tendre_pullover_polkaknits_1_shelved.jpg', 'medium2_url': 'https://images4-a.ravelrycache.com/uploads/polkaknits/854754580/tendre_pullover_polkaknits_1_medium2.jpg', 'small2_url': 'https://images4-g.ravelrycache.com/uploads/polkaknits/854754580/tendre_pullover_polkaknits_1_small2.jpg', 'caption': None, 'caption_html': None, 'copyright_holder': None}, {'id': 112772408, 'sort_order': 11, 'user_id': 32550, 'x_offset': 0, 'y_offset': -43, 'square_url': 'https://images4-g.ravelrycache.com/uploads/polkaknits/854756279/tendre_pullover_polkaknits_8_square.jpg', 'medium_url': 'https://images4-g.ravelrycache.com/uploads/polkaknits/854756279/tendre_pullover_polkaknits_8_medium.jpg', 'thumbnail_url': 'https://images4-g.ravelrycache.com/uploads/polkaknits/854756279/tendre_pullover_polkaknits_8_thumbnail.jpg', 'small_url': 'https://images4-g.ravelrycache.com/uploads/polkaknits/854756279/tendre_pullover_polkaknits_8_small_best_fit.jpg', 'flickr_url': None, 'shelved_url': 'https://images4-g.ravelrycache.com/uploads/polkaknits/854756279/tendre_pullover_polkaknits_8_shelved.jpg', 'medium2_url': 'https://images4-a.ravelrycache.com/uploads/polkaknits/854756279/tendre_pullover_polkaknits_8_medium2.jpg', 'small2_url': 'https://images4-g.ravelrycache.com/uploads/polkaknits/854756279/tendre_pullover_polkaknits_8_small2.jpg', 'caption': None, 'caption_html': None, 'copyright_holder': None}, {'id': 112772413, 'sort_order': 12, 'user_id': 32550, 'x_offset': -1, 'y_offset': -44, 'square_url': 'https://images4-g.ravelrycache.com/uploads/polkaknits/854754581/tendre_pullover_polkaknits_5_square.jpg', 'medium_url': 'https://images4-g.ravelrycache.com/uploads/polkaknits/854754581/tendre_pullover_polkaknits_5_medium.jpg', 'thumbnail_url': 'https://images4-f.ravelrycache.com/uploads/polkaknits/854754581/tendre_pullover_polkaknits_5_thumbnail.jpg', 'small_url': 'https://images4-f.ravelrycache.com/uploads/polkaknits/854754581/tendre_pullover_polkaknits_5_small_best_fit.jpg', 'flickr_url': None, 'shelved_url': 'https://images4-f.ravelrycache.com/uploads/polkaknits/854754581/tendre_pullover_polkaknits_5_shelved.jpg', 'medium2_url': 'https://images4-a.ravelrycache.com/uploads/polkaknits/854754581/tendre_pullover_polkaknits_5_medium2.jpg', 'small2_url': 'https://images4-g.ravelrycache.com/uploads/polkaknits/854754581/tendre_pullover_polkaknits_5_small2.jpg', 'caption': None, 'caption_html': None, 'copyright_holder': None}, {'id': 112772414, 'sort_order': 13, 'user_id': 32550, 'x_offset': 1, 'y_offset': 0, 'square_url': 'https://images4-g.ravelrycache.com/uploads/polkaknits/854755254/tendre_pullover_polkaknits_6_square.jpg', 'medium_url': 'https://images4-g.ravelrycache.com/uploads/polkaknits/854755254/tendre_pullover_polkaknits_6_medium.jpg', 'thumbnail_url': 'https://images4-g.ravelrycache.com/uploads/polkaknits/854755254/tendre_pullover_polkaknits_6_thumbnail.jpg', 'small_url': 'https://images4-g.ravelrycache.com/uploads/polkaknits/854755254/tendre_pullover_polkaknits_6_small_best_fit.jpg', 'flickr_url': None, 'shelved_url': 'https://images4-f.ravelrycache.com/uploads/polkaknits/854755254/tendre_pullover_polkaknits_6_shelved.jpg', 'medium2_url': 'https://images4-a.ravelrycache.com/uploads/polkaknits/854755254/tendre_pullover_polkaknits_6_medium2.jpg', 'small2_url': 'https://images4-g.ravelrycache.com/uploads/polkaknits/854755254/tendre_pullover_polkaknits_6_small2.jpg', 'caption': None, 'caption_html': None, 'copyright_holder': None}]"
Enid Jumper,Sarah Hatton,1241730,https://www.ravelry.com/patterns/library/enid-jumper,False,https://images4-a.ravelrycache.com/uploads/SimplyCrochetMag/854894907/IG_TKN_176_SarahChild.sl0143_medium2.jpg,Knitting,"['ribbed', 'textured', 'set-in-sleeve', 'written-pattern', 'schematic']",,0.0,False,4.0,,pullover,DK,6,0.0,2 - 7 years,"[{'id': 112789763, 'sort_order': 1, 'user_id': 8010251, 'x_offset': 0, 'y_offset': 0, 'square_url': 'https://images4-g.ravelrycache.com/uploads/SimplyCrochetMag/854894907/IG_TKN_176_SarahChild.sl0143_square.jpg', 'medium_url': 'https://images4-g.ravelrycache.com/uploads/SimplyCrochetMag/854894907/IG_TKN_176_SarahChild.sl0143_medium.jpg', 'thumbnail_url': 'https://images4-f.ravelrycache.com/uploads/SimplyCrochetMag/854894907/IG_TKN_176_SarahChild.sl0143_thumbnail.jpg', 'small_url': 'https://images4-f.ravelrycache.com/uploads/SimplyCrochetMag/854894907/IG_TKN_176_SarahChild.sl0143_small_best_fit.jpg', 'flickr_url': None, 'shelved_url': 'https://images4-f.ravelrycache.com/uploads/SimplyCrochetMag/854894907/IG_TKN_176_SarahChild.sl0143_shelved.jpg', 'medium2_url': 'https://images4-a.ravelrycache.com/uploads/SimplyCrochetMag/854894907/IG_TKN_176_SarahChild.sl0143_medium2.jpg', 'small2_url': 'https://images4-g.ravelrycache.com/uploads/SimplyCrochetMag/854894907/IG_TKN_176_SarahChild.sl0143_small2.jpg', 'caption': None, 'caption_html': None, 'copyright_holder': None}]"
Tomten Pullover,Fox & Folk,1242106,https://www.ravelry.com/patterns/library/tomten-pullover,False,https://images4-a.ravelrycache.com/uploads/Foxandfolk/855269243/TFF_medium2.jpg,Knitting,"['ribbed', 'circular-yoke', 'stranded', 'top-down', 'latvian', 'in-the-round']",17.5,0.0,True,4.0,,pullover,Worsted,8,0.0,"Bust sizes: 34(38, 42, 46, 50, 54, 58, 62, 66)"" /86(96.5, 107, 117, 127, 137, 147, 157, 167) cm","[{'id': 112835421, 'sort_order': 1, 'user_id': 6996292, 'x_offset': -2, 'y_offset': -42, 'square_url': 'https://images4-g.ravelrycache.com/uploads/Foxandfolk/855269243/TFF_square.jpg', 'medium_url': 'https://images4-g.ravelrycache.com/uploads/Foxandfolk/855269243/TFF_medium.jpg', 'thumbnail_url': 'https://images4-f.ravelrycache.com/uploads/Foxandfolk/855269243/TFF_thumbnail.jpg', 'small_url': 'https://images4-g.ravelrycache.com/uploads/Foxandfolk/855269243/TFF_small_best_fit.jpg', 'flickr_url': None, 'shelved_url': 'https://images4-f.ravelrycache.com/uploads/Foxandfolk/855269243/TFF_shelved.jpg', 'medium2_url': 'https://images4-a.ravelrycache.com/uploads/Foxandfolk/855269243/TFF_medium2.jpg', 'small2_url': 'https://images4-g.ravelrycache.com/uploads/Foxandfolk/855269243/TFF_small2.jpg', 'caption': None, 'caption_html': None, 'copyright_holder': None}, {'id': 112834414, 'sort_order': 2, 'user_id': 6996292, 'x_offset': 0, 'y_offset': -40, 'square_url': 'https://images4-g.ravelrycache.com/uploads/Foxandfolk/855249568/AirBrush_20220515124504_square.jpg', 'medium_url': 'https://images4-g.ravelrycache.com/uploads/Foxandfolk/855249568/AirBrush_20220515124504_medium.jpg', 'thumbnail_url': 'https://images4-g.ravelrycache.com/uploads/Foxandfolk/855249568/AirBrush_20220515124504_thumbnail.jpg', 'small_url': 'https://images4-f.ravelrycache.com/uploads/Foxandfolk/855249568/AirBrush_20220515124504_small_best_fit.jpg', 'flickr_url': None, 'shelved_url': 'https://images4-f.ravelrycache.com/uploads/Foxandfolk/855249568/AirBrush_20220515124504_shelved.jpg', 'medium2_url': 'https://images4-a.ravelrycache.com/uploads/Foxandfolk/855249568/AirBrush_20220515124504_medium2.jpg', 'small2_url': 'https://images4-g.ravelrycache.com/uploads/Foxandfolk/855249568/AirBrush_20220515124504_small2.jpg', 'caption': None, 'caption_html': None, 'copyright_holder': None}, {'id': 112834415, 'sort_order': 3, 'user_id': 6996292, 'x_offset': 0, 'y_offset': -43, 'square_url': 'https://images4-g.ravelrycache.com/uploads/Foxandfolk/855249530/AirBrush_20220515125257_square.jpg', 'medium_url': 'https://images4-g.ravelrycache.com/uploads/Foxandfolk/855249530/AirBrush_20220515125257_medium.jpg', 'thumbnail_url': 'https://images4-f.ravelrycache.com/uploads/Foxandfolk/855249530/AirBrush_20220515125257_thumbnail.jpg', 'small_url': 'https://images4-g.ravelrycache.com/uploads/Foxandfolk/855249530/AirBrush_20220515125257_small_best_fit.jpg', 'flickr_url': None, 'shelved_url': 'https://images4-f.ravelrycache.com/uploads/Foxandfolk/855249530/AirBrush_20220515125257_shelved.jpg', 'medium2_url': 'https://images4-a.ravelrycache.com/uploads/Foxandfolk/855249530/AirBrush_20220515125257_medium2.jpg', 'small2_url': 'https://images4-g.ravelrycache.com/uploads/Foxandfolk/855249530/AirBrush_20220515125257_small2.jpg', 'caption': None, 'caption_html': None, 'copyright_holder': None}, {'id': 112834416, 'sort_order': 4, 'user_id': 6996292, 'x_offset': -55, 'y_offset': 1, 'square_url': 'https://images4-f.ravelrycache.com/uploads/Foxandfolk/855249438/IMG_2576__1__square.jpg', 'medium_url': 'https://images4-f.ravelrycache.com/uploads/Foxandfolk/855249438/IMG_2576__1__medium.jpg', 'thumbnail_url': 'https://images4-f.ravelrycache.com/uploads/Foxandfolk/855249438/IMG_2576__1__thumbnail.jpg', 'small_url': 'https://images4-g.ravelrycache.com/uploads/Foxandfolk/855249438/IMG_2576__1__small_best_fit.jpg', 'flickr_url': None, 'shelved_url': 'https://images4-f.ravelrycache.com/uploads/Foxandfolk/855249438/IMG_2576__1__shelved.jpg', 'medium2_url': 'https://images4-a.ravelrycache.com/uploads/Foxandfolk/855249438/IMG_2576__1__medium2.jpg', 'small2_url': 'https://images4-f.ravelrycache.com/uploads/Foxandfolk/855249438/IMG_2576__1__small2.jpg', 'caption': None, 'caption_html': None, 'copyright_holder': None}, {'id': 112834417, 'sort_order': 5, 'user_id': 6996292, 'x_offset': -43, 'y_offset': 0, 'square_url': 'https://images4-f.ravelrycache.com/uploads/Foxandfolk/852780681/IMG_2027_square.JPG', 'medium_url': 'https://images4-f.ravelrycache.com/uploads/Foxandfolk/852780681/IMG_2027_medium.JPG', 'thumbnail_url': 'https://images4-g.ravelrycache.com/uploads/Foxandfolk/852780681/IMG_2027_thumbnail.JPG', 'small_url': 'https://images4-g.ravelrycache.com/uploads/Foxandfolk/852780681/IMG_2027_small_best_fit.JPG', 'flickr_url': None, 'shelved_url': 'https://images4-g.ravelrycache.com/uploads/Foxandfolk/852780681/IMG_2027_shelved.JPG', 'medium2_url': 'https://images4-a.ravelrycache.com/uploads/Foxandfolk/852780681/IMG_2027_medium2.JPG', 'small2_url': 'https://images4-f.ravelrycache.com/uploads/Foxandfolk/852780681/IMG_2027_small2.JPG', 'caption': None, 'caption_html': None, 'copyright_holder': None}, {'id': 112834418, 'sort_order': 6, 'user_id': 6996292, 'x_offset': -44, 'y_offset': -1, 'square_url': 'https://images4-f.ravelrycache.com/uploads/Foxandfolk/852780651/TomtenBack_square.jpg', 'medium_url': 'https://images4-f.ravelrycache.com/uploads/Foxandfolk/852780651/TomtenBack_medium.jpg', 'thumbnail_url': 'https://images4-g.ravelrycache.com/uploads/Foxandfolk/852780651/TomtenBack_thumbnail.jpg', 'small_url': 'https://images4-f.ravelrycache.com/uploads/Foxandfolk/852780651/TomtenBack_small_best_fit.jpg', 'flickr_url': None, 'shelved_url': 'https://images4-g.ravelrycache.com/uploads/Foxandfolk/852780651/TomtenBack_shelved.jpg', 'medium2_url': 'https://images4-a.ravelrycache.com/uploads/Foxandfolk/852780651/TomtenBack_medium2.jpg', 'small2_url': 'https://images4-f.ravelrycache.com/uploads/Foxandfolk/852780651/TomtenBack_small2.jpg', 'caption': None, 'caption_html': None, 'copyright_holder': None}, {'id': 112834419, 'sort_order': 7, 'user_id': 6996292, 'x_offset': -43, 'y_offset': 0, 'square_url': 'https://images4-g.ravelrycache.com/uploads/Foxandfolk/852780264/IMG_2014_square.JPG', 'medium_url': 'https://images4-g.ravelrycache.com/uploads/Foxandfolk/852780264/IMG_2014_medium.JPG', 'thumbnail_url': 'https://images4-g.ravelrycache.com/uploads/Foxandfolk/852780264/IMG_2014_thumbnail.JPG', 'small_url': 'https://images4-g.ravelrycache.com/uploads/Foxandfolk/852780264/IMG_2014_small_best_fit.JPG', 'flickr_url': None, 'shelved_url': 'https://images4-f.ravelrycache.com/uploads/Foxandfolk/852780264/IMG_2014_shelved.JPG', 'medium2_url': 'https://images4-a.ravelrycache.com/uploads/Foxandfolk/852780264/IMG_2014_medium2.JPG', 'small2_url': 'https://images4-g.ravelrycache.com/uploads/Foxandfolk/852780264/IMG_2014_small2.JPG', 'caption': None, 'caption_html': None, 'copyright_holder': None}]"
Nemesia,Berroco Design Team,1242471,https://www.ravelry.com/patterns/library/nemesia-2,True,https://images4-a.ravelrycache.com/uploads/AsaMiaKnits/855532215/Nemesia-1_medium2.jpg,Knitting,"['adult', 'plus', 'seamed', 'sleeves', '3-4-sleeve', 'bottom-up', 'positive-ease', 'written-pattern', 'worked-flat', 'other-colorwork', 'stripes-colorwork', 'schematic']",20.0,4.5,True,4.0,Stockinette Stitch,pullover,DK,18,4.75,"Bust: (36, 40, 44) [48, 52, 56] {60, 64, 68}"" / (91.5, 101.5, 112) [119.5, 132, 142] {152.5, 162.5, 172.5} cm","[{'id': 112867858, 'sort_order': 1, 'user_id': 6140882, 'x_offset': -5, 'y_offset': -35, 'square_url': 'https://images4-g.ravelrycache.com/uploads/AsaMiaKnits/855532215/Nemesia-1_square.jpg', 'medium_url': 'https://images4-g.ravelrycache.com/uploads/AsaMiaKnits/855532215/Nemesia-1_medium.jpg', 'thumbnail_url': 'https://images4-g.ravelrycache.com/uploads/AsaMiaKnits/855532215/Nemesia-1_thumbnail.jpg', 'small_url': 'https://images4-f.ravelrycache.com/uploads/AsaMiaKnits/855532215/Nemesia-1_small.jpg', 'flickr_url': None, 'shelved_url': 'https://images4-f.ravelrycache.com/uploads/AsaMiaKnits/855532215/Nemesia-1_shelved.jpg', 'medium2_url': 'https://images4-a.ravelrycache.com/uploads/AsaMiaKnits/855532215/Nemesia-1_medium2.jpg', 'small2_url': 'https://images4-g.ravelrycache.com/uploads/AsaMiaKnits/855532215/Nemesia-1_small2.jpg', 'caption': None, 'caption_html': None, 'copyright_holder': 'Berroco, Inc. '}, {'id': 112867859, 'sort_order': 2, 'user_id': 6140882, 'x_offset': -4, 'y_offset': -25, 'square_url': 'https://images4-f.ravelrycache.com/uploads/AsaMiaKnits/855532192/Nemesia-2_square.jpg', 'medium_url': 'https://images4-f.ravelrycache.com/uploads/AsaMiaKnits/855532192/Nemesia-2_medium.jpg', 'thumbnail_url': 'https://images4-f.ravelrycache.com/uploads/AsaMiaKnits/855532192/Nemesia-2_thumbnail.jpg', 'small_url': 'https://images4-g.ravelrycache.com/uploads/AsaMiaKnits/855532192/Nemesia-2_small.jpg', 'flickr_url': None, 'shelved_url': 'https://images4-g.ravelrycache.com/uploads/AsaMiaKnits/855532192/Nemesia-2_shelved.jpg', 'medium2_url': 'https://images4-a.ravelrycache.com/uploads/AsaMiaKnits/855532192/Nemesia-2_medium2.jpg', 'small2_url': 'https://images4-f.ravelrycache.com/uploads/AsaMiaKnits/855532192/Nemesia-2_small2.jpg', 'caption': None, 'caption_html': None, 'copyright_holder': 'Berroco, Inc. '}, {'id': 112867860, 'sort_order': 3, 'user_id': 6140882, 'x_offset': -4, 'y_offset': -18, 'square_url': 'https://images4-f.ravelrycache.com/uploads/AsaMiaKnits/855532179/Nemesia-3_square.jpg', 'medium_url': 'https://images4-f.ravelrycache.com/uploads/AsaMiaKnits/855532179/Nemesia-3_medium.jpg', 'thumbnail_url': 'https://images4-g.ravelrycache.com/uploads/AsaMiaKnits/855532179/Nemesia-3_thumbnail.jpg', 'small_url': 'https://images4-g.ravelrycache.com/uploads/AsaMiaKnits/855532179/Nemesia-3_small.jpg', 'flickr_url': None, 'shelved_url': 'https://images4-g.ravelrycache.com/uploads/AsaMiaKnits/855532179/Nemesia-3_shelved.jpg', 'medium2_url': 'https://images4-a.ravelrycache.com/uploads/AsaMiaKnits/855532179/Nemesia-3_medium2.jpg', 'small2_url': 'https://images4-f.ravelrycache.com/uploads/AsaMiaKnits/855532179/Nemesia-3_small2.jpg', 'caption': None, 'caption_html': None, 'copyright_holder': 'Berroco, Inc. '}, {'id': 112867861, 'sort_order': 4, 'user_id': 6140882, 'x_offset': -7, 'y_offset': -37, 'square_url': 'https://images4-f.ravelrycache.com/uploads/AsaMiaKnits/855532133/Nemesia-4_square.jpg', 'medium_url': 'https://images4-f.ravelrycache.com/uploads/AsaMiaKnits/855532133/Nemesia-4_medium.jpg', 'thumbnail_url': 'https://images4-f.ravelrycache.com/uploads/AsaMiaKnits/855532133/Nemesia-4_thumbnail.jpg', 'small_url': 'https://images4-g.ravelrycache.com/uploads/AsaMiaKnits/855532133/Nemesia-4_small.jpg', 'flickr_url': None, 'shelved_url': 'https://images4-g.ravelrycache.com/uploads/AsaMiaKnits/855532133/Nemesia-4_shelved.jpg', 'medium2_url': 'https://images4-a.ravelrycache.com/uploads/AsaMiaKnits/855532133/Nemesia-4_medium2.jpg', 'small2_url': 'https://images4-f.ravelrycache.com/uploads/AsaMiaKnits/855532133/Nemesia-4_small2.jpg', 'caption': None, 'caption_html': None, 'copyright_holder': 'Berroco, Inc. '}]"
230-6 White Trail,DROPS design,1242621,https://www.ravelry.com/patterns/library/230-6-white-trail,True,https://images4-a.ravelrycache.com/uploads/Drops/855657965/6-2_medium2.jpg,Knitting,"['female', 'teen', 'adult', 'plus', 'cables', 'eyelets', 'lace', 'seamed', 'v-neck', 'sleeves', 'long-sleeve', 'selvedge', 'bottom-up', 'chart', 'written-pattern', 'video-tutorial', 'modified-drop-sleeve', 'cuffed-sleeve', 'worked-flat', 'in-the-round', 'schematic']",21.0,0.0,True,4.0,stocking stitch with larger needles,pullover,DK,9,0.0,S – M – L – XL – XXL – XXXL,"[{'id': 112883344, 'sort_order': 1, 'user_id': 32910, 'x_offset': 0, 'y_offset': -46, 'square_url': 'https://images4-g.ravelrycache.com/uploads/Drops/855657965/6-2_square.jpg', 'medium_url': 'https://images4-g.ravelrycache.com/uploads/Drops/855657965/6-2_medium.jpg', 'thumbnail_url': 'https://images4-f.ravelrycache.com/uploads/Drops/855657965/6-2_thumbnail.jpg', 'small_url': 'https://images4-g.ravelrycache.com/uploads/Drops/855657965/6-2_small_best_fit.jpg', 'flickr_url': None, 'shelved_url': 'https://images4-g.ravelrycache.com/uploads/Drops/855657965/6-2_shelved.jpg', 'medium2_url': 'https://images4-a.ravelrycache.com/uploads/Drops/855657965/6-2_medium2.jpg', 'small2_url': 'https://images4-g.ravelrycache.com/uploads/Drops/855657965/6-2_small2.jpg', 'caption': None, 'caption_html': None, 'copyright_holder': None}, {'id': 112883345, 'sort_order': 2, 'user_id': 32910, 'x_offset': -1, 'y_offset': -35, 'square_url': 'https://images4-g.ravelrycache.com/uploads/Drops/855657966/6b-2_square.jpg', 'medium_url': 'https://images4-g.ravelrycache.com/uploads/Drops/855657966/6b-2_medium.jpg', 'thumbnail_url': 'https://images4-g.ravelrycache.com/uploads/Drops/855657966/6b-2_thumbnail.jpg', 'small_url': 'https://images4-g.ravelrycache.com/uploads/Drops/855657966/6b-2_small_best_fit.jpg', 'flickr_url': None, 'shelved_url': 'https://images4-g.ravelrycache.com/uploads/Drops/855657966/6b-2_shelved.jpg', 'medium2_url': 'https://images4-a.ravelrycache.com/uploads/Drops/855657966/6b-2_medium2.jpg', 'small2_url': 'https://images4-g.ravelrycache.com/uploads/Drops/855657966/6b-2_small2.jpg', 'caption': None, 'caption_html': None, 'copyright_holder': None}, {'id': 112883346, 'sort_order': 3, 'user_id': 32910, 'x_offset': 0, 'y_offset': -27, 'square_url': 'https://images4-g.ravelrycache.com/uploads/Drops/855657963/6c-2_square.jpg', 'medium_url': 'https://images4-g.ravelrycache.com/uploads/Drops/855657963/6c-2_medium.jpg', 'thumbnail_url': 'https://images4-g.ravelrycache.com/uploads/Drops/855657963/6c-2_thumbnail.jpg', 'small_url': 'https://images4-f.ravelrycache.com/uploads/Drops/855657963/6c-2_small_best_fit.jpg', 'flickr_url': None, 'shelved_url': 'https://images4-g.ravelrycache.com/uploads/Drops/855657963/6c-2_shelved.jpg', 'medium2_url': 'https://images4-a.ravelrycache.com/uploads/Drops/855657963/6c-2_medium2.jpg', 'small2_url': 'https://images4-g.ravelrycache.com/uploads/Drops/855657963/6c-2_small2.jpg', 'caption': None, 'caption_html': None, 'copyright_holder': None}, {'id': 112883347, 'sort_order': 4, 'user_id': 32910, 'x_offset': 0, 'y_offset': -47, 'square_url': 'https://images4-g.ravelrycache.com/uploads/Drops/855657964/6d-2_square.jpg', 'medium_url': 'https://images4-g.ravelrycache.com/uploads/Drops/855657964/6d-2_medium.jpg', 'thumbnail_url': 'https://images4-g.ravelrycache.com/uploads/Drops/855657964/6d-2_thumbnail.jpg', 'small_url': 'https://images4-g.ravelrycache.com/uploads/Drops/855657964/6d-2_small_best_fit.jpg', 'flickr_url': None, 'shelved_url': 'https://images4-f.ravelrycache.com/uploads/Drops/855657964/6d-2_shelved.jpg', 'medium2_url': 'https://images4-a.ravelrycache.com/uploads/Drops/855657964/6d-2_medium2.jpg', 'small2_url': 'https://images4-g.ravelrycache.com/uploads/Drops/855657964/6d-2_small2.jpg', 'caption': None, 'caption_html': None, 'copyright_holder': None}]"
231-37 Time to Unwind,DROPS design,1242622,https://www.ravelry.com/patterns/library/231-37-time-to-unwind,True,https://images4-a.ravelrycache.com/uploads/Drops/855658441/37-2_medium2.jpg,Knitting,"['female', 'teen', 'adult', 'plus', 'eyelets', 'seamed', 'crew-neck', 'sleeves', 'long-sleeve', 'icord', 'bottom-up', 'chart', 'written-pattern', 'video-tutorial', 'modified-drop-sleeve', 'cuffed-sleeve', 'worked-flat', 'in-the-round', 'schematic']",21.0,0.0,True,4.0,stocking stitch with larger needles,pullover,DK,5,0.0,S – M – L – XL – XXL – XXXL,"[{'id': 112883405, 'sort_order': 1, 'user_id': 32910, 'x_offset': 1, 'y_offset': -32, 'square_url': 'https://images4-g.ravelrycache.com/uploads/Drops/855658441/37-2_square.jpg', 'medium_url': 'https://images4-g.ravelrycache.com/uploads/Drops/855658441/37-2_medium.jpg', 'thumbnail_url': 'https://images4-g.ravelrycache.com/uploads/Drops/855658441/37-2_thumbnail.jpg', 'small_url': 'https://images4-g.ravelrycache.com/uploads/Drops/855658441/37-2_small_best_fit.jpg', 'flickr_url': None, 'shelved_url': 'https://images4-f.ravelrycache.com/uploads/Drops/855658441/37-2_shelved.jpg', 'medium2_url': 'https://images4-a.ravelrycache.com/uploads/Drops/855658441/37-2_medium2.jpg', 'small2_url': 'https://images4-g.ravelrycache.com/uploads/Drops/855658441/37-2_small2.jpg', 'caption': None, 'caption_html': None, 'copyright_holder': None}, {'id': 112883406, 'sort_order': 2, 'user_id': 32910, 'x_offset': 1, 'y_offset': -14, 'square_url': 'https://images4-f.ravelrycache.com/uploads/Drops/855658440/37b-2_square.jpg', 'medium_url': 'https://images4-f.ravelrycache.com/uploads/Drops/855658440/37b-2_medium.jpg', 'thumbnail_url': 'https://images4-g.ravelrycache.com/uploads/Drops/855658440/37b-2_thumbnail.jpg', 'small_url': 'https://images4-g.ravelrycache.com/uploads/Drops/855658440/37b-2_small_best_fit.jpg', 'flickr_url': None, 'shelved_url': 'https://images4-g.ravelrycache.com/uploads/Drops/855658440/37b-2_shelved.jpg', 'medium2_url': 'https://images4-a.ravelrycache.com/uploads/Drops/855658440/37b-2_medium2.jpg', 'small2_url': 'https://images4-f.ravelrycache.com/uploads/Drops/855658440/37b-2_small2.jpg', 'caption': None, 'caption_html': None, 'copyright_holder': None}, {'id': 112883407, 'sort_order': 3, 'user_id': 32910, 'x_offset': 1, 'y_offset': -30, 'square_url': 'https://images4-g.ravelrycache.com/uploads/Drops/855658438/37c-2_square.jpg', 'medium_url': 'https://images4-g.ravelrycache.com/uploads/Drops/855658438/37c-2_medium.jpg', 'thumbnail_url': 'https://images4-f.ravelrycache.com/uploads/Drops/855658438/37c-2_thumbnail.jpg', 'small_url': 'https://images4-g.ravelrycache.com/uploads/Drops/855658438/37c-2_small_best_fit.jpg', 'flickr_url': None, 'shelved_url': 'https://images4-f.ravelrycache.com/uploads/Drops/855658438/37c-2_shelved.jpg', 'medium2_url': 'https://images4-a.ravelrycache.com/uploads/Drops/855658438/37c-2_medium2.jpg', 'small2_url': 'https://images4-g.ravelrycache.com/uploads/Drops/855658438/37c-2_small2.jpg', 'caption': None, 'caption_html': None, 'copyright_holder': None}, {'id': 112883408, 'sort_order': 4, 'user_id': 32910, 'x_offset': 1, 'y_offset': -31, 'square_url': 'https://images4-g.ravelrycache.com/uploads/Drops/855658437/37d-2_square.jpg', 'medium_url': 'https://images4-g.ravelrycache.com/uploads/Drops/855658437/37d-2_medium.jpg', 'thumbnail_url': 'https://images4-g.ravelrycache.com/uploads/Drops/855658437/37d-2_thumbnail.jpg', 'small_url': 'https://images4-f.ravelrycache.com/uploads/Drops/855658437/37d-2_small_best_fit.jpg', 'flickr_url': None, 'shelved_url': 'https://images4-f.ravelrycache.com/uploads/Drops/855658437/37d-2_shelved.jpg', 'medium2_url': 'https://images4-a.ravelrycache.com/uploads/Drops/855658437/37d-2_medium2.jpg', 'small2_url': 'https://images4-g.ravelrycache.com/uploads/Drops/855658437/37d-2_small2.jpg', 'caption': None, 'caption_html': None, 'copyright_holder': None}]"
Kort Løvetannmamma,Tina Hauglund,1242870,https://www.ravelry.com/patterns/library/kort-lvetannmamma,False,https://images4-a.ravelrycache.com/uploads/vokkanika/855818698/DSC_5132_medium2.jpg,Knitting,"['female', 'teen', 'adult', 'negative-ease', 'plus', 'fitted', 'circular-yoke', 'scoop-neck', 'waist', 'long-sleeve', 'one-piece', 'seamless', 'short-rows', 'top-down', 'written-pattern', 'cropped', 'in-the-round']",22.0,0.0,True,4.0,Glattstrikk,pullover,Sport,14,0.0,Overvidde ca 67 (79) 87 (98) 104 (108) 118 (127) 136 cm,"[{'id': 112903067, 'sort_order': 1, 'user_id': 6438242, 'x_offset': 0, 'y_offset': 0, 'square_url': 'https://images4-g.ravelrycache.com/uploads/vokkanika/855818698/DSC_5132_square.jpg', 'medium_url': 'https://images4-g.ravelrycache.com/uploads/vokkanika/855818698/DSC_5132_medium.jpg', 'thumbnail_url': 'https://images4-g.ravelrycache.com/uploads/vokkanika/855818698/DSC_5132_thumbnail.jpg', 'small_url': 'https://images4-f.ravelrycache.com/uploads/vokkanika/855818698/DSC_5132_small_best_fit.jpg', 'flickr_url': None, 'shelved_url': 'https://images4-g.ravelrycache.com/uploads/vokkanika/855818698/DSC_5132_shelved.jpg', 'medium2_url': 'https://images4-a.ravelrycache.com/uploads/vokkanika/855818698/DSC_5132_medium2.jpg', 'small2_url': 'https://images4-g.ravelrycache.com/uploads/vokkanika/855818698/DSC_5132_small2.jpg', 'caption': None, 'caption_html': None, 'copyright_holder': None}, {'id': 112903068, 'sort_order': 2, 'user_id': 6438242, 'x_offset': 0, 'y_offset': -43, 'square_url': 'https://images4-f.ravelrycache.com/uploads/vokkanika/855818724/DSC_9711_square.jpg', 'medium_url': 'https://images4-f.ravelrycache.com/uploads/vokkanika/855818724/DSC_9711_medium.jpg', 'thumbnail_url': 'https://images4-f.ravelrycache.com/uploads/vokkanika/855818724/DSC_9711_thumbnail.jpg', 'small_url': 'https://images4-f.ravelrycache.com/uploads/vokkanika/855818724/DSC_9711_small_best_fit.jpg', 'flickr_url': None, 'shelved_url': 'https://images4-f.ravelrycache.com/uploads/vokkanika/855818724/DSC_9711_shelved.jpg', 'medium2_url': 'https://images4-a.ravelrycache.com/uploads/vokkanika/855818724/DSC_9711_medium2.jpg', 'small2_url': 'https://images4-f.ravelrycache.com/uploads/vokkanika/855818724/DSC_9711_small2.jpg', 'caption': None, 'caption_html': None, 'copyright_holder': None}, {'id': 112903069, 'sort_order': 3, 'user_id': 6438242, 'x_offset': 0, 'y_offset': 0, 'square_url': 'https://images4-f.ravelrycache.com/uploads/vokkanika/855818699/DSC_4763_square.jpg', 'medium_url': 'https://images4-f.ravelrycache.com/uploads/vokkanika/855818699/DSC_4763_medium.jpg', 'thumbnail_url': 'https://images4-g.ravelrycache.com/uploads/vokkanika/855818699/DSC_4763_thumbnail.jpg', 'small_url': 'https://images4-f.ravelrycache.com/uploads/vokkanika/855818699/DSC_4763_small_best_fit.jpg', 'flickr_url': None, 'shelved_url': 'https://images4-g.ravelrycache.com/uploads/vokkanika/855818699/DSC_4763_shelved.jpg', 'medium2_url': 'https://images4-a.ravelrycache.com/uploads/vokkanika/855818699/DSC_4763_medium2.jpg', 'small2_url': 'https://images4-f.ravelrycache.com/uploads/vokkanika/855818699/DSC_4763_small2.jpg', 'caption': None, 'caption_html': None, 'copyright_holder': None}, {'id': 112903070, 'sort_order': 4, 'user_id': 6438242, 'x_offset': -1, 'y_offset': -35, 'square_url': 'https://images4-g.ravelrycache.com/uploads/vokkanika/855818725/DSC_3760_square.jpg', 'medium_url': 'https://images4-g.ravelrycache.com/uploads/vokkanika/855818725/DSC_3760_medium.jpg', 'thumbnail_url': 'https://images4-g.ravelrycache.com/uploads/vokkanika/855818725/DSC_3760_thumbnail.jpg', 'small_url': 'https://images4-g.ravelrycache.com/uploads/vokkanika/855818725/DSC_3760_small.jpg', 'flickr_url': None, 'shelved_url': 'https://images4-g.ravelrycache.com/uploads/vokkanika/855818725/DSC_3760_shelved.jpg', 'medium2_url': 'https://images4-a.ravelrycache.com/uploads/vokkanika/855818725/DSC_3760_medium2.jpg', 'small2_url': 'https://images4-g.ravelrycache.com/uploads/vokkanika/855818725/DSC_3760_small2.jpg', 'caption': None, 'caption_html': None, 'copyright_holder': None}, {'id': 112903071, 'sort_order': 5, 'user_id': 6438242, 'x_offset': 0, 'y_offset': 0, 'square_url': 'https://images4-f.ravelrycache.com/uploads/vokkanika/855818697/DSC_5136_square.jpg', 'medium_url': 'https://images4-f.ravelrycache.com/uploads/vokkanika/855818697/DSC_5136_medium.jpg', 'thumbnail_url': 'https://images4-f.ravelrycache.com/uploads/vokkanika/855818697/DSC_5136_thumbnail.jpg', 'small_url': 'https://images4-f.ravelrycache.com/uploads/vokkanika/855818697/DSC_5136_small_best_fit.jpg', 'flickr_url': None, 'shelved_url': 'https://images4-f.ravelrycache.com/uploads/vokkanika/855818697/DSC_5136_shelved.jpg', 'medium2_url': 'https://images4-a.ravelrycache.com/uploads/vokkanika/855818697/DSC_5136_medium2.jpg', 'small2_url': 'https://images4-f.ravelrycache.com/uploads/vokkanika/855818697/DSC_5136_small2.jpg', 'caption': None, 'caption_html': None, 'copyright_holder': None}]"
Sweety Sweater,ChrisBerlin,1242910,https://www.ravelry.com/patterns/library/sweety-sweater,False,https://images4-a.ravelrycache.com/uploads/ChrisBerlin/855835943/FullSizeRender_medium2.jpg,Knitting,"['unisex', 'adult', 'oversized', 'ribbed', 'waist', 'seamless', 'top-down', 'positive-ease', 'male', 'female']",22.0,3.6666666666666665,True,4.0,stockinette stitch (Version 1 20 x 28),pullover,Sport,46,5.0,"SIZES 1 (2, 3, 4, 5, 6, 7, 8)","[{'id': 112905287, 'sort_order': 1, 'user_id': 2083949, 'x_offset': -6, 'y_offset': -42, 'square_url': 'https://images4-f.ravelrycache.com/uploads/ChrisBerlin/855835943/FullSizeRender_square.jpg', 'medium_url': 'https://images4-f.ravelrycache.com/uploads/ChrisBerlin/855835943/FullSizeRender_medium.jpg', 'thumbnail_url': 'https://images4-g.ravelrycache.com/uploads/ChrisBerlin/855835943/FullSizeRender_thumbnail.jpg', 'small_url': 'https://images4-f.ravelrycache.com/uploads/ChrisBerlin/855835943/FullSizeRender_small.jpg', 'flickr_url': None, 'shelved_url': 'https://images4-g.ravelrycache.com/uploads/ChrisBerlin/855835943/FullSizeRender_shelved.jpg', 'medium2_url': 'https://images4-a.ravelrycache.com/uploads/ChrisBerlin/855835943/FullSizeRender_medium2.jpg', 'small2_url': 'https://images4-f.ravelrycache.com/uploads/ChrisBerlin/855835943/FullSizeRender_small2.jpg', 'caption': None, 'caption_html': None, 'copyright_holder': ''}, {'id': 112905288, 'sort_order': 2, 'user_id': 2083949, 'x_offset': -5, 'y_offset': -35, 'square_url': 'https://images4-g.ravelrycache.com/uploads/ChrisBerlin/855830619/PenultimateFullSizeRender_square.jpg', 'medium_url': 'https://images4-g.ravelrycache.com/uploads/ChrisBerlin/855830619/PenultimateFullSizeRender_medium.jpg', 'thumbnail_url': 'https://images4-f.ravelrycache.com/uploads/ChrisBerlin/855830619/PenultimateFullSizeRender_thumbnail.jpg', 'small_url': 'https://images4-g.ravelrycache.com/uploads/ChrisBerlin/855830619/PenultimateFullSizeRender_small.jpg', 'flickr_url': None, 'shelved_url': 'https://images4-f.ravelrycache.com/uploads/ChrisBerlin/855830619/PenultimateFullSizeRender_shelved.jpg', 'medium2_url': 'https://images4-a.ravelrycache.com/uploads/ChrisBerlin/855830619/PenultimateFullSizeRender_medium2.jpg', 'small2_url': 'https://images4-g.ravelrycache.com/uploads/ChrisBerlin/855830619/PenultimateFullSizeRender_small2.jpg', 'caption': None, 'caption_html': None, 'copyright_holder': None}, {'id': 112905291, 'sort_order': 3, 'user_id': 2083949, 'x_offset': -5, 'y_offset': -35, 'square_url': 'https://images4-f.ravelrycache.com/uploads/ChrisBerlin/855830660/FullSizeRender_square.jpg', 'medium_url': 'https://images4-f.ravelrycache.com/uploads/ChrisBerlin/855830660/FullSizeRender_medium.jpg', 'thumbnail_url': 'https://images4-g.ravelrycache.com/uploads/ChrisBerlin/855830660/FullSizeRender_thumbnail.jpg', 'small_url': 'https://images4-f.ravelrycache.com/uploads/ChrisBerlin/855830660/FullSizeRender_small.jpg', 'flickr_url': None, 'shelved_url': 'https://images4-g.ravelrycache.com/uploads/ChrisBerlin/855830660/FullSizeRender_shelved.jpg', 'medium2_url': 'https://images4-a.ravelrycache.com/uploads/ChrisBerlin/855830660/FullSizeRender_medium2.jpg', 'small2_url': 'https://images4-f.ravelrycache.com/uploads/ChrisBerlin/855830660/FullSizeRender_small2.jpg', 'caption': None, 'caption_html': None, 'copyright_holder': None}, {'id': 112905294, 'sort_order': 4, 'user_id': 2083949, 'x_offset': -5, 'y_offset': -35, 'square_url': 'https://images4-f.ravelrycache.com/uploads/ChrisBerlin/855830661/P1042085_square.JPG', 'medium_url': 'https://images4-f.ravelrycache.com/uploads/ChrisBerlin/855830661/P1042085_medium.JPG', 'thumbnail_url': 'https://images4-g.ravelrycache.com/uploads/ChrisBerlin/855830661/P1042085_thumbnail.JPG', 'small_url': 'https://images4-g.ravelrycache.com/uploads/ChrisBerlin/855830661/P1042085_small.JPG', 'flickr_url': None, 'shelved_url': 'https://images4-f.ravelrycache.com/uploads/ChrisBerlin/855830661/P1042085_shelved.JPG', 'medium2_url': 'https://images4-a.ravelrycache.com/uploads/ChrisBerlin/855830661/P1042085_medium2.JPG', 'small2_url': 'https://images4-f.ravelrycache.com/uploads/ChrisBerlin/855830661/P1042085_small2.JPG', 'caption': None, 'caption_html': None, 'copyright_holder': None}, {'id': 112905289, 'sort_order': 5, 'user_id': 2083949, 'x_offset': -5, 'y_offset': -35, 'square_url': 'https://images4-g.ravelrycache.com/uploads/ChrisBerlin/855830611/PenultimateFullSizeRender_square.jpg', 'medium_url': 'https://images4-g.ravelrycache.com/uploads/ChrisBerlin/855830611/PenultimateFullSizeRender_medium.jpg', 'thumbnail_url': 'https://images4-f.ravelrycache.com/uploads/ChrisBerlin/855830611/PenultimateFullSizeRender_thumbnail.jpg', 'small_url': 'https://images4-g.ravelrycache.com/uploads/ChrisBerlin/855830611/PenultimateFullSizeRender_small.jpg', 'flickr_url': None, 'shelved_url': 'https://images4-f.ravelrycache.com/uploads/ChrisBerlin/855830611/PenultimateFullSizeRender_shelved.jpg', 'medium2_url': 'https://images4-a.ravelrycache.com/uploads/ChrisBerlin/855830611/PenultimateFullSizeRender_medium2.jpg', 'small2_url': 'https://images4-g.ravelrycache.com/uploads/ChrisBerlin/855830611/PenultimateFullSizeRender_small2.jpg', 'caption': None, 'caption_html': None, 'copyright_holder': ''}, {'id': 112905290, 'sort_order': 6, 'user_id': 2083949, 'x_offset': 0, 'y_offset': -5, 'square_url': 'https://images4-g.ravelrycache.com/uploads/ChrisBerlin/855830662/PenultimateFullSizeRender_square.jpg', 'medium_url': 'https://images4-g.ravelrycache.com/uploads/ChrisBerlin/855830662/PenultimateFullSizeRender_medium.jpg', 'thumbnail_url': 'https://images4-g.ravelrycache.com/uploads/ChrisBerlin/855830662/PenultimateFullSizeRender_thumbnail.jpg', 'small_url': 'https://images4-g.ravelrycache.com/uploads/ChrisBerlin/855830662/PenultimateFullSizeRender_small_best_fit.jpg', 'flickr_url': None, 'shelved_url': 'https://images4-f.ravelrycache.com/uploads/ChrisBerlin/855830662/PenultimateFullSizeRender_shelved.jpg', 'medium2_url': 'https://images4-a.ravelrycache.com/uploads/ChrisBerlin/855830662/PenultimateFullSizeRender_medium2.jpg', 'small2_url': 'https://images4-g.ravelrycache.com/uploads/ChrisBerlin/855830662/PenultimateFullSizeRender_small2.jpg', 'caption': None, 'caption_html': None, 'copyright_holder': None}, {'id': 112905292, 'sort_order': 7, 'user_id': 2083949, 'x_offset': -35, 'y_offset': -5, 'square_url': 'https://images4-g.ravelrycache.com/uploads/ChrisBerlin/855830659/FullSizeRender__1__square.jpg', 'medium_url': 'https://images4-g.ravelrycache.com/uploads/ChrisBerlin/855830659/FullSizeRender__1__medium.jpg', 'thumbnail_url': 'https://images4-f.ravelrycache.com/uploads/ChrisBerlin/855830659/FullSizeRender__1__thumbnail.jpg', 'small_url': 'https://images4-f.ravelrycache.com/uploads/ChrisBerlin/855830659/FullSizeRender__1__small.jpg', 'flickr_url': None, 'shelved_url': 'https://images4-g.ravelrycache.com/uploads/ChrisBerlin/855830659/FullSizeRender__1__shelved.jpg', 'medium2_url': 'https://images4-a.ravelrycache.com/uploads/ChrisBerlin/855830659/FullSizeRender__1__medium2.jpg', 'small2_url': 'https://images4-g.ravelrycache.com/uploads/ChrisBerlin/855830659/FullSizeRender__1__small2.jpg', 'caption': None, 'caption_html': None, 'copyright_holder': None}, {'id': 112905293, 'sort_order': 8, 'user_id': 2083949, 'x_offset': 0, 'y_offset': -14, 'square_url': 'https://images4-g.ravelrycache.com/uploads/ChrisBerlin/855830658/FullSizeRender__2__square.jpg', 'medium_url': 'https://images4-g.ravelrycache.com/uploads/ChrisBerlin/855830658/FullSizeRender__2__medium.jpg', 'thumbnail_url': 'https://images4-f.ravelrycache.com/uploads/ChrisBerlin/855830658/FullSizeRender__2__thumbnail.jpg', 'small_url': 'https://images4-f.ravelrycache.com/uploads/ChrisBerlin/855830658/FullSizeRender__2__small_best_fit.jpg', 'flickr_url': None, 'shelved_url': 'https://images4-f.ravelrycache.com/uploads/ChrisBerlin/855830658/FullSizeRender__2__shelved.jpg', 'medium2_url': 'https://images4-a.ravelrycache.com/uploads/ChrisBerlin/855830658/FullSizeRender__2__medium2.jpg', 'small2_url': 'https://images4-g.ravelrycache.com/uploads/ChrisBerlin/855830658/FullSizeRender__2__small2.jpg', 'caption': None, 'caption_html': None, 'copyright_holder': None}]"
Balou,Trin-Annelie,1243091,https://www.ravelry.com/patterns/library/balou,False,https://images4-a.ravelrycache.com/uploads/Trin-Annelie/855345182/Balou_cn_009_medium2.jpg,Knitting,"['circular-yoke', 'crew-neck', 'turtleneck', 'stranded', 'one-piece', 'seamless', 'short-rows', 'top-down', 'positive-ease', 'chart', 'written-pattern', 'in-the-round', 'stripes-colorwork']",19.0,2.888888888888889,True,4.0,,pullover,Worsted,30,4.888888888888889,"1 (2, 3, 4, 5) (6, 7, 8, 9) to fit chest circumference 75 (85, 95, 105, 115) (125, 135, 145, 155) cm/30 (34, 38, 42, 46) (50, 54, 58, 62)""","[{'id': 112921733, 'sort_order': 1, 'user_id': 3314070, 'x_offset': 0, 'y_offset': 0, 'square_url': 'https://images4-g.ravelrycache.com/uploads/Trin-Annelie/855345182/Balou_cn_009_square.jpg', 'medium_url': 'https://images4-g.ravelrycache.com/uploads/Trin-Annelie/855345182/Balou_cn_009_medium.jpg', 'thumbnail_url': 'https://images4-g.ravelrycache.com/uploads/Trin-Annelie/855345182/Balou_cn_009_thumbnail.jpg', 'small_url': 'https://images4-g.ravelrycache.com/uploads/Trin-Annelie/855345182/Balou_cn_009_small_best_fit.jpg', 'flickr_url': None, 'shelved_url': 'https://images4-f.ravelrycache.com/uploads/Trin-Annelie/855345182/Balou_cn_009_shelved.jpg', 'medium2_url': 'https://images4-a.ravelrycache.com/uploads/Trin-Annelie/855345182/Balou_cn_009_medium2.jpg', 'small2_url': 'https://images4-g.ravelrycache.com/uploads/Trin-Annelie/855345182/Balou_cn_009_small2.jpg', 'caption': None, 'caption_html': None, 'copyright_holder': None}, {'id': 112921734, 'sort_order': 2, 'user_id': 3314070, 'x_offset': 0, 'y_offset': 0, 'square_url': 'https://images4-f.ravelrycache.com/uploads/Trin-Annelie/855345193/Balou_tn_004_square.jpg', 'medium_url': 'https://images4-f.ravelrycache.com/uploads/Trin-Annelie/855345193/Balou_tn_004_medium.jpg', 'thumbnail_url': 'https://images4-g.ravelrycache.com/uploads/Trin-Annelie/855345193/Balou_tn_004_thumbnail.jpg', 'small_url': 'https://images4-g.ravelrycache.com/uploads/Trin-Annelie/855345193/Balou_tn_004_small_best_fit.jpg', 'flickr_url': None, 'shelved_url': 'https://images4-f.ravelrycache.com/uploads/Trin-Annelie/855345193/Balou_tn_004_shelved.jpg', 'medium2_url': 'https://images4-a.ravelrycache.com/uploads/Trin-Annelie/855345193/Balou_tn_004_medium2.jpg', 'small2_url': 'https://images4-f.ravelrycache.com/uploads/Trin-Annelie/855345193/Balou_tn_004_small2.jpg', 'caption': None, 'caption_html': None, 'copyright_holder': None}, {'id': 112921735, 'sort_order': 3, 'user_id': 3314070, 'x_offset': 0, 'y_offset': 0, 'square_url': 'https://images4-g.ravelrycache.com/uploads/Trin-Annelie/855345194/Balou_cn_005_square.jpg', 'medium_url': 'https://images4-g.ravelrycache.com/uploads/Trin-Annelie/855345194/Balou_cn_005_medium.jpg', 'thumbnail_url': 'https://images4-f.ravelrycache.com/uploads/Trin-Annelie/855345194/Balou_cn_005_thumbnail.jpg', 'small_url': 'https://images4-g.ravelrycache.com/uploads/Trin-Annelie/855345194/Balou_cn_005_small_best_fit.jpg', 'flickr_url': None, 'shelved_url': 'https://images4-f.ravelrycache.com/uploads/Trin-Annelie/855345194/Balou_cn_005_shelved.jpg', 'medium2_url': 'https://images4-a.ravelrycache.com/uploads/Trin-Annelie/855345194/Balou_cn_005_medium2.jpg', 'small2_url': 'https://images4-g.ravelrycache.com/uploads/Trin-Annelie/855345194/Balou_cn_005_small2.jpg', 'caption': None, 'caption_html': None, 'copyright_holder': None}, {'id': 112921736, 'sort_order': 4, 'user_id': 3314070, 'x_offset': 0, 'y_offset': 0, 'square_url': 'https://images4-g.ravelrycache.com/uploads/Trin-Annelie/855345196/Balou_tn_010_square.jpg', 'medium_url': 'https://images4-g.ravelrycache.com/uploads/Trin-Annelie/855345196/Balou_tn_010_medium.jpg', 'thumbnail_url': 'https://images4-g.ravelrycache.com/uploads/Trin-Annelie/855345196/Balou_tn_010_thumbnail.jpg', 'small_url': 'https://images4-f.ravelrycache.com/uploads/Trin-Annelie/855345196/Balou_tn_010_small_best_fit.jpg', 'flickr_url': None, 'shelved_url': 'https://images4-g.ravelrycache.com/uploads/Trin-Annelie/855345196/Balou_tn_010_shelved.jpg', 'medium2_url': 'https://images4-a.ravelrycache.com/uploads/Trin-Annelie/855345196/Balou_tn_010_medium2.jpg', 'small2_url': 'https://images4-g.ravelrycache.com/uploads/Trin-Annelie/855345196/Balou_tn_010_small2.jpg', 'caption': None, 'caption_html': None, 'copyright_holder': None}, {'id': 112921737, 'sort_order': 5, 'user_id': 3314070, 'x_offset': 0, 'y_offset': 0, 'square_url': 'https://images4-f.ravelrycache.com/uploads/Trin-Annelie/855345184/Balou_cn_004_square.jpg', 'medium_url': 'https://images4-f.ravelrycache.com/uploads/Trin-Annelie/855345184/Balou_cn_004_medium.jpg', 'thumbnail_url': 'https://images4-f.ravelrycache.com/uploads/Trin-Annelie/855345184/Balou_cn_004_thumbnail.jpg', 'small_url': 'https://images4-g.ravelrycache.com/uploads/Trin-Annelie/855345184/Balou_cn_004_small_best_fit.jpg', 'flickr_url': None, 'shelved_url': 'https://images4-f.ravelrycache.com/uploads/Trin-Annelie/855345184/Balou_cn_004_shelved.jpg', 'medium2_url': 'https://images4-a.ravelrycache.com/uploads/Trin-Annelie/855345184/Balou_cn_004_medium2.jpg', 'small2_url': 'https://images4-f.ravelrycache.com/uploads/Trin-Annelie/855345184/Balou_cn_004_small2.jpg', 'caption': None, 'caption_html': None, 'copyright_holder': None}, {'id': 112921738, 'sort_order': 6, 'user_id': 3314070, 'x_offset': 0, 'y_offset': 0, 'square_url': 'https://images4-g.ravelrycache.com/uploads/Trin-Annelie/855345197/Balou_tn_009_square.jpg', 'medium_url': 'https://images4-g.ravelrycache.com/uploads/Trin-Annelie/855345197/Balou_tn_009_medium.jpg', 'thumbnail_url': 'https://images4-g.ravelrycache.com/uploads/Trin-Annelie/855345197/Balou_tn_009_thumbnail.jpg', 'small_url': 'https://images4-f.ravelrycache.com/uploads/Trin-Annelie/855345197/Balou_tn_009_small_best_fit.jpg', 'flickr_url': None, 'shelved_url': 'https://images4-f.ravelrycache.com/uploads/Trin-Annelie/855345197/Balou_tn_009_shelved.jpg', 'medium2_url': 'https://images4-a.ravelrycache.com/uploads/Trin-Annelie/855345197/Balou_tn_009_medium2.jpg', 'small2_url': 'https://images4-g.ravelrycache.com/uploads/Trin-Annelie/855345197/Balou_tn_009_small2.jpg', 'caption': None, 'caption_html': None, 'copyright_holder': None}, {'id': 112921739, 'sort_order': 7, 'user_id': 3314070, 'x_offset': 0, 'y_offset': 0, 'square_url': 'https://images4-g.ravelrycache.com/uploads/Trin-Annelie/855345195/Balou_cn_002_square.jpg', 'medium_url': 'https://images4-g.ravelrycache.com/uploads/Trin-Annelie/855345195/Balou_cn_002_medium.jpg', 'thumbnail_url': 'https://images4-f.ravelrycache.com/uploads/Trin-Annelie/855345195/Balou_cn_002_thumbnail.jpg', 'small_url': 'https://images4-f.ravelrycache.com/uploads/Trin-Annelie/855345195/Balou_cn_002_small_best_fit.jpg', 'flickr_url': None, 'shelved_url': 'https://images4-f.ravelrycache.com/uploads/Trin-Annelie/855345195/Balou_cn_002_shelved.jpg', 'medium2_url': 'https://images4-a.ravelrycache.com/uploads/Trin-Annelie/855345195/Balou_cn_002_medium2.jpg', 'small2_url': 'https://images4-g.ravelrycache.com/uploads/Trin-Annelie/855345195/Balou_cn_002_small2.jpg', 'caption': None, 'caption_html': None, 'copyright_holder': None}, {'id': 112921740, 'sort_order': 8, 'user_id': 3314070, 'x_offset': 0, 'y_offset': 0, 'square_url': 'https://images4-f.ravelrycache.com/uploads/Trin-Annelie/855345191/Balou_tn_001_square.jpg', 'medium_url': 'https://images4-f.ravelrycache.com/uploads/Trin-Annelie/855345191/Balou_tn_001_medium.jpg', 'thumbnail_url': 'https://images4-f.ravelrycache.com/uploads/Trin-Annelie/855345191/Balou_tn_001_thumbnail.jpg', 'small_url': 'https://images4-g.ravelrycache.com/uploads/Trin-Annelie/855345191/Balou_tn_001_small_best_fit.jpg', 'flickr_url': None, 'shelved_url': 'https://images4-f.ravelrycache.com/uploads/Trin-Annelie/855345191/Balou_tn_001_shelved.jpg', 'medium2_url': 'https://images4-a.ravelrycache.com/uploads/Trin-Annelie/855345191/Balou_tn_001_medium2.jpg', 'small2_url': 'https://images4-f.ravelrycache.com/uploads/Trin-Annelie/855345191/Balou_tn_001_small2.jpg', 'caption': None, 'caption_html': None, 'copyright_holder': None}, {'id': 112921741, 'sort_order': 9, 'user_id': 3314070, 'x_offset': 0, 'y_offset': 0, 'square_url': 'https://images4-g.ravelrycache.com/uploads/Trin-Annelie/855345185/Balou_tn_007_square.jpg', 'medium_url': 'https://images4-g.ravelrycache.com/uploads/Trin-Annelie/855345185/Balou_tn_007_medium.jpg', 'thumbnail_url': 'https://images4-g.ravelrycache.com/uploads/Trin-Annelie/855345185/Balou_tn_007_thumbnail.jpg', 'small_url': 'https://images4-g.ravelrycache.com/uploads/Trin-Annelie/855345185/Balou_tn_007_small_best_fit.jpg', 'flickr_url': None, 'shelved_url': 'https://images4-g.ravelrycache.com/uploads/Trin-Annelie/855345185/Balou_tn_007_shelved.jpg', 'medium2_url': 'https://images4-a.ravelrycache.com/uploads/Trin-Annelie/855345185/Balou_tn_007_medium2.jpg', 'small2_url': 'https://images4-g.ravelrycache.com/uploads/Trin-Annelie/855345185/Balou_tn_007_small2.jpg', 'caption': None, 'caption_html': None, 'copyright_holder': None}, {'id': 112921742, 'sort_order': 10, 'user_id': 3314070, 'x_offset': 0, 'y_offset': 0, 'square_url': 'https://images4-f.ravelrycache.com/uploads/Trin-Annelie/855345187/Balou_cn_007_square.jpg', 'medium_url': 'https://images4-f.ravelrycache.com/uploads/Trin-Annelie/855345187/Balou_cn_007_medium.jpg', 'thumbnail_url': 'https://images4-g.ravelrycache.com/uploads/Trin-Annelie/855345187/Balou_cn_007_thumbnail.jpg', 'small_url': 'https://images4-g.ravelrycache.com/uploads/Trin-Annelie/855345187/Balou_cn_007_small_best_fit.jpg', 'flickr_url': None, 'shelved_url': 'https://images4-g.ravelrycache.com/uploads/Trin-Annelie/855345187/Balou_cn_007_shelved.jpg', 'medium2_url': 'https://images4-a.ravelrycache.com/uploads/Trin-Annelie/855345187/Balou_cn_007_medium2.jpg', 'small2_url': 'https://images4-f.ravelrycache.com/uploads/Trin-Annelie/855345187/Balou_cn_007_small2.jpg', 'caption': None, 'caption_html': None, 'copyright_holder': None}, {'id': 112921743, 'sort_order': 11, 'user_id': 3314070, 'x_offset': 0, 'y_offset': 0, 'square_url': 'https://images4-g.ravelrycache.com/uploads/Trin-Annelie/855345181/Balou_tn_006_square.jpg', 'medium_url': 'https://images4-g.ravelrycache.com/uploads/Trin-Annelie/855345181/Balou_tn_006_medium.jpg', 'thumbnail_url': 'https://images4-g.ravelrycache.com/uploads/Trin-Annelie/855345181/Balou_tn_006_thumbnail.jpg', 'small_url': 'https://images4-f.ravelrycache.com/uploads/Trin-Annelie/855345181/Balou_tn_006_small_best_fit.jpg', 'flickr_url': None, 'shelved_url': 'https://images4-g.ravelrycache.com/uploads/Trin-Annelie/855345181/Balou_tn_006_shelved.jpg', 'medium2_url': 'https://images4-a.ravelrycache.com/uploads/Trin-Annelie/855345181/Balou_tn_006_medium2.jpg', 'small2_url': 'https://images4-g.ravelrycache.com/uploads/Trin-Annelie/855345181/Balou_tn_006_small2.jpg', 'caption': None, 'caption_html': None, 'copyright_holder': None}, {'id': 112921744, 'sort_order': 12, 'user_id': 3314070, 'x_offset': 0, 'y_offset': 0, 'square_url': 'https://images4-f.ravelrycache.com/uploads/Trin-Annelie/855345190/Balou_cn_008_square.jpg', 'medium_url': 'https://images4-f.ravelrycache.com/uploads/Trin-Annelie/855345190/Balou_cn_008_medium.jpg', 'thumbnail_url': 'https://images4-f.ravelrycache.com/uploads/Trin-Annelie/855345190/Balou_cn_008_thumbnail.jpg', 'small_url': 'https://images4-f.ravelrycache.com/uploads/Trin-Annelie/855345190/Balou_cn_008_small_best_fit.jpg', 'flickr_url': None, 'shelved_url': 'https://images4-f.ravelrycache.com/uploads/Trin-Annelie/855345190/Balou_cn_008_shelved.jpg', 'medium2_url': 'https://images4-a.ravelrycache.com/uploads/Trin-Annelie/855345190/Balou_cn_008_medium2.jpg', 'small2_url': 'https://images4-f.ravelrycache.com/uploads/Trin-Annelie/855345190/Balou_cn_008_small2.jpg', 'caption': None, 'caption_html': None, 'copyright_holder': None}, {'id': 112921745, 'sort_order': 13, 'user_id': 3314070, 'x_offset': -66, 'y_offset': 0, 'square_url': 'https://images4-g.ravelrycache.com/uploads/Trin-Annelie/855345180/Balou_tn_005_square.jpg', 'medium_url': 'https://images4-g.ravelrycache.com/uploads/Trin-Annelie/855345180/Balou_tn_005_medium.jpg', 'thumbnail_url': 'https://images4-g.ravelrycache.com/uploads/Trin-Annelie/855345180/Balou_tn_005_thumbnail.jpg', 'small_url': 'https://images4-g.ravelrycache.com/uploads/Trin-Annelie/855345180/Balou_tn_005_small_best_fit.jpg', 'flickr_url': None, 'shelved_url': 'https://images4-f.ravelrycache.com/uploads/Trin-Annelie/855345180/Balou_tn_005_shelved.jpg', 'medium2_url': 'https://images4-a.ravelrycache.com/uploads/Trin-Annelie/855345180/Balou_tn_005_medium2.jpg', 'small2_url': 'https://images4-g.ravelrycache.com/uploads/Trin-Annelie/855345180/Balou_tn_005_small2.jpg', 'caption': None, 'caption_html': None, 'copyright_holder': None}, {'id': 112921746, 'sort_order': 14, 'user_id': 3314070, 'x_offset': 0, 'y_offset': 0, 'square_url': 'https://images4-f.ravelrycache.com/uploads/Trin-Annelie/855345192/Balou_tn_003_square.jpg', 'medium_url': 'https://images4-f.ravelrycache.com/uploads/Trin-Annelie/855345192/Balou_tn_003_medium.jpg', 'thumbnail_url': 'https://images4-g.ravelrycache.com/uploads/Trin-Annelie/855345192/Balou_tn_003_thumbnail.jpg', 'small_url': 'https://images4-f.ravelrycache.com/uploads/Trin-Annelie/855345192/Balou_tn_003_small_best_fit.jpg', 'flickr_url': None, 'shelved_url': 'https://images4-f.ravelrycache.com/uploads/Trin-Annelie/855345192/Balou_tn_003_shelved.jpg', 'medium2_url': 'https://images4-a.ravelrycache.com/uploads/Trin-Annelie/855345192/Balou_tn_003_medium2.jpg', 'small2_url': 'https://images4-f.ravelrycache.com/uploads/Trin-Annelie/855345192/Balou_tn_003_small2.jpg', 'caption': None, 'caption_html': None, 'copyright_holder': None}, {'id': 112921747, 'sort_order': 15, 'user_id': 3314070, 'x_offset': 0, 'y_offset': 0, 'square_url': 'https://images4-g.ravelrycache.com/uploads/Trin-Annelie/855345179/Balou_cn_001_square.jpg', 'medium_url': 'https://images4-g.ravelrycache.com/uploads/Trin-Annelie/855345179/Balou_cn_001_medium.jpg', 'thumbnail_url': 'https://images4-g.ravelrycache.com/uploads/Trin-Annelie/855345179/Balou_cn_001_thumbnail.jpg', 'small_url': 'https://images4-g.ravelrycache.com/uploads/Trin-Annelie/855345179/Balou_cn_001_small_best_fit.jpg', 'flickr_url': None, 'shelved_url': 'https://images4-g.ravelrycache.com/uploads/Trin-Annelie/855345179/Balou_cn_001_shelved.jpg', 'medium2_url': 'https://images4-a.ravelrycache.com/uploads/Trin-Annelie/855345179/Balou_cn_001_medium2.jpg', 'small2_url': 'https://images4-g.ravelrycache.com/uploads/Trin-Annelie/855345179/Balou_cn_001_small2.jpg', 'caption': None, 'caption_html': None, 'copyright_holder': None}, {'id': 112921748, 'sort_order': 16, 'user_id': 3314070, 'x_offset': 0, 'y_offset': 0, 'square_url': 'https://images4-g.ravelrycache.com/uploads/Trin-Annelie/855345186/Balou_tn_002_square.jpg', 'medium_url': 'https://images4-g.ravelrycache.com/uploads/Trin-Annelie/855345186/Balou_tn_002_medium.jpg', 'thumbnail_url': 'https://images4-g.ravelrycache.com/uploads/Trin-Annelie/855345186/Balou_tn_002_thumbnail.jpg', 'small_url': 'https://images4-f.ravelrycache.com/uploads/Trin-Annelie/855345186/Balou_tn_002_small_best_fit.jpg', 'flickr_url': None, 'shelved_url': 'https://images4-g.ravelrycache.com/uploads/Trin-Annelie/855345186/Balou_tn_002_shelved.jpg', 'medium2_url': 'https://images4-a.ravelrycache.com/uploads/Trin-Annelie/855345186/Balou_tn_002_medium2.jpg', 'small2_url': 'https://images4-g.ravelrycache.com/uploads/Trin-Annelie/855345186/Balou_tn_002_small2.jpg', 'caption': None, 'caption_html': None, 'copyright_holder': None}, {'id': 112921749, 'sort_order': 17, 'user_id': 3314070, 'x_offset': 0, 'y_offset': 0, 'square_url': 'https://images4-g.ravelrycache.com/uploads/Trin-Annelie/855345189/Balou_cn_006_square.jpg', 'medium_url': 'https://images4-g.ravelrycache.com/uploads/Trin-Annelie/855345189/Balou_cn_006_medium.jpg', 'thumbnail_url': 'https://images4-f.ravelrycache.com/uploads/Trin-Annelie/855345189/Balou_cn_006_thumbnail.jpg', 'small_url': 'https://images4-f.ravelrycache.com/uploads/Trin-Annelie/855345189/Balou_cn_006_small_best_fit.jpg', 'flickr_url': None, 'shelved_url': 'https://images4-g.ravelrycache.com/uploads/Trin-Annelie/855345189/Balou_cn_006_shelved.jpg', 'medium2_url': 'https://images4-a.ravelrycache.com/uploads/Trin-Annelie/855345189/Balou_cn_006_medium2.jpg', 'small2_url': 'https://images4-g.ravelrycache.com/uploads/Trin-Annelie/855345189/Balou_cn_006_small2.jpg', 'caption': None, 'caption_html': None, 'copyright_holder': None}, {'id': 112921750, 'sort_order': 18, 'user_id': 3314070, 'x_offset': 0, 'y_offset': 0, 'square_url': 'https://images4-g.ravelrycache.com/uploads/Trin-Annelie/855345188/Balou_tn_008_square.jpg', 'medium_url': 'https://images4-g.ravelrycache.com/uploads/Trin-Annelie/855345188/Balou_tn_008_medium.jpg', 'thumbnail_url': 'https://images4-g.ravelrycache.com/uploads/Trin-Annelie/855345188/Balou_tn_008_thumbnail.jpg', 'small_url': 'https://images4-g.ravelrycache.com/uploads/Trin-Annelie/855345188/Balou_tn_008_small_best_fit.jpg', 'flickr_url': None, 'shelved_url': 'https://images4-g.ravelrycache.com/uploads/Trin-Annelie/855345188/Balou_tn_008_shelved.jpg', 'medium2_url': 'https://images4-a.ravelrycache.com/uploads/Trin-Annelie/855345188/Balou_tn_008_medium2.jpg', 'small2_url': 'https://images4-g.ravelrycache.com/uploads/Trin-Annelie/855345188/Balou_tn_008_small2.jpg', 'caption': None, 'caption_html': None, 'copyright_holder': None}, {'id': 112921751, 'sort_order': 19, 'user_id': 3314070, 'x_offset': 0, 'y_offset': 0, 'square_url': 'https://images4-f.ravelrycache.com/uploads/Trin-Annelie/855345183/Balou_cn_003_square.jpg', 'medium_url': 'https://images4-f.ravelrycache.com/uploads/Trin-Annelie/855345183/Balou_cn_003_medium.jpg', 'thumbnail_url': 'https://images4-g.ravelrycache.com/uploads/Trin-Annelie/855345183/Balou_cn_003_thumbnail.jpg', 'small_url': 'https://images4-g.ravelrycache.com/uploads/Trin-Annelie/855345183/Balou_cn_003_small_best_fit.jpg', 'flickr_url': None, 'shelved_url': 'https://images4-g.ravelrycache.com/uploads/Trin-Annelie/855345183/Balou_cn_003_shelved.jpg', 'medium2_url': 'https://images4-a.ravelrycache.com/uploads/Trin-Annelie/855345183/Balou_cn_003_medium2.jpg', 'small2_url': 'https://images4-f.ravelrycache.com/uploads/Trin-Annelie/855345183/Balou_cn_003_small2.jpg', 'caption': None, 'caption_html': None, 'copyright_holder': None}]"
Cider Mill,Jen Geigley,1243221,https://www.ravelry.com/patterns/library/cider-mill-2,False,https://images4-a.ravelrycache.com/uploads/jengeigley/856007418/Facetune_18-05-2022-00-11-57_medium2.jpg,Knitting,"['female', 'unisex', 'crew-neck', 'stranded', 'one-piece', 'seamless', 'top-down', 'positive-ease', 'chart', 'in-the-round', 'circular-yoke']",20.0,3.375,True,4.0,Stockinette stitch,pullover,Worsted,21,4.75,"XS (S, M, L, XL, 2XL, 3XL, 4XL, 5XL) to fit bust: 36 (40, 44, 48, 52, 56, 60, 64, 68) inches","[{'id': 112926919, 'sort_order': 1, 'user_id': 193510, 'x_offset': 0, 'y_offset': -51, 'square_url': 'https://images4-f.ravelrycache.com/uploads/jengeigley/856007418/Facetune_18-05-2022-00-11-57_square.jpg', 'medium_url': 'https://images4-f.ravelrycache.com/uploads/jengeigley/856007418/Facetune_18-05-2022-00-11-57_medium.jpg', 'thumbnail_url': 'https://images4-f.ravelrycache.com/uploads/jengeigley/856007418/Facetune_18-05-2022-00-11-57_thumbnail.jpg', 'small_url': 'https://images4-g.ravelrycache.com/uploads/jengeigley/856007418/Facetune_18-05-2022-00-11-57_small_best_fit.jpg', 'flickr_url': None, 'shelved_url': 'https://images4-g.ravelrycache.com/uploads/jengeigley/856007418/Facetune_18-05-2022-00-11-57_shelved.jpg', 'medium2_url': 'https://images4-a.ravelrycache.com/uploads/jengeigley/856007418/Facetune_18-05-2022-00-11-57_medium2.jpg', 'small2_url': 'https://images4-f.ravelrycache.com/uploads/jengeigley/856007418/Facetune_18-05-2022-00-11-57_small2.jpg', 'caption': None, 'caption_html': None, 'copyright_holder': None}, {'id': 112926920, 'sort_order': 2, 'user_id': 193510, 'x_offset': 0, 'y_offset': -43, 'square_url': 'https://images4-g.ravelrycache.com/uploads/jengeigley/856007405/Facetune_17-05-2022-23-42-42_square.JPG', 'medium_url': 'https://images4-g.ravelrycache.com/uploads/jengeigley/856007405/Facetune_17-05-2022-23-42-42_medium.JPG', 'thumbnail_url': 'https://images4-g.ravelrycache.com/uploads/jengeigley/856007405/Facetune_17-05-2022-23-42-42_thumbnail.JPG', 'small_url': 'https://images4-g.ravelrycache.com/uploads/jengeigley/856007405/Facetune_17-05-2022-23-42-42_small_best_fit.JPG', 'flickr_url': None, 'shelved_url': 'https://images4-g.ravelrycache.com/uploads/jengeigley/856007405/Facetune_17-05-2022-23-42-42_shelved.JPG', 'medium2_url': 'https://images4-a.ravelrycache.com/uploads/jengeigley/856007405/Facetune_17-05-2022-23-42-42_medium2.JPG', 'small2_url': 'https://images4-g.ravelrycache.com/uploads/jengeigley/856007405/Facetune_17-05-2022-23-42-42_small2.JPG', 'caption': None, 'caption_html': None, 'copyright_holder': None}, {'id': 112926921, 'sort_order': 3, 'user_id': 193510, 'x_offset': 0, 'y_offset': -60, 'square_url': 'https://images4-g.ravelrycache.com/uploads/jengeigley/856007410/DSC_6875_square.jpg', 'medium_url': 'https://images4-g.ravelrycache.com/uploads/jengeigley/856007410/DSC_6875_medium.jpg', 'thumbnail_url': 'https://images4-f.ravelrycache.com/uploads/jengeigley/856007410/DSC_6875_thumbnail.jpg', 'small_url': 'https://images4-g.ravelrycache.com/uploads/jengeigley/856007410/DSC_6875_small_best_fit.jpg', 'flickr_url': None, 'shelved_url': 'https://images4-g.ravelrycache.com/uploads/jengeigley/856007410/DSC_6875_shelved.jpg', 'medium2_url': 'https://images4-a.ravelrycache.com/uploads/jengeigley/856007410/DSC_6875_medium2.jpg', 'small2_url': 'https://images4-g.ravelrycache.com/uploads/jengeigley/856007410/DSC_6875_small2.jpg', 'caption': None, 'caption_html': None, 'copyright_holder': None}, {'id': 112926922, 'sort_order': 4, 'user_id': 193510, 'x_offset': 0, 'y_offset': -43, 'square_url': 'https://images4-g.ravelrycache.com/uploads/jengeigley/856007408/Facetune_18-05-2022-00-21-06_square.JPG', 'medium_url': 'https://images4-g.ravelrycache.com/uploads/jengeigley/856007408/Facetune_18-05-2022-00-21-06_medium.JPG', 'thumbnail_url': 'https://images4-g.ravelrycache.com/uploads/jengeigley/856007408/Facetune_18-05-2022-00-21-06_thumbnail.JPG', 'small_url': 'https://images4-g.ravelrycache.com/uploads/jengeigley/856007408/Facetune_18-05-2022-00-21-06_small_best_fit.JPG', 'flickr_url': None, 'shelved_url': 'https://images4-f.ravelrycache.com/uploads/jengeigley/856007408/Facetune_18-05-2022-00-21-06_shelved.JPG', 'medium2_url': 'https://images4-a.ravelrycache.com/uploads/jengeigley/856007408/Facetune_18-05-2022-00-21-06_medium2.JPG', 'small2_url': 'https://images4-g.ravelrycache.com/uploads/jengeigley/856007408/Facetune_18-05-2022-00-21-06_small2.JPG', 'caption': None, 'caption_html': None, 'copyright_holder': None}, {'id': 112926923, 'sort_order': 5, 'user_id': 193510, 'x_offset': -1, 'y_offset': -76, 'square_url': 'https://images4-f.ravelrycache.com/uploads/jengeigley/856007413/Facetune_18-05-2022-00-02-50_square.JPG', 'medium_url': 'https://images4-f.ravelrycache.com/uploads/jengeigley/856007413/Facetune_18-05-2022-00-02-50_medium.JPG', 'thumbnail_url': 'https://images4-g.ravelrycache.com/uploads/jengeigley/856007413/Facetune_18-05-2022-00-02-50_thumbnail.JPG', 'small_url': 'https://images4-f.ravelrycache.com/uploads/jengeigley/856007413/Facetune_18-05-2022-00-02-50_small_best_fit.JPG', 'flickr_url': None, 'shelved_url': 'https://images4-g.ravelrycache.com/uploads/jengeigley/856007413/Facetune_18-05-2022-00-02-50_shelved.JPG', 'medium2_url': 'https://images4-a.ravelrycache.com/uploads/jengeigley/856007413/Facetune_18-05-2022-00-02-50_medium2.JPG', 'small2_url': 'https://images4-f.ravelrycache.com/uploads/jengeigley/856007413/Facetune_18-05-2022-00-02-50_small2.JPG', 'caption': None, 'caption_html': None, 'copyright_holder': None}, {'id': 112926924, 'sort_order': 6, 'user_id': 193510, 'x_offset': 0, 'y_offset': -43, 'square_url': 'https://images4-g.ravelrycache.com/uploads/jengeigley/856007404/Facetune_17-05-2022-23-46-57_square.JPG', 'medium_url': 'https://images4-g.ravelrycache.com/uploads/jengeigley/856007404/Facetune_17-05-2022-23-46-57_medium.JPG', 'thumbnail_url': 'https://images4-f.ravelrycache.com/uploads/jengeigley/856007404/Facetune_17-05-2022-23-46-57_thumbnail.JPG', 'small_url': 'https://images4-g.ravelrycache.com/uploads/jengeigley/856007404/Facetune_17-05-2022-23-46-57_small_best_fit.JPG', 'flickr_url': None, 'shelved_url': 'https://images4-g.ravelrycache.com/uploads/jengeigley/856007404/Facetune_17-05-2022-23-46-57_shelved.JPG', 'medium2_url': 'https://images4-a.ravelrycache.com/uploads/jengeigley/856007404/Facetune_17-05-2022-23-46-57_medium2.JPG', 'small2_url': 'https://images4-g.ravelrycache.com/uploads/jengeigley/856007404/Facetune_17-05-2022-23-46-57_small2.JPG', 'caption': None, 'caption_html': None, 'copyright_holder': None}, {'id': 112926925, 'sort_order': 7, 'user_id': 193510, 'x_offset': 0, 'y_offset': -43, 'square_url': 'https://images4-g.ravelrycache.com/uploads/jengeigley/856007412/Facetune_17-05-2022-23-40-39_square.jpg', 'medium_url': 'https://images4-g.ravelrycache.com/uploads/jengeigley/856007412/Facetune_17-05-2022-23-40-39_medium.jpg', 'thumbnail_url': 'https://images4-g.ravelrycache.com/uploads/jengeigley/856007412/Facetune_17-05-2022-23-40-39_thumbnail.jpg', 'small_url': 'https://images4-f.ravelrycache.com/uploads/jengeigley/856007412/Facetune_17-05-2022-23-40-39_small_best_fit.jpg', 'flickr_url': None, 'shelved_url': 'https://images4-f.ravelrycache.com/uploads/jengeigley/856007412/Facetune_17-05-2022-23-40-39_shelved.jpg', 'medium2_url': 'https://images4-a.ravelrycache.com/uploads/jengeigley/856007412/Facetune_17-05-2022-23-40-39_medium2.jpg', 'small2_url': 'https://images4-g.ravelrycache.com/uploads/jengeigley/856007412/Facetune_17-05-2022-23-40-39_small2.jpg', 'caption': None, 'caption_html': None, 'copyright_holder': None}, {'id': 112926926, 'sort_order': 8, 'user_id': 193510, 'x_offset': -43, 'y_offset': 0, 'square_url': 'https://images4-g.ravelrycache.com/uploads/jengeigley/856007440/DSC_6952_square.JPG', 'medium_url': 'https://images4-g.ravelrycache.com/uploads/jengeigley/856007440/DSC_6952_medium.JPG', 'thumbnail_url': 'https://images4-g.ravelrycache.com/uploads/jengeigley/856007440/DSC_6952_thumbnail.JPG', 'small_url': 'https://images4-g.ravelrycache.com/uploads/jengeigley/856007440/DSC_6952_small_best_fit.JPG', 'flickr_url': None, 'shelved_url': 'https://images4-g.ravelrycache.com/uploads/jengeigley/856007440/DSC_6952_shelved.JPG', 'medium2_url': 'https://images4-a.ravelrycache.com/uploads/jengeigley/856007440/DSC_6952_medium2.JPG', 'small2_url': 'https://images4-g.ravelrycache.com/uploads/jengeigley/856007440/DSC_6952_small2.JPG', 'caption': None, 'caption_html': None, 'copyright_holder': None}]"
Prose,Julie Hoover,1243327,https://www.ravelry.com/patterns/library/prose-4,False,https://images4-a.ravelrycache.com/uploads/juliehoover/856101506/JH-prose-06_medium2.jpg,Knitting,"['unisex', 'seamed', 'v-neck', 'long-sleeve', 'bottom-up', 'positive-ease', 'written-pattern', 'worked-flat', 'schematic']",22.0,0.0,True,4.0,"4"" / 10 cm in stockinette stitch with C1 Yarn held double using Size A needles, after blocking",pullover,Sport,15,4.75,"37¾ (40¾, 44¼, 47¼, 51, 53¾, 57½, 60¼, 64, 67¾)"" / 96 (103.5, 112.5, 120, 129.5, 136.5, 146, 153, 162.5, 172) cm finished chest and hip circumference","[{'id': 112938354, 'sort_order': 1, 'user_id': 768194, 'x_offset': 0, 'y_offset': -43, 'square_url': 'https://images4-f.ravelrycache.com/uploads/juliehoover/856101506/JH-prose-06_square.jpg', 'medium_url': 'https://images4-f.ravelrycache.com/uploads/juliehoover/856101506/JH-prose-06_medium.jpg', 'thumbnail_url': 'https://images4-f.ravelrycache.com/uploads/juliehoover/856101506/JH-prose-06_thumbnail.jpg', 'small_url': 'https://images4-f.ravelrycache.com/uploads/juliehoover/856101506/JH-prose-06_small_best_fit.jpg', 'flickr_url': None, 'shelved_url': 'https://images4-f.ravelrycache.com/uploads/juliehoover/856101506/JH-prose-06_shelved.jpg', 'medium2_url': 'https://images4-a.ravelrycache.com/uploads/juliehoover/856101506/JH-prose-06_medium2.jpg', 'small2_url': 'https://images4-f.ravelrycache.com/uploads/juliehoover/856101506/JH-prose-06_small2.jpg', 'caption': None, 'caption_html': None, 'copyright_holder': 'Julie Hoover'}, {'id': 112938355, 'sort_order': 2, 'user_id': 768194, 'x_offset': 0, 'y_offset': 0, 'square_url': 'https://images4-g.ravelrycache.com/uploads/juliehoover/856101203/JH-prose-03_square.jpg', 'medium_url': 'https://images4-g.ravelrycache.com/uploads/juliehoover/856101203/JH-prose-03_medium.jpg', 'thumbnail_url': 'https://images4-g.ravelrycache.com/uploads/juliehoover/856101203/JH-prose-03_thumbnail.jpg', 'small_url': 'https://images4-f.ravelrycache.com/uploads/juliehoover/856101203/JH-prose-03_small_best_fit.jpg', 'flickr_url': None, 'shelved_url': 'https://images4-f.ravelrycache.com/uploads/juliehoover/856101203/JH-prose-03_shelved.jpg', 'medium2_url': 'https://images4-a.ravelrycache.com/uploads/juliehoover/856101203/JH-prose-03_medium2.jpg', 'small2_url': 'https://images4-g.ravelrycache.com/uploads/juliehoover/856101203/JH-prose-03_small2.jpg', 'caption': None, 'caption_html': None, 'copyright_holder': 'Julie Hoover'}, {'id': 112938356, 'sort_order': 3, 'user_id': 768194, 'x_offset': 0, 'y_offset': 0, 'square_url': 'https://images4-g.ravelrycache.com/uploads/juliehoover/856101194/JH-prose-01_square.jpg', 'medium_url': 'https://images4-g.ravelrycache.com/uploads/juliehoover/856101194/JH-prose-01_medium.jpg', 'thumbnail_url': 'https://images4-f.ravelrycache.com/uploads/juliehoover/856101194/JH-prose-01_thumbnail.jpg', 'small_url': 'https://images4-g.ravelrycache.com/uploads/juliehoover/856101194/JH-prose-01_small_best_fit.jpg', 'flickr_url': None, 'shelved_url': 'https://images4-f.ravelrycache.com/uploads/juliehoover/856101194/JH-prose-01_shelved.jpg', 'medium2_url': 'https://images4-a.ravelrycache.com/uploads/juliehoover/856101194/JH-prose-01_medium2.jpg', 'small2_url': 'https://images4-g.ravelrycache.com/uploads/juliehoover/856101194/JH-prose-01_small2.jpg', 'caption': None, 'caption_html': None, 'copyright_holder': 'Julie Hoover'}, {'id': 112938357, 'sort_order': 4, 'user_id': 768194, 'x_offset': 0, 'y_offset': -43, 'square_url': 'https://images4-g.ravelrycache.com/uploads/juliehoover/856101374/JH-prose-05_square.jpg', 'medium_url': 'https://images4-g.ravelrycache.com/uploads/juliehoover/856101374/JH-prose-05_medium.jpg', 'thumbnail_url': 'https://images4-g.ravelrycache.com/uploads/juliehoover/856101374/JH-prose-05_thumbnail.jpg', 'small_url': 'https://images4-f.ravelrycache.com/uploads/juliehoover/856101374/JH-prose-05_small_best_fit.jpg', 'flickr_url': None, 'shelved_url': 'https://images4-g.ravelrycache.com/uploads/juliehoover/856101374/JH-prose-05_shelved.jpg', 'medium2_url': 'https://images4-a.ravelrycache.com/uploads/juliehoover/856101374/JH-prose-05_medium2.jpg', 'small2_url': 'https://images4-g.ravelrycache.com/uploads/juliehoover/856101374/JH-prose-05_small2.jpg', 'caption': None, 'caption_html': None, 'copyright_holder': 'Julie Hoover'}]"
Canale,Julie Hoover,1243329,https://www.ravelry.com/patterns/library/canale,False,https://images4-a.ravelrycache.com/uploads/juliehoover/856102217/JH-canale-16_medium2.jpg,Knitting,"['ribbed', 'seamed', 'v-neck', 'sleeveless', 'bottom-up', 'positive-ease', 'written-pattern', 'worked-flat', 'icord-edging', 'schematic']",25.0,3.1666666666666665,True,4.0,"stockinette stitch with Needle A, after blocking",pullover,Fingering,18,4.833333333333333,"36½ (41½, 46½, 52, 57, 62, 67)"" / 92.5 (105.5, 118, 132, 145, 157.5, 170) cm finished chest and hip circumference","[{'id': 112938429, 'sort_order': 1, 'user_id': 768194, 'x_offset': 0, 'y_offset': 0, 'square_url': 'https://images4-f.ravelrycache.com/uploads/juliehoover/856102217/JH-canale-16_square.jpg', 'medium_url': 'https://images4-f.ravelrycache.com/uploads/juliehoover/856102217/JH-canale-16_medium.jpg', 'thumbnail_url': 'https://images4-g.ravelrycache.com/uploads/juliehoover/856102217/JH-canale-16_thumbnail.jpg', 'small_url': 'https://images4-g.ravelrycache.com/uploads/juliehoover/856102217/JH-canale-16_small_best_fit.jpg', 'flickr_url': None, 'shelved_url': 'https://images4-g.ravelrycache.com/uploads/juliehoover/856102217/JH-canale-16_shelved.jpg', 'medium2_url': 'https://images4-a.ravelrycache.com/uploads/juliehoover/856102217/JH-canale-16_medium2.jpg', 'small2_url': 'https://images4-f.ravelrycache.com/uploads/juliehoover/856102217/JH-canale-16_small2.jpg', 'caption': None, 'caption_html': None, 'copyright_holder': None}, {'id': 112938430, 'sort_order': 2, 'user_id': 768194, 'x_offset': 0, 'y_offset': 0, 'square_url': 'https://images4-f.ravelrycache.com/uploads/juliehoover/856102200/JH-canale-18_square.jpg', 'medium_url': 'https://images4-f.ravelrycache.com/uploads/juliehoover/856102200/JH-canale-18_medium.jpg', 'thumbnail_url': 'https://images4-f.ravelrycache.com/uploads/juliehoover/856102200/JH-canale-18_thumbnail.jpg', 'small_url': 'https://images4-g.ravelrycache.com/uploads/juliehoover/856102200/JH-canale-18_small_best_fit.jpg', 'flickr_url': None, 'shelved_url': 'https://images4-g.ravelrycache.com/uploads/juliehoover/856102200/JH-canale-18_shelved.jpg', 'medium2_url': 'https://images4-a.ravelrycache.com/uploads/juliehoover/856102200/JH-canale-18_medium2.jpg', 'small2_url': 'https://images4-f.ravelrycache.com/uploads/juliehoover/856102200/JH-canale-18_small2.jpg', 'caption': None, 'caption_html': None, 'copyright_holder': None}, {'id': 112938554, 'sort_order': 3, 'user_id': 768194, 'x_offset': -7, 'y_offset': 0, 'square_url': 'https://images4-g.ravelrycache.com/uploads/juliehoover/856104018/JH-canale-17_square.jpg', 'medium_url': 'https://images4-g.ravelrycache.com/uploads/juliehoover/856104018/JH-canale-17_medium.jpg', 'thumbnail_url': 'https://images4-f.ravelrycache.com/uploads/juliehoover/856104018/JH-canale-17_thumbnail.jpg', 'small_url': 'https://images4-f.ravelrycache.com/uploads/juliehoover/856104018/JH-canale-17_small_best_fit.jpg', 'flickr_url': None, 'shelved_url': 'https://images4-g.ravelrycache.com/uploads/juliehoover/856104018/JH-canale-17_shelved.jpg', 'medium2_url': 'https://images4-a.ravelrycache.com/uploads/juliehoover/856104018/JH-canale-17_medium2.jpg', 'small2_url': 'https://images4-g.ravelrycache.com/uploads/juliehoover/856104018/JH-canale-17_small2.jpg', 'caption': None, 'caption_html': None, 'copyright_holder': ''}, {'id': 112938557, 'sort_order': 4, 'user_id': 768194, 'x_offset': -3, 'y_offset': 0, 'square_url': 'https://images4-g.ravelrycache.com/uploads/juliehoover/856104041/JH-canale-14_square.jpg', 'medium_url': 'https://images4-g.ravelrycache.com/uploads/juliehoover/856104041/JH-canale-14_medium.jpg', 'thumbnail_url': 'https://images4-g.ravelrycache.com/uploads/juliehoover/856104041/JH-canale-14_thumbnail.jpg', 'small_url': 'https://images4-f.ravelrycache.com/uploads/juliehoover/856104041/JH-canale-14_small_best_fit.jpg', 'flickr_url': None, 'shelved_url': 'https://images4-f.ravelrycache.com/uploads/juliehoover/856104041/JH-canale-14_shelved.jpg', 'medium2_url': 'https://images4-a.ravelrycache.com/uploads/juliehoover/856104041/JH-canale-14_medium2.jpg', 'small2_url': 'https://images4-g.ravelrycache.com/uploads/juliehoover/856104041/JH-canale-14_small2.jpg', 'caption': None, 'caption_html': None, 'copyright_holder': ''}, {'id': 112938558, 'sort_order': 5, 'user_id': 768194, 'x_offset': 0, 'y_offset': 0, 'square_url': 'https://images4-g.ravelrycache.com/uploads/juliehoover/856104056/JH-canale-06_square.jpg', 'medium_url': 'https://images4-g.ravelrycache.com/uploads/juliehoover/856104056/JH-canale-06_medium.jpg', 'thumbnail_url': 'https://images4-g.ravelrycache.com/uploads/juliehoover/856104056/JH-canale-06_thumbnail.jpg', 'small_url': 'https://images4-f.ravelrycache.com/uploads/juliehoover/856104056/JH-canale-06_small_best_fit.jpg', 'flickr_url': None, 'shelved_url': 'https://images4-g.ravelrycache.com/uploads/juliehoover/856104056/JH-canale-06_shelved.jpg', 'medium2_url': 'https://images4-a.ravelrycache.com/uploads/juliehoover/856104056/JH-canale-06_medium2.jpg', 'small2_url': 'https://images4-g.ravelrycache.com/uploads/juliehoover/856104056/JH-canale-06_small2.jpg', 'caption': None, 'caption_html': None, 'copyright_holder': ''}]"
Spring berries sweater,Romi- Dame La Lata,1244067,https://www.ravelry.com/patterns/library/spring-berries-sweater,True,https://images4-a.ravelrycache.com/uploads/Romi-damelalata/854637831/collage_medium2.jpg,Knitting,"['female', 'adult', 'cables', 'eyelets', 'lace', 'raglan-sleeve', 'one-piece', 'seamless', 'top-down', 'positive-ease', 'chart', 'written-pattern', 'cropped', 'in-the-round']",20.0,4.5,True,4.0,stockinnette,pullover,Light Fingering,8,4.6,One size (M/L),"[{'id': 113008603, 'sort_order': 1, 'user_id': 699548, 'x_offset': 0, 'y_offset': 0, 'square_url': 'https://images4-g.ravelrycache.com/uploads/Romi-damelalata/854637831/collage_square.jpg', 'medium_url': 'https://images4-g.ravelrycache.com/uploads/Romi-damelalata/854637831/collage_medium.jpg', 'thumbnail_url': 'https://images4-g.ravelrycache.com/uploads/Romi-damelalata/854637831/collage_thumbnail.jpg', 'small_url': 'https://images4-g.ravelrycache.com/uploads/Romi-damelalata/854637831/collage_small_best_fit.jpg', 'flickr_url': None, 'shelved_url': 'https://images4-f.ravelrycache.com/uploads/Romi-damelalata/854637831/collage_shelved.jpg', 'medium2_url': 'https://images4-a.ravelrycache.com/uploads/Romi-damelalata/854637831/collage_medium2.jpg', 'small2_url': 'https://images4-g.ravelrycache.com/uploads/Romi-damelalata/854637831/collage_small2.jpg', 'caption': None, 'caption_html': None, 'copyright_holder': None}, {'id': 119023356, 'sort_order': 2, 'user_id': 2118447, 'x_offset': 1, 'y_offset': -8, 'square_url': 'https://images4-g.ravelrycache.com/uploads/ImIsabelLee/905229217/IMG_20230206_155707_edit_227030292911710_square.jpg', 'medium_url': 'https://images4-f.ravelrycache.com/uploads/ImIsabelLee/905229217/IMG_20230206_155707_edit_227030292911710_medium.jpg', 'thumbnail_url': 'https://images4-f.ravelrycache.com/uploads/ImIsabelLee/905229217/IMG_20230206_155707_edit_227030292911710_thumbnail.jpg', 'small_url': 'https://images4-g.ravelrycache.com/uploads/ImIsabelLee/905229217/IMG_20230206_155707_edit_227030292911710_small_best_fit.jpg', 'flickr_url': None, 'shelved_url': 'https://images4-g.ravelrycache.com/uploads/ImIsabelLee/905229217/IMG_20230206_155707_edit_227030292911710_shelved.jpg', 'medium2_url': 'https://images4-a.ravelrycache.com/uploads/ImIsabelLee/905229217/IMG_20230206_155707_edit_227030292911710_medium2.jpg', 'small2_url': 'https://images4-g.ravelrycache.com/uploads/ImIsabelLee/905229217/IMG_20230206_155707_edit_227030292911710_small2.jpg', 'caption': None, 'caption_html': None, 'copyright_holder': None}, {'id': 116287817, 'sort_order': 3, 'user_id': 871727, 'x_offset': 0, 'y_offset': 0, 'square_url': 'https://images4-g.ravelrycache.com/uploads/EntwinedMar/882055962/9BD583C6-B0C3-4CEC-93DE-E8145B74B31F_square.jpeg', 'medium_url': 'https://images4-g.ravelrycache.com/uploads/EntwinedMar/882055962/9BD583C6-B0C3-4CEC-93DE-E8145B74B31F_medium.jpeg', 'thumbnail_url': 'https://images4-g.ravelrycache.com/uploads/EntwinedMar/882055962/9BD583C6-B0C3-4CEC-93DE-E8145B74B31F_thumbnail.jpeg', 'small_url': 'https://images4-g.ravelrycache.com/uploads/EntwinedMar/882055962/9BD583C6-B0C3-4CEC-93DE-E8145B74B31F_small_best_fit.jpeg', 'flickr_url': None, 'shelved_url': 'https://images4-f.ravelrycache.com/uploads/EntwinedMar/882055962/9BD583C6-B0C3-4CEC-93DE-E8145B74B31F_shelved.jpeg', 'medium2_url': 'https://images4-a.ravelrycache.com/uploads/EntwinedMar/882055962/9BD583C6-B0C3-4CEC-93DE-E8145B74B31F_medium2.jpeg', 'small2_url': 'https://images4-f.ravelrycache.com/uploads/EntwinedMar/882055962/9BD583C6-B0C3-4CEC-93DE-E8145B74B31F_small2.jpeg', 'caption': None, 'caption_html': None, 'copyright_holder': None}, {'id': 113008604, 'sort_order': 4, 'user_id': 699548, 'x_offset': -2, 'y_offset': -176, 'square_url': 'https://images4-g.ravelrycache.com/uploads/Romi-damelalata/856664123/20220510_133455_square.jpg', 'medium_url': 'https://images4-g.ravelrycache.com/uploads/Romi-damelalata/856664123/20220510_133455_medium.jpg', 'thumbnail_url': 'https://images4-f.ravelrycache.com/uploads/Romi-damelalata/856664123/20220510_133455_thumbnail.jpg', 'small_url': 'https://images4-f.ravelrycache.com/uploads/Romi-damelalata/856664123/20220510_133455_small_best_fit.jpg', 'flickr_url': None, 'shelved_url': 'https://images4-f.ravelrycache.com/uploads/Romi-damelalata/856664123/20220510_133455_shelved.jpg', 'medium2_url': 'https://images4-a.ravelrycache.com/uploads/Romi-damelalata/856664123/20220510_133455_medium2.jpg', 'small2_url': 'https://images4-g.ravelrycache.com/uploads/Romi-damelalata/856664123/20220510_133455_small2.jpg', 'caption': None, 'caption_html': None, 'copyright_holder': None}, {'id': 113008605, 'sort_order': 5, 'user_id': 699548, 'x_offset': 0, 'y_offset': -32, 'square_url': 'https://images4-g.ravelrycache.com/uploads/Romi-damelalata/854637706/20220510_124015_resized_square.jpg', 'medium_url': 'https://images4-g.ravelrycache.com/uploads/Romi-damelalata/854637706/20220510_124015_resized_medium.jpg', 'thumbnail_url': 'https://images4-f.ravelrycache.com/uploads/Romi-damelalata/854637706/20220510_124015_resized_thumbnail.jpg', 'small_url': 'https://images4-f.ravelrycache.com/uploads/Romi-damelalata/854637706/20220510_124015_resized_small_best_fit.jpg', 'flickr_url': None, 'shelved_url': 'https://images4-f.ravelrycache.com/uploads/Romi-damelalata/854637706/20220510_124015_resized_shelved.jpg', 'medium2_url': 'https://images4-a.ravelrycache.com/uploads/Romi-damelalata/854637706/20220510_124015_resized_medium2.jpg', 'small2_url': 'https://images4-g.ravelrycache.com/uploads/Romi-damelalata/854637706/20220510_124015_resized_small2.jpg', 'caption': None, 'caption_html': None, 'copyright_holder': None}, {'id': 113008606, 'sort_order': 6, 'user_id': 699548, 'x_offset': 0, 'y_offset': -98, 'square_url': 'https://images4-g.ravelrycache.com/uploads/Romi-damelalata/854637805/20220510_124711_resized_square.jpg', 'medium_url': 'https://images4-g.ravelrycache.com/uploads/Romi-damelalata/854637805/20220510_124711_resized_medium.jpg', 'thumbnail_url': 'https://images4-f.ravelrycache.com/uploads/Romi-damelalata/854637805/20220510_124711_resized_thumbnail.jpg', 'small_url': 'https://images4-f.ravelrycache.com/uploads/Romi-damelalata/854637805/20220510_124711_resized_small_best_fit.jpg', 'flickr_url': None, 'shelved_url': 'https://images4-f.ravelrycache.com/uploads/Romi-damelalata/854637805/20220510_124711_resized_shelved.jpg', 'medium2_url': 'https://images4-a.ravelrycache.com/uploads/Romi-damelalata/854637805/20220510_124711_resized_medium2.jpg', 'small2_url': 'https://images4-g.ravelrycache.com/uploads/Romi-damelalata/854637805/20220510_124711_resized_small2.jpg', 'caption': None, 'caption_html': None, 'copyright_holder': None}, {'id': 113008607, 'sort_order': 7, 'user_id': 699548, 'x_offset': 0, 'y_offset': -167, 'square_url': 'https://images4-g.ravelrycache.com/uploads/Romi-damelalata/854637796/20220510_123542_square.jpg', 'medium_url': 'https://images4-g.ravelrycache.com/uploads/Romi-damelalata/854637796/20220510_123542_medium.jpg', 'thumbnail_url': 'https://images4-f.ravelrycache.com/uploads/Romi-damelalata/854637796/20220510_123542_thumbnail.jpg', 'small_url': 'https://images4-g.ravelrycache.com/uploads/Romi-damelalata/854637796/20220510_123542_small_best_fit.jpg', 'flickr_url': None, 'shelved_url': 'https://images4-g.ravelrycache.com/uploads/Romi-damelalata/854637796/20220510_123542_shelved.jpg', 'medium2_url': 'https://images4-a.ravelrycache.com/uploads/Romi-damelalata/854637796/20220510_123542_medium2.jpg', 'small2_url': 'https://images4-g.ravelrycache.com/uploads/Romi-damelalata/854637796/20220510_123542_small2.jpg', 'caption': None, 'caption_html': None, 'copyright_holder': None}, {'id': 113008608, 'sort_order': 8, 'user_id': 699548, 'x_offset': -3, 'y_offset': -60, 'square_url': 'https://images4-g.ravelrycache.com/uploads/Romi-damelalata/854637847/20220510_133702_square.jpg', 'medium_url': 'https://images4-g.ravelrycache.com/uploads/Romi-damelalata/854637847/20220510_133702_medium.jpg', 'thumbnail_url': 'https://images4-g.ravelrycache.com/uploads/Romi-damelalata/854637847/20220510_133702_thumbnail.jpg', 'small_url': 'https://images4-g.ravelrycache.com/uploads/Romi-damelalata/854637847/20220510_133702_small_best_fit.jpg', 'flickr_url': None, 'shelved_url': 'https://images4-g.ravelrycache.com/uploads/Romi-damelalata/854637847/20220510_133702_shelved.jpg', 'medium2_url': 'https://images4-a.ravelrycache.com/uploads/Romi-damelalata/854637847/20220510_133702_medium2.jpg', 'small2_url': 'https://images4-g.ravelrycache.com/uploads/Romi-damelalata/854637847/20220510_133702_small2.jpg', 'caption': None, 'caption_html': None, 'copyright_holder': None}]"
Mycharmingwool Sweater,Victoria Chaplina,1244191,https://www.ravelry.com/patterns/library/mycharmingwool-sweater,False,https://images4-a.ravelrycache.com/uploads/Mycharmingwool/850474045/B5D40B93-3C19-4BAE-8D14-126311657703_medium2.jpeg,Knitting,"['female', 'crew-neck', 'long-sleeve', 'raglan-sleeve', 'bottom-up', 'positive-ease', 'written-pattern', 'in-the-round', 'one-piece']",19.0,0.0,True,4.0,"Stockinette stitch in the rnd, on larger needles after blocking ",pullover,Worsted,14,5.0,"XS (S, M, L, XL, 2XL, 3XL) ","[{'id': 113020534, 'sort_order': 1, 'user_id': 7329421, 'x_offset': -1, 'y_offset': -1, 'square_url': 'https://images4-f.ravelrycache.com/uploads/Mycharmingwool/850474045/B5D40B93-3C19-4BAE-8D14-126311657703_square.jpeg', 'medium_url': 'https://images4-f.ravelrycache.com/uploads/Mycharmingwool/850474045/B5D40B93-3C19-4BAE-8D14-126311657703_medium.jpeg', 'thumbnail_url': 'https://images4-g.ravelrycache.com/uploads/Mycharmingwool/850474045/B5D40B93-3C19-4BAE-8D14-126311657703_thumbnail.jpeg', 'small_url': 'https://images4-g.ravelrycache.com/uploads/Mycharmingwool/850474045/B5D40B93-3C19-4BAE-8D14-126311657703_small_best_fit.jpeg', 'flickr_url': None, 'shelved_url': 'https://images4-f.ravelrycache.com/uploads/Mycharmingwool/850474045/B5D40B93-3C19-4BAE-8D14-126311657703_shelved.jpeg', 'medium2_url': 'https://images4-a.ravelrycache.com/uploads/Mycharmingwool/850474045/B5D40B93-3C19-4BAE-8D14-126311657703_medium2.jpeg', 'small2_url': 'https://images4-f.ravelrycache.com/uploads/Mycharmingwool/850474045/B5D40B93-3C19-4BAE-8D14-126311657703_small2.jpeg', 'caption': None, 'caption_html': None, 'copyright_holder': None}, {'id': 113020535, 'sort_order': 2, 'user_id': 7329421, 'x_offset': 5, 'y_offset': -4, 'square_url': 'https://images4-g.ravelrycache.com/uploads/Mycharmingwool/851318317/BC3A6355-688F-482A-94DB-EDADC5B26F21_square.jpeg', 'medium_url': 'https://images4-g.ravelrycache.com/uploads/Mycharmingwool/851318317/BC3A6355-688F-482A-94DB-EDADC5B26F21_medium.jpeg', 'thumbnail_url': 'https://images4-f.ravelrycache.com/uploads/Mycharmingwool/851318317/BC3A6355-688F-482A-94DB-EDADC5B26F21_thumbnail.jpeg', 'small_url': 'https://images4-f.ravelrycache.com/uploads/Mycharmingwool/851318317/BC3A6355-688F-482A-94DB-EDADC5B26F21_small_best_fit.jpeg', 'flickr_url': None, 'shelved_url': 'https://images4-f.ravelrycache.com/uploads/Mycharmingwool/851318317/BC3A6355-688F-482A-94DB-EDADC5B26F21_shelved.jpeg', 'medium2_url': 'https://images4-a.ravelrycache.com/uploads/Mycharmingwool/851318317/BC3A6355-688F-482A-94DB-EDADC5B26F21_medium2.jpeg', 'small2_url': 'https://images4-g.ravelrycache.com/uploads/Mycharmingwool/851318317/BC3A6355-688F-482A-94DB-EDADC5B26F21_small2.jpeg', 'caption': None, 'caption_html': None, 'copyright_holder': None}, {'id': 113020536, 'sort_order': 3, 'user_id': 7329421, 'x_offset': 1, 'y_offset': -21, 'square_url': 'https://images4-f.ravelrycache.com/uploads/Mycharmingwool/850474043/84072CED-1F4C-49D1-B51C-8343ABE689CF_square.jpeg', 'medium_url': 'https://images4-f.ravelrycache.com/uploads/Mycharmingwool/850474043/84072CED-1F4C-49D1-B51C-8343ABE689CF_medium.jpeg', 'thumbnail_url': 'https://images4-f.ravelrycache.com/uploads/Mycharmingwool/850474043/84072CED-1F4C-49D1-B51C-8343ABE689CF_thumbnail.jpeg', 'small_url': 'https://images4-f.ravelrycache.com/uploads/Mycharmingwool/850474043/84072CED-1F4C-49D1-B51C-8343ABE689CF_small_best_fit.jpeg', 'flickr_url': None, 'shelved_url': 'https://images4-g.ravelrycache.com/uploads/Mycharmingwool/850474043/84072CED-1F4C-49D1-B51C-8343ABE689CF_shelved.jpeg', 'medium2_url': 'https://images4-a.ravelrycache.com/uploads/Mycharmingwool/850474043/84072CED-1F4C-49D1-B51C-8343ABE689CF_medium2.jpeg', 'small2_url': 'https://images4-f.ravelrycache.com/uploads/Mycharmingwool/850474043/84072CED-1F4C-49D1-B51C-8343ABE689CF_small2.jpeg', 'caption': None, 'caption_html': None, 'copyright_holder': None}, {'id': 113020537, 'sort_order': 4, 'user_id': 7329421, 'x_offset': -3, 'y_offset': 4, 'square_url': 'https://images4-f.ravelrycache.com/uploads/Mycharmingwool/851318319/60E4447E-D896-4ACF-81C7-7574D3F4845C_square.jpeg', 'medium_url': 'https://images4-f.ravelrycache.com/uploads/Mycharmingwool/851318319/60E4447E-D896-4ACF-81C7-7574D3F4845C_medium.jpeg', 'thumbnail_url': 'https://images4-g.ravelrycache.com/uploads/Mycharmingwool/851318319/60E4447E-D896-4ACF-81C7-7574D3F4845C_thumbnail.jpeg', 'small_url': 'https://images4-f.ravelrycache.com/uploads/Mycharmingwool/851318319/60E4447E-D896-4ACF-81C7-7574D3F4845C_small_best_fit.jpeg', 'flickr_url': None, 'shelved_url': 'https://images4-g.ravelrycache.com/uploads/Mycharmingwool/851318319/60E4447E-D896-4ACF-81C7-7574D3F4845C_shelved.jpeg', 'medium2_url': 'https://images4-a.ravelrycache.com/uploads/Mycharmingwool/851318319/60E4447E-D896-4ACF-81C7-7574D3F4845C_medium2.jpeg', 'small2_url': 'https://images4-f.ravelrycache.com/uploads/Mycharmingwool/851318319/60E4447E-D896-4ACF-81C7-7574D3F4845C_small2.jpeg', 'caption': None, 'caption_html': None, 'copyright_holder': None}, {'id': 113020540, 'sort_order': 5, 'user_id': 7329421, 'x_offset': 0, 'y_offset': -22, 'square_url': 'https://images4-g.ravelrycache.com/uploads/Mycharmingwool/850474041/43DF1BC2-BC87-4A0F-807D-4AE1B5A384AB_square.jpeg', 'medium_url': 'https://images4-g.ravelrycache.com/uploads/Mycharmingwool/850474041/43DF1BC2-BC87-4A0F-807D-4AE1B5A384AB_medium.jpeg', 'thumbnail_url': 'https://images4-g.ravelrycache.com/uploads/Mycharmingwool/850474041/43DF1BC2-BC87-4A0F-807D-4AE1B5A384AB_thumbnail.jpeg', 'small_url': 'https://images4-g.ravelrycache.com/uploads/Mycharmingwool/850474041/43DF1BC2-BC87-4A0F-807D-4AE1B5A384AB_small_best_fit.jpeg', 'flickr_url': None, 'shelved_url': 'https://images4-g.ravelrycache.com/uploads/Mycharmingwool/850474041/43DF1BC2-BC87-4A0F-807D-4AE1B5A384AB_shelved.jpeg', 'medium2_url': 'https://images4-a.ravelrycache.com/uploads/Mycharmingwool/850474041/43DF1BC2-BC87-4A0F-807D-4AE1B5A384AB_medium2.jpeg', 'small2_url': 'https://images4-g.ravelrycache.com/uploads/Mycharmingwool/850474041/43DF1BC2-BC87-4A0F-807D-4AE1B5A384AB_small2.jpeg', 'caption': None, 'caption_html': None, 'copyright_holder': None}, {'id': 113020539, 'sort_order': 6, 'user_id': 7329421, 'x_offset': -5, 'y_offset': -35, 'square_url': 'https://images4-f.ravelrycache.com/uploads/Mycharmingwool/850500980/B755D62B-B138-401F-972E-96B630C4754B_square.jpeg', 'medium_url': 'https://images4-f.ravelrycache.com/uploads/Mycharmingwool/850500980/B755D62B-B138-401F-972E-96B630C4754B_medium.jpeg', 'thumbnail_url': 'https://images4-f.ravelrycache.com/uploads/Mycharmingwool/850500980/B755D62B-B138-401F-972E-96B630C4754B_thumbnail.jpeg', 'small_url': 'https://images4-f.ravelrycache.com/uploads/Mycharmingwool/850500980/B755D62B-B138-401F-972E-96B630C4754B_small.jpeg', 'flickr_url': None, 'shelved_url': 'https://images4-g.ravelrycache.com/uploads/Mycharmingwool/850500980/B755D62B-B138-401F-972E-96B630C4754B_shelved.jpeg', 'medium2_url': 'https://images4-a.ravelrycache.com/uploads/Mycharmingwool/850500980/B755D62B-B138-401F-972E-96B630C4754B_medium2.jpeg', 'small2_url': 'https://images4-f.ravelrycache.com/uploads/Mycharmingwool/850500980/B755D62B-B138-401F-972E-96B630C4754B_small2.jpeg', 'caption': None, 'caption_html': None, 'copyright_holder': None}, {'id': 113020538, 'sort_order': 7, 'user_id': 7329421, 'x_offset': 0, 'y_offset': -22, 'square_url': 'https://images4-f.ravelrycache.com/uploads/Mycharmingwool/850500983/266F127B-52B0-466E-B7B6-61AEB71CFF0B_square.jpeg', 'medium_url': 'https://images4-f.ravelrycache.com/uploads/Mycharmingwool/850500983/266F127B-52B0-466E-B7B6-61AEB71CFF0B_medium.jpeg', 'thumbnail_url': 'https://images4-f.ravelrycache.com/uploads/Mycharmingwool/850500983/266F127B-52B0-466E-B7B6-61AEB71CFF0B_thumbnail.jpeg', 'small_url': 'https://images4-g.ravelrycache.com/uploads/Mycharmingwool/850500983/266F127B-52B0-466E-B7B6-61AEB71CFF0B_small_best_fit.jpeg', 'flickr_url': None, 'shelved_url': 'https://images4-g.ravelrycache.com/uploads/Mycharmingwool/850500983/266F127B-52B0-466E-B7B6-61AEB71CFF0B_shelved.jpeg', 'medium2_url': 'https://images4-a.ravelrycache.com/uploads/Mycharmingwool/850500983/266F127B-52B0-466E-B7B6-61AEB71CFF0B_medium2.jpeg', 'small2_url': 'https://images4-f.ravelrycache.com/uploads/Mycharmingwool/850500983/266F127B-52B0-466E-B7B6-61AEB71CFF0B_small2.jpeg', 'caption': None, 'caption_html': None, 'copyright_holder': None}, {'id': 113020541, 'sort_order': 8, 'user_id': 7329421, 'x_offset': 1, 'y_offset': -3, 'square_url': 'https://images4-g.ravelrycache.com/uploads/Mycharmingwool/850499326/4FB574C7-BFF6-484A-94CC-FAAE1F315171_square.jpeg', 'medium_url': 'https://images4-g.ravelrycache.com/uploads/Mycharmingwool/850499326/4FB574C7-BFF6-484A-94CC-FAAE1F315171_medium.jpeg', 'thumbnail_url': 'https://images4-f.ravelrycache.com/uploads/Mycharmingwool/850499326/4FB574C7-BFF6-484A-94CC-FAAE1F315171_thumbnail.jpeg', 'small_url': 'https://images4-f.ravelrycache.com/uploads/Mycharmingwool/850499326/4FB574C7-BFF6-484A-94CC-FAAE1F315171_small_best_fit.jpeg', 'flickr_url': None, 'shelved_url': 'https://images4-f.ravelrycache.com/uploads/Mycharmingwool/850499326/4FB574C7-BFF6-484A-94CC-FAAE1F315171_shelved.jpeg', 'medium2_url': 'https://images4-a.ravelrycache.com/uploads/Mycharmingwool/850499326/4FB574C7-BFF6-484A-94CC-FAAE1F315171_medium2.jpeg', 'small2_url': 'https://images4-g.ravelrycache.com/uploads/Mycharmingwool/850499326/4FB574C7-BFF6-484A-94CC-FAAE1F315171_small2.jpeg', 'caption': None, 'caption_html': None, 'copyright_holder': None}, {'id': 113020542, 'sort_order': 9, 'user_id': 7329421, 'x_offset': 0, 'y_offset': -22, 'square_url': 'https://images4-g.ravelrycache.com/uploads/Mycharmingwool/850500973/0ACECD62-0D9A-4736-844B-B7D2BAEADF83_square.jpeg', 'medium_url': 'https://images4-g.ravelrycache.com/uploads/Mycharmingwool/850500973/0ACECD62-0D9A-4736-844B-B7D2BAEADF83_medium.jpeg', 'thumbnail_url': 'https://images4-f.ravelrycache.com/uploads/Mycharmingwool/850500973/0ACECD62-0D9A-4736-844B-B7D2BAEADF83_thumbnail.jpeg', 'small_url': 'https://images4-f.ravelrycache.com/uploads/Mycharmingwool/850500973/0ACECD62-0D9A-4736-844B-B7D2BAEADF83_small_best_fit.jpeg', 'flickr_url': None, 'shelved_url': 'https://images4-g.ravelrycache.com/uploads/Mycharmingwool/850500973/0ACECD62-0D9A-4736-844B-B7D2BAEADF83_shelved.jpeg', 'medium2_url': 'https://images4-a.ravelrycache.com/uploads/Mycharmingwool/850500973/0ACECD62-0D9A-4736-844B-B7D2BAEADF83_medium2.jpeg', 'small2_url': 'https://images4-g.ravelrycache.com/uploads/Mycharmingwool/850500973/0ACECD62-0D9A-4736-844B-B7D2BAEADF83_small2.jpeg', 'caption': None, 'caption_html': None, 'copyright_holder': None}, {'id': 113286744, 'sort_order': 10, 'user_id': 7329421, 'x_offset': -6, 'y_offset': -2, 'square_url': 'https://images4-f.ravelrycache.com/uploads/Mycharmingwool/856161984/4DF5F566-5A30-4E4E-AD24-8213BF50D94E_small2_square.jpeg', 'medium_url': 'https://images4-f.ravelrycache.com/uploads/Mycharmingwool/856161984/4DF5F566-5A30-4E4E-AD24-8213BF50D94E_small2_medium.jpeg', 'thumbnail_url': 'https://images4-g.ravelrycache.com/uploads/Mycharmingwool/856161984/4DF5F566-5A30-4E4E-AD24-8213BF50D94E_small2_thumbnail.jpeg', 'small_url': 'https://images4-g.ravelrycache.com/uploads/Mycharmingwool/856161984/4DF5F566-5A30-4E4E-AD24-8213BF50D94E_small2_small_best_fit.jpeg', 'flickr_url': None, 'shelved_url': 'https://images4-g.ravelrycache.com/uploads/Mycharmingwool/856161984/4DF5F566-5A30-4E4E-AD24-8213BF50D94E_small2_shelved.jpeg', 'medium2_url': 'https://images4-f.ravelrycache.com/uploads/Mycharmingwool/856161984/4DF5F566-5A30-4E4E-AD24-8213BF50D94E_small2_medium2.jpeg', 'small2_url': 'https://images4-f.ravelrycache.com/uploads/Mycharmingwool/856161984/4DF5F566-5A30-4E4E-AD24-8213BF50D94E_small2_small2.jpeg', 'caption': None, 'caption_html': None, 'copyright_holder': None}, {'id': 113286743, 'sort_order': 11, 'user_id': 7329421, 'x_offset': 1, 'y_offset': -21, 'square_url': 'https://images4-f.ravelrycache.com/uploads/Mycharmingwool/855567254/FA272E39-5E1E-459A-86F2-ECBA6A6BBE2C_square.jpeg', 'medium_url': 'https://images4-f.ravelrycache.com/uploads/Mycharmingwool/855567254/FA272E39-5E1E-459A-86F2-ECBA6A6BBE2C_medium.jpeg', 'thumbnail_url': 'https://images4-f.ravelrycache.com/uploads/Mycharmingwool/855567254/FA272E39-5E1E-459A-86F2-ECBA6A6BBE2C_thumbnail.jpeg', 'small_url': 'https://images4-g.ravelrycache.com/uploads/Mycharmingwool/855567254/FA272E39-5E1E-459A-86F2-ECBA6A6BBE2C_small_best_fit.jpeg', 'flickr_url': None, 'shelved_url': 'https://images4-g.ravelrycache.com/uploads/Mycharmingwool/855567254/FA272E39-5E1E-459A-86F2-ECBA6A6BBE2C_shelved.jpeg', 'medium2_url': 'https://images4-a.ravelrycache.com/uploads/Mycharmingwool/855567254/FA272E39-5E1E-459A-86F2-ECBA6A6BBE2C_medium2.jpeg', 'small2_url': 'https://images4-f.ravelrycache.com/uploads/Mycharmingwool/855567254/FA272E39-5E1E-459A-86F2-ECBA6A6BBE2C_small2.jpeg', 'caption': None, 'caption_html': None, 'copyright_holder': None}, {'id': 113286740, 'sort_order': 12, 'user_id': 7329421, 'x_offset': -4, 'y_offset': -3, 'square_url': 'https://images4-g.ravelrycache.com/uploads/Mycharmingwool/856162553/14C65E50-5730-4605-BE55-EA46BE00D40F_square.jpeg', 'medium_url': 'https://images4-g.ravelrycache.com/uploads/Mycharmingwool/856162553/14C65E50-5730-4605-BE55-EA46BE00D40F_medium.jpeg', 'thumbnail_url': 'https://images4-f.ravelrycache.com/uploads/Mycharmingwool/856162553/14C65E50-5730-4605-BE55-EA46BE00D40F_thumbnail.jpeg', 'small_url': 'https://images4-g.ravelrycache.com/uploads/Mycharmingwool/856162553/14C65E50-5730-4605-BE55-EA46BE00D40F_small_best_fit.jpeg', 'flickr_url': None, 'shelved_url': 'https://images4-f.ravelrycache.com/uploads/Mycharmingwool/856162553/14C65E50-5730-4605-BE55-EA46BE00D40F_shelved.jpeg', 'medium2_url': 'https://images4-a.ravelrycache.com/uploads/Mycharmingwool/856162553/14C65E50-5730-4605-BE55-EA46BE00D40F_medium2.jpeg', 'small2_url': 'https://images4-g.ravelrycache.com/uploads/Mycharmingwool/856162553/14C65E50-5730-4605-BE55-EA46BE00D40F_small2.jpeg', 'caption': None, 'caption_html': None, 'copyright_holder': None}, {'id': 113020543, 'sort_order': 13, 'user_id': 7329421, 'x_offset': 1, 'y_offset': -21, 'square_url': 'https://images4-f.ravelrycache.com/uploads/Mycharmingwool/850474047/D40BCCDF-9976-464A-8ABE-38055DEC1241_square.jpeg', 'medium_url': 'https://images4-f.ravelrycache.com/uploads/Mycharmingwool/850474047/D40BCCDF-9976-464A-8ABE-38055DEC1241_medium.jpeg', 'thumbnail_url': 'https://images4-g.ravelrycache.com/uploads/Mycharmingwool/850474047/D40BCCDF-9976-464A-8ABE-38055DEC1241_thumbnail.jpeg', 'small_url': 'https://images4-f.ravelrycache.com/uploads/Mycharmingwool/850474047/D40BCCDF-9976-464A-8ABE-38055DEC1241_small_best_fit.jpeg', 'flickr_url': None, 'shelved_url': 'https://images4-f.ravelrycache.com/uploads/Mycharmingwool/850474047/D40BCCDF-9976-464A-8ABE-38055DEC1241_shelved.jpeg', 'medium2_url': 'https://images4-a.ravelrycache.com/uploads/Mycharmingwool/850474047/D40BCCDF-9976-464A-8ABE-38055DEC1241_medium2.jpeg', 'small2_url': 'https://images4-f.ravelrycache.com/uploads/Mycharmingwool/850474047/D40BCCDF-9976-464A-8ABE-38055DEC1241_small2.jpeg', 'caption': None, 'caption_html': None, 'copyright_holder': None}, {'id': 113020544, 'sort_order': 14, 'user_id': 7329421, 'x_offset': 1, 'y_offset': -21, 'square_url': 'https://images4-g.ravelrycache.com/uploads/Mycharmingwool/850499321/1FD237E2-833D-478F-832B-891C92400F27_square.jpeg', 'medium_url': 'https://images4-g.ravelrycache.com/uploads/Mycharmingwool/850499321/1FD237E2-833D-478F-832B-891C92400F27_medium.jpeg', 'thumbnail_url': 'https://images4-g.ravelrycache.com/uploads/Mycharmingwool/850499321/1FD237E2-833D-478F-832B-891C92400F27_thumbnail.jpeg', 'small_url': 'https://images4-f.ravelrycache.com/uploads/Mycharmingwool/850499321/1FD237E2-833D-478F-832B-891C92400F27_small_best_fit.jpeg', 'flickr_url': None, 'shelved_url': 'https://images4-f.ravelrycache.com/uploads/Mycharmingwool/850499321/1FD237E2-833D-478F-832B-891C92400F27_shelved.jpeg', 'medium2_url': 'https://images4-a.ravelrycache.com/uploads/Mycharmingwool/850499321/1FD237E2-833D-478F-832B-891C92400F27_medium2.jpeg', 'small2_url': 'https://images4-g.ravelrycache.com/uploads/Mycharmingwool/850499321/1FD237E2-833D-478F-832B-891C92400F27_small2.jpeg', 'caption': None, 'caption_html': None, 'copyright_holder': None}, {'id': 113020545, 'sort_order': 15, 'user_id': 7329421, 'x_offset': 1, 'y_offset': -21, 'square_url': 'https://images4-f.ravelrycache.com/uploads/Mycharmingwool/850474049/9532CD8D-7405-4DB8-A3A4-F23A95E59A5D_square.jpeg', 'medium_url': 'https://images4-f.ravelrycache.com/uploads/Mycharmingwool/850474049/9532CD8D-7405-4DB8-A3A4-F23A95E59A5D_medium.jpeg', 'thumbnail_url': 'https://images4-g.ravelrycache.com/uploads/Mycharmingwool/850474049/9532CD8D-7405-4DB8-A3A4-F23A95E59A5D_thumbnail.jpeg', 'small_url': 'https://images4-f.ravelrycache.com/uploads/Mycharmingwool/850474049/9532CD8D-7405-4DB8-A3A4-F23A95E59A5D_small_best_fit.jpeg', 'flickr_url': None, 'shelved_url': 'https://images4-f.ravelrycache.com/uploads/Mycharmingwool/850474049/9532CD8D-7405-4DB8-A3A4-F23A95E59A5D_shelved.jpeg', 'medium2_url': 'https://images4-a.ravelrycache.com/uploads/Mycharmingwool/850474049/9532CD8D-7405-4DB8-A3A4-F23A95E59A5D_medium2.jpeg', 'small2_url': 'https://images4-f.ravelrycache.com/uploads/Mycharmingwool/850474049/9532CD8D-7405-4DB8-A3A4-F23A95E59A5D_small2.jpeg', 'caption': None, 'caption_html': None, 'copyright_holder': None}, {'id': 113020546, 'sort_order': 16, 'user_id': 7329421, 'x_offset': 2, 'y_offset': -1, 'square_url': 'https://images4-g.ravelrycache.com/uploads/Mycharmingwool/850499322/94F80C62-06E8-46FC-A33E-3303B52C23F7_square.jpeg', 'medium_url': 'https://images4-g.ravelrycache.com/uploads/Mycharmingwool/850499322/94F80C62-06E8-46FC-A33E-3303B52C23F7_medium.jpeg', 'thumbnail_url': 'https://images4-g.ravelrycache.com/uploads/Mycharmingwool/850499322/94F80C62-06E8-46FC-A33E-3303B52C23F7_thumbnail.jpeg', 'small_url': 'https://images4-g.ravelrycache.com/uploads/Mycharmingwool/850499322/94F80C62-06E8-46FC-A33E-3303B52C23F7_small_best_fit.jpeg', 'flickr_url': None, 'shelved_url': 'https://images4-g.ravelrycache.com/uploads/Mycharmingwool/850499322/94F80C62-06E8-46FC-A33E-3303B52C23F7_shelved.jpeg', 'medium2_url': 'https://images4-a.ravelrycache.com/uploads/Mycharmingwool/850499322/94F80C62-06E8-46FC-A33E-3303B52C23F7_medium2.jpeg', 'small2_url': 'https://images4-g.ravelrycache.com/uploads/Mycharmingwool/850499322/94F80C62-06E8-46FC-A33E-3303B52C23F7_small2.jpeg', 'caption': None, 'caption_html': None, 'copyright_holder': None}, {'id': 113020547, 'sort_order': 17, 'user_id': 7329421, 'x_offset': 1, 'y_offset': -21, 'square_url': 'https://images4-f.ravelrycache.com/uploads/Mycharmingwool/850499323/CAFB5329-A2FD-43BD-8325-AC8016DEDE0E_square.jpeg', 'medium_url': 'https://images4-f.ravelrycache.com/uploads/Mycharmingwool/850499323/CAFB5329-A2FD-43BD-8325-AC8016DEDE0E_medium.jpeg', 'thumbnail_url': 'https://images4-g.ravelrycache.com/uploads/Mycharmingwool/850499323/CAFB5329-A2FD-43BD-8325-AC8016DEDE0E_thumbnail.jpeg', 'small_url': 'https://images4-g.ravelrycache.com/uploads/Mycharmingwool/850499323/CAFB5329-A2FD-43BD-8325-AC8016DEDE0E_small_best_fit.jpeg', 'flickr_url': None, 'shelved_url': 'https://images4-f.ravelrycache.com/uploads/Mycharmingwool/850499323/CAFB5329-A2FD-43BD-8325-AC8016DEDE0E_shelved.jpeg', 'medium2_url': 'https://images4-a.ravelrycache.com/uploads/Mycharmingwool/850499323/CAFB5329-A2FD-43BD-8325-AC8016DEDE0E_medium2.jpeg', 'small2_url': 'https://images4-f.ravelrycache.com/uploads/Mycharmingwool/850499323/CAFB5329-A2FD-43BD-8325-AC8016DEDE0E_small2.jpeg', 'caption': None, 'caption_html': None, 'copyright_holder': None}, {'id': 113020549, 'sort_order': 18, 'user_id': 7329421, 'x_offset': 0, 'y_offset': -22, 'square_url': 'https://images4-f.ravelrycache.com/uploads/Mycharmingwool/850500986/AB5053F2-89A9-4D1C-AEA9-016C0548F309_square.jpeg', 'medium_url': 'https://images4-f.ravelrycache.com/uploads/Mycharmingwool/850500986/AB5053F2-89A9-4D1C-AEA9-016C0548F309_medium.jpeg', 'thumbnail_url': 'https://images4-f.ravelrycache.com/uploads/Mycharmingwool/850500986/AB5053F2-89A9-4D1C-AEA9-016C0548F309_thumbnail.jpeg', 'small_url': 'https://images4-f.ravelrycache.com/uploads/Mycharmingwool/850500986/AB5053F2-89A9-4D1C-AEA9-016C0548F309_small_best_fit.jpeg', 'flickr_url': None, 'shelved_url': 'https://images4-f.ravelrycache.com/uploads/Mycharmingwool/850500986/AB5053F2-89A9-4D1C-AEA9-016C0548F309_shelved.jpeg', 'medium2_url': 'https://images4-a.ravelrycache.com/uploads/Mycharmingwool/850500986/AB5053F2-89A9-4D1C-AEA9-016C0548F309_medium2.jpeg', 'small2_url': 'https://images4-f.ravelrycache.com/uploads/Mycharmingwool/850500986/AB5053F2-89A9-4D1C-AEA9-016C0548F309_small2.jpeg', 'caption': None, 'caption_html': None, 'copyright_holder': None}, {'id': 113020550, 'sort_order': 19, 'user_id': 7329421, 'x_offset': 0, 'y_offset': -11, 'square_url': 'https://images4-f.ravelrycache.com/uploads/Mycharmingwool/849815924/IMG_3952_square.JPG', 'medium_url': 'https://images4-f.ravelrycache.com/uploads/Mycharmingwool/849815924/IMG_3952_medium.JPG', 'thumbnail_url': 'https://images4-g.ravelrycache.com/uploads/Mycharmingwool/849815924/IMG_3952_thumbnail.JPG', 'small_url': 'https://images4-g.ravelrycache.com/uploads/Mycharmingwool/849815924/IMG_3952_small_best_fit.JPG', 'flickr_url': None, 'shelved_url': 'https://images4-g.ravelrycache.com/uploads/Mycharmingwool/849815924/IMG_3952_shelved.JPG', 'medium2_url': 'https://images4-a.ravelrycache.com/uploads/Mycharmingwool/849815924/IMG_3952_medium2.JPG', 'small2_url': 'https://images4-f.ravelrycache.com/uploads/Mycharmingwool/849815924/IMG_3952_small2.JPG', 'caption': None, 'caption_html': None, 'copyright_holder': None}, {'id': 113020551, 'sort_order': 20, 'user_id': 7329421, 'x_offset': 0, 'y_offset': -22, 'square_url': 'https://images4-g.ravelrycache.com/uploads/Mycharmingwool/849815957/RDEL2254_square.JPG', 'medium_url': 'https://images4-g.ravelrycache.com/uploads/Mycharmingwool/849815957/RDEL2254_medium.JPG', 'thumbnail_url': 'https://images4-g.ravelrycache.com/uploads/Mycharmingwool/849815957/RDEL2254_thumbnail.JPG', 'small_url': 'https://images4-f.ravelrycache.com/uploads/Mycharmingwool/849815957/RDEL2254_small_best_fit.JPG', 'flickr_url': None, 'shelved_url': 'https://images4-f.ravelrycache.com/uploads/Mycharmingwool/849815957/RDEL2254_shelved.JPG', 'medium2_url': 'https://images4-a.ravelrycache.com/uploads/Mycharmingwool/849815957/RDEL2254_medium2.JPG', 'small2_url': 'https://images4-g.ravelrycache.com/uploads/Mycharmingwool/849815957/RDEL2254_small2.JPG', 'caption': None, 'caption_html': None, 'copyright_holder': None}, {'id': 113020552, 'sort_order': 21, 'user_id': 7329421, 'x_offset': 0, 'y_offset': -22, 'square_url': 'https://images4-f.ravelrycache.com/uploads/Mycharmingwool/849816041/IMG_4665_square.JPG', 'medium_url': 'https://images4-f.ravelrycache.com/uploads/Mycharmingwool/849816041/IMG_4665_medium.JPG', 'thumbnail_url': 'https://images4-g.ravelrycache.com/uploads/Mycharmingwool/849816041/IMG_4665_thumbnail.JPG', 'small_url': 'https://images4-f.ravelrycache.com/uploads/Mycharmingwool/849816041/IMG_4665_small_best_fit.JPG', 'flickr_url': None, 'shelved_url': 'https://images4-g.ravelrycache.com/uploads/Mycharmingwool/849816041/IMG_4665_shelved.JPG', 'medium2_url': 'https://images4-a.ravelrycache.com/uploads/Mycharmingwool/849816041/IMG_4665_medium2.JPG', 'small2_url': 'https://images4-f.ravelrycache.com/uploads/Mycharmingwool/849816041/IMG_4665_small2.JPG', 'caption': None, 'caption_html': None, 'copyright_holder': None}]"
Miski sweater,Rina Leyton,1244350,https://www.ravelry.com/patterns/library/miski-sweater-2,False,https://images4-a.ravelrycache.com/uploads/Rinaleyton/856854407/IMG_0602_medium2.jpg,Knitting,"['adult', 'lace', 'top-down', 'positive-ease', 'chart', 'written-pattern', 'circular-yoke', 'one-piece', 'short-rows', 'in-the-round']",27.0,5.133333333333334,True,4.0,,pullover,Fingering,21,5.0,"1 (2, 3, 4, 5) (6, 7, 8, 9, 10) (11, 12, 13, 14, 15)","[{'id': 113031129, 'sort_order': 1, 'user_id': 2526763, 'x_offset': -5, 'y_offset': -35, 'square_url': 'https://images4-g.ravelrycache.com/uploads/Rinaleyton/856854407/IMG_0602_square.jpg', 'medium_url': 'https://images4-g.ravelrycache.com/uploads/Rinaleyton/856854407/IMG_0602_medium.jpg', 'thumbnail_url': 'https://images4-f.ravelrycache.com/uploads/Rinaleyton/856854407/IMG_0602_thumbnail.jpg', 'small_url': 'https://images4-g.ravelrycache.com/uploads/Rinaleyton/856854407/IMG_0602_small.jpg', 'flickr_url': None, 'shelved_url': 'https://images4-g.ravelrycache.com/uploads/Rinaleyton/856854407/IMG_0602_shelved.jpg', 'medium2_url': 'https://images4-a.ravelrycache.com/uploads/Rinaleyton/856854407/IMG_0602_medium2.jpg', 'small2_url': 'https://images4-g.ravelrycache.com/uploads/Rinaleyton/856854407/IMG_0602_small2.jpg', 'caption': None, 'caption_html': None, 'copyright_holder': None}, {'id': 113407619, 'sort_order': 2, 'user_id': 9531715, 'x_offset': -5, 'y_offset': -35, 'square_url': 'https://images4-f.ravelrycache.com/uploads/clauca/856871406/51DAF5F2-D130-4F3D-B12D-2330E0B61E10_square.jpeg', 'medium_url': 'https://images4-f.ravelrycache.com/uploads/clauca/856871406/51DAF5F2-D130-4F3D-B12D-2330E0B61E10_medium.jpeg', 'thumbnail_url': 'https://images4-g.ravelrycache.com/uploads/clauca/856871406/51DAF5F2-D130-4F3D-B12D-2330E0B61E10_thumbnail.jpeg', 'small_url': 'https://images4-f.ravelrycache.com/uploads/clauca/856871406/51DAF5F2-D130-4F3D-B12D-2330E0B61E10_small.jpeg', 'flickr_url': None, 'shelved_url': 'https://images4-f.ravelrycache.com/uploads/clauca/856871406/51DAF5F2-D130-4F3D-B12D-2330E0B61E10_shelved.jpeg', 'medium2_url': 'https://images4-a.ravelrycache.com/uploads/clauca/856871406/51DAF5F2-D130-4F3D-B12D-2330E0B61E10_medium2.jpeg', 'small2_url': 'https://images4-f.ravelrycache.com/uploads/clauca/856871406/51DAF5F2-D130-4F3D-B12D-2330E0B61E10_small2.jpeg', 'caption': None, 'caption_html': None, 'copyright_holder': None}, {'id': 113031130, 'sort_order': 3, 'user_id': 2526763, 'x_offset': -5, 'y_offset': -35, 'square_url': 'https://images4-g.ravelrycache.com/uploads/Rinaleyton/856854406/IMG_0603_square.jpg', 'medium_url': 'https://images4-g.ravelrycache.com/uploads/Rinaleyton/856854406/IMG_0603_medium.jpg', 'thumbnail_url': 'https://images4-f.ravelrycache.com/uploads/Rinaleyton/856854406/IMG_0603_thumbnail.jpg', 'small_url': 'https://images4-g.ravelrycache.com/uploads/Rinaleyton/856854406/IMG_0603_small.jpg', 'flickr_url': None, 'shelved_url': 'https://images4-f.ravelrycache.com/uploads/Rinaleyton/856854406/IMG_0603_shelved.jpg', 'medium2_url': 'https://images4-a.ravelrycache.com/uploads/Rinaleyton/856854406/IMG_0603_medium2.jpg', 'small2_url': 'https://images4-g.ravelrycache.com/uploads/Rinaleyton/856854406/IMG_0603_small2.jpg', 'caption': None, 'caption_html': None, 'copyright_holder': None}, {'id': 113245996, 'sort_order': 4, 'user_id': 8737586, 'x_offset': 0, 'y_offset': 0, 'square_url': 'https://images4-f.ravelrycache.com/uploads/Marmotateje/857038606/20220518_171931_square.jpg', 'medium_url': 'https://images4-f.ravelrycache.com/uploads/Marmotateje/857038606/20220518_171931_medium.jpg', 'thumbnail_url': 'https://images4-f.ravelrycache.com/uploads/Marmotateje/857038606/20220518_171931_thumbnail.jpg', 'small_url': 'https://images4-g.ravelrycache.com/uploads/Marmotateje/857038606/20220518_171931_small_best_fit.jpg', 'flickr_url': None, 'shelved_url': 'https://images4-f.ravelrycache.com/uploads/Marmotateje/857038606/20220518_171931_shelved.jpg', 'medium2_url': 'https://images4-a.ravelrycache.com/uploads/Marmotateje/857038606/20220518_171931_medium2.jpg', 'small2_url': 'https://images4-f.ravelrycache.com/uploads/Marmotateje/857038606/20220518_171931_small2.jpg', 'caption': None, 'caption_html': None, 'copyright_holder': None}, {'id': 113224442, 'sort_order': 5, 'user_id': 2526763, 'x_offset': -5, 'y_offset': -35, 'square_url': 'https://images4-f.ravelrycache.com/uploads/Rinaleyton/858418488/IMG_9628_square.jpg', 'medium_url': 'https://images4-f.ravelrycache.com/uploads/Rinaleyton/858418488/IMG_9628_medium.jpg', 'thumbnail_url': 'https://images4-f.ravelrycache.com/uploads/Rinaleyton/858418488/IMG_9628_thumbnail.jpg', 'small_url': 'https://images4-g.ravelrycache.com/uploads/Rinaleyton/858418488/IMG_9628_small.jpg', 'flickr_url': None, 'shelved_url': 'https://images4-g.ravelrycache.com/uploads/Rinaleyton/858418488/IMG_9628_shelved.jpg', 'medium2_url': 'https://images4-a.ravelrycache.com/uploads/Rinaleyton/858418488/IMG_9628_medium2.jpg', 'small2_url': 'https://images4-f.ravelrycache.com/uploads/Rinaleyton/858418488/IMG_9628_small2.jpg', 'caption': None, 'caption_html': None, 'copyright_holder': None}, {'id': 113224347, 'sort_order': 6, 'user_id': 2526763, 'x_offset': 0, 'y_offset': 0, 'square_url': 'https://images4-f.ravelrycache.com/uploads/Rinaleyton/858417689/IMG_0019_square.jpg', 'medium_url': 'https://images4-f.ravelrycache.com/uploads/Rinaleyton/858417689/IMG_0019_medium.jpg', 'thumbnail_url': 'https://images4-f.ravelrycache.com/uploads/Rinaleyton/858417689/IMG_0019_thumbnail.jpg', 'small_url': 'https://images4-g.ravelrycache.com/uploads/Rinaleyton/858417689/IMG_0019_small_best_fit.jpg', 'flickr_url': None, 'shelved_url': 'https://images4-f.ravelrycache.com/uploads/Rinaleyton/858417689/IMG_0019_shelved.jpg', 'medium2_url': 'https://images4-a.ravelrycache.com/uploads/Rinaleyton/858417689/IMG_0019_medium2.jpg', 'small2_url': 'https://images4-f.ravelrycache.com/uploads/Rinaleyton/858417689/IMG_0019_small2.jpg', 'caption': None, 'caption_html': None, 'copyright_holder': None}, {'id': 113169885, 'sort_order': 7, 'user_id': 9099073, 'x_offset': 0, 'y_offset': -10, 'square_url': 'https://images4-g.ravelrycache.com/uploads/jooanfossi/856184681/51D7D085-C8E5-4A36-8EF4-48B2AC638729_square.jpeg', 'medium_url': 'https://images4-g.ravelrycache.com/uploads/jooanfossi/856184681/51D7D085-C8E5-4A36-8EF4-48B2AC638729_medium.jpeg', 'thumbnail_url': 'https://images4-g.ravelrycache.com/uploads/jooanfossi/856184681/51D7D085-C8E5-4A36-8EF4-48B2AC638729_thumbnail.jpeg', 'small_url': 'https://images4-g.ravelrycache.com/uploads/jooanfossi/856184681/51D7D085-C8E5-4A36-8EF4-48B2AC638729_small_best_fit.jpeg', 'flickr_url': None, 'shelved_url': 'https://images4-g.ravelrycache.com/uploads/jooanfossi/856184681/51D7D085-C8E5-4A36-8EF4-48B2AC638729_shelved.jpeg', 'medium2_url': 'https://images4-a.ravelrycache.com/uploads/jooanfossi/856184681/51D7D085-C8E5-4A36-8EF4-48B2AC638729_medium2.jpeg', 'small2_url': 'https://images4-g.ravelrycache.com/uploads/jooanfossi/856184681/51D7D085-C8E5-4A36-8EF4-48B2AC638729_small2.jpeg', 'caption': None, 'caption_html': None, 'copyright_holder': None}]"
Vedett,Thea Colman,1244463,https://www.ravelry.com/patterns/library/vedett,False,https://images4-a.ravelrycache.com/uploads/babycocktails/856663655/IMG_8947_medium2.JPG,Knitting,"['unisex', 'cables', 'textured', 'bottom-up', 'chart', 'written-pattern', 'worked-flat', 'in-the-round', 'male', 'female']",20.0,4.333333333333333,True,4.0,"in both cable and texture pattern, based on final fabric. ",pullover,Worsted,28,5.0,"36(40.75,45.5,50.5,55.25)(60,64.75,69.5)” 91.5(103.5,115.5,128.25,140.5)(152.5,164.5,176.5)cm around body at bust, based on final blocked fabric. ","[{'id': 113043019, 'sort_order': 1, 'user_id': 5709, 'x_offset': 0, 'y_offset': -43, 'square_url': 'https://images4-f.ravelrycache.com/uploads/babycocktails/856663655/IMG_8947_square.JPG', 'medium_url': 'https://images4-f.ravelrycache.com/uploads/babycocktails/856663655/IMG_8947_medium.JPG', 'thumbnail_url': 'https://images4-g.ravelrycache.com/uploads/babycocktails/856663655/IMG_8947_thumbnail.JPG', 'small_url': 'https://images4-f.ravelrycache.com/uploads/babycocktails/856663655/IMG_8947_small_best_fit.JPG', 'flickr_url': None, 'shelved_url': 'https://images4-f.ravelrycache.com/uploads/babycocktails/856663655/IMG_8947_shelved.JPG', 'medium2_url': 'https://images4-a.ravelrycache.com/uploads/babycocktails/856663655/IMG_8947_medium2.JPG', 'small2_url': 'https://images4-f.ravelrycache.com/uploads/babycocktails/856663655/IMG_8947_small2.JPG', 'caption': None, 'caption_html': None, 'copyright_holder': None}, {'id': 113043018, 'sort_order': 2, 'user_id': 5709, 'x_offset': -3, 'y_offset': -78, 'square_url': 'https://images4-g.ravelrycache.com/uploads/babycocktails/856663653/IMG_8866_square.JPG', 'medium_url': 'https://images4-g.ravelrycache.com/uploads/babycocktails/856663653/IMG_8866_medium.JPG', 'thumbnail_url': 'https://images4-g.ravelrycache.com/uploads/babycocktails/856663653/IMG_8866_thumbnail.JPG', 'small_url': 'https://images4-f.ravelrycache.com/uploads/babycocktails/856663653/IMG_8866_small_best_fit.JPG', 'flickr_url': None, 'shelved_url': 'https://images4-f.ravelrycache.com/uploads/babycocktails/856663653/IMG_8866_shelved.JPG', 'medium2_url': 'https://images4-a.ravelrycache.com/uploads/babycocktails/856663653/IMG_8866_medium2.JPG', 'small2_url': 'https://images4-g.ravelrycache.com/uploads/babycocktails/856663653/IMG_8866_small2.JPG', 'caption': None, 'caption_html': None, 'copyright_holder': None}, {'id': 113043022, 'sort_order': 3, 'user_id': 5709, 'x_offset': -43, 'y_offset': 0, 'square_url': 'https://images4-g.ravelrycache.com/uploads/babycocktails/856663647/IMG_8934_square.JPG', 'medium_url': 'https://images4-g.ravelrycache.com/uploads/babycocktails/856663647/IMG_8934_medium.JPG', 'thumbnail_url': 'https://images4-f.ravelrycache.com/uploads/babycocktails/856663647/IMG_8934_thumbnail.JPG', 'small_url': 'https://images4-g.ravelrycache.com/uploads/babycocktails/856663647/IMG_8934_small_best_fit.JPG', 'flickr_url': None, 'shelved_url': 'https://images4-g.ravelrycache.com/uploads/babycocktails/856663647/IMG_8934_shelved.JPG', 'medium2_url': 'https://images4-a.ravelrycache.com/uploads/babycocktails/856663647/IMG_8934_medium2.JPG', 'small2_url': 'https://images4-g.ravelrycache.com/uploads/babycocktails/856663647/IMG_8934_small2.JPG', 'caption': None, 'caption_html': None, 'copyright_holder': None}, {'id': 113043020, 'sort_order': 4, 'user_id': 5709, 'x_offset': -43, 'y_offset': 0, 'square_url': 'https://images4-f.ravelrycache.com/uploads/babycocktails/856663648/IMG_8940_square.JPG', 'medium_url': 'https://images4-f.ravelrycache.com/uploads/babycocktails/856663648/IMG_8940_medium.JPG', 'thumbnail_url': 'https://images4-f.ravelrycache.com/uploads/babycocktails/856663648/IMG_8940_thumbnail.JPG', 'small_url': 'https://images4-f.ravelrycache.com/uploads/babycocktails/856663648/IMG_8940_small_best_fit.JPG', 'flickr_url': None, 'shelved_url': 'https://images4-f.ravelrycache.com/uploads/babycocktails/856663648/IMG_8940_shelved.JPG', 'medium2_url': 'https://images4-a.ravelrycache.com/uploads/babycocktails/856663648/IMG_8940_medium2.JPG', 'small2_url': 'https://images4-f.ravelrycache.com/uploads/babycocktails/856663648/IMG_8940_small2.JPG', 'caption': None, 'caption_html': None, 'copyright_holder': None}, {'id': 113043021, 'sort_order': 5, 'user_id': 5709, 'x_offset': -43, 'y_offset': 0, 'square_url': 'https://images4-f.ravelrycache.com/uploads/babycocktails/856663640/IMG_8894_square.JPG', 'medium_url': 'https://images4-f.ravelrycache.com/uploads/babycocktails/856663640/IMG_8894_medium.JPG', 'thumbnail_url': 'https://images4-f.ravelrycache.com/uploads/babycocktails/856663640/IMG_8894_thumbnail.JPG', 'small_url': 'https://images4-g.ravelrycache.com/uploads/babycocktails/856663640/IMG_8894_small_best_fit.JPG', 'flickr_url': None, 'shelved_url': 'https://images4-g.ravelrycache.com/uploads/babycocktails/856663640/IMG_8894_shelved.JPG', 'medium2_url': 'https://images4-a.ravelrycache.com/uploads/babycocktails/856663640/IMG_8894_medium2.JPG', 'small2_url': 'https://images4-f.ravelrycache.com/uploads/babycocktails/856663640/IMG_8894_small2.JPG', 'caption': None, 'caption_html': None, 'copyright_holder': None}, {'id': 113043017, 'sort_order': 6, 'user_id': 5709, 'x_offset': 0, 'y_offset': -21, 'square_url': 'https://images4-g.ravelrycache.com/uploads/babycocktails/856663649/IMG_8906_square.JPG', 'medium_url': 'https://images4-g.ravelrycache.com/uploads/babycocktails/856663649/IMG_8906_medium.JPG', 'thumbnail_url': 'https://images4-g.ravelrycache.com/uploads/babycocktails/856663649/IMG_8906_thumbnail.JPG', 'small_url': 'https://images4-g.ravelrycache.com/uploads/babycocktails/856663649/IMG_8906_small_best_fit.JPG', 'flickr_url': None, 'shelved_url': 'https://images4-g.ravelrycache.com/uploads/babycocktails/856663649/IMG_8906_shelved.JPG', 'medium2_url': 'https://images4-a.ravelrycache.com/uploads/babycocktails/856663649/IMG_8906_medium2.JPG', 'small2_url': 'https://images4-g.ravelrycache.com/uploads/babycocktails/856663649/IMG_8906_small2.JPG', 'caption': None, 'caption_html': None, 'copyright_holder': None}, {'id': 113043023, 'sort_order': 7, 'user_id': 5709, 'x_offset': 0, 'y_offset': -43, 'square_url': 'https://images4-g.ravelrycache.com/uploads/babycocktails/856663651/IMG_8993_square.JPG', 'medium_url': 'https://images4-g.ravelrycache.com/uploads/babycocktails/856663651/IMG_8993_medium.JPG', 'thumbnail_url': 'https://images4-f.ravelrycache.com/uploads/babycocktails/856663651/IMG_8993_thumbnail.JPG', 'small_url': 'https://images4-g.ravelrycache.com/uploads/babycocktails/856663651/IMG_8993_small_best_fit.JPG', 'flickr_url': None, 'shelved_url': 'https://images4-g.ravelrycache.com/uploads/babycocktails/856663651/IMG_8993_shelved.JPG', 'medium2_url': 'https://images4-a.ravelrycache.com/uploads/babycocktails/856663651/IMG_8993_medium2.JPG', 'small2_url': 'https://images4-g.ravelrycache.com/uploads/babycocktails/856663651/IMG_8993_small2.JPG', 'caption': None, 'caption_html': None, 'copyright_holder': None}, {'id': 113043024, 'sort_order': 8, 'user_id': 5709, 'x_offset': 0, 'y_offset': -43, 'square_url': 'https://images4-g.ravelrycache.com/uploads/babycocktails/856663644/IMG_8946_square.JPG', 'medium_url': 'https://images4-g.ravelrycache.com/uploads/babycocktails/856663644/IMG_8946_medium.JPG', 'thumbnail_url': 'https://images4-f.ravelrycache.com/uploads/babycocktails/856663644/IMG_8946_thumbnail.JPG', 'small_url': 'https://images4-f.ravelrycache.com/uploads/babycocktails/856663644/IMG_8946_small_best_fit.JPG', 'flickr_url': None, 'shelved_url': 'https://images4-g.ravelrycache.com/uploads/babycocktails/856663644/IMG_8946_shelved.JPG', 'medium2_url': 'https://images4-a.ravelrycache.com/uploads/babycocktails/856663644/IMG_8946_medium2.JPG', 'small2_url': 'https://images4-g.ravelrycache.com/uploads/babycocktails/856663644/IMG_8946_small2.JPG', 'caption': None, 'caption_html': None, 'copyright_holder': None}, {'id': 113043025, 'sort_order': 9, 'user_id': 5709, 'x_offset': 0, 'y_offset': -43, 'square_url': 'https://images4-g.ravelrycache.com/uploads/babycocktails/856664316/IMG_8913_square.JPG', 'medium_url': 'https://images4-g.ravelrycache.com/uploads/babycocktails/856664316/IMG_8913_medium.JPG', 'thumbnail_url': 'https://images4-f.ravelrycache.com/uploads/babycocktails/856664316/IMG_8913_thumbnail.JPG', 'small_url': 'https://images4-f.ravelrycache.com/uploads/babycocktails/856664316/IMG_8913_small_best_fit.JPG', 'flickr_url': None, 'shelved_url': 'https://images4-f.ravelrycache.com/uploads/babycocktails/856664316/IMG_8913_shelved.JPG', 'medium2_url': 'https://images4-a.ravelrycache.com/uploads/babycocktails/856664316/IMG_8913_medium2.JPG', 'small2_url': 'https://images4-g.ravelrycache.com/uploads/babycocktails/856664316/IMG_8913_small2.JPG', 'caption': None, 'caption_html': None, 'copyright_holder': None}, {'id': 113043026, 'sort_order': 10, 'user_id': 5709, 'x_offset': 0, 'y_offset': -43, 'square_url': 'https://images4-g.ravelrycache.com/uploads/babycocktails/856663652/IMG_8964_square.JPG', 'medium_url': 'https://images4-g.ravelrycache.com/uploads/babycocktails/856663652/IMG_8964_medium.JPG', 'thumbnail_url': 'https://images4-f.ravelrycache.com/uploads/babycocktails/856663652/IMG_8964_thumbnail.JPG', 'small_url': 'https://images4-g.ravelrycache.com/uploads/babycocktails/856663652/IMG_8964_small_best_fit.JPG', 'flickr_url': None, 'shelved_url': 'https://images4-f.ravelrycache.com/uploads/babycocktails/856663652/IMG_8964_shelved.JPG', 'medium2_url': 'https://images4-a.ravelrycache.com/uploads/babycocktails/856663652/IMG_8964_medium2.JPG', 'small2_url': 'https://images4-g.ravelrycache.com/uploads/babycocktails/856663652/IMG_8964_small2.JPG', 'caption': None, 'caption_html': None, 'copyright_holder': None}, {'id': 113043027, 'sort_order': 11, 'user_id': 5709, 'x_offset': -1, 'y_offset': -74, 'square_url': 'https://images4-g.ravelrycache.com/uploads/babycocktails/856664106/IMG_8896_square.JPG', 'medium_url': 'https://images4-g.ravelrycache.com/uploads/babycocktails/856664106/IMG_8896_medium.JPG', 'thumbnail_url': 'https://images4-g.ravelrycache.com/uploads/babycocktails/856664106/IMG_8896_thumbnail.JPG', 'small_url': 'https://images4-f.ravelrycache.com/uploads/babycocktails/856664106/IMG_8896_small_best_fit.JPG', 'flickr_url': None, 'shelved_url': 'https://images4-g.ravelrycache.com/uploads/babycocktails/856664106/IMG_8896_shelved.JPG', 'medium2_url': 'https://images4-a.ravelrycache.com/uploads/babycocktails/856664106/IMG_8896_medium2.JPG', 'small2_url': 'https://images4-g.ravelrycache.com/uploads/babycocktails/856664106/IMG_8896_small2.JPG', 'caption': None, 'caption_html': None, 'copyright_holder': None}, {'id': 113043028, 'sort_order': 12, 'user_id': 5709, 'x_offset': 0, 'y_offset': -43, 'square_url': 'https://images4-f.ravelrycache.com/uploads/babycocktails/856663654/IMG_8859_square.JPG', 'medium_url': 'https://images4-f.ravelrycache.com/uploads/babycocktails/856663654/IMG_8859_medium.JPG', 'thumbnail_url': 'https://images4-g.ravelrycache.com/uploads/babycocktails/856663654/IMG_8859_thumbnail.JPG', 'small_url': 'https://images4-g.ravelrycache.com/uploads/babycocktails/856663654/IMG_8859_small_best_fit.JPG', 'flickr_url': None, 'shelved_url': 'https://images4-g.ravelrycache.com/uploads/babycocktails/856663654/IMG_8859_shelved.JPG', 'medium2_url': 'https://images4-a.ravelrycache.com/uploads/babycocktails/856663654/IMG_8859_medium2.JPG', 'small2_url': 'https://images4-f.ravelrycache.com/uploads/babycocktails/856663654/IMG_8859_small2.JPG', 'caption': None, 'caption_html': None, 'copyright_holder': None}, {'id': 113043029, 'sort_order': 13, 'user_id': 5709, 'x_offset': -3, 'y_offset': -66, 'square_url': 'https://images4-g.ravelrycache.com/uploads/babycocktails/856663650/IMG_8929_square.JPG', 'medium_url': 'https://images4-g.ravelrycache.com/uploads/babycocktails/856663650/IMG_8929_medium.JPG', 'thumbnail_url': 'https://images4-f.ravelrycache.com/uploads/babycocktails/856663650/IMG_8929_thumbnail.JPG', 'small_url': 'https://images4-g.ravelrycache.com/uploads/babycocktails/856663650/IMG_8929_small_best_fit.JPG', 'flickr_url': None, 'shelved_url': 'https://images4-g.ravelrycache.com/uploads/babycocktails/856663650/IMG_8929_shelved.JPG', 'medium2_url': 'https://images4-a.ravelrycache.com/uploads/babycocktails/856663650/IMG_8929_medium2.JPG', 'small2_url': 'https://images4-g.ravelrycache.com/uploads/babycocktails/856663650/IMG_8929_small2.JPG', 'caption': None, 'caption_html': None, 'copyright_holder': None}, {'id': 113043030, 'sort_order': 14, 'user_id': 5709, 'x_offset': -43, 'y_offset': 0, 'square_url': 'https://images4-f.ravelrycache.com/uploads/babycocktails/856663643/IMG_8890_square.JPG', 'medium_url': 'https://images4-f.ravelrycache.com/uploads/babycocktails/856663643/IMG_8890_medium.JPG', 'thumbnail_url': 'https://images4-f.ravelrycache.com/uploads/babycocktails/856663643/IMG_8890_thumbnail.JPG', 'small_url': 'https://images4-f.ravelrycache.com/uploads/babycocktails/856663643/IMG_8890_small_best_fit.JPG', 'flickr_url': None, 'shelved_url': 'https://images4-f.ravelrycache.com/uploads/babycocktails/856663643/IMG_8890_shelved.JPG', 'medium2_url': 'https://images4-a.ravelrycache.com/uploads/babycocktails/856663643/IMG_8890_medium2.JPG', 'small2_url': 'https://images4-f.ravelrycache.com/uploads/babycocktails/856663643/IMG_8890_small2.JPG', 'caption': None, 'caption_html': None, 'copyright_holder': None}]"
Magnoliid Sweater,Olga Putano Designs,1244933,https://www.ravelry.com/patterns/library/magnoliid-sweater,False,https://images4-a.ravelrycache.com/uploads/HandmadeCloset/857236721/20220518161441_IMG_1772__1__medium2.jpg,Knitting,"['adult', 'stranded', 'one-piece', 'seamless', 'top-down', 'chart', 'written-pattern', 'circular-yoke']",24.0,4.857142857142857,True,4.0,"Stockinette in the round,worked on bigger needles and measured after blocking.",pullover,Fingering,28,4.75,"(1,2,3), 4,5,6, (7,8)","[{'id': 113078952, 'sort_order': 1, 'user_id': 3413478, 'x_offset': -2, 'y_offset': -35, 'square_url': 'https://images4-g.ravelrycache.com/uploads/HandmadeCloset/857236721/20220518161441_IMG_1772__1__square.jpg', 'medium_url': 'https://images4-g.ravelrycache.com/uploads/HandmadeCloset/857236721/20220518161441_IMG_1772__1__medium.jpg', 'thumbnail_url': 'https://images4-f.ravelrycache.com/uploads/HandmadeCloset/857236721/20220518161441_IMG_1772__1__thumbnail.jpg', 'small_url': 'https://images4-g.ravelrycache.com/uploads/HandmadeCloset/857236721/20220518161441_IMG_1772__1__small.jpg', 'flickr_url': None, 'shelved_url': 'https://images4-g.ravelrycache.com/uploads/HandmadeCloset/857236721/20220518161441_IMG_1772__1__shelved.jpg', 'medium2_url': 'https://images4-a.ravelrycache.com/uploads/HandmadeCloset/857236721/20220518161441_IMG_1772__1__medium2.jpg', 'small2_url': 'https://images4-g.ravelrycache.com/uploads/HandmadeCloset/857236721/20220518161441_IMG_1772__1__small2.jpg', 'caption': None, 'caption_html': None, 'copyright_holder': None}, {'id': 113078951, 'sort_order': 2, 'user_id': 3413478, 'x_offset': -2, 'y_offset': -35, 'square_url': 'https://images4-f.ravelrycache.com/uploads/HandmadeCloset/857236718/20220518161523_IMG_1773_square.jpg', 'medium_url': 'https://images4-f.ravelrycache.com/uploads/HandmadeCloset/857236718/20220518161523_IMG_1773_medium.jpg', 'thumbnail_url': 'https://images4-f.ravelrycache.com/uploads/HandmadeCloset/857236718/20220518161523_IMG_1773_thumbnail.jpg', 'small_url': 'https://images4-f.ravelrycache.com/uploads/HandmadeCloset/857236718/20220518161523_IMG_1773_small.jpg', 'flickr_url': None, 'shelved_url': 'https://images4-f.ravelrycache.com/uploads/HandmadeCloset/857236718/20220518161523_IMG_1773_shelved.jpg', 'medium2_url': 'https://images4-a.ravelrycache.com/uploads/HandmadeCloset/857236718/20220518161523_IMG_1773_medium2.jpg', 'small2_url': 'https://images4-f.ravelrycache.com/uploads/HandmadeCloset/857236718/20220518161523_IMG_1773_small2.jpg', 'caption': None, 'caption_html': None, 'copyright_holder': None}, {'id': 113078953, 'sort_order': 3, 'user_id': 3413478, 'x_offset': 0, 'y_offset': -43, 'square_url': 'https://images4-f.ravelrycache.com/uploads/HandmadeCloset/857236717/20220518160416_IMG_1721_square.jpg', 'medium_url': 'https://images4-f.ravelrycache.com/uploads/HandmadeCloset/857236717/20220518160416_IMG_1721_medium.jpg', 'thumbnail_url': 'https://images4-f.ravelrycache.com/uploads/HandmadeCloset/857236717/20220518160416_IMG_1721_thumbnail.jpg', 'small_url': 'https://images4-g.ravelrycache.com/uploads/HandmadeCloset/857236717/20220518160416_IMG_1721_small_best_fit.jpg', 'flickr_url': None, 'shelved_url': 'https://images4-f.ravelrycache.com/uploads/HandmadeCloset/857236717/20220518160416_IMG_1721_shelved.jpg', 'medium2_url': 'https://images4-a.ravelrycache.com/uploads/HandmadeCloset/857236717/20220518160416_IMG_1721_medium2.jpg', 'small2_url': 'https://images4-f.ravelrycache.com/uploads/HandmadeCloset/857236717/20220518160416_IMG_1721_small2.jpg', 'caption': None, 'caption_html': None, 'copyright_holder': None}, {'id': 113078954, 'sort_order': 4, 'user_id': 3413478, 'x_offset': 0, 'y_offset': -43, 'square_url': 'https://images4-g.ravelrycache.com/uploads/HandmadeCloset/857236720/20220525115200_IMG_1780_square.jpg', 'medium_url': 'https://images4-g.ravelrycache.com/uploads/HandmadeCloset/857236720/20220525115200_IMG_1780_medium.jpg', 'thumbnail_url': 'https://images4-f.ravelrycache.com/uploads/HandmadeCloset/857236720/20220525115200_IMG_1780_thumbnail.jpg', 'small_url': 'https://images4-f.ravelrycache.com/uploads/HandmadeCloset/857236720/20220525115200_IMG_1780_small_best_fit.jpg', 'flickr_url': None, 'shelved_url': 'https://images4-f.ravelrycache.com/uploads/HandmadeCloset/857236720/20220525115200_IMG_1780_shelved.jpg', 'medium2_url': 'https://images4-a.ravelrycache.com/uploads/HandmadeCloset/857236720/20220525115200_IMG_1780_medium2.jpg', 'small2_url': 'https://images4-g.ravelrycache.com/uploads/HandmadeCloset/857236720/20220525115200_IMG_1780_small2.jpg', 'caption': None, 'caption_html': None, 'copyright_holder': None}, {'id': 113078955, 'sort_order': 5, 'user_id': 3413478, 'x_offset': 0, 'y_offset': -24, 'square_url': 'https://images4-f.ravelrycache.com/uploads/HandmadeCloset/857236719/20220518160555_IMG_1730__2__square.jpg', 'medium_url': 'https://images4-f.ravelrycache.com/uploads/HandmadeCloset/857236719/20220518160555_IMG_1730__2__medium.jpg', 'thumbnail_url': 'https://images4-g.ravelrycache.com/uploads/HandmadeCloset/857236719/20220518160555_IMG_1730__2__thumbnail.jpg', 'small_url': 'https://images4-f.ravelrycache.com/uploads/HandmadeCloset/857236719/20220518160555_IMG_1730__2__small_best_fit.jpg', 'flickr_url': None, 'shelved_url': 'https://images4-g.ravelrycache.com/uploads/HandmadeCloset/857236719/20220518160555_IMG_1730__2__shelved.jpg', 'medium2_url': 'https://images4-a.ravelrycache.com/uploads/HandmadeCloset/857236719/20220518160555_IMG_1730__2__medium2.jpg', 'small2_url': 'https://images4-f.ravelrycache.com/uploads/HandmadeCloset/857236719/20220518160555_IMG_1730__2__small2.jpg', 'caption': None, 'caption_html': None, 'copyright_holder': None}]"
Potter Poncho,Kitty Buch,1244935,https://www.ravelry.com/patterns/library/potter-poncho,False,https://images4-a.ravelrycache.com/uploads/Kittymum01/857335449/KittyBea-Knitting-by-the-Sea-Potter-Poncho-Side-1_medium2.jpg,Knitting,"['female', 'adult', 'oversized', 'lace', 'textured', 'mesh', 'patch-pocket', 'afterthought-pocket', 'ballet-neck', 'sleeves', 'short-sleeve', 'dolman-sleeve', 'bottom-up', 'positive-ease', 'written-pattern', 'worked-flat', 'three-needle-bind', 'schematic']",16.0,3.0,True,4.0,Ridged Eyelet St,pullover,DK,5,4.333333333333333,"At Bust: Size 1 (2, 3); 50 (60, 72)” ; 127 (152.5, 183)cm	","[{'id': 113091023, 'sort_order': 1, 'user_id': 3463397, 'x_offset': -2, 'y_offset': -87, 'square_url': 'https://images4-f.ravelrycache.com/uploads/Kittymum01/857335449/KittyBea-Knitting-by-the-Sea-Potter-Poncho-Side-1_square.jpg', 'medium_url': 'https://images4-f.ravelrycache.com/uploads/Kittymum01/857335449/KittyBea-Knitting-by-the-Sea-Potter-Poncho-Side-1_medium.jpg', 'thumbnail_url': 'https://images4-g.ravelrycache.com/uploads/Kittymum01/857335449/KittyBea-Knitting-by-the-Sea-Potter-Poncho-Side-1_thumbnail.jpg', 'small_url': 'https://images4-g.ravelrycache.com/uploads/Kittymum01/857335449/KittyBea-Knitting-by-the-Sea-Potter-Poncho-Side-1_small_best_fit.jpg', 'flickr_url': None, 'shelved_url': 'https://images4-g.ravelrycache.com/uploads/Kittymum01/857335449/KittyBea-Knitting-by-the-Sea-Potter-Poncho-Side-1_shelved.jpg', 'medium2_url': 'https://images4-a.ravelrycache.com/uploads/Kittymum01/857335449/KittyBea-Knitting-by-the-Sea-Potter-Poncho-Side-1_medium2.jpg', 'small2_url': 'https://images4-f.ravelrycache.com/uploads/Kittymum01/857335449/KittyBea-Knitting-by-the-Sea-Potter-Poncho-Side-1_small2.jpg', 'caption': None, 'caption_html': None, 'copyright_holder': None}, {'id': 113079351, 'sort_order': 2, 'user_id': 3463397, 'x_offset': -43, 'y_offset': 0, 'square_url': 'https://images4-g.ravelrycache.com/uploads/Kittymum01/857239966/KittyBea-Knitting-by-the-Sea-Potter-Poncho-Front-3_square.jpg', 'medium_url': 'https://images4-g.ravelrycache.com/uploads/Kittymum01/857239966/KittyBea-Knitting-by-the-Sea-Potter-Poncho-Front-3_medium.jpg', 'thumbnail_url': 'https://images4-g.ravelrycache.com/uploads/Kittymum01/857239966/KittyBea-Knitting-by-the-Sea-Potter-Poncho-Front-3_thumbnail.jpg', 'small_url': 'https://images4-f.ravelrycache.com/uploads/Kittymum01/857239966/KittyBea-Knitting-by-the-Sea-Potter-Poncho-Front-3_small_best_fit.jpg', 'flickr_url': None, 'shelved_url': 'https://images4-f.ravelrycache.com/uploads/Kittymum01/857239966/KittyBea-Knitting-by-the-Sea-Potter-Poncho-Front-3_shelved.jpg', 'medium2_url': 'https://images4-a.ravelrycache.com/uploads/Kittymum01/857239966/KittyBea-Knitting-by-the-Sea-Potter-Poncho-Front-3_medium2.jpg', 'small2_url': 'https://images4-g.ravelrycache.com/uploads/Kittymum01/857239966/KittyBea-Knitting-by-the-Sea-Potter-Poncho-Front-3_small2.jpg', 'caption': None, 'caption_html': None, 'copyright_holder': None}, {'id': 113079355, 'sort_order': 3, 'user_id': 3463397, 'x_offset': -43, 'y_offset': 0, 'square_url': 'https://images4-g.ravelrycache.com/uploads/Kittymum01/857240090/KittyBea-Knitting-by-the-Sea-Potter-Poncho-Front-7_square.jpg', 'medium_url': 'https://images4-g.ravelrycache.com/uploads/Kittymum01/857240090/KittyBea-Knitting-by-the-Sea-Potter-Poncho-Front-7_medium.jpg', 'thumbnail_url': 'https://images4-f.ravelrycache.com/uploads/Kittymum01/857240090/KittyBea-Knitting-by-the-Sea-Potter-Poncho-Front-7_thumbnail.jpg', 'small_url': 'https://images4-g.ravelrycache.com/uploads/Kittymum01/857240090/KittyBea-Knitting-by-the-Sea-Potter-Poncho-Front-7_small_best_fit.jpg', 'flickr_url': None, 'shelved_url': 'https://images4-g.ravelrycache.com/uploads/Kittymum01/857240090/KittyBea-Knitting-by-the-Sea-Potter-Poncho-Front-7_shelved.jpg', 'medium2_url': 'https://images4-a.ravelrycache.com/uploads/Kittymum01/857240090/KittyBea-Knitting-by-the-Sea-Potter-Poncho-Front-7_medium2.jpg', 'small2_url': 'https://images4-g.ravelrycache.com/uploads/Kittymum01/857240090/KittyBea-Knitting-by-the-Sea-Potter-Poncho-Front-7_small2.jpg', 'caption': None, 'caption_html': None, 'copyright_holder': None}, {'id': 113090741, 'sort_order': 4, 'user_id': 3463397, 'x_offset': 0, 'y_offset': -43, 'square_url': 'https://images4-f.ravelrycache.com/uploads/Kittymum01/857332971/KittyBea-Knitting-by-the-Sea-Potter-Poncho-Pockets-2_square.jpg', 'medium_url': 'https://images4-f.ravelrycache.com/uploads/Kittymum01/857332971/KittyBea-Knitting-by-the-Sea-Potter-Poncho-Pockets-2_medium.jpg', 'thumbnail_url': 'https://images4-f.ravelrycache.com/uploads/Kittymum01/857332971/KittyBea-Knitting-by-the-Sea-Potter-Poncho-Pockets-2_thumbnail.jpg', 'small_url': 'https://images4-g.ravelrycache.com/uploads/Kittymum01/857332971/KittyBea-Knitting-by-the-Sea-Potter-Poncho-Pockets-2_small_best_fit.jpg', 'flickr_url': None, 'shelved_url': 'https://images4-g.ravelrycache.com/uploads/Kittymum01/857332971/KittyBea-Knitting-by-the-Sea-Potter-Poncho-Pockets-2_shelved.jpg', 'medium2_url': 'https://images4-a.ravelrycache.com/uploads/Kittymum01/857332971/KittyBea-Knitting-by-the-Sea-Potter-Poncho-Pockets-2_medium2.jpg', 'small2_url': 'https://images4-f.ravelrycache.com/uploads/Kittymum01/857332971/KittyBea-Knitting-by-the-Sea-Potter-Poncho-Pockets-2_small2.jpg', 'caption': None, 'caption_html': None, 'copyright_holder': None}, {'id': 113090723, 'sort_order': 5, 'user_id': 3463397, 'x_offset': -1, 'y_offset': -91, 'square_url': 'https://images4-g.ravelrycache.com/uploads/Kittymum01/857332858/KittyBea-Knitting-by-the-Sea-Potter-Poncho-Side-4_square.jpg', 'medium_url': 'https://images4-g.ravelrycache.com/uploads/Kittymum01/857332858/KittyBea-Knitting-by-the-Sea-Potter-Poncho-Side-4_medium.jpg', 'thumbnail_url': 'https://images4-g.ravelrycache.com/uploads/Kittymum01/857332858/KittyBea-Knitting-by-the-Sea-Potter-Poncho-Side-4_thumbnail.jpg', 'small_url': 'https://images4-f.ravelrycache.com/uploads/Kittymum01/857332858/KittyBea-Knitting-by-the-Sea-Potter-Poncho-Side-4_small_best_fit.jpg', 'flickr_url': None, 'shelved_url': 'https://images4-g.ravelrycache.com/uploads/Kittymum01/857332858/KittyBea-Knitting-by-the-Sea-Potter-Poncho-Side-4_shelved.jpg', 'medium2_url': 'https://images4-a.ravelrycache.com/uploads/Kittymum01/857332858/KittyBea-Knitting-by-the-Sea-Potter-Poncho-Side-4_medium2.jpg', 'small2_url': 'https://images4-g.ravelrycache.com/uploads/Kittymum01/857332858/KittyBea-Knitting-by-the-Sea-Potter-Poncho-Side-4_small2.jpg', 'caption': None, 'caption_html': None, 'copyright_holder': None}, {'id': 113090710, 'sort_order': 6, 'user_id': 3463397, 'x_offset': 0, 'y_offset': -12, 'square_url': 'https://images4-g.ravelrycache.com/uploads/Kittymum01/857332760/KittyBea-Knitting-by-the-Sea-Potter-Poncho-Back-7_square.jpg', 'medium_url': 'https://images4-g.ravelrycache.com/uploads/Kittymum01/857332760/KittyBea-Knitting-by-the-Sea-Potter-Poncho-Back-7_medium.jpg', 'thumbnail_url': 'https://images4-f.ravelrycache.com/uploads/Kittymum01/857332760/KittyBea-Knitting-by-the-Sea-Potter-Poncho-Back-7_thumbnail.jpg', 'small_url': 'https://images4-g.ravelrycache.com/uploads/Kittymum01/857332760/KittyBea-Knitting-by-the-Sea-Potter-Poncho-Back-7_small_best_fit.jpg', 'flickr_url': None, 'shelved_url': 'https://images4-f.ravelrycache.com/uploads/Kittymum01/857332760/KittyBea-Knitting-by-the-Sea-Potter-Poncho-Back-7_shelved.jpg', 'medium2_url': 'https://images4-a.ravelrycache.com/uploads/Kittymum01/857332760/KittyBea-Knitting-by-the-Sea-Potter-Poncho-Back-7_medium2.jpg', 'small2_url': 'https://images4-g.ravelrycache.com/uploads/Kittymum01/857332760/KittyBea-Knitting-by-the-Sea-Potter-Poncho-Back-7_small2.jpg', 'caption': None, 'caption_html': None, 'copyright_holder': None}, {'id': 113079352, 'sort_order': 7, 'user_id': 3463397, 'x_offset': -43, 'y_offset': 0, 'square_url': 'https://images4-f.ravelrycache.com/uploads/Kittymum01/857240142/KittyBea-Knitting-by-the-Sea-Potter-Poncho-Front-14_square.jpg', 'medium_url': 'https://images4-f.ravelrycache.com/uploads/Kittymum01/857240142/KittyBea-Knitting-by-the-Sea-Potter-Poncho-Front-14_medium.jpg', 'thumbnail_url': 'https://images4-f.ravelrycache.com/uploads/Kittymum01/857240142/KittyBea-Knitting-by-the-Sea-Potter-Poncho-Front-14_thumbnail.jpg', 'small_url': 'https://images4-f.ravelrycache.com/uploads/Kittymum01/857240142/KittyBea-Knitting-by-the-Sea-Potter-Poncho-Front-14_small_best_fit.jpg', 'flickr_url': None, 'shelved_url': 'https://images4-g.ravelrycache.com/uploads/Kittymum01/857240142/KittyBea-Knitting-by-the-Sea-Potter-Poncho-Front-14_shelved.jpg', 'medium2_url': 'https://images4-a.ravelrycache.com/uploads/Kittymum01/857240142/KittyBea-Knitting-by-the-Sea-Potter-Poncho-Front-14_medium2.jpg', 'small2_url': 'https://images4-f.ravelrycache.com/uploads/Kittymum01/857240142/KittyBea-Knitting-by-the-Sea-Potter-Poncho-Front-14_small2.jpg', 'caption': None, 'caption_html': None, 'copyright_holder': None}, {'id': 113079354, 'sort_order': 8, 'user_id': 3463397, 'x_offset': 0, 'y_offset': -43, 'square_url': 'https://images4-f.ravelrycache.com/uploads/Kittymum01/857240339/KittyBea-Knitting-by-the-Sea-Potter-Poncho-Back-1_square.jpg', 'medium_url': 'https://images4-f.ravelrycache.com/uploads/Kittymum01/857240339/KittyBea-Knitting-by-the-Sea-Potter-Poncho-Back-1_medium.jpg', 'thumbnail_url': 'https://images4-f.ravelrycache.com/uploads/Kittymum01/857240339/KittyBea-Knitting-by-the-Sea-Potter-Poncho-Back-1_thumbnail.jpg', 'small_url': 'https://images4-g.ravelrycache.com/uploads/Kittymum01/857240339/KittyBea-Knitting-by-the-Sea-Potter-Poncho-Back-1_small_best_fit.jpg', 'flickr_url': None, 'shelved_url': 'https://images4-g.ravelrycache.com/uploads/Kittymum01/857240339/KittyBea-Knitting-by-the-Sea-Potter-Poncho-Back-1_shelved.jpg', 'medium2_url': 'https://images4-a.ravelrycache.com/uploads/Kittymum01/857240339/KittyBea-Knitting-by-the-Sea-Potter-Poncho-Back-1_medium2.jpg', 'small2_url': 'https://images4-f.ravelrycache.com/uploads/Kittymum01/857240339/KittyBea-Knitting-by-the-Sea-Potter-Poncho-Back-1_small2.jpg', 'caption': None, 'caption_html': None, 'copyright_holder': None}, {'id': 113079356, 'sort_order': 9, 'user_id': 3463397, 'x_offset': 0, 'y_offset': -43, 'square_url': 'https://images4-g.ravelrycache.com/uploads/Kittymum01/857240274/KittyBea-Knitting-by-the-Sea-Potter-Poncho-Shoulder-1_square.jpg', 'medium_url': 'https://images4-g.ravelrycache.com/uploads/Kittymum01/857240274/KittyBea-Knitting-by-the-Sea-Potter-Poncho-Shoulder-1_medium.jpg', 'thumbnail_url': 'https://images4-f.ravelrycache.com/uploads/Kittymum01/857240274/KittyBea-Knitting-by-the-Sea-Potter-Poncho-Shoulder-1_thumbnail.jpg', 'small_url': 'https://images4-f.ravelrycache.com/uploads/Kittymum01/857240274/KittyBea-Knitting-by-the-Sea-Potter-Poncho-Shoulder-1_small_best_fit.jpg', 'flickr_url': None, 'shelved_url': 'https://images4-g.ravelrycache.com/uploads/Kittymum01/857240274/KittyBea-Knitting-by-the-Sea-Potter-Poncho-Shoulder-1_shelved.jpg', 'medium2_url': 'https://images4-a.ravelrycache.com/uploads/Kittymum01/857240274/KittyBea-Knitting-by-the-Sea-Potter-Poncho-Shoulder-1_medium2.jpg', 'small2_url': 'https://images4-g.ravelrycache.com/uploads/Kittymum01/857240274/KittyBea-Knitting-by-the-Sea-Potter-Poncho-Shoulder-1_small2.jpg', 'caption': None, 'caption_html': None, 'copyright_holder': None}, {'id': 113079357, 'sort_order': 10, 'user_id': 3463397, 'x_offset': 0, 'y_offset': -43, 'square_url': 'https://images4-f.ravelrycache.com/uploads/Kittymum01/857240091/KittyBea-Knitting-by-the-Sea-Potter-Poncho-Front-28_square.jpg', 'medium_url': 'https://images4-f.ravelrycache.com/uploads/Kittymum01/857240091/KittyBea-Knitting-by-the-Sea-Potter-Poncho-Front-28_medium.jpg', 'thumbnail_url': 'https://images4-g.ravelrycache.com/uploads/Kittymum01/857240091/KittyBea-Knitting-by-the-Sea-Potter-Poncho-Front-28_thumbnail.jpg', 'small_url': 'https://images4-g.ravelrycache.com/uploads/Kittymum01/857240091/KittyBea-Knitting-by-the-Sea-Potter-Poncho-Front-28_small_best_fit.jpg', 'flickr_url': None, 'shelved_url': 'https://images4-f.ravelrycache.com/uploads/Kittymum01/857240091/KittyBea-Knitting-by-the-Sea-Potter-Poncho-Front-28_shelved.jpg', 'medium2_url': 'https://images4-a.ravelrycache.com/uploads/Kittymum01/857240091/KittyBea-Knitting-by-the-Sea-Potter-Poncho-Front-28_medium2.jpg', 'small2_url': 'https://images4-f.ravelrycache.com/uploads/Kittymum01/857240091/KittyBea-Knitting-by-the-Sea-Potter-Poncho-Front-28_small2.jpg', 'caption': None, 'caption_html': None, 'copyright_holder': None}, {'id': 113090975, 'sort_order': 11, 'user_id': 3463397, 'x_offset': -43, 'y_offset': 0, 'square_url': 'https://images4-g.ravelrycache.com/uploads/Kittymum01/857335033/KittyBea-Knitting-by-the-Sea-Potter-Poncho-Back-8_square.jpg', 'medium_url': 'https://images4-g.ravelrycache.com/uploads/Kittymum01/857335033/KittyBea-Knitting-by-the-Sea-Potter-Poncho-Back-8_medium.jpg', 'thumbnail_url': 'https://images4-g.ravelrycache.com/uploads/Kittymum01/857335033/KittyBea-Knitting-by-the-Sea-Potter-Poncho-Back-8_thumbnail.jpg', 'small_url': 'https://images4-f.ravelrycache.com/uploads/Kittymum01/857335033/KittyBea-Knitting-by-the-Sea-Potter-Poncho-Back-8_small_best_fit.jpg', 'flickr_url': None, 'shelved_url': 'https://images4-f.ravelrycache.com/uploads/Kittymum01/857335033/KittyBea-Knitting-by-the-Sea-Potter-Poncho-Back-8_shelved.jpg', 'medium2_url': 'https://images4-a.ravelrycache.com/uploads/Kittymum01/857335033/KittyBea-Knitting-by-the-Sea-Potter-Poncho-Back-8_medium2.jpg', 'small2_url': 'https://images4-g.ravelrycache.com/uploads/Kittymum01/857335033/KittyBea-Knitting-by-the-Sea-Potter-Poncho-Back-8_small2.jpg', 'caption': None, 'caption_html': None, 'copyright_holder': None}, {'id': 113090938, 'sort_order': 12, 'user_id': 3463397, 'x_offset': 0, 'y_offset': -43, 'square_url': 'https://images4-f.ravelrycache.com/uploads/Kittymum01/857334734/KittyBea-Knitting-by-the-Sea-Potter-Poncho-Front-20_square.jpg', 'medium_url': 'https://images4-f.ravelrycache.com/uploads/Kittymum01/857334734/KittyBea-Knitting-by-the-Sea-Potter-Poncho-Front-20_medium.jpg', 'thumbnail_url': 'https://images4-g.ravelrycache.com/uploads/Kittymum01/857334734/KittyBea-Knitting-by-the-Sea-Potter-Poncho-Front-20_thumbnail.jpg', 'small_url': 'https://images4-g.ravelrycache.com/uploads/Kittymum01/857334734/KittyBea-Knitting-by-the-Sea-Potter-Poncho-Front-20_small_best_fit.jpg', 'flickr_url': None, 'shelved_url': 'https://images4-g.ravelrycache.com/uploads/Kittymum01/857334734/KittyBea-Knitting-by-the-Sea-Potter-Poncho-Front-20_shelved.jpg', 'medium2_url': 'https://images4-a.ravelrycache.com/uploads/Kittymum01/857334734/KittyBea-Knitting-by-the-Sea-Potter-Poncho-Front-20_medium2.jpg', 'small2_url': 'https://images4-f.ravelrycache.com/uploads/Kittymum01/857334734/KittyBea-Knitting-by-the-Sea-Potter-Poncho-Front-20_small2.jpg', 'caption': None, 'caption_html': None, 'copyright_holder': None}]"
Biches & Bûches no. 79,Biches & Bûches,1245135,https://www.ravelry.com/patterns/library/biches--buches-no-79,False,https://images4-a.ravelrycache.com/uploads/BichesetBuches/1066318495/Biches___Buches_no._79-7_medium2.jpg,Knitting,"['female', 'ribbed', 'textured', 'seamless', 'short-rows', 'bottom-up', 'in-the-round']",18.0,0.0,True,4.0,stockinette stitch,pullover,Worsted,4,0.0,x-small - small - medium - large - x-large - 2x-large - 3x-large,"[{'id': 138951584, 'sort_order': 1, 'user_id': 2042187, 'x_offset': -35, 'y_offset': -1, 'square_url': 'https://images4-g.ravelrycache.com/uploads/BichesetBuches/1066318495/Biches___Buches_no._79-7_square.jpg', 'medium_url': 'https://images4-f.ravelrycache.com/uploads/BichesetBuches/1066318495/Biches___Buches_no._79-7_medium.jpg', 'thumbnail_url': 'https://images4-g.ravelrycache.com/uploads/BichesetBuches/1066318495/Biches___Buches_no._79-7_thumbnail.jpg', 'small_url': 'https://images4-g.ravelrycache.com/uploads/BichesetBuches/1066318495/Biches___Buches_no._79-7_small.jpg', 'flickr_url': None, 'shelved_url': 'https://images4-g.ravelrycache.com/uploads/BichesetBuches/1066318495/Biches___Buches_no._79-7_shelved.jpg', 'medium2_url': 'https://images4-a.ravelrycache.com/uploads/BichesetBuches/1066318495/Biches___Buches_no._79-7_medium2.jpg', 'small2_url': 'https://images4-g.ravelrycache.com/uploads/BichesetBuches/1066318495/Biches___Buches_no._79-7_small2.jpg', 'caption': None, 'caption_html': None, 'copyright_holder': None}, {'id': 138951585, 'sort_order': 2, 'user_id': 2042187, 'x_offset': -1, 'y_offset': -35, 'square_url': 'https://images4-g.ravelrycache.com/uploads/BichesetBuches/1066318497/Biches___Buches_no._79-2_square.jpg', 'medium_url': 'https://images4-f.ravelrycache.com/uploads/BichesetBuches/1066318497/Biches___Buches_no._79-2_medium.jpg', 'thumbnail_url': 'https://images4-g.ravelrycache.com/uploads/BichesetBuches/1066318497/Biches___Buches_no._79-2_thumbnail.jpg', 'small_url': 'https://images4-f.ravelrycache.com/uploads/BichesetBuches/1066318497/Biches___Buches_no._79-2_small.jpg', 'flickr_url': None, 'shelved_url': 'https://images4-f.ravelrycache.com/uploads/BichesetBuches/1066318497/Biches___Buches_no._79-2_shelved.jpg', 'medium2_url': 'https://images4-a.ravelrycache.com/uploads/BichesetBuches/1066318497/Biches___Buches_no._79-2_medium2.jpg', 'small2_url': 'https://images4-g.ravelrycache.com/uploads/BichesetBuches/1066318497/Biches___Buches_no._79-2_small2.jpg', 'caption': None, 'caption_html': None, 'copyright_holder': None}, {'id': 138951586, 'sort_order': 3, 'user_id': 2042187, 'x_offset': -1, 'y_offset': -35, 'square_url': 'https://images4-f.ravelrycache.com/uploads/BichesetBuches/1066318498/Biches___Buches_no._79-4_square.jpg', 'medium_url': 'https://images4-g.ravelrycache.com/uploads/BichesetBuches/1066318498/Biches___Buches_no._79-4_medium.jpg', 'thumbnail_url': 'https://images4-f.ravelrycache.com/uploads/BichesetBuches/1066318498/Biches___Buches_no._79-4_thumbnail.jpg', 'small_url': 'https://images4-f.ravelrycache.com/uploads/BichesetBuches/1066318498/Biches___Buches_no._79-4_small.jpg', 'flickr_url': None, 'shelved_url': 'https://images4-f.ravelrycache.com/uploads/BichesetBuches/1066318498/Biches___Buches_no._79-4_shelved.jpg', 'medium2_url': 'https://images4-a.ravelrycache.com/uploads/BichesetBuches/1066318498/Biches___Buches_no._79-4_medium2.jpg', 'small2_url': 'https://images4-f.ravelrycache.com/uploads/BichesetBuches/1066318498/Biches___Buches_no._79-4_small2.jpg', 'caption': None, 'caption_html': None, 'copyright_holder': None}, {'id': 138951587, 'sort_order': 4, 'user_id': 2042187, 'x_offset': -1, 'y_offset': -35, 'square_url': 'https://images4-f.ravelrycache.com/uploads/BichesetBuches/1066318499/Biches___Buches_no._79-1_square.jpg', 'medium_url': 'https://images4-g.ravelrycache.com/uploads/BichesetBuches/1066318499/Biches___Buches_no._79-1_medium.jpg', 'thumbnail_url': 'https://images4-f.ravelrycache.com/uploads/BichesetBuches/1066318499/Biches___Buches_no._79-1_thumbnail.jpg', 'small_url': 'https://images4-f.ravelrycache.com/uploads/BichesetBuches/1066318499/Biches___Buches_no._79-1_small.jpg', 'flickr_url': None, 'shelved_url': 'https://images4-g.ravelrycache.com/uploads/BichesetBuches/1066318499/Biches___Buches_no._79-1_shelved.jpg', 'medium2_url': 'https://images4-a.ravelrycache.com/uploads/BichesetBuches/1066318499/Biches___Buches_no._79-1_medium2.jpg', 'small2_url': 'https://images4-f.ravelrycache.com/uploads/BichesetBuches/1066318499/Biches___Buches_no._79-1_small2.jpg', 'caption': None, 'caption_html': None, 'copyright_holder': None}, {'id': 138951588, 'sort_order': 5, 'user_id': 2042187, 'x_offset': -1, 'y_offset': -35, 'square_url': 'https://images4-f.ravelrycache.com/uploads/BichesetBuches/1066318505/Biches___Buches_no._79-5_square.jpg', 'medium_url': 'https://images4-g.ravelrycache.com/uploads/BichesetBuches/1066318505/Biches___Buches_no._79-5_medium.jpg', 'thumbnail_url': 'https://images4-f.ravelrycache.com/uploads/BichesetBuches/1066318505/Biches___Buches_no._79-5_thumbnail.jpg', 'small_url': 'https://images4-f.ravelrycache.com/uploads/BichesetBuches/1066318505/Biches___Buches_no._79-5_small.jpg', 'flickr_url': None, 'shelved_url': 'https://images4-f.ravelrycache.com/uploads/BichesetBuches/1066318505/Biches___Buches_no._79-5_shelved.jpg', 'medium2_url': 'https://images4-a.ravelrycache.com/uploads/BichesetBuches/1066318505/Biches___Buches_no._79-5_medium2.jpg', 'small2_url': 'https://images4-f.ravelrycache.com/uploads/BichesetBuches/1066318505/Biches___Buches_no._79-5_small2.jpg', 'caption': None, 'caption_html': None, 'copyright_holder': None}]"
Rilling,Lone Kjeldsen,1245340,https://www.ravelry.com/patterns/library/rilling,False,https://images4-a.ravelrycache.com/uploads/lk1963/857652927/E01B7C7D-9D60-4241-883C-D94998529330_medium2.jpeg,Knitting,"['female', 'teen', 'adult', 'oversized', 'plus', 'square-neck', 'long-sleeve', 'set-in-sleeve', 'saddle-shoulder', 'seamless', 'short-rows', 'top-down', 'written-pattern', 'worked-flat', 'in-the-round']",25.0,2.75,True,4.0,Stockinette stitch ,pullover,DK,14,5.0,S - M - L - XL - 2XL - 3XL,"[{'id': 113129584, 'sort_order': 1, 'user_id': 634410, 'x_offset': -5, 'y_offset': -35, 'square_url': 'https://images4-f.ravelrycache.com/uploads/lk1963/857652927/E01B7C7D-9D60-4241-883C-D94998529330_square.jpeg', 'medium_url': 'https://images4-f.ravelrycache.com/uploads/lk1963/857652927/E01B7C7D-9D60-4241-883C-D94998529330_medium.jpeg', 'thumbnail_url': 'https://images4-g.ravelrycache.com/uploads/lk1963/857652927/E01B7C7D-9D60-4241-883C-D94998529330_thumbnail.jpeg', 'small_url': 'https://images4-g.ravelrycache.com/uploads/lk1963/857652927/E01B7C7D-9D60-4241-883C-D94998529330_small.jpeg', 'flickr_url': None, 'shelved_url': 'https://images4-g.ravelrycache.com/uploads/lk1963/857652927/E01B7C7D-9D60-4241-883C-D94998529330_shelved.jpeg', 'medium2_url': 'https://images4-a.ravelrycache.com/uploads/lk1963/857652927/E01B7C7D-9D60-4241-883C-D94998529330_medium2.jpeg', 'small2_url': 'https://images4-f.ravelrycache.com/uploads/lk1963/857652927/E01B7C7D-9D60-4241-883C-D94998529330_small2.jpeg', 'caption': None, 'caption_html': None, 'copyright_holder': None}, {'id': 113129585, 'sort_order': 2, 'user_id': 634410, 'x_offset': -35, 'y_offset': -5, 'square_url': 'https://images4-f.ravelrycache.com/uploads/lk1963/857652944/03DCAD5B-A2FF-4BA8-B947-F09F48BC7612_square.png', 'medium_url': 'https://images4-g.ravelrycache.com/uploads/lk1963/857652944/03DCAD5B-A2FF-4BA8-B947-F09F48BC7612_medium.png', 'thumbnail_url': 'https://images4-f.ravelrycache.com/uploads/lk1963/857652944/03DCAD5B-A2FF-4BA8-B947-F09F48BC7612_thumbnail.png', 'small_url': 'https://images4-f.ravelrycache.com/uploads/lk1963/857652944/03DCAD5B-A2FF-4BA8-B947-F09F48BC7612_small.png', 'flickr_url': None, 'shelved_url': 'https://images4-f.ravelrycache.com/uploads/lk1963/857652944/03DCAD5B-A2FF-4BA8-B947-F09F48BC7612_shelved.png', 'medium2_url': 'https://images4-a.ravelrycache.com/uploads/lk1963/857652944/03DCAD5B-A2FF-4BA8-B947-F09F48BC7612_medium2.png', 'small2_url': 'https://images4-f.ravelrycache.com/uploads/lk1963/857652944/03DCAD5B-A2FF-4BA8-B947-F09F48BC7612_small2.png', 'caption': None, 'caption_html': None, 'copyright_holder': None}, {'id': 113129586, 'sort_order': 3, 'user_id': 634410, 'x_offset': 0, 'y_offset': -45, 'square_url': 'https://images4-f.ravelrycache.com/uploads/lk1963/857652924/8F78B4C0-D3FA-4908-8C59-9E1CEEFB7856_square.jpeg', 'medium_url': 'https://images4-f.ravelrycache.com/uploads/lk1963/857652924/8F78B4C0-D3FA-4908-8C59-9E1CEEFB7856_medium.jpeg', 'thumbnail_url': 'https://images4-g.ravelrycache.com/uploads/lk1963/857652924/8F78B4C0-D3FA-4908-8C59-9E1CEEFB7856_thumbnail.jpeg', 'small_url': 'https://images4-g.ravelrycache.com/uploads/lk1963/857652924/8F78B4C0-D3FA-4908-8C59-9E1CEEFB7856_small_best_fit.jpeg', 'flickr_url': None, 'shelved_url': 'https://images4-f.ravelrycache.com/uploads/lk1963/857652924/8F78B4C0-D3FA-4908-8C59-9E1CEEFB7856_shelved.jpeg', 'medium2_url': 'https://images4-a.ravelrycache.com/uploads/lk1963/857652924/8F78B4C0-D3FA-4908-8C59-9E1CEEFB7856_medium2.jpeg', 'small2_url': 'https://images4-f.ravelrycache.com/uploads/lk1963/857652924/8F78B4C0-D3FA-4908-8C59-9E1CEEFB7856_small2.jpeg', 'caption': None, 'caption_html': None, 'copyright_holder': None}, {'id': 113129587, 'sort_order': 4, 'user_id': 634410, 'x_offset': 0, 'y_offset': -22, 'square_url': 'https://images4-f.ravelrycache.com/uploads/lk1963/857652922/144EE555-2E49-4552-9E7F-6C377104925D_square.jpeg', 'medium_url': 'https://images4-f.ravelrycache.com/uploads/lk1963/857652922/144EE555-2E49-4552-9E7F-6C377104925D_medium.jpeg', 'thumbnail_url': 'https://images4-g.ravelrycache.com/uploads/lk1963/857652922/144EE555-2E49-4552-9E7F-6C377104925D_thumbnail.jpeg', 'small_url': 'https://images4-f.ravelrycache.com/uploads/lk1963/857652922/144EE555-2E49-4552-9E7F-6C377104925D_small_best_fit.jpeg', 'flickr_url': None, 'shelved_url': 'https://images4-g.ravelrycache.com/uploads/lk1963/857652922/144EE555-2E49-4552-9E7F-6C377104925D_shelved.jpeg', 'medium2_url': 'https://images4-a.ravelrycache.com/uploads/lk1963/857652922/144EE555-2E49-4552-9E7F-6C377104925D_medium2.jpeg', 'small2_url': 'https://images4-f.ravelrycache.com/uploads/lk1963/857652922/144EE555-2E49-4552-9E7F-6C377104925D_small2.jpeg', 'caption': None, 'caption_html': None, 'copyright_holder': None}, {'id': 113129588, 'sort_order': 5, 'user_id': 634410, 'x_offset': -5, 'y_offset': -35, 'square_url': 'https://images4-f.ravelrycache.com/uploads/lk1963/857652921/2EDA54C5-5ED3-4F81-B11E-B3A1E5F46217_square.jpeg', 'medium_url': 'https://images4-f.ravelrycache.com/uploads/lk1963/857652921/2EDA54C5-5ED3-4F81-B11E-B3A1E5F46217_medium.jpeg', 'thumbnail_url': 'https://images4-g.ravelrycache.com/uploads/lk1963/857652921/2EDA54C5-5ED3-4F81-B11E-B3A1E5F46217_thumbnail.jpeg', 'small_url': 'https://images4-f.ravelrycache.com/uploads/lk1963/857652921/2EDA54C5-5ED3-4F81-B11E-B3A1E5F46217_small.jpeg', 'flickr_url': None, 'shelved_url': 'https://images4-g.ravelrycache.com/uploads/lk1963/857652921/2EDA54C5-5ED3-4F81-B11E-B3A1E5F46217_shelved.jpeg', 'medium2_url': 'https://images4-a.ravelrycache.com/uploads/lk1963/857652921/2EDA54C5-5ED3-4F81-B11E-B3A1E5F46217_medium2.jpeg', 'small2_url': 'https://images4-f.ravelrycache.com/uploads/lk1963/857652921/2EDA54C5-5ED3-4F81-B11E-B3A1E5F46217_small2.jpeg', 'caption': None, 'caption_html': None, 'copyright_holder': None}, {'id': 113129589, 'sort_order': 6, 'user_id': 634410, 'x_offset': 0, 'y_offset': -3, 'square_url': 'https://images4-f.ravelrycache.com/uploads/lk1963/857652926/EEC941C6-7C25-4EB0-B9AC-B3D4784743C1_square.jpeg', 'medium_url': 'https://images4-f.ravelrycache.com/uploads/lk1963/857652926/EEC941C6-7C25-4EB0-B9AC-B3D4784743C1_medium.jpeg', 'thumbnail_url': 'https://images4-g.ravelrycache.com/uploads/lk1963/857652926/EEC941C6-7C25-4EB0-B9AC-B3D4784743C1_thumbnail.jpeg', 'small_url': 'https://images4-f.ravelrycache.com/uploads/lk1963/857652926/EEC941C6-7C25-4EB0-B9AC-B3D4784743C1_small_best_fit.jpeg', 'flickr_url': None, 'shelved_url': 'https://images4-f.ravelrycache.com/uploads/lk1963/857652926/EEC941C6-7C25-4EB0-B9AC-B3D4784743C1_shelved.jpeg', 'medium2_url': 'https://images4-a.ravelrycache.com/uploads/lk1963/857652926/EEC941C6-7C25-4EB0-B9AC-B3D4784743C1_medium2.jpeg', 'small2_url': 'https://images4-f.ravelrycache.com/uploads/lk1963/857652926/EEC941C6-7C25-4EB0-B9AC-B3D4784743C1_small2.jpeg', 'caption': None, 'caption_html': None, 'copyright_holder': None}]"
Ciara,Marie Wallin,1245642,https://www.ravelry.com/patterns/library/ciara-4,False,https://images4-g.ravelrycache.com/uploads/mariewallin/857891749/Ciara_small_4_medium2.jpg,Knitting,"['female', 'adult', 'fitted', 'patch-pocket', 'seamed', 'scoop-neck', '3-4-sleeve', 'set-in-sleeve', 'stranded', 'bottom-up', 'positive-ease', 'chart', 'written-pattern', 'worked-flat']",28.0,4.333333333333333,True,4.0,Patterned stocking stitch,pullover,Fingering,9,4.666666666666667,"S, M, L, XL, XXL","[{'id': 113158902, 'sort_order': 1, 'user_id': 77442, 'x_offset': 0, 'y_offset': 0, 'square_url': 'https://images4-g.ravelrycache.com/uploads/mariewallin/857891749/Ciara_small_4_square.jpg', 'medium_url': 'https://images4-g.ravelrycache.com/uploads/mariewallin/857891749/Ciara_small_4_medium.jpg', 'thumbnail_url': 'https://images4-f.ravelrycache.com/uploads/mariewallin/857891749/Ciara_small_4_thumbnail.jpg', 'small_url': 'https://images4-g.ravelrycache.com/uploads/mariewallin/857891749/Ciara_small_4_small_best_fit.jpg', 'flickr_url': None, 'shelved_url': 'https://images4-g.ravelrycache.com/uploads/mariewallin/857891749/Ciara_small_4_shelved.jpg', 'medium2_url': 'https://images4-g.ravelrycache.com/uploads/mariewallin/857891749/Ciara_small_4_medium2.jpg', 'small2_url': 'https://images4-g.ravelrycache.com/uploads/mariewallin/857891749/Ciara_small_4_small2.jpg', 'caption': None, 'caption_html': None, 'copyright_holder': None}, {'id': 113158903, 'sort_order': 2, 'user_id': 77442, 'x_offset': 0, 'y_offset': 0, 'square_url': 'https://images4-f.ravelrycache.com/uploads/mariewallin/857891748/Ciara_small_3_square.jpg', 'medium_url': 'https://images4-f.ravelrycache.com/uploads/mariewallin/857891748/Ciara_small_3_medium.jpg', 'thumbnail_url': 'https://images4-g.ravelrycache.com/uploads/mariewallin/857891748/Ciara_small_3_thumbnail.jpg', 'small_url': 'https://images4-f.ravelrycache.com/uploads/mariewallin/857891748/Ciara_small_3_small_best_fit.jpg', 'flickr_url': None, 'shelved_url': 'https://images4-f.ravelrycache.com/uploads/mariewallin/857891748/Ciara_small_3_shelved.jpg', 'medium2_url': 'https://images4-f.ravelrycache.com/uploads/mariewallin/857891748/Ciara_small_3_medium2.jpg', 'small2_url': 'https://images4-f.ravelrycache.com/uploads/mariewallin/857891748/Ciara_small_3_small2.jpg', 'caption': None, 'caption_html': None, 'copyright_holder': None}, {'id': 113158904, 'sort_order': 3, 'user_id': 77442, 'x_offset': 0, 'y_offset': 0, 'square_url': 'https://images4-f.ravelrycache.com/uploads/mariewallin/857891747/Ciara_small_2_square.jpg', 'medium_url': 'https://images4-f.ravelrycache.com/uploads/mariewallin/857891747/Ciara_small_2_medium.jpg', 'thumbnail_url': 'https://images4-g.ravelrycache.com/uploads/mariewallin/857891747/Ciara_small_2_thumbnail.jpg', 'small_url': 'https://images4-f.ravelrycache.com/uploads/mariewallin/857891747/Ciara_small_2_small_best_fit.jpg', 'flickr_url': None, 'shelved_url': 'https://images4-g.ravelrycache.com/uploads/mariewallin/857891747/Ciara_small_2_shelved.jpg', 'medium2_url': 'https://images4-f.ravelrycache.com/uploads/mariewallin/857891747/Ciara_small_2_medium2.jpg', 'small2_url': 'https://images4-f.ravelrycache.com/uploads/mariewallin/857891747/Ciara_small_2_small2.jpg', 'caption': None, 'caption_html': None, 'copyright_holder': None}, {'id': 113158905, 'sort_order': 4, 'user_id': 77442, 'x_offset': 0, 'y_offset': 0, 'square_url': 'https://images4-g.ravelrycache.com/uploads/mariewallin/857891746/Ciara_small_1_square.jpg', 'medium_url': 'https://images4-g.ravelrycache.com/uploads/mariewallin/857891746/Ciara_small_1_medium.jpg', 'thumbnail_url': 'https://images4-f.ravelrycache.com/uploads/mariewallin/857891746/Ciara_small_1_thumbnail.jpg', 'small_url': 'https://images4-g.ravelrycache.com/uploads/mariewallin/857891746/Ciara_small_1_small_best_fit.jpg', 'flickr_url': None, 'shelved_url': 'https://images4-g.ravelrycache.com/uploads/mariewallin/857891746/Ciara_small_1_shelved.jpg', 'medium2_url': 'https://images4-f.ravelrycache.com/uploads/mariewallin/857891746/Ciara_small_1_medium2.jpg', 'small2_url': 'https://images4-g.ravelrycache.com/uploads/mariewallin/857891746/Ciara_small_1_small2.jpg', 'caption': None, 'caption_html': None, 'copyright_holder': None}]"
Iona,Marie Wallin,1245671,https://www.ravelry.com/patterns/library/iona-14,False,https://images4-g.ravelrycache.com/uploads/mariewallin/857900789/Iona_small_6_medium2.jpg,Knitting,"['female', 'adult', 'fitted', 'seamed', 'crew-neck', 'long-sleeve', 'set-in-sleeve', 'stranded', 'bottom-up', 'positive-ease', 'chart', 'written-pattern', 'worked-flat']",28.0,6.666666666666667,True,4.0,Patterned stocking stitch,pullover,Fingering,12,4.333333333333333,"S, M, L, XL, XXL","[{'id': 113160075, 'sort_order': 1, 'user_id': 77442, 'x_offset': 0, 'y_offset': 0, 'square_url': 'https://images4-g.ravelrycache.com/uploads/mariewallin/857900789/Iona_small_6_square.jpg', 'medium_url': 'https://images4-g.ravelrycache.com/uploads/mariewallin/857900789/Iona_small_6_medium.jpg', 'thumbnail_url': 'https://images4-f.ravelrycache.com/uploads/mariewallin/857900789/Iona_small_6_thumbnail.jpg', 'small_url': 'https://images4-g.ravelrycache.com/uploads/mariewallin/857900789/Iona_small_6_small_best_fit.jpg', 'flickr_url': None, 'shelved_url': 'https://images4-f.ravelrycache.com/uploads/mariewallin/857900789/Iona_small_6_shelved.jpg', 'medium2_url': 'https://images4-g.ravelrycache.com/uploads/mariewallin/857900789/Iona_small_6_medium2.jpg', 'small2_url': 'https://images4-g.ravelrycache.com/uploads/mariewallin/857900789/Iona_small_6_small2.jpg', 'caption': None, 'caption_html': None, 'copyright_holder': None}, {'id': 113160076, 'sort_order': 2, 'user_id': 77442, 'x_offset': 0, 'y_offset': 0, 'square_url': 'https://images4-f.ravelrycache.com/uploads/mariewallin/857900787/Iona_small_5_square.jpg', 'medium_url': 'https://images4-f.ravelrycache.com/uploads/mariewallin/857900787/Iona_small_5_medium.jpg', 'thumbnail_url': 'https://images4-f.ravelrycache.com/uploads/mariewallin/857900787/Iona_small_5_thumbnail.jpg', 'small_url': 'https://images4-g.ravelrycache.com/uploads/mariewallin/857900787/Iona_small_5_small_best_fit.jpg', 'flickr_url': None, 'shelved_url': 'https://images4-f.ravelrycache.com/uploads/mariewallin/857900787/Iona_small_5_shelved.jpg', 'medium2_url': 'https://images4-g.ravelrycache.com/uploads/mariewallin/857900787/Iona_small_5_medium2.jpg', 'small2_url': 'https://images4-f.ravelrycache.com/uploads/mariewallin/857900787/Iona_small_5_small2.jpg', 'caption': None, 'caption_html': None, 'copyright_holder': None}, {'id': 113160077, 'sort_order': 3, 'user_id': 77442, 'x_offset': 0, 'y_offset': 0, 'square_url': 'https://images4-f.ravelrycache.com/uploads/mariewallin/857900784/Iona_small_4_square.jpg', 'medium_url': 'https://images4-f.ravelrycache.com/uploads/mariewallin/857900784/Iona_small_4_medium.jpg', 'thumbnail_url': 'https://images4-f.ravelrycache.com/uploads/mariewallin/857900784/Iona_small_4_thumbnail.jpg', 'small_url': 'https://images4-f.ravelrycache.com/uploads/mariewallin/857900784/Iona_small_4_small_best_fit.jpg', 'flickr_url': None, 'shelved_url': 'https://images4-g.ravelrycache.com/uploads/mariewallin/857900784/Iona_small_4_shelved.jpg', 'medium2_url': 'https://images4-f.ravelrycache.com/uploads/mariewallin/857900784/Iona_small_4_medium2.jpg', 'small2_url': 'https://images4-f.ravelrycache.com/uploads/mariewallin/857900784/Iona_small_4_small2.jpg', 'caption': None, 'caption_html': None, 'copyright_holder': None}, {'id': 113160078, 'sort_order': 4, 'user_id': 77442, 'x_offset': 0, 'y_offset': 0, 'square_url': 'https://images4-g.ravelrycache.com/uploads/mariewallin/857900790/Iona_small_3_square.jpg', 'medium_url': 'https://images4-g.ravelrycache.com/uploads/mariewallin/857900790/Iona_small_3_medium.jpg', 'thumbnail_url': 'https://images4-g.ravelrycache.com/uploads/mariewallin/857900790/Iona_small_3_thumbnail.jpg', 'small_url': 'https://images4-g.ravelrycache.com/uploads/mariewallin/857900790/Iona_small_3_small_best_fit.jpg', 'flickr_url': None, 'shelved_url': 'https://images4-g.ravelrycache.com/uploads/mariewallin/857900790/Iona_small_3_shelved.jpg', 'medium2_url': 'https://images4-g.ravelrycache.com/uploads/mariewallin/857900790/Iona_small_3_medium2.jpg', 'small2_url': 'https://images4-g.ravelrycache.com/uploads/mariewallin/857900790/Iona_small_3_small2.jpg', 'caption': None, 'caption_html': None, 'copyright_holder': None}, {'id': 113160079, 'sort_order': 5, 'user_id': 77442, 'x_offset': 0, 'y_offset': 0, 'square_url': 'https://images4-g.ravelrycache.com/uploads/mariewallin/857900788/Iona_small_2_square.jpg', 'medium_url': 'https://images4-g.ravelrycache.com/uploads/mariewallin/857900788/Iona_small_2_medium.jpg', 'thumbnail_url': 'https://images4-g.ravelrycache.com/uploads/mariewallin/857900788/Iona_small_2_thumbnail.jpg', 'small_url': 'https://images4-f.ravelrycache.com/uploads/mariewallin/857900788/Iona_small_2_small_best_fit.jpg', 'flickr_url': None, 'shelved_url': 'https://images4-g.ravelrycache.com/uploads/mariewallin/857900788/Iona_small_2_shelved.jpg', 'medium2_url': 'https://images4-g.ravelrycache.com/uploads/mariewallin/857900788/Iona_small_2_medium2.jpg', 'small2_url': 'https://images4-g.ravelrycache.com/uploads/mariewallin/857900788/Iona_small_2_small2.jpg', 'caption': None, 'caption_html': None, 'copyright_holder': None}, {'id': 113160080, 'sort_order': 6, 'user_id': 77442, 'x_offset': 0, 'y_offset': 0, 'square_url': 'https://images4-f.ravelrycache.com/uploads/mariewallin/857900785/Iona_small_1_square.jpg', 'medium_url': 'https://images4-f.ravelrycache.com/uploads/mariewallin/857900785/Iona_small_1_medium.jpg', 'thumbnail_url': 'https://images4-g.ravelrycache.com/uploads/mariewallin/857900785/Iona_small_1_thumbnail.jpg', 'small_url': 'https://images4-f.ravelrycache.com/uploads/mariewallin/857900785/Iona_small_1_small_best_fit.jpg', 'flickr_url': None, 'shelved_url': 'https://images4-g.ravelrycache.com/uploads/mariewallin/857900785/Iona_small_1_shelved.jpg', 'medium2_url': 'https://images4-g.ravelrycache.com/uploads/mariewallin/857900785/Iona_small_1_medium2.jpg', 'small2_url': 'https://images4-f.ravelrycache.com/uploads/mariewallin/857900785/Iona_small_1_small2.jpg', 'caption': None, 'caption_html': None, 'copyright_holder': None}]"
Miss Ziggy Jumper,Jaime Creates,1245790,https://www.ravelry.com/patterns/library/miss-ziggy-jumper,False,https://images4-a.ravelrycache.com/uploads/jaimecreates/857987815/IMG_8594_2_medium2.JPG,Knitting,"['unisex', 'teen', 'adult', 'oversized', 'petite', 'plus', 'tall', 'chevron', 'ribbed', 'textured', 'crew-neck', 'long-sleeve', 'seamless', 'bottom-up', 'positive-ease', 'chart', 'drop-sleeve', 'cuffed-sleeve', 'cropped', 'worked-flat', 'in-the-round', 'captioned-video']",7.0,3.0,True,4.0,chevron seed stitch,pullover,Super Bulky,9,5.0,"XS (S, M, L, XL) (XXL, 3XL, 4XL, 5XL)","[{'id': 113170688, 'sort_order': 1, 'user_id': 9398879, 'x_offset': 0, 'y_offset': -45, 'square_url': 'https://images4-g.ravelrycache.com/uploads/jaimecreates/857987815/IMG_8594_2_square.JPG', 'medium_url': 'https://images4-g.ravelrycache.com/uploads/jaimecreates/857987815/IMG_8594_2_medium.JPG', 'thumbnail_url': 'https://images4-f.ravelrycache.com/uploads/jaimecreates/857987815/IMG_8594_2_thumbnail.JPG', 'small_url': 'https://images4-f.ravelrycache.com/uploads/jaimecreates/857987815/IMG_8594_2_small_best_fit.JPG', 'flickr_url': None, 'shelved_url': 'https://images4-f.ravelrycache.com/uploads/jaimecreates/857987815/IMG_8594_2_shelved.JPG', 'medium2_url': 'https://images4-a.ravelrycache.com/uploads/jaimecreates/857987815/IMG_8594_2_medium2.JPG', 'small2_url': 'https://images4-g.ravelrycache.com/uploads/jaimecreates/857987815/IMG_8594_2_small2.JPG', 'caption': 'knitter @jaime_creates', 'caption_html': 'knitter @jaime_creates', 'copyright_holder': ''}, {'id': 113170689, 'sort_order': 2, 'user_id': 9398879, 'x_offset': 0, 'y_offset': -66, 'square_url': 'https://images4-f.ravelrycache.com/uploads/jaimecreates/857987844/IMG_8483_square.JPG', 'medium_url': 'https://images4-f.ravelrycache.com/uploads/jaimecreates/857987844/IMG_8483_medium.JPG', 'thumbnail_url': 'https://images4-g.ravelrycache.com/uploads/jaimecreates/857987844/IMG_8483_thumbnail.JPG', 'small_url': 'https://images4-g.ravelrycache.com/uploads/jaimecreates/857987844/IMG_8483_small_best_fit.JPG', 'flickr_url': None, 'shelved_url': 'https://images4-f.ravelrycache.com/uploads/jaimecreates/857987844/IMG_8483_shelved.JPG', 'medium2_url': 'https://images4-a.ravelrycache.com/uploads/jaimecreates/857987844/IMG_8483_medium2.JPG', 'small2_url': 'https://images4-f.ravelrycache.com/uploads/jaimecreates/857987844/IMG_8483_small2.JPG', 'caption': 'knitter @jaime_creates', 'caption_html': 'knitter @jaime_creates', 'copyright_holder': ''}, {'id': 113170690, 'sort_order': 3, 'user_id': 9398879, 'x_offset': -5, 'y_offset': -35, 'square_url': 'https://images4-g.ravelrycache.com/uploads/jaimecreates/857987807/9296FD2C-2990-466D-9F7F-BF72B025B129_square.JPG', 'medium_url': 'https://images4-g.ravelrycache.com/uploads/jaimecreates/857987807/9296FD2C-2990-466D-9F7F-BF72B025B129_medium.JPG', 'thumbnail_url': 'https://images4-f.ravelrycache.com/uploads/jaimecreates/857987807/9296FD2C-2990-466D-9F7F-BF72B025B129_thumbnail.JPG', 'small_url': 'https://images4-f.ravelrycache.com/uploads/jaimecreates/857987807/9296FD2C-2990-466D-9F7F-BF72B025B129_small.JPG', 'flickr_url': None, 'shelved_url': 'https://images4-g.ravelrycache.com/uploads/jaimecreates/857987807/9296FD2C-2990-466D-9F7F-BF72B025B129_shelved.JPG', 'medium2_url': 'https://images4-a.ravelrycache.com/uploads/jaimecreates/857987807/9296FD2C-2990-466D-9F7F-BF72B025B129_medium2.JPG', 'small2_url': 'https://images4-g.ravelrycache.com/uploads/jaimecreates/857987807/9296FD2C-2990-466D-9F7F-BF72B025B129_small2.JPG', 'caption': 'knitter [beatificbrenda](/people/beatificbrenda) ', 'caption_html': 'knitter [beatificbrenda](/people/beatificbrenda) ', 'copyright_holder': ''}, {'id': 113170691, 'sort_order': 4, 'user_id': 9398879, 'x_offset': -43, 'y_offset': 0, 'square_url': 'https://images4-f.ravelrycache.com/uploads/jaimecreates/857987811/IMG_4359_square.jpg', 'medium_url': 'https://images4-f.ravelrycache.com/uploads/jaimecreates/857987811/IMG_4359_medium.jpg', 'thumbnail_url': 'https://images4-f.ravelrycache.com/uploads/jaimecreates/857987811/IMG_4359_thumbnail.jpg', 'small_url': 'https://images4-f.ravelrycache.com/uploads/jaimecreates/857987811/IMG_4359_small_best_fit.jpg', 'flickr_url': None, 'shelved_url': 'https://images4-g.ravelrycache.com/uploads/jaimecreates/857987811/IMG_4359_shelved.jpg', 'medium2_url': 'https://images4-a.ravelrycache.com/uploads/jaimecreates/857987811/IMG_4359_medium2.jpg', 'small2_url': 'https://images4-f.ravelrycache.com/uploads/jaimecreates/857987811/IMG_4359_small2.jpg', 'caption': 'knitter @balti.made', 'caption_html': 'knitter @balti.made', 'copyright_holder': ''}, {'id': 113170692, 'sort_order': 5, 'user_id': 9398879, 'x_offset': -5, 'y_offset': -35, 'square_url': 'https://images4-g.ravelrycache.com/uploads/jaimecreates/857987828/Miss_Ziggy__4__square.jpg', 'medium_url': 'https://images4-g.ravelrycache.com/uploads/jaimecreates/857987828/Miss_Ziggy__4__medium.jpg', 'thumbnail_url': 'https://images4-g.ravelrycache.com/uploads/jaimecreates/857987828/Miss_Ziggy__4__thumbnail.jpg', 'small_url': 'https://images4-g.ravelrycache.com/uploads/jaimecreates/857987828/Miss_Ziggy__4__small.jpg', 'flickr_url': None, 'shelved_url': 'https://images4-g.ravelrycache.com/uploads/jaimecreates/857987828/Miss_Ziggy__4__shelved.jpg', 'medium2_url': 'https://images4-a.ravelrycache.com/uploads/jaimecreates/857987828/Miss_Ziggy__4__medium2.jpg', 'small2_url': 'https://images4-g.ravelrycache.com/uploads/jaimecreates/857987828/Miss_Ziggy__4__small2.jpg', 'caption': 'knitter @stacey.knits', 'caption_html': 'knitter @stacey.knits', 'copyright_holder': ''}, {'id': 113170693, 'sort_order': 6, 'user_id': 9398879, 'x_offset': -5, 'y_offset': -35, 'square_url': 'https://images4-g.ravelrycache.com/uploads/jaimecreates/857987822/20220516_092630__2__square.jpg', 'medium_url': 'https://images4-g.ravelrycache.com/uploads/jaimecreates/857987822/20220516_092630__2__medium.jpg', 'thumbnail_url': 'https://images4-g.ravelrycache.com/uploads/jaimecreates/857987822/20220516_092630__2__thumbnail.jpg', 'small_url': 'https://images4-f.ravelrycache.com/uploads/jaimecreates/857987822/20220516_092630__2__small.jpg', 'flickr_url': None, 'shelved_url': 'https://images4-g.ravelrycache.com/uploads/jaimecreates/857987822/20220516_092630__2__shelved.jpg', 'medium2_url': 'https://images4-a.ravelrycache.com/uploads/jaimecreates/857987822/20220516_092630__2__medium2.jpg', 'small2_url': 'https://images4-g.ravelrycache.com/uploads/jaimecreates/857987822/20220516_092630__2__small2.jpg', 'caption': 'knitter [tworiversknitting](/people/tworiversknitting) ', 'caption_html': 'knitter [tworiversknitting](/people/tworiversknitting) ', 'copyright_holder': ''}, {'id': 113170694, 'sort_order': 7, 'user_id': 9398879, 'x_offset': -56, 'y_offset': 0, 'square_url': 'https://images4-f.ravelrycache.com/uploads/jaimecreates/857987857/IMG-0645_square.jpg', 'medium_url': 'https://images4-f.ravelrycache.com/uploads/jaimecreates/857987857/IMG-0645_medium.jpg', 'thumbnail_url': 'https://images4-f.ravelrycache.com/uploads/jaimecreates/857987857/IMG-0645_thumbnail.jpg', 'small_url': 'https://images4-f.ravelrycache.com/uploads/jaimecreates/857987857/IMG-0645_small_best_fit.jpg', 'flickr_url': None, 'shelved_url': 'https://images4-f.ravelrycache.com/uploads/jaimecreates/857987857/IMG-0645_shelved.jpg', 'medium2_url': 'https://images4-a.ravelrycache.com/uploads/jaimecreates/857987857/IMG-0645_medium2.jpg', 'small2_url': 'https://images4-f.ravelrycache.com/uploads/jaimecreates/857987857/IMG-0645_small2.jpg', 'caption': 'knitter @leentjie_knits', 'caption_html': 'knitter @leentjie_knits', 'copyright_holder': ''}, {'id': 113170695, 'sort_order': 8, 'user_id': 9398879, 'x_offset': 0, 'y_offset': 0, 'square_url': 'https://images4-f.ravelrycache.com/uploads/jaimecreates/857987825/IMG_1034_square.jpg', 'medium_url': 'https://images4-f.ravelrycache.com/uploads/jaimecreates/857987825/IMG_1034_medium.jpg', 'thumbnail_url': 'https://images4-f.ravelrycache.com/uploads/jaimecreates/857987825/IMG_1034_thumbnail.jpg', 'small_url': 'https://images4-f.ravelrycache.com/uploads/jaimecreates/857987825/IMG_1034_small_best_fit.jpg', 'flickr_url': None, 'shelved_url': 'https://images4-f.ravelrycache.com/uploads/jaimecreates/857987825/IMG_1034_shelved.jpg', 'medium2_url': 'https://images4-a.ravelrycache.com/uploads/jaimecreates/857987825/IMG_1034_medium2.jpg', 'small2_url': 'https://images4-f.ravelrycache.com/uploads/jaimecreates/857987825/IMG_1034_small2.jpg', 'caption': 'knitter @monniemakes', 'caption_html': 'knitter @monniemakes', 'copyright_holder': ''}, {'id': 113170696, 'sort_order': 9, 'user_id': 9398879, 'x_offset': 0, 'y_offset': -4, 'square_url': 'https://images4-g.ravelrycache.com/uploads/jaimecreates/857987812/IMG_9055_square.jpg', 'medium_url': 'https://images4-g.ravelrycache.com/uploads/jaimecreates/857987812/IMG_9055_medium.jpg', 'thumbnail_url': 'https://images4-f.ravelrycache.com/uploads/jaimecreates/857987812/IMG_9055_thumbnail.jpg', 'small_url': 'https://images4-f.ravelrycache.com/uploads/jaimecreates/857987812/IMG_9055_small_best_fit.jpg', 'flickr_url': None, 'shelved_url': 'https://images4-g.ravelrycache.com/uploads/jaimecreates/857987812/IMG_9055_shelved.jpg', 'medium2_url': 'https://images4-a.ravelrycache.com/uploads/jaimecreates/857987812/IMG_9055_medium2.jpg', 'small2_url': 'https://images4-g.ravelrycache.com/uploads/jaimecreates/857987812/IMG_9055_small2.jpg', 'caption': 'knitter @hensilmukoi', 'caption_html': 'knitter @hensilmukoi', 'copyright_holder': ''}, {'id': 113170697, 'sort_order': 10, 'user_id': 9398879, 'x_offset': 0, 'y_offset': 0, 'square_url': 'https://images4-g.ravelrycache.com/uploads/jaimecreates/857987809/F5AFFE55-321A-44AC-BB75-769F006A49B0_square.JPG', 'medium_url': 'https://images4-g.ravelrycache.com/uploads/jaimecreates/857987809/F5AFFE55-321A-44AC-BB75-769F006A49B0_medium.JPG', 'thumbnail_url': 'https://images4-f.ravelrycache.com/uploads/jaimecreates/857987809/F5AFFE55-321A-44AC-BB75-769F006A49B0_thumbnail.JPG', 'small_url': 'https://images4-g.ravelrycache.com/uploads/jaimecreates/857987809/F5AFFE55-321A-44AC-BB75-769F006A49B0_small_best_fit.JPG', 'flickr_url': None, 'shelved_url': 'https://images4-g.ravelrycache.com/uploads/jaimecreates/857987809/F5AFFE55-321A-44AC-BB75-769F006A49B0_shelved.JPG', 'medium2_url': 'https://images4-a.ravelrycache.com/uploads/jaimecreates/857987809/F5AFFE55-321A-44AC-BB75-769F006A49B0_medium2.JPG', 'small2_url': 'https://images4-g.ravelrycache.com/uploads/jaimecreates/857987809/F5AFFE55-321A-44AC-BB75-769F006A49B0_small2.JPG', 'caption': 'knitter @s.l.f_home', 'caption_html': 'knitter @s.l.f_home', 'copyright_holder': ''}, {'id': 113170698, 'sort_order': 11, 'user_id': 9398879, 'x_offset': -5, 'y_offset': -35, 'square_url': 'https://images4-f.ravelrycache.com/uploads/jaimecreates/857987810/F89AD1AF-F75B-46D7-BB69-9CC0FAC0F0E4_square.JPG', 'medium_url': 'https://images4-f.ravelrycache.com/uploads/jaimecreates/857987810/F89AD1AF-F75B-46D7-BB69-9CC0FAC0F0E4_medium.JPG', 'thumbnail_url': 'https://images4-f.ravelrycache.com/uploads/jaimecreates/857987810/F89AD1AF-F75B-46D7-BB69-9CC0FAC0F0E4_thumbnail.JPG', 'small_url': 'https://images4-g.ravelrycache.com/uploads/jaimecreates/857987810/F89AD1AF-F75B-46D7-BB69-9CC0FAC0F0E4_small.JPG', 'flickr_url': None, 'shelved_url': 'https://images4-g.ravelrycache.com/uploads/jaimecreates/857987810/F89AD1AF-F75B-46D7-BB69-9CC0FAC0F0E4_shelved.JPG', 'medium2_url': 'https://images4-a.ravelrycache.com/uploads/jaimecreates/857987810/F89AD1AF-F75B-46D7-BB69-9CC0FAC0F0E4_medium2.JPG', 'small2_url': 'https://images4-f.ravelrycache.com/uploads/jaimecreates/857987810/F89AD1AF-F75B-46D7-BB69-9CC0FAC0F0E4_small2.JPG', 'caption': 'knitter @kelly.knitts', 'caption_html': 'knitter @kelly.knitts', 'copyright_holder': ''}, {'id': 113170699, 'sort_order': 12, 'user_id': 9398879, 'x_offset': -5, 'y_offset': -35, 'square_url': 'https://images4-g.ravelrycache.com/uploads/jaimecreates/857987808/5A564D8E-D24E-45E8-9424-03B2F5AB6ACC_square.JPG', 'medium_url': 'https://images4-g.ravelrycache.com/uploads/jaimecreates/857987808/5A564D8E-D24E-45E8-9424-03B2F5AB6ACC_medium.JPG', 'thumbnail_url': 'https://images4-g.ravelrycache.com/uploads/jaimecreates/857987808/5A564D8E-D24E-45E8-9424-03B2F5AB6ACC_thumbnail.JPG', 'small_url': 'https://images4-g.ravelrycache.com/uploads/jaimecreates/857987808/5A564D8E-D24E-45E8-9424-03B2F5AB6ACC_small.JPG', 'flickr_url': None, 'shelved_url': 'https://images4-g.ravelrycache.com/uploads/jaimecreates/857987808/5A564D8E-D24E-45E8-9424-03B2F5AB6ACC_shelved.JPG', 'medium2_url': 'https://images4-a.ravelrycache.com/uploads/jaimecreates/857987808/5A564D8E-D24E-45E8-9424-03B2F5AB6ACC_medium2.JPG', 'small2_url': 'https://images4-g.ravelrycache.com/uploads/jaimecreates/857987808/5A564D8E-D24E-45E8-9424-03B2F5AB6ACC_small2.JPG', 'caption': 'knitter @_tonimakes', 'caption_html': 'knitter @_tonimakes', 'copyright_holder': ''}, {'id': 113170700, 'sort_order': 13, 'user_id': 9398879, 'x_offset': -5, 'y_offset': -35, 'square_url': 'https://images4-g.ravelrycache.com/uploads/jaimecreates/857987805/088AC37C-946C-468A-BDF1-0D76DBBC5C87_square.JPG', 'medium_url': 'https://images4-g.ravelrycache.com/uploads/jaimecreates/857987805/088AC37C-946C-468A-BDF1-0D76DBBC5C87_medium.JPG', 'thumbnail_url': 'https://images4-f.ravelrycache.com/uploads/jaimecreates/857987805/088AC37C-946C-468A-BDF1-0D76DBBC5C87_thumbnail.JPG', 'small_url': 'https://images4-f.ravelrycache.com/uploads/jaimecreates/857987805/088AC37C-946C-468A-BDF1-0D76DBBC5C87_small.JPG', 'flickr_url': None, 'shelved_url': 'https://images4-f.ravelrycache.com/uploads/jaimecreates/857987805/088AC37C-946C-468A-BDF1-0D76DBBC5C87_shelved.JPG', 'medium2_url': 'https://images4-a.ravelrycache.com/uploads/jaimecreates/857987805/088AC37C-946C-468A-BDF1-0D76DBBC5C87_medium2.JPG', 'small2_url': 'https://images4-g.ravelrycache.com/uploads/jaimecreates/857987805/088AC37C-946C-468A-BDF1-0D76DBBC5C87_small2.JPG', 'caption': 'knitter @worsted_witch', 'caption_html': 'knitter @worsted_witch', 'copyright_holder': ''}, {'id': 113170701, 'sort_order': 14, 'user_id': 9398879, 'x_offset': -35, 'y_offset': -5, 'square_url': 'https://images4-g.ravelrycache.com/uploads/jaimecreates/857987804/A53C76AB-4A4A-405B-ACA1-907D16176FEC_square.JPG', 'medium_url': 'https://images4-g.ravelrycache.com/uploads/jaimecreates/857987804/A53C76AB-4A4A-405B-ACA1-907D16176FEC_medium.JPG', 'thumbnail_url': 'https://images4-f.ravelrycache.com/uploads/jaimecreates/857987804/A53C76AB-4A4A-405B-ACA1-907D16176FEC_thumbnail.JPG', 'small_url': 'https://images4-g.ravelrycache.com/uploads/jaimecreates/857987804/A53C76AB-4A4A-405B-ACA1-907D16176FEC_small.JPG', 'flickr_url': None, 'shelved_url': 'https://images4-g.ravelrycache.com/uploads/jaimecreates/857987804/A53C76AB-4A4A-405B-ACA1-907D16176FEC_shelved.JPG', 'medium2_url': 'https://images4-a.ravelrycache.com/uploads/jaimecreates/857987804/A53C76AB-4A4A-405B-ACA1-907D16176FEC_medium2.JPG', 'small2_url': 'https://images4-g.ravelrycache.com/uploads/jaimecreates/857987804/A53C76AB-4A4A-405B-ACA1-907D16176FEC_small2.JPG', 'caption': 'knitter @bethanypknits', 'caption_html': 'knitter @bethanypknits', 'copyright_holder': ''}, {'id': 113170702, 'sort_order': 15, 'user_id': 9398879, 'x_offset': -5, 'y_offset': -35, 'square_url': 'https://images4-f.ravelrycache.com/uploads/jaimecreates/857987829/20220530_125448_square.jpg', 'medium_url': 'https://images4-f.ravelrycache.com/uploads/jaimecreates/857987829/20220530_125448_medium.jpg', 'thumbnail_url': 'https://images4-f.ravelrycache.com/uploads/jaimecreates/857987829/20220530_125448_thumbnail.jpg', 'small_url': 'https://images4-g.ravelrycache.com/uploads/jaimecreates/857987829/20220530_125448_small.jpg', 'flickr_url': None, 'shelved_url': 'https://images4-f.ravelrycache.com/uploads/jaimecreates/857987829/20220530_125448_shelved.jpg', 'medium2_url': 'https://images4-a.ravelrycache.com/uploads/jaimecreates/857987829/20220530_125448_medium2.jpg', 'small2_url': 'https://images4-f.ravelrycache.com/uploads/jaimecreates/857987829/20220530_125448_small2.jpg', 'caption': 'knitter @samm.y.knits', 'caption_html': 'knitter @samm.y.knits', 'copyright_holder': ''}]"
Sinead,Marie Wallin,1245860,https://www.ravelry.com/patterns/library/sinead-5,False,https://images4-f.ravelrycache.com/uploads/mariewallin/858011898/Sinead_small_5_medium2.jpg,Knitting,"['female', 'adult', 'oversized', 'seamed', 'boat-neck', 'long-sleeve', 'stranded', 'bottom-up', 'positive-ease', 'chart', 'written-pattern', 'drop-sleeve', 'worked-flat']",28.0,0.0,True,4.0,Patterned stocking stitch,pullover,Fingering,11,0.0,"S, M, L, XL, XXL","[{'id': 113173730, 'sort_order': 1, 'user_id': 77442, 'x_offset': 0, 'y_offset': 0, 'square_url': 'https://images4-f.ravelrycache.com/uploads/mariewallin/858011898/Sinead_small_5_square.jpg', 'medium_url': 'https://images4-f.ravelrycache.com/uploads/mariewallin/858011898/Sinead_small_5_medium.jpg', 'thumbnail_url': 'https://images4-g.ravelrycache.com/uploads/mariewallin/858011898/Sinead_small_5_thumbnail.jpg', 'small_url': 'https://images4-f.ravelrycache.com/uploads/mariewallin/858011898/Sinead_small_5_small_best_fit.jpg', 'flickr_url': None, 'shelved_url': 'https://images4-g.ravelrycache.com/uploads/mariewallin/858011898/Sinead_small_5_shelved.jpg', 'medium2_url': 'https://images4-f.ravelrycache.com/uploads/mariewallin/858011898/Sinead_small_5_medium2.jpg', 'small2_url': 'https://images4-f.ravelrycache.com/uploads/mariewallin/858011898/Sinead_small_5_small2.jpg', 'caption': None, 'caption_html': None, 'copyright_holder': None}, {'id': 113173731, 'sort_order': 2, 'user_id': 77442, 'x_offset': 0, 'y_offset': 0, 'square_url': 'https://images4-g.ravelrycache.com/uploads/mariewallin/858011901/Sinead_small_4_square.jpg', 'medium_url': 'https://images4-g.ravelrycache.com/uploads/mariewallin/858011901/Sinead_small_4_medium.jpg', 'thumbnail_url': 'https://images4-f.ravelrycache.com/uploads/mariewallin/858011901/Sinead_small_4_thumbnail.jpg', 'small_url': 'https://images4-g.ravelrycache.com/uploads/mariewallin/858011901/Sinead_small_4_small_best_fit.jpg', 'flickr_url': None, 'shelved_url': 'https://images4-f.ravelrycache.com/uploads/mariewallin/858011901/Sinead_small_4_shelved.jpg', 'medium2_url': 'https://images4-f.ravelrycache.com/uploads/mariewallin/858011901/Sinead_small_4_medium2.jpg', 'small2_url': 'https://images4-g.ravelrycache.com/uploads/mariewallin/858011901/Sinead_small_4_small2.jpg', 'caption': None, 'caption_html': None, 'copyright_holder': None}, {'id': 113173732, 'sort_order': 3, 'user_id': 77442, 'x_offset': 0, 'y_offset': 0, 'square_url': 'https://images4-f.ravelrycache.com/uploads/mariewallin/858011900/Sinead_small_3_square.jpg', 'medium_url': 'https://images4-f.ravelrycache.com/uploads/mariewallin/858011900/Sinead_small_3_medium.jpg', 'thumbnail_url': 'https://images4-g.ravelrycache.com/uploads/mariewallin/858011900/Sinead_small_3_thumbnail.jpg', 'small_url': 'https://images4-g.ravelrycache.com/uploads/mariewallin/858011900/Sinead_small_3_small_best_fit.jpg', 'flickr_url': None, 'shelved_url': 'https://images4-g.ravelrycache.com/uploads/mariewallin/858011900/Sinead_small_3_shelved.jpg', 'medium2_url': 'https://images4-f.ravelrycache.com/uploads/mariewallin/858011900/Sinead_small_3_medium2.jpg', 'small2_url': 'https://images4-f.ravelrycache.com/uploads/mariewallin/858011900/Sinead_small_3_small2.jpg', 'caption': None, 'caption_html': None, 'copyright_holder': None}, {'id': 113173733, 'sort_order': 4, 'user_id': 77442, 'x_offset': 0, 'y_offset': 0, 'square_url': 'https://images4-g.ravelrycache.com/uploads/mariewallin/858011899/Sinead_small_1_square.jpg', 'medium_url': 'https://images4-g.ravelrycache.com/uploads/mariewallin/858011899/Sinead_small_1_medium.jpg', 'thumbnail_url': 'https://images4-g.ravelrycache.com/uploads/mariewallin/858011899/Sinead_small_1_thumbnail.jpg', 'small_url': 'https://images4-f.ravelrycache.com/uploads/mariewallin/858011899/Sinead_small_1_small_best_fit.jpg', 'flickr_url': None, 'shelved_url': 'https://images4-g.ravelrycache.com/uploads/mariewallin/858011899/Sinead_small_1_shelved.jpg', 'medium2_url': 'https://images4-g.ravelrycache.com/uploads/mariewallin/858011899/Sinead_small_1_medium2.jpg', 'small2_url': 'https://images4-g.ravelrycache.com/uploads/mariewallin/858011899/Sinead_small_1_small2.jpg', 'caption': None, 'caption_html': None, 'copyright_holder': None}, {'id': 113173734, 'sort_order': 5, 'user_id': 77442, 'x_offset': 0, 'y_offset': 0, 'square_url': 'https://images4-g.ravelrycache.com/uploads/mariewallin/858011902/Sinead_small_2_square.jpg', 'medium_url': 'https://images4-g.ravelrycache.com/uploads/mariewallin/858011902/Sinead_small_2_medium.jpg', 'thumbnail_url': 'https://images4-g.ravelrycache.com/uploads/mariewallin/858011902/Sinead_small_2_thumbnail.jpg', 'small_url': 'https://images4-f.ravelrycache.com/uploads/mariewallin/858011902/Sinead_small_2_small_best_fit.jpg', 'flickr_url': None, 'shelved_url': 'https://images4-g.ravelrycache.com/uploads/mariewallin/858011902/Sinead_small_2_shelved.jpg', 'medium2_url': 'https://images4-f.ravelrycache.com/uploads/mariewallin/858011902/Sinead_small_2_medium2.jpg', 'small2_url': 'https://images4-g.ravelrycache.com/uploads/mariewallin/858011902/Sinead_small_2_small2.jpg', 'caption': None, 'caption_html': None, 'copyright_holder': None}]"
Bowness,Marie Wallin,1245869,https://www.ravelry.com/patterns/library/bowness-2,False,https://images4-g.ravelrycache.com/uploads/mariewallin/858015115/Bowness_small_1_medium2.jpg,Knitting,"['female', 'adult', 'fitted', 'cables', 'seamed', 'crew-neck', 'long-sleeve', 'set-in-sleeve', 'aline', 'peplum', 'bottom-up', 'positive-ease', 'chart', 'written-pattern', 'worked-flat', 'twisted-stitches']",25.0,0.0,True,4.0,"Based on a reverse stocking stitch tension but over a combination of reverse stocking stitch and patterns, there will be 40 rows to 10cm.",pullover,Fingering,11,0.0,"S, M, L, XL, XXL, 2XL, 3XL","[{'id': 113174126, 'sort_order': 1, 'user_id': 77442, 'x_offset': 0, 'y_offset': 0, 'square_url': 'https://images4-g.ravelrycache.com/uploads/mariewallin/858015115/Bowness_small_1_square.jpg', 'medium_url': 'https://images4-g.ravelrycache.com/uploads/mariewallin/858015115/Bowness_small_1_medium.jpg', 'thumbnail_url': 'https://images4-g.ravelrycache.com/uploads/mariewallin/858015115/Bowness_small_1_thumbnail.jpg', 'small_url': 'https://images4-g.ravelrycache.com/uploads/mariewallin/858015115/Bowness_small_1_small_best_fit.jpg', 'flickr_url': None, 'shelved_url': 'https://images4-g.ravelrycache.com/uploads/mariewallin/858015115/Bowness_small_1_shelved.jpg', 'medium2_url': 'https://images4-g.ravelrycache.com/uploads/mariewallin/858015115/Bowness_small_1_medium2.jpg', 'small2_url': 'https://images4-g.ravelrycache.com/uploads/mariewallin/858015115/Bowness_small_1_small2.jpg', 'caption': None, 'caption_html': None, 'copyright_holder': None}, {'id': 113174127, 'sort_order': 2, 'user_id': 77442, 'x_offset': 0, 'y_offset': 0, 'square_url': 'https://images4-f.ravelrycache.com/uploads/mariewallin/858015116/Bowness_small_4_square.jpg', 'medium_url': 'https://images4-f.ravelrycache.com/uploads/mariewallin/858015116/Bowness_small_4_medium.jpg', 'thumbnail_url': 'https://images4-g.ravelrycache.com/uploads/mariewallin/858015116/Bowness_small_4_thumbnail.jpg', 'small_url': 'https://images4-g.ravelrycache.com/uploads/mariewallin/858015116/Bowness_small_4_small_best_fit.jpg', 'flickr_url': None, 'shelved_url': 'https://images4-g.ravelrycache.com/uploads/mariewallin/858015116/Bowness_small_4_shelved.jpg', 'medium2_url': 'https://images4-f.ravelrycache.com/uploads/mariewallin/858015116/Bowness_small_4_medium2.jpg', 'small2_url': 'https://images4-f.ravelrycache.com/uploads/mariewallin/858015116/Bowness_small_4_small2.jpg', 'caption': None, 'caption_html': None, 'copyright_holder': None}, {'id': 113174128, 'sort_order': 3, 'user_id': 77442, 'x_offset': 0, 'y_offset': 0, 'square_url': 'https://images4-f.ravelrycache.com/uploads/mariewallin/858015117/Bowness_small_2_square.jpg', 'medium_url': 'https://images4-f.ravelrycache.com/uploads/mariewallin/858015117/Bowness_small_2_medium.jpg', 'thumbnail_url': 'https://images4-g.ravelrycache.com/uploads/mariewallin/858015117/Bowness_small_2_thumbnail.jpg', 'small_url': 'https://images4-g.ravelrycache.com/uploads/mariewallin/858015117/Bowness_small_2_small_best_fit.jpg', 'flickr_url': None, 'shelved_url': 'https://images4-f.ravelrycache.com/uploads/mariewallin/858015117/Bowness_small_2_shelved.jpg', 'medium2_url': 'https://images4-f.ravelrycache.com/uploads/mariewallin/858015117/Bowness_small_2_medium2.jpg', 'small2_url': 'https://images4-f.ravelrycache.com/uploads/mariewallin/858015117/Bowness_small_2_small2.jpg', 'caption': None, 'caption_html': None, 'copyright_holder': None}, {'id': 113174129, 'sort_order': 4, 'user_id': 77442, 'x_offset': 0, 'y_offset': 0, 'square_url': 'https://images4-g.ravelrycache.com/uploads/mariewallin/858015114/Bowness_small_3_square.jpg', 'medium_url': 'https://images4-g.ravelrycache.com/uploads/mariewallin/858015114/Bowness_small_3_medium.jpg', 'thumbnail_url': 'https://images4-g.ravelrycache.com/uploads/mariewallin/858015114/Bowness_small_3_thumbnail.jpg', 'small_url': 'https://images4-g.ravelrycache.com/uploads/mariewallin/858015114/Bowness_small_3_small_best_fit.jpg', 'flickr_url': None, 'shelved_url': 'https://images4-g.ravelrycache.com/uploads/mariewallin/858015114/Bowness_small_3_shelved.jpg', 'medium2_url': 'https://images4-f.ravelrycache.com/uploads/mariewallin/858015114/Bowness_small_3_medium2.jpg', 'small2_url': 'https://images4-g.ravelrycache.com/uploads/mariewallin/858015114/Bowness_small_3_small2.jpg', 'caption': None, 'caption_html': None, 'copyright_holder': None}]"
Lingmoor,Marie Wallin,1245926,https://www.ravelry.com/patterns/library/lingmoor-2,False,https://images4-f.ravelrycache.com/uploads/mariewallin/858037197/Lingmoor_small_2_medium2.jpg,Knitting,"['female', 'adult', 'fitted', 'seamed', 'crew-neck', 'long-sleeve', 'set-in-sleeve', 'stranded', 'bottom-up', 'positive-ease', 'chart', 'written-pattern', 'worked-flat']",28.0,0.0,True,4.0,Patterned stocking stitch,pullover,Fingering,7,5.0,"S, M, L, XL, XXL, 2XL, 3XL","[{'id': 113176964, 'sort_order': 1, 'user_id': 77442, 'x_offset': 0, 'y_offset': 0, 'square_url': 'https://images4-f.ravelrycache.com/uploads/mariewallin/858037197/Lingmoor_small_2_square.jpg', 'medium_url': 'https://images4-f.ravelrycache.com/uploads/mariewallin/858037197/Lingmoor_small_2_medium.jpg', 'thumbnail_url': 'https://images4-g.ravelrycache.com/uploads/mariewallin/858037197/Lingmoor_small_2_thumbnail.jpg', 'small_url': 'https://images4-f.ravelrycache.com/uploads/mariewallin/858037197/Lingmoor_small_2_small_best_fit.jpg', 'flickr_url': None, 'shelved_url': 'https://images4-g.ravelrycache.com/uploads/mariewallin/858037197/Lingmoor_small_2_shelved.jpg', 'medium2_url': 'https://images4-f.ravelrycache.com/uploads/mariewallin/858037197/Lingmoor_small_2_medium2.jpg', 'small2_url': 'https://images4-f.ravelrycache.com/uploads/mariewallin/858037197/Lingmoor_small_2_small2.jpg', 'caption': None, 'caption_html': None, 'copyright_holder': None}, {'id': 113176963, 'sort_order': 2, 'user_id': 77442, 'x_offset': 0, 'y_offset': 0, 'square_url': 'https://images4-f.ravelrycache.com/uploads/mariewallin/858037198/Lingmoor_small_3_square.jpg', 'medium_url': 'https://images4-f.ravelrycache.com/uploads/mariewallin/858037198/Lingmoor_small_3_medium.jpg', 'thumbnail_url': 'https://images4-f.ravelrycache.com/uploads/mariewallin/858037198/Lingmoor_small_3_thumbnail.jpg', 'small_url': 'https://images4-g.ravelrycache.com/uploads/mariewallin/858037198/Lingmoor_small_3_small_best_fit.jpg', 'flickr_url': None, 'shelved_url': 'https://images4-g.ravelrycache.com/uploads/mariewallin/858037198/Lingmoor_small_3_shelved.jpg', 'medium2_url': 'https://images4-f.ravelrycache.com/uploads/mariewallin/858037198/Lingmoor_small_3_medium2.jpg', 'small2_url': 'https://images4-f.ravelrycache.com/uploads/mariewallin/858037198/Lingmoor_small_3_small2.jpg', 'caption': None, 'caption_html': None, 'copyright_holder': None}, {'id': 113176965, 'sort_order': 3, 'user_id': 77442, 'x_offset': 0, 'y_offset': 0, 'square_url': 'https://images4-g.ravelrycache.com/uploads/mariewallin/858037200/Lingmoor_small_1_square.jpg', 'medium_url': 'https://images4-g.ravelrycache.com/uploads/mariewallin/858037200/Lingmoor_small_1_medium.jpg', 'thumbnail_url': 'https://images4-g.ravelrycache.com/uploads/mariewallin/858037200/Lingmoor_small_1_thumbnail.jpg', 'small_url': 'https://images4-g.ravelrycache.com/uploads/mariewallin/858037200/Lingmoor_small_1_small_best_fit.jpg', 'flickr_url': None, 'shelved_url': 'https://images4-g.ravelrycache.com/uploads/mariewallin/858037200/Lingmoor_small_1_shelved.jpg', 'medium2_url': 'https://images4-g.ravelrycache.com/uploads/mariewallin/858037200/Lingmoor_small_1_medium2.jpg', 'small2_url': 'https://images4-g.ravelrycache.com/uploads/mariewallin/858037200/Lingmoor_small_1_small2.jpg', 'caption': None, 'caption_html': None, 'copyright_holder': None}, {'id': 113176966, 'sort_order': 4, 'user_id': 77442, 'x_offset': 0, 'y_offset': 0, 'square_url': 'https://images4-g.ravelrycache.com/uploads/mariewallin/858037196/Lingmoor_small_4_square.jpg', 'medium_url': 'https://images4-g.ravelrycache.com/uploads/mariewallin/858037196/Lingmoor_small_4_medium.jpg', 'thumbnail_url': 'https://images4-g.ravelrycache.com/uploads/mariewallin/858037196/Lingmoor_small_4_thumbnail.jpg', 'small_url': 'https://images4-f.ravelrycache.com/uploads/mariewallin/858037196/Lingmoor_small_4_small_best_fit.jpg', 'flickr_url': None, 'shelved_url': 'https://images4-f.ravelrycache.com/uploads/mariewallin/858037196/Lingmoor_small_4_shelved.jpg', 'medium2_url': 'https://images4-g.ravelrycache.com/uploads/mariewallin/858037196/Lingmoor_small_4_medium2.jpg', 'small2_url': 'https://images4-g.ravelrycache.com/uploads/mariewallin/858037196/Lingmoor_small_4_small2.jpg', 'caption': None, 'caption_html': None, 'copyright_holder': None}]"
Funnel Cake,Espace Tricot,1245927,https://www.ravelry.com/patterns/library/funnel-cake,False,https://images4-a.ravelrycache.com/uploads/EspaceTricot/858037699/funnelcake_back_medium2.jpg,Knitting,"['female', 'teen', 'adult', 'plus', 'circular-yoke', 'turtleneck', '3-4-sleeve', 'straight', 'seamless', 'top-down', 'positive-ease', 'written-pattern', 'funnel-neck', 'in-the-round', 'schematic']",18.0,2.0,True,4.0,"Stockinette, after blocking with yarns held together",pullover,DK,20,5.0,"1 (2, 3, 4) (5, 6, 7, 8) (9, 10, 11) / 34.5 (37.25, 40, 42.5) (45.25, 48, 50.5, 53) (56, 58.5, 61.25)"" at bust","[{'id': 113177037, 'sort_order': 1, 'user_id': 211652, 'x_offset': 0, 'y_offset': 0, 'square_url': 'https://images4-f.ravelrycache.com/uploads/EspaceTricot/858037699/funnelcake_back_square.jpg', 'medium_url': 'https://images4-f.ravelrycache.com/uploads/EspaceTricot/858037699/funnelcake_back_medium.jpg', 'thumbnail_url': 'https://images4-f.ravelrycache.com/uploads/EspaceTricot/858037699/funnelcake_back_thumbnail.jpg', 'small_url': 'https://images4-g.ravelrycache.com/uploads/EspaceTricot/858037699/funnelcake_back_small_best_fit.jpg', 'flickr_url': None, 'shelved_url': 'https://images4-f.ravelrycache.com/uploads/EspaceTricot/858037699/funnelcake_back_shelved.jpg', 'medium2_url': 'https://images4-a.ravelrycache.com/uploads/EspaceTricot/858037699/funnelcake_back_medium2.jpg', 'small2_url': 'https://images4-f.ravelrycache.com/uploads/EspaceTricot/858037699/funnelcake_back_small2.jpg', 'caption': None, 'caption_html': None, 'copyright_holder': None}, {'id': 113177038, 'sort_order': 2, 'user_id': 211652, 'x_offset': 0, 'y_offset': 0, 'square_url': 'https://images4-f.ravelrycache.com/uploads/EspaceTricot/858037697/funnelcake_front_square.jpg', 'medium_url': 'https://images4-f.ravelrycache.com/uploads/EspaceTricot/858037697/funnelcake_front_medium.jpg', 'thumbnail_url': 'https://images4-f.ravelrycache.com/uploads/EspaceTricot/858037697/funnelcake_front_thumbnail.jpg', 'small_url': 'https://images4-g.ravelrycache.com/uploads/EspaceTricot/858037697/funnelcake_front_small_best_fit.jpg', 'flickr_url': None, 'shelved_url': 'https://images4-f.ravelrycache.com/uploads/EspaceTricot/858037697/funnelcake_front_shelved.jpg', 'medium2_url': 'https://images4-a.ravelrycache.com/uploads/EspaceTricot/858037697/funnelcake_front_medium2.jpg', 'small2_url': 'https://images4-f.ravelrycache.com/uploads/EspaceTricot/858037697/funnelcake_front_small2.jpg', 'caption': None, 'caption_html': None, 'copyright_holder': None}, {'id': 113177039, 'sort_order': 3, 'user_id': 211652, 'x_offset': 0, 'y_offset': 0, 'square_url': 'https://images4-f.ravelrycache.com/uploads/EspaceTricot/858037698/backyoke_square.jpg', 'medium_url': 'https://images4-f.ravelrycache.com/uploads/EspaceTricot/858037698/backyoke_medium.jpg', 'thumbnail_url': 'https://images4-f.ravelrycache.com/uploads/EspaceTricot/858037698/backyoke_thumbnail.jpg', 'small_url': 'https://images4-g.ravelrycache.com/uploads/EspaceTricot/858037698/backyoke_small_best_fit.jpg', 'flickr_url': None, 'shelved_url': 'https://images4-g.ravelrycache.com/uploads/EspaceTricot/858037698/backyoke_shelved.jpg', 'medium2_url': 'https://images4-a.ravelrycache.com/uploads/EspaceTricot/858037698/backyoke_medium2.jpg', 'small2_url': 'https://images4-f.ravelrycache.com/uploads/EspaceTricot/858037698/backyoke_small2.jpg', 'caption': None, 'caption_html': None, 'copyright_holder': None}, {'id': 113177040, 'sort_order': 4, 'user_id': 211652, 'x_offset': 0, 'y_offset': 0, 'square_url': 'https://images4-g.ravelrycache.com/uploads/EspaceTricot/858037702/funnelcakefrontside_square.jpg', 'medium_url': 'https://images4-g.ravelrycache.com/uploads/EspaceTricot/858037702/funnelcakefrontside_medium.jpg', 'thumbnail_url': 'https://images4-f.ravelrycache.com/uploads/EspaceTricot/858037702/funnelcakefrontside_thumbnail.jpg', 'small_url': 'https://images4-f.ravelrycache.com/uploads/EspaceTricot/858037702/funnelcakefrontside_small_best_fit.jpg', 'flickr_url': None, 'shelved_url': 'https://images4-g.ravelrycache.com/uploads/EspaceTricot/858037702/funnelcakefrontside_shelved.jpg', 'medium2_url': 'https://images4-a.ravelrycache.com/uploads/EspaceTricot/858037702/funnelcakefrontside_medium2.jpg', 'small2_url': 'https://images4-g.ravelrycache.com/uploads/EspaceTricot/858037702/funnelcakefrontside_small2.jpg', 'caption': None, 'caption_html': None, 'copyright_holder': None}]"
Dagny raglan sweater,Sabina Bergman,1246977,https://www.ravelry.com/patterns/library/dagny-raglan-sweater,False,https://images4-a.ravelrycache.com/uploads/Stickarinna/858820528/IMG_4767_2_medium2.jpg,Knitting,"['adult', 'oversized', 'short-rows', 'top-down', 'written-pattern', 'in-the-round']",20.0,0.0,True,4.0,Stockinette stitch,pullover,DK,9,0.0,XS (S) M (L) XL (XXL),"[{'id': 113273849, 'sort_order': 1, 'user_id': 6271337, 'x_offset': -5, 'y_offset': -35, 'square_url': 'https://images4-f.ravelrycache.com/uploads/Stickarinna/858820528/IMG_4767_2_square.jpg', 'medium_url': 'https://images4-f.ravelrycache.com/uploads/Stickarinna/858820528/IMG_4767_2_medium.jpg', 'thumbnail_url': 'https://images4-f.ravelrycache.com/uploads/Stickarinna/858820528/IMG_4767_2_thumbnail.jpg', 'small_url': 'https://images4-g.ravelrycache.com/uploads/Stickarinna/858820528/IMG_4767_2_small.jpg', 'flickr_url': None, 'shelved_url': 'https://images4-g.ravelrycache.com/uploads/Stickarinna/858820528/IMG_4767_2_shelved.jpg', 'medium2_url': 'https://images4-a.ravelrycache.com/uploads/Stickarinna/858820528/IMG_4767_2_medium2.jpg', 'small2_url': 'https://images4-f.ravelrycache.com/uploads/Stickarinna/858820528/IMG_4767_2_small2.jpg', 'caption': None, 'caption_html': None, 'copyright_holder': None}, {'id': 113273850, 'sort_order': 2, 'user_id': 6271337, 'x_offset': -5, 'y_offset': -35, 'square_url': 'https://images4-g.ravelrycache.com/uploads/Stickarinna/857984437/IMG_4790_square.jpg', 'medium_url': 'https://images4-g.ravelrycache.com/uploads/Stickarinna/857984437/IMG_4790_medium.jpg', 'thumbnail_url': 'https://images4-f.ravelrycache.com/uploads/Stickarinna/857984437/IMG_4790_thumbnail.jpg', 'small_url': 'https://images4-g.ravelrycache.com/uploads/Stickarinna/857984437/IMG_4790_small.jpg', 'flickr_url': None, 'shelved_url': 'https://images4-g.ravelrycache.com/uploads/Stickarinna/857984437/IMG_4790_shelved.jpg', 'medium2_url': 'https://images4-a.ravelrycache.com/uploads/Stickarinna/857984437/IMG_4790_medium2.jpg', 'small2_url': 'https://images4-g.ravelrycache.com/uploads/Stickarinna/857984437/IMG_4790_small2.jpg', 'caption': None, 'caption_html': None, 'copyright_holder': None}, {'id': 113273851, 'sort_order': 3, 'user_id': 6271337, 'x_offset': -5, 'y_offset': -35, 'square_url': 'https://images4-f.ravelrycache.com/uploads/Stickarinna/858820585/IMG_3721_square.jpg', 'medium_url': 'https://images4-f.ravelrycache.com/uploads/Stickarinna/858820585/IMG_3721_medium.jpg', 'thumbnail_url': 'https://images4-f.ravelrycache.com/uploads/Stickarinna/858820585/IMG_3721_thumbnail.jpg', 'small_url': 'https://images4-f.ravelrycache.com/uploads/Stickarinna/858820585/IMG_3721_small.jpg', 'flickr_url': None, 'shelved_url': 'https://images4-g.ravelrycache.com/uploads/Stickarinna/858820585/IMG_3721_shelved.jpg', 'medium2_url': 'https://images4-a.ravelrycache.com/uploads/Stickarinna/858820585/IMG_3721_medium2.jpg', 'small2_url': 'https://images4-f.ravelrycache.com/uploads/Stickarinna/858820585/IMG_3721_small2.jpg', 'caption': None, 'caption_html': None, 'copyright_holder': None}, {'id': 113273852, 'sort_order': 4, 'user_id': 6271337, 'x_offset': -5, 'y_offset': -35, 'square_url': 'https://images4-g.ravelrycache.com/uploads/Stickarinna/857984389/IMG_3791_square.jpg', 'medium_url': 'https://images4-g.ravelrycache.com/uploads/Stickarinna/857984389/IMG_3791_medium.jpg', 'thumbnail_url': 'https://images4-f.ravelrycache.com/uploads/Stickarinna/857984389/IMG_3791_thumbnail.jpg', 'small_url': 'https://images4-f.ravelrycache.com/uploads/Stickarinna/857984389/IMG_3791_small.jpg', 'flickr_url': None, 'shelved_url': 'https://images4-g.ravelrycache.com/uploads/Stickarinna/857984389/IMG_3791_shelved.jpg', 'medium2_url': 'https://images4-a.ravelrycache.com/uploads/Stickarinna/857984389/IMG_3791_medium2.jpg', 'small2_url': 'https://images4-g.ravelrycache.com/uploads/Stickarinna/857984389/IMG_3791_small2.jpg', 'caption': None, 'caption_html': None, 'copyright_holder': None}, {'id': 113273853, 'sort_order': 5, 'user_id': 6271337, 'x_offset': -5, 'y_offset': -35, 'square_url': 'https://images4-g.ravelrycache.com/uploads/Stickarinna/857984411/IMG_3885_square.jpg', 'medium_url': 'https://images4-g.ravelrycache.com/uploads/Stickarinna/857984411/IMG_3885_medium.jpg', 'thumbnail_url': 'https://images4-g.ravelrycache.com/uploads/Stickarinna/857984411/IMG_3885_thumbnail.jpg', 'small_url': 'https://images4-g.ravelrycache.com/uploads/Stickarinna/857984411/IMG_3885_small.jpg', 'flickr_url': None, 'shelved_url': 'https://images4-g.ravelrycache.com/uploads/Stickarinna/857984411/IMG_3885_shelved.jpg', 'medium2_url': 'https://images4-a.ravelrycache.com/uploads/Stickarinna/857984411/IMG_3885_medium2.jpg', 'small2_url': 'https://images4-g.ravelrycache.com/uploads/Stickarinna/857984411/IMG_3885_small2.jpg', 'caption': None, 'caption_html': None, 'copyright_holder': None}, {'id': 113273854, 'sort_order': 6, 'user_id': 6271337, 'x_offset': -5, 'y_offset': -35, 'square_url': 'https://images4-f.ravelrycache.com/uploads/Stickarinna/857984453/IMG_4804_square.jpg', 'medium_url': 'https://images4-f.ravelrycache.com/uploads/Stickarinna/857984453/IMG_4804_medium.jpg', 'thumbnail_url': 'https://images4-g.ravelrycache.com/uploads/Stickarinna/857984453/IMG_4804_thumbnail.jpg', 'small_url': 'https://images4-g.ravelrycache.com/uploads/Stickarinna/857984453/IMG_4804_small.jpg', 'flickr_url': None, 'shelved_url': 'https://images4-f.ravelrycache.com/uploads/Stickarinna/857984453/IMG_4804_shelved.jpg', 'medium2_url': 'https://images4-a.ravelrycache.com/uploads/Stickarinna/857984453/IMG_4804_medium2.jpg', 'small2_url': 'https://images4-f.ravelrycache.com/uploads/Stickarinna/857984453/IMG_4804_small2.jpg', 'caption': None, 'caption_html': None, 'copyright_holder': None}, {'id': 113273855, 'sort_order': 7, 'user_id': 6271337, 'x_offset': -5, 'y_offset': -35, 'square_url': 'https://images4-g.ravelrycache.com/uploads/Stickarinna/856929621/IMG_3295_square.jpg', 'medium_url': 'https://images4-g.ravelrycache.com/uploads/Stickarinna/856929621/IMG_3295_medium.jpg', 'thumbnail_url': 'https://images4-g.ravelrycache.com/uploads/Stickarinna/856929621/IMG_3295_thumbnail.jpg', 'small_url': 'https://images4-g.ravelrycache.com/uploads/Stickarinna/856929621/IMG_3295_small.jpg', 'flickr_url': None, 'shelved_url': 'https://images4-f.ravelrycache.com/uploads/Stickarinna/856929621/IMG_3295_shelved.jpg', 'medium2_url': 'https://images4-a.ravelrycache.com/uploads/Stickarinna/856929621/IMG_3295_medium2.jpg', 'small2_url': 'https://images4-g.ravelrycache.com/uploads/Stickarinna/856929621/IMG_3295_small2.jpg', 'caption': None, 'caption_html': None, 'copyright_holder': None}, {'id': 113273856, 'sort_order': 8, 'user_id': 6271337, 'x_offset': -5, 'y_offset': -35, 'square_url': 'https://images4-g.ravelrycache.com/uploads/Stickarinna/857984318/IMG_3189_square.jpg', 'medium_url': 'https://images4-g.ravelrycache.com/uploads/Stickarinna/857984318/IMG_3189_medium.jpg', 'thumbnail_url': 'https://images4-f.ravelrycache.com/uploads/Stickarinna/857984318/IMG_3189_thumbnail.jpg', 'small_url': 'https://images4-f.ravelrycache.com/uploads/Stickarinna/857984318/IMG_3189_small.jpg', 'flickr_url': None, 'shelved_url': 'https://images4-g.ravelrycache.com/uploads/Stickarinna/857984318/IMG_3189_shelved.jpg', 'medium2_url': 'https://images4-a.ravelrycache.com/uploads/Stickarinna/857984318/IMG_3189_medium2.jpg', 'small2_url': 'https://images4-g.ravelrycache.com/uploads/Stickarinna/857984318/IMG_3189_small2.jpg', 'caption': None, 'caption_html': None, 'copyright_holder': None}, {'id': 113273857, 'sort_order': 9, 'user_id': 6271337, 'x_offset': 0, 'y_offset': -21, 'square_url': 'https://images4-g.ravelrycache.com/uploads/Stickarinna/857984289/IMG_2614_square.jpg', 'medium_url': 'https://images4-g.ravelrycache.com/uploads/Stickarinna/857984289/IMG_2614_medium.jpg', 'thumbnail_url': 'https://images4-g.ravelrycache.com/uploads/Stickarinna/857984289/IMG_2614_thumbnail.jpg', 'small_url': 'https://images4-f.ravelrycache.com/uploads/Stickarinna/857984289/IMG_2614_small_best_fit.jpg', 'flickr_url': None, 'shelved_url': 'https://images4-g.ravelrycache.com/uploads/Stickarinna/857984289/IMG_2614_shelved.jpg', 'medium2_url': 'https://images4-a.ravelrycache.com/uploads/Stickarinna/857984289/IMG_2614_medium2.jpg', 'small2_url': 'https://images4-g.ravelrycache.com/uploads/Stickarinna/857984289/IMG_2614_small2.jpg', 'caption': None, 'caption_html': None, 'copyright_holder': None}, {'id': 113273858, 'sort_order': 10, 'user_id': 6271337, 'x_offset': -5, 'y_offset': -35, 'square_url': 'https://images4-f.ravelrycache.com/uploads/Stickarinna/857984229/IMG_0412_square.jpg', 'medium_url': 'https://images4-f.ravelrycache.com/uploads/Stickarinna/857984229/IMG_0412_medium.jpg', 'thumbnail_url': 'https://images4-g.ravelrycache.com/uploads/Stickarinna/857984229/IMG_0412_thumbnail.jpg', 'small_url': 'https://images4-g.ravelrycache.com/uploads/Stickarinna/857984229/IMG_0412_small.jpg', 'flickr_url': None, 'shelved_url': 'https://images4-g.ravelrycache.com/uploads/Stickarinna/857984229/IMG_0412_shelved.jpg', 'medium2_url': 'https://images4-a.ravelrycache.com/uploads/Stickarinna/857984229/IMG_0412_medium2.jpg', 'small2_url': 'https://images4-f.ravelrycache.com/uploads/Stickarinna/857984229/IMG_0412_small2.jpg', 'caption': None, 'caption_html': None, 'copyright_holder': None}, {'id': 113273859, 'sort_order': 11, 'user_id': 6271337, 'x_offset': -5, 'y_offset': -35, 'square_url': 'https://images4-g.ravelrycache.com/uploads/Stickarinna/857984138/IMG_2961_square.jpg', 'medium_url': 'https://images4-g.ravelrycache.com/uploads/Stickarinna/857984138/IMG_2961_medium.jpg', 'thumbnail_url': 'https://images4-g.ravelrycache.com/uploads/Stickarinna/857984138/IMG_2961_thumbnail.jpg', 'small_url': 'https://images4-f.ravelrycache.com/uploads/Stickarinna/857984138/IMG_2961_small.jpg', 'flickr_url': None, 'shelved_url': 'https://images4-f.ravelrycache.com/uploads/Stickarinna/857984138/IMG_2961_shelved.jpg', 'medium2_url': 'https://images4-a.ravelrycache.com/uploads/Stickarinna/857984138/IMG_2961_medium2.jpg', 'small2_url': 'https://images4-g.ravelrycache.com/uploads/Stickarinna/857984138/IMG_2961_small2.jpg', 'caption': None, 'caption_html': None, 'copyright_holder': None}]"
Laidback Pullover,Sandi Rosner,1247125,https://www.ravelry.com/patterns/library/laidback-pullover,True,https://images4-a.ravelrycache.com/uploads/KPStaff/858941056/upload_medium2,Knitting,"['ribbed', 'textured', 'seamless', 'top-down', 'in-the-round']",17.0,0.0,True,4.0,"Stockinette Stitch  using larger needles, blocked",pullover,Worsted,6,0.0,"28.25 (32, 36.75, 40.5, 44.25)(48, 52.75, 57.5, 61.25,  64)""","[{'id': 113288362, 'sort_order': 1, 'user_id': 65419, 'x_offset': -1, 'y_offset': -26, 'square_url': 'https://images4-f.ravelrycache.com/uploads/KPStaff/858941056/upload_square', 'medium_url': 'https://images4-g.ravelrycache.com/uploads/KPStaff/858941056/upload_medium', 'thumbnail_url': 'https://images4-g.ravelrycache.com/uploads/KPStaff/858941056/upload_thumbnail', 'small_url': 'https://images4-f.ravelrycache.com/uploads/KPStaff/858941056/upload_small_best_fit', 'flickr_url': None, 'shelved_url': 'https://images4-f.ravelrycache.com/uploads/KPStaff/858941056/upload_shelved', 'medium2_url': 'https://images4-a.ravelrycache.com/uploads/KPStaff/858941056/upload_medium2', 'small2_url': 'https://images4-f.ravelrycache.com/uploads/KPStaff/858941056/upload_small2', 'caption': None, 'caption_html': None, 'copyright_holder': 'Knit Picks'}]"
Amsonia,Berroco Design Team,1247251,https://www.ravelry.com/patterns/library/amsonia-2,True,https://images4-a.ravelrycache.com/uploads/AsaMiaKnits/859019999/Amsonia-1_medium2.jpg,Knitting,"['plus', 'mesh', 'seamed', 'crew-neck', 'sleeves', 'long-sleeve', 'bottom-up', 'written-pattern', 'worked-flat', 'schematic', 'female', 'teen', 'adult', 'positive-ease', 'drop-sleeve']",21.0,2.3333333333333335,True,4.0,Pattern Stitch,pullover,DK,17,4.333333333333333,"Bust: 36, 40, 44, 48, 52, 56, 60, 64, 68"" / 91.5, 101.5, 112, 123, 132, 142, 152.5, 162.5, 172.5cm","[{'id': 113298186, 'sort_order': 1, 'user_id': 6140882, 'x_offset': -6, 'y_offset': -13, 'square_url': 'https://images4-f.ravelrycache.com/uploads/AsaMiaKnits/859019999/Amsonia-1_square.jpg', 'medium_url': 'https://images4-f.ravelrycache.com/uploads/AsaMiaKnits/859019999/Amsonia-1_medium.jpg', 'thumbnail_url': 'https://images4-f.ravelrycache.com/uploads/AsaMiaKnits/859019999/Amsonia-1_thumbnail.jpg', 'small_url': 'https://images4-f.ravelrycache.com/uploads/AsaMiaKnits/859019999/Amsonia-1_small.jpg', 'flickr_url': None, 'shelved_url': 'https://images4-f.ravelrycache.com/uploads/AsaMiaKnits/859019999/Amsonia-1_shelved.jpg', 'medium2_url': 'https://images4-a.ravelrycache.com/uploads/AsaMiaKnits/859019999/Amsonia-1_medium2.jpg', 'small2_url': 'https://images4-f.ravelrycache.com/uploads/AsaMiaKnits/859019999/Amsonia-1_small2.jpg', 'caption': None, 'caption_html': None, 'copyright_holder': 'Berroco, Inc.'}, {'id': 113298187, 'sort_order': 2, 'user_id': 6140882, 'x_offset': -2, 'y_offset': -28, 'square_url': 'https://images4-g.ravelrycache.com/uploads/AsaMiaKnits/859019989/Amsonia-2_square.jpg', 'medium_url': 'https://images4-g.ravelrycache.com/uploads/AsaMiaKnits/859019989/Amsonia-2_medium.jpg', 'thumbnail_url': 'https://images4-g.ravelrycache.com/uploads/AsaMiaKnits/859019989/Amsonia-2_thumbnail.jpg', 'small_url': 'https://images4-f.ravelrycache.com/uploads/AsaMiaKnits/859019989/Amsonia-2_small.jpg', 'flickr_url': None, 'shelved_url': 'https://images4-g.ravelrycache.com/uploads/AsaMiaKnits/859019989/Amsonia-2_shelved.jpg', 'medium2_url': 'https://images4-a.ravelrycache.com/uploads/AsaMiaKnits/859019989/Amsonia-2_medium2.jpg', 'small2_url': 'https://images4-g.ravelrycache.com/uploads/AsaMiaKnits/859019989/Amsonia-2_small2.jpg', 'caption': None, 'caption_html': None, 'copyright_holder': 'Berroco, Inc.'}, {'id': 113298188, 'sort_order': 3, 'user_id': 6140882, 'x_offset': -7, 'y_offset': -23, 'square_url': 'https://images4-g.ravelrycache.com/uploads/AsaMiaKnits/859019975/Amsonia-3_square.jpg', 'medium_url': 'https://images4-g.ravelrycache.com/uploads/AsaMiaKnits/859019975/Amsonia-3_medium.jpg', 'thumbnail_url': 'https://images4-f.ravelrycache.com/uploads/AsaMiaKnits/859019975/Amsonia-3_thumbnail.jpg', 'small_url': 'https://images4-f.ravelrycache.com/uploads/AsaMiaKnits/859019975/Amsonia-3_small.jpg', 'flickr_url': None, 'shelved_url': 'https://images4-f.ravelrycache.com/uploads/AsaMiaKnits/859019975/Amsonia-3_shelved.jpg', 'medium2_url': 'https://images4-a.ravelrycache.com/uploads/AsaMiaKnits/859019975/Amsonia-3_medium2.jpg', 'small2_url': 'https://images4-g.ravelrycache.com/uploads/AsaMiaKnits/859019975/Amsonia-3_small2.jpg', 'caption': None, 'caption_html': None, 'copyright_holder': 'Berroco, Inc.'}, {'id': 113298189, 'sort_order': 4, 'user_id': 6140882, 'x_offset': -5, 'y_offset': -35, 'square_url': 'https://images4-f.ravelrycache.com/uploads/AsaMiaKnits/859019965/Amsonia-4_square.jpg', 'medium_url': 'https://images4-f.ravelrycache.com/uploads/AsaMiaKnits/859019965/Amsonia-4_medium.jpg', 'thumbnail_url': 'https://images4-g.ravelrycache.com/uploads/AsaMiaKnits/859019965/Amsonia-4_thumbnail.jpg', 'small_url': 'https://images4-f.ravelrycache.com/uploads/AsaMiaKnits/859019965/Amsonia-4_small.jpg', 'flickr_url': None, 'shelved_url': 'https://images4-f.ravelrycache.com/uploads/AsaMiaKnits/859019965/Amsonia-4_shelved.jpg', 'medium2_url': 'https://images4-a.ravelrycache.com/uploads/AsaMiaKnits/859019965/Amsonia-4_medium2.jpg', 'small2_url': 'https://images4-f.ravelrycache.com/uploads/AsaMiaKnits/859019965/Amsonia-4_small2.jpg', 'caption': None, 'caption_html': None, 'copyright_holder': 'Berroco, Inc.'}]"
Knud's Sweater,Marianne Isager,1247272,https://www.ravelry.com/patterns/library/knuds-sweater,False,https://images4-a.ravelrycache.com/uploads/Isageryarn/859027924/Knud_Herre_MI_web_medium2.jpg,Knitting,"['male', 'unisex', 'adult', 'mosaic', 'written-pattern']",18.0,0.0,True,4.0,,pullover,DK,5,4.333333333333333,"S (M, L, XL)","[{'id': 113299203, 'sort_order': 1, 'user_id': 9293088, 'x_offset': 0, 'y_offset': -39, 'square_url': 'https://images4-f.ravelrycache.com/uploads/Isageryarn/859027924/Knud_Herre_MI_web_square.jpg', 'medium_url': 'https://images4-f.ravelrycache.com/uploads/Isageryarn/859027924/Knud_Herre_MI_web_medium.jpg', 'thumbnail_url': 'https://images4-f.ravelrycache.com/uploads/Isageryarn/859027924/Knud_Herre_MI_web_thumbnail.jpg', 'small_url': 'https://images4-g.ravelrycache.com/uploads/Isageryarn/859027924/Knud_Herre_MI_web_small_best_fit.jpg', 'flickr_url': None, 'shelved_url': 'https://images4-g.ravelrycache.com/uploads/Isageryarn/859027924/Knud_Herre_MI_web_shelved.jpg', 'medium2_url': 'https://images4-a.ravelrycache.com/uploads/Isageryarn/859027924/Knud_Herre_MI_web_medium2.jpg', 'small2_url': 'https://images4-f.ravelrycache.com/uploads/Isageryarn/859027924/Knud_Herre_MI_web_small2.jpg', 'caption': None, 'caption_html': None, 'copyright_holder': None}]"
Ruke Twins sweater,Neringa Ruke,1247333,https://www.ravelry.com/patterns/library/ruke-twins-sweater,False,https://images4-a.ravelrycache.com/uploads/rukeofficial/930023529/ruke-twins-sweater_medium2.jpg,Knitting,"['unisex', 'child', 'crew-neck', 'long-sleeve', 'raglan-sleeve', 'one-piece', 'seamless', 'top-down', 'positive-ease', 'written-pattern', 'video-tutorial', 'cuffed-sleeve', 'in-the-round', 'schematic', 'male', 'female']",15.0,0.0,True,4.0, in Stockinette stitch pattern after washing.,child,Bulky,3,0.0,128 (134) 140 to be worn with 15-17cm (6-7in) positive ease. Shown in size 134.,"[{'id': 122088211, 'sort_order': 1, 'user_id': 6902658, 'x_offset': -5, 'y_offset': -35, 'square_url': 'https://images4-f.ravelrycache.com/uploads/rukeofficial/930023529/ruke-twins-sweater_square.jpg', 'medium_url': 'https://images4-g.ravelrycache.com/uploads/rukeofficial/930023529/ruke-twins-sweater_medium.jpg', 'thumbnail_url': 'https://images4-f.ravelrycache.com/uploads/rukeofficial/930023529/ruke-twins-sweater_thumbnail.jpg', 'small_url': 'https://images4-f.ravelrycache.com/uploads/rukeofficial/930023529/ruke-twins-sweater_small.jpg', 'flickr_url': None, 'shelved_url': 'https://images4-g.ravelrycache.com/uploads/rukeofficial/930023529/ruke-twins-sweater_shelved.jpg', 'medium2_url': 'https://images4-a.ravelrycache.com/uploads/rukeofficial/930023529/ruke-twins-sweater_medium2.jpg', 'small2_url': 'https://images4-f.ravelrycache.com/uploads/rukeofficial/930023529/ruke-twins-sweater_small2.jpg', 'caption': None, 'caption_html': None, 'copyright_holder': None}, {'id': 122088210, 'sort_order': 2, 'user_id': 6902658, 'x_offset': -5, 'y_offset': -35, 'square_url': 'https://images4-f.ravelrycache.com/uploads/rukeofficial/930023530/twins-sweater-knitting-pattern_square.jpg', 'medium_url': 'https://images4-g.ravelrycache.com/uploads/rukeofficial/930023530/twins-sweater-knitting-pattern_medium.jpg', 'thumbnail_url': 'https://images4-f.ravelrycache.com/uploads/rukeofficial/930023530/twins-sweater-knitting-pattern_thumbnail.jpg', 'small_url': 'https://images4-g.ravelrycache.com/uploads/rukeofficial/930023530/twins-sweater-knitting-pattern_small.jpg', 'flickr_url': None, 'shelved_url': 'https://images4-g.ravelrycache.com/uploads/rukeofficial/930023530/twins-sweater-knitting-pattern_shelved.jpg', 'medium2_url': 'https://images4-a.ravelrycache.com/uploads/rukeofficial/930023530/twins-sweater-knitting-pattern_medium2.jpg', 'small2_url': 'https://images4-f.ravelrycache.com/uploads/rukeofficial/930023530/twins-sweater-knitting-pattern_small2.jpg', 'caption': None, 'caption_html': None, 'copyright_holder': None}, {'id': 122088209, 'sort_order': 3, 'user_id': 6902658, 'x_offset': -5, 'y_offset': -35, 'square_url': 'https://images4-f.ravelrycache.com/uploads/rukeofficial/930023528/ruke-twins-sweater-knitting-pattern-rukeknit_square.jpg', 'medium_url': 'https://images4-g.ravelrycache.com/uploads/rukeofficial/930023528/ruke-twins-sweater-knitting-pattern-rukeknit_medium.jpg', 'thumbnail_url': 'https://images4-f.ravelrycache.com/uploads/rukeofficial/930023528/ruke-twins-sweater-knitting-pattern-rukeknit_thumbnail.jpg', 'small_url': 'https://images4-f.ravelrycache.com/uploads/rukeofficial/930023528/ruke-twins-sweater-knitting-pattern-rukeknit_small.jpg', 'flickr_url': None, 'shelved_url': 'https://images4-g.ravelrycache.com/uploads/rukeofficial/930023528/ruke-twins-sweater-knitting-pattern-rukeknit_shelved.jpg', 'medium2_url': 'https://images4-a.ravelrycache.com/uploads/rukeofficial/930023528/ruke-twins-sweater-knitting-pattern-rukeknit_medium2.jpg', 'small2_url': 'https://images4-f.ravelrycache.com/uploads/rukeofficial/930023528/ruke-twins-sweater-knitting-pattern-rukeknit_small2.jpg', 'caption': None, 'caption_html': None, 'copyright_holder': None}, {'id': 113304177, 'sort_order': 4, 'user_id': 6902658, 'x_offset': 0, 'y_offset': -43, 'square_url': 'https://images4-g.ravelrycache.com/uploads/rukeofficial/859067915/twins-sweater-knitting-pattern_square.jpg', 'medium_url': 'https://images4-g.ravelrycache.com/uploads/rukeofficial/859067915/twins-sweater-knitting-pattern_medium.jpg', 'thumbnail_url': 'https://images4-f.ravelrycache.com/uploads/rukeofficial/859067915/twins-sweater-knitting-pattern_thumbnail.jpg', 'small_url': 'https://images4-f.ravelrycache.com/uploads/rukeofficial/859067915/twins-sweater-knitting-pattern_small_best_fit.jpg', 'flickr_url': None, 'shelved_url': 'https://images4-f.ravelrycache.com/uploads/rukeofficial/859067915/twins-sweater-knitting-pattern_shelved.jpg', 'medium2_url': 'https://images4-a.ravelrycache.com/uploads/rukeofficial/859067915/twins-sweater-knitting-pattern_medium2.jpg', 'small2_url': 'https://images4-g.ravelrycache.com/uploads/rukeofficial/859067915/twins-sweater-knitting-pattern_small2.jpg', 'caption': None, 'caption_html': None, 'copyright_holder': None}, {'id': 113304178, 'sort_order': 5, 'user_id': 6902658, 'x_offset': 0, 'y_offset': -43, 'square_url': 'https://images4-g.ravelrycache.com/uploads/rukeofficial/859067911/knitting-pattern-for-ruke-twins-sweater_square.jpg', 'medium_url': 'https://images4-g.ravelrycache.com/uploads/rukeofficial/859067911/knitting-pattern-for-ruke-twins-sweater_medium.jpg', 'thumbnail_url': 'https://images4-f.ravelrycache.com/uploads/rukeofficial/859067911/knitting-pattern-for-ruke-twins-sweater_thumbnail.jpg', 'small_url': 'https://images4-g.ravelrycache.com/uploads/rukeofficial/859067911/knitting-pattern-for-ruke-twins-sweater_small_best_fit.jpg', 'flickr_url': None, 'shelved_url': 'https://images4-f.ravelrycache.com/uploads/rukeofficial/859067911/knitting-pattern-for-ruke-twins-sweater_shelved.jpg', 'medium2_url': 'https://images4-a.ravelrycache.com/uploads/rukeofficial/859067911/knitting-pattern-for-ruke-twins-sweater_medium2.jpg', 'small2_url': 'https://images4-g.ravelrycache.com/uploads/rukeofficial/859067911/knitting-pattern-for-ruke-twins-sweater_small2.jpg', 'caption': None, 'caption_html': None, 'copyright_holder': None}, {'id': 113304179, 'sort_order': 6, 'user_id': 6902658, 'x_offset': 0, 'y_offset': -43, 'square_url': 'https://images4-f.ravelrycache.com/uploads/rukeofficial/859067916/ruke-twins-sweater_square.jpg', 'medium_url': 'https://images4-f.ravelrycache.com/uploads/rukeofficial/859067916/ruke-twins-sweater_medium.jpg', 'thumbnail_url': 'https://images4-f.ravelrycache.com/uploads/rukeofficial/859067916/ruke-twins-sweater_thumbnail.jpg', 'small_url': 'https://images4-f.ravelrycache.com/uploads/rukeofficial/859067916/ruke-twins-sweater_small_best_fit.jpg', 'flickr_url': None, 'shelved_url': 'https://images4-g.ravelrycache.com/uploads/rukeofficial/859067916/ruke-twins-sweater_shelved.jpg', 'medium2_url': 'https://images4-a.ravelrycache.com/uploads/rukeofficial/859067916/ruke-twins-sweater_medium2.jpg', 'small2_url': 'https://images4-f.ravelrycache.com/uploads/rukeofficial/859067916/ruke-twins-sweater_small2.jpg', 'caption': None, 'caption_html': None, 'copyright_holder': None}, {'id': 113304180, 'sort_order': 7, 'user_id': 6902658, 'x_offset': 0, 'y_offset': -43, 'square_url': 'https://images4-g.ravelrycache.com/uploads/rukeofficial/859067917/ruke-twins-sweater-knitting-pattern_square.jpg', 'medium_url': 'https://images4-g.ravelrycache.com/uploads/rukeofficial/859067917/ruke-twins-sweater-knitting-pattern_medium.jpg', 'thumbnail_url': 'https://images4-f.ravelrycache.com/uploads/rukeofficial/859067917/ruke-twins-sweater-knitting-pattern_thumbnail.jpg', 'small_url': 'https://images4-f.ravelrycache.com/uploads/rukeofficial/859067917/ruke-twins-sweater-knitting-pattern_small_best_fit.jpg', 'flickr_url': None, 'shelved_url': 'https://images4-g.ravelrycache.com/uploads/rukeofficial/859067917/ruke-twins-sweater-knitting-pattern_shelved.jpg', 'medium2_url': 'https://images4-a.ravelrycache.com/uploads/rukeofficial/859067917/ruke-twins-sweater-knitting-pattern_medium2.jpg', 'small2_url': 'https://images4-g.ravelrycache.com/uploads/rukeofficial/859067917/ruke-twins-sweater-knitting-pattern_small2.jpg', 'caption': None, 'caption_html': None, 'copyright_holder': None}, {'id': 113304181, 'sort_order': 8, 'user_id': 6902658, 'x_offset': 0, 'y_offset': -43, 'square_url': 'https://images4-g.ravelrycache.com/uploads/rukeofficial/859067914/ruke-twins-sweater-knitting-patterns-ruke-knit-tutorial_square.jpg', 'medium_url': 'https://images4-g.ravelrycache.com/uploads/rukeofficial/859067914/ruke-twins-sweater-knitting-patterns-ruke-knit-tutorial_medium.jpg', 'thumbnail_url': 'https://images4-g.ravelrycache.com/uploads/rukeofficial/859067914/ruke-twins-sweater-knitting-patterns-ruke-knit-tutorial_thumbnail.jpg', 'small_url': 'https://images4-f.ravelrycache.com/uploads/rukeofficial/859067914/ruke-twins-sweater-knitting-patterns-ruke-knit-tutorial_small_best_fit.jpg', 'flickr_url': None, 'shelved_url': 'https://images4-g.ravelrycache.com/uploads/rukeofficial/859067914/ruke-twins-sweater-knitting-patterns-ruke-knit-tutorial_shelved.jpg', 'medium2_url': 'https://images4-a.ravelrycache.com/uploads/rukeofficial/859067914/ruke-twins-sweater-knitting-patterns-ruke-knit-tutorial_medium2.jpg', 'small2_url': 'https://images4-g.ravelrycache.com/uploads/rukeofficial/859067914/ruke-twins-sweater-knitting-patterns-ruke-knit-tutorial_small2.jpg', 'caption': None, 'caption_html': None, 'copyright_holder': None}]"
Garter Pullover,Lisa Chemery,1247700,https://www.ravelry.com/patterns/library/garter-pullover,False,https://images4-a.ravelrycache.com/uploads/frogginette/859303054/eIMG_2843_medium2.jpg,Knitting,"['unisex', 'baby', 'toddler', 'child', 'crew-neck', 'bottom-up', 'positive-ease', 'written-pattern', 'drop-sleeve', 'in-the-round', 'schematic']",22.0,2.6,True,4.0,garter stitch in the round,child,Sport,21,4.6,"3mo (6mo, 12mo, 18mo // 2yo, 4yo, 6yo, 8yo, 10yo)","[{'id': 113334980, 'sort_order': 1, 'user_id': 103001, 'x_offset': -5, 'y_offset': -35, 'square_url': 'https://images4-g.ravelrycache.com/uploads/frogginette/859303054/eIMG_2843_square.jpg', 'medium_url': 'https://images4-g.ravelrycache.com/uploads/frogginette/859303054/eIMG_2843_medium.jpg', 'thumbnail_url': 'https://images4-f.ravelrycache.com/uploads/frogginette/859303054/eIMG_2843_thumbnail.jpg', 'small_url': 'https://images4-g.ravelrycache.com/uploads/frogginette/859303054/eIMG_2843_small.jpg', 'flickr_url': None, 'shelved_url': 'https://images4-g.ravelrycache.com/uploads/frogginette/859303054/eIMG_2843_shelved.jpg', 'medium2_url': 'https://images4-a.ravelrycache.com/uploads/frogginette/859303054/eIMG_2843_medium2.jpg', 'small2_url': 'https://images4-g.ravelrycache.com/uploads/frogginette/859303054/eIMG_2843_small2.jpg', 'caption': None, 'caption_html': None, 'copyright_holder': None}, {'id': 113334981, 'sort_order': 2, 'user_id': 103001, 'x_offset': 0, 'y_offset': -19, 'square_url': 'https://images4-f.ravelrycache.com/uploads/frogginette/859303053/eIMG_2843_detail_square.jpeg', 'medium_url': 'https://images4-f.ravelrycache.com/uploads/frogginette/859303053/eIMG_2843_detail_medium.jpeg', 'thumbnail_url': 'https://images4-g.ravelrycache.com/uploads/frogginette/859303053/eIMG_2843_detail_thumbnail.jpeg', 'small_url': 'https://images4-g.ravelrycache.com/uploads/frogginette/859303053/eIMG_2843_detail_small_best_fit.jpeg', 'flickr_url': None, 'shelved_url': 'https://images4-f.ravelrycache.com/uploads/frogginette/859303053/eIMG_2843_detail_shelved.jpeg', 'medium2_url': 'https://images4-a.ravelrycache.com/uploads/frogginette/859303053/eIMG_2843_detail_medium2.jpeg', 'small2_url': 'https://images4-f.ravelrycache.com/uploads/frogginette/859303053/eIMG_2843_detail_small2.jpeg', 'caption': None, 'caption_html': None, 'copyright_holder': None}, {'id': 113356914, 'sort_order': 3, 'user_id': 5461278, 'x_offset': 0, 'y_offset': 0, 'square_url': 'https://images4-f.ravelrycache.com/uploads/alisoncuteknits/854582426/WIN_20220511_13_59_13_Pro_square.jpg', 'medium_url': 'https://images4-f.ravelrycache.com/uploads/alisoncuteknits/854582426/WIN_20220511_13_59_13_Pro_medium.jpg', 'thumbnail_url': 'https://images4-g.ravelrycache.com/uploads/alisoncuteknits/854582426/WIN_20220511_13_59_13_Pro_thumbnail.jpg', 'small_url': 'https://images4-f.ravelrycache.com/uploads/alisoncuteknits/854582426/WIN_20220511_13_59_13_Pro_small_best_fit.jpg', 'flickr_url': None, 'shelved_url': 'https://images4-g.ravelrycache.com/uploads/alisoncuteknits/854582426/WIN_20220511_13_59_13_Pro_shelved.jpg', 'medium2_url': 'https://images4-a.ravelrycache.com/uploads/alisoncuteknits/854582426/WIN_20220511_13_59_13_Pro_medium2.jpg', 'small2_url': 'https://images4-f.ravelrycache.com/uploads/alisoncuteknits/854582426/WIN_20220511_13_59_13_Pro_small2.jpg', 'caption': None, 'caption_html': None, 'copyright_holder': None}]"
Good Good sweater,Veera Välimäki,1247798,https://www.ravelry.com/patterns/library/good-good-sweater,False,https://images4-a.ravelrycache.com/uploads/veera/859301727/WN7A3577_medium2.jpg,Knitting,"['adult', 'oversized', 'ribbed', 'v-neck', 'long-sleeve', 'straight', 'one-piece', 'seamless', 'short-rows', 'top-down', 'positive-ease', 'written-pattern', 'schematic']",16.0,3.0,True,4.0,"Stockinette Stitch, using larger needles, after blocking",pullover,DK,24,4.625,"1 (2, 3, 4, 5) (6, 7, 8, 9)","[{'id': 113339572, 'sort_order': 1, 'user_id': 131789, 'x_offset': -1, 'y_offset': -83, 'square_url': 'https://images4-f.ravelrycache.com/uploads/veera/859301727/WN7A3577_square.jpg', 'medium_url': 'https://images4-f.ravelrycache.com/uploads/veera/859301727/WN7A3577_medium.jpg', 'thumbnail_url': 'https://images4-g.ravelrycache.com/uploads/veera/859301727/WN7A3577_thumbnail.jpg', 'small_url': 'https://images4-f.ravelrycache.com/uploads/veera/859301727/WN7A3577_small_best_fit.jpg', 'flickr_url': None, 'shelved_url': 'https://images4-f.ravelrycache.com/uploads/veera/859301727/WN7A3577_shelved.jpg', 'medium2_url': 'https://images4-a.ravelrycache.com/uploads/veera/859301727/WN7A3577_medium2.jpg', 'small2_url': 'https://images4-f.ravelrycache.com/uploads/veera/859301727/WN7A3577_small2.jpg', 'caption': None, 'caption_html': None, 'copyright_holder': None}, {'id': 113339573, 'sort_order': 2, 'user_id': 131789, 'x_offset': 0, 'y_offset': -43, 'square_url': 'https://images4-g.ravelrycache.com/uploads/veera/859301725/WN7A3684_square.jpg', 'medium_url': 'https://images4-g.ravelrycache.com/uploads/veera/859301725/WN7A3684_medium.jpg', 'thumbnail_url': 'https://images4-g.ravelrycache.com/uploads/veera/859301725/WN7A3684_thumbnail.jpg', 'small_url': 'https://images4-g.ravelrycache.com/uploads/veera/859301725/WN7A3684_small_best_fit.jpg', 'flickr_url': None, 'shelved_url': 'https://images4-g.ravelrycache.com/uploads/veera/859301725/WN7A3684_shelved.jpg', 'medium2_url': 'https://images4-a.ravelrycache.com/uploads/veera/859301725/WN7A3684_medium2.jpg', 'small2_url': 'https://images4-g.ravelrycache.com/uploads/veera/859301725/WN7A3684_small2.jpg', 'caption': None, 'caption_html': None, 'copyright_holder': None}, {'id': 113339574, 'sort_order': 3, 'user_id': 131789, 'x_offset': 0, 'y_offset': -43, 'square_url': 'https://images4-f.ravelrycache.com/uploads/veera/859301739/WN7A3556_square.jpg', 'medium_url': 'https://images4-f.ravelrycache.com/uploads/veera/859301739/WN7A3556_medium.jpg', 'thumbnail_url': 'https://images4-g.ravelrycache.com/uploads/veera/859301739/WN7A3556_thumbnail.jpg', 'small_url': 'https://images4-f.ravelrycache.com/uploads/veera/859301739/WN7A3556_small_best_fit.jpg', 'flickr_url': None, 'shelved_url': 'https://images4-f.ravelrycache.com/uploads/veera/859301739/WN7A3556_shelved.jpg', 'medium2_url': 'https://images4-a.ravelrycache.com/uploads/veera/859301739/WN7A3556_medium2.jpg', 'small2_url': 'https://images4-f.ravelrycache.com/uploads/veera/859301739/WN7A3556_small2.jpg', 'caption': None, 'caption_html': None, 'copyright_holder': None}, {'id': 113339575, 'sort_order': 4, 'user_id': 131789, 'x_offset': 0, 'y_offset': -43, 'square_url': 'https://images4-g.ravelrycache.com/uploads/veera/859301730/WN7A3675_square.jpg', 'medium_url': 'https://images4-g.ravelrycache.com/uploads/veera/859301730/WN7A3675_medium.jpg', 'thumbnail_url': 'https://images4-g.ravelrycache.com/uploads/veera/859301730/WN7A3675_thumbnail.jpg', 'small_url': 'https://images4-f.ravelrycache.com/uploads/veera/859301730/WN7A3675_small_best_fit.jpg', 'flickr_url': None, 'shelved_url': 'https://images4-g.ravelrycache.com/uploads/veera/859301730/WN7A3675_shelved.jpg', 'medium2_url': 'https://images4-a.ravelrycache.com/uploads/veera/859301730/WN7A3675_medium2.jpg', 'small2_url': 'https://images4-g.ravelrycache.com/uploads/veera/859301730/WN7A3675_small2.jpg', 'caption': None, 'caption_html': None, 'copyright_holder': None}, {'id': 113339576, 'sort_order': 5, 'user_id': 131789, 'x_offset': -43, 'y_offset': 0, 'square_url': 'https://images4-g.ravelrycache.com/uploads/veera/859301724/WN7A3510_square.jpg', 'medium_url': 'https://images4-g.ravelrycache.com/uploads/veera/859301724/WN7A3510_medium.jpg', 'thumbnail_url': 'https://images4-f.ravelrycache.com/uploads/veera/859301724/WN7A3510_thumbnail.jpg', 'small_url': 'https://images4-f.ravelrycache.com/uploads/veera/859301724/WN7A3510_small_best_fit.jpg', 'flickr_url': None, 'shelved_url': 'https://images4-g.ravelrycache.com/uploads/veera/859301724/WN7A3510_shelved.jpg', 'medium2_url': 'https://images4-a.ravelrycache.com/uploads/veera/859301724/WN7A3510_medium2.jpg', 'small2_url': 'https://images4-g.ravelrycache.com/uploads/veera/859301724/WN7A3510_small2.jpg', 'caption': None, 'caption_html': None, 'copyright_holder': None}, {'id': 113339577, 'sort_order': 6, 'user_id': 131789, 'x_offset': 0, 'y_offset': -43, 'square_url': 'https://images4-g.ravelrycache.com/uploads/veera/859301738/WN7A3566_square.jpg', 'medium_url': 'https://images4-g.ravelrycache.com/uploads/veera/859301738/WN7A3566_medium.jpg', 'thumbnail_url': 'https://images4-f.ravelrycache.com/uploads/veera/859301738/WN7A3566_thumbnail.jpg', 'small_url': 'https://images4-g.ravelrycache.com/uploads/veera/859301738/WN7A3566_small_best_fit.jpg', 'flickr_url': None, 'shelved_url': 'https://images4-f.ravelrycache.com/uploads/veera/859301738/WN7A3566_shelved.jpg', 'medium2_url': 'https://images4-a.ravelrycache.com/uploads/veera/859301738/WN7A3566_medium2.jpg', 'small2_url': 'https://images4-g.ravelrycache.com/uploads/veera/859301738/WN7A3566_small2.jpg', 'caption': None, 'caption_html': None, 'copyright_holder': None}, {'id': 113339578, 'sort_order': 7, 'user_id': 131789, 'x_offset': 0, 'y_offset': -43, 'square_url': 'https://images4-g.ravelrycache.com/uploads/veera/859301729/WN7A3520_square.jpg', 'medium_url': 'https://images4-g.ravelrycache.com/uploads/veera/859301729/WN7A3520_medium.jpg', 'thumbnail_url': 'https://images4-f.ravelrycache.com/uploads/veera/859301729/WN7A3520_thumbnail.jpg', 'small_url': 'https://images4-f.ravelrycache.com/uploads/veera/859301729/WN7A3520_small_best_fit.jpg', 'flickr_url': None, 'shelved_url': 'https://images4-g.ravelrycache.com/uploads/veera/859301729/WN7A3520_shelved.jpg', 'medium2_url': 'https://images4-a.ravelrycache.com/uploads/veera/859301729/WN7A3520_medium2.jpg', 'small2_url': 'https://images4-g.ravelrycache.com/uploads/veera/859301729/WN7A3520_small2.jpg', 'caption': None, 'caption_html': None, 'copyright_holder': None}, {'id': 113339579, 'sort_order': 8, 'user_id': 131789, 'x_offset': 0, 'y_offset': -43, 'square_url': 'https://images4-g.ravelrycache.com/uploads/veera/859301732/WN7A3563_square.jpg', 'medium_url': 'https://images4-g.ravelrycache.com/uploads/veera/859301732/WN7A3563_medium.jpg', 'thumbnail_url': 'https://images4-g.ravelrycache.com/uploads/veera/859301732/WN7A3563_thumbnail.jpg', 'small_url': 'https://images4-g.ravelrycache.com/uploads/veera/859301732/WN7A3563_small_best_fit.jpg', 'flickr_url': None, 'shelved_url': 'https://images4-f.ravelrycache.com/uploads/veera/859301732/WN7A3563_shelved.jpg', 'medium2_url': 'https://images4-a.ravelrycache.com/uploads/veera/859301732/WN7A3563_medium2.jpg', 'small2_url': 'https://images4-g.ravelrycache.com/uploads/veera/859301732/WN7A3563_small2.jpg', 'caption': None, 'caption_html': None, 'copyright_holder': None}, {'id': 113339580, 'sort_order': 9, 'user_id': 131789, 'x_offset': 0, 'y_offset': -43, 'square_url': 'https://images4-f.ravelrycache.com/uploads/veera/859301728/WN7A3514_square.jpg', 'medium_url': 'https://images4-f.ravelrycache.com/uploads/veera/859301728/WN7A3514_medium.jpg', 'thumbnail_url': 'https://images4-g.ravelrycache.com/uploads/veera/859301728/WN7A3514_thumbnail.jpg', 'small_url': 'https://images4-g.ravelrycache.com/uploads/veera/859301728/WN7A3514_small_best_fit.jpg', 'flickr_url': None, 'shelved_url': 'https://images4-f.ravelrycache.com/uploads/veera/859301728/WN7A3514_shelved.jpg', 'medium2_url': 'https://images4-a.ravelrycache.com/uploads/veera/859301728/WN7A3514_medium2.jpg', 'small2_url': 'https://images4-f.ravelrycache.com/uploads/veera/859301728/WN7A3514_small2.jpg', 'caption': None, 'caption_html': None, 'copyright_holder': None}, {'id': 113339581, 'sort_order': 10, 'user_id': 131789, 'x_offset': 0, 'y_offset': -43, 'square_url': 'https://images4-g.ravelrycache.com/uploads/veera/859301726/WN7A3512_square.jpg', 'medium_url': 'https://images4-g.ravelrycache.com/uploads/veera/859301726/WN7A3512_medium.jpg', 'thumbnail_url': 'https://images4-g.ravelrycache.com/uploads/veera/859301726/WN7A3512_thumbnail.jpg', 'small_url': 'https://images4-g.ravelrycache.com/uploads/veera/859301726/WN7A3512_small_best_fit.jpg', 'flickr_url': None, 'shelved_url': 'https://images4-g.ravelrycache.com/uploads/veera/859301726/WN7A3512_shelved.jpg', 'medium2_url': 'https://images4-a.ravelrycache.com/uploads/veera/859301726/WN7A3512_medium2.jpg', 'small2_url': 'https://images4-g.ravelrycache.com/uploads/veera/859301726/WN7A3512_small2.jpg', 'caption': None, 'caption_html': None, 'copyright_holder': None}]"
Tulipán Sweater,Kamill Osorio,1247826,https://www.ravelry.com/patterns/library/tulipan-sweater-3,False,https://images4-a.ravelrycache.com/uploads/Kamillknitcl/859367815/Tulipan2_medium2.JPG,Knitting,"['adult', 'short-rows', 'top-down', 'written-pattern', 'video-tutorial', 'stripes-colorwork', 'schematic']",19.0,5.5,True,4.0,,pullover,DK,26,5.0,"Disponible en 8 tamaños, desde contorno de busto 80 cms hasta 150 cms","[{'id': 113342594, 'sort_order': 1, 'user_id': 8407194, 'x_offset': -5, 'y_offset': -35, 'square_url': 'https://images4-f.ravelrycache.com/uploads/Kamillknitcl/859367815/Tulipan2_square.JPG', 'medium_url': 'https://images4-f.ravelrycache.com/uploads/Kamillknitcl/859367815/Tulipan2_medium.JPG', 'thumbnail_url': 'https://images4-g.ravelrycache.com/uploads/Kamillknitcl/859367815/Tulipan2_thumbnail.JPG', 'small_url': 'https://images4-f.ravelrycache.com/uploads/Kamillknitcl/859367815/Tulipan2_small.JPG', 'flickr_url': None, 'shelved_url': 'https://images4-f.ravelrycache.com/uploads/Kamillknitcl/859367815/Tulipan2_shelved.JPG', 'medium2_url': 'https://images4-a.ravelrycache.com/uploads/Kamillknitcl/859367815/Tulipan2_medium2.JPG', 'small2_url': 'https://images4-f.ravelrycache.com/uploads/Kamillknitcl/859367815/Tulipan2_small2.JPG', 'caption': None, 'caption_html': None, 'copyright_holder': None}, {'id': 113483244, 'sort_order': 2, 'user_id': 8407194, 'x_offset': 0, 'y_offset': 0, 'square_url': 'https://images4-f.ravelrycache.com/uploads/Kamillknitcl/860508671/IMG_1898_square.JPG', 'medium_url': 'https://images4-f.ravelrycache.com/uploads/Kamillknitcl/860508671/IMG_1898_medium.JPG', 'thumbnail_url': 'https://images4-f.ravelrycache.com/uploads/Kamillknitcl/860508671/IMG_1898_thumbnail.JPG', 'small_url': 'https://images4-f.ravelrycache.com/uploads/Kamillknitcl/860508671/IMG_1898_small_best_fit.JPG', 'flickr_url': None, 'shelved_url': 'https://images4-f.ravelrycache.com/uploads/Kamillknitcl/860508671/IMG_1898_shelved.JPG', 'medium2_url': 'https://images4-a.ravelrycache.com/uploads/Kamillknitcl/860508671/IMG_1898_medium2.JPG', 'small2_url': 'https://images4-f.ravelrycache.com/uploads/Kamillknitcl/860508671/IMG_1898_small2.JPG', 'caption': None, 'caption_html': None, 'copyright_holder': None}, {'id': 113483169, 'sort_order': 3, 'user_id': 8407194, 'x_offset': -5, 'y_offset': -35, 'square_url': 'https://images4-g.ravelrycache.com/uploads/Kamillknitcl/860508104/IMG_1698_square.JPG', 'medium_url': 'https://images4-g.ravelrycache.com/uploads/Kamillknitcl/860508104/IMG_1698_medium.JPG', 'thumbnail_url': 'https://images4-f.ravelrycache.com/uploads/Kamillknitcl/860508104/IMG_1698_thumbnail.JPG', 'small_url': 'https://images4-g.ravelrycache.com/uploads/Kamillknitcl/860508104/IMG_1698_small.JPG', 'flickr_url': None, 'shelved_url': 'https://images4-f.ravelrycache.com/uploads/Kamillknitcl/860508104/IMG_1698_shelved.JPG', 'medium2_url': 'https://images4-a.ravelrycache.com/uploads/Kamillknitcl/860508104/IMG_1698_medium2.JPG', 'small2_url': 'https://images4-g.ravelrycache.com/uploads/Kamillknitcl/860508104/IMG_1698_small2.JPG', 'caption': None, 'caption_html': None, 'copyright_holder': None}, {'id': 113483133, 'sort_order': 4, 'user_id': 8407194, 'x_offset': 0, 'y_offset': 0, 'square_url': 'https://images4-f.ravelrycache.com/uploads/Kamillknitcl/860507892/IMG_1633_square.JPG', 'medium_url': 'https://images4-f.ravelrycache.com/uploads/Kamillknitcl/860507892/IMG_1633_medium.JPG', 'thumbnail_url': 'https://images4-f.ravelrycache.com/uploads/Kamillknitcl/860507892/IMG_1633_thumbnail.JPG', 'small_url': 'https://images4-g.ravelrycache.com/uploads/Kamillknitcl/860507892/IMG_1633_small_best_fit.JPG', 'flickr_url': None, 'shelved_url': 'https://images4-f.ravelrycache.com/uploads/Kamillknitcl/860507892/IMG_1633_shelved.JPG', 'medium2_url': 'https://images4-a.ravelrycache.com/uploads/Kamillknitcl/860507892/IMG_1633_medium2.JPG', 'small2_url': 'https://images4-f.ravelrycache.com/uploads/Kamillknitcl/860507892/IMG_1633_small2.JPG', 'caption': None, 'caption_html': None, 'copyright_holder': None}, {'id': 113483211, 'sort_order': 5, 'user_id': 8407194, 'x_offset': 0, 'y_offset': 0, 'square_url': 'https://images4-g.ravelrycache.com/uploads/Kamillknitcl/860508368/IMG_1817_square.JPG', 'medium_url': 'https://images4-g.ravelrycache.com/uploads/Kamillknitcl/860508368/IMG_1817_medium.JPG', 'thumbnail_url': 'https://images4-f.ravelrycache.com/uploads/Kamillknitcl/860508368/IMG_1817_thumbnail.JPG', 'small_url': 'https://images4-g.ravelrycache.com/uploads/Kamillknitcl/860508368/IMG_1817_small_best_fit.JPG', 'flickr_url': None, 'shelved_url': 'https://images4-f.ravelrycache.com/uploads/Kamillknitcl/860508368/IMG_1817_shelved.JPG', 'medium2_url': 'https://images4-a.ravelrycache.com/uploads/Kamillknitcl/860508368/IMG_1817_medium2.JPG', 'small2_url': 'https://images4-g.ravelrycache.com/uploads/Kamillknitcl/860508368/IMG_1817_small2.JPG', 'caption': None, 'caption_html': None, 'copyright_holder': None}, {'id': 113483276, 'sort_order': 6, 'user_id': 8407194, 'x_offset': 0, 'y_offset': 0, 'square_url': 'https://images4-f.ravelrycache.com/uploads/Kamillknitcl/860508943/IMG_1972_square.JPG', 'medium_url': 'https://images4-f.ravelrycache.com/uploads/Kamillknitcl/860508943/IMG_1972_medium.JPG', 'thumbnail_url': 'https://images4-f.ravelrycache.com/uploads/Kamillknitcl/860508943/IMG_1972_thumbnail.JPG', 'small_url': 'https://images4-f.ravelrycache.com/uploads/Kamillknitcl/860508943/IMG_1972_small_best_fit.JPG', 'flickr_url': None, 'shelved_url': 'https://images4-g.ravelrycache.com/uploads/Kamillknitcl/860508943/IMG_1972_shelved.JPG', 'medium2_url': 'https://images4-a.ravelrycache.com/uploads/Kamillknitcl/860508943/IMG_1972_medium2.JPG', 'small2_url': 'https://images4-f.ravelrycache.com/uploads/Kamillknitcl/860508943/IMG_1972_small2.JPG', 'caption': None, 'caption_html': None, 'copyright_holder': None}, {'id': 113342593, 'sort_order': 7, 'user_id': 8407194, 'x_offset': 0, 'y_offset': 0, 'square_url': 'https://images4-g.ravelrycache.com/uploads/Kamillknitcl/859367829/IMG_3670_square.JPG', 'medium_url': 'https://images4-g.ravelrycache.com/uploads/Kamillknitcl/859367829/IMG_3670_medium.JPG', 'thumbnail_url': 'https://images4-g.ravelrycache.com/uploads/Kamillknitcl/859367829/IMG_3670_thumbnail.JPG', 'small_url': 'https://images4-g.ravelrycache.com/uploads/Kamillknitcl/859367829/IMG_3670_small_best_fit.JPG', 'flickr_url': None, 'shelved_url': 'https://images4-g.ravelrycache.com/uploads/Kamillknitcl/859367829/IMG_3670_shelved.JPG', 'medium2_url': 'https://images4-a.ravelrycache.com/uploads/Kamillknitcl/859367829/IMG_3670_medium2.JPG', 'small2_url': 'https://images4-g.ravelrycache.com/uploads/Kamillknitcl/859367829/IMG_3670_small2.JPG', 'caption': None, 'caption_html': None, 'copyright_holder': None}, {'id': 113483285, 'sort_order': 8, 'user_id': 8407194, 'x_offset': 0, 'y_offset': 0, 'square_url': 'https://images4-f.ravelrycache.com/uploads/Kamillknitcl/860509024/IMG_0878_2_square.JPG', 'medium_url': 'https://images4-f.ravelrycache.com/uploads/Kamillknitcl/860509024/IMG_0878_2_medium.JPG', 'thumbnail_url': 'https://images4-g.ravelrycache.com/uploads/Kamillknitcl/860509024/IMG_0878_2_thumbnail.JPG', 'small_url': 'https://images4-f.ravelrycache.com/uploads/Kamillknitcl/860509024/IMG_0878_2_small_best_fit.JPG', 'flickr_url': None, 'shelved_url': 'https://images4-f.ravelrycache.com/uploads/Kamillknitcl/860509024/IMG_0878_2_shelved.JPG', 'medium2_url': 'https://images4-a.ravelrycache.com/uploads/Kamillknitcl/860509024/IMG_0878_2_medium2.JPG', 'small2_url': 'https://images4-f.ravelrycache.com/uploads/Kamillknitcl/860509024/IMG_0878_2_small2.JPG', 'caption': None, 'caption_html': None, 'copyright_holder': None}]"
Saltkaret,Sari Nordlund,1247925,https://www.ravelry.com/patterns/library/saltkaret,False,https://images4-a.ravelrycache.com/uploads/amirisu/859426816/_N0A1530_medium2.jpg,Knitting,"['stranded', 'top-down', 'circular-yoke']",26.0,3.3333333333333335,False,4.0,in colorwork with US 6 needles,pullover,Fingering,25,5.0,"Finished bust measurements: XS (S, M, L, XL) (2XL, 3XL, 4XL, 5XL) = 34 (38, 42, 45, 49) (53, 57, 61, 65)” / 85 (95, 105, 115, 125) (135, 145, 155, 165) cm","[{'id': 113349160, 'sort_order': 1, 'user_id': 2452538, 'x_offset': -5, 'y_offset': -35, 'square_url': 'https://images4-g.ravelrycache.com/uploads/amirisu/859426816/_N0A1530_square.jpg', 'medium_url': 'https://images4-g.ravelrycache.com/uploads/amirisu/859426816/_N0A1530_medium.jpg', 'thumbnail_url': 'https://images4-f.ravelrycache.com/uploads/amirisu/859426816/_N0A1530_thumbnail.jpg', 'small_url': 'https://images4-g.ravelrycache.com/uploads/amirisu/859426816/_N0A1530_small.jpg', 'flickr_url': None, 'shelved_url': 'https://images4-f.ravelrycache.com/uploads/amirisu/859426816/_N0A1530_shelved.jpg', 'medium2_url': 'https://images4-a.ravelrycache.com/uploads/amirisu/859426816/_N0A1530_medium2.jpg', 'small2_url': 'https://images4-g.ravelrycache.com/uploads/amirisu/859426816/_N0A1530_small2.jpg', 'caption': None, 'caption_html': None, 'copyright_holder': 'Masahiro Shimazaki for amirisu'}, {'id': 113349161, 'sort_order': 2, 'user_id': 2452538, 'x_offset': -43, 'y_offset': 0, 'square_url': 'https://images4-g.ravelrycache.com/uploads/amirisu/859426857/_N0A1506_square.jpg', 'medium_url': 'https://images4-g.ravelrycache.com/uploads/amirisu/859426857/_N0A1506_medium.jpg', 'thumbnail_url': 'https://images4-f.ravelrycache.com/uploads/amirisu/859426857/_N0A1506_thumbnail.jpg', 'small_url': 'https://images4-g.ravelrycache.com/uploads/amirisu/859426857/_N0A1506_small_best_fit.jpg', 'flickr_url': None, 'shelved_url': 'https://images4-g.ravelrycache.com/uploads/amirisu/859426857/_N0A1506_shelved.jpg', 'medium2_url': 'https://images4-a.ravelrycache.com/uploads/amirisu/859426857/_N0A1506_medium2.jpg', 'small2_url': 'https://images4-g.ravelrycache.com/uploads/amirisu/859426857/_N0A1506_small2.jpg', 'caption': None, 'caption_html': None, 'copyright_holder': 'Masahiro Shimazaki for amirisu'}, {'id': 113349162, 'sort_order': 3, 'user_id': 2452538, 'x_offset': -43, 'y_offset': 0, 'square_url': 'https://images4-f.ravelrycache.com/uploads/amirisu/859426832/_N0A1527_square.jpg', 'medium_url': 'https://images4-f.ravelrycache.com/uploads/amirisu/859426832/_N0A1527_medium.jpg', 'thumbnail_url': 'https://images4-g.ravelrycache.com/uploads/amirisu/859426832/_N0A1527_thumbnail.jpg', 'small_url': 'https://images4-g.ravelrycache.com/uploads/amirisu/859426832/_N0A1527_small_best_fit.jpg', 'flickr_url': None, 'shelved_url': 'https://images4-f.ravelrycache.com/uploads/amirisu/859426832/_N0A1527_shelved.jpg', 'medium2_url': 'https://images4-a.ravelrycache.com/uploads/amirisu/859426832/_N0A1527_medium2.jpg', 'small2_url': 'https://images4-f.ravelrycache.com/uploads/amirisu/859426832/_N0A1527_small2.jpg', 'caption': None, 'caption_html': None, 'copyright_holder': 'Masahiro Shimazaki for amirisu'}]"
Fervent,Elizabeth Felgate,1247987,https://www.ravelry.com/patterns/library/fervent-2,True,https://images4-a.ravelrycache.com/uploads/lizjuk/859451455/yellow_flowers2_medium2.jpg,Knitting,"['lace', 'seamless', 'top-down', 'in-the-round']",22.0,3.2,True,4.0,stockinette,pullover,DK,23,4.833333333333333,XS-5XL,"[{'id': 113352309, 'sort_order': 1, 'user_id': 2165508, 'x_offset': 0, 'y_offset': -82, 'square_url': 'https://images4-f.ravelrycache.com/uploads/lizjuk/859451455/yellow_flowers2_square.jpg', 'medium_url': 'https://images4-f.ravelrycache.com/uploads/lizjuk/859451455/yellow_flowers2_medium.jpg', 'thumbnail_url': 'https://images4-g.ravelrycache.com/uploads/lizjuk/859451455/yellow_flowers2_thumbnail.jpg', 'small_url': 'https://images4-g.ravelrycache.com/uploads/lizjuk/859451455/yellow_flowers2_small_best_fit.jpg', 'flickr_url': None, 'shelved_url': 'https://images4-g.ravelrycache.com/uploads/lizjuk/859451455/yellow_flowers2_shelved.jpg', 'medium2_url': 'https://images4-a.ravelrycache.com/uploads/lizjuk/859451455/yellow_flowers2_medium2.jpg', 'small2_url': 'https://images4-f.ravelrycache.com/uploads/lizjuk/859451455/yellow_flowers2_small2.jpg', 'caption': None, 'caption_html': None, 'copyright_holder': None}, {'id': 116962271, 'sort_order': 2, 'user_id': 346977, 'x_offset': -5, 'y_offset': -35, 'square_url': 'https://images4-f.ravelrycache.com/uploads/BOWMANVILLE/879498877/20221005_091625_square.jpg', 'medium_url': 'https://images4-g.ravelrycache.com/uploads/BOWMANVILLE/879498877/20221005_091625_medium.jpg', 'thumbnail_url': 'https://images4-f.ravelrycache.com/uploads/BOWMANVILLE/879498877/20221005_091625_thumbnail.jpg', 'small_url': 'https://images4-g.ravelrycache.com/uploads/BOWMANVILLE/879498877/20221005_091625_small.jpg', 'flickr_url': None, 'shelved_url': 'https://images4-g.ravelrycache.com/uploads/BOWMANVILLE/879498877/20221005_091625_shelved.jpg', 'medium2_url': 'https://images4-a.ravelrycache.com/uploads/BOWMANVILLE/879498877/20221005_091625_medium2.jpg', 'small2_url': 'https://images4-f.ravelrycache.com/uploads/BOWMANVILLE/879498877/20221005_091625_small2.jpg', 'caption': None, 'caption_html': None, 'copyright_holder': None}, {'id': 113352310, 'sort_order': 3, 'user_id': 2165508, 'x_offset': -2, 'y_offset': -35, 'square_url': 'https://images4-f.ravelrycache.com/uploads/lizjuk/859451375/DSC_5055_square.jpg', 'medium_url': 'https://images4-f.ravelrycache.com/uploads/lizjuk/859451375/DSC_5055_medium.jpg', 'thumbnail_url': 'https://images4-f.ravelrycache.com/uploads/lizjuk/859451375/DSC_5055_thumbnail.jpg', 'small_url': 'https://images4-g.ravelrycache.com/uploads/lizjuk/859451375/DSC_5055_small.jpg', 'flickr_url': None, 'shelved_url': 'https://images4-f.ravelrycache.com/uploads/lizjuk/859451375/DSC_5055_shelved.jpg', 'medium2_url': 'https://images4-a.ravelrycache.com/uploads/lizjuk/859451375/DSC_5055_medium2.jpg', 'small2_url': 'https://images4-f.ravelrycache.com/uploads/lizjuk/859451375/DSC_5055_small2.jpg', 'caption': None, 'caption_html': None, 'copyright_holder': None}, {'id': 113352311, 'sort_order': 4, 'user_id': 2165508, 'x_offset': 0, 'y_offset': -43, 'square_url': 'https://images4-g.ravelrycache.com/uploads/lizjuk/859451408/DSC_5032_square.jpg', 'medium_url': 'https://images4-g.ravelrycache.com/uploads/lizjuk/859451408/DSC_5032_medium.jpg', 'thumbnail_url': 'https://images4-g.ravelrycache.com/uploads/lizjuk/859451408/DSC_5032_thumbnail.jpg', 'small_url': 'https://images4-g.ravelrycache.com/uploads/lizjuk/859451408/DSC_5032_small_best_fit.jpg', 'flickr_url': None, 'shelved_url': 'https://images4-f.ravelrycache.com/uploads/lizjuk/859451408/DSC_5032_shelved.jpg', 'medium2_url': 'https://images4-a.ravelrycache.com/uploads/lizjuk/859451408/DSC_5032_medium2.jpg', 'small2_url': 'https://images4-g.ravelrycache.com/uploads/lizjuk/859451408/DSC_5032_small2.jpg', 'caption': None, 'caption_html': None, 'copyright_holder': None}, {'id': 113352312, 'sort_order': 5, 'user_id': 2165508, 'x_offset': 0, 'y_offset': -43, 'square_url': 'https://images4-f.ravelrycache.com/uploads/lizjuk/859451391/DSC_5085_square.jpg', 'medium_url': 'https://images4-f.ravelrycache.com/uploads/lizjuk/859451391/DSC_5085_medium.jpg', 'thumbnail_url': 'https://images4-f.ravelrycache.com/uploads/lizjuk/859451391/DSC_5085_thumbnail.jpg', 'small_url': 'https://images4-g.ravelrycache.com/uploads/lizjuk/859451391/DSC_5085_small_best_fit.jpg', 'flickr_url': None, 'shelved_url': 'https://images4-f.ravelrycache.com/uploads/lizjuk/859451391/DSC_5085_shelved.jpg', 'medium2_url': 'https://images4-a.ravelrycache.com/uploads/lizjuk/859451391/DSC_5085_medium2.jpg', 'small2_url': 'https://images4-f.ravelrycache.com/uploads/lizjuk/859451391/DSC_5085_small2.jpg', 'caption': None, 'caption_html': None, 'copyright_holder': None}, {'id': 113352313, 'sort_order': 6, 'user_id': 2165508, 'x_offset': -43, 'y_offset': 0, 'square_url': 'https://images4-f.ravelrycache.com/uploads/lizjuk/859451336/back_close_square.jpg', 'medium_url': 'https://images4-f.ravelrycache.com/uploads/lizjuk/859451336/back_close_medium.jpg', 'thumbnail_url': 'https://images4-g.ravelrycache.com/uploads/lizjuk/859451336/back_close_thumbnail.jpg', 'small_url': 'https://images4-f.ravelrycache.com/uploads/lizjuk/859451336/back_close_small_best_fit.jpg', 'flickr_url': None, 'shelved_url': 'https://images4-g.ravelrycache.com/uploads/lizjuk/859451336/back_close_shelved.jpg', 'medium2_url': 'https://images4-a.ravelrycache.com/uploads/lizjuk/859451336/back_close_medium2.jpg', 'small2_url': 'https://images4-f.ravelrycache.com/uploads/lizjuk/859451336/back_close_small2.jpg', 'caption': None, 'caption_html': None, 'copyright_holder': None}, {'id': 113352314, 'sort_order': 7, 'user_id': 2165508, 'x_offset': 0, 'y_offset': -26, 'square_url': 'https://images4-g.ravelrycache.com/uploads/lizjuk/859451583/DSC_5011_square.jpg', 'medium_url': 'https://images4-g.ravelrycache.com/uploads/lizjuk/859451583/DSC_5011_medium.jpg', 'thumbnail_url': 'https://images4-g.ravelrycache.com/uploads/lizjuk/859451583/DSC_5011_thumbnail.jpg', 'small_url': 'https://images4-g.ravelrycache.com/uploads/lizjuk/859451583/DSC_5011_small_best_fit.jpg', 'flickr_url': None, 'shelved_url': 'https://images4-g.ravelrycache.com/uploads/lizjuk/859451583/DSC_5011_shelved.jpg', 'medium2_url': 'https://images4-a.ravelrycache.com/uploads/lizjuk/859451583/DSC_5011_medium2.jpg', 'small2_url': 'https://images4-g.ravelrycache.com/uploads/lizjuk/859451583/DSC_5011_small2.jpg', 'caption': None, 'caption_html': None, 'copyright_holder': None}, {'id': 114559787, 'sort_order': 8, 'user_id': 9990631, 'x_offset': -14, 'y_offset': 0, 'square_url': 'https://images4-f.ravelrycache.com/uploads/Paloline/868595316/F086F31E-9B34-4676-8252-B5E80EE16C2C_square.jpeg', 'medium_url': 'https://images4-f.ravelrycache.com/uploads/Paloline/868595316/F086F31E-9B34-4676-8252-B5E80EE16C2C_medium.jpeg', 'thumbnail_url': 'https://images4-g.ravelrycache.com/uploads/Paloline/868595316/F086F31E-9B34-4676-8252-B5E80EE16C2C_thumbnail.jpeg', 'small_url': 'https://images4-f.ravelrycache.com/uploads/Paloline/868595316/F086F31E-9B34-4676-8252-B5E80EE16C2C_small_best_fit.jpeg', 'flickr_url': None, 'shelved_url': 'https://images4-g.ravelrycache.com/uploads/Paloline/868595316/F086F31E-9B34-4676-8252-B5E80EE16C2C_shelved.jpeg', 'medium2_url': 'https://images4-a.ravelrycache.com/uploads/Paloline/868595316/F086F31E-9B34-4676-8252-B5E80EE16C2C_medium2.jpeg', 'small2_url': 'https://images4-f.ravelrycache.com/uploads/Paloline/868595316/F086F31E-9B34-4676-8252-B5E80EE16C2C_small2.jpeg', 'caption': None, 'caption_html': None, 'copyright_holder': None}, {'id': 113352315, 'sort_order': 9, 'user_id': 2165508, 'x_offset': 0, 'y_offset': -12, 'square_url': 'https://images4-g.ravelrycache.com/uploads/lizjuk/859451582/DSC_5008_square.jpg', 'medium_url': 'https://images4-g.ravelrycache.com/uploads/lizjuk/859451582/DSC_5008_medium.jpg', 'thumbnail_url': 'https://images4-f.ravelrycache.com/uploads/lizjuk/859451582/DSC_5008_thumbnail.jpg', 'small_url': 'https://images4-g.ravelrycache.com/uploads/lizjuk/859451582/DSC_5008_small_best_fit.jpg', 'flickr_url': None, 'shelved_url': 'https://images4-f.ravelrycache.com/uploads/lizjuk/859451582/DSC_5008_shelved.jpg', 'medium2_url': 'https://images4-a.ravelrycache.com/uploads/lizjuk/859451582/DSC_5008_medium2.jpg', 'small2_url': 'https://images4-g.ravelrycache.com/uploads/lizjuk/859451582/DSC_5008_small2.jpg', 'caption': None, 'caption_html': None, 'copyright_holder': None}]"
Brenham,Martha Wissing,1248376,https://www.ravelry.com/patterns/library/brenham,False,https://images4-a.ravelrycache.com/uploads/MarthaWissing/859659433/20210829_122611_0_-01_medium2.jpeg,Knitting,"['female', 'adult', 'short-sleeve', 'raglan-sleeve', 'hems', 'facings', 'one-piece', 'top-down', 'written-pattern', 'in-the-round', 'twisted-stitches', 'scoop-neck']",22.5,2.6666666666666665,True,4.0,St st,pullover,DK,5,5.0,"Bust 34(37-40-43)(46-50-54)"" 86(94-102-109)(117-127-137)cm","[{'id': 113387139, 'sort_order': 1, 'user_id': 3250750, 'x_offset': -9, 'y_offset': -54, 'square_url': 'https://images4-g.ravelrycache.com/uploads/MarthaWissing/859659433/20210829_122611_0_-01_square.jpeg', 'medium_url': 'https://images4-g.ravelrycache.com/uploads/MarthaWissing/859659433/20210829_122611_0_-01_medium.jpeg', 'thumbnail_url': 'https://images4-f.ravelrycache.com/uploads/MarthaWissing/859659433/20210829_122611_0_-01_thumbnail.jpeg', 'small_url': 'https://images4-g.ravelrycache.com/uploads/MarthaWissing/859659433/20210829_122611_0_-01_small.jpeg', 'flickr_url': None, 'shelved_url': 'https://images4-g.ravelrycache.com/uploads/MarthaWissing/859659433/20210829_122611_0_-01_shelved.jpeg', 'medium2_url': 'https://images4-a.ravelrycache.com/uploads/MarthaWissing/859659433/20210829_122611_0_-01_medium2.jpeg', 'small2_url': 'https://images4-g.ravelrycache.com/uploads/MarthaWissing/859659433/20210829_122611_0_-01_small2.jpeg', 'caption': None, 'caption_html': None, 'copyright_holder': ''}, {'id': 113387140, 'sort_order': 2, 'user_id': 3250750, 'x_offset': -5, 'y_offset': 0, 'square_url': 'https://images4-g.ravelrycache.com/uploads/MarthaWissing/805955551/Wilco_square.jpeg', 'medium_url': 'https://images4-g.ravelrycache.com/uploads/MarthaWissing/805955551/Wilco_medium.jpeg', 'thumbnail_url': 'https://images4-f.ravelrycache.com/uploads/MarthaWissing/805955551/Wilco_thumbnail.jpeg', 'small_url': 'https://images4-g.ravelrycache.com/uploads/MarthaWissing/805955551/Wilco_small_best_fit.jpeg', 'flickr_url': None, 'shelved_url': 'https://images4-g.ravelrycache.com/uploads/MarthaWissing/805955551/Wilco_shelved.jpeg', 'medium2_url': 'https://images4-a.ravelrycache.com/uploads/MarthaWissing/805955551/Wilco_medium2.jpeg', 'small2_url': 'https://images4-g.ravelrycache.com/uploads/MarthaWissing/805955551/Wilco_small2.jpeg', 'caption': None, 'caption_html': None, 'copyright_holder': None}, {'id': 113387141, 'sort_order': 3, 'user_id': 3250750, 'x_offset': -5, 'y_offset': -35, 'square_url': 'https://images4-g.ravelrycache.com/uploads/MarthaWissing/859664071/737200402_20220611_130751-01_4214582_resized_square.jpeg', 'medium_url': 'https://images4-g.ravelrycache.com/uploads/MarthaWissing/859664071/737200402_20220611_130751-01_4214582_resized_medium.jpeg', 'thumbnail_url': 'https://images4-g.ravelrycache.com/uploads/MarthaWissing/859664071/737200402_20220611_130751-01_4214582_resized_thumbnail.jpeg', 'small_url': 'https://images4-g.ravelrycache.com/uploads/MarthaWissing/859664071/737200402_20220611_130751-01_4214582_resized_small.jpeg', 'flickr_url': None, 'shelved_url': 'https://images4-g.ravelrycache.com/uploads/MarthaWissing/859664071/737200402_20220611_130751-01_4214582_resized_shelved.jpeg', 'medium2_url': 'https://images4-a.ravelrycache.com/uploads/MarthaWissing/859664071/737200402_20220611_130751-01_4214582_resized_medium2.jpeg', 'small2_url': 'https://images4-g.ravelrycache.com/uploads/MarthaWissing/859664071/737200402_20220611_130751-01_4214582_resized_small2.jpeg', 'caption': None, 'caption_html': None, 'copyright_holder': ''}, {'id': 113387142, 'sort_order': 4, 'user_id': 3250750, 'x_offset': -11, 'y_offset': 1, 'square_url': 'https://images4-g.ravelrycache.com/uploads/MarthaWissing/859664069/1820788886_20220611_130832-01_3448999_resized_square.jpeg', 'medium_url': 'https://images4-g.ravelrycache.com/uploads/MarthaWissing/859664069/1820788886_20220611_130832-01_3448999_resized_medium.jpeg', 'thumbnail_url': 'https://images4-g.ravelrycache.com/uploads/MarthaWissing/859664069/1820788886_20220611_130832-01_3448999_resized_thumbnail.jpeg', 'small_url': 'https://images4-f.ravelrycache.com/uploads/MarthaWissing/859664069/1820788886_20220611_130832-01_3448999_resized_small.jpeg', 'flickr_url': None, 'shelved_url': 'https://images4-g.ravelrycache.com/uploads/MarthaWissing/859664069/1820788886_20220611_130832-01_3448999_resized_shelved.jpeg', 'medium2_url': 'https://images4-a.ravelrycache.com/uploads/MarthaWissing/859664069/1820788886_20220611_130832-01_3448999_resized_medium2.jpeg', 'small2_url': 'https://images4-g.ravelrycache.com/uploads/MarthaWissing/859664069/1820788886_20220611_130832-01_3448999_resized_small2.jpeg', 'caption': None, 'caption_html': None, 'copyright_holder': ''}, {'id': 113387143, 'sort_order': 5, 'user_id': 3250750, 'x_offset': 0, 'y_offset': -2, 'square_url': 'https://images4-f.ravelrycache.com/uploads/MarthaWissing/859664070/-710531556_20220611_130915-01_4692952_resized_square.jpeg', 'medium_url': 'https://images4-f.ravelrycache.com/uploads/MarthaWissing/859664070/-710531556_20220611_130915-01_4692952_resized_medium.jpeg', 'thumbnail_url': 'https://images4-g.ravelrycache.com/uploads/MarthaWissing/859664070/-710531556_20220611_130915-01_4692952_resized_thumbnail.jpeg', 'small_url': 'https://images4-f.ravelrycache.com/uploads/MarthaWissing/859664070/-710531556_20220611_130915-01_4692952_resized_small_best_fit.jpeg', 'flickr_url': None, 'shelved_url': 'https://images4-g.ravelrycache.com/uploads/MarthaWissing/859664070/-710531556_20220611_130915-01_4692952_resized_shelved.jpeg', 'medium2_url': 'https://images4-a.ravelrycache.com/uploads/MarthaWissing/859664070/-710531556_20220611_130915-01_4692952_resized_medium2.jpeg', 'small2_url': 'https://images4-f.ravelrycache.com/uploads/MarthaWissing/859664070/-710531556_20220611_130915-01_4692952_resized_small2.jpeg', 'caption': None, 'caption_html': None, 'copyright_holder': ''}]"
Lundy Jumper,Madeleine Gardner,1248542,https://www.ravelry.com/patterns/library/lundy-jumper,False,https://images4-a.ravelrycache.com/uploads/Madeleine-K1P1/859939027/PXL_20220520_081357903-01_medium2.jpg,Knitting,"['female', 'unisex', 'adult', 'petite', 'plus', 'fitted', 'ribbed', 'crew-neck', 'raglan-sleeve', 'straight', 'stranded', 'one-piece', 'seamless', 'short-rows', 'bottom-up', 'positive-ease', 'chart', 'written-pattern', 'cuffed-sleeve', 'in-the-round', 'tall', 'collar', 'long-sleeve']",21.0,0.0,True,4.0,Colourwork chart in the round,pullover,Aran,10,0.0,69 - 168 cm,"[{'id': 113412298, 'sort_order': 1, 'user_id': 8139045, 'x_offset': 0, 'y_offset': 0, 'square_url': 'https://images4-g.ravelrycache.com/uploads/Madeleine-K1P1/859939027/PXL_20220520_081357903-01_square.jpg', 'medium_url': 'https://images4-g.ravelrycache.com/uploads/Madeleine-K1P1/859939027/PXL_20220520_081357903-01_medium.jpg', 'thumbnail_url': 'https://images4-g.ravelrycache.com/uploads/Madeleine-K1P1/859939027/PXL_20220520_081357903-01_thumbnail.jpg', 'small_url': 'https://images4-f.ravelrycache.com/uploads/Madeleine-K1P1/859939027/PXL_20220520_081357903-01_small_best_fit.jpg', 'flickr_url': None, 'shelved_url': 'https://images4-g.ravelrycache.com/uploads/Madeleine-K1P1/859939027/PXL_20220520_081357903-01_shelved.jpg', 'medium2_url': 'https://images4-a.ravelrycache.com/uploads/Madeleine-K1P1/859939027/PXL_20220520_081357903-01_medium2.jpg', 'small2_url': 'https://images4-g.ravelrycache.com/uploads/Madeleine-K1P1/859939027/PXL_20220520_081357903-01_small2.jpg', 'caption': None, 'caption_html': None, 'copyright_holder': None}, {'id': 113412299, 'sort_order': 2, 'user_id': 8139045, 'x_offset': 0, 'y_offset': 0, 'square_url': 'https://images4-f.ravelrycache.com/uploads/Madeleine-K1P1/859939026/PXL_20220520_081422761-01_square.jpg', 'medium_url': 'https://images4-f.ravelrycache.com/uploads/Madeleine-K1P1/859939026/PXL_20220520_081422761-01_medium.jpg', 'thumbnail_url': 'https://images4-f.ravelrycache.com/uploads/Madeleine-K1P1/859939026/PXL_20220520_081422761-01_thumbnail.jpg', 'small_url': 'https://images4-f.ravelrycache.com/uploads/Madeleine-K1P1/859939026/PXL_20220520_081422761-01_small_best_fit.jpg', 'flickr_url': None, 'shelved_url': 'https://images4-f.ravelrycache.com/uploads/Madeleine-K1P1/859939026/PXL_20220520_081422761-01_shelved.jpg', 'medium2_url': 'https://images4-a.ravelrycache.com/uploads/Madeleine-K1P1/859939026/PXL_20220520_081422761-01_medium2.jpg', 'small2_url': 'https://images4-f.ravelrycache.com/uploads/Madeleine-K1P1/859939026/PXL_20220520_081422761-01_small2.jpg', 'caption': None, 'caption_html': None, 'copyright_holder': None}, {'id': 113412300, 'sort_order': 3, 'user_id': 8139045, 'x_offset': 0, 'y_offset': 0, 'square_url': 'https://images4-f.ravelrycache.com/uploads/Madeleine-K1P1/859939028/PXL_20220518_123545233_square.jpg', 'medium_url': 'https://images4-f.ravelrycache.com/uploads/Madeleine-K1P1/859939028/PXL_20220518_123545233_medium.jpg', 'thumbnail_url': 'https://images4-g.ravelrycache.com/uploads/Madeleine-K1P1/859939028/PXL_20220518_123545233_thumbnail.jpg', 'small_url': 'https://images4-g.ravelrycache.com/uploads/Madeleine-K1P1/859939028/PXL_20220518_123545233_small_best_fit.jpg', 'flickr_url': None, 'shelved_url': 'https://images4-f.ravelrycache.com/uploads/Madeleine-K1P1/859939028/PXL_20220518_123545233_shelved.jpg', 'medium2_url': 'https://images4-a.ravelrycache.com/uploads/Madeleine-K1P1/859939028/PXL_20220518_123545233_medium2.jpg', 'small2_url': 'https://images4-f.ravelrycache.com/uploads/Madeleine-K1P1/859939028/PXL_20220518_123545233_small2.jpg', 'caption': None, 'caption_html': None, 'copyright_holder': None}, {'id': 113412301, 'sort_order': 4, 'user_id': 8139045, 'x_offset': 0, 'y_offset': 0, 'square_url': 'https://images4-f.ravelrycache.com/uploads/Madeleine-K1P1/859939029/PXL_20220601_110515498_square.jpg', 'medium_url': 'https://images4-f.ravelrycache.com/uploads/Madeleine-K1P1/859939029/PXL_20220601_110515498_medium.jpg', 'thumbnail_url': 'https://images4-g.ravelrycache.com/uploads/Madeleine-K1P1/859939029/PXL_20220601_110515498_thumbnail.jpg', 'small_url': 'https://images4-f.ravelrycache.com/uploads/Madeleine-K1P1/859939029/PXL_20220601_110515498_small_best_fit.jpg', 'flickr_url': None, 'shelved_url': 'https://images4-g.ravelrycache.com/uploads/Madeleine-K1P1/859939029/PXL_20220601_110515498_shelved.jpg', 'medium2_url': 'https://images4-a.ravelrycache.com/uploads/Madeleine-K1P1/859939029/PXL_20220601_110515498_medium2.jpg', 'small2_url': 'https://images4-f.ravelrycache.com/uploads/Madeleine-K1P1/859939029/PXL_20220601_110515498_small2.jpg', 'caption': None, 'caption_html': None, 'copyright_holder': None}, {'id': 114890468, 'sort_order': 5, 'user_id': 8139045, 'x_offset': -158, 'y_offset': 0, 'square_url': 'https://images4-g.ravelrycache.com/uploads/Madeleine-K1P1/871892553/Lundy_Jumper_Yarn_Quantities_square.png', 'medium_url': 'https://images4-f.ravelrycache.com/uploads/Madeleine-K1P1/871892553/Lundy_Jumper_Yarn_Quantities_medium.png', 'thumbnail_url': 'https://images4-g.ravelrycache.com/uploads/Madeleine-K1P1/871892553/Lundy_Jumper_Yarn_Quantities_thumbnail.png', 'small_url': 'https://images4-g.ravelrycache.com/uploads/Madeleine-K1P1/871892553/Lundy_Jumper_Yarn_Quantities_small_best_fit.png', 'flickr_url': None, 'shelved_url': 'https://images4-f.ravelrycache.com/uploads/Madeleine-K1P1/871892553/Lundy_Jumper_Yarn_Quantities_shelved.png', 'medium2_url': 'https://images4-a.ravelrycache.com/uploads/Madeleine-K1P1/871892553/Lundy_Jumper_Yarn_Quantities_medium2.png', 'small2_url': 'https://images4-g.ravelrycache.com/uploads/Madeleine-K1P1/871892553/Lundy_Jumper_Yarn_Quantities_small2.png', 'caption': None, 'caption_html': None, 'copyright_holder': None}]"
Katmandugenser,Linka Neumann,1248556,https://www.ravelry.com/patterns/library/katmandugenser,False,https://images4-a.ravelrycache.com/uploads/linkaneumann/859947145/Unknown-6_medium2.jpeg,Knitting,"['stranded', 'bottom-up', 'chart', 'written-pattern', 'in-the-round', 'circular-yoke']",18.0,5.153846153846154,True,4.0,18 stitches= 10 cm ,pullover,Aran,36,4.642857142857143,XS-XXXL,"[{'id': 113413304, 'sort_order': 1, 'user_id': 7174045, 'x_offset': -5, 'y_offset': -35, 'square_url': 'https://images4-f.ravelrycache.com/uploads/linkaneumann/859947145/Unknown-6_square.jpeg', 'medium_url': 'https://images4-f.ravelrycache.com/uploads/linkaneumann/859947145/Unknown-6_medium.jpeg', 'thumbnail_url': 'https://images4-f.ravelrycache.com/uploads/linkaneumann/859947145/Unknown-6_thumbnail.jpeg', 'small_url': 'https://images4-f.ravelrycache.com/uploads/linkaneumann/859947145/Unknown-6_small.jpeg', 'flickr_url': None, 'shelved_url': 'https://images4-f.ravelrycache.com/uploads/linkaneumann/859947145/Unknown-6_shelved.jpeg', 'medium2_url': 'https://images4-a.ravelrycache.com/uploads/linkaneumann/859947145/Unknown-6_medium2.jpeg', 'small2_url': 'https://images4-f.ravelrycache.com/uploads/linkaneumann/859947145/Unknown-6_small2.jpeg', 'caption': None, 'caption_html': None, 'copyright_holder': None}, {'id': 113413305, 'sort_order': 2, 'user_id': 7174045, 'x_offset': -5, 'y_offset': -35, 'square_url': 'https://images4-f.ravelrycache.com/uploads/linkaneumann/859947114/Unknown_square.jpeg', 'medium_url': 'https://images4-f.ravelrycache.com/uploads/linkaneumann/859947114/Unknown_medium.jpeg', 'thumbnail_url': 'https://images4-g.ravelrycache.com/uploads/linkaneumann/859947114/Unknown_thumbnail.jpeg', 'small_url': 'https://images4-f.ravelrycache.com/uploads/linkaneumann/859947114/Unknown_small.jpeg', 'flickr_url': None, 'shelved_url': 'https://images4-g.ravelrycache.com/uploads/linkaneumann/859947114/Unknown_shelved.jpeg', 'medium2_url': 'https://images4-a.ravelrycache.com/uploads/linkaneumann/859947114/Unknown_medium2.jpeg', 'small2_url': 'https://images4-f.ravelrycache.com/uploads/linkaneumann/859947114/Unknown_small2.jpeg', 'caption': None, 'caption_html': None, 'copyright_holder': None}, {'id': 113413306, 'sort_order': 3, 'user_id': 7174045, 'x_offset': -5, 'y_offset': -35, 'square_url': 'https://images4-f.ravelrycache.com/uploads/linkaneumann/859947128/Unknown-1_square.jpeg', 'medium_url': 'https://images4-f.ravelrycache.com/uploads/linkaneumann/859947128/Unknown-1_medium.jpeg', 'thumbnail_url': 'https://images4-f.ravelrycache.com/uploads/linkaneumann/859947128/Unknown-1_thumbnail.jpeg', 'small_url': 'https://images4-f.ravelrycache.com/uploads/linkaneumann/859947128/Unknown-1_small.jpeg', 'flickr_url': None, 'shelved_url': 'https://images4-f.ravelrycache.com/uploads/linkaneumann/859947128/Unknown-1_shelved.jpeg', 'medium2_url': 'https://images4-a.ravelrycache.com/uploads/linkaneumann/859947128/Unknown-1_medium2.jpeg', 'small2_url': 'https://images4-f.ravelrycache.com/uploads/linkaneumann/859947128/Unknown-1_small2.jpeg', 'caption': None, 'caption_html': None, 'copyright_holder': None}, {'id': 113413307, 'sort_order': 4, 'user_id': 7174045, 'x_offset': 0, 'y_offset': -52, 'square_url': 'https://images4-f.ravelrycache.com/uploads/linkaneumann/859947136/Unknown-5_square.jpeg', 'medium_url': 'https://images4-f.ravelrycache.com/uploads/linkaneumann/859947136/Unknown-5_medium.jpeg', 'thumbnail_url': 'https://images4-f.ravelrycache.com/uploads/linkaneumann/859947136/Unknown-5_thumbnail.jpeg', 'small_url': 'https://images4-f.ravelrycache.com/uploads/linkaneumann/859947136/Unknown-5_small_best_fit.jpeg', 'flickr_url': None, 'shelved_url': 'https://images4-f.ravelrycache.com/uploads/linkaneumann/859947136/Unknown-5_shelved.jpeg', 'medium2_url': 'https://images4-a.ravelrycache.com/uploads/linkaneumann/859947136/Unknown-5_medium2.jpeg', 'small2_url': 'https://images4-f.ravelrycache.com/uploads/linkaneumann/859947136/Unknown-5_small2.jpeg', 'caption': None, 'caption_html': None, 'copyright_holder': None}]"
Florence,Helga Isager,1248615,https://www.ravelry.com/patterns/library/florence-57,False,https://images4-a.ravelrycache.com/uploads/Isageryarn/859954062/Florence_HI.web_medium2.jpg,Knitting,"['female', 'adult', 'positive-ease', 'written-pattern', 'stripes-colorwork']",22.0,0.0,True,4.0,,pullover,,11,0.0,S/M and M/L,"[{'id': 113416093, 'sort_order': 1, 'user_id': 9293088, 'x_offset': 0, 'y_offset': -39, 'square_url': 'https://images4-g.ravelrycache.com/uploads/Isageryarn/859954062/Florence_HI.web_square.jpg', 'medium_url': 'https://images4-g.ravelrycache.com/uploads/Isageryarn/859954062/Florence_HI.web_medium.jpg', 'thumbnail_url': 'https://images4-f.ravelrycache.com/uploads/Isageryarn/859954062/Florence_HI.web_thumbnail.jpg', 'small_url': 'https://images4-g.ravelrycache.com/uploads/Isageryarn/859954062/Florence_HI.web_small_best_fit.jpg', 'flickr_url': None, 'shelved_url': 'https://images4-g.ravelrycache.com/uploads/Isageryarn/859954062/Florence_HI.web_shelved.jpg', 'medium2_url': 'https://images4-a.ravelrycache.com/uploads/Isageryarn/859954062/Florence_HI.web_medium2.jpg', 'small2_url': 'https://images4-g.ravelrycache.com/uploads/Isageryarn/859954062/Florence_HI.web_small2.jpg', 'caption': None, 'caption_html': None, 'copyright_holder': None}]"
Ishidatami,Ririko,1248783,https://www.ravelry.com/patterns/library/ishidatami,False,https://images4-a.ravelrycache.com/uploads/Handknitlife/853287754/Ishidatami_24_medium2.jpg,Knitting,"['female', 'teen', 'adult', 'petite', 'plus', 'ribbed', 'textured', 'circular-yoke', 'crew-neck', 'long-sleeve', 'short-sleeve', 'stranded', 'mosaic', 'icord', 'seamless', 'short-rows', 'top-down', 'positive-ease', 'chart', 'written-pattern', 'in-the-round', 'icord-edging', 'schematic']",24.0,2.75,True,4.0,in Mosaic pattern,pullover,Fingering,18,5.0,"1 (2, 3, 4, 5)(6, 7, 8, 9, 10) ","[{'id': 113431089, 'sort_order': 1, 'user_id': 640889, 'x_offset': -43, 'y_offset': 0, 'square_url': 'https://images4-f.ravelrycache.com/uploads/Handknitlife/853287754/Ishidatami_24_square.jpg', 'medium_url': 'https://images4-f.ravelrycache.com/uploads/Handknitlife/853287754/Ishidatami_24_medium.jpg', 'thumbnail_url': 'https://images4-g.ravelrycache.com/uploads/Handknitlife/853287754/Ishidatami_24_thumbnail.jpg', 'small_url': 'https://images4-f.ravelrycache.com/uploads/Handknitlife/853287754/Ishidatami_24_small_best_fit.jpg', 'flickr_url': None, 'shelved_url': 'https://images4-f.ravelrycache.com/uploads/Handknitlife/853287754/Ishidatami_24_shelved.jpg', 'medium2_url': 'https://images4-a.ravelrycache.com/uploads/Handknitlife/853287754/Ishidatami_24_medium2.jpg', 'small2_url': 'https://images4-f.ravelrycache.com/uploads/Handknitlife/853287754/Ishidatami_24_small2.jpg', 'caption': None, 'caption_html': None, 'copyright_holder': None}, {'id': 113431090, 'sort_order': 2, 'user_id': 640889, 'x_offset': -43, 'y_offset': 0, 'square_url': 'https://images4-f.ravelrycache.com/uploads/Handknitlife/853287755/Ishidatami_16_square.jpg', 'medium_url': 'https://images4-f.ravelrycache.com/uploads/Handknitlife/853287755/Ishidatami_16_medium.jpg', 'thumbnail_url': 'https://images4-g.ravelrycache.com/uploads/Handknitlife/853287755/Ishidatami_16_thumbnail.jpg', 'small_url': 'https://images4-f.ravelrycache.com/uploads/Handknitlife/853287755/Ishidatami_16_small_best_fit.jpg', 'flickr_url': None, 'shelved_url': 'https://images4-g.ravelrycache.com/uploads/Handknitlife/853287755/Ishidatami_16_shelved.jpg', 'medium2_url': 'https://images4-a.ravelrycache.com/uploads/Handknitlife/853287755/Ishidatami_16_medium2.jpg', 'small2_url': 'https://images4-f.ravelrycache.com/uploads/Handknitlife/853287755/Ishidatami_16_small2.jpg', 'caption': None, 'caption_html': None, 'copyright_holder': None}, {'id': 113431091, 'sort_order': 3, 'user_id': 640889, 'x_offset': -43, 'y_offset': 0, 'square_url': 'https://images4-g.ravelrycache.com/uploads/Handknitlife/853287756/Ishidatami_25_square.jpg', 'medium_url': 'https://images4-g.ravelrycache.com/uploads/Handknitlife/853287756/Ishidatami_25_medium.jpg', 'thumbnail_url': 'https://images4-g.ravelrycache.com/uploads/Handknitlife/853287756/Ishidatami_25_thumbnail.jpg', 'small_url': 'https://images4-f.ravelrycache.com/uploads/Handknitlife/853287756/Ishidatami_25_small_best_fit.jpg', 'flickr_url': None, 'shelved_url': 'https://images4-f.ravelrycache.com/uploads/Handknitlife/853287756/Ishidatami_25_shelved.jpg', 'medium2_url': 'https://images4-a.ravelrycache.com/uploads/Handknitlife/853287756/Ishidatami_25_medium2.jpg', 'small2_url': 'https://images4-g.ravelrycache.com/uploads/Handknitlife/853287756/Ishidatami_25_small2.jpg', 'caption': None, 'caption_html': None, 'copyright_holder': None}, {'id': 113431092, 'sort_order': 4, 'user_id': 640889, 'x_offset': -59, 'y_offset': 0, 'square_url': 'https://images4-f.ravelrycache.com/uploads/Handknitlife/853287560/Ishidatami_13_square.jpg', 'medium_url': 'https://images4-f.ravelrycache.com/uploads/Handknitlife/853287560/Ishidatami_13_medium.jpg', 'thumbnail_url': 'https://images4-g.ravelrycache.com/uploads/Handknitlife/853287560/Ishidatami_13_thumbnail.jpg', 'small_url': 'https://images4-g.ravelrycache.com/uploads/Handknitlife/853287560/Ishidatami_13_small_best_fit.jpg', 'flickr_url': None, 'shelved_url': 'https://images4-g.ravelrycache.com/uploads/Handknitlife/853287560/Ishidatami_13_shelved.jpg', 'medium2_url': 'https://images4-a.ravelrycache.com/uploads/Handknitlife/853287560/Ishidatami_13_medium2.jpg', 'small2_url': 'https://images4-f.ravelrycache.com/uploads/Handknitlife/853287560/Ishidatami_13_small2.jpg', 'caption': None, 'caption_html': None, 'copyright_holder': None}, {'id': 113431093, 'sort_order': 5, 'user_id': 640889, 'x_offset': -43, 'y_offset': 0, 'square_url': 'https://images4-f.ravelrycache.com/uploads/Handknitlife/853288159/Ishidatami_49_square.jpg', 'medium_url': 'https://images4-f.ravelrycache.com/uploads/Handknitlife/853288159/Ishidatami_49_medium.jpg', 'thumbnail_url': 'https://images4-g.ravelrycache.com/uploads/Handknitlife/853288159/Ishidatami_49_thumbnail.jpg', 'small_url': 'https://images4-g.ravelrycache.com/uploads/Handknitlife/853288159/Ishidatami_49_small_best_fit.jpg', 'flickr_url': None, 'shelved_url': 'https://images4-g.ravelrycache.com/uploads/Handknitlife/853288159/Ishidatami_49_shelved.jpg', 'medium2_url': 'https://images4-a.ravelrycache.com/uploads/Handknitlife/853288159/Ishidatami_49_medium2.jpg', 'small2_url': 'https://images4-f.ravelrycache.com/uploads/Handknitlife/853288159/Ishidatami_49_small2.jpg', 'caption': None, 'caption_html': None, 'copyright_holder': None}, {'id': 113431094, 'sort_order': 6, 'user_id': 640889, 'x_offset': -43, 'y_offset': 0, 'square_url': 'https://images4-f.ravelrycache.com/uploads/Handknitlife/853288158/Ishidatami_40_square.jpg', 'medium_url': 'https://images4-f.ravelrycache.com/uploads/Handknitlife/853288158/Ishidatami_40_medium.jpg', 'thumbnail_url': 'https://images4-g.ravelrycache.com/uploads/Handknitlife/853288158/Ishidatami_40_thumbnail.jpg', 'small_url': 'https://images4-g.ravelrycache.com/uploads/Handknitlife/853288158/Ishidatami_40_small_best_fit.jpg', 'flickr_url': None, 'shelved_url': 'https://images4-f.ravelrycache.com/uploads/Handknitlife/853288158/Ishidatami_40_shelved.jpg', 'medium2_url': 'https://images4-a.ravelrycache.com/uploads/Handknitlife/853288158/Ishidatami_40_medium2.jpg', 'small2_url': 'https://images4-f.ravelrycache.com/uploads/Handknitlife/853288158/Ishidatami_40_small2.jpg', 'caption': None, 'caption_html': None, 'copyright_holder': None}, {'id': 113431095, 'sort_order': 7, 'user_id': 640889, 'x_offset': -43, 'y_offset': 0, 'square_url': 'https://images4-g.ravelrycache.com/uploads/Handknitlife/853287753/Ishidatami_31_square.jpg', 'medium_url': 'https://images4-g.ravelrycache.com/uploads/Handknitlife/853287753/Ishidatami_31_medium.jpg', 'thumbnail_url': 'https://images4-g.ravelrycache.com/uploads/Handknitlife/853287753/Ishidatami_31_thumbnail.jpg', 'small_url': 'https://images4-f.ravelrycache.com/uploads/Handknitlife/853287753/Ishidatami_31_small_best_fit.jpg', 'flickr_url': None, 'shelved_url': 'https://images4-f.ravelrycache.com/uploads/Handknitlife/853287753/Ishidatami_31_shelved.jpg', 'medium2_url': 'https://images4-a.ravelrycache.com/uploads/Handknitlife/853287753/Ishidatami_31_medium2.jpg', 'small2_url': 'https://images4-g.ravelrycache.com/uploads/Handknitlife/853287753/Ishidatami_31_small2.jpg', 'caption': None, 'caption_html': None, 'copyright_holder': None}, {'id': 113431096, 'sort_order': 8, 'user_id': 640889, 'x_offset': 0, 'y_offset': 1, 'square_url': 'https://images4-f.ravelrycache.com/uploads/Handknitlife/853288160/Ishidatami_42_square.jpg', 'medium_url': 'https://images4-f.ravelrycache.com/uploads/Handknitlife/853288160/Ishidatami_42_medium.jpg', 'thumbnail_url': 'https://images4-g.ravelrycache.com/uploads/Handknitlife/853288160/Ishidatami_42_thumbnail.jpg', 'small_url': 'https://images4-f.ravelrycache.com/uploads/Handknitlife/853288160/Ishidatami_42_small_best_fit.jpg', 'flickr_url': None, 'shelved_url': 'https://images4-g.ravelrycache.com/uploads/Handknitlife/853288160/Ishidatami_42_shelved.jpg', 'medium2_url': 'https://images4-a.ravelrycache.com/uploads/Handknitlife/853288160/Ishidatami_42_medium2.jpg', 'small2_url': 'https://images4-f.ravelrycache.com/uploads/Handknitlife/853288160/Ishidatami_42_small2.jpg', 'caption': None, 'caption_html': None, 'copyright_holder': None}, {'id': 113431097, 'sort_order': 9, 'user_id': 640889, 'x_offset': -43, 'y_offset': 0, 'square_url': 'https://images4-g.ravelrycache.com/uploads/Handknitlife/853287557/Ishidatami_9_square.jpg', 'medium_url': 'https://images4-g.ravelrycache.com/uploads/Handknitlife/853287557/Ishidatami_9_medium.jpg', 'thumbnail_url': 'https://images4-f.ravelrycache.com/uploads/Handknitlife/853287557/Ishidatami_9_thumbnail.jpg', 'small_url': 'https://images4-g.ravelrycache.com/uploads/Handknitlife/853287557/Ishidatami_9_small_best_fit.jpg', 'flickr_url': None, 'shelved_url': 'https://images4-g.ravelrycache.com/uploads/Handknitlife/853287557/Ishidatami_9_shelved.jpg', 'medium2_url': 'https://images4-a.ravelrycache.com/uploads/Handknitlife/853287557/Ishidatami_9_medium2.jpg', 'small2_url': 'https://images4-g.ravelrycache.com/uploads/Handknitlife/853287557/Ishidatami_9_small2.jpg', 'caption': None, 'caption_html': None, 'copyright_holder': None}, {'id': 113431098, 'sort_order': 10, 'user_id': 640889, 'x_offset': -43, 'y_offset': 0, 'square_url': 'https://images4-f.ravelrycache.com/uploads/Handknitlife/853288314/Ishidatami_33_square.jpg', 'medium_url': 'https://images4-f.ravelrycache.com/uploads/Handknitlife/853288314/Ishidatami_33_medium.jpg', 'thumbnail_url': 'https://images4-f.ravelrycache.com/uploads/Handknitlife/853288314/Ishidatami_33_thumbnail.jpg', 'small_url': 'https://images4-g.ravelrycache.com/uploads/Handknitlife/853288314/Ishidatami_33_small_best_fit.jpg', 'flickr_url': None, 'shelved_url': 'https://images4-g.ravelrycache.com/uploads/Handknitlife/853288314/Ishidatami_33_shelved.jpg', 'medium2_url': 'https://images4-a.ravelrycache.com/uploads/Handknitlife/853288314/Ishidatami_33_medium2.jpg', 'small2_url': 'https://images4-f.ravelrycache.com/uploads/Handknitlife/853288314/Ishidatami_33_small2.jpg', 'caption': None, 'caption_html': None, 'copyright_holder': None}, {'id': 113431099, 'sort_order': 11, 'user_id': 640889, 'x_offset': -5, 'y_offset': -35, 'square_url': 'https://images4-g.ravelrycache.com/uploads/Handknitlife/853287341/Ishidatami_5_square.JPG', 'medium_url': 'https://images4-g.ravelrycache.com/uploads/Handknitlife/853287341/Ishidatami_5_medium.JPG', 'thumbnail_url': 'https://images4-f.ravelrycache.com/uploads/Handknitlife/853287341/Ishidatami_5_thumbnail.JPG', 'small_url': 'https://images4-f.ravelrycache.com/uploads/Handknitlife/853287341/Ishidatami_5_small.JPG', 'flickr_url': None, 'shelved_url': 'https://images4-g.ravelrycache.com/uploads/Handknitlife/853287341/Ishidatami_5_shelved.JPG', 'medium2_url': 'https://images4-a.ravelrycache.com/uploads/Handknitlife/853287341/Ishidatami_5_medium2.JPG', 'small2_url': 'https://images4-g.ravelrycache.com/uploads/Handknitlife/853287341/Ishidatami_5_small2.JPG', 'caption': None, 'caption_html': None, 'copyright_holder': None}, {'id': 113431100, 'sort_order': 12, 'user_id': 640889, 'x_offset': -5, 'y_offset': -35, 'square_url': 'https://images4-g.ravelrycache.com/uploads/Handknitlife/853287343/Ishidatami_2_square.JPG', 'medium_url': 'https://images4-g.ravelrycache.com/uploads/Handknitlife/853287343/Ishidatami_2_medium.JPG', 'thumbnail_url': 'https://images4-f.ravelrycache.com/uploads/Handknitlife/853287343/Ishidatami_2_thumbnail.JPG', 'small_url': 'https://images4-g.ravelrycache.com/uploads/Handknitlife/853287343/Ishidatami_2_small.JPG', 'flickr_url': None, 'shelved_url': 'https://images4-g.ravelrycache.com/uploads/Handknitlife/853287343/Ishidatami_2_shelved.JPG', 'medium2_url': 'https://images4-a.ravelrycache.com/uploads/Handknitlife/853287343/Ishidatami_2_medium2.JPG', 'small2_url': 'https://images4-g.ravelrycache.com/uploads/Handknitlife/853287343/Ishidatami_2_small2.JPG', 'caption': None, 'caption_html': None, 'copyright_holder': None}]"
Truth,Emma Fassio,1248818,https://www.ravelry.com/patterns/library/truth-4,False,https://images4-a.ravelrycache.com/uploads/emmafassio/860105896/6c4c0ef3-ce3f-4583-9028-9da8faedcdbe_medium2.JPG,Knitting,"['eyelets', 'seamed', 'written-pattern', 'worked-flat']",18.0,0.0,True,4.0,,pullover,,5,0.0," S(M, L, XL, XXL)","[{'id': 113432918, 'sort_order': 1, 'user_id': 280258, 'x_offset': -5, 'y_offset': -35, 'square_url': 'https://images4-f.ravelrycache.com/uploads/emmafassio/860105896/6c4c0ef3-ce3f-4583-9028-9da8faedcdbe_square.JPG', 'medium_url': 'https://images4-f.ravelrycache.com/uploads/emmafassio/860105896/6c4c0ef3-ce3f-4583-9028-9da8faedcdbe_medium.JPG', 'thumbnail_url': 'https://images4-f.ravelrycache.com/uploads/emmafassio/860105896/6c4c0ef3-ce3f-4583-9028-9da8faedcdbe_thumbnail.JPG', 'small_url': 'https://images4-f.ravelrycache.com/uploads/emmafassio/860105896/6c4c0ef3-ce3f-4583-9028-9da8faedcdbe_small.JPG', 'flickr_url': None, 'shelved_url': 'https://images4-g.ravelrycache.com/uploads/emmafassio/860105896/6c4c0ef3-ce3f-4583-9028-9da8faedcdbe_shelved.JPG', 'medium2_url': 'https://images4-a.ravelrycache.com/uploads/emmafassio/860105896/6c4c0ef3-ce3f-4583-9028-9da8faedcdbe_medium2.JPG', 'small2_url': 'https://images4-f.ravelrycache.com/uploads/emmafassio/860105896/6c4c0ef3-ce3f-4583-9028-9da8faedcdbe_small2.JPG', 'caption': None, 'caption_html': None, 'copyright_holder': None}, {'id': 121424832, 'sort_order': 2, 'user_id': 280258, 'x_offset': -5, 'y_offset': -35, 'square_url': 'https://images4-g.ravelrycache.com/uploads/emmafassio/924659357/F2B59DFE-3CC6-4815-A7FB-FE64F34A9211_square.jpeg', 'medium_url': 'https://images4-g.ravelrycache.com/uploads/emmafassio/924659357/F2B59DFE-3CC6-4815-A7FB-FE64F34A9211_medium.jpeg', 'thumbnail_url': 'https://images4-f.ravelrycache.com/uploads/emmafassio/924659357/F2B59DFE-3CC6-4815-A7FB-FE64F34A9211_thumbnail.jpeg', 'small_url': 'https://images4-g.ravelrycache.com/uploads/emmafassio/924659357/F2B59DFE-3CC6-4815-A7FB-FE64F34A9211_small.jpeg', 'flickr_url': None, 'shelved_url': 'https://images4-g.ravelrycache.com/uploads/emmafassio/924659357/F2B59DFE-3CC6-4815-A7FB-FE64F34A9211_shelved.jpeg', 'medium2_url': 'https://images4-a.ravelrycache.com/uploads/emmafassio/924659357/F2B59DFE-3CC6-4815-A7FB-FE64F34A9211_medium2.jpeg', 'small2_url': 'https://images4-f.ravelrycache.com/uploads/emmafassio/924659357/F2B59DFE-3CC6-4815-A7FB-FE64F34A9211_small2.jpeg', 'caption': None, 'caption_html': None, 'copyright_holder': None}, {'id': 113432919, 'sort_order': 3, 'user_id': 280258, 'x_offset': -5, 'y_offset': -35, 'square_url': 'https://images4-f.ravelrycache.com/uploads/emmafassio/860105879/cec07f47-03bd-4a4f-9468-6a4964273790_square.JPG', 'medium_url': 'https://images4-f.ravelrycache.com/uploads/emmafassio/860105879/cec07f47-03bd-4a4f-9468-6a4964273790_medium.JPG', 'thumbnail_url': 'https://images4-f.ravelrycache.com/uploads/emmafassio/860105879/cec07f47-03bd-4a4f-9468-6a4964273790_thumbnail.JPG', 'small_url': 'https://images4-f.ravelrycache.com/uploads/emmafassio/860105879/cec07f47-03bd-4a4f-9468-6a4964273790_small.JPG', 'flickr_url': None, 'shelved_url': 'https://images4-f.ravelrycache.com/uploads/emmafassio/860105879/cec07f47-03bd-4a4f-9468-6a4964273790_shelved.JPG', 'medium2_url': 'https://images4-a.ravelrycache.com/uploads/emmafassio/860105879/cec07f47-03bd-4a4f-9468-6a4964273790_medium2.JPG', 'small2_url': 'https://images4-f.ravelrycache.com/uploads/emmafassio/860105879/cec07f47-03bd-4a4f-9468-6a4964273790_small2.JPG', 'caption': None, 'caption_html': None, 'copyright_holder': None}, {'id': 113432920, 'sort_order': 4, 'user_id': 280258, 'x_offset': -5, 'y_offset': -35, 'square_url': 'https://images4-g.ravelrycache.com/uploads/emmafassio/860105864/147a52fd-2f26-487a-9dc7-eb04aea5283a_square.JPG', 'medium_url': 'https://images4-g.ravelrycache.com/uploads/emmafassio/860105864/147a52fd-2f26-487a-9dc7-eb04aea5283a_medium.JPG', 'thumbnail_url': 'https://images4-g.ravelrycache.com/uploads/emmafassio/860105864/147a52fd-2f26-487a-9dc7-eb04aea5283a_thumbnail.JPG', 'small_url': 'https://images4-g.ravelrycache.com/uploads/emmafassio/860105864/147a52fd-2f26-487a-9dc7-eb04aea5283a_small.JPG', 'flickr_url': None, 'shelved_url': 'https://images4-g.ravelrycache.com/uploads/emmafassio/860105864/147a52fd-2f26-487a-9dc7-eb04aea5283a_shelved.JPG', 'medium2_url': 'https://images4-a.ravelrycache.com/uploads/emmafassio/860105864/147a52fd-2f26-487a-9dc7-eb04aea5283a_medium2.JPG', 'small2_url': 'https://images4-g.ravelrycache.com/uploads/emmafassio/860105864/147a52fd-2f26-487a-9dc7-eb04aea5283a_small2.JPG', 'caption': None, 'caption_html': None, 'copyright_holder': None}, {'id': 121424831, 'sort_order': 5, 'user_id': 280258, 'x_offset': -37, 'y_offset': 0, 'square_url': 'https://images4-g.ravelrycache.com/uploads/emmafassio/924659349/E0C6635A-DCD7-4087-9280-ACA57C0474F7_square.jpeg', 'medium_url': 'https://images4-g.ravelrycache.com/uploads/emmafassio/924659349/E0C6635A-DCD7-4087-9280-ACA57C0474F7_medium.jpeg', 'thumbnail_url': 'https://images4-g.ravelrycache.com/uploads/emmafassio/924659349/E0C6635A-DCD7-4087-9280-ACA57C0474F7_thumbnail.jpeg', 'small_url': 'https://images4-g.ravelrycache.com/uploads/emmafassio/924659349/E0C6635A-DCD7-4087-9280-ACA57C0474F7_small_best_fit.jpeg', 'flickr_url': None, 'shelved_url': 'https://images4-f.ravelrycache.com/uploads/emmafassio/924659349/E0C6635A-DCD7-4087-9280-ACA57C0474F7_shelved.jpeg', 'medium2_url': 'https://images4-a.ravelrycache.com/uploads/emmafassio/924659349/E0C6635A-DCD7-4087-9280-ACA57C0474F7_medium2.jpeg', 'small2_url': 'https://images4-f.ravelrycache.com/uploads/emmafassio/924659349/E0C6635A-DCD7-4087-9280-ACA57C0474F7_small2.jpeg', 'caption': None, 'caption_html': None, 'copyright_holder': None}, {'id': 113432921, 'sort_order': 6, 'user_id': 280258, 'x_offset': -5, 'y_offset': -35, 'square_url': 'https://images4-f.ravelrycache.com/uploads/emmafassio/860105868/df80833d-2715-419c-99db-41fbd5154918_square.JPG', 'medium_url': 'https://images4-f.ravelrycache.com/uploads/emmafassio/860105868/df80833d-2715-419c-99db-41fbd5154918_medium.JPG', 'thumbnail_url': 'https://images4-g.ravelrycache.com/uploads/emmafassio/860105868/df80833d-2715-419c-99db-41fbd5154918_thumbnail.JPG', 'small_url': 'https://images4-g.ravelrycache.com/uploads/emmafassio/860105868/df80833d-2715-419c-99db-41fbd5154918_small.JPG', 'flickr_url': None, 'shelved_url': 'https://images4-g.ravelrycache.com/uploads/emmafassio/860105868/df80833d-2715-419c-99db-41fbd5154918_shelved.JPG', 'medium2_url': 'https://images4-a.ravelrycache.com/uploads/emmafassio/860105868/df80833d-2715-419c-99db-41fbd5154918_medium2.JPG', 'small2_url': 'https://images4-f.ravelrycache.com/uploads/emmafassio/860105868/df80833d-2715-419c-99db-41fbd5154918_small2.JPG', 'caption': None, 'caption_html': None, 'copyright_holder': None}, {'id': 113432922, 'sort_order': 7, 'user_id': 280258, 'x_offset': -5, 'y_offset': -35, 'square_url': 'https://images4-f.ravelrycache.com/uploads/emmafassio/860105928/0f372934-b987-4387-bd1f-6f3c5f33fabd_square.JPG', 'medium_url': 'https://images4-f.ravelrycache.com/uploads/emmafassio/860105928/0f372934-b987-4387-bd1f-6f3c5f33fabd_medium.JPG', 'thumbnail_url': 'https://images4-g.ravelrycache.com/uploads/emmafassio/860105928/0f372934-b987-4387-bd1f-6f3c5f33fabd_thumbnail.JPG', 'small_url': 'https://images4-f.ravelrycache.com/uploads/emmafassio/860105928/0f372934-b987-4387-bd1f-6f3c5f33fabd_small.JPG', 'flickr_url': None, 'shelved_url': 'https://images4-g.ravelrycache.com/uploads/emmafassio/860105928/0f372934-b987-4387-bd1f-6f3c5f33fabd_shelved.JPG', 'medium2_url': 'https://images4-a.ravelrycache.com/uploads/emmafassio/860105928/0f372934-b987-4387-bd1f-6f3c5f33fabd_medium2.JPG', 'small2_url': 'https://images4-f.ravelrycache.com/uploads/emmafassio/860105928/0f372934-b987-4387-bd1f-6f3c5f33fabd_small2.JPG', 'caption': None, 'caption_html': None, 'copyright_holder': ''}]"
clay girl,Pope Vergara,1248881,https://www.ravelry.com/patterns/library/clay-girl,False,https://images4-a.ravelrycache.com/uploads/Popevergara/860134434/DSC02708_medium2.jpg,Knitting,"['child', 'beads', 'short-rows', 'top-down', 'positive-ease', 'captioned-video']",20.0,2.25,True,4.0,stockinette st working on the round after blocking,child,Sport,17,5.0,"2 (4, 6, 8, 10, 12) years.","[{'id': 113436589, 'sort_order': 1, 'user_id': 8284590, 'x_offset': -43, 'y_offset': 0, 'square_url': 'https://images4-g.ravelrycache.com/uploads/Popevergara/860134434/DSC02708_square.jpg', 'medium_url': 'https://images4-g.ravelrycache.com/uploads/Popevergara/860134434/DSC02708_medium.jpg', 'thumbnail_url': 'https://images4-f.ravelrycache.com/uploads/Popevergara/860134434/DSC02708_thumbnail.jpg', 'small_url': 'https://images4-f.ravelrycache.com/uploads/Popevergara/860134434/DSC02708_small_best_fit.jpg', 'flickr_url': None, 'shelved_url': 'https://images4-g.ravelrycache.com/uploads/Popevergara/860134434/DSC02708_shelved.jpg', 'medium2_url': 'https://images4-a.ravelrycache.com/uploads/Popevergara/860134434/DSC02708_medium2.jpg', 'small2_url': 'https://images4-g.ravelrycache.com/uploads/Popevergara/860134434/DSC02708_small2.jpg', 'caption': None, 'caption_html': None, 'copyright_holder': None}, {'id': 113436588, 'sort_order': 2, 'user_id': 8284590, 'x_offset': 0, 'y_offset': -43, 'square_url': 'https://images4-f.ravelrycache.com/uploads/Popevergara/860134092/DSC02611_square.JPG', 'medium_url': 'https://images4-f.ravelrycache.com/uploads/Popevergara/860134092/DSC02611_medium.JPG', 'thumbnail_url': 'https://images4-f.ravelrycache.com/uploads/Popevergara/860134092/DSC02611_thumbnail.JPG', 'small_url': 'https://images4-f.ravelrycache.com/uploads/Popevergara/860134092/DSC02611_small_best_fit.JPG', 'flickr_url': None, 'shelved_url': 'https://images4-g.ravelrycache.com/uploads/Popevergara/860134092/DSC02611_shelved.JPG', 'medium2_url': 'https://images4-a.ravelrycache.com/uploads/Popevergara/860134092/DSC02611_medium2.JPG', 'small2_url': 'https://images4-f.ravelrycache.com/uploads/Popevergara/860134092/DSC02611_small2.JPG', 'caption': None, 'caption_html': None, 'copyright_holder': None}, {'id': 113436590, 'sort_order': 3, 'user_id': 8284590, 'x_offset': 0, 'y_offset': -43, 'square_url': 'https://images4-f.ravelrycache.com/uploads/Popevergara/860134376/DSC02630_square.JPG', 'medium_url': 'https://images4-f.ravelrycache.com/uploads/Popevergara/860134376/DSC02630_medium.JPG', 'thumbnail_url': 'https://images4-g.ravelrycache.com/uploads/Popevergara/860134376/DSC02630_thumbnail.JPG', 'small_url': 'https://images4-g.ravelrycache.com/uploads/Popevergara/860134376/DSC02630_small_best_fit.JPG', 'flickr_url': None, 'shelved_url': 'https://images4-g.ravelrycache.com/uploads/Popevergara/860134376/DSC02630_shelved.JPG', 'medium2_url': 'https://images4-a.ravelrycache.com/uploads/Popevergara/860134376/DSC02630_medium2.JPG', 'small2_url': 'https://images4-f.ravelrycache.com/uploads/Popevergara/860134376/DSC02630_small2.JPG', 'caption': None, 'caption_html': None, 'copyright_holder': None}, {'id': 113436591, 'sort_order': 4, 'user_id': 8284590, 'x_offset': -43, 'y_offset': 0, 'square_url': 'https://images4-g.ravelrycache.com/uploads/Popevergara/860134283/DSC02618_square.JPG', 'medium_url': 'https://images4-g.ravelrycache.com/uploads/Popevergara/860134283/DSC02618_medium.JPG', 'thumbnail_url': 'https://images4-g.ravelrycache.com/uploads/Popevergara/860134283/DSC02618_thumbnail.JPG', 'small_url': 'https://images4-f.ravelrycache.com/uploads/Popevergara/860134283/DSC02618_small_best_fit.JPG', 'flickr_url': None, 'shelved_url': 'https://images4-g.ravelrycache.com/uploads/Popevergara/860134283/DSC02618_shelved.JPG', 'medium2_url': 'https://images4-a.ravelrycache.com/uploads/Popevergara/860134283/DSC02618_medium2.JPG', 'small2_url': 'https://images4-g.ravelrycache.com/uploads/Popevergara/860134283/DSC02618_small2.JPG', 'caption': None, 'caption_html': None, 'copyright_holder': None}, {'id': 113436592, 'sort_order': 5, 'user_id': 8284590, 'x_offset': -43, 'y_offset': 0, 'square_url': 'https://images4-f.ravelrycache.com/uploads/Popevergara/860134154/DSC02612_square.JPG', 'medium_url': 'https://images4-f.ravelrycache.com/uploads/Popevergara/860134154/DSC02612_medium.JPG', 'thumbnail_url': 'https://images4-g.ravelrycache.com/uploads/Popevergara/860134154/DSC02612_thumbnail.JPG', 'small_url': 'https://images4-g.ravelrycache.com/uploads/Popevergara/860134154/DSC02612_small_best_fit.JPG', 'flickr_url': None, 'shelved_url': 'https://images4-g.ravelrycache.com/uploads/Popevergara/860134154/DSC02612_shelved.JPG', 'medium2_url': 'https://images4-a.ravelrycache.com/uploads/Popevergara/860134154/DSC02612_medium2.JPG', 'small2_url': 'https://images4-f.ravelrycache.com/uploads/Popevergara/860134154/DSC02612_small2.JPG', 'caption': None, 'caption_html': None, 'copyright_holder': None}, {'id': 113436593, 'sort_order': 6, 'user_id': 8284590, 'x_offset': -5, 'y_offset': -35, 'square_url': 'https://images4-g.ravelrycache.com/uploads/Popevergara/860134610/4a9af88e-cae5-4984-b026-5fd7240a289d_square.jpg', 'medium_url': 'https://images4-g.ravelrycache.com/uploads/Popevergara/860134610/4a9af88e-cae5-4984-b026-5fd7240a289d_medium.jpg', 'thumbnail_url': 'https://images4-f.ravelrycache.com/uploads/Popevergara/860134610/4a9af88e-cae5-4984-b026-5fd7240a289d_thumbnail.jpg', 'small_url': 'https://images4-g.ravelrycache.com/uploads/Popevergara/860134610/4a9af88e-cae5-4984-b026-5fd7240a289d_small.jpg', 'flickr_url': None, 'shelved_url': 'https://images4-g.ravelrycache.com/uploads/Popevergara/860134610/4a9af88e-cae5-4984-b026-5fd7240a289d_shelved.jpg', 'medium2_url': 'https://images4-a.ravelrycache.com/uploads/Popevergara/860134610/4a9af88e-cae5-4984-b026-5fd7240a289d_medium2.jpg', 'small2_url': 'https://images4-g.ravelrycache.com/uploads/Popevergara/860134610/4a9af88e-cae5-4984-b026-5fd7240a289d_small2.jpg', 'caption': None, 'caption_html': None, 'copyright_holder': None}, {'id': 113436594, 'sort_order': 7, 'user_id': 8284590, 'x_offset': -35, 'y_offset': -5, 'square_url': 'https://images4-f.ravelrycache.com/uploads/Popevergara/860134674/b937257d-1329-407a-bc40-f70a94967420_square.jpg', 'medium_url': 'https://images4-f.ravelrycache.com/uploads/Popevergara/860134674/b937257d-1329-407a-bc40-f70a94967420_medium.jpg', 'thumbnail_url': 'https://images4-f.ravelrycache.com/uploads/Popevergara/860134674/b937257d-1329-407a-bc40-f70a94967420_thumbnail.jpg', 'small_url': 'https://images4-g.ravelrycache.com/uploads/Popevergara/860134674/b937257d-1329-407a-bc40-f70a94967420_small.jpg', 'flickr_url': None, 'shelved_url': 'https://images4-f.ravelrycache.com/uploads/Popevergara/860134674/b937257d-1329-407a-bc40-f70a94967420_shelved.jpg', 'medium2_url': 'https://images4-a.ravelrycache.com/uploads/Popevergara/860134674/b937257d-1329-407a-bc40-f70a94967420_medium2.jpg', 'small2_url': 'https://images4-f.ravelrycache.com/uploads/Popevergara/860134674/b937257d-1329-407a-bc40-f70a94967420_small2.jpg', 'caption': None, 'caption_html': None, 'copyright_holder': None}]"
Miane,Xiaowei Design,1248890,https://www.ravelry.com/patterns/library/miane,False,https://images4-a.ravelrycache.com/uploads/byxiaowei/860140301/Miane_patron_tricot_femme_3-min_medium2.jpg,Knitting,"['female', 'adult', 'lace', 'one-piece', 'seamless', 'top-down', 'positive-ease', 'worked-flat', 'in-the-round']",22.0,3.2,True,4.0,St st,pullover,Sport,13,4.8,"Finished bust circumference: 90 (100, 110, 120)(130, 140, 150) cm or 35½ (39¼, 43¼, 47½)(51¼, 55, 59) in","[{'id': 113437283, 'sort_order': 1, 'user_id': 4505974, 'x_offset': -4, 'y_offset': -35, 'square_url': 'https://images4-g.ravelrycache.com/uploads/byxiaowei/860140301/Miane_patron_tricot_femme_3-min_square.jpg', 'medium_url': 'https://images4-g.ravelrycache.com/uploads/byxiaowei/860140301/Miane_patron_tricot_femme_3-min_medium.jpg', 'thumbnail_url': 'https://images4-f.ravelrycache.com/uploads/byxiaowei/860140301/Miane_patron_tricot_femme_3-min_thumbnail.jpg', 'small_url': 'https://images4-f.ravelrycache.com/uploads/byxiaowei/860140301/Miane_patron_tricot_femme_3-min_small.jpg', 'flickr_url': None, 'shelved_url': 'https://images4-f.ravelrycache.com/uploads/byxiaowei/860140301/Miane_patron_tricot_femme_3-min_shelved.jpg', 'medium2_url': 'https://images4-a.ravelrycache.com/uploads/byxiaowei/860140301/Miane_patron_tricot_femme_3-min_medium2.jpg', 'small2_url': 'https://images4-g.ravelrycache.com/uploads/byxiaowei/860140301/Miane_patron_tricot_femme_3-min_small2.jpg', 'caption': None, 'caption_html': None, 'copyright_holder': None}, {'id': 113437284, 'sort_order': 2, 'user_id': 4505974, 'x_offset': -1, 'y_offset': -35, 'square_url': 'https://images4-g.ravelrycache.com/uploads/byxiaowei/860140305/Miane_patron_tricot_femme-min_square.jpg', 'medium_url': 'https://images4-g.ravelrycache.com/uploads/byxiaowei/860140305/Miane_patron_tricot_femme-min_medium.jpg', 'thumbnail_url': 'https://images4-f.ravelrycache.com/uploads/byxiaowei/860140305/Miane_patron_tricot_femme-min_thumbnail.jpg', 'small_url': 'https://images4-f.ravelrycache.com/uploads/byxiaowei/860140305/Miane_patron_tricot_femme-min_small.jpg', 'flickr_url': None, 'shelved_url': 'https://images4-g.ravelrycache.com/uploads/byxiaowei/860140305/Miane_patron_tricot_femme-min_shelved.jpg', 'medium2_url': 'https://images4-a.ravelrycache.com/uploads/byxiaowei/860140305/Miane_patron_tricot_femme-min_medium2.jpg', 'small2_url': 'https://images4-g.ravelrycache.com/uploads/byxiaowei/860140305/Miane_patron_tricot_femme-min_small2.jpg', 'caption': None, 'caption_html': None, 'copyright_holder': None}, {'id': 113437285, 'sort_order': 3, 'user_id': 4505974, 'x_offset': -1, 'y_offset': -35, 'square_url': 'https://images4-f.ravelrycache.com/uploads/byxiaowei/860140302/Miane_patron_tricot_femme_2-min_square.jpg', 'medium_url': 'https://images4-f.ravelrycache.com/uploads/byxiaowei/860140302/Miane_patron_tricot_femme_2-min_medium.jpg', 'thumbnail_url': 'https://images4-f.ravelrycache.com/uploads/byxiaowei/860140302/Miane_patron_tricot_femme_2-min_thumbnail.jpg', 'small_url': 'https://images4-g.ravelrycache.com/uploads/byxiaowei/860140302/Miane_patron_tricot_femme_2-min_small.jpg', 'flickr_url': None, 'shelved_url': 'https://images4-g.ravelrycache.com/uploads/byxiaowei/860140302/Miane_patron_tricot_femme_2-min_shelved.jpg', 'medium2_url': 'https://images4-a.ravelrycache.com/uploads/byxiaowei/860140302/Miane_patron_tricot_femme_2-min_medium2.jpg', 'small2_url': 'https://images4-f.ravelrycache.com/uploads/byxiaowei/860140302/Miane_patron_tricot_femme_2-min_small2.jpg', 'caption': None, 'caption_html': None, 'copyright_holder': None}, {'id': 113437286, 'sort_order': 4, 'user_id': 4505974, 'x_offset': 0, 'y_offset': -40, 'square_url': 'https://images4-g.ravelrycache.com/uploads/byxiaowei/860140300/Miane_patron_tricot_femme_9-min_square.jpg', 'medium_url': 'https://images4-g.ravelrycache.com/uploads/byxiaowei/860140300/Miane_patron_tricot_femme_9-min_medium.jpg', 'thumbnail_url': 'https://images4-g.ravelrycache.com/uploads/byxiaowei/860140300/Miane_patron_tricot_femme_9-min_thumbnail.jpg', 'small_url': 'https://images4-f.ravelrycache.com/uploads/byxiaowei/860140300/Miane_patron_tricot_femme_9-min_small_best_fit.jpg', 'flickr_url': None, 'shelved_url': 'https://images4-g.ravelrycache.com/uploads/byxiaowei/860140300/Miane_patron_tricot_femme_9-min_shelved.jpg', 'medium2_url': 'https://images4-a.ravelrycache.com/uploads/byxiaowei/860140300/Miane_patron_tricot_femme_9-min_medium2.jpg', 'small2_url': 'https://images4-g.ravelrycache.com/uploads/byxiaowei/860140300/Miane_patron_tricot_femme_9-min_small2.jpg', 'caption': None, 'caption_html': None, 'copyright_holder': None}, {'id': 113437287, 'sort_order': 5, 'user_id': 4505974, 'x_offset': -2, 'y_offset': -35, 'square_url': 'https://images4-f.ravelrycache.com/uploads/byxiaowei/860140299/Miane_patron_tricot_femme_7-min_square.jpg', 'medium_url': 'https://images4-f.ravelrycache.com/uploads/byxiaowei/860140299/Miane_patron_tricot_femme_7-min_medium.jpg', 'thumbnail_url': 'https://images4-g.ravelrycache.com/uploads/byxiaowei/860140299/Miane_patron_tricot_femme_7-min_thumbnail.jpg', 'small_url': 'https://images4-f.ravelrycache.com/uploads/byxiaowei/860140299/Miane_patron_tricot_femme_7-min_small.jpg', 'flickr_url': None, 'shelved_url': 'https://images4-f.ravelrycache.com/uploads/byxiaowei/860140299/Miane_patron_tricot_femme_7-min_shelved.jpg', 'medium2_url': 'https://images4-a.ravelrycache.com/uploads/byxiaowei/860140299/Miane_patron_tricot_femme_7-min_medium2.jpg', 'small2_url': 'https://images4-f.ravelrycache.com/uploads/byxiaowei/860140299/Miane_patron_tricot_femme_7-min_small2.jpg', 'caption': None, 'caption_html': None, 'copyright_holder': None}, {'id': 113437288, 'sort_order': 6, 'user_id': 4505974, 'x_offset': -2, 'y_offset': -35, 'square_url': 'https://images4-g.ravelrycache.com/uploads/byxiaowei/860140298/Miane_patron_tricot_femme_6-min_square.jpg', 'medium_url': 'https://images4-g.ravelrycache.com/uploads/byxiaowei/860140298/Miane_patron_tricot_femme_6-min_medium.jpg', 'thumbnail_url': 'https://images4-f.ravelrycache.com/uploads/byxiaowei/860140298/Miane_patron_tricot_femme_6-min_thumbnail.jpg', 'small_url': 'https://images4-g.ravelrycache.com/uploads/byxiaowei/860140298/Miane_patron_tricot_femme_6-min_small.jpg', 'flickr_url': None, 'shelved_url': 'https://images4-f.ravelrycache.com/uploads/byxiaowei/860140298/Miane_patron_tricot_femme_6-min_shelved.jpg', 'medium2_url': 'https://images4-a.ravelrycache.com/uploads/byxiaowei/860140298/Miane_patron_tricot_femme_6-min_medium2.jpg', 'small2_url': 'https://images4-g.ravelrycache.com/uploads/byxiaowei/860140298/Miane_patron_tricot_femme_6-min_small2.jpg', 'caption': None, 'caption_html': None, 'copyright_holder': None}, {'id': 113437289, 'sort_order': 7, 'user_id': 4505974, 'x_offset': -5, 'y_offset': -35, 'square_url': 'https://images4-f.ravelrycache.com/uploads/byxiaowei/860140304/Miane_patron_tricot_femme_5-min_square.jpg', 'medium_url': 'https://images4-f.ravelrycache.com/uploads/byxiaowei/860140304/Miane_patron_tricot_femme_5-min_medium.jpg', 'thumbnail_url': 'https://images4-f.ravelrycache.com/uploads/byxiaowei/860140304/Miane_patron_tricot_femme_5-min_thumbnail.jpg', 'small_url': 'https://images4-g.ravelrycache.com/uploads/byxiaowei/860140304/Miane_patron_tricot_femme_5-min_small.jpg', 'flickr_url': None, 'shelved_url': 'https://images4-f.ravelrycache.com/uploads/byxiaowei/860140304/Miane_patron_tricot_femme_5-min_shelved.jpg', 'medium2_url': 'https://images4-a.ravelrycache.com/uploads/byxiaowei/860140304/Miane_patron_tricot_femme_5-min_medium2.jpg', 'small2_url': 'https://images4-f.ravelrycache.com/uploads/byxiaowei/860140304/Miane_patron_tricot_femme_5-min_small2.jpg', 'caption': None, 'caption_html': None, 'copyright_holder': None}]"
Sorgenfri,Wenche Roald,1248927,https://www.ravelry.com/patterns/library/sorgenfri,False,https://images4-a.ravelrycache.com/uploads/knitnetty/860161204/IMG_9330_medium2.jpg,Knitting,"['female', 'adult', 'raglan-sleeve', 'top-down', 'written-pattern']",20.0,0.0,True,4.0,Glattstrikk (Stockinette),pullover,,17,0.0,XS-4XL,"[{'id': 113440051, 'sort_order': 1, 'user_id': 70287, 'x_offset': 0, 'y_offset': 0, 'square_url': 'https://images4-f.ravelrycache.com/uploads/knitnetty/860161204/IMG_9330_square.jpg', 'medium_url': 'https://images4-f.ravelrycache.com/uploads/knitnetty/860161204/IMG_9330_medium.jpg', 'thumbnail_url': 'https://images4-g.ravelrycache.com/uploads/knitnetty/860161204/IMG_9330_thumbnail.jpg', 'small_url': 'https://images4-g.ravelrycache.com/uploads/knitnetty/860161204/IMG_9330_small_best_fit.jpg', 'flickr_url': None, 'shelved_url': 'https://images4-g.ravelrycache.com/uploads/knitnetty/860161204/IMG_9330_shelved.jpg', 'medium2_url': 'https://images4-a.ravelrycache.com/uploads/knitnetty/860161204/IMG_9330_medium2.jpg', 'small2_url': 'https://images4-f.ravelrycache.com/uploads/knitnetty/860161204/IMG_9330_small2.jpg', 'caption': None, 'caption_html': None, 'copyright_holder': None}, {'id': 113440052, 'sort_order': 2, 'user_id': 70287, 'x_offset': 0, 'y_offset': 0, 'square_url': 'https://images4-f.ravelrycache.com/uploads/knitnetty/860161207/IMG_9331_square.jpg', 'medium_url': 'https://images4-f.ravelrycache.com/uploads/knitnetty/860161207/IMG_9331_medium.jpg', 'thumbnail_url': 'https://images4-g.ravelrycache.com/uploads/knitnetty/860161207/IMG_9331_thumbnail.jpg', 'small_url': 'https://images4-g.ravelrycache.com/uploads/knitnetty/860161207/IMG_9331_small_best_fit.jpg', 'flickr_url': None, 'shelved_url': 'https://images4-f.ravelrycache.com/uploads/knitnetty/860161207/IMG_9331_shelved.jpg', 'medium2_url': 'https://images4-a.ravelrycache.com/uploads/knitnetty/860161207/IMG_9331_medium2.jpg', 'small2_url': 'https://images4-f.ravelrycache.com/uploads/knitnetty/860161207/IMG_9331_small2.jpg', 'caption': None, 'caption_html': None, 'copyright_holder': None}, {'id': 113440053, 'sort_order': 3, 'user_id': 70287, 'x_offset': 0, 'y_offset': 0, 'square_url': 'https://images4-f.ravelrycache.com/uploads/knitnetty/860161206/IMG_9333_square.jpg', 'medium_url': 'https://images4-f.ravelrycache.com/uploads/knitnetty/860161206/IMG_9333_medium.jpg', 'thumbnail_url': 'https://images4-f.ravelrycache.com/uploads/knitnetty/860161206/IMG_9333_thumbnail.jpg', 'small_url': 'https://images4-g.ravelrycache.com/uploads/knitnetty/860161206/IMG_9333_small_best_fit.jpg', 'flickr_url': None, 'shelved_url': 'https://images4-f.ravelrycache.com/uploads/knitnetty/860161206/IMG_9333_shelved.jpg', 'medium2_url': 'https://images4-a.ravelrycache.com/uploads/knitnetty/860161206/IMG_9333_medium2.jpg', 'small2_url': 'https://images4-f.ravelrycache.com/uploads/knitnetty/860161206/IMG_9333_small2.jpg', 'caption': None, 'caption_html': None, 'copyright_holder': None}]"
Wunderbar,Turquoise Toque Designs,1249103,https://www.ravelry.com/patterns/library/wunderbar-2,False,https://images4-a.ravelrycache.com/uploads/TurquoiseToque/859531489/upload_medium2,Knitting,"['female', 'adult', 'seamed', 'crew-neck', 'short-sleeve', 'short-rows', 'bottom-up', 'positive-ease', 'written-pattern', 'drop-sleeve', 'worked-flat', 'in-the-round', 'three-needle-bind', 'stripes-colorwork']",22.0,4.666666666666667,True,4.0,Stocking Stitch ,pullover,Sport,19,4.714285714285714,"XS (S, M, L) (XL, 2X, 3X, 4X)","[{'id': 113455525, 'sort_order': 1, 'user_id': 135578, 'x_offset': 0, 'y_offset': 0, 'square_url': 'https://images4-f.ravelrycache.com/uploads/TurquoiseToque/859531489/upload_square', 'medium_url': 'https://images4-g.ravelrycache.com/uploads/TurquoiseToque/859531489/upload_medium', 'thumbnail_url': 'https://images4-g.ravelrycache.com/uploads/TurquoiseToque/859531489/upload_thumbnail', 'small_url': 'https://images4-f.ravelrycache.com/uploads/TurquoiseToque/859531489/upload_small_best_fit', 'flickr_url': None, 'shelved_url': 'https://images4-f.ravelrycache.com/uploads/TurquoiseToque/859531489/upload_shelved', 'medium2_url': 'https://images4-a.ravelrycache.com/uploads/TurquoiseToque/859531489/upload_medium2', 'small2_url': 'https://images4-f.ravelrycache.com/uploads/TurquoiseToque/859531489/upload_small2', 'caption': None, 'caption_html': None, 'copyright_holder': None}, {'id': 113455526, 'sort_order': 2, 'user_id': 135578, 'x_offset': 0, 'y_offset': 0, 'square_url': 'https://images4-g.ravelrycache.com/uploads/TurquoiseToque/860202546/upload_square', 'medium_url': 'https://images4-f.ravelrycache.com/uploads/TurquoiseToque/860202546/upload_medium', 'thumbnail_url': 'https://images4-f.ravelrycache.com/uploads/TurquoiseToque/860202546/upload_thumbnail', 'small_url': 'https://images4-g.ravelrycache.com/uploads/TurquoiseToque/860202546/upload_small_best_fit', 'flickr_url': None, 'shelved_url': 'https://images4-f.ravelrycache.com/uploads/TurquoiseToque/860202546/upload_shelved', 'medium2_url': 'https://images4-a.ravelrycache.com/uploads/TurquoiseToque/860202546/upload_medium2', 'small2_url': 'https://images4-g.ravelrycache.com/uploads/TurquoiseToque/860202546/upload_small2', 'caption': None, 'caption_html': None, 'copyright_holder': None}, {'id': 113455527, 'sort_order': 3, 'user_id': 135578, 'x_offset': 0, 'y_offset': 0, 'square_url': 'https://images4-g.ravelrycache.com/uploads/TurquoiseToque/860202563/upload_square', 'medium_url': 'https://images4-f.ravelrycache.com/uploads/TurquoiseToque/860202563/upload_medium', 'thumbnail_url': 'https://images4-g.ravelrycache.com/uploads/TurquoiseToque/860202563/upload_thumbnail', 'small_url': 'https://images4-g.ravelrycache.com/uploads/TurquoiseToque/860202563/upload_small_best_fit', 'flickr_url': None, 'shelved_url': 'https://images4-g.ravelrycache.com/uploads/TurquoiseToque/860202563/upload_shelved', 'medium2_url': 'https://images4-a.ravelrycache.com/uploads/TurquoiseToque/860202563/upload_medium2', 'small2_url': 'https://images4-g.ravelrycache.com/uploads/TurquoiseToque/860202563/upload_small2', 'caption': None, 'caption_html': None, 'copyright_holder': None}, {'id': 113455528, 'sort_order': 4, 'user_id': 135578, 'x_offset': -2, 'y_offset': 0, 'square_url': 'https://images4-f.ravelrycache.com/uploads/TurquoiseToque/859531428/upload_square', 'medium_url': 'https://images4-g.ravelrycache.com/uploads/TurquoiseToque/859531428/upload_medium', 'thumbnail_url': 'https://images4-f.ravelrycache.com/uploads/TurquoiseToque/859531428/upload_thumbnail', 'small_url': 'https://images4-g.ravelrycache.com/uploads/TurquoiseToque/859531428/upload_small_best_fit', 'flickr_url': None, 'shelved_url': 'https://images4-f.ravelrycache.com/uploads/TurquoiseToque/859531428/upload_shelved', 'medium2_url': 'https://images4-a.ravelrycache.com/uploads/TurquoiseToque/859531428/upload_medium2', 'small2_url': 'https://images4-f.ravelrycache.com/uploads/TurquoiseToque/859531428/upload_small2', 'caption': None, 'caption_html': None, 'copyright_holder': None}, {'id': 113455529, 'sort_order': 5, 'user_id': 135578, 'x_offset': 0, 'y_offset': 0, 'square_url': 'https://images4-f.ravelrycache.com/uploads/TurquoiseToque/860202664/upload_square', 'medium_url': 'https://images4-g.ravelrycache.com/uploads/TurquoiseToque/860202664/upload_medium', 'thumbnail_url': 'https://images4-f.ravelrycache.com/uploads/TurquoiseToque/860202664/upload_thumbnail', 'small_url': 'https://images4-f.ravelrycache.com/uploads/TurquoiseToque/860202664/upload_small_best_fit', 'flickr_url': None, 'shelved_url': 'https://images4-g.ravelrycache.com/uploads/TurquoiseToque/860202664/upload_shelved', 'medium2_url': 'https://images4-a.ravelrycache.com/uploads/TurquoiseToque/860202664/upload_medium2', 'small2_url': 'https://images4-f.ravelrycache.com/uploads/TurquoiseToque/860202664/upload_small2', 'caption': None, 'caption_html': None, 'copyright_holder': None}, {'id': 113455530, 'sort_order': 6, 'user_id': 135578, 'x_offset': 0, 'y_offset': 0, 'square_url': 'https://images4-f.ravelrycache.com/uploads/TurquoiseToque/859531772/upload_square', 'medium_url': 'https://images4-g.ravelrycache.com/uploads/TurquoiseToque/859531772/upload_medium', 'thumbnail_url': 'https://images4-f.ravelrycache.com/uploads/TurquoiseToque/859531772/upload_thumbnail', 'small_url': 'https://images4-g.ravelrycache.com/uploads/TurquoiseToque/859531772/upload_small_best_fit', 'flickr_url': None, 'shelved_url': 'https://images4-g.ravelrycache.com/uploads/TurquoiseToque/859531772/upload_shelved', 'medium2_url': 'https://images4-a.ravelrycache.com/uploads/TurquoiseToque/859531772/upload_medium2', 'small2_url': 'https://images4-f.ravelrycache.com/uploads/TurquoiseToque/859531772/upload_small2', 'caption': None, 'caption_html': None, 'copyright_holder': None}, {'id': 113455531, 'sort_order': 7, 'user_id': 135578, 'x_offset': 0, 'y_offset': 0, 'square_url': 'https://images4-f.ravelrycache.com/uploads/TurquoiseToque/859531907/upload_square', 'medium_url': 'https://images4-g.ravelrycache.com/uploads/TurquoiseToque/859531907/upload_medium', 'thumbnail_url': 'https://images4-f.ravelrycache.com/uploads/TurquoiseToque/859531907/upload_thumbnail', 'small_url': 'https://images4-f.ravelrycache.com/uploads/TurquoiseToque/859531907/upload_small_best_fit', 'flickr_url': None, 'shelved_url': 'https://images4-g.ravelrycache.com/uploads/TurquoiseToque/859531907/upload_shelved', 'medium2_url': 'https://images4-a.ravelrycache.com/uploads/TurquoiseToque/859531907/upload_medium2', 'small2_url': 'https://images4-f.ravelrycache.com/uploads/TurquoiseToque/859531907/upload_small2', 'caption': None, 'caption_html': None, 'copyright_holder': None}]"
Japanese rib variation,Marianne Isager,1249116,https://www.ravelry.com/patterns/library/japanese-rib-variation,False,https://images4-a.ravelrycache.com/uploads/Isageryarn/860294416/JAPANESE_RIB_VARIATION_medium2.jpg,Knitting,"['female', 'adult', 'fitted', 'ribbed', 'chart', 'written-pattern']",26.0,0.0,True,4.0,,pullover,Fingering,1,0.0,M (L),"[{'id': 113456464, 'sort_order': 1, 'user_id': 9293088, 'x_offset': -19, 'y_offset': -7, 'square_url': 'https://images4-f.ravelrycache.com/uploads/Isageryarn/860294416/JAPANESE_RIB_VARIATION_square.jpg', 'medium_url': 'https://images4-f.ravelrycache.com/uploads/Isageryarn/860294416/JAPANESE_RIB_VARIATION_medium.jpg', 'thumbnail_url': 'https://images4-f.ravelrycache.com/uploads/Isageryarn/860294416/JAPANESE_RIB_VARIATION_thumbnail.jpg', 'small_url': 'https://images4-g.ravelrycache.com/uploads/Isageryarn/860294416/JAPANESE_RIB_VARIATION_small_best_fit.jpg', 'flickr_url': None, 'shelved_url': 'https://images4-f.ravelrycache.com/uploads/Isageryarn/860294416/JAPANESE_RIB_VARIATION_shelved.jpg', 'medium2_url': 'https://images4-a.ravelrycache.com/uploads/Isageryarn/860294416/JAPANESE_RIB_VARIATION_medium2.jpg', 'small2_url': 'https://images4-f.ravelrycache.com/uploads/Isageryarn/860294416/JAPANESE_RIB_VARIATION_small2.jpg', 'caption': None, 'caption_html': None, 'copyright_holder': None}]"
Ancher's Sweater - Men,Marianne Isager,1249306,https://www.ravelry.com/patterns/library/anchers-sweater---men,False,https://images4-a.ravelrycache.com/uploads/Isageryarn/860413111/Anchers_sweater_MI_web_medium2.jpg,Knitting,"['male', 'unisex', 'adult', 'oversized', 'textured', 'bottom-up', 'chart', 'written-pattern', 'in-the-round']",20.0,0.0,True,4.0,,pullover,DK,4,0.0,"S (M, L, XL)","[{'id': 113471306, 'sort_order': 1, 'user_id': 9293088, 'x_offset': -3, 'y_offset': -34, 'square_url': 'https://images4-g.ravelrycache.com/uploads/Isageryarn/860413111/Anchers_sweater_MI_web_square.jpg', 'medium_url': 'https://images4-g.ravelrycache.com/uploads/Isageryarn/860413111/Anchers_sweater_MI_web_medium.jpg', 'thumbnail_url': 'https://images4-g.ravelrycache.com/uploads/Isageryarn/860413111/Anchers_sweater_MI_web_thumbnail.jpg', 'small_url': 'https://images4-f.ravelrycache.com/uploads/Isageryarn/860413111/Anchers_sweater_MI_web_small_best_fit.jpg', 'flickr_url': None, 'shelved_url': 'https://images4-g.ravelrycache.com/uploads/Isageryarn/860413111/Anchers_sweater_MI_web_shelved.jpg', 'medium2_url': 'https://images4-a.ravelrycache.com/uploads/Isageryarn/860413111/Anchers_sweater_MI_web_medium2.jpg', 'small2_url': 'https://images4-g.ravelrycache.com/uploads/Isageryarn/860413111/Anchers_sweater_MI_web_small2.jpg', 'caption': None, 'caption_html': None, 'copyright_holder': None}]"
Holger's sweater - men,Marianne Isager,1249322,https://www.ravelry.com/patterns/library/holgers-sweater---men,False,https://images4-a.ravelrycache.com/uploads/Isageryarn/860419950/Holger_Mnd_MI_web_medium2.jpg,Knitting,"['male', 'adult', 'oversized', 'bottom-up', 'chart', 'written-pattern', 'stripes-colorwork']",18.0,5.333333333333333,True,4.0,,pullover,DK,10,4.333333333333333,"S (M, L)","[{'id': 113472159, 'sort_order': 1, 'user_id': 9293088, 'x_offset': -1, 'y_offset': -35, 'square_url': 'https://images4-f.ravelrycache.com/uploads/Isageryarn/860419950/Holger_Mnd_MI_web_square.jpg', 'medium_url': 'https://images4-f.ravelrycache.com/uploads/Isageryarn/860419950/Holger_Mnd_MI_web_medium.jpg', 'thumbnail_url': 'https://images4-f.ravelrycache.com/uploads/Isageryarn/860419950/Holger_Mnd_MI_web_thumbnail.jpg', 'small_url': 'https://images4-g.ravelrycache.com/uploads/Isageryarn/860419950/Holger_Mnd_MI_web_small_best_fit.jpg', 'flickr_url': None, 'shelved_url': 'https://images4-g.ravelrycache.com/uploads/Isageryarn/860419950/Holger_Mnd_MI_web_shelved.jpg', 'medium2_url': 'https://images4-a.ravelrycache.com/uploads/Isageryarn/860419950/Holger_Mnd_MI_web_medium2.jpg', 'small2_url': 'https://images4-f.ravelrycache.com/uploads/Isageryarn/860419950/Holger_Mnd_MI_web_small2.jpg', 'caption': None, 'caption_html': None, 'copyright_holder': None}]"
Forest,Helga Isager,1249341,https://www.ravelry.com/patterns/library/forest-16,False,https://images4-a.ravelrycache.com/uploads/Isageryarn/860429177/Forest_bluse_HI_web_medium2.jpg,Knitting,"['adult', 'bottom-up', 'written-pattern']",23.0,0.0,True,4.0,,pullover,Fingering,6,0.0,S (M) L (XL),"[{'id': 113473330, 'sort_order': 1, 'user_id': 9293088, 'x_offset': 0, 'y_offset': -39, 'square_url': 'https://images4-g.ravelrycache.com/uploads/Isageryarn/860429177/Forest_bluse_HI_web_square.jpg', 'medium_url': 'https://images4-g.ravelrycache.com/uploads/Isageryarn/860429177/Forest_bluse_HI_web_medium.jpg', 'thumbnail_url': 'https://images4-f.ravelrycache.com/uploads/Isageryarn/860429177/Forest_bluse_HI_web_thumbnail.jpg', 'small_url': 'https://images4-f.ravelrycache.com/uploads/Isageryarn/860429177/Forest_bluse_HI_web_small_best_fit.jpg', 'flickr_url': None, 'shelved_url': 'https://images4-f.ravelrycache.com/uploads/Isageryarn/860429177/Forest_bluse_HI_web_shelved.jpg', 'medium2_url': 'https://images4-a.ravelrycache.com/uploads/Isageryarn/860429177/Forest_bluse_HI_web_medium2.jpg', 'small2_url': 'https://images4-g.ravelrycache.com/uploads/Isageryarn/860429177/Forest_bluse_HI_web_small2.jpg', 'caption': None, 'caption_html': None, 'copyright_holder': None}, {'id': 131841111, 'sort_order': 2, 'user_id': 9293088, 'x_offset': 0, 'y_offset': -43, 'square_url': 'https://images4-f.ravelrycache.com/uploads/Isageryarn/1008839339/Forest_web_square.jpg', 'medium_url': 'https://images4-g.ravelrycache.com/uploads/Isageryarn/1008839339/Forest_web_medium.jpg', 'thumbnail_url': 'https://images4-g.ravelrycache.com/uploads/Isageryarn/1008839339/Forest_web_thumbnail.jpg', 'small_url': 'https://images4-f.ravelrycache.com/uploads/Isageryarn/1008839339/Forest_web_small_best_fit.jpg', 'flickr_url': None, 'shelved_url': 'https://images4-g.ravelrycache.com/uploads/Isageryarn/1008839339/Forest_web_shelved.jpg', 'medium2_url': 'https://images4-a.ravelrycache.com/uploads/Isageryarn/1008839339/Forest_web_medium2.jpg', 'small2_url': 'https://images4-f.ravelrycache.com/uploads/Isageryarn/1008839339/Forest_web_small2.jpg', 'caption': None, 'caption_html': None, 'copyright_holder': None}, {'id': 131841110, 'sort_order': 3, 'user_id': 9293088, 'x_offset': 0, 'y_offset': -39, 'square_url': 'https://images4-g.ravelrycache.com/uploads/Isageryarn/1008839331/Forest_tee_HI_web_square.jpg', 'medium_url': 'https://images4-f.ravelrycache.com/uploads/Isageryarn/1008839331/Forest_tee_HI_web_medium.jpg', 'thumbnail_url': 'https://images4-g.ravelrycache.com/uploads/Isageryarn/1008839331/Forest_tee_HI_web_thumbnail.jpg', 'small_url': 'https://images4-f.ravelrycache.com/uploads/Isageryarn/1008839331/Forest_tee_HI_web_small_best_fit.jpg', 'flickr_url': None, 'shelved_url': 'https://images4-g.ravelrycache.com/uploads/Isageryarn/1008839331/Forest_tee_HI_web_shelved.jpg', 'medium2_url': 'https://images4-a.ravelrycache.com/uploads/Isageryarn/1008839331/Forest_tee_HI_web_medium2.jpg', 'small2_url': 'https://images4-g.ravelrycache.com/uploads/Isageryarn/1008839331/Forest_tee_HI_web_small2.jpg', 'caption': None, 'caption_html': None, 'copyright_holder': None}, {'id': 131841112, 'sort_order': 4, 'user_id': 9293088, 'x_offset': -5, 'y_offset': -35, 'square_url': 'https://images4-f.ravelrycache.com/uploads/Isageryarn/1008839349/Forest_palet_detalje_square.jpg', 'medium_url': 'https://images4-g.ravelrycache.com/uploads/Isageryarn/1008839349/Forest_palet_detalje_medium.jpg', 'thumbnail_url': 'https://images4-f.ravelrycache.com/uploads/Isageryarn/1008839349/Forest_palet_detalje_thumbnail.jpg', 'small_url': 'https://images4-f.ravelrycache.com/uploads/Isageryarn/1008839349/Forest_palet_detalje_small.jpg', 'flickr_url': None, 'shelved_url': 'https://images4-f.ravelrycache.com/uploads/Isageryarn/1008839349/Forest_palet_detalje_shelved.jpg', 'medium2_url': 'https://images4-a.ravelrycache.com/uploads/Isageryarn/1008839349/Forest_palet_detalje_medium2.jpg', 'small2_url': 'https://images4-f.ravelrycache.com/uploads/Isageryarn/1008839349/Forest_palet_detalje_small2.jpg', 'caption': None, 'caption_html': None, 'copyright_holder': None}]"
Swan,Helga Isager,1249376,https://www.ravelry.com/patterns/library/swan-19,False,https://images4-a.ravelrycache.com/uploads/Isageryarn/860441710/swan_hi_web_medium2.jpg,Knitting,"['adult', 'bottom-up', 'written-pattern', 'textured', 'puffed-sleeve']",21.0,0.0,True,4.0,,pullover,Sport,8,0.0,XS-S (S-M) M-L (L-XL),"[{'id': 113474929, 'sort_order': 1, 'user_id': 9293088, 'x_offset': 0, 'y_offset': -39, 'square_url': 'https://images4-g.ravelrycache.com/uploads/Isageryarn/860441710/swan_hi_web_square.jpg', 'medium_url': 'https://images4-g.ravelrycache.com/uploads/Isageryarn/860441710/swan_hi_web_medium.jpg', 'thumbnail_url': 'https://images4-f.ravelrycache.com/uploads/Isageryarn/860441710/swan_hi_web_thumbnail.jpg', 'small_url': 'https://images4-f.ravelrycache.com/uploads/Isageryarn/860441710/swan_hi_web_small_best_fit.jpg', 'flickr_url': None, 'shelved_url': 'https://images4-g.ravelrycache.com/uploads/Isageryarn/860441710/swan_hi_web_shelved.jpg', 'medium2_url': 'https://images4-a.ravelrycache.com/uploads/Isageryarn/860441710/swan_hi_web_medium2.jpg', 'small2_url': 'https://images4-g.ravelrycache.com/uploads/Isageryarn/860441710/swan_hi_web_small2.jpg', 'caption': None, 'caption_html': None, 'copyright_holder': None}]"
Cauliflower,Marianne Isager,1249393,https://www.ravelry.com/patterns/library/cauliflower-6,False,https://images4-a.ravelrycache.com/uploads/Isageryarn/802929059/Blomkal_medium2.jpg,Knitting,"['female', 'adult', 'oversized', 'textured', 'bottom-up', 'chart', 'written-pattern', 'in-the-round']",23.0,0.0,True,4.0,,pullover,DK,8,0.0,"S (M, L, XL)","[{'id': 106376444, 'sort_order': 1, 'user_id': 9293088, 'x_offset': -3, 'y_offset': -29, 'square_url': 'https://images4-f.ravelrycache.com/uploads/Isageryarn/802929059/Blomkal_square.jpg', 'medium_url': 'https://images4-f.ravelrycache.com/uploads/Isageryarn/802929059/Blomkal_medium.jpg', 'thumbnail_url': 'https://images4-g.ravelrycache.com/uploads/Isageryarn/802929059/Blomkal_thumbnail.jpg', 'small_url': 'https://images4-g.ravelrycache.com/uploads/Isageryarn/802929059/Blomkal_small_best_fit.jpg', 'flickr_url': None, 'shelved_url': 'https://images4-f.ravelrycache.com/uploads/Isageryarn/802929059/Blomkal_shelved.jpg', 'medium2_url': 'https://images4-a.ravelrycache.com/uploads/Isageryarn/802929059/Blomkal_medium2.jpg', 'small2_url': 'https://images4-f.ravelrycache.com/uploads/Isageryarn/802929059/Blomkal_small2.jpg', 'caption': None, 'caption_html': None, 'copyright_holder': None}, {'id': 106376441, 'sort_order': 2, 'user_id': 9293088, 'x_offset': -1, 'y_offset': -23, 'square_url': 'https://images4-f.ravelrycache.com/uploads/Isageryarn/802929004/blomkal1_square.PNG', 'medium_url': 'https://images4-g.ravelrycache.com/uploads/Isageryarn/802929004/blomkal1_medium.PNG', 'thumbnail_url': 'https://images4-g.ravelrycache.com/uploads/Isageryarn/802929004/blomkal1_thumbnail.PNG', 'small_url': 'https://images4-g.ravelrycache.com/uploads/Isageryarn/802929004/blomkal1_small_best_fit.PNG', 'flickr_url': None, 'shelved_url': 'https://images4-f.ravelrycache.com/uploads/Isageryarn/802929004/blomkal1_shelved.PNG', 'medium2_url': 'https://images4-a.ravelrycache.com/uploads/Isageryarn/802929004/blomkal1_medium2.PNG', 'small2_url': 'https://images4-f.ravelrycache.com/uploads/Isageryarn/802929004/blomkal1_small2.PNG', 'caption': None, 'caption_html': None, 'copyright_holder': None}, {'id': 106376442, 'sort_order': 3, 'user_id': 9293088, 'x_offset': -4, 'y_offset': -35, 'square_url': 'https://images4-g.ravelrycache.com/uploads/Isageryarn/802929001/Blomkal2_square.PNG', 'medium_url': 'https://images4-f.ravelrycache.com/uploads/Isageryarn/802929001/Blomkal2_medium.PNG', 'thumbnail_url': 'https://images4-f.ravelrycache.com/uploads/Isageryarn/802929001/Blomkal2_thumbnail.PNG', 'small_url': 'https://images4-f.ravelrycache.com/uploads/Isageryarn/802929001/Blomkal2_small.PNG', 'flickr_url': None, 'shelved_url': 'https://images4-g.ravelrycache.com/uploads/Isageryarn/802929001/Blomkal2_shelved.PNG', 'medium2_url': 'https://images4-a.ravelrycache.com/uploads/Isageryarn/802929001/Blomkal2_medium2.PNG', 'small2_url': 'https://images4-g.ravelrycache.com/uploads/Isageryarn/802929001/Blomkal2_small2.PNG', 'caption': None, 'caption_html': None, 'copyright_holder': None}, {'id': 106376443, 'sort_order': 4, 'user_id': 9293088, 'x_offset': 0, 'y_offset': -2, 'square_url': 'https://images4-g.ravelrycache.com/uploads/Isageryarn/802928999/blomkal3_square.PNG', 'medium_url': 'https://images4-f.ravelrycache.com/uploads/Isageryarn/802928999/blomkal3_medium.PNG', 'thumbnail_url': 'https://images4-g.ravelrycache.com/uploads/Isageryarn/802928999/blomkal3_thumbnail.PNG', 'small_url': 'https://images4-f.ravelrycache.com/uploads/Isageryarn/802928999/blomkal3_small_best_fit.PNG', 'flickr_url': None, 'shelved_url': 'https://images4-g.ravelrycache.com/uploads/Isageryarn/802928999/blomkal3_shelved.PNG', 'medium2_url': 'https://images4-a.ravelrycache.com/uploads/Isageryarn/802928999/blomkal3_medium2.PNG', 'small2_url': 'https://images4-g.ravelrycache.com/uploads/Isageryarn/802928999/blomkal3_small2.PNG', 'caption': None, 'caption_html': None, 'copyright_holder': None}, {'id': 113475627, 'sort_order': 5, 'user_id': 9293088, 'x_offset': -43, 'y_offset': 0, 'square_url': 'https://images4-g.ravelrycache.com/uploads/Isageryarn/860447086/Blomkal2_mi_lowres_square.jpg', 'medium_url': 'https://images4-g.ravelrycache.com/uploads/Isageryarn/860447086/Blomkal2_mi_lowres_medium.jpg', 'thumbnail_url': 'https://images4-f.ravelrycache.com/uploads/Isageryarn/860447086/Blomkal2_mi_lowres_thumbnail.jpg', 'small_url': 'https://images4-f.ravelrycache.com/uploads/Isageryarn/860447086/Blomkal2_mi_lowres_small_best_fit.jpg', 'flickr_url': None, 'shelved_url': 'https://images4-g.ravelrycache.com/uploads/Isageryarn/860447086/Blomkal2_mi_lowres_shelved.jpg', 'medium2_url': 'https://images4-a.ravelrycache.com/uploads/Isageryarn/860447086/Blomkal2_mi_lowres_medium2.jpg', 'small2_url': 'https://images4-g.ravelrycache.com/uploads/Isageryarn/860447086/Blomkal2_mi_lowres_small2.jpg', 'caption': None, 'caption_html': None, 'copyright_holder': None}, {'id': 113475628, 'sort_order': 6, 'user_id': 9293088, 'x_offset': 0, 'y_offset': -17, 'square_url': 'https://images4-f.ravelrycache.com/uploads/Isageryarn/860447085/Blomkal1_mi_lowres_square.jpg', 'medium_url': 'https://images4-f.ravelrycache.com/uploads/Isageryarn/860447085/Blomkal1_mi_lowres_medium.jpg', 'thumbnail_url': 'https://images4-g.ravelrycache.com/uploads/Isageryarn/860447085/Blomkal1_mi_lowres_thumbnail.jpg', 'small_url': 'https://images4-f.ravelrycache.com/uploads/Isageryarn/860447085/Blomkal1_mi_lowres_small_best_fit.jpg', 'flickr_url': None, 'shelved_url': 'https://images4-f.ravelrycache.com/uploads/Isageryarn/860447085/Blomkal1_mi_lowres_shelved.jpg', 'medium2_url': 'https://images4-a.ravelrycache.com/uploads/Isageryarn/860447085/Blomkal1_mi_lowres_medium2.jpg', 'small2_url': 'https://images4-f.ravelrycache.com/uploads/Isageryarn/860447085/Blomkal1_mi_lowres_small2.jpg', 'caption': None, 'caption_html': None, 'copyright_holder': None}, {'id': 106376445, 'sort_order': 7, 'user_id': 9293088, 'x_offset': -69, 'y_offset': -1, 'square_url': 'https://images4-f.ravelrycache.com/uploads/Isageryarn/802928998/blomkal4_square.PNG', 'medium_url': 'https://images4-g.ravelrycache.com/uploads/Isageryarn/802928998/blomkal4_medium.PNG', 'thumbnail_url': 'https://images4-f.ravelrycache.com/uploads/Isageryarn/802928998/blomkal4_thumbnail.PNG', 'small_url': 'https://images4-f.ravelrycache.com/uploads/Isageryarn/802928998/blomkal4_small_best_fit.PNG', 'flickr_url': None, 'shelved_url': 'https://images4-g.ravelrycache.com/uploads/Isageryarn/802928998/blomkal4_shelved.PNG', 'medium2_url': 'https://images4-a.ravelrycache.com/uploads/Isageryarn/802928998/blomkal4_medium2.PNG', 'small2_url': 'https://images4-f.ravelrycache.com/uploads/Isageryarn/802928998/blomkal4_small2.PNG', 'caption': None, 'caption_html': None, 'copyright_holder': None}]"
Leinikki,Anna Johanna,1249566,https://www.ravelry.com/patterns/library/leinikki-3,False,https://images4-a.ravelrycache.com/uploads/annaj0hanna/847878465/leinikki19_medium2.jpg,Knitting,"['female', 'unisex', 'teen', 'adult', 'petite', 'plus', 'ribbed', 'circular-yoke', 'crew-neck', 'long-sleeve', 'straight', 'stranded', 'one-piece', 'seamless', 'short-rows', 'top-down', 'positive-ease', 'chart', 'cropped', 'in-the-round', 'twisted-stitches', 'provisional', 'schematic']",27.0,3.5,True,4.0,Colorwork,pullover,Fingering,47,4.666666666666667,XXS-XS-S-M1 (M2-L1-L2-XL) 2XL-3XL-4XL-5XL,"[{'id': 113490938, 'sort_order': 1, 'user_id': 1594301, 'x_offset': 0, 'y_offset': -8, 'square_url': 'https://images4-g.ravelrycache.com/uploads/annaj0hanna/847878465/leinikki19_square.jpg', 'medium_url': 'https://images4-g.ravelrycache.com/uploads/annaj0hanna/847878465/leinikki19_medium.jpg', 'thumbnail_url': 'https://images4-g.ravelrycache.com/uploads/annaj0hanna/847878465/leinikki19_thumbnail.jpg', 'small_url': 'https://images4-g.ravelrycache.com/uploads/annaj0hanna/847878465/leinikki19_small_best_fit.jpg', 'flickr_url': None, 'shelved_url': 'https://images4-f.ravelrycache.com/uploads/annaj0hanna/847878465/leinikki19_shelved.jpg', 'medium2_url': 'https://images4-a.ravelrycache.com/uploads/annaj0hanna/847878465/leinikki19_medium2.jpg', 'small2_url': 'https://images4-g.ravelrycache.com/uploads/annaj0hanna/847878465/leinikki19_small2.jpg', 'caption': None, 'caption_html': None, 'copyright_holder': None}, {'id': 113490945, 'sort_order': 2, 'user_id': 1594301, 'x_offset': -2, 'y_offset': -36, 'square_url': 'https://images4-f.ravelrycache.com/uploads/annaj0hanna/847889979/leinikki54_square.jpg', 'medium_url': 'https://images4-f.ravelrycache.com/uploads/annaj0hanna/847889979/leinikki54_medium.jpg', 'thumbnail_url': 'https://images4-g.ravelrycache.com/uploads/annaj0hanna/847889979/leinikki54_thumbnail.jpg', 'small_url': 'https://images4-g.ravelrycache.com/uploads/annaj0hanna/847889979/leinikki54_small_best_fit.jpg', 'flickr_url': None, 'shelved_url': 'https://images4-g.ravelrycache.com/uploads/annaj0hanna/847889979/leinikki54_shelved.jpg', 'medium2_url': 'https://images4-a.ravelrycache.com/uploads/annaj0hanna/847889979/leinikki54_medium2.jpg', 'small2_url': 'https://images4-f.ravelrycache.com/uploads/annaj0hanna/847889979/leinikki54_small2.jpg', 'caption': None, 'caption_html': None, 'copyright_holder': None}, {'id': 113490946, 'sort_order': 3, 'user_id': 1594301, 'x_offset': 0, 'y_offset': -43, 'square_url': 'https://images4-g.ravelrycache.com/uploads/annaj0hanna/847869132/leinikki32_square.jpg', 'medium_url': 'https://images4-g.ravelrycache.com/uploads/annaj0hanna/847869132/leinikki32_medium.jpg', 'thumbnail_url': 'https://images4-f.ravelrycache.com/uploads/annaj0hanna/847869132/leinikki32_thumbnail.jpg', 'small_url': 'https://images4-f.ravelrycache.com/uploads/annaj0hanna/847869132/leinikki32_small_best_fit.jpg', 'flickr_url': None, 'shelved_url': 'https://images4-g.ravelrycache.com/uploads/annaj0hanna/847869132/leinikki32_shelved.jpg', 'medium2_url': 'https://images4-a.ravelrycache.com/uploads/annaj0hanna/847869132/leinikki32_medium2.jpg', 'small2_url': 'https://images4-g.ravelrycache.com/uploads/annaj0hanna/847869132/leinikki32_small2.jpg', 'caption': None, 'caption_html': None, 'copyright_holder': None}, {'id': 113490932, 'sort_order': 4, 'user_id': 1594301, 'x_offset': 0, 'y_offset': -43, 'square_url': 'https://images4-g.ravelrycache.com/uploads/annaj0hanna/847878489/leinikki18_square.jpg', 'medium_url': 'https://images4-g.ravelrycache.com/uploads/annaj0hanna/847878489/leinikki18_medium.jpg', 'thumbnail_url': 'https://images4-g.ravelrycache.com/uploads/annaj0hanna/847878489/leinikki18_thumbnail.jpg', 'small_url': 'https://images4-f.ravelrycache.com/uploads/annaj0hanna/847878489/leinikki18_small_best_fit.jpg', 'flickr_url': None, 'shelved_url': 'https://images4-g.ravelrycache.com/uploads/annaj0hanna/847878489/leinikki18_shelved.jpg', 'medium2_url': 'https://images4-a.ravelrycache.com/uploads/annaj0hanna/847878489/leinikki18_medium2.jpg', 'small2_url': 'https://images4-g.ravelrycache.com/uploads/annaj0hanna/847878489/leinikki18_small2.jpg', 'caption': None, 'caption_html': None, 'copyright_holder': None}, {'id': 113490934, 'sort_order': 5, 'user_id': 1594301, 'x_offset': -3, 'y_offset': -13, 'square_url': 'https://images4-g.ravelrycache.com/uploads/annaj0hanna/847889946/leinikki41_square.jpg', 'medium_url': 'https://images4-g.ravelrycache.com/uploads/annaj0hanna/847889946/leinikki41_medium.jpg', 'thumbnail_url': 'https://images4-g.ravelrycache.com/uploads/annaj0hanna/847889946/leinikki41_thumbnail.jpg', 'small_url': 'https://images4-f.ravelrycache.com/uploads/annaj0hanna/847889946/leinikki41_small.jpg', 'flickr_url': None, 'shelved_url': 'https://images4-g.ravelrycache.com/uploads/annaj0hanna/847889946/leinikki41_shelved.jpg', 'medium2_url': 'https://images4-a.ravelrycache.com/uploads/annaj0hanna/847889946/leinikki41_medium2.jpg', 'small2_url': 'https://images4-g.ravelrycache.com/uploads/annaj0hanna/847889946/leinikki41_small2.jpg', 'caption': None, 'caption_html': None, 'copyright_holder': None}, {'id': 113490937, 'sort_order': 6, 'user_id': 1594301, 'x_offset': 0, 'y_offset': -43, 'square_url': 'https://images4-g.ravelrycache.com/uploads/annaj0hanna/847869160/leinikki30_square.jpg', 'medium_url': 'https://images4-g.ravelrycache.com/uploads/annaj0hanna/847869160/leinikki30_medium.jpg', 'thumbnail_url': 'https://images4-g.ravelrycache.com/uploads/annaj0hanna/847869160/leinikki30_thumbnail.jpg', 'small_url': 'https://images4-g.ravelrycache.com/uploads/annaj0hanna/847869160/leinikki30_small_best_fit.jpg', 'flickr_url': None, 'shelved_url': 'https://images4-f.ravelrycache.com/uploads/annaj0hanna/847869160/leinikki30_shelved.jpg', 'medium2_url': 'https://images4-a.ravelrycache.com/uploads/annaj0hanna/847869160/leinikki30_medium2.jpg', 'small2_url': 'https://images4-g.ravelrycache.com/uploads/annaj0hanna/847869160/leinikki30_small2.jpg', 'caption': None, 'caption_html': None, 'copyright_holder': None}, {'id': 113490939, 'sort_order': 7, 'user_id': 1594301, 'x_offset': 0, 'y_offset': -40, 'square_url': 'https://images4-g.ravelrycache.com/uploads/annaj0hanna/847878468/leinikki14_square.jpg', 'medium_url': 'https://images4-g.ravelrycache.com/uploads/annaj0hanna/847878468/leinikki14_medium.jpg', 'thumbnail_url': 'https://images4-f.ravelrycache.com/uploads/annaj0hanna/847878468/leinikki14_thumbnail.jpg', 'small_url': 'https://images4-f.ravelrycache.com/uploads/annaj0hanna/847878468/leinikki14_small_best_fit.jpg', 'flickr_url': None, 'shelved_url': 'https://images4-f.ravelrycache.com/uploads/annaj0hanna/847878468/leinikki14_shelved.jpg', 'medium2_url': 'https://images4-a.ravelrycache.com/uploads/annaj0hanna/847878468/leinikki14_medium2.jpg', 'small2_url': 'https://images4-g.ravelrycache.com/uploads/annaj0hanna/847878468/leinikki14_small2.jpg', 'caption': None, 'caption_html': None, 'copyright_holder': None}, {'id': 113490931, 'sort_order': 8, 'user_id': 1594301, 'x_offset': -1, 'y_offset': -11, 'square_url': 'https://images4-f.ravelrycache.com/uploads/annaj0hanna/847497106/leinikki10_square.jpg', 'medium_url': 'https://images4-f.ravelrycache.com/uploads/annaj0hanna/847497106/leinikki10_medium.jpg', 'thumbnail_url': 'https://images4-g.ravelrycache.com/uploads/annaj0hanna/847497106/leinikki10_thumbnail.jpg', 'small_url': 'https://images4-f.ravelrycache.com/uploads/annaj0hanna/847497106/leinikki10_small_best_fit.jpg', 'flickr_url': None, 'shelved_url': 'https://images4-g.ravelrycache.com/uploads/annaj0hanna/847497106/leinikki10_shelved.jpg', 'medium2_url': 'https://images4-a.ravelrycache.com/uploads/annaj0hanna/847497106/leinikki10_medium2.jpg', 'small2_url': 'https://images4-f.ravelrycache.com/uploads/annaj0hanna/847497106/leinikki10_small2.jpg', 'caption': None, 'caption_html': None, 'copyright_holder': None}, {'id': 113620387, 'sort_order': 9, 'user_id': 932275, 'x_offset': -73, 'y_offset': -2, 'square_url': 'https://images4-f.ravelrycache.com/uploads/hanikka/855876363/IMG_6157-2_square.jpg', 'medium_url': 'https://images4-f.ravelrycache.com/uploads/hanikka/855876363/IMG_6157-2_medium.jpg', 'thumbnail_url': 'https://images4-f.ravelrycache.com/uploads/hanikka/855876363/IMG_6157-2_thumbnail.jpg', 'small_url': 'https://images4-f.ravelrycache.com/uploads/hanikka/855876363/IMG_6157-2_small_best_fit.jpg', 'flickr_url': None, 'shelved_url': 'https://images4-f.ravelrycache.com/uploads/hanikka/855876363/IMG_6157-2_shelved.jpg', 'medium2_url': 'https://images4-a.ravelrycache.com/uploads/hanikka/855876363/IMG_6157-2_medium2.jpg', 'small2_url': 'https://images4-f.ravelrycache.com/uploads/hanikka/855876363/IMG_6157-2_small2.jpg', 'caption': None, 'caption_html': None, 'copyright_holder': None}, {'id': 113492081, 'sort_order': 10, 'user_id': 5529085, 'x_offset': -5, 'y_offset': -35, 'square_url': 'https://images4-f.ravelrycache.com/uploads/Helix1980/850888531/EB099C75-6928-4BC7-BB0F-F0D6624AE67C_square.jpeg', 'medium_url': 'https://images4-f.ravelrycache.com/uploads/Helix1980/850888531/EB099C75-6928-4BC7-BB0F-F0D6624AE67C_medium.jpeg', 'thumbnail_url': 'https://images4-g.ravelrycache.com/uploads/Helix1980/850888531/EB099C75-6928-4BC7-BB0F-F0D6624AE67C_thumbnail.jpeg', 'small_url': 'https://images4-f.ravelrycache.com/uploads/Helix1980/850888531/EB099C75-6928-4BC7-BB0F-F0D6624AE67C_small.jpeg', 'flickr_url': None, 'shelved_url': 'https://images4-f.ravelrycache.com/uploads/Helix1980/850888531/EB099C75-6928-4BC7-BB0F-F0D6624AE67C_shelved.jpeg', 'medium2_url': 'https://images4-a.ravelrycache.com/uploads/Helix1980/850888531/EB099C75-6928-4BC7-BB0F-F0D6624AE67C_medium2.jpeg', 'small2_url': 'https://images4-f.ravelrycache.com/uploads/Helix1980/850888531/EB099C75-6928-4BC7-BB0F-F0D6624AE67C_small2.jpeg', 'caption': None, 'caption_html': None, 'copyright_holder': None}, {'id': 113498358, 'sort_order': 11, 'user_id': 9898804, 'x_offset': -5, 'y_offset': -35, 'square_url': 'https://images4-g.ravelrycache.com/uploads/knittingSussi/859482617/784A54E4-539A-4556-8AB8-C7BBBFA5987C_square.jpeg', 'medium_url': 'https://images4-g.ravelrycache.com/uploads/knittingSussi/859482617/784A54E4-539A-4556-8AB8-C7BBBFA5987C_medium.jpeg', 'thumbnail_url': 'https://images4-g.ravelrycache.com/uploads/knittingSussi/859482617/784A54E4-539A-4556-8AB8-C7BBBFA5987C_thumbnail.jpeg', 'small_url': 'https://images4-g.ravelrycache.com/uploads/knittingSussi/859482617/784A54E4-539A-4556-8AB8-C7BBBFA5987C_small.jpeg', 'flickr_url': None, 'shelved_url': 'https://images4-f.ravelrycache.com/uploads/knittingSussi/859482617/784A54E4-539A-4556-8AB8-C7BBBFA5987C_shelved.jpeg', 'medium2_url': 'https://images4-a.ravelrycache.com/uploads/knittingSussi/859482617/784A54E4-539A-4556-8AB8-C7BBBFA5987C_medium2.jpeg', 'small2_url': 'https://images4-g.ravelrycache.com/uploads/knittingSussi/859482617/784A54E4-539A-4556-8AB8-C7BBBFA5987C_small2.jpeg', 'caption': None, 'caption_html': None, 'copyright_holder': None}, {'id': 113614597, 'sort_order': 12, 'user_id': 7485558, 'x_offset': 3, 'y_offset': -85, 'square_url': 'https://images4-g.ravelrycache.com/uploads/Ruusuja/861250766/IMG-20220621-WA0003_square.jpg', 'medium_url': 'https://images4-g.ravelrycache.com/uploads/Ruusuja/861250766/IMG-20220621-WA0003_medium.jpg', 'thumbnail_url': 'https://images4-g.ravelrycache.com/uploads/Ruusuja/861250766/IMG-20220621-WA0003_thumbnail.jpg', 'small_url': 'https://images4-f.ravelrycache.com/uploads/Ruusuja/861250766/IMG-20220621-WA0003_small_best_fit.jpg', 'flickr_url': None, 'shelved_url': 'https://images4-f.ravelrycache.com/uploads/Ruusuja/861250766/IMG-20220621-WA0003_shelved.jpg', 'medium2_url': 'https://images4-a.ravelrycache.com/uploads/Ruusuja/861250766/IMG-20220621-WA0003_medium2.jpg', 'small2_url': 'https://images4-g.ravelrycache.com/uploads/Ruusuja/861250766/IMG-20220621-WA0003_small2.jpg', 'caption': None, 'caption_html': None, 'copyright_holder': None}, {'id': 113535012, 'sort_order': 13, 'user_id': 2156997, 'x_offset': -6, 'y_offset': -35, 'square_url': 'https://images4-g.ravelrycache.com/uploads/Maikki12/853774942/IMG_20220506_185501_HDR_2_square.jpg', 'medium_url': 'https://images4-g.ravelrycache.com/uploads/Maikki12/853774942/IMG_20220506_185501_HDR_2_medium.jpg', 'thumbnail_url': 'https://images4-f.ravelrycache.com/uploads/Maikki12/853774942/IMG_20220506_185501_HDR_2_thumbnail.jpg', 'small_url': 'https://images4-f.ravelrycache.com/uploads/Maikki12/853774942/IMG_20220506_185501_HDR_2_small.jpg', 'flickr_url': None, 'shelved_url': 'https://images4-f.ravelrycache.com/uploads/Maikki12/853774942/IMG_20220506_185501_HDR_2_shelved.jpg', 'medium2_url': 'https://images4-a.ravelrycache.com/uploads/Maikki12/853774942/IMG_20220506_185501_HDR_2_medium2.jpg', 'small2_url': 'https://images4-g.ravelrycache.com/uploads/Maikki12/853774942/IMG_20220506_185501_HDR_2_small2.jpg', 'caption': None, 'caption_html': None, 'copyright_holder': None}, {'id': 113494334, 'sort_order': 14, 'user_id': 271079, 'x_offset': 0, 'y_offset': -23, 'square_url': 'https://images4-g.ravelrycache.com/uploads/Helkky/860386751/IMG_20220611_174347_2_square.jpg', 'medium_url': 'https://images4-g.ravelrycache.com/uploads/Helkky/860386751/IMG_20220611_174347_2_medium.jpg', 'thumbnail_url': 'https://images4-f.ravelrycache.com/uploads/Helkky/860386751/IMG_20220611_174347_2_thumbnail.jpg', 'small_url': 'https://images4-g.ravelrycache.com/uploads/Helkky/860386751/IMG_20220611_174347_2_small_best_fit.jpg', 'flickr_url': None, 'shelved_url': 'https://images4-g.ravelrycache.com/uploads/Helkky/860386751/IMG_20220611_174347_2_shelved.jpg', 'medium2_url': 'https://images4-a.ravelrycache.com/uploads/Helkky/860386751/IMG_20220611_174347_2_medium2.jpg', 'small2_url': 'https://images4-g.ravelrycache.com/uploads/Helkky/860386751/IMG_20220611_174347_2_small2.jpg', 'caption': None, 'caption_html': None, 'copyright_holder': None}, {'id': 113491585, 'sort_order': 15, 'user_id': 3160370, 'x_offset': -14, 'y_offset': -53, 'square_url': 'https://images4-g.ravelrycache.com/uploads/Sova-sova/860570552/54930EBA-933E-4F91-B507-4E46DCFCAE0C_square.jpeg', 'medium_url': 'https://images4-g.ravelrycache.com/uploads/Sova-sova/860570552/54930EBA-933E-4F91-B507-4E46DCFCAE0C_medium.jpeg', 'thumbnail_url': 'https://images4-f.ravelrycache.com/uploads/Sova-sova/860570552/54930EBA-933E-4F91-B507-4E46DCFCAE0C_thumbnail.jpeg', 'small_url': 'https://images4-f.ravelrycache.com/uploads/Sova-sova/860570552/54930EBA-933E-4F91-B507-4E46DCFCAE0C_small.jpeg', 'flickr_url': None, 'shelved_url': 'https://images4-f.ravelrycache.com/uploads/Sova-sova/860570552/54930EBA-933E-4F91-B507-4E46DCFCAE0C_shelved.jpeg', 'medium2_url': 'https://images4-a.ravelrycache.com/uploads/Sova-sova/860570552/54930EBA-933E-4F91-B507-4E46DCFCAE0C_medium2.jpeg', 'small2_url': 'https://images4-g.ravelrycache.com/uploads/Sova-sova/860570552/54930EBA-933E-4F91-B507-4E46DCFCAE0C_small2.jpeg', 'caption': None, 'caption_html': None, 'copyright_holder': None}, {'id': 113493445, 'sort_order': 16, 'user_id': 4699236, 'x_offset': -5, 'y_offset': -35, 'square_url': 'https://images4-f.ravelrycache.com/uploads/Nakubella/858281856/5B1582F4-CC43-41E2-8AE7-574D904503BB_square.jpeg', 'medium_url': 'https://images4-f.ravelrycache.com/uploads/Nakubella/858281856/5B1582F4-CC43-41E2-8AE7-574D904503BB_medium.jpeg', 'thumbnail_url': 'https://images4-g.ravelrycache.com/uploads/Nakubella/858281856/5B1582F4-CC43-41E2-8AE7-574D904503BB_thumbnail.jpeg', 'small_url': 'https://images4-f.ravelrycache.com/uploads/Nakubella/858281856/5B1582F4-CC43-41E2-8AE7-574D904503BB_small.jpeg', 'flickr_url': None, 'shelved_url': 'https://images4-g.ravelrycache.com/uploads/Nakubella/858281856/5B1582F4-CC43-41E2-8AE7-574D904503BB_shelved.jpeg', 'medium2_url': 'https://images4-a.ravelrycache.com/uploads/Nakubella/858281856/5B1582F4-CC43-41E2-8AE7-574D904503BB_medium2.jpeg', 'small2_url': 'https://images4-f.ravelrycache.com/uploads/Nakubella/858281856/5B1582F4-CC43-41E2-8AE7-574D904503BB_small2.jpeg', 'caption': None, 'caption_html': None, 'copyright_holder': None}, {'id': 113498000, 'sort_order': 17, 'user_id': 8562035, 'x_offset': 0, 'y_offset': -8, 'square_url': 'https://images4-g.ravelrycache.com/uploads/uhauke/858702994/20220605_164956_square.jpg', 'medium_url': 'https://images4-g.ravelrycache.com/uploads/uhauke/858702994/20220605_164956_medium.jpg', 'thumbnail_url': 'https://images4-g.ravelrycache.com/uploads/uhauke/858702994/20220605_164956_thumbnail.jpg', 'small_url': 'https://images4-g.ravelrycache.com/uploads/uhauke/858702994/20220605_164956_small_best_fit.jpg', 'flickr_url': None, 'shelved_url': 'https://images4-g.ravelrycache.com/uploads/uhauke/858702994/20220605_164956_shelved.jpg', 'medium2_url': 'https://images4-a.ravelrycache.com/uploads/uhauke/858702994/20220605_164956_medium2.jpg', 'small2_url': 'https://images4-g.ravelrycache.com/uploads/uhauke/858702994/20220605_164956_small2.jpg', 'caption': None, 'caption_html': None, 'copyright_holder': None}, {'id': 113496619, 'sort_order': 18, 'user_id': 848026, 'x_offset': -5, 'y_offset': -35, 'square_url': 'https://images4-g.ravelrycache.com/uploads/safran/854487274/IMG_5225_square.JPG', 'medium_url': 'https://images4-g.ravelrycache.com/uploads/safran/854487274/IMG_5225_medium.JPG', 'thumbnail_url': 'https://images4-g.ravelrycache.com/uploads/safran/854487274/IMG_5225_thumbnail.JPG', 'small_url': 'https://images4-g.ravelrycache.com/uploads/safran/854487274/IMG_5225_small.JPG', 'flickr_url': None, 'shelved_url': 'https://images4-f.ravelrycache.com/uploads/safran/854487274/IMG_5225_shelved.JPG', 'medium2_url': 'https://images4-a.ravelrycache.com/uploads/safran/854487274/IMG_5225_medium2.JPG', 'small2_url': 'https://images4-g.ravelrycache.com/uploads/safran/854487274/IMG_5225_small2.JPG', 'caption': None, 'caption_html': None, 'copyright_holder': None}, {'id': 113497396, 'sort_order': 19, 'user_id': 2975808, 'x_offset': 0, 'y_offset': -46, 'square_url': 'https://images4-f.ravelrycache.com/uploads/elei/858506225/946A6241-E6A9-4DD2-B5FB-5B3197900D0F_square.jpeg', 'medium_url': 'https://images4-f.ravelrycache.com/uploads/elei/858506225/946A6241-E6A9-4DD2-B5FB-5B3197900D0F_medium.jpeg', 'thumbnail_url': 'https://images4-f.ravelrycache.com/uploads/elei/858506225/946A6241-E6A9-4DD2-B5FB-5B3197900D0F_thumbnail.jpeg', 'small_url': 'https://images4-g.ravelrycache.com/uploads/elei/858506225/946A6241-E6A9-4DD2-B5FB-5B3197900D0F_small_best_fit.jpeg', 'flickr_url': None, 'shelved_url': 'https://images4-g.ravelrycache.com/uploads/elei/858506225/946A6241-E6A9-4DD2-B5FB-5B3197900D0F_shelved.jpeg', 'medium2_url': 'https://images4-a.ravelrycache.com/uploads/elei/858506225/946A6241-E6A9-4DD2-B5FB-5B3197900D0F_medium2.jpeg', 'small2_url': 'https://images4-f.ravelrycache.com/uploads/elei/858506225/946A6241-E6A9-4DD2-B5FB-5B3197900D0F_small2.jpeg', 'caption': None, 'caption_html': None, 'copyright_holder': None}, {'id': 113490987, 'sort_order': 20, 'user_id': 1623870, 'x_offset': -5, 'y_offset': -35, 'square_url': 'https://images4-f.ravelrycache.com/uploads/Nicohelmi/858992089/4E7E3540-A2C7-47CA-B5F6-09702B2F4230_square.jpeg', 'medium_url': 'https://images4-f.ravelrycache.com/uploads/Nicohelmi/858992089/4E7E3540-A2C7-47CA-B5F6-09702B2F4230_medium.jpeg', 'thumbnail_url': 'https://images4-g.ravelrycache.com/uploads/Nicohelmi/858992089/4E7E3540-A2C7-47CA-B5F6-09702B2F4230_thumbnail.jpeg', 'small_url': 'https://images4-g.ravelrycache.com/uploads/Nicohelmi/858992089/4E7E3540-A2C7-47CA-B5F6-09702B2F4230_small.jpeg', 'flickr_url': None, 'shelved_url': 'https://images4-g.ravelrycache.com/uploads/Nicohelmi/858992089/4E7E3540-A2C7-47CA-B5F6-09702B2F4230_shelved.jpeg', 'medium2_url': 'https://images4-a.ravelrycache.com/uploads/Nicohelmi/858992089/4E7E3540-A2C7-47CA-B5F6-09702B2F4230_medium2.jpeg', 'small2_url': 'https://images4-f.ravelrycache.com/uploads/Nicohelmi/858992089/4E7E3540-A2C7-47CA-B5F6-09702B2F4230_small2.jpeg', 'caption': None, 'caption_html': None, 'copyright_holder': None}, {'id': 113491027, 'sort_order': 21, 'user_id': 1716622, 'x_offset': 0, 'y_offset': 0, 'square_url': 'https://images4-f.ravelrycache.com/uploads/hannnaleena/857440612/IMG_20220529_123732_square.jpg', 'medium_url': 'https://images4-f.ravelrycache.com/uploads/hannnaleena/857440612/IMG_20220529_123732_medium.jpg', 'thumbnail_url': 'https://images4-g.ravelrycache.com/uploads/hannnaleena/857440612/IMG_20220529_123732_thumbnail.jpg', 'small_url': 'https://images4-f.ravelrycache.com/uploads/hannnaleena/857440612/IMG_20220529_123732_small_best_fit.jpg', 'flickr_url': None, 'shelved_url': 'https://images4-f.ravelrycache.com/uploads/hannnaleena/857440612/IMG_20220529_123732_shelved.jpg', 'medium2_url': 'https://images4-a.ravelrycache.com/uploads/hannnaleena/857440612/IMG_20220529_123732_medium2.jpg', 'small2_url': 'https://images4-f.ravelrycache.com/uploads/hannnaleena/857440612/IMG_20220529_123732_small2.jpg', 'caption': None, 'caption_html': None, 'copyright_holder': None}, {'id': 113491146, 'sort_order': 22, 'user_id': 785365, 'x_offset': 0, 'y_offset': -13, 'square_url': 'https://images4-f.ravelrycache.com/uploads/dreamsbythesea/853346774/20220503_123637_square.jpg', 'medium_url': 'https://images4-f.ravelrycache.com/uploads/dreamsbythesea/853346774/20220503_123637_medium.jpg', 'thumbnail_url': 'https://images4-g.ravelrycache.com/uploads/dreamsbythesea/853346774/20220503_123637_thumbnail.jpg', 'small_url': 'https://images4-f.ravelrycache.com/uploads/dreamsbythesea/853346774/20220503_123637_small_best_fit.jpg', 'flickr_url': None, 'shelved_url': 'https://images4-f.ravelrycache.com/uploads/dreamsbythesea/853346774/20220503_123637_shelved.jpg', 'medium2_url': 'https://images4-a.ravelrycache.com/uploads/dreamsbythesea/853346774/20220503_123637_medium2.jpg', 'small2_url': 'https://images4-f.ravelrycache.com/uploads/dreamsbythesea/853346774/20220503_123637_small2.jpg', 'caption': None, 'caption_html': None, 'copyright_holder': None}, {'id': 113491393, 'sort_order': 23, 'user_id': 8835024, 'x_offset': 0, 'y_offset': -12, 'square_url': 'https://images4-g.ravelrycache.com/uploads/silmulla/855540347/D4541905-9EF7-46AB-9647-B28932941CCD_square.jpeg', 'medium_url': 'https://images4-g.ravelrycache.com/uploads/silmulla/855540347/D4541905-9EF7-46AB-9647-B28932941CCD_medium.jpeg', 'thumbnail_url': 'https://images4-f.ravelrycache.com/uploads/silmulla/855540347/D4541905-9EF7-46AB-9647-B28932941CCD_thumbnail.jpeg', 'small_url': 'https://images4-g.ravelrycache.com/uploads/silmulla/855540347/D4541905-9EF7-46AB-9647-B28932941CCD_small_best_fit.jpeg', 'flickr_url': None, 'shelved_url': 'https://images4-g.ravelrycache.com/uploads/silmulla/855540347/D4541905-9EF7-46AB-9647-B28932941CCD_shelved.jpeg', 'medium2_url': 'https://images4-a.ravelrycache.com/uploads/silmulla/855540347/D4541905-9EF7-46AB-9647-B28932941CCD_medium2.jpeg', 'small2_url': 'https://images4-g.ravelrycache.com/uploads/silmulla/855540347/D4541905-9EF7-46AB-9647-B28932941CCD_small2.jpeg', 'caption': None, 'caption_html': None, 'copyright_holder': None}, {'id': 113491070, 'sort_order': 24, 'user_id': 370678, 'x_offset': -4, 'y_offset': -8, 'square_url': 'https://images4-f.ravelrycache.com/uploads/knitsu/855879943/SmartSelect_20220519-214926_Gallery_square.jpg', 'medium_url': 'https://images4-f.ravelrycache.com/uploads/knitsu/855879943/SmartSelect_20220519-214926_Gallery_medium.jpg', 'thumbnail_url': 'https://images4-f.ravelrycache.com/uploads/knitsu/855879943/SmartSelect_20220519-214926_Gallery_thumbnail.jpg', 'small_url': 'https://images4-g.ravelrycache.com/uploads/knitsu/855879943/SmartSelect_20220519-214926_Gallery_small_best_fit.jpg', 'flickr_url': None, 'shelved_url': 'https://images4-g.ravelrycache.com/uploads/knitsu/855879943/SmartSelect_20220519-214926_Gallery_shelved.jpg', 'medium2_url': 'https://images4-a.ravelrycache.com/uploads/knitsu/855879943/SmartSelect_20220519-214926_Gallery_medium2.jpg', 'small2_url': 'https://images4-f.ravelrycache.com/uploads/knitsu/855879943/SmartSelect_20220519-214926_Gallery_small2.jpg', 'caption': None, 'caption_html': None, 'copyright_holder': None}]"
lille ppoppo sweater,"aegyoknit, by Karoline Skovgaard Bentsen",1249927,https://www.ravelry.com/patterns/library/lille-ppoppo-sweater,False,https://images4-a.ravelrycache.com/uploads/AEGYOKNIT/860807525/lilleppopposweater_aegyoknitdesign_ppoppo_medium2.jpg,Knitting,"['child', 'teen']",20.0,3.3333333333333335,True,4.0,,child,DK,9,5.0, 2 (4) 6 (8) 10 (12-14) years,"[{'id': 113520583, 'sort_order': 1, 'user_id': 10722658, 'x_offset': -5, 'y_offset': -35, 'square_url': 'https://images4-f.ravelrycache.com/uploads/AEGYOKNIT/860807525/lilleppopposweater_aegyoknitdesign_ppoppo_square.jpg', 'medium_url': 'https://images4-f.ravelrycache.com/uploads/AEGYOKNIT/860807525/lilleppopposweater_aegyoknitdesign_ppoppo_medium.jpg', 'thumbnail_url': 'https://images4-g.ravelrycache.com/uploads/AEGYOKNIT/860807525/lilleppopposweater_aegyoknitdesign_ppoppo_thumbnail.jpg', 'small_url': 'https://images4-g.ravelrycache.com/uploads/AEGYOKNIT/860807525/lilleppopposweater_aegyoknitdesign_ppoppo_small.jpg', 'flickr_url': None, 'shelved_url': 'https://images4-f.ravelrycache.com/uploads/AEGYOKNIT/860807525/lilleppopposweater_aegyoknitdesign_ppoppo_shelved.jpg', 'medium2_url': 'https://images4-a.ravelrycache.com/uploads/AEGYOKNIT/860807525/lilleppopposweater_aegyoknitdesign_ppoppo_medium2.jpg', 'small2_url': 'https://images4-f.ravelrycache.com/uploads/AEGYOKNIT/860807525/lilleppopposweater_aegyoknitdesign_ppoppo_small2.jpg', 'caption': None, 'caption_html': None, 'copyright_holder': None}, {'id': 119654616, 'sort_order': 2, 'user_id': 10425037, 'x_offset': 0, 'y_offset': -22, 'square_url': 'https://images4-f.ravelrycache.com/uploads/coptabrevis/883504671/upload_square', 'medium_url': 'https://images4-g.ravelrycache.com/uploads/coptabrevis/883504671/upload_medium', 'thumbnail_url': 'https://images4-g.ravelrycache.com/uploads/coptabrevis/883504671/upload_thumbnail', 'small_url': 'https://images4-g.ravelrycache.com/uploads/coptabrevis/883504671/upload_small_best_fit', 'flickr_url': None, 'shelved_url': 'https://images4-f.ravelrycache.com/uploads/coptabrevis/883504671/upload_shelved', 'medium2_url': 'https://images4-a.ravelrycache.com/uploads/coptabrevis/883504671/upload_medium2', 'small2_url': 'https://images4-f.ravelrycache.com/uploads/coptabrevis/883504671/upload_small2', 'caption': None, 'caption_html': None, 'copyright_holder': None}, {'id': 113520584, 'sort_order': 3, 'user_id': 10722658, 'x_offset': -5, 'y_offset': -35, 'square_url': 'https://images4-f.ravelrycache.com/uploads/AEGYOKNIT/860807581/IMG_7671_square.jpg', 'medium_url': 'https://images4-f.ravelrycache.com/uploads/AEGYOKNIT/860807581/IMG_7671_medium.jpg', 'thumbnail_url': 'https://images4-g.ravelrycache.com/uploads/AEGYOKNIT/860807581/IMG_7671_thumbnail.jpg', 'small_url': 'https://images4-g.ravelrycache.com/uploads/AEGYOKNIT/860807581/IMG_7671_small.jpg', 'flickr_url': None, 'shelved_url': 'https://images4-f.ravelrycache.com/uploads/AEGYOKNIT/860807581/IMG_7671_shelved.jpg', 'medium2_url': 'https://images4-a.ravelrycache.com/uploads/AEGYOKNIT/860807581/IMG_7671_medium2.jpg', 'small2_url': 'https://images4-f.ravelrycache.com/uploads/AEGYOKNIT/860807581/IMG_7671_small2.jpg', 'caption': None, 'caption_html': None, 'copyright_holder': None}, {'id': 113520585, 'sort_order': 4, 'user_id': 10722658, 'x_offset': -5, 'y_offset': -35, 'square_url': 'https://images4-f.ravelrycache.com/uploads/AEGYOKNIT/860807640/IMG_7670_square.jpg', 'medium_url': 'https://images4-f.ravelrycache.com/uploads/AEGYOKNIT/860807640/IMG_7670_medium.jpg', 'thumbnail_url': 'https://images4-g.ravelrycache.com/uploads/AEGYOKNIT/860807640/IMG_7670_thumbnail.jpg', 'small_url': 'https://images4-f.ravelrycache.com/uploads/AEGYOKNIT/860807640/IMG_7670_small.jpg', 'flickr_url': None, 'shelved_url': 'https://images4-f.ravelrycache.com/uploads/AEGYOKNIT/860807640/IMG_7670_shelved.jpg', 'medium2_url': 'https://images4-a.ravelrycache.com/uploads/AEGYOKNIT/860807640/IMG_7670_medium2.jpg', 'small2_url': 'https://images4-f.ravelrycache.com/uploads/AEGYOKNIT/860807640/IMG_7670_small2.jpg', 'caption': None, 'caption_html': None, 'copyright_holder': None}, {'id': 113520586, 'sort_order': 5, 'user_id': 10722658, 'x_offset': 0, 'y_offset': -15, 'square_url': 'https://images4-f.ravelrycache.com/uploads/AEGYOKNIT/860807656/IMG_7657_square.jpg', 'medium_url': 'https://images4-f.ravelrycache.com/uploads/AEGYOKNIT/860807656/IMG_7657_medium.jpg', 'thumbnail_url': 'https://images4-g.ravelrycache.com/uploads/AEGYOKNIT/860807656/IMG_7657_thumbnail.jpg', 'small_url': 'https://images4-f.ravelrycache.com/uploads/AEGYOKNIT/860807656/IMG_7657_small_best_fit.jpg', 'flickr_url': None, 'shelved_url': 'https://images4-g.ravelrycache.com/uploads/AEGYOKNIT/860807656/IMG_7657_shelved.jpg', 'medium2_url': 'https://images4-a.ravelrycache.com/uploads/AEGYOKNIT/860807656/IMG_7657_medium2.jpg', 'small2_url': 'https://images4-f.ravelrycache.com/uploads/AEGYOKNIT/860807656/IMG_7657_small2.jpg', 'caption': None, 'caption_html': None, 'copyright_holder': None}, {'id': 113520587, 'sort_order': 6, 'user_id': 10722658, 'x_offset': -5, 'y_offset': -35, 'square_url': 'https://images4-f.ravelrycache.com/uploads/AEGYOKNIT/860807721/aegyoknit_lilleppopposweater_striktilbarn_knitwearforkids_danishdesign_square.jpg', 'medium_url': 'https://images4-f.ravelrycache.com/uploads/AEGYOKNIT/860807721/aegyoknit_lilleppopposweater_striktilbarn_knitwearforkids_danishdesign_medium.jpg', 'thumbnail_url': 'https://images4-f.ravelrycache.com/uploads/AEGYOKNIT/860807721/aegyoknit_lilleppopposweater_striktilbarn_knitwearforkids_danishdesign_thumbnail.jpg', 'small_url': 'https://images4-g.ravelrycache.com/uploads/AEGYOKNIT/860807721/aegyoknit_lilleppopposweater_striktilbarn_knitwearforkids_danishdesign_small.jpg', 'flickr_url': None, 'shelved_url': 'https://images4-f.ravelrycache.com/uploads/AEGYOKNIT/860807721/aegyoknit_lilleppopposweater_striktilbarn_knitwearforkids_danishdesign_shelved.jpg', 'medium2_url': 'https://images4-a.ravelrycache.com/uploads/AEGYOKNIT/860807721/aegyoknit_lilleppopposweater_striktilbarn_knitwearforkids_danishdesign_medium2.jpg', 'small2_url': 'https://images4-f.ravelrycache.com/uploads/AEGYOKNIT/860807721/aegyoknit_lilleppopposweater_striktilbarn_knitwearforkids_danishdesign_small2.jpg', 'caption': None, 'caption_html': None, 'copyright_holder': None}, {'id': 113520588, 'sort_order': 7, 'user_id': 10722658, 'x_offset': -3, 'y_offset': -35, 'square_url': 'https://images4-f.ravelrycache.com/uploads/AEGYOKNIT/860807829/lilleppopposweater_aegyoknitJPG_square.JPG', 'medium_url': 'https://images4-f.ravelrycache.com/uploads/AEGYOKNIT/860807829/lilleppopposweater_aegyoknitJPG_medium.JPG', 'thumbnail_url': 'https://images4-g.ravelrycache.com/uploads/AEGYOKNIT/860807829/lilleppopposweater_aegyoknitJPG_thumbnail.JPG', 'small_url': 'https://images4-f.ravelrycache.com/uploads/AEGYOKNIT/860807829/lilleppopposweater_aegyoknitJPG_small.JPG', 'flickr_url': None, 'shelved_url': 'https://images4-g.ravelrycache.com/uploads/AEGYOKNIT/860807829/lilleppopposweater_aegyoknitJPG_shelved.JPG', 'medium2_url': 'https://images4-a.ravelrycache.com/uploads/AEGYOKNIT/860807829/lilleppopposweater_aegyoknitJPG_medium2.JPG', 'small2_url': 'https://images4-f.ravelrycache.com/uploads/AEGYOKNIT/860807829/lilleppopposweater_aegyoknitJPG_small2.JPG', 'caption': None, 'caption_html': None, 'copyright_holder': None}, {'id': 113520589, 'sort_order': 8, 'user_id': 10722658, 'x_offset': -5, 'y_offset': -35, 'square_url': 'https://images4-f.ravelrycache.com/uploads/AEGYOKNIT/860807793/IMG_9290_square.jpg', 'medium_url': 'https://images4-f.ravelrycache.com/uploads/AEGYOKNIT/860807793/IMG_9290_medium.jpg', 'thumbnail_url': 'https://images4-g.ravelrycache.com/uploads/AEGYOKNIT/860807793/IMG_9290_thumbnail.jpg', 'small_url': 'https://images4-g.ravelrycache.com/uploads/AEGYOKNIT/860807793/IMG_9290_small.jpg', 'flickr_url': None, 'shelved_url': 'https://images4-g.ravelrycache.com/uploads/AEGYOKNIT/860807793/IMG_9290_shelved.jpg', 'medium2_url': 'https://images4-a.ravelrycache.com/uploads/AEGYOKNIT/860807793/IMG_9290_medium2.jpg', 'small2_url': 'https://images4-f.ravelrycache.com/uploads/AEGYOKNIT/860807793/IMG_9290_small2.jpg', 'caption': None, 'caption_html': None, 'copyright_holder': None}, {'id': 118359561, 'sort_order': 9, 'user_id': 10232973, 'x_offset': -50, 'y_offset': 0, 'square_url': 'https://images4-f.ravelrycache.com/uploads/trixiesnubbs/888762317/IMG_20221123_213330_square.jpg', 'medium_url': 'https://images4-g.ravelrycache.com/uploads/trixiesnubbs/888762317/IMG_20221123_213330_medium.jpg', 'thumbnail_url': 'https://images4-f.ravelrycache.com/uploads/trixiesnubbs/888762317/IMG_20221123_213330_thumbnail.jpg', 'small_url': 'https://images4-f.ravelrycache.com/uploads/trixiesnubbs/888762317/IMG_20221123_213330_small.jpg', 'flickr_url': None, 'shelved_url': 'https://images4-g.ravelrycache.com/uploads/trixiesnubbs/888762317/IMG_20221123_213330_shelved.jpg', 'medium2_url': 'https://images4-a.ravelrycache.com/uploads/trixiesnubbs/888762317/IMG_20221123_213330_medium2.jpg', 'small2_url': 'https://images4-f.ravelrycache.com/uploads/trixiesnubbs/888762317/IMG_20221123_213330_small2.jpg', 'caption': None, 'caption_html': None, 'copyright_holder': None}, {'id': 118343405, 'sort_order': 10, 'user_id': 86902, 'x_offset': -5, 'y_offset': -35, 'square_url': 'https://images4-g.ravelrycache.com/uploads/Susisanne/892649492/upload_square', 'medium_url': 'https://images4-f.ravelrycache.com/uploads/Susisanne/892649492/upload_medium', 'thumbnail_url': 'https://images4-f.ravelrycache.com/uploads/Susisanne/892649492/upload_thumbnail', 'small_url': 'https://images4-g.ravelrycache.com/uploads/Susisanne/892649492/upload_small', 'flickr_url': None, 'shelved_url': 'https://images4-g.ravelrycache.com/uploads/Susisanne/892649492/upload_shelved', 'medium2_url': 'https://images4-a.ravelrycache.com/uploads/Susisanne/892649492/upload_medium2', 'small2_url': 'https://images4-g.ravelrycache.com/uploads/Susisanne/892649492/upload_small2', 'caption': None, 'caption_html': None, 'copyright_holder': None}]"
Lausannesweater,sinchens,1249990,https://www.ravelry.com/patterns/library/lausannesweater,False,https://images4-a.ravelrycache.com/uploads/Sinchens/1017914214/LCP_SINCHEN_16.Juli2024_053_medium2.jpg,Knitting,['top-down'],20.0,0.0,True,4.0,"2 rechts, 2 links",pullover,Sport,6,0.0,XS/S (M/L) XL/2XL ,"[{'id': 132966303, 'sort_order': 1, 'user_id': 6285020, 'x_offset': 0, 'y_offset': -43, 'square_url': 'https://images4-g.ravelrycache.com/uploads/Sinchens/1017914214/LCP_SINCHEN_16.Juli2024_053_square.jpg', 'medium_url': 'https://images4-f.ravelrycache.com/uploads/Sinchens/1017914214/LCP_SINCHEN_16.Juli2024_053_medium.jpg', 'thumbnail_url': 'https://images4-f.ravelrycache.com/uploads/Sinchens/1017914214/LCP_SINCHEN_16.Juli2024_053_thumbnail.jpg', 'small_url': 'https://images4-f.ravelrycache.com/uploads/Sinchens/1017914214/LCP_SINCHEN_16.Juli2024_053_small_best_fit.jpg', 'flickr_url': None, 'shelved_url': 'https://images4-g.ravelrycache.com/uploads/Sinchens/1017914214/LCP_SINCHEN_16.Juli2024_053_shelved.jpg', 'medium2_url': 'https://images4-a.ravelrycache.com/uploads/Sinchens/1017914214/LCP_SINCHEN_16.Juli2024_053_medium2.jpg', 'small2_url': 'https://images4-g.ravelrycache.com/uploads/Sinchens/1017914214/LCP_SINCHEN_16.Juli2024_053_small2.jpg', 'caption': None, 'caption_html': None, 'copyright_holder': None}, {'id': 132966306, 'sort_order': 2, 'user_id': 6285020, 'x_offset': 0, 'y_offset': -43, 'square_url': 'https://images4-f.ravelrycache.com/uploads/Sinchens/1017914216/LCP_SINCHEN_16.Juli2024_045_square.jpg', 'medium_url': 'https://images4-g.ravelrycache.com/uploads/Sinchens/1017914216/LCP_SINCHEN_16.Juli2024_045_medium.jpg', 'thumbnail_url': 'https://images4-g.ravelrycache.com/uploads/Sinchens/1017914216/LCP_SINCHEN_16.Juli2024_045_thumbnail.jpg', 'small_url': 'https://images4-f.ravelrycache.com/uploads/Sinchens/1017914216/LCP_SINCHEN_16.Juli2024_045_small_best_fit.jpg', 'flickr_url': None, 'shelved_url': 'https://images4-g.ravelrycache.com/uploads/Sinchens/1017914216/LCP_SINCHEN_16.Juli2024_045_shelved.jpg', 'medium2_url': 'https://images4-a.ravelrycache.com/uploads/Sinchens/1017914216/LCP_SINCHEN_16.Juli2024_045_medium2.jpg', 'small2_url': 'https://images4-f.ravelrycache.com/uploads/Sinchens/1017914216/LCP_SINCHEN_16.Juli2024_045_small2.jpg', 'caption': None, 'caption_html': None, 'copyright_holder': None}, {'id': 132966312, 'sort_order': 3, 'user_id': 6285020, 'x_offset': 0, 'y_offset': -43, 'square_url': 'https://images4-g.ravelrycache.com/uploads/Sinchens/1017914220/LCP_SINCHEN_16.Juli2024_044_square.jpg', 'medium_url': 'https://images4-f.ravelrycache.com/uploads/Sinchens/1017914220/LCP_SINCHEN_16.Juli2024_044_medium.jpg', 'thumbnail_url': 'https://images4-f.ravelrycache.com/uploads/Sinchens/1017914220/LCP_SINCHEN_16.Juli2024_044_thumbnail.jpg', 'small_url': 'https://images4-g.ravelrycache.com/uploads/Sinchens/1017914220/LCP_SINCHEN_16.Juli2024_044_small_best_fit.jpg', 'flickr_url': None, 'shelved_url': 'https://images4-g.ravelrycache.com/uploads/Sinchens/1017914220/LCP_SINCHEN_16.Juli2024_044_shelved.jpg', 'medium2_url': 'https://images4-a.ravelrycache.com/uploads/Sinchens/1017914220/LCP_SINCHEN_16.Juli2024_044_medium2.jpg', 'small2_url': 'https://images4-g.ravelrycache.com/uploads/Sinchens/1017914220/LCP_SINCHEN_16.Juli2024_044_small2.jpg', 'caption': None, 'caption_html': None, 'copyright_holder': None}, {'id': 132966308, 'sort_order': 4, 'user_id': 6285020, 'x_offset': 0, 'y_offset': -43, 'square_url': 'https://images4-f.ravelrycache.com/uploads/Sinchens/1017914215/LCP_SINCHEN_16.Juli2024_043_square.jpg', 'medium_url': 'https://images4-g.ravelrycache.com/uploads/Sinchens/1017914215/LCP_SINCHEN_16.Juli2024_043_medium.jpg', 'thumbnail_url': 'https://images4-g.ravelrycache.com/uploads/Sinchens/1017914215/LCP_SINCHEN_16.Juli2024_043_thumbnail.jpg', 'small_url': 'https://images4-g.ravelrycache.com/uploads/Sinchens/1017914215/LCP_SINCHEN_16.Juli2024_043_small_best_fit.jpg', 'flickr_url': None, 'shelved_url': 'https://images4-g.ravelrycache.com/uploads/Sinchens/1017914215/LCP_SINCHEN_16.Juli2024_043_shelved.jpg', 'medium2_url': 'https://images4-a.ravelrycache.com/uploads/Sinchens/1017914215/LCP_SINCHEN_16.Juli2024_043_medium2.jpg', 'small2_url': 'https://images4-f.ravelrycache.com/uploads/Sinchens/1017914215/LCP_SINCHEN_16.Juli2024_043_small2.jpg', 'caption': None, 'caption_html': None, 'copyright_holder': None}, {'id': 132966305, 'sort_order': 5, 'user_id': 6285020, 'x_offset': 0, 'y_offset': -43, 'square_url': 'https://images4-f.ravelrycache.com/uploads/Sinchens/1017914218/LCP_SINCHEN_16.Juli2024_040_square.jpg', 'medium_url': 'https://images4-g.ravelrycache.com/uploads/Sinchens/1017914218/LCP_SINCHEN_16.Juli2024_040_medium.jpg', 'thumbnail_url': 'https://images4-g.ravelrycache.com/uploads/Sinchens/1017914218/LCP_SINCHEN_16.Juli2024_040_thumbnail.jpg', 'small_url': 'https://images4-g.ravelrycache.com/uploads/Sinchens/1017914218/LCP_SINCHEN_16.Juli2024_040_small_best_fit.jpg', 'flickr_url': None, 'shelved_url': 'https://images4-f.ravelrycache.com/uploads/Sinchens/1017914218/LCP_SINCHEN_16.Juli2024_040_shelved.jpg', 'medium2_url': 'https://images4-a.ravelrycache.com/uploads/Sinchens/1017914218/LCP_SINCHEN_16.Juli2024_040_medium2.jpg', 'small2_url': 'https://images4-f.ravelrycache.com/uploads/Sinchens/1017914218/LCP_SINCHEN_16.Juli2024_040_small2.jpg', 'caption': None, 'caption_html': None, 'copyright_holder': None}, {'id': 132966307, 'sort_order': 6, 'user_id': 6285020, 'x_offset': 0, 'y_offset': -43, 'square_url': 'https://images4-f.ravelrycache.com/uploads/Sinchens/1017914217/LCP_SINCHEN_16.Juli2024_029_square.jpg', 'medium_url': 'https://images4-g.ravelrycache.com/uploads/Sinchens/1017914217/LCP_SINCHEN_16.Juli2024_029_medium.jpg', 'thumbnail_url': 'https://images4-g.ravelrycache.com/uploads/Sinchens/1017914217/LCP_SINCHEN_16.Juli2024_029_thumbnail.jpg', 'small_url': 'https://images4-g.ravelrycache.com/uploads/Sinchens/1017914217/LCP_SINCHEN_16.Juli2024_029_small_best_fit.jpg', 'flickr_url': None, 'shelved_url': 'https://images4-g.ravelrycache.com/uploads/Sinchens/1017914217/LCP_SINCHEN_16.Juli2024_029_shelved.jpg', 'medium2_url': 'https://images4-a.ravelrycache.com/uploads/Sinchens/1017914217/LCP_SINCHEN_16.Juli2024_029_medium2.jpg', 'small2_url': 'https://images4-f.ravelrycache.com/uploads/Sinchens/1017914217/LCP_SINCHEN_16.Juli2024_029_small2.jpg', 'caption': None, 'caption_html': None, 'copyright_holder': None}, {'id': 132966309, 'sort_order': 7, 'user_id': 6285020, 'x_offset': 0, 'y_offset': -43, 'square_url': 'https://images4-g.ravelrycache.com/uploads/Sinchens/1017914219/LCP_SINCHEN_16.Juli2024_019_square.jpg', 'medium_url': 'https://images4-f.ravelrycache.com/uploads/Sinchens/1017914219/LCP_SINCHEN_16.Juli2024_019_medium.jpg', 'thumbnail_url': 'https://images4-f.ravelrycache.com/uploads/Sinchens/1017914219/LCP_SINCHEN_16.Juli2024_019_thumbnail.jpg', 'small_url': 'https://images4-f.ravelrycache.com/uploads/Sinchens/1017914219/LCP_SINCHEN_16.Juli2024_019_small_best_fit.jpg', 'flickr_url': None, 'shelved_url': 'https://images4-f.ravelrycache.com/uploads/Sinchens/1017914219/LCP_SINCHEN_16.Juli2024_019_shelved.jpg', 'medium2_url': 'https://images4-a.ravelrycache.com/uploads/Sinchens/1017914219/LCP_SINCHEN_16.Juli2024_019_medium2.jpg', 'small2_url': 'https://images4-g.ravelrycache.com/uploads/Sinchens/1017914219/LCP_SINCHEN_16.Juli2024_019_small2.jpg', 'caption': None, 'caption_html': None, 'copyright_holder': None}, {'id': 132966302, 'sort_order': 8, 'user_id': 6285020, 'x_offset': 0, 'y_offset': -43, 'square_url': 'https://images4-g.ravelrycache.com/uploads/Sinchens/1017914212/LCP_SINCHEN_16.Juli2024_018_square.jpg', 'medium_url': 'https://images4-f.ravelrycache.com/uploads/Sinchens/1017914212/LCP_SINCHEN_16.Juli2024_018_medium.jpg', 'thumbnail_url': 'https://images4-g.ravelrycache.com/uploads/Sinchens/1017914212/LCP_SINCHEN_16.Juli2024_018_thumbnail.jpg', 'small_url': 'https://images4-f.ravelrycache.com/uploads/Sinchens/1017914212/LCP_SINCHEN_16.Juli2024_018_small_best_fit.jpg', 'flickr_url': None, 'shelved_url': 'https://images4-f.ravelrycache.com/uploads/Sinchens/1017914212/LCP_SINCHEN_16.Juli2024_018_shelved.jpg', 'medium2_url': 'https://images4-a.ravelrycache.com/uploads/Sinchens/1017914212/LCP_SINCHEN_16.Juli2024_018_medium2.jpg', 'small2_url': 'https://images4-g.ravelrycache.com/uploads/Sinchens/1017914212/LCP_SINCHEN_16.Juli2024_018_small2.jpg', 'caption': None, 'caption_html': None, 'copyright_holder': None}, {'id': 132966310, 'sort_order': 9, 'user_id': 6285020, 'x_offset': 0, 'y_offset': -43, 'square_url': 'https://images4-g.ravelrycache.com/uploads/Sinchens/1017914222/LCP_SINCHEN_16.Juli2024_014_square.jpg', 'medium_url': 'https://images4-f.ravelrycache.com/uploads/Sinchens/1017914222/LCP_SINCHEN_16.Juli2024_014_medium.jpg', 'thumbnail_url': 'https://images4-f.ravelrycache.com/uploads/Sinchens/1017914222/LCP_SINCHEN_16.Juli2024_014_thumbnail.jpg', 'small_url': 'https://images4-f.ravelrycache.com/uploads/Sinchens/1017914222/LCP_SINCHEN_16.Juli2024_014_small_best_fit.jpg', 'flickr_url': None, 'shelved_url': 'https://images4-f.ravelrycache.com/uploads/Sinchens/1017914222/LCP_SINCHEN_16.Juli2024_014_shelved.jpg', 'medium2_url': 'https://images4-a.ravelrycache.com/uploads/Sinchens/1017914222/LCP_SINCHEN_16.Juli2024_014_medium2.jpg', 'small2_url': 'https://images4-g.ravelrycache.com/uploads/Sinchens/1017914222/LCP_SINCHEN_16.Juli2024_014_small2.jpg', 'caption': None, 'caption_html': None, 'copyright_holder': None}, {'id': 132966311, 'sort_order': 10, 'user_id': 6285020, 'x_offset': 0, 'y_offset': -43, 'square_url': 'https://images4-f.ravelrycache.com/uploads/Sinchens/1017914223/LCP_SINCHEN_16.Juli2024_002_square.jpg', 'medium_url': 'https://images4-g.ravelrycache.com/uploads/Sinchens/1017914223/LCP_SINCHEN_16.Juli2024_002_medium.jpg', 'thumbnail_url': 'https://images4-f.ravelrycache.com/uploads/Sinchens/1017914223/LCP_SINCHEN_16.Juli2024_002_thumbnail.jpg', 'small_url': 'https://images4-f.ravelrycache.com/uploads/Sinchens/1017914223/LCP_SINCHEN_16.Juli2024_002_small_best_fit.jpg', 'flickr_url': None, 'shelved_url': 'https://images4-g.ravelrycache.com/uploads/Sinchens/1017914223/LCP_SINCHEN_16.Juli2024_002_shelved.jpg', 'medium2_url': 'https://images4-a.ravelrycache.com/uploads/Sinchens/1017914223/LCP_SINCHEN_16.Juli2024_002_medium2.jpg', 'small2_url': 'https://images4-f.ravelrycache.com/uploads/Sinchens/1017914223/LCP_SINCHEN_16.Juli2024_002_small2.jpg', 'caption': None, 'caption_html': None, 'copyright_holder': None}, {'id': 132966304, 'sort_order': 11, 'user_id': 6285020, 'x_offset': 0, 'y_offset': -43, 'square_url': 'https://images4-f.ravelrycache.com/uploads/Sinchens/1017914213/LCP_SINCHEN_16.Juli2024_031_square.jpg', 'medium_url': 'https://images4-g.ravelrycache.com/uploads/Sinchens/1017914213/LCP_SINCHEN_16.Juli2024_031_medium.jpg', 'thumbnail_url': 'https://images4-g.ravelrycache.com/uploads/Sinchens/1017914213/LCP_SINCHEN_16.Juli2024_031_thumbnail.jpg', 'small_url': 'https://images4-g.ravelrycache.com/uploads/Sinchens/1017914213/LCP_SINCHEN_16.Juli2024_031_small_best_fit.jpg', 'flickr_url': None, 'shelved_url': 'https://images4-f.ravelrycache.com/uploads/Sinchens/1017914213/LCP_SINCHEN_16.Juli2024_031_shelved.jpg', 'medium2_url': 'https://images4-a.ravelrycache.com/uploads/Sinchens/1017914213/LCP_SINCHEN_16.Juli2024_031_medium2.jpg', 'small2_url': 'https://images4-f.ravelrycache.com/uploads/Sinchens/1017914213/LCP_SINCHEN_16.Juli2024_031_small2.jpg', 'caption': None, 'caption_html': None, 'copyright_holder': None}, {'id': 132966313, 'sort_order': 12, 'user_id': 6285020, 'x_offset': 0, 'y_offset': -43, 'square_url': 'https://images4-f.ravelrycache.com/uploads/Sinchens/1017914221/LCP_SINCHEN_16.Juli2024_055_square.jpg', 'medium_url': 'https://images4-g.ravelrycache.com/uploads/Sinchens/1017914221/LCP_SINCHEN_16.Juli2024_055_medium.jpg', 'thumbnail_url': 'https://images4-g.ravelrycache.com/uploads/Sinchens/1017914221/LCP_SINCHEN_16.Juli2024_055_thumbnail.jpg', 'small_url': 'https://images4-g.ravelrycache.com/uploads/Sinchens/1017914221/LCP_SINCHEN_16.Juli2024_055_small_best_fit.jpg', 'flickr_url': None, 'shelved_url': 'https://images4-f.ravelrycache.com/uploads/Sinchens/1017914221/LCP_SINCHEN_16.Juli2024_055_shelved.jpg', 'medium2_url': 'https://images4-a.ravelrycache.com/uploads/Sinchens/1017914221/LCP_SINCHEN_16.Juli2024_055_medium2.jpg', 'small2_url': 'https://images4-f.ravelrycache.com/uploads/Sinchens/1017914221/LCP_SINCHEN_16.Juli2024_055_small2.jpg', 'caption': None, 'caption_html': None, 'copyright_holder': None}, {'id': 113530537, 'sort_order': 13, 'user_id': 6285020, 'x_offset': 0, 'y_offset': -43, 'square_url': 'https://images4-f.ravelrycache.com/uploads/Sinchens/860888609/LCP_SINCHEN_02-21_063_square.jpg', 'medium_url': 'https://images4-f.ravelrycache.com/uploads/Sinchens/860888609/LCP_SINCHEN_02-21_063_medium.jpg', 'thumbnail_url': 'https://images4-g.ravelrycache.com/uploads/Sinchens/860888609/LCP_SINCHEN_02-21_063_thumbnail.jpg', 'small_url': 'https://images4-f.ravelrycache.com/uploads/Sinchens/860888609/LCP_SINCHEN_02-21_063_small_best_fit.jpg', 'flickr_url': None, 'shelved_url': 'https://images4-f.ravelrycache.com/uploads/Sinchens/860888609/LCP_SINCHEN_02-21_063_shelved.jpg', 'medium2_url': 'https://images4-a.ravelrycache.com/uploads/Sinchens/860888609/LCP_SINCHEN_02-21_063_medium2.jpg', 'small2_url': 'https://images4-f.ravelrycache.com/uploads/Sinchens/860888609/LCP_SINCHEN_02-21_063_small2.jpg', 'caption': None, 'caption_html': None, 'copyright_holder': None}]"
Fernlys Sweater,Lív Ulven,1250135,https://www.ravelry.com/patterns/library/fernlys-sweater,False,https://images4-a.ravelrycache.com/uploads/Woodlandsknits/861044587/20220619_174820_medium2.jpg,Knitting,"['unisex', 'adult', 'textured', 'circular-yoke', 'crew-neck', 'sleeves', 'long-sleeve', 'straight', 'stranded', 'seamless', 'top-down', 'positive-ease', 'chart', 'written-pattern', 'cropped', 'in-the-round', 'slipped-stitches', 'braids-plaiting', 'captioned-video']",16.0,3.25,True,4.0,,pullover,Worsted,24,4.5,1 (2) 3 (4) 5 (6) 7 (8) 9,"[{'id': 113550854, 'sort_order': 1, 'user_id': 9441813, 'x_offset': -5, 'y_offset': -35, 'square_url': 'https://images4-g.ravelrycache.com/uploads/Woodlandsknits/861044587/20220619_174820_square.jpg', 'medium_url': 'https://images4-g.ravelrycache.com/uploads/Woodlandsknits/861044587/20220619_174820_medium.jpg', 'thumbnail_url': 'https://images4-g.ravelrycache.com/uploads/Woodlandsknits/861044587/20220619_174820_thumbnail.jpg', 'small_url': 'https://images4-f.ravelrycache.com/uploads/Woodlandsknits/861044587/20220619_174820_small.jpg', 'flickr_url': None, 'shelved_url': 'https://images4-f.ravelrycache.com/uploads/Woodlandsknits/861044587/20220619_174820_shelved.jpg', 'medium2_url': 'https://images4-a.ravelrycache.com/uploads/Woodlandsknits/861044587/20220619_174820_medium2.jpg', 'small2_url': 'https://images4-g.ravelrycache.com/uploads/Woodlandsknits/861044587/20220619_174820_small2.jpg', 'caption': None, 'caption_html': None, 'copyright_holder': None}, {'id': 113550855, 'sort_order': 2, 'user_id': 9441813, 'x_offset': -35, 'y_offset': -5, 'square_url': 'https://images4-f.ravelrycache.com/uploads/Woodlandsknits/861045238/20220619_174938_square.jpg', 'medium_url': 'https://images4-f.ravelrycache.com/uploads/Woodlandsknits/861045238/20220619_174938_medium.jpg', 'thumbnail_url': 'https://images4-f.ravelrycache.com/uploads/Woodlandsknits/861045238/20220619_174938_thumbnail.jpg', 'small_url': 'https://images4-g.ravelrycache.com/uploads/Woodlandsknits/861045238/20220619_174938_small.jpg', 'flickr_url': None, 'shelved_url': 'https://images4-f.ravelrycache.com/uploads/Woodlandsknits/861045238/20220619_174938_shelved.jpg', 'medium2_url': 'https://images4-a.ravelrycache.com/uploads/Woodlandsknits/861045238/20220619_174938_medium2.jpg', 'small2_url': 'https://images4-f.ravelrycache.com/uploads/Woodlandsknits/861045238/20220619_174938_small2.jpg', 'caption': None, 'caption_html': None, 'copyright_holder': None}, {'id': 113550856, 'sort_order': 3, 'user_id': 9441813, 'x_offset': -5, 'y_offset': -35, 'square_url': 'https://images4-f.ravelrycache.com/uploads/Woodlandsknits/861049580/20220619_210214-2_square.jpg', 'medium_url': 'https://images4-f.ravelrycache.com/uploads/Woodlandsknits/861049580/20220619_210214-2_medium.jpg', 'thumbnail_url': 'https://images4-f.ravelrycache.com/uploads/Woodlandsknits/861049580/20220619_210214-2_thumbnail.jpg', 'small_url': 'https://images4-g.ravelrycache.com/uploads/Woodlandsknits/861049580/20220619_210214-2_small.jpg', 'flickr_url': None, 'shelved_url': 'https://images4-g.ravelrycache.com/uploads/Woodlandsknits/861049580/20220619_210214-2_shelved.jpg', 'medium2_url': 'https://images4-a.ravelrycache.com/uploads/Woodlandsknits/861049580/20220619_210214-2_medium2.jpg', 'small2_url': 'https://images4-f.ravelrycache.com/uploads/Woodlandsknits/861049580/20220619_210214-2_small2.jpg', 'caption': None, 'caption_html': None, 'copyright_holder': None}, {'id': 113550857, 'sort_order': 4, 'user_id': 9441813, 'x_offset': 0, 'y_offset': -40, 'square_url': 'https://images4-g.ravelrycache.com/uploads/Woodlandsknits/861054287/20220619_175458_square.jpg', 'medium_url': 'https://images4-g.ravelrycache.com/uploads/Woodlandsknits/861054287/20220619_175458_medium.jpg', 'thumbnail_url': 'https://images4-g.ravelrycache.com/uploads/Woodlandsknits/861054287/20220619_175458_thumbnail.jpg', 'small_url': 'https://images4-g.ravelrycache.com/uploads/Woodlandsknits/861054287/20220619_175458_small_best_fit.jpg', 'flickr_url': None, 'shelved_url': 'https://images4-f.ravelrycache.com/uploads/Woodlandsknits/861054287/20220619_175458_shelved.jpg', 'medium2_url': 'https://images4-a.ravelrycache.com/uploads/Woodlandsknits/861054287/20220619_175458_medium2.jpg', 'small2_url': 'https://images4-g.ravelrycache.com/uploads/Woodlandsknits/861054287/20220619_175458_small2.jpg', 'caption': None, 'caption_html': None, 'copyright_holder': None}, {'id': 113550858, 'sort_order': 5, 'user_id': 9441813, 'x_offset': -5, 'y_offset': -35, 'square_url': 'https://images4-g.ravelrycache.com/uploads/Woodlandsknits/861054289/20220619_175706_square.jpg', 'medium_url': 'https://images4-g.ravelrycache.com/uploads/Woodlandsknits/861054289/20220619_175706_medium.jpg', 'thumbnail_url': 'https://images4-f.ravelrycache.com/uploads/Woodlandsknits/861054289/20220619_175706_thumbnail.jpg', 'small_url': 'https://images4-f.ravelrycache.com/uploads/Woodlandsknits/861054289/20220619_175706_small.jpg', 'flickr_url': None, 'shelved_url': 'https://images4-f.ravelrycache.com/uploads/Woodlandsknits/861054289/20220619_175706_shelved.jpg', 'medium2_url': 'https://images4-a.ravelrycache.com/uploads/Woodlandsknits/861054289/20220619_175706_medium2.jpg', 'small2_url': 'https://images4-g.ravelrycache.com/uploads/Woodlandsknits/861054289/20220619_175706_small2.jpg', 'caption': None, 'caption_html': None, 'copyright_holder': None}]"
Liss sweater,Rina Leyton,1250337,https://www.ravelry.com/patterns/library/liss-sweater,False,https://images4-a.ravelrycache.com/uploads/Rinaleyton/861171787/IMG_0442_medium2.JPG,Knitting,"['adult', 'circular-yoke', 'crew-neck', 'long-sleeve', 'top-down', 'chart', 'written-pattern', 'icord-edging', 'stripes-colorwork', 'short-rows', 'female', 'ribbed', 'seamless']",27.0,4.8,True,4.0,Jersey,pullover,Fingering,28,5.0,"1 (2, 3, 4, 5) (6, 7, 8, 9, 10) (11, 12, 13, 14, 15)","[{'id': 113565673, 'sort_order': 1, 'user_id': 2526763, 'x_offset': -18, 'y_offset': 0, 'square_url': 'https://images4-f.ravelrycache.com/uploads/Rinaleyton/861171787/IMG_0442_square.JPG', 'medium_url': 'https://images4-f.ravelrycache.com/uploads/Rinaleyton/861171787/IMG_0442_medium.JPG', 'thumbnail_url': 'https://images4-g.ravelrycache.com/uploads/Rinaleyton/861171787/IMG_0442_thumbnail.JPG', 'small_url': 'https://images4-g.ravelrycache.com/uploads/Rinaleyton/861171787/IMG_0442_small_best_fit.JPG', 'flickr_url': None, 'shelved_url': 'https://images4-g.ravelrycache.com/uploads/Rinaleyton/861171787/IMG_0442_shelved.JPG', 'medium2_url': 'https://images4-a.ravelrycache.com/uploads/Rinaleyton/861171787/IMG_0442_medium2.JPG', 'small2_url': 'https://images4-f.ravelrycache.com/uploads/Rinaleyton/861171787/IMG_0442_small2.JPG', 'caption': None, 'caption_html': None, 'copyright_holder': None}, {'id': 115558517, 'sort_order': 2, 'user_id': 8795322, 'x_offset': -7, 'y_offset': 0, 'square_url': 'https://images4-f.ravelrycache.com/uploads/Minovoa/862759079/10_square.jpeg', 'medium_url': 'https://images4-f.ravelrycache.com/uploads/Minovoa/862759079/10_medium.jpeg', 'thumbnail_url': 'https://images4-f.ravelrycache.com/uploads/Minovoa/862759079/10_thumbnail.jpeg', 'small_url': 'https://images4-f.ravelrycache.com/uploads/Minovoa/862759079/10_small_best_fit.jpeg', 'flickr_url': None, 'shelved_url': 'https://images4-g.ravelrycache.com/uploads/Minovoa/862759079/10_shelved.jpeg', 'medium2_url': 'https://images4-a.ravelrycache.com/uploads/Minovoa/862759079/10_medium2.jpeg', 'small2_url': 'https://images4-g.ravelrycache.com/uploads/Minovoa/862759079/10_small2.jpeg', 'caption': None, 'caption_html': None, 'copyright_holder': None}, {'id': 113565674, 'sort_order': 3, 'user_id': 2526763, 'x_offset': -21, 'y_offset': 0, 'square_url': 'https://images4-g.ravelrycache.com/uploads/Rinaleyton/861171782/IMG_0441_square.jpg', 'medium_url': 'https://images4-g.ravelrycache.com/uploads/Rinaleyton/861171782/IMG_0441_medium.jpg', 'thumbnail_url': 'https://images4-g.ravelrycache.com/uploads/Rinaleyton/861171782/IMG_0441_thumbnail.jpg', 'small_url': 'https://images4-f.ravelrycache.com/uploads/Rinaleyton/861171782/IMG_0441_small_best_fit.jpg', 'flickr_url': None, 'shelved_url': 'https://images4-g.ravelrycache.com/uploads/Rinaleyton/861171782/IMG_0441_shelved.jpg', 'medium2_url': 'https://images4-a.ravelrycache.com/uploads/Rinaleyton/861171782/IMG_0441_medium2.jpg', 'small2_url': 'https://images4-g.ravelrycache.com/uploads/Rinaleyton/861171782/IMG_0441_small2.jpg', 'caption': None, 'caption_html': None, 'copyright_holder': None}, {'id': 115558513, 'sort_order': 4, 'user_id': 8795322, 'x_offset': 0, 'y_offset': -38, 'square_url': 'https://images4-f.ravelrycache.com/uploads/Minovoa/862759078/7_square.jpeg', 'medium_url': 'https://images4-f.ravelrycache.com/uploads/Minovoa/862759078/7_medium.jpeg', 'thumbnail_url': 'https://images4-g.ravelrycache.com/uploads/Minovoa/862759078/7_thumbnail.jpeg', 'small_url': 'https://images4-f.ravelrycache.com/uploads/Minovoa/862759078/7_small_best_fit.jpeg', 'flickr_url': None, 'shelved_url': 'https://images4-g.ravelrycache.com/uploads/Minovoa/862759078/7_shelved.jpeg', 'medium2_url': 'https://images4-a.ravelrycache.com/uploads/Minovoa/862759078/7_medium2.jpeg', 'small2_url': 'https://images4-g.ravelrycache.com/uploads/Minovoa/862759078/7_small2.jpeg', 'caption': None, 'caption_html': None, 'copyright_holder': None}, {'id': 113565675, 'sort_order': 5, 'user_id': 2526763, 'x_offset': -14, 'y_offset': 0, 'square_url': 'https://images4-f.ravelrycache.com/uploads/Rinaleyton/861171786/IMG_0440_square.JPG', 'medium_url': 'https://images4-f.ravelrycache.com/uploads/Rinaleyton/861171786/IMG_0440_medium.JPG', 'thumbnail_url': 'https://images4-f.ravelrycache.com/uploads/Rinaleyton/861171786/IMG_0440_thumbnail.JPG', 'small_url': 'https://images4-g.ravelrycache.com/uploads/Rinaleyton/861171786/IMG_0440_small_best_fit.JPG', 'flickr_url': None, 'shelved_url': 'https://images4-g.ravelrycache.com/uploads/Rinaleyton/861171786/IMG_0440_shelved.JPG', 'medium2_url': 'https://images4-a.ravelrycache.com/uploads/Rinaleyton/861171786/IMG_0440_medium2.JPG', 'small2_url': 'https://images4-f.ravelrycache.com/uploads/Rinaleyton/861171786/IMG_0440_small2.JPG', 'caption': None, 'caption_html': None, 'copyright_holder': None}, {'id': 113565676, 'sort_order': 6, 'user_id': 2526763, 'x_offset': -15, 'y_offset': 0, 'square_url': 'https://images4-g.ravelrycache.com/uploads/Rinaleyton/861171781/IMG_0434_square.jpg', 'medium_url': 'https://images4-g.ravelrycache.com/uploads/Rinaleyton/861171781/IMG_0434_medium.jpg', 'thumbnail_url': 'https://images4-f.ravelrycache.com/uploads/Rinaleyton/861171781/IMG_0434_thumbnail.jpg', 'small_url': 'https://images4-g.ravelrycache.com/uploads/Rinaleyton/861171781/IMG_0434_small_best_fit.jpg', 'flickr_url': None, 'shelved_url': 'https://images4-g.ravelrycache.com/uploads/Rinaleyton/861171781/IMG_0434_shelved.jpg', 'medium2_url': 'https://images4-a.ravelrycache.com/uploads/Rinaleyton/861171781/IMG_0434_medium2.jpg', 'small2_url': 'https://images4-g.ravelrycache.com/uploads/Rinaleyton/861171781/IMG_0434_small2.jpg', 'caption': None, 'caption_html': None, 'copyright_holder': None}, {'id': 113761436, 'sort_order': 7, 'user_id': 1571886, 'x_offset': 0, 'y_offset': -66, 'square_url': 'https://images4-f.ravelrycache.com/uploads/Consuandthecats/862491770/C2F7B037-8312-4E38-87DE-E12E117CB3FE_square.jpeg', 'medium_url': 'https://images4-f.ravelrycache.com/uploads/Consuandthecats/862491770/C2F7B037-8312-4E38-87DE-E12E117CB3FE_medium.jpeg', 'thumbnail_url': 'https://images4-g.ravelrycache.com/uploads/Consuandthecats/862491770/C2F7B037-8312-4E38-87DE-E12E117CB3FE_thumbnail.jpeg', 'small_url': 'https://images4-g.ravelrycache.com/uploads/Consuandthecats/862491770/C2F7B037-8312-4E38-87DE-E12E117CB3FE_small_best_fit.jpeg', 'flickr_url': None, 'shelved_url': 'https://images4-g.ravelrycache.com/uploads/Consuandthecats/862491770/C2F7B037-8312-4E38-87DE-E12E117CB3FE_shelved.jpeg', 'medium2_url': 'https://images4-a.ravelrycache.com/uploads/Consuandthecats/862491770/C2F7B037-8312-4E38-87DE-E12E117CB3FE_medium2.jpeg', 'small2_url': 'https://images4-f.ravelrycache.com/uploads/Consuandthecats/862491770/C2F7B037-8312-4E38-87DE-E12E117CB3FE_small2.jpeg', 'caption': None, 'caption_html': None, 'copyright_holder': None}, {'id': 113625200, 'sort_order': 8, 'user_id': 9985661, 'x_offset': 0, 'y_offset': 0, 'square_url': 'https://images4-f.ravelrycache.com/uploads/Lanellapops/861418243/upload_square', 'medium_url': 'https://images4-g.ravelrycache.com/uploads/Lanellapops/861418243/upload_medium', 'thumbnail_url': 'https://images4-f.ravelrycache.com/uploads/Lanellapops/861418243/upload_thumbnail', 'small_url': 'https://images4-g.ravelrycache.com/uploads/Lanellapops/861418243/upload_small_best_fit', 'flickr_url': None, 'shelved_url': 'https://images4-g.ravelrycache.com/uploads/Lanellapops/861418243/upload_shelved', 'medium2_url': 'https://images4-a.ravelrycache.com/uploads/Lanellapops/861418243/upload_medium2', 'small2_url': 'https://images4-f.ravelrycache.com/uploads/Lanellapops/861418243/upload_small2', 'caption': None, 'caption_html': None, 'copyright_holder': None}]"
Ravenous,Vanessa Ewing,1250348,https://www.ravelry.com/patterns/library/ravenous-2,False,https://images4-a.ravelrycache.com/uploads/vanessaewing/861189788/ravenous_pullover__1_of_1__medium2.jpg,Knitting,"['adult', 'crew-neck', 'long-sleeve', 'short-sleeve', 'stranded', 'one-piece', 'seamless', 'top-down', 'chart', 'written-pattern', 'in-the-round', 'circular-yoke']",24.0,0.0,True,4.0,in colorwork knit in the round using COLORWORK needle and blocked. ,pullover,Light Fingering,3,0.0,"1 (2, 3, 4, 5, 6, 7, 8, 9, 10)","[{'id': 113567732, 'sort_order': 1, 'user_id': 55720, 'x_offset': 0, 'y_offset': -19, 'square_url': 'https://images4-g.ravelrycache.com/uploads/vanessaewing/861189788/ravenous_pullover__1_of_1__square.jpg', 'medium_url': 'https://images4-g.ravelrycache.com/uploads/vanessaewing/861189788/ravenous_pullover__1_of_1__medium.jpg', 'thumbnail_url': 'https://images4-f.ravelrycache.com/uploads/vanessaewing/861189788/ravenous_pullover__1_of_1__thumbnail.jpg', 'small_url': 'https://images4-f.ravelrycache.com/uploads/vanessaewing/861189788/ravenous_pullover__1_of_1__small_best_fit.jpg', 'flickr_url': None, 'shelved_url': 'https://images4-f.ravelrycache.com/uploads/vanessaewing/861189788/ravenous_pullover__1_of_1__shelved.jpg', 'medium2_url': 'https://images4-a.ravelrycache.com/uploads/vanessaewing/861189788/ravenous_pullover__1_of_1__medium2.jpg', 'small2_url': 'https://images4-g.ravelrycache.com/uploads/vanessaewing/861189788/ravenous_pullover__1_of_1__small2.jpg', 'caption': None, 'caption_html': None, 'copyright_holder': None}, {'id': 113577071, 'sort_order': 2, 'user_id': 55720, 'x_offset': -5, 'y_offset': 4, 'square_url': 'https://images4-g.ravelrycache.com/uploads/vanessaewing/861264775/7A70D69D-6915-4254-BC11-D5E5C6C7F314_square.jpeg', 'medium_url': 'https://images4-g.ravelrycache.com/uploads/vanessaewing/861264775/7A70D69D-6915-4254-BC11-D5E5C6C7F314_medium.jpeg', 'thumbnail_url': 'https://images4-f.ravelrycache.com/uploads/vanessaewing/861264775/7A70D69D-6915-4254-BC11-D5E5C6C7F314_thumbnail.jpeg', 'small_url': 'https://images4-f.ravelrycache.com/uploads/vanessaewing/861264775/7A70D69D-6915-4254-BC11-D5E5C6C7F314_small_best_fit.jpeg', 'flickr_url': None, 'shelved_url': 'https://images4-g.ravelrycache.com/uploads/vanessaewing/861264775/7A70D69D-6915-4254-BC11-D5E5C6C7F314_shelved.jpeg', 'medium2_url': 'https://images4-a.ravelrycache.com/uploads/vanessaewing/861264775/7A70D69D-6915-4254-BC11-D5E5C6C7F314_medium2.jpeg', 'small2_url': 'https://images4-g.ravelrycache.com/uploads/vanessaewing/861264775/7A70D69D-6915-4254-BC11-D5E5C6C7F314_small2.jpeg', 'caption': None, 'caption_html': None, 'copyright_holder': None}, {'id': 113567714, 'sort_order': 3, 'user_id': 55720, 'x_offset': 0, 'y_offset': -42, 'square_url': 'https://images4-g.ravelrycache.com/uploads/vanessaewing/861189626/ravenous__1_of_8___2__square.JPG', 'medium_url': 'https://images4-g.ravelrycache.com/uploads/vanessaewing/861189626/ravenous__1_of_8___2__medium.JPG', 'thumbnail_url': 'https://images4-g.ravelrycache.com/uploads/vanessaewing/861189626/ravenous__1_of_8___2__thumbnail.JPG', 'small_url': 'https://images4-g.ravelrycache.com/uploads/vanessaewing/861189626/ravenous__1_of_8___2__small_best_fit.JPG', 'flickr_url': None, 'shelved_url': 'https://images4-f.ravelrycache.com/uploads/vanessaewing/861189626/ravenous__1_of_8___2__shelved.JPG', 'medium2_url': 'https://images4-a.ravelrycache.com/uploads/vanessaewing/861189626/ravenous__1_of_8___2__medium2.JPG', 'small2_url': 'https://images4-g.ravelrycache.com/uploads/vanessaewing/861189626/ravenous__1_of_8___2__small2.JPG', 'caption': None, 'caption_html': None, 'copyright_holder': None}, {'id': 113567305, 'sort_order': 4, 'user_id': 55720, 'x_offset': -35, 'y_offset': -4, 'square_url': 'https://images4-g.ravelrycache.com/uploads/vanessaewing/861157614/ravenous__7_of_8__square.jpg', 'medium_url': 'https://images4-g.ravelrycache.com/uploads/vanessaewing/861157614/ravenous__7_of_8__medium.jpg', 'thumbnail_url': 'https://images4-g.ravelrycache.com/uploads/vanessaewing/861157614/ravenous__7_of_8__thumbnail.jpg', 'small_url': 'https://images4-g.ravelrycache.com/uploads/vanessaewing/861157614/ravenous__7_of_8__small.jpg', 'flickr_url': None, 'shelved_url': 'https://images4-f.ravelrycache.com/uploads/vanessaewing/861157614/ravenous__7_of_8__shelved.jpg', 'medium2_url': 'https://images4-a.ravelrycache.com/uploads/vanessaewing/861157614/ravenous__7_of_8__medium2.jpg', 'small2_url': 'https://images4-g.ravelrycache.com/uploads/vanessaewing/861157614/ravenous__7_of_8__small2.jpg', 'caption': None, 'caption_html': None, 'copyright_holder': None}, {'id': 113567306, 'sort_order': 5, 'user_id': 55720, 'x_offset': -5, 'y_offset': -35, 'square_url': 'https://images4-f.ravelrycache.com/uploads/vanessaewing/861157609/ravenous_edit__6__square.JPG', 'medium_url': 'https://images4-f.ravelrycache.com/uploads/vanessaewing/861157609/ravenous_edit__6__medium.JPG', 'thumbnail_url': 'https://images4-f.ravelrycache.com/uploads/vanessaewing/861157609/ravenous_edit__6__thumbnail.JPG', 'small_url': 'https://images4-g.ravelrycache.com/uploads/vanessaewing/861157609/ravenous_edit__6__small.JPG', 'flickr_url': None, 'shelved_url': 'https://images4-g.ravelrycache.com/uploads/vanessaewing/861157609/ravenous_edit__6__shelved.JPG', 'medium2_url': 'https://images4-a.ravelrycache.com/uploads/vanessaewing/861157609/ravenous_edit__6__medium2.JPG', 'small2_url': 'https://images4-f.ravelrycache.com/uploads/vanessaewing/861157609/ravenous_edit__6__small2.JPG', 'caption': None, 'caption_html': None, 'copyright_holder': None}, {'id': 113567307, 'sort_order': 6, 'user_id': 55720, 'x_offset': 1, 'y_offset': -2, 'square_url': 'https://images4-g.ravelrycache.com/uploads/vanessaewing/861157612/ravenous_edit__1__square.JPG', 'medium_url': 'https://images4-g.ravelrycache.com/uploads/vanessaewing/861157612/ravenous_edit__1__medium.JPG', 'thumbnail_url': 'https://images4-f.ravelrycache.com/uploads/vanessaewing/861157612/ravenous_edit__1__thumbnail.JPG', 'small_url': 'https://images4-g.ravelrycache.com/uploads/vanessaewing/861157612/ravenous_edit__1__small_best_fit.JPG', 'flickr_url': None, 'shelved_url': 'https://images4-f.ravelrycache.com/uploads/vanessaewing/861157612/ravenous_edit__1__shelved.JPG', 'medium2_url': 'https://images4-a.ravelrycache.com/uploads/vanessaewing/861157612/ravenous_edit__1__medium2.JPG', 'small2_url': 'https://images4-g.ravelrycache.com/uploads/vanessaewing/861157612/ravenous_edit__1__small2.JPG', 'caption': None, 'caption_html': None, 'copyright_holder': None}, {'id': 113567308, 'sort_order': 7, 'user_id': 55720, 'x_offset': -4, 'y_offset': -35, 'square_url': 'https://images4-g.ravelrycache.com/uploads/vanessaewing/861157611/ravenous_edit__2__square.JPG', 'medium_url': 'https://images4-g.ravelrycache.com/uploads/vanessaewing/861157611/ravenous_edit__2__medium.JPG', 'thumbnail_url': 'https://images4-f.ravelrycache.com/uploads/vanessaewing/861157611/ravenous_edit__2__thumbnail.JPG', 'small_url': 'https://images4-f.ravelrycache.com/uploads/vanessaewing/861157611/ravenous_edit__2__small.JPG', 'flickr_url': None, 'shelved_url': 'https://images4-f.ravelrycache.com/uploads/vanessaewing/861157611/ravenous_edit__2__shelved.JPG', 'medium2_url': 'https://images4-a.ravelrycache.com/uploads/vanessaewing/861157611/ravenous_edit__2__medium2.JPG', 'small2_url': 'https://images4-g.ravelrycache.com/uploads/vanessaewing/861157611/ravenous_edit__2__small2.JPG', 'caption': None, 'caption_html': None, 'copyright_holder': None}, {'id': 113567309, 'sort_order': 8, 'user_id': 55720, 'x_offset': -6, 'y_offset': -35, 'square_url': 'https://images4-g.ravelrycache.com/uploads/vanessaewing/861157613/ravenous_edit__3__square.JPG', 'medium_url': 'https://images4-g.ravelrycache.com/uploads/vanessaewing/861157613/ravenous_edit__3__medium.JPG', 'thumbnail_url': 'https://images4-f.ravelrycache.com/uploads/vanessaewing/861157613/ravenous_edit__3__thumbnail.JPG', 'small_url': 'https://images4-f.ravelrycache.com/uploads/vanessaewing/861157613/ravenous_edit__3__small.JPG', 'flickr_url': None, 'shelved_url': 'https://images4-f.ravelrycache.com/uploads/vanessaewing/861157613/ravenous_edit__3__shelved.JPG', 'medium2_url': 'https://images4-a.ravelrycache.com/uploads/vanessaewing/861157613/ravenous_edit__3__medium2.JPG', 'small2_url': 'https://images4-g.ravelrycache.com/uploads/vanessaewing/861157613/ravenous_edit__3__small2.JPG', 'caption': None, 'caption_html': None, 'copyright_holder': None}, {'id': 113567310, 'sort_order': 9, 'user_id': 55720, 'x_offset': 0, 'y_offset': -24, 'square_url': 'https://images4-f.ravelrycache.com/uploads/vanessaewing/861157608/ravenous_edit__4__square.JPG', 'medium_url': 'https://images4-f.ravelrycache.com/uploads/vanessaewing/861157608/ravenous_edit__4__medium.JPG', 'thumbnail_url': 'https://images4-f.ravelrycache.com/uploads/vanessaewing/861157608/ravenous_edit__4__thumbnail.JPG', 'small_url': 'https://images4-f.ravelrycache.com/uploads/vanessaewing/861157608/ravenous_edit__4__small_best_fit.JPG', 'flickr_url': None, 'shelved_url': 'https://images4-g.ravelrycache.com/uploads/vanessaewing/861157608/ravenous_edit__4__shelved.JPG', 'medium2_url': 'https://images4-a.ravelrycache.com/uploads/vanessaewing/861157608/ravenous_edit__4__medium2.JPG', 'small2_url': 'https://images4-f.ravelrycache.com/uploads/vanessaewing/861157608/ravenous_edit__4__small2.JPG', 'caption': None, 'caption_html': None, 'copyright_holder': None}, {'id': 113567311, 'sort_order': 10, 'user_id': 55720, 'x_offset': -5, 'y_offset': -35, 'square_url': 'https://images4-g.ravelrycache.com/uploads/vanessaewing/861157610/ravenous_edit__5__square.JPG', 'medium_url': 'https://images4-g.ravelrycache.com/uploads/vanessaewing/861157610/ravenous_edit__5__medium.JPG', 'thumbnail_url': 'https://images4-g.ravelrycache.com/uploads/vanessaewing/861157610/ravenous_edit__5__thumbnail.JPG', 'small_url': 'https://images4-g.ravelrycache.com/uploads/vanessaewing/861157610/ravenous_edit__5__small.JPG', 'flickr_url': None, 'shelved_url': 'https://images4-g.ravelrycache.com/uploads/vanessaewing/861157610/ravenous_edit__5__shelved.JPG', 'medium2_url': 'https://images4-a.ravelrycache.com/uploads/vanessaewing/861157610/ravenous_edit__5__medium2.JPG', 'small2_url': 'https://images4-g.ravelrycache.com/uploads/vanessaewing/861157610/ravenous_edit__5__small2.JPG', 'caption': None, 'caption_html': None, 'copyright_holder': None}, {'id': 113567312, 'sort_order': 11, 'user_id': 55720, 'x_offset': 0, 'y_offset': -42, 'square_url': 'https://images4-f.ravelrycache.com/uploads/vanessaewing/861157615/ravenous__1_of_8__square.jpg', 'medium_url': 'https://images4-f.ravelrycache.com/uploads/vanessaewing/861157615/ravenous__1_of_8__medium.jpg', 'thumbnail_url': 'https://images4-f.ravelrycache.com/uploads/vanessaewing/861157615/ravenous__1_of_8__thumbnail.jpg', 'small_url': 'https://images4-f.ravelrycache.com/uploads/vanessaewing/861157615/ravenous__1_of_8__small_best_fit.jpg', 'flickr_url': None, 'shelved_url': 'https://images4-g.ravelrycache.com/uploads/vanessaewing/861157615/ravenous__1_of_8__shelved.jpg', 'medium2_url': 'https://images4-a.ravelrycache.com/uploads/vanessaewing/861157615/ravenous__1_of_8__medium2.jpg', 'small2_url': 'https://images4-f.ravelrycache.com/uploads/vanessaewing/861157615/ravenous__1_of_8__small2.jpg', 'caption': None, 'caption_html': None, 'copyright_holder': None}]"
September,Marianne Isager,1250449,https://www.ravelry.com/patterns/library/september-16,False,https://images4-a.ravelrycache.com/uploads/Isageryarn/861259091/September_TolvTrjer_web_medium2.jpg,Knitting,"['unisex', 'adult', 'sideways', 'bottom-up', 'written-pattern', 'other-colorwork', 'stripes-colorwork', 'male', 'female']",26.0,0.0,True,4.0,,pullover,Sport,2,0.0,S (M) L (XL),"[{'id': 113576344, 'sort_order': 1, 'user_id': 9293088, 'x_offset': 0, 'y_offset': -43, 'square_url': 'https://images4-f.ravelrycache.com/uploads/Isageryarn/861259091/September_TolvTrjer_web_square.jpg', 'medium_url': 'https://images4-f.ravelrycache.com/uploads/Isageryarn/861259091/September_TolvTrjer_web_medium.jpg', 'thumbnail_url': 'https://images4-f.ravelrycache.com/uploads/Isageryarn/861259091/September_TolvTrjer_web_thumbnail.jpg', 'small_url': 'https://images4-f.ravelrycache.com/uploads/Isageryarn/861259091/September_TolvTrjer_web_small_best_fit.jpg', 'flickr_url': None, 'shelved_url': 'https://images4-g.ravelrycache.com/uploads/Isageryarn/861259091/September_TolvTrjer_web_shelved.jpg', 'medium2_url': 'https://images4-a.ravelrycache.com/uploads/Isageryarn/861259091/September_TolvTrjer_web_medium2.jpg', 'small2_url': 'https://images4-f.ravelrycache.com/uploads/Isageryarn/861259091/September_TolvTrjer_web_small2.jpg', 'caption': None, 'caption_html': None, 'copyright_holder': None}, {'id': 113576345, 'sort_order': 2, 'user_id': 9293088, 'x_offset': 0, 'y_offset': -43, 'square_url': 'https://images4-f.ravelrycache.com/uploads/Isageryarn/861259036/ME2_2464_aRGB_High_square.jpg', 'medium_url': 'https://images4-f.ravelrycache.com/uploads/Isageryarn/861259036/ME2_2464_aRGB_High_medium.jpg', 'thumbnail_url': 'https://images4-f.ravelrycache.com/uploads/Isageryarn/861259036/ME2_2464_aRGB_High_thumbnail.jpg', 'small_url': 'https://images4-g.ravelrycache.com/uploads/Isageryarn/861259036/ME2_2464_aRGB_High_small_best_fit.jpg', 'flickr_url': None, 'shelved_url': 'https://images4-f.ravelrycache.com/uploads/Isageryarn/861259036/ME2_2464_aRGB_High_shelved.jpg', 'medium2_url': 'https://images4-a.ravelrycache.com/uploads/Isageryarn/861259036/ME2_2464_aRGB_High_medium2.jpg', 'small2_url': 'https://images4-f.ravelrycache.com/uploads/Isageryarn/861259036/ME2_2464_aRGB_High_small2.jpg', 'caption': None, 'caption_html': None, 'copyright_holder': None}]"
Sisymbrium,The Crimson Stitchery,1250684,https://www.ravelry.com/patterns/library/sisymbrium,False,https://images4-a.ravelrycache.com/uploads/asourtelling/861546987/sisymbrium-sweater-the-crimson-stitchery-6_medium2.jpg,Knitting,"['unisex', 'oversized', 'plus', 'fitted', 'bobble-or-popcorn', 'cables', 'lace', 'textured', 'crew-neck', 'long-sleeve', 'dropped-stitches', 'one-piece', 'seamless', 'short-rows', 'top-down', 'positive-ease', 'written-pattern', 'bracelet-sleeve', 'in-the-round', 'male', 'female']",21.0,4.5,True,4.0,Stocking stitch in the round,pullover,Fingering,8,4.75,"9 sizes, finished sweater chest measures between 85.5-167.5cm/33¾ - 66"" (to be worn with 5-8cm/2-6” positive ease)","[{'id': 113612161, 'sort_order': 1, 'user_id': 443, 'x_offset': 0, 'y_offset': 0, 'square_url': 'https://images4-f.ravelrycache.com/uploads/asourtelling/861546987/sisymbrium-sweater-the-crimson-stitchery-6_square.jpg', 'medium_url': 'https://images4-f.ravelrycache.com/uploads/asourtelling/861546987/sisymbrium-sweater-the-crimson-stitchery-6_medium.jpg', 'thumbnail_url': 'https://images4-f.ravelrycache.com/uploads/asourtelling/861546987/sisymbrium-sweater-the-crimson-stitchery-6_thumbnail.jpg', 'small_url': 'https://images4-f.ravelrycache.com/uploads/asourtelling/861546987/sisymbrium-sweater-the-crimson-stitchery-6_small_best_fit.jpg', 'flickr_url': None, 'shelved_url': 'https://images4-f.ravelrycache.com/uploads/asourtelling/861546987/sisymbrium-sweater-the-crimson-stitchery-6_shelved.jpg', 'medium2_url': 'https://images4-a.ravelrycache.com/uploads/asourtelling/861546987/sisymbrium-sweater-the-crimson-stitchery-6_medium2.jpg', 'small2_url': 'https://images4-f.ravelrycache.com/uploads/asourtelling/861546987/sisymbrium-sweater-the-crimson-stitchery-6_small2.jpg', 'caption': None, 'caption_html': None, 'copyright_holder': None}, {'id': 113612160, 'sort_order': 2, 'user_id': 443, 'x_offset': 0, 'y_offset': 0, 'square_url': 'https://images4-f.ravelrycache.com/uploads/asourtelling/861546988/sisymbrium-sweater-the-crimson-stitchery-5_square.jpg', 'medium_url': 'https://images4-f.ravelrycache.com/uploads/asourtelling/861546988/sisymbrium-sweater-the-crimson-stitchery-5_medium.jpg', 'thumbnail_url': 'https://images4-g.ravelrycache.com/uploads/asourtelling/861546988/sisymbrium-sweater-the-crimson-stitchery-5_thumbnail.jpg', 'small_url': 'https://images4-g.ravelrycache.com/uploads/asourtelling/861546988/sisymbrium-sweater-the-crimson-stitchery-5_small_best_fit.jpg', 'flickr_url': None, 'shelved_url': 'https://images4-f.ravelrycache.com/uploads/asourtelling/861546988/sisymbrium-sweater-the-crimson-stitchery-5_shelved.jpg', 'medium2_url': 'https://images4-a.ravelrycache.com/uploads/asourtelling/861546988/sisymbrium-sweater-the-crimson-stitchery-5_medium2.jpg', 'small2_url': 'https://images4-f.ravelrycache.com/uploads/asourtelling/861546988/sisymbrium-sweater-the-crimson-stitchery-5_small2.jpg', 'caption': None, 'caption_html': None, 'copyright_holder': None}, {'id': 113612157, 'sort_order': 3, 'user_id': 443, 'x_offset': 0, 'y_offset': 0, 'square_url': 'https://images4-f.ravelrycache.com/uploads/asourtelling/861546984/sisymbrium-sweater-the-crimson-stitchery-1_square.jpg', 'medium_url': 'https://images4-f.ravelrycache.com/uploads/asourtelling/861546984/sisymbrium-sweater-the-crimson-stitchery-1_medium.jpg', 'thumbnail_url': 'https://images4-f.ravelrycache.com/uploads/asourtelling/861546984/sisymbrium-sweater-the-crimson-stitchery-1_thumbnail.jpg', 'small_url': 'https://images4-g.ravelrycache.com/uploads/asourtelling/861546984/sisymbrium-sweater-the-crimson-stitchery-1_small_best_fit.jpg', 'flickr_url': None, 'shelved_url': 'https://images4-g.ravelrycache.com/uploads/asourtelling/861546984/sisymbrium-sweater-the-crimson-stitchery-1_shelved.jpg', 'medium2_url': 'https://images4-a.ravelrycache.com/uploads/asourtelling/861546984/sisymbrium-sweater-the-crimson-stitchery-1_medium2.jpg', 'small2_url': 'https://images4-f.ravelrycache.com/uploads/asourtelling/861546984/sisymbrium-sweater-the-crimson-stitchery-1_small2.jpg', 'caption': None, 'caption_html': None, 'copyright_holder': None}, {'id': 113612162, 'sort_order': 4, 'user_id': 443, 'x_offset': 0, 'y_offset': 0, 'square_url': 'https://images4-g.ravelrycache.com/uploads/asourtelling/861546989/sisymbrium-sweater-the-crimson-stitchery-8_square.jpg', 'medium_url': 'https://images4-g.ravelrycache.com/uploads/asourtelling/861546989/sisymbrium-sweater-the-crimson-stitchery-8_medium.jpg', 'thumbnail_url': 'https://images4-g.ravelrycache.com/uploads/asourtelling/861546989/sisymbrium-sweater-the-crimson-stitchery-8_thumbnail.jpg', 'small_url': 'https://images4-g.ravelrycache.com/uploads/asourtelling/861546989/sisymbrium-sweater-the-crimson-stitchery-8_small_best_fit.jpg', 'flickr_url': None, 'shelved_url': 'https://images4-g.ravelrycache.com/uploads/asourtelling/861546989/sisymbrium-sweater-the-crimson-stitchery-8_shelved.jpg', 'medium2_url': 'https://images4-a.ravelrycache.com/uploads/asourtelling/861546989/sisymbrium-sweater-the-crimson-stitchery-8_medium2.jpg', 'small2_url': 'https://images4-g.ravelrycache.com/uploads/asourtelling/861546989/sisymbrium-sweater-the-crimson-stitchery-8_small2.jpg', 'caption': None, 'caption_html': None, 'copyright_holder': None}, {'id': 120809596, 'sort_order': 5, 'user_id': 3073627, 'x_offset': -35, 'y_offset': -6, 'square_url': 'https://images4-f.ravelrycache.com/uploads/iannanina/861587790/june2022__4_of_4__square.jpg', 'medium_url': 'https://images4-g.ravelrycache.com/uploads/iannanina/861587790/june2022__4_of_4__medium.jpg', 'thumbnail_url': 'https://images4-g.ravelrycache.com/uploads/iannanina/861587790/june2022__4_of_4__thumbnail.jpg', 'small_url': 'https://images4-g.ravelrycache.com/uploads/iannanina/861587790/june2022__4_of_4__small.jpg', 'flickr_url': None, 'shelved_url': 'https://images4-g.ravelrycache.com/uploads/iannanina/861587790/june2022__4_of_4__shelved.jpg', 'medium2_url': 'https://images4-a.ravelrycache.com/uploads/iannanina/861587790/june2022__4_of_4__medium2.jpg', 'small2_url': 'https://images4-f.ravelrycache.com/uploads/iannanina/861587790/june2022__4_of_4__small2.jpg', 'caption': None, 'caption_html': None, 'copyright_holder': None}, {'id': 120809595, 'sort_order': 6, 'user_id': 3073627, 'x_offset': 1, 'y_offset': -11, 'square_url': 'https://images4-f.ravelrycache.com/uploads/iannanina/861587789/june2022__3_of_4__square.jpg', 'medium_url': 'https://images4-g.ravelrycache.com/uploads/iannanina/861587789/june2022__3_of_4__medium.jpg', 'thumbnail_url': 'https://images4-g.ravelrycache.com/uploads/iannanina/861587789/june2022__3_of_4__thumbnail.jpg', 'small_url': 'https://images4-g.ravelrycache.com/uploads/iannanina/861587789/june2022__3_of_4__small_best_fit.jpg', 'flickr_url': None, 'shelved_url': 'https://images4-g.ravelrycache.com/uploads/iannanina/861587789/june2022__3_of_4__shelved.jpg', 'medium2_url': 'https://images4-a.ravelrycache.com/uploads/iannanina/861587789/june2022__3_of_4__medium2.jpg', 'small2_url': 'https://images4-f.ravelrycache.com/uploads/iannanina/861587789/june2022__3_of_4__small2.jpg', 'caption': None, 'caption_html': None, 'copyright_holder': None}, {'id': 113612158, 'sort_order': 7, 'user_id': 443, 'x_offset': 0, 'y_offset': 0, 'square_url': 'https://images4-f.ravelrycache.com/uploads/asourtelling/861546985/sisymbrium-sweater-the-crimson-stitchery-4_square.jpg', 'medium_url': 'https://images4-f.ravelrycache.com/uploads/asourtelling/861546985/sisymbrium-sweater-the-crimson-stitchery-4_medium.jpg', 'thumbnail_url': 'https://images4-f.ravelrycache.com/uploads/asourtelling/861546985/sisymbrium-sweater-the-crimson-stitchery-4_thumbnail.jpg', 'small_url': 'https://images4-g.ravelrycache.com/uploads/asourtelling/861546985/sisymbrium-sweater-the-crimson-stitchery-4_small_best_fit.jpg', 'flickr_url': None, 'shelved_url': 'https://images4-g.ravelrycache.com/uploads/asourtelling/861546985/sisymbrium-sweater-the-crimson-stitchery-4_shelved.jpg', 'medium2_url': 'https://images4-a.ravelrycache.com/uploads/asourtelling/861546985/sisymbrium-sweater-the-crimson-stitchery-4_medium2.jpg', 'small2_url': 'https://images4-f.ravelrycache.com/uploads/asourtelling/861546985/sisymbrium-sweater-the-crimson-stitchery-4_small2.jpg', 'caption': None, 'caption_html': None, 'copyright_holder': None}, {'id': 113612159, 'sort_order': 8, 'user_id': 443, 'x_offset': 0, 'y_offset': 0, 'square_url': 'https://images4-f.ravelrycache.com/uploads/asourtelling/861546986/sisymbrium-sweater-the-crimson-stitchery-2_square.jpg', 'medium_url': 'https://images4-f.ravelrycache.com/uploads/asourtelling/861546986/sisymbrium-sweater-the-crimson-stitchery-2_medium.jpg', 'thumbnail_url': 'https://images4-f.ravelrycache.com/uploads/asourtelling/861546986/sisymbrium-sweater-the-crimson-stitchery-2_thumbnail.jpg', 'small_url': 'https://images4-g.ravelrycache.com/uploads/asourtelling/861546986/sisymbrium-sweater-the-crimson-stitchery-2_small_best_fit.jpg', 'flickr_url': None, 'shelved_url': 'https://images4-g.ravelrycache.com/uploads/asourtelling/861546986/sisymbrium-sweater-the-crimson-stitchery-2_shelved.jpg', 'medium2_url': 'https://images4-a.ravelrycache.com/uploads/asourtelling/861546986/sisymbrium-sweater-the-crimson-stitchery-2_medium2.jpg', 'small2_url': 'https://images4-f.ravelrycache.com/uploads/asourtelling/861546986/sisymbrium-sweater-the-crimson-stitchery-2_small2.jpg', 'caption': None, 'caption_html': None, 'copyright_holder': None}, {'id': 113612163, 'sort_order': 9, 'user_id': 443, 'x_offset': 0, 'y_offset': 0, 'square_url': 'https://images4-g.ravelrycache.com/uploads/asourtelling/861546993/sisymbrium-sweater-the-crimson-stitchery-7_square.jpg', 'medium_url': 'https://images4-g.ravelrycache.com/uploads/asourtelling/861546993/sisymbrium-sweater-the-crimson-stitchery-7_medium.jpg', 'thumbnail_url': 'https://images4-f.ravelrycache.com/uploads/asourtelling/861546993/sisymbrium-sweater-the-crimson-stitchery-7_thumbnail.jpg', 'small_url': 'https://images4-f.ravelrycache.com/uploads/asourtelling/861546993/sisymbrium-sweater-the-crimson-stitchery-7_small_best_fit.jpg', 'flickr_url': None, 'shelved_url': 'https://images4-g.ravelrycache.com/uploads/asourtelling/861546993/sisymbrium-sweater-the-crimson-stitchery-7_shelved.jpg', 'medium2_url': 'https://images4-a.ravelrycache.com/uploads/asourtelling/861546993/sisymbrium-sweater-the-crimson-stitchery-7_medium2.jpg', 'small2_url': 'https://images4-g.ravelrycache.com/uploads/asourtelling/861546993/sisymbrium-sweater-the-crimson-stitchery-7_small2.jpg', 'caption': None, 'caption_html': None, 'copyright_holder': None}, {'id': 113612164, 'sort_order': 10, 'user_id': 443, 'x_offset': 0, 'y_offset': 0, 'square_url': 'https://images4-g.ravelrycache.com/uploads/asourtelling/861546991/sisymbrium-sweater-the-crimson-stitchery-3_square.jpg', 'medium_url': 'https://images4-g.ravelrycache.com/uploads/asourtelling/861546991/sisymbrium-sweater-the-crimson-stitchery-3_medium.jpg', 'thumbnail_url': 'https://images4-g.ravelrycache.com/uploads/asourtelling/861546991/sisymbrium-sweater-the-crimson-stitchery-3_thumbnail.jpg', 'small_url': 'https://images4-f.ravelrycache.com/uploads/asourtelling/861546991/sisymbrium-sweater-the-crimson-stitchery-3_small_best_fit.jpg', 'flickr_url': None, 'shelved_url': 'https://images4-g.ravelrycache.com/uploads/asourtelling/861546991/sisymbrium-sweater-the-crimson-stitchery-3_shelved.jpg', 'medium2_url': 'https://images4-a.ravelrycache.com/uploads/asourtelling/861546991/sisymbrium-sweater-the-crimson-stitchery-3_medium2.jpg', 'small2_url': 'https://images4-g.ravelrycache.com/uploads/asourtelling/861546991/sisymbrium-sweater-the-crimson-stitchery-3_small2.jpg', 'caption': None, 'caption_html': None, 'copyright_holder': None}, {'id': 113593641, 'sort_order': 11, 'user_id': 443, 'x_offset': -1, 'y_offset': 0, 'square_url': 'https://images4-f.ravelrycache.com/uploads/asourtelling/861396994/Black_Isle_Yarns_-_Sisymbrium_Sweater_8_square.jpeg', 'medium_url': 'https://images4-f.ravelrycache.com/uploads/asourtelling/861396994/Black_Isle_Yarns_-_Sisymbrium_Sweater_8_medium.jpeg', 'thumbnail_url': 'https://images4-f.ravelrycache.com/uploads/asourtelling/861396994/Black_Isle_Yarns_-_Sisymbrium_Sweater_8_thumbnail.jpeg', 'small_url': 'https://images4-f.ravelrycache.com/uploads/asourtelling/861396994/Black_Isle_Yarns_-_Sisymbrium_Sweater_8_small_best_fit.jpeg', 'flickr_url': None, 'shelved_url': 'https://images4-g.ravelrycache.com/uploads/asourtelling/861396994/Black_Isle_Yarns_-_Sisymbrium_Sweater_8_shelved.jpeg', 'medium2_url': 'https://images4-a.ravelrycache.com/uploads/asourtelling/861396994/Black_Isle_Yarns_-_Sisymbrium_Sweater_8_medium2.jpeg', 'small2_url': 'https://images4-f.ravelrycache.com/uploads/asourtelling/861396994/Black_Isle_Yarns_-_Sisymbrium_Sweater_8_small2.jpeg', 'caption': None, 'caption_html': None, 'copyright_holder': None}]"
Malou,Berroco Design Team,1251272,https://www.ravelry.com/patterns/library/malou-3,False,https://images4-a.ravelrycache.com/uploads/alisonknits/861786379/Wizard-Malou_1783_medium2.jpg,Knitting,"['female', 'adult', 'plus', 'crew-neck', 'sleeves', 'long-sleeve', 'raglan-sleeve', 'seamless', 'short-rows', 'bottom-up', 'in-the-round', 'schematic']",15.0,3.6666666666666665,True,4.0,stockinette stitch,pullover,Bulky,18,4.666666666666667,"Bust: (34, 38½ , 42½) [47, 51¼ , 55½] {59¾, 64, 68¼}"" / (86.5, 98, 108) [119.5, 130, 141] {152, 162.5, 173.5} cm","[{'id': 113642830, 'sort_order': 1, 'user_id': 8293, 'x_offset': -5, 'y_offset': -28, 'square_url': 'https://images4-g.ravelrycache.com/uploads/alisonknits/861786379/Wizard-Malou_1783_square.jpg', 'medium_url': 'https://images4-g.ravelrycache.com/uploads/alisonknits/861786379/Wizard-Malou_1783_medium.jpg', 'thumbnail_url': 'https://images4-f.ravelrycache.com/uploads/alisonknits/861786379/Wizard-Malou_1783_thumbnail.jpg', 'small_url': 'https://images4-f.ravelrycache.com/uploads/alisonknits/861786379/Wizard-Malou_1783_small_best_fit.jpg', 'flickr_url': None, 'shelved_url': 'https://images4-f.ravelrycache.com/uploads/alisonknits/861786379/Wizard-Malou_1783_shelved.jpg', 'medium2_url': 'https://images4-a.ravelrycache.com/uploads/alisonknits/861786379/Wizard-Malou_1783_medium2.jpg', 'small2_url': 'https://images4-g.ravelrycache.com/uploads/alisonknits/861786379/Wizard-Malou_1783_small2.jpg', 'caption': None, 'caption_html': None, 'copyright_holder': 'Berroco, Inc'}, {'id': 113642831, 'sort_order': 2, 'user_id': 8293, 'x_offset': -3, 'y_offset': -7, 'square_url': 'https://images4-g.ravelrycache.com/uploads/alisonknits/861786316/Wizard-Malou_1779_square.jpg', 'medium_url': 'https://images4-g.ravelrycache.com/uploads/alisonknits/861786316/Wizard-Malou_1779_medium.jpg', 'thumbnail_url': 'https://images4-f.ravelrycache.com/uploads/alisonknits/861786316/Wizard-Malou_1779_thumbnail.jpg', 'small_url': 'https://images4-f.ravelrycache.com/uploads/alisonknits/861786316/Wizard-Malou_1779_small_best_fit.jpg', 'flickr_url': None, 'shelved_url': 'https://images4-f.ravelrycache.com/uploads/alisonknits/861786316/Wizard-Malou_1779_shelved.jpg', 'medium2_url': 'https://images4-a.ravelrycache.com/uploads/alisonknits/861786316/Wizard-Malou_1779_medium2.jpg', 'small2_url': 'https://images4-g.ravelrycache.com/uploads/alisonknits/861786316/Wizard-Malou_1779_small2.jpg', 'caption': None, 'caption_html': None, 'copyright_holder': 'Berroco, Inc'}, {'id': 113642832, 'sort_order': 3, 'user_id': 8293, 'x_offset': -2, 'y_offset': -14, 'square_url': 'https://images4-f.ravelrycache.com/uploads/alisonknits/861786334/Wizard-Malou_1778_square.jpg', 'medium_url': 'https://images4-f.ravelrycache.com/uploads/alisonknits/861786334/Wizard-Malou_1778_medium.jpg', 'thumbnail_url': 'https://images4-g.ravelrycache.com/uploads/alisonknits/861786334/Wizard-Malou_1778_thumbnail.jpg', 'small_url': 'https://images4-f.ravelrycache.com/uploads/alisonknits/861786334/Wizard-Malou_1778_small_best_fit.jpg', 'flickr_url': None, 'shelved_url': 'https://images4-g.ravelrycache.com/uploads/alisonknits/861786334/Wizard-Malou_1778_shelved.jpg', 'medium2_url': 'https://images4-a.ravelrycache.com/uploads/alisonknits/861786334/Wizard-Malou_1778_medium2.jpg', 'small2_url': 'https://images4-f.ravelrycache.com/uploads/alisonknits/861786334/Wizard-Malou_1778_small2.jpg', 'caption': None, 'caption_html': None, 'copyright_holder': 'Berroco, Inc'}, {'id': 113642833, 'sort_order': 4, 'user_id': 8293, 'x_offset': 0, 'y_offset': -43, 'square_url': 'https://images4-f.ravelrycache.com/uploads/alisonknits/861786439/Wizard-Malou_1819_square.jpg', 'medium_url': 'https://images4-f.ravelrycache.com/uploads/alisonknits/861786439/Wizard-Malou_1819_medium.jpg', 'thumbnail_url': 'https://images4-g.ravelrycache.com/uploads/alisonknits/861786439/Wizard-Malou_1819_thumbnail.jpg', 'small_url': 'https://images4-f.ravelrycache.com/uploads/alisonknits/861786439/Wizard-Malou_1819_small_best_fit.jpg', 'flickr_url': None, 'shelved_url': 'https://images4-f.ravelrycache.com/uploads/alisonknits/861786439/Wizard-Malou_1819_shelved.jpg', 'medium2_url': 'https://images4-a.ravelrycache.com/uploads/alisonknits/861786439/Wizard-Malou_1819_medium2.jpg', 'small2_url': 'https://images4-f.ravelrycache.com/uploads/alisonknits/861786439/Wizard-Malou_1819_small2.jpg', 'caption': None, 'caption_html': None, 'copyright_holder': 'Berroco, Inc'}, {'id': 113642834, 'sort_order': 5, 'user_id': 8293, 'x_offset': 0, 'y_offset': -43, 'square_url': 'https://images4-f.ravelrycache.com/uploads/alisonknits/861786413/Wizard-Malou_1821_square.jpg', 'medium_url': 'https://images4-f.ravelrycache.com/uploads/alisonknits/861786413/Wizard-Malou_1821_medium.jpg', 'thumbnail_url': 'https://images4-f.ravelrycache.com/uploads/alisonknits/861786413/Wizard-Malou_1821_thumbnail.jpg', 'small_url': 'https://images4-g.ravelrycache.com/uploads/alisonknits/861786413/Wizard-Malou_1821_small_best_fit.jpg', 'flickr_url': None, 'shelved_url': 'https://images4-g.ravelrycache.com/uploads/alisonknits/861786413/Wizard-Malou_1821_shelved.jpg', 'medium2_url': 'https://images4-a.ravelrycache.com/uploads/alisonknits/861786413/Wizard-Malou_1821_medium2.jpg', 'small2_url': 'https://images4-f.ravelrycache.com/uploads/alisonknits/861786413/Wizard-Malou_1821_small2.jpg', 'caption': None, 'caption_html': None, 'copyright_holder': 'Berroco, Inc'}, {'id': 113642835, 'sort_order': 6, 'user_id': 8293, 'x_offset': -43, 'y_offset': 0, 'square_url': 'https://images4-g.ravelrycache.com/uploads/alisonknits/861786214/Wizard-Malou_1754_square.jpg', 'medium_url': 'https://images4-g.ravelrycache.com/uploads/alisonknits/861786214/Wizard-Malou_1754_medium.jpg', 'thumbnail_url': 'https://images4-g.ravelrycache.com/uploads/alisonknits/861786214/Wizard-Malou_1754_thumbnail.jpg', 'small_url': 'https://images4-f.ravelrycache.com/uploads/alisonknits/861786214/Wizard-Malou_1754_small_best_fit.jpg', 'flickr_url': None, 'shelved_url': 'https://images4-g.ravelrycache.com/uploads/alisonknits/861786214/Wizard-Malou_1754_shelved.jpg', 'medium2_url': 'https://images4-a.ravelrycache.com/uploads/alisonknits/861786214/Wizard-Malou_1754_medium2.jpg', 'small2_url': 'https://images4-g.ravelrycache.com/uploads/alisonknits/861786214/Wizard-Malou_1754_small2.jpg', 'caption': None, 'caption_html': None, 'copyright_holder': 'Berroco, Inc'}, {'id': 113642836, 'sort_order': 7, 'user_id': 8293, 'x_offset': 0, 'y_offset': -43, 'square_url': 'https://images4-g.ravelrycache.com/uploads/alisonknits/861786196/Wizard-Malou_1707_square.jpg', 'medium_url': 'https://images4-g.ravelrycache.com/uploads/alisonknits/861786196/Wizard-Malou_1707_medium.jpg', 'thumbnail_url': 'https://images4-f.ravelrycache.com/uploads/alisonknits/861786196/Wizard-Malou_1707_thumbnail.jpg', 'small_url': 'https://images4-f.ravelrycache.com/uploads/alisonknits/861786196/Wizard-Malou_1707_small_best_fit.jpg', 'flickr_url': None, 'shelved_url': 'https://images4-g.ravelrycache.com/uploads/alisonknits/861786196/Wizard-Malou_1707_shelved.jpg', 'medium2_url': 'https://images4-a.ravelrycache.com/uploads/alisonknits/861786196/Wizard-Malou_1707_medium2.jpg', 'small2_url': 'https://images4-g.ravelrycache.com/uploads/alisonknits/861786196/Wizard-Malou_1707_small2.jpg', 'caption': None, 'caption_html': None, 'copyright_holder': 'Berroco, Inc'}, {'id': 113642837, 'sort_order': 8, 'user_id': 8293, 'x_offset': 0, 'y_offset': -43, 'square_url': 'https://images4-f.ravelrycache.com/uploads/alisonknits/861786296/Wizard-Malou_1766_square.jpg', 'medium_url': 'https://images4-f.ravelrycache.com/uploads/alisonknits/861786296/Wizard-Malou_1766_medium.jpg', 'thumbnail_url': 'https://images4-g.ravelrycache.com/uploads/alisonknits/861786296/Wizard-Malou_1766_thumbnail.jpg', 'small_url': 'https://images4-g.ravelrycache.com/uploads/alisonknits/861786296/Wizard-Malou_1766_small_best_fit.jpg', 'flickr_url': None, 'shelved_url': 'https://images4-f.ravelrycache.com/uploads/alisonknits/861786296/Wizard-Malou_1766_shelved.jpg', 'medium2_url': 'https://images4-a.ravelrycache.com/uploads/alisonknits/861786296/Wizard-Malou_1766_medium2.jpg', 'small2_url': 'https://images4-f.ravelrycache.com/uploads/alisonknits/861786296/Wizard-Malou_1766_small2.jpg', 'caption': None, 'caption_html': None, 'copyright_holder': 'Berroco, Inc'}, {'id': 113642838, 'sort_order': 9, 'user_id': 8293, 'x_offset': -43, 'y_offset': 0, 'square_url': 'https://images4-g.ravelrycache.com/uploads/alisonknits/861786480/Wizard-Malou_1839_square.jpg', 'medium_url': 'https://images4-g.ravelrycache.com/uploads/alisonknits/861786480/Wizard-Malou_1839_medium.jpg', 'thumbnail_url': 'https://images4-f.ravelrycache.com/uploads/alisonknits/861786480/Wizard-Malou_1839_thumbnail.jpg', 'small_url': 'https://images4-f.ravelrycache.com/uploads/alisonknits/861786480/Wizard-Malou_1839_small_best_fit.jpg', 'flickr_url': None, 'shelved_url': 'https://images4-f.ravelrycache.com/uploads/alisonknits/861786480/Wizard-Malou_1839_shelved.jpg', 'medium2_url': 'https://images4-a.ravelrycache.com/uploads/alisonknits/861786480/Wizard-Malou_1839_medium2.jpg', 'small2_url': 'https://images4-g.ravelrycache.com/uploads/alisonknits/861786480/Wizard-Malou_1839_small2.jpg', 'caption': None, 'caption_html': None, 'copyright_holder': 'Berroco, Inc'}]"
Itzel,Amy Christoffers,1251591,https://www.ravelry.com/patterns/library/itzel,False,https://images4-a.ravelrycache.com/uploads/alisonknits/861761802/Vento-Itzel_3020_medium2.jpg,Knitting,"['female', 'adult', 'plus', 'sleeves', 'long-sleeve', 'raglan-sleeve', 'stranded', 'one-piece', 'seamless', 'top-down', 'mock-turtleneck', 'chart', 'in-the-round']",22.0,0.0,True,4.0,stockinette stitch,pullover,DK,8,0.0,"Bust: (37, 41½, 45¾) [50¼, 54½, 59] {63¼, 67½, 72}"" / (94, 105.5, 116) [127.5, 138.5, 150] {160.5, 171.5, 183} cm","[{'id': 113684996, 'sort_order': 1, 'user_id': 8293, 'x_offset': -43, 'y_offset': 0, 'square_url': 'https://images4-g.ravelrycache.com/uploads/alisonknits/861761802/Vento-Itzel_3020_square.jpg', 'medium_url': 'https://images4-g.ravelrycache.com/uploads/alisonknits/861761802/Vento-Itzel_3020_medium.jpg', 'thumbnail_url': 'https://images4-g.ravelrycache.com/uploads/alisonknits/861761802/Vento-Itzel_3020_thumbnail.jpg', 'small_url': 'https://images4-g.ravelrycache.com/uploads/alisonknits/861761802/Vento-Itzel_3020_small_best_fit.jpg', 'flickr_url': None, 'shelved_url': 'https://images4-g.ravelrycache.com/uploads/alisonknits/861761802/Vento-Itzel_3020_shelved.jpg', 'medium2_url': 'https://images4-a.ravelrycache.com/uploads/alisonknits/861761802/Vento-Itzel_3020_medium2.jpg', 'small2_url': 'https://images4-g.ravelrycache.com/uploads/alisonknits/861761802/Vento-Itzel_3020_small2.jpg', 'caption': None, 'caption_html': None, 'copyright_holder': 'Berroco, Inc'}, {'id': 113684997, 'sort_order': 2, 'user_id': 8293, 'x_offset': 0, 'y_offset': -43, 'square_url': 'https://images4-f.ravelrycache.com/uploads/alisonknits/861762036/Vento-Itzel_3064_square.jpg', 'medium_url': 'https://images4-f.ravelrycache.com/uploads/alisonknits/861762036/Vento-Itzel_3064_medium.jpg', 'thumbnail_url': 'https://images4-g.ravelrycache.com/uploads/alisonknits/861762036/Vento-Itzel_3064_thumbnail.jpg', 'small_url': 'https://images4-g.ravelrycache.com/uploads/alisonknits/861762036/Vento-Itzel_3064_small_best_fit.jpg', 'flickr_url': None, 'shelved_url': 'https://images4-g.ravelrycache.com/uploads/alisonknits/861762036/Vento-Itzel_3064_shelved.jpg', 'medium2_url': 'https://images4-a.ravelrycache.com/uploads/alisonknits/861762036/Vento-Itzel_3064_medium2.jpg', 'small2_url': 'https://images4-f.ravelrycache.com/uploads/alisonknits/861762036/Vento-Itzel_3064_small2.jpg', 'caption': None, 'caption_html': None, 'copyright_holder': 'Berroco, Inc'}, {'id': 113684998, 'sort_order': 3, 'user_id': 8293, 'x_offset': 0, 'y_offset': -43, 'square_url': 'https://images4-f.ravelrycache.com/uploads/alisonknits/861761997/Vento-Itzel_3051_square.jpg', 'medium_url': 'https://images4-f.ravelrycache.com/uploads/alisonknits/861761997/Vento-Itzel_3051_medium.jpg', 'thumbnail_url': 'https://images4-f.ravelrycache.com/uploads/alisonknits/861761997/Vento-Itzel_3051_thumbnail.jpg', 'small_url': 'https://images4-g.ravelrycache.com/uploads/alisonknits/861761997/Vento-Itzel_3051_small_best_fit.jpg', 'flickr_url': None, 'shelved_url': 'https://images4-f.ravelrycache.com/uploads/alisonknits/861761997/Vento-Itzel_3051_shelved.jpg', 'medium2_url': 'https://images4-a.ravelrycache.com/uploads/alisonknits/861761997/Vento-Itzel_3051_medium2.jpg', 'small2_url': 'https://images4-f.ravelrycache.com/uploads/alisonknits/861761997/Vento-Itzel_3051_small2.jpg', 'caption': None, 'caption_html': None, 'copyright_holder': 'Berroco, Inc'}, {'id': 113684999, 'sort_order': 4, 'user_id': 8293, 'x_offset': -43, 'y_offset': 0, 'square_url': 'https://images4-g.ravelrycache.com/uploads/alisonknits/861762115/Vento-Itzel_3095_square.jpg', 'medium_url': 'https://images4-g.ravelrycache.com/uploads/alisonknits/861762115/Vento-Itzel_3095_medium.jpg', 'thumbnail_url': 'https://images4-f.ravelrycache.com/uploads/alisonknits/861762115/Vento-Itzel_3095_thumbnail.jpg', 'small_url': 'https://images4-g.ravelrycache.com/uploads/alisonknits/861762115/Vento-Itzel_3095_small_best_fit.jpg', 'flickr_url': None, 'shelved_url': 'https://images4-g.ravelrycache.com/uploads/alisonknits/861762115/Vento-Itzel_3095_shelved.jpg', 'medium2_url': 'https://images4-a.ravelrycache.com/uploads/alisonknits/861762115/Vento-Itzel_3095_medium2.jpg', 'small2_url': 'https://images4-g.ravelrycache.com/uploads/alisonknits/861762115/Vento-Itzel_3095_small2.jpg', 'caption': None, 'caption_html': None, 'copyright_holder': 'Berroco, Inc'}, {'id': 113685000, 'sort_order': 5, 'user_id': 8293, 'x_offset': -43, 'y_offset': 0, 'square_url': 'https://images4-g.ravelrycache.com/uploads/alisonknits/861762088/Vento-Itzel_3088_square.jpg', 'medium_url': 'https://images4-g.ravelrycache.com/uploads/alisonknits/861762088/Vento-Itzel_3088_medium.jpg', 'thumbnail_url': 'https://images4-g.ravelrycache.com/uploads/alisonknits/861762088/Vento-Itzel_3088_thumbnail.jpg', 'small_url': 'https://images4-f.ravelrycache.com/uploads/alisonknits/861762088/Vento-Itzel_3088_small_best_fit.jpg', 'flickr_url': None, 'shelved_url': 'https://images4-f.ravelrycache.com/uploads/alisonknits/861762088/Vento-Itzel_3088_shelved.jpg', 'medium2_url': 'https://images4-a.ravelrycache.com/uploads/alisonknits/861762088/Vento-Itzel_3088_medium2.jpg', 'small2_url': 'https://images4-g.ravelrycache.com/uploads/alisonknits/861762088/Vento-Itzel_3088_small2.jpg', 'caption': None, 'caption_html': None, 'copyright_holder': 'Berroco, Inc'}, {'id': 113685001, 'sort_order': 6, 'user_id': 8293, 'x_offset': 0, 'y_offset': -43, 'square_url': 'https://images4-f.ravelrycache.com/uploads/alisonknits/861761829/Vento-Itzel_3023_square.jpg', 'medium_url': 'https://images4-f.ravelrycache.com/uploads/alisonknits/861761829/Vento-Itzel_3023_medium.jpg', 'thumbnail_url': 'https://images4-g.ravelrycache.com/uploads/alisonknits/861761829/Vento-Itzel_3023_thumbnail.jpg', 'small_url': 'https://images4-f.ravelrycache.com/uploads/alisonknits/861761829/Vento-Itzel_3023_small_best_fit.jpg', 'flickr_url': None, 'shelved_url': 'https://images4-f.ravelrycache.com/uploads/alisonknits/861761829/Vento-Itzel_3023_shelved.jpg', 'medium2_url': 'https://images4-a.ravelrycache.com/uploads/alisonknits/861761829/Vento-Itzel_3023_medium2.jpg', 'small2_url': 'https://images4-f.ravelrycache.com/uploads/alisonknits/861761829/Vento-Itzel_3023_small2.jpg', 'caption': None, 'caption_html': None, 'copyright_holder': 'Berroco, Inc'}, {'id': 113685002, 'sort_order': 7, 'user_id': 8293, 'x_offset': 0, 'y_offset': -43, 'square_url': 'https://images4-f.ravelrycache.com/uploads/alisonknits/861761766/Vento-Itzel_3011_square.jpg', 'medium_url': 'https://images4-f.ravelrycache.com/uploads/alisonknits/861761766/Vento-Itzel_3011_medium.jpg', 'thumbnail_url': 'https://images4-f.ravelrycache.com/uploads/alisonknits/861761766/Vento-Itzel_3011_thumbnail.jpg', 'small_url': 'https://images4-f.ravelrycache.com/uploads/alisonknits/861761766/Vento-Itzel_3011_small_best_fit.jpg', 'flickr_url': None, 'shelved_url': 'https://images4-f.ravelrycache.com/uploads/alisonknits/861761766/Vento-Itzel_3011_shelved.jpg', 'medium2_url': 'https://images4-a.ravelrycache.com/uploads/alisonknits/861761766/Vento-Itzel_3011_medium2.jpg', 'small2_url': 'https://images4-f.ravelrycache.com/uploads/alisonknits/861761766/Vento-Itzel_3011_small2.jpg', 'caption': None, 'caption_html': None, 'copyright_holder': 'Berroco, Inc'}, {'id': 113685003, 'sort_order': 8, 'user_id': 8293, 'x_offset': -43, 'y_offset': 0, 'square_url': 'https://images4-f.ravelrycache.com/uploads/alisonknits/861761917/Vento-Itzel_3043_square.jpg', 'medium_url': 'https://images4-f.ravelrycache.com/uploads/alisonknits/861761917/Vento-Itzel_3043_medium.jpg', 'thumbnail_url': 'https://images4-g.ravelrycache.com/uploads/alisonknits/861761917/Vento-Itzel_3043_thumbnail.jpg', 'small_url': 'https://images4-f.ravelrycache.com/uploads/alisonknits/861761917/Vento-Itzel_3043_small_best_fit.jpg', 'flickr_url': None, 'shelved_url': 'https://images4-g.ravelrycache.com/uploads/alisonknits/861761917/Vento-Itzel_3043_shelved.jpg', 'medium2_url': 'https://images4-a.ravelrycache.com/uploads/alisonknits/861761917/Vento-Itzel_3043_medium2.jpg', 'small2_url': 'https://images4-f.ravelrycache.com/uploads/alisonknits/861761917/Vento-Itzel_3043_small2.jpg', 'caption': None, 'caption_html': None, 'copyright_holder': 'Berroco, Inc'}]"
VesterbyCrea No 31,Thea Vesterby,1251633,https://www.ravelry.com/patterns/library/vesterbycrea-no-31,False,https://images4-a.ravelrycache.com/uploads/VesterbyCrea/862012509/strikkeopskrifter-strik-snoninger-uld-alpaka-oenling-vesterbycrea_no31_39_medium2.JPG,Knitting,"['female', 'teen', 'adult', 'no-ease', 'fitted', 'seamless', 'top-down', 'in-the-round']",22.0,0.0,True,4.0,180 m / 50 gr.,pullover,Thread,11,5.0,XS (S) M (L) XL (XXL),"[{'id': 113690807, 'sort_order': 1, 'user_id': 9248357, 'x_offset': -5, 'y_offset': -35, 'square_url': 'https://images4-f.ravelrycache.com/uploads/VesterbyCrea/862012509/strikkeopskrifter-strik-snoninger-uld-alpaka-oenling-vesterbycrea_no31_39_square.JPG', 'medium_url': 'https://images4-f.ravelrycache.com/uploads/VesterbyCrea/862012509/strikkeopskrifter-strik-snoninger-uld-alpaka-oenling-vesterbycrea_no31_39_medium.JPG', 'thumbnail_url': 'https://images4-f.ravelrycache.com/uploads/VesterbyCrea/862012509/strikkeopskrifter-strik-snoninger-uld-alpaka-oenling-vesterbycrea_no31_39_thumbnail.JPG', 'small_url': 'https://images4-f.ravelrycache.com/uploads/VesterbyCrea/862012509/strikkeopskrifter-strik-snoninger-uld-alpaka-oenling-vesterbycrea_no31_39_small.JPG', 'flickr_url': None, 'shelved_url': 'https://images4-g.ravelrycache.com/uploads/VesterbyCrea/862012509/strikkeopskrifter-strik-snoninger-uld-alpaka-oenling-vesterbycrea_no31_39_shelved.JPG', 'medium2_url': 'https://images4-a.ravelrycache.com/uploads/VesterbyCrea/862012509/strikkeopskrifter-strik-snoninger-uld-alpaka-oenling-vesterbycrea_no31_39_medium2.JPG', 'small2_url': 'https://images4-f.ravelrycache.com/uploads/VesterbyCrea/862012509/strikkeopskrifter-strik-snoninger-uld-alpaka-oenling-vesterbycrea_no31_39_small2.JPG', 'caption': None, 'caption_html': None, 'copyright_holder': None}, {'id': 113690808, 'sort_order': 2, 'user_id': 9248357, 'x_offset': -13, 'y_offset': 0, 'square_url': 'https://images4-g.ravelrycache.com/uploads/VesterbyCrea/862012520/strikkeopskrifter-strik-snoninger-uld-alpaka-oenling-vesterbycrea_no31_25_square.JPG', 'medium_url': 'https://images4-g.ravelrycache.com/uploads/VesterbyCrea/862012520/strikkeopskrifter-strik-snoninger-uld-alpaka-oenling-vesterbycrea_no31_25_medium.JPG', 'thumbnail_url': 'https://images4-f.ravelrycache.com/uploads/VesterbyCrea/862012520/strikkeopskrifter-strik-snoninger-uld-alpaka-oenling-vesterbycrea_no31_25_thumbnail.JPG', 'small_url': 'https://images4-g.ravelrycache.com/uploads/VesterbyCrea/862012520/strikkeopskrifter-strik-snoninger-uld-alpaka-oenling-vesterbycrea_no31_25_small_best_fit.JPG', 'flickr_url': None, 'shelved_url': 'https://images4-g.ravelrycache.com/uploads/VesterbyCrea/862012520/strikkeopskrifter-strik-snoninger-uld-alpaka-oenling-vesterbycrea_no31_25_shelved.JPG', 'medium2_url': 'https://images4-a.ravelrycache.com/uploads/VesterbyCrea/862012520/strikkeopskrifter-strik-snoninger-uld-alpaka-oenling-vesterbycrea_no31_25_medium2.JPG', 'small2_url': 'https://images4-g.ravelrycache.com/uploads/VesterbyCrea/862012520/strikkeopskrifter-strik-snoninger-uld-alpaka-oenling-vesterbycrea_no31_25_small2.JPG', 'caption': None, 'caption_html': None, 'copyright_holder': None}, {'id': 113690809, 'sort_order': 3, 'user_id': 9248357, 'x_offset': -23, 'y_offset': 0, 'square_url': 'https://images4-g.ravelrycache.com/uploads/VesterbyCrea/862012519/strikkeopskrifter-strik-snoninger-uld-alpaka-oenling-vesterbycrea_no31_26_square.JPG', 'medium_url': 'https://images4-g.ravelrycache.com/uploads/VesterbyCrea/862012519/strikkeopskrifter-strik-snoninger-uld-alpaka-oenling-vesterbycrea_no31_26_medium.JPG', 'thumbnail_url': 'https://images4-f.ravelrycache.com/uploads/VesterbyCrea/862012519/strikkeopskrifter-strik-snoninger-uld-alpaka-oenling-vesterbycrea_no31_26_thumbnail.JPG', 'small_url': 'https://images4-f.ravelrycache.com/uploads/VesterbyCrea/862012519/strikkeopskrifter-strik-snoninger-uld-alpaka-oenling-vesterbycrea_no31_26_small_best_fit.JPG', 'flickr_url': None, 'shelved_url': 'https://images4-f.ravelrycache.com/uploads/VesterbyCrea/862012519/strikkeopskrifter-strik-snoninger-uld-alpaka-oenling-vesterbycrea_no31_26_shelved.JPG', 'medium2_url': 'https://images4-a.ravelrycache.com/uploads/VesterbyCrea/862012519/strikkeopskrifter-strik-snoninger-uld-alpaka-oenling-vesterbycrea_no31_26_medium2.JPG', 'small2_url': 'https://images4-g.ravelrycache.com/uploads/VesterbyCrea/862012519/strikkeopskrifter-strik-snoninger-uld-alpaka-oenling-vesterbycrea_no31_26_small2.JPG', 'caption': None, 'caption_html': None, 'copyright_holder': None}, {'id': 113690810, 'sort_order': 4, 'user_id': 9248357, 'x_offset': -15, 'y_offset': 0, 'square_url': 'https://images4-f.ravelrycache.com/uploads/VesterbyCrea/862012522/strikkeopskrifter-strik-snoninger-uld-alpaka-oenling-vesterbycrea_no31_27_square.JPG', 'medium_url': 'https://images4-f.ravelrycache.com/uploads/VesterbyCrea/862012522/strikkeopskrifter-strik-snoninger-uld-alpaka-oenling-vesterbycrea_no31_27_medium.JPG', 'thumbnail_url': 'https://images4-g.ravelrycache.com/uploads/VesterbyCrea/862012522/strikkeopskrifter-strik-snoninger-uld-alpaka-oenling-vesterbycrea_no31_27_thumbnail.JPG', 'small_url': 'https://images4-g.ravelrycache.com/uploads/VesterbyCrea/862012522/strikkeopskrifter-strik-snoninger-uld-alpaka-oenling-vesterbycrea_no31_27_small_best_fit.JPG', 'flickr_url': None, 'shelved_url': 'https://images4-f.ravelrycache.com/uploads/VesterbyCrea/862012522/strikkeopskrifter-strik-snoninger-uld-alpaka-oenling-vesterbycrea_no31_27_shelved.JPG', 'medium2_url': 'https://images4-a.ravelrycache.com/uploads/VesterbyCrea/862012522/strikkeopskrifter-strik-snoninger-uld-alpaka-oenling-vesterbycrea_no31_27_medium2.JPG', 'small2_url': 'https://images4-f.ravelrycache.com/uploads/VesterbyCrea/862012522/strikkeopskrifter-strik-snoninger-uld-alpaka-oenling-vesterbycrea_no31_27_small2.JPG', 'caption': None, 'caption_html': None, 'copyright_holder': None}, {'id': 113690811, 'sort_order': 5, 'user_id': 9248357, 'x_offset': -17, 'y_offset': 0, 'square_url': 'https://images4-f.ravelrycache.com/uploads/VesterbyCrea/862012515/strikkeopskrifter-strik-snoninger-uld-alpaka-oenling-vesterbycrea_no31_30_square.JPG', 'medium_url': 'https://images4-f.ravelrycache.com/uploads/VesterbyCrea/862012515/strikkeopskrifter-strik-snoninger-uld-alpaka-oenling-vesterbycrea_no31_30_medium.JPG', 'thumbnail_url': 'https://images4-f.ravelrycache.com/uploads/VesterbyCrea/862012515/strikkeopskrifter-strik-snoninger-uld-alpaka-oenling-vesterbycrea_no31_30_thumbnail.JPG', 'small_url': 'https://images4-f.ravelrycache.com/uploads/VesterbyCrea/862012515/strikkeopskrifter-strik-snoninger-uld-alpaka-oenling-vesterbycrea_no31_30_small_best_fit.JPG', 'flickr_url': None, 'shelved_url': 'https://images4-f.ravelrycache.com/uploads/VesterbyCrea/862012515/strikkeopskrifter-strik-snoninger-uld-alpaka-oenling-vesterbycrea_no31_30_shelved.JPG', 'medium2_url': 'https://images4-a.ravelrycache.com/uploads/VesterbyCrea/862012515/strikkeopskrifter-strik-snoninger-uld-alpaka-oenling-vesterbycrea_no31_30_medium2.JPG', 'small2_url': 'https://images4-f.ravelrycache.com/uploads/VesterbyCrea/862012515/strikkeopskrifter-strik-snoninger-uld-alpaka-oenling-vesterbycrea_no31_30_small2.JPG', 'caption': None, 'caption_html': None, 'copyright_holder': None}, {'id': 113690812, 'sort_order': 6, 'user_id': 9248357, 'x_offset': -20, 'y_offset': 0, 'square_url': 'https://images4-f.ravelrycache.com/uploads/VesterbyCrea/862012523/strikkeopskrifter-strik-snoninger-uld-alpaka-oenling-vesterbycrea_no31_32_square.JPG', 'medium_url': 'https://images4-f.ravelrycache.com/uploads/VesterbyCrea/862012523/strikkeopskrifter-strik-snoninger-uld-alpaka-oenling-vesterbycrea_no31_32_medium.JPG', 'thumbnail_url': 'https://images4-f.ravelrycache.com/uploads/VesterbyCrea/862012523/strikkeopskrifter-strik-snoninger-uld-alpaka-oenling-vesterbycrea_no31_32_thumbnail.JPG', 'small_url': 'https://images4-g.ravelrycache.com/uploads/VesterbyCrea/862012523/strikkeopskrifter-strik-snoninger-uld-alpaka-oenling-vesterbycrea_no31_32_small_best_fit.JPG', 'flickr_url': None, 'shelved_url': 'https://images4-g.ravelrycache.com/uploads/VesterbyCrea/862012523/strikkeopskrifter-strik-snoninger-uld-alpaka-oenling-vesterbycrea_no31_32_shelved.JPG', 'medium2_url': 'https://images4-a.ravelrycache.com/uploads/VesterbyCrea/862012523/strikkeopskrifter-strik-snoninger-uld-alpaka-oenling-vesterbycrea_no31_32_medium2.JPG', 'small2_url': 'https://images4-f.ravelrycache.com/uploads/VesterbyCrea/862012523/strikkeopskrifter-strik-snoninger-uld-alpaka-oenling-vesterbycrea_no31_32_small2.JPG', 'caption': None, 'caption_html': None, 'copyright_holder': None}, {'id': 113690813, 'sort_order': 7, 'user_id': 9248357, 'x_offset': -5, 'y_offset': -35, 'square_url': 'https://images4-f.ravelrycache.com/uploads/VesterbyCrea/862012507/strikkeopskrifter-strik-snoninger-uld-alpaka-oenling-vesterbycrea_no31_40_square.JPG', 'medium_url': 'https://images4-f.ravelrycache.com/uploads/VesterbyCrea/862012507/strikkeopskrifter-strik-snoninger-uld-alpaka-oenling-vesterbycrea_no31_40_medium.JPG', 'thumbnail_url': 'https://images4-g.ravelrycache.com/uploads/VesterbyCrea/862012507/strikkeopskrifter-strik-snoninger-uld-alpaka-oenling-vesterbycrea_no31_40_thumbnail.JPG', 'small_url': 'https://images4-f.ravelrycache.com/uploads/VesterbyCrea/862012507/strikkeopskrifter-strik-snoninger-uld-alpaka-oenling-vesterbycrea_no31_40_small.JPG', 'flickr_url': None, 'shelved_url': 'https://images4-f.ravelrycache.com/uploads/VesterbyCrea/862012507/strikkeopskrifter-strik-snoninger-uld-alpaka-oenling-vesterbycrea_no31_40_shelved.JPG', 'medium2_url': 'https://images4-a.ravelrycache.com/uploads/VesterbyCrea/862012507/strikkeopskrifter-strik-snoninger-uld-alpaka-oenling-vesterbycrea_no31_40_medium2.JPG', 'small2_url': 'https://images4-f.ravelrycache.com/uploads/VesterbyCrea/862012507/strikkeopskrifter-strik-snoninger-uld-alpaka-oenling-vesterbycrea_no31_40_small2.JPG', 'caption': None, 'caption_html': None, 'copyright_holder': None}, {'id': 113690814, 'sort_order': 8, 'user_id': 9248357, 'x_offset': -5, 'y_offset': -35, 'square_url': 'https://images4-f.ravelrycache.com/uploads/VesterbyCrea/862012508/strikkeopskrifter-strik-snoninger-uld-alpaka-oenling-vesterbycrea_no31_42_square.JPG', 'medium_url': 'https://images4-f.ravelrycache.com/uploads/VesterbyCrea/862012508/strikkeopskrifter-strik-snoninger-uld-alpaka-oenling-vesterbycrea_no31_42_medium.JPG', 'thumbnail_url': 'https://images4-f.ravelrycache.com/uploads/VesterbyCrea/862012508/strikkeopskrifter-strik-snoninger-uld-alpaka-oenling-vesterbycrea_no31_42_thumbnail.JPG', 'small_url': 'https://images4-g.ravelrycache.com/uploads/VesterbyCrea/862012508/strikkeopskrifter-strik-snoninger-uld-alpaka-oenling-vesterbycrea_no31_42_small.JPG', 'flickr_url': None, 'shelved_url': 'https://images4-g.ravelrycache.com/uploads/VesterbyCrea/862012508/strikkeopskrifter-strik-snoninger-uld-alpaka-oenling-vesterbycrea_no31_42_shelved.JPG', 'medium2_url': 'https://images4-a.ravelrycache.com/uploads/VesterbyCrea/862012508/strikkeopskrifter-strik-snoninger-uld-alpaka-oenling-vesterbycrea_no31_42_medium2.JPG', 'small2_url': 'https://images4-f.ravelrycache.com/uploads/VesterbyCrea/862012508/strikkeopskrifter-strik-snoninger-uld-alpaka-oenling-vesterbycrea_no31_42_small2.JPG', 'caption': None, 'caption_html': None, 'copyright_holder': None}, {'id': 113690815, 'sort_order': 9, 'user_id': 9248357, 'x_offset': -5, 'y_offset': -35, 'square_url': 'https://images4-g.ravelrycache.com/uploads/VesterbyCrea/862012506/strikkeopskrifter-strik-snoninger-uld-alpaka-oenling-vesterbycrea_no31_43_square.JPG', 'medium_url': 'https://images4-g.ravelrycache.com/uploads/VesterbyCrea/862012506/strikkeopskrifter-strik-snoninger-uld-alpaka-oenling-vesterbycrea_no31_43_medium.JPG', 'thumbnail_url': 'https://images4-f.ravelrycache.com/uploads/VesterbyCrea/862012506/strikkeopskrifter-strik-snoninger-uld-alpaka-oenling-vesterbycrea_no31_43_thumbnail.JPG', 'small_url': 'https://images4-g.ravelrycache.com/uploads/VesterbyCrea/862012506/strikkeopskrifter-strik-snoninger-uld-alpaka-oenling-vesterbycrea_no31_43_small.JPG', 'flickr_url': None, 'shelved_url': 'https://images4-g.ravelrycache.com/uploads/VesterbyCrea/862012506/strikkeopskrifter-strik-snoninger-uld-alpaka-oenling-vesterbycrea_no31_43_shelved.JPG', 'medium2_url': 'https://images4-a.ravelrycache.com/uploads/VesterbyCrea/862012506/strikkeopskrifter-strik-snoninger-uld-alpaka-oenling-vesterbycrea_no31_43_medium2.JPG', 'small2_url': 'https://images4-g.ravelrycache.com/uploads/VesterbyCrea/862012506/strikkeopskrifter-strik-snoninger-uld-alpaka-oenling-vesterbycrea_no31_43_small2.JPG', 'caption': None, 'caption_html': None, 'copyright_holder': None}]"
Drop the Game Sweater,Kara Eng,1251869,https://www.ravelry.com/patterns/library/drop-the-game-sweater,False,https://images4-a.ravelrycache.com/uploads/karaeng/866329084/60DC1732-BF12-416A-819D-4B03DB7C7C01_medium2.JPG,Knitting,"['dropped-stitches', 'seamless', 'top-down', 'written-pattern', 'in-the-round']",12.0,2.6666666666666665,True,4.0,in stockinette on 5.5mm ,pullover,Aran,13,4.2,XS - 5X ,"[{'id': 114201882, 'sort_order': 1, 'user_id': 9540088, 'x_offset': -5, 'y_offset': -35, 'square_url': 'https://images4-f.ravelrycache.com/uploads/karaeng/866329084/60DC1732-BF12-416A-819D-4B03DB7C7C01_square.JPG', 'medium_url': 'https://images4-f.ravelrycache.com/uploads/karaeng/866329084/60DC1732-BF12-416A-819D-4B03DB7C7C01_medium.JPG', 'thumbnail_url': 'https://images4-f.ravelrycache.com/uploads/karaeng/866329084/60DC1732-BF12-416A-819D-4B03DB7C7C01_thumbnail.JPG', 'small_url': 'https://images4-f.ravelrycache.com/uploads/karaeng/866329084/60DC1732-BF12-416A-819D-4B03DB7C7C01_small.JPG', 'flickr_url': None, 'shelved_url': 'https://images4-f.ravelrycache.com/uploads/karaeng/866329084/60DC1732-BF12-416A-819D-4B03DB7C7C01_shelved.JPG', 'medium2_url': 'https://images4-a.ravelrycache.com/uploads/karaeng/866329084/60DC1732-BF12-416A-819D-4B03DB7C7C01_medium2.JPG', 'small2_url': 'https://images4-f.ravelrycache.com/uploads/karaeng/866329084/60DC1732-BF12-416A-819D-4B03DB7C7C01_small2.JPG', 'caption': 'Yarn: Machete Shoppe DK and Suri in Catnip with another strand of undid suri ', 'caption_html': 'Yarn: Machete Shoppe DK and Suri in Catnip with another strand of undid suri ', 'copyright_holder': ''}, {'id': 114201883, 'sort_order': 2, 'user_id': 9540088, 'x_offset': -5, 'y_offset': -35, 'square_url': 'https://images4-f.ravelrycache.com/uploads/karaeng/866329083/9A29092B-F8D6-41FD-A300-67D00FB7D55E_square.JPG', 'medium_url': 'https://images4-f.ravelrycache.com/uploads/karaeng/866329083/9A29092B-F8D6-41FD-A300-67D00FB7D55E_medium.JPG', 'thumbnail_url': 'https://images4-f.ravelrycache.com/uploads/karaeng/866329083/9A29092B-F8D6-41FD-A300-67D00FB7D55E_thumbnail.JPG', 'small_url': 'https://images4-g.ravelrycache.com/uploads/karaeng/866329083/9A29092B-F8D6-41FD-A300-67D00FB7D55E_small.JPG', 'flickr_url': None, 'shelved_url': 'https://images4-f.ravelrycache.com/uploads/karaeng/866329083/9A29092B-F8D6-41FD-A300-67D00FB7D55E_shelved.JPG', 'medium2_url': 'https://images4-a.ravelrycache.com/uploads/karaeng/866329083/9A29092B-F8D6-41FD-A300-67D00FB7D55E_medium2.JPG', 'small2_url': 'https://images4-f.ravelrycache.com/uploads/karaeng/866329083/9A29092B-F8D6-41FD-A300-67D00FB7D55E_small2.JPG', 'caption': None, 'caption_html': None, 'copyright_holder': None}, {'id': 114201881, 'sort_order': 3, 'user_id': 9540088, 'x_offset': 0, 'y_offset': -41, 'square_url': 'https://images4-g.ravelrycache.com/uploads/karaeng/866329051/inbound4666439478713702369_-_soraya_akkerman_square.jpg', 'medium_url': 'https://images4-g.ravelrycache.com/uploads/karaeng/866329051/inbound4666439478713702369_-_soraya_akkerman_medium.jpg', 'thumbnail_url': 'https://images4-f.ravelrycache.com/uploads/karaeng/866329051/inbound4666439478713702369_-_soraya_akkerman_thumbnail.jpg', 'small_url': 'https://images4-g.ravelrycache.com/uploads/karaeng/866329051/inbound4666439478713702369_-_soraya_akkerman_small_best_fit.jpg', 'flickr_url': None, 'shelved_url': 'https://images4-g.ravelrycache.com/uploads/karaeng/866329051/inbound4666439478713702369_-_soraya_akkerman_shelved.jpg', 'medium2_url': 'https://images4-a.ravelrycache.com/uploads/karaeng/866329051/inbound4666439478713702369_-_soraya_akkerman_medium2.jpg', 'small2_url': 'https://images4-g.ravelrycache.com/uploads/karaeng/866329051/inbound4666439478713702369_-_soraya_akkerman_small2.jpg', 'caption': 'Knitter: @Sorayaknits\nYarn: hand dyed suri', 'caption_html': 'Knitter: @Sorayaknits\nYarn: hand dyed suri', 'copyright_holder': ''}, {'id': 114201878, 'sort_order': 4, 'user_id': 9540088, 'x_offset': -5, 'y_offset': -35, 'square_url': 'https://images4-f.ravelrycache.com/uploads/karaeng/866329050/F09C2EC5-85D3-481D-AEB1-CE606B0DA6E0_-_Grace_C._square.jpeg', 'medium_url': 'https://images4-f.ravelrycache.com/uploads/karaeng/866329050/F09C2EC5-85D3-481D-AEB1-CE606B0DA6E0_-_Grace_C._medium.jpeg', 'thumbnail_url': 'https://images4-g.ravelrycache.com/uploads/karaeng/866329050/F09C2EC5-85D3-481D-AEB1-CE606B0DA6E0_-_Grace_C._thumbnail.jpeg', 'small_url': 'https://images4-f.ravelrycache.com/uploads/karaeng/866329050/F09C2EC5-85D3-481D-AEB1-CE606B0DA6E0_-_Grace_C._small.jpeg', 'flickr_url': None, 'shelved_url': 'https://images4-f.ravelrycache.com/uploads/karaeng/866329050/F09C2EC5-85D3-481D-AEB1-CE606B0DA6E0_-_Grace_C._shelved.jpeg', 'medium2_url': 'https://images4-a.ravelrycache.com/uploads/karaeng/866329050/F09C2EC5-85D3-481D-AEB1-CE606B0DA6E0_-_Grace_C._medium2.jpeg', 'small2_url': 'https://images4-f.ravelrycache.com/uploads/karaeng/866329050/F09C2EC5-85D3-481D-AEB1-CE606B0DA6E0_-_Grace_C._small2.jpeg', 'caption': 'Knitter: @Made_by_gracexo\nYarn: mohair ', 'caption_html': 'Knitter: @Made_by_gracexo\nYarn: mohair ', 'copyright_holder': ''}, {'id': 114201879, 'sort_order': 5, 'user_id': 9540088, 'x_offset': 1, 'y_offset': -58, 'square_url': 'https://images4-f.ravelrycache.com/uploads/karaeng/866329049/7F4C6A7A-4E93-43B3-8222-65D2053A578A_-_Kay_Fard_square.jpeg', 'medium_url': 'https://images4-f.ravelrycache.com/uploads/karaeng/866329049/7F4C6A7A-4E93-43B3-8222-65D2053A578A_-_Kay_Fard_medium.jpeg', 'thumbnail_url': 'https://images4-g.ravelrycache.com/uploads/karaeng/866329049/7F4C6A7A-4E93-43B3-8222-65D2053A578A_-_Kay_Fard_thumbnail.jpeg', 'small_url': 'https://images4-f.ravelrycache.com/uploads/karaeng/866329049/7F4C6A7A-4E93-43B3-8222-65D2053A578A_-_Kay_Fard_small_best_fit.jpeg', 'flickr_url': None, 'shelved_url': 'https://images4-f.ravelrycache.com/uploads/karaeng/866329049/7F4C6A7A-4E93-43B3-8222-65D2053A578A_-_Kay_Fard_shelved.jpeg', 'medium2_url': 'https://images4-a.ravelrycache.com/uploads/karaeng/866329049/7F4C6A7A-4E93-43B3-8222-65D2053A578A_-_Kay_Fard_medium2.jpeg', 'small2_url': 'https://images4-f.ravelrycache.com/uploads/karaeng/866329049/7F4C6A7A-4E93-43B3-8222-65D2053A578A_-_Kay_Fard_small2.jpeg', 'caption': 'Knitter: [limooks](/people/limooks) \nYarn: Malabrigo Mecha', 'caption_html': 'Knitter: [limooks](/people/limooks) \nYarn: Malabrigo Mecha', 'copyright_holder': ''}, {'id': 113709495, 'sort_order': 6, 'user_id': 9540088, 'x_offset': -3, 'y_offset': -57, 'square_url': 'https://images4-f.ravelrycache.com/uploads/karaeng/862334214/8117B884-7120-4656-BBF1-4F18015B98D1_square.JPG', 'medium_url': 'https://images4-f.ravelrycache.com/uploads/karaeng/862334214/8117B884-7120-4656-BBF1-4F18015B98D1_medium.JPG', 'thumbnail_url': 'https://images4-g.ravelrycache.com/uploads/karaeng/862334214/8117B884-7120-4656-BBF1-4F18015B98D1_thumbnail.JPG', 'small_url': 'https://images4-f.ravelrycache.com/uploads/karaeng/862334214/8117B884-7120-4656-BBF1-4F18015B98D1_small.JPG', 'flickr_url': None, 'shelved_url': 'https://images4-f.ravelrycache.com/uploads/karaeng/862334214/8117B884-7120-4656-BBF1-4F18015B98D1_shelved.JPG', 'medium2_url': 'https://images4-a.ravelrycache.com/uploads/karaeng/862334214/8117B884-7120-4656-BBF1-4F18015B98D1_medium2.JPG', 'small2_url': 'https://images4-f.ravelrycache.com/uploads/karaeng/862334214/8117B884-7120-4656-BBF1-4F18015B98D1_small2.JPG', 'caption': 'Yarn: Olivia Yarn Studio unnamed yarn on etsy ', 'caption_html': 'Yarn: Olivia Yarn Studio unnamed yarn on etsy ', 'copyright_holder': ''}, {'id': 113709496, 'sort_order': 7, 'user_id': 9540088, 'x_offset': -5, 'y_offset': -70, 'square_url': 'https://images4-f.ravelrycache.com/uploads/karaeng/862334215/86E33696-BA13-46FC-ABE6-545A9F650517_square.JPG', 'medium_url': 'https://images4-f.ravelrycache.com/uploads/karaeng/862334215/86E33696-BA13-46FC-ABE6-545A9F650517_medium.JPG', 'thumbnail_url': 'https://images4-f.ravelrycache.com/uploads/karaeng/862334215/86E33696-BA13-46FC-ABE6-545A9F650517_thumbnail.JPG', 'small_url': 'https://images4-g.ravelrycache.com/uploads/karaeng/862334215/86E33696-BA13-46FC-ABE6-545A9F650517_small.JPG', 'flickr_url': None, 'shelved_url': 'https://images4-f.ravelrycache.com/uploads/karaeng/862334215/86E33696-BA13-46FC-ABE6-545A9F650517_shelved.JPG', 'medium2_url': 'https://images4-a.ravelrycache.com/uploads/karaeng/862334215/86E33696-BA13-46FC-ABE6-545A9F650517_medium2.JPG', 'small2_url': 'https://images4-f.ravelrycache.com/uploads/karaeng/862334215/86E33696-BA13-46FC-ABE6-545A9F650517_small2.JPG', 'caption': None, 'caption_html': None, 'copyright_holder': None}, {'id': 114201880, 'sort_order': 8, 'user_id': 9540088, 'x_offset': -5, 'y_offset': -35, 'square_url': 'https://images4-f.ravelrycache.com/uploads/karaeng/866329053/3B89071A-0389-4C01-A8B3-A4E8D9D65706_-_seren_gobelek_square.jpeg', 'medium_url': 'https://images4-f.ravelrycache.com/uploads/karaeng/866329053/3B89071A-0389-4C01-A8B3-A4E8D9D65706_-_seren_gobelek_medium.jpeg', 'thumbnail_url': 'https://images4-f.ravelrycache.com/uploads/karaeng/866329053/3B89071A-0389-4C01-A8B3-A4E8D9D65706_-_seren_gobelek_thumbnail.jpeg', 'small_url': 'https://images4-g.ravelrycache.com/uploads/karaeng/866329053/3B89071A-0389-4C01-A8B3-A4E8D9D65706_-_seren_gobelek_small.jpeg', 'flickr_url': None, 'shelved_url': 'https://images4-g.ravelrycache.com/uploads/karaeng/866329053/3B89071A-0389-4C01-A8B3-A4E8D9D65706_-_seren_gobelek_shelved.jpeg', 'medium2_url': 'https://images4-a.ravelrycache.com/uploads/karaeng/866329053/3B89071A-0389-4C01-A8B3-A4E8D9D65706_-_seren_gobelek_medium2.jpeg', 'small2_url': 'https://images4-f.ravelrycache.com/uploads/karaeng/866329053/3B89071A-0389-4C01-A8B3-A4E8D9D65706_-_seren_gobelek_small2.jpeg', 'caption': 'Knitter: @serencrochet\nYarn: Ice Yarns Kan Mohair ', 'caption_html': 'Knitter: @serencrochet\nYarn: Ice Yarns Kan Mohair ', 'copyright_holder': ''}, {'id': 114201913, 'sort_order': 9, 'user_id': 9540088, 'x_offset': -5, 'y_offset': -35, 'square_url': 'https://images4-g.ravelrycache.com/uploads/karaeng/866329341/9D63055A-3FD7-4992-A404-F356D719BA9A_square.JPG', 'medium_url': 'https://images4-g.ravelrycache.com/uploads/karaeng/866329341/9D63055A-3FD7-4992-A404-F356D719BA9A_medium.JPG', 'thumbnail_url': 'https://images4-f.ravelrycache.com/uploads/karaeng/866329341/9D63055A-3FD7-4992-A404-F356D719BA9A_thumbnail.JPG', 'small_url': 'https://images4-f.ravelrycache.com/uploads/karaeng/866329341/9D63055A-3FD7-4992-A404-F356D719BA9A_small.JPG', 'flickr_url': None, 'shelved_url': 'https://images4-f.ravelrycache.com/uploads/karaeng/866329341/9D63055A-3FD7-4992-A404-F356D719BA9A_shelved.JPG', 'medium2_url': 'https://images4-a.ravelrycache.com/uploads/karaeng/866329341/9D63055A-3FD7-4992-A404-F356D719BA9A_medium2.JPG', 'small2_url': 'https://images4-g.ravelrycache.com/uploads/karaeng/866329341/9D63055A-3FD7-4992-A404-F356D719BA9A_small2.JPG', 'caption': 'Knitter: @sophiee.stitches', 'caption_html': 'Knitter: @sophiee.stitches', 'copyright_holder': ''}]"
Ørken,Lucienne Tricote,1251878,https://www.ravelry.com/patterns/library/rken,False,https://images4-a.ravelrycache.com/uploads/LucienneTricote/862212900/NATISSEA_2022-shooting-SS22-02-398_medium2.jpg,Knitting,"['teen', 'adult', 'negative-ease', 'eyelets', 'textured', 'crew-neck', 'elbow-sleeve', 'raglan-sleeve', 'one-piece', 'short-rows', 'top-down', 'written-pattern', 'worked-flat', 'in-the-round', 'other-edging']",21.0,3.0,True,4.0,stockinette,pullover,Fingering,23,5.0,"1 (2, 3, 4, 5, 6, 7) [8, 9, 10, 11, 12, 13]","[{'id': 113710278, 'sort_order': 1, 'user_id': 6515607, 'x_offset': 0, 'y_offset': -43, 'square_url': 'https://images4-g.ravelrycache.com/uploads/LucienneTricote/862212900/NATISSEA_2022-shooting-SS22-02-398_square.jpg', 'medium_url': 'https://images4-g.ravelrycache.com/uploads/LucienneTricote/862212900/NATISSEA_2022-shooting-SS22-02-398_medium.jpg', 'thumbnail_url': 'https://images4-f.ravelrycache.com/uploads/LucienneTricote/862212900/NATISSEA_2022-shooting-SS22-02-398_thumbnail.jpg', 'small_url': 'https://images4-f.ravelrycache.com/uploads/LucienneTricote/862212900/NATISSEA_2022-shooting-SS22-02-398_small_best_fit.jpg', 'flickr_url': None, 'shelved_url': 'https://images4-g.ravelrycache.com/uploads/LucienneTricote/862212900/NATISSEA_2022-shooting-SS22-02-398_shelved.jpg', 'medium2_url': 'https://images4-a.ravelrycache.com/uploads/LucienneTricote/862212900/NATISSEA_2022-shooting-SS22-02-398_medium2.jpg', 'small2_url': 'https://images4-g.ravelrycache.com/uploads/LucienneTricote/862212900/NATISSEA_2022-shooting-SS22-02-398_small2.jpg', 'caption': None, 'caption_html': None, 'copyright_holder': None}, {'id': 113710279, 'sort_order': 2, 'user_id': 6515607, 'x_offset': 0, 'y_offset': -43, 'square_url': 'https://images4-g.ravelrycache.com/uploads/LucienneTricote/862212904/NATISSEA_2022-shooting-SS22-02-279_square.jpg', 'medium_url': 'https://images4-g.ravelrycache.com/uploads/LucienneTricote/862212904/NATISSEA_2022-shooting-SS22-02-279_medium.jpg', 'thumbnail_url': 'https://images4-f.ravelrycache.com/uploads/LucienneTricote/862212904/NATISSEA_2022-shooting-SS22-02-279_thumbnail.jpg', 'small_url': 'https://images4-f.ravelrycache.com/uploads/LucienneTricote/862212904/NATISSEA_2022-shooting-SS22-02-279_small_best_fit.jpg', 'flickr_url': None, 'shelved_url': 'https://images4-f.ravelrycache.com/uploads/LucienneTricote/862212904/NATISSEA_2022-shooting-SS22-02-279_shelved.jpg', 'medium2_url': 'https://images4-a.ravelrycache.com/uploads/LucienneTricote/862212904/NATISSEA_2022-shooting-SS22-02-279_medium2.jpg', 'small2_url': 'https://images4-g.ravelrycache.com/uploads/LucienneTricote/862212904/NATISSEA_2022-shooting-SS22-02-279_small2.jpg', 'caption': None, 'caption_html': None, 'copyright_holder': None}, {'id': 113710280, 'sort_order': 3, 'user_id': 6515607, 'x_offset': 0, 'y_offset': -43, 'square_url': 'https://images4-g.ravelrycache.com/uploads/LucienneTricote/862212901/Retouche_2_square.jpg', 'medium_url': 'https://images4-g.ravelrycache.com/uploads/LucienneTricote/862212901/Retouche_2_medium.jpg', 'thumbnail_url': 'https://images4-f.ravelrycache.com/uploads/LucienneTricote/862212901/Retouche_2_thumbnail.jpg', 'small_url': 'https://images4-f.ravelrycache.com/uploads/LucienneTricote/862212901/Retouche_2_small_best_fit.jpg', 'flickr_url': None, 'shelved_url': 'https://images4-f.ravelrycache.com/uploads/LucienneTricote/862212901/Retouche_2_shelved.jpg', 'medium2_url': 'https://images4-a.ravelrycache.com/uploads/LucienneTricote/862212901/Retouche_2_medium2.jpg', 'small2_url': 'https://images4-g.ravelrycache.com/uploads/LucienneTricote/862212901/Retouche_2_small2.jpg', 'caption': None, 'caption_html': None, 'copyright_holder': None}, {'id': 113710281, 'sort_order': 4, 'user_id': 6515607, 'x_offset': 0, 'y_offset': -43, 'square_url': 'https://images4-g.ravelrycache.com/uploads/LucienneTricote/862212899/NATISSEA_2022-shooting-SS22-02-289_square.jpg', 'medium_url': 'https://images4-g.ravelrycache.com/uploads/LucienneTricote/862212899/NATISSEA_2022-shooting-SS22-02-289_medium.jpg', 'thumbnail_url': 'https://images4-g.ravelrycache.com/uploads/LucienneTricote/862212899/NATISSEA_2022-shooting-SS22-02-289_thumbnail.jpg', 'small_url': 'https://images4-f.ravelrycache.com/uploads/LucienneTricote/862212899/NATISSEA_2022-shooting-SS22-02-289_small_best_fit.jpg', 'flickr_url': None, 'shelved_url': 'https://images4-f.ravelrycache.com/uploads/LucienneTricote/862212899/NATISSEA_2022-shooting-SS22-02-289_shelved.jpg', 'medium2_url': 'https://images4-a.ravelrycache.com/uploads/LucienneTricote/862212899/NATISSEA_2022-shooting-SS22-02-289_medium2.jpg', 'small2_url': 'https://images4-g.ravelrycache.com/uploads/LucienneTricote/862212899/NATISSEA_2022-shooting-SS22-02-289_small2.jpg', 'caption': None, 'caption_html': None, 'copyright_holder': None}, {'id': 113710282, 'sort_order': 5, 'user_id': 6515607, 'x_offset': -43, 'y_offset': 0, 'square_url': 'https://images4-g.ravelrycache.com/uploads/LucienneTricote/862212898/NATISSEA_2022-shooting-SS22-02-381_square.jpg', 'medium_url': 'https://images4-g.ravelrycache.com/uploads/LucienneTricote/862212898/NATISSEA_2022-shooting-SS22-02-381_medium.jpg', 'thumbnail_url': 'https://images4-f.ravelrycache.com/uploads/LucienneTricote/862212898/NATISSEA_2022-shooting-SS22-02-381_thumbnail.jpg', 'small_url': 'https://images4-g.ravelrycache.com/uploads/LucienneTricote/862212898/NATISSEA_2022-shooting-SS22-02-381_small_best_fit.jpg', 'flickr_url': None, 'shelved_url': 'https://images4-g.ravelrycache.com/uploads/LucienneTricote/862212898/NATISSEA_2022-shooting-SS22-02-381_shelved.jpg', 'medium2_url': 'https://images4-a.ravelrycache.com/uploads/LucienneTricote/862212898/NATISSEA_2022-shooting-SS22-02-381_medium2.jpg', 'small2_url': 'https://images4-g.ravelrycache.com/uploads/LucienneTricote/862212898/NATISSEA_2022-shooting-SS22-02-381_small2.jpg', 'caption': None, 'caption_html': None, 'copyright_holder': None}, {'id': 113710283, 'sort_order': 6, 'user_id': 6515607, 'x_offset': -43, 'y_offset': 0, 'square_url': 'https://images4-g.ravelrycache.com/uploads/LucienneTricote/862212903/NATISSEA_2022-shooting-SS22-02-221_square.jpg', 'medium_url': 'https://images4-g.ravelrycache.com/uploads/LucienneTricote/862212903/NATISSEA_2022-shooting-SS22-02-221_medium.jpg', 'thumbnail_url': 'https://images4-f.ravelrycache.com/uploads/LucienneTricote/862212903/NATISSEA_2022-shooting-SS22-02-221_thumbnail.jpg', 'small_url': 'https://images4-f.ravelrycache.com/uploads/LucienneTricote/862212903/NATISSEA_2022-shooting-SS22-02-221_small_best_fit.jpg', 'flickr_url': None, 'shelved_url': 'https://images4-f.ravelrycache.com/uploads/LucienneTricote/862212903/NATISSEA_2022-shooting-SS22-02-221_shelved.jpg', 'medium2_url': 'https://images4-a.ravelrycache.com/uploads/LucienneTricote/862212903/NATISSEA_2022-shooting-SS22-02-221_medium2.jpg', 'small2_url': 'https://images4-g.ravelrycache.com/uploads/LucienneTricote/862212903/NATISSEA_2022-shooting-SS22-02-221_small2.jpg', 'caption': None, 'caption_html': None, 'copyright_holder': None}]"
Maja Pullover Top Down,Kristin Drysdale,1252000,https://www.ravelry.com/patterns/library/maja-pullover-top-down,False,https://images4-a.ravelrycache.com/uploads/Scandiwork/862302263/Maja_5_medium2.jpg,Knitting,"['teen', 'adult', 'circular-yoke', 'modular', 'stranded', 'top-down', 'norwegian', 'positive-ease', 'worked-flat', 'in-the-round']",16.0,3.5714285714285716,True,4.0,colorwork and single color,pullover,Worsted,14,4.333333333333333,"XS, S, M,ML,  L, XL, 2XL, 3XL, 4XL","[{'id': 113717578, 'sort_order': 1, 'user_id': 6700203, 'x_offset': 0, 'y_offset': -16, 'square_url': 'https://images4-g.ravelrycache.com/uploads/Scandiwork/862302263/Maja_5_square.jpg', 'medium_url': 'https://images4-g.ravelrycache.com/uploads/Scandiwork/862302263/Maja_5_medium.jpg', 'thumbnail_url': 'https://images4-g.ravelrycache.com/uploads/Scandiwork/862302263/Maja_5_thumbnail.jpg', 'small_url': 'https://images4-g.ravelrycache.com/uploads/Scandiwork/862302263/Maja_5_small_best_fit.jpg', 'flickr_url': None, 'shelved_url': 'https://images4-f.ravelrycache.com/uploads/Scandiwork/862302263/Maja_5_shelved.jpg', 'medium2_url': 'https://images4-a.ravelrycache.com/uploads/Scandiwork/862302263/Maja_5_medium2.jpg', 'small2_url': 'https://images4-g.ravelrycache.com/uploads/Scandiwork/862302263/Maja_5_small2.jpg', 'caption': None, 'caption_html': None, 'copyright_holder': None}, {'id': 113717579, 'sort_order': 2, 'user_id': 6700203, 'x_offset': -1, 'y_offset': -35, 'square_url': 'https://images4-f.ravelrycache.com/uploads/Scandiwork/862302237/Maja_4_square.jpg', 'medium_url': 'https://images4-f.ravelrycache.com/uploads/Scandiwork/862302237/Maja_4_medium.jpg', 'thumbnail_url': 'https://images4-g.ravelrycache.com/uploads/Scandiwork/862302237/Maja_4_thumbnail.jpg', 'small_url': 'https://images4-g.ravelrycache.com/uploads/Scandiwork/862302237/Maja_4_small.jpg', 'flickr_url': None, 'shelved_url': 'https://images4-g.ravelrycache.com/uploads/Scandiwork/862302237/Maja_4_shelved.jpg', 'medium2_url': 'https://images4-a.ravelrycache.com/uploads/Scandiwork/862302237/Maja_4_medium2.jpg', 'small2_url': 'https://images4-f.ravelrycache.com/uploads/Scandiwork/862302237/Maja_4_small2.jpg', 'caption': None, 'caption_html': None, 'copyright_holder': None}, {'id': 113717580, 'sort_order': 3, 'user_id': 6700203, 'x_offset': 0, 'y_offset': -23, 'square_url': 'https://images4-f.ravelrycache.com/uploads/Scandiwork/862302204/Maja_2_Hero_square.jpg', 'medium_url': 'https://images4-f.ravelrycache.com/uploads/Scandiwork/862302204/Maja_2_Hero_medium.jpg', 'thumbnail_url': 'https://images4-f.ravelrycache.com/uploads/Scandiwork/862302204/Maja_2_Hero_thumbnail.jpg', 'small_url': 'https://images4-g.ravelrycache.com/uploads/Scandiwork/862302204/Maja_2_Hero_small_best_fit.jpg', 'flickr_url': None, 'shelved_url': 'https://images4-f.ravelrycache.com/uploads/Scandiwork/862302204/Maja_2_Hero_shelved.jpg', 'medium2_url': 'https://images4-a.ravelrycache.com/uploads/Scandiwork/862302204/Maja_2_Hero_medium2.jpg', 'small2_url': 'https://images4-f.ravelrycache.com/uploads/Scandiwork/862302204/Maja_2_Hero_small2.jpg', 'caption': None, 'caption_html': None, 'copyright_holder': None}, {'id': 113717581, 'sort_order': 4, 'user_id': 6700203, 'x_offset': -1, 'y_offset': -11, 'square_url': 'https://images4-g.ravelrycache.com/uploads/Scandiwork/862302110/Maja_1_Hero_square.jpg', 'medium_url': 'https://images4-g.ravelrycache.com/uploads/Scandiwork/862302110/Maja_1_Hero_medium.jpg', 'thumbnail_url': 'https://images4-g.ravelrycache.com/uploads/Scandiwork/862302110/Maja_1_Hero_thumbnail.jpg', 'small_url': 'https://images4-f.ravelrycache.com/uploads/Scandiwork/862302110/Maja_1_Hero_small_best_fit.jpg', 'flickr_url': None, 'shelved_url': 'https://images4-g.ravelrycache.com/uploads/Scandiwork/862302110/Maja_1_Hero_shelved.jpg', 'medium2_url': 'https://images4-a.ravelrycache.com/uploads/Scandiwork/862302110/Maja_1_Hero_medium2.jpg', 'small2_url': 'https://images4-g.ravelrycache.com/uploads/Scandiwork/862302110/Maja_1_Hero_small2.jpg', 'caption': None, 'caption_html': None, 'copyright_holder': None}, {'id': 113717582, 'sort_order': 5, 'user_id': 6700203, 'x_offset': -6, 'y_offset': -35, 'square_url': 'https://images4-g.ravelrycache.com/uploads/Scandiwork/862302678/Lars_1_Hero_1024_square.png', 'medium_url': 'https://images4-f.ravelrycache.com/uploads/Scandiwork/862302678/Lars_1_Hero_1024_medium.png', 'thumbnail_url': 'https://images4-g.ravelrycache.com/uploads/Scandiwork/862302678/Lars_1_Hero_1024_thumbnail.png', 'small_url': 'https://images4-f.ravelrycache.com/uploads/Scandiwork/862302678/Lars_1_Hero_1024_small.png', 'flickr_url': None, 'shelved_url': 'https://images4-f.ravelrycache.com/uploads/Scandiwork/862302678/Lars_1_Hero_1024_shelved.png', 'medium2_url': 'https://images4-a.ravelrycache.com/uploads/Scandiwork/862302678/Lars_1_Hero_1024_medium2.png', 'small2_url': 'https://images4-g.ravelrycache.com/uploads/Scandiwork/862302678/Lars_1_Hero_1024_small2.png', 'caption': None, 'caption_html': None, 'copyright_holder': None}, {'id': 113717583, 'sort_order': 6, 'user_id': 6700203, 'x_offset': 0, 'y_offset': -16, 'square_url': 'https://images4-g.ravelrycache.com/uploads/Scandiwork/862302468/8_Lars_front_square.jpg', 'medium_url': 'https://images4-g.ravelrycache.com/uploads/Scandiwork/862302468/8_Lars_front_medium.jpg', 'thumbnail_url': 'https://images4-f.ravelrycache.com/uploads/Scandiwork/862302468/8_Lars_front_thumbnail.jpg', 'small_url': 'https://images4-g.ravelrycache.com/uploads/Scandiwork/862302468/8_Lars_front_small_best_fit.jpg', 'flickr_url': None, 'shelved_url': 'https://images4-g.ravelrycache.com/uploads/Scandiwork/862302468/8_Lars_front_shelved.jpg', 'medium2_url': 'https://images4-a.ravelrycache.com/uploads/Scandiwork/862302468/8_Lars_front_medium2.jpg', 'small2_url': 'https://images4-g.ravelrycache.com/uploads/Scandiwork/862302468/8_Lars_front_small2.jpg', 'caption': None, 'caption_html': None, 'copyright_holder': None}, {'id': 113717584, 'sort_order': 7, 'user_id': 6700203, 'x_offset': 1, 'y_offset': -39, 'square_url': 'https://images4-f.ravelrycache.com/uploads/Scandiwork/862302236/Maja_3_square.jpg', 'medium_url': 'https://images4-f.ravelrycache.com/uploads/Scandiwork/862302236/Maja_3_medium.jpg', 'thumbnail_url': 'https://images4-f.ravelrycache.com/uploads/Scandiwork/862302236/Maja_3_thumbnail.jpg', 'small_url': 'https://images4-f.ravelrycache.com/uploads/Scandiwork/862302236/Maja_3_small_best_fit.jpg', 'flickr_url': None, 'shelved_url': 'https://images4-f.ravelrycache.com/uploads/Scandiwork/862302236/Maja_3_shelved.jpg', 'medium2_url': 'https://images4-a.ravelrycache.com/uploads/Scandiwork/862302236/Maja_3_medium2.jpg', 'small2_url': 'https://images4-f.ravelrycache.com/uploads/Scandiwork/862302236/Maja_3_small2.jpg', 'caption': None, 'caption_html': None, 'copyright_holder': None}]"
Giggle Gansey,Deborah Newton,1252027,https://www.ravelry.com/patterns/library/giggle-gansey,False,https://images4-a.ravelrycache.com/uploads/jaaase421/862410911/60_Quick_Knit_Gifts_for_Babies_PAGE__Page_020_medium2.jpg,Knitting,"['unisex', 'baby', 'textured', 'seamed', 'crew-neck', 'one-piece', 'bottom-up', 'positive-ease', 'chart', 'written-pattern', 'worked-flat', 'schematic', 'male', 'female']",21.5,0.0,False,4.0,chart 2,baby,Worsted,4,0.0,"6 months (12 months, 18 months)","[{'id': 113719159, 'sort_order': 1, 'user_id': 4976906, 'x_offset': -1, 'y_offset': -11, 'square_url': 'https://images4-f.ravelrycache.com/uploads/jaaase421/862410911/60_Quick_Knit_Gifts_for_Babies_PAGE__Page_020_square.jpg', 'medium_url': 'https://images4-f.ravelrycache.com/uploads/jaaase421/862410911/60_Quick_Knit_Gifts_for_Babies_PAGE__Page_020_medium.jpg', 'thumbnail_url': 'https://images4-g.ravelrycache.com/uploads/jaaase421/862410911/60_Quick_Knit_Gifts_for_Babies_PAGE__Page_020_thumbnail.jpg', 'small_url': 'https://images4-g.ravelrycache.com/uploads/jaaase421/862410911/60_Quick_Knit_Gifts_for_Babies_PAGE__Page_020_small_best_fit.jpg', 'flickr_url': None, 'shelved_url': 'https://images4-g.ravelrycache.com/uploads/jaaase421/862410911/60_Quick_Knit_Gifts_for_Babies_PAGE__Page_020_shelved.jpg', 'medium2_url': 'https://images4-a.ravelrycache.com/uploads/jaaase421/862410911/60_Quick_Knit_Gifts_for_Babies_PAGE__Page_020_medium2.jpg', 'small2_url': 'https://images4-f.ravelrycache.com/uploads/jaaase421/862410911/60_Quick_Knit_Gifts_for_Babies_PAGE__Page_020_small2.jpg', 'caption': None, 'caption_html': None, 'copyright_holder': 'sixth&spring books'}, {'id': 113719160, 'sort_order': 2, 'user_id': 4976906, 'x_offset': -1, 'y_offset': -11, 'square_url': 'https://images4-f.ravelrycache.com/uploads/jaaase421/862410912/60_Quick_Knit_Gifts_for_Babies_PAGE__Page_022_square.jpg', 'medium_url': 'https://images4-f.ravelrycache.com/uploads/jaaase421/862410912/60_Quick_Knit_Gifts_for_Babies_PAGE__Page_022_medium.jpg', 'thumbnail_url': 'https://images4-g.ravelrycache.com/uploads/jaaase421/862410912/60_Quick_Knit_Gifts_for_Babies_PAGE__Page_022_thumbnail.jpg', 'small_url': 'https://images4-g.ravelrycache.com/uploads/jaaase421/862410912/60_Quick_Knit_Gifts_for_Babies_PAGE__Page_022_small_best_fit.jpg', 'flickr_url': None, 'shelved_url': 'https://images4-g.ravelrycache.com/uploads/jaaase421/862410912/60_Quick_Knit_Gifts_for_Babies_PAGE__Page_022_shelved.jpg', 'medium2_url': 'https://images4-a.ravelrycache.com/uploads/jaaase421/862410912/60_Quick_Knit_Gifts_for_Babies_PAGE__Page_022_medium2.jpg', 'small2_url': 'https://images4-f.ravelrycache.com/uploads/jaaase421/862410912/60_Quick_Knit_Gifts_for_Babies_PAGE__Page_022_small2.jpg', 'caption': None, 'caption_html': None, 'copyright_holder': 'sixth&spring books'}]"
Abraço,Paula Pereira,1252063,https://www.ravelry.com/patterns/library/abraco-2,False,https://images4-a.ravelrycache.com/uploads/PaulaPereira/862443479/Abraco_1_medium2.jpg,Knitting,"['cables', 'circular-yoke', 'crew-neck', '3-4-sleeve', 'long-sleeve', 'short-sleeve', 'seamless', 'short-rows', 'top-down', 'chart', 'written-pattern', 'video-tutorial', 'in-the-round', 'schematic']",24.0,3.75,True,4.0,Stockinette Stitch,pullover,Fingering,13,4.8,"1 (2, 3, 4, 5) (6, 7, 8, 9)","[{'id': 113723456, 'sort_order': 1, 'user_id': 284768, 'x_offset': 0, 'y_offset': -43, 'square_url': 'https://images4-f.ravelrycache.com/uploads/PaulaPereira/862443479/Abraco_1_square.jpg', 'medium_url': 'https://images4-f.ravelrycache.com/uploads/PaulaPereira/862443479/Abraco_1_medium.jpg', 'thumbnail_url': 'https://images4-g.ravelrycache.com/uploads/PaulaPereira/862443479/Abraco_1_thumbnail.jpg', 'small_url': 'https://images4-f.ravelrycache.com/uploads/PaulaPereira/862443479/Abraco_1_small_best_fit.jpg', 'flickr_url': None, 'shelved_url': 'https://images4-f.ravelrycache.com/uploads/PaulaPereira/862443479/Abraco_1_shelved.jpg', 'medium2_url': 'https://images4-a.ravelrycache.com/uploads/PaulaPereira/862443479/Abraco_1_medium2.jpg', 'small2_url': 'https://images4-f.ravelrycache.com/uploads/PaulaPereira/862443479/Abraco_1_small2.jpg', 'caption': None, 'caption_html': None, 'copyright_holder': None}, {'id': 113723457, 'sort_order': 2, 'user_id': 284768, 'x_offset': -43, 'y_offset': 0, 'square_url': 'https://images4-f.ravelrycache.com/uploads/PaulaPereira/862443480/Abraco_7_square.jpg', 'medium_url': 'https://images4-f.ravelrycache.com/uploads/PaulaPereira/862443480/Abraco_7_medium.jpg', 'thumbnail_url': 'https://images4-g.ravelrycache.com/uploads/PaulaPereira/862443480/Abraco_7_thumbnail.jpg', 'small_url': 'https://images4-f.ravelrycache.com/uploads/PaulaPereira/862443480/Abraco_7_small_best_fit.jpg', 'flickr_url': None, 'shelved_url': 'https://images4-g.ravelrycache.com/uploads/PaulaPereira/862443480/Abraco_7_shelved.jpg', 'medium2_url': 'https://images4-a.ravelrycache.com/uploads/PaulaPereira/862443480/Abraco_7_medium2.jpg', 'small2_url': 'https://images4-f.ravelrycache.com/uploads/PaulaPereira/862443480/Abraco_7_small2.jpg', 'caption': None, 'caption_html': None, 'copyright_holder': None}, {'id': 113723459, 'sort_order': 3, 'user_id': 284768, 'x_offset': 0, 'y_offset': -43, 'square_url': 'https://images4-g.ravelrycache.com/uploads/PaulaPereira/862443482/Abraco_19_square.jpg', 'medium_url': 'https://images4-g.ravelrycache.com/uploads/PaulaPereira/862443482/Abraco_19_medium.jpg', 'thumbnail_url': 'https://images4-g.ravelrycache.com/uploads/PaulaPereira/862443482/Abraco_19_thumbnail.jpg', 'small_url': 'https://images4-g.ravelrycache.com/uploads/PaulaPereira/862443482/Abraco_19_small_best_fit.jpg', 'flickr_url': None, 'shelved_url': 'https://images4-f.ravelrycache.com/uploads/PaulaPereira/862443482/Abraco_19_shelved.jpg', 'medium2_url': 'https://images4-a.ravelrycache.com/uploads/PaulaPereira/862443482/Abraco_19_medium2.jpg', 'small2_url': 'https://images4-g.ravelrycache.com/uploads/PaulaPereira/862443482/Abraco_19_small2.jpg', 'caption': None, 'caption_html': None, 'copyright_holder': None}, {'id': 113723458, 'sort_order': 4, 'user_id': 284768, 'x_offset': 0, 'y_offset': -43, 'square_url': 'https://images4-f.ravelrycache.com/uploads/PaulaPereira/862443478/Abraco_5_square.jpg', 'medium_url': 'https://images4-f.ravelrycache.com/uploads/PaulaPereira/862443478/Abraco_5_medium.jpg', 'thumbnail_url': 'https://images4-g.ravelrycache.com/uploads/PaulaPereira/862443478/Abraco_5_thumbnail.jpg', 'small_url': 'https://images4-g.ravelrycache.com/uploads/PaulaPereira/862443478/Abraco_5_small_best_fit.jpg', 'flickr_url': None, 'shelved_url': 'https://images4-g.ravelrycache.com/uploads/PaulaPereira/862443478/Abraco_5_shelved.jpg', 'medium2_url': 'https://images4-a.ravelrycache.com/uploads/PaulaPereira/862443478/Abraco_5_medium2.jpg', 'small2_url': 'https://images4-f.ravelrycache.com/uploads/PaulaPereira/862443478/Abraco_5_small2.jpg', 'caption': None, 'caption_html': None, 'copyright_holder': None}, {'id': 113724269, 'sort_order': 5, 'user_id': 284768, 'x_offset': 0, 'y_offset': -43, 'square_url': 'https://images4-f.ravelrycache.com/uploads/PaulaPereira/862453145/Abraco_20_square.jpg', 'medium_url': 'https://images4-f.ravelrycache.com/uploads/PaulaPereira/862453145/Abraco_20_medium.jpg', 'thumbnail_url': 'https://images4-g.ravelrycache.com/uploads/PaulaPereira/862453145/Abraco_20_thumbnail.jpg', 'small_url': 'https://images4-f.ravelrycache.com/uploads/PaulaPereira/862453145/Abraco_20_small_best_fit.jpg', 'flickr_url': None, 'shelved_url': 'https://images4-f.ravelrycache.com/uploads/PaulaPereira/862453145/Abraco_20_shelved.jpg', 'medium2_url': 'https://images4-a.ravelrycache.com/uploads/PaulaPereira/862453145/Abraco_20_medium2.jpg', 'small2_url': 'https://images4-f.ravelrycache.com/uploads/PaulaPereira/862453145/Abraco_20_small2.jpg', 'caption': None, 'caption_html': None, 'copyright_holder': None}, {'id': 113724081, 'sort_order': 6, 'user_id': 284768, 'x_offset': -43, 'y_offset': 0, 'square_url': 'https://images4-f.ravelrycache.com/uploads/PaulaPereira/862451583/Abraco_17_square.jpg', 'medium_url': 'https://images4-f.ravelrycache.com/uploads/PaulaPereira/862451583/Abraco_17_medium.jpg', 'thumbnail_url': 'https://images4-g.ravelrycache.com/uploads/PaulaPereira/862451583/Abraco_17_thumbnail.jpg', 'small_url': 'https://images4-f.ravelrycache.com/uploads/PaulaPereira/862451583/Abraco_17_small_best_fit.jpg', 'flickr_url': None, 'shelved_url': 'https://images4-f.ravelrycache.com/uploads/PaulaPereira/862451583/Abraco_17_shelved.jpg', 'medium2_url': 'https://images4-a.ravelrycache.com/uploads/PaulaPereira/862451583/Abraco_17_medium2.jpg', 'small2_url': 'https://images4-f.ravelrycache.com/uploads/PaulaPereira/862451583/Abraco_17_small2.jpg', 'caption': None, 'caption_html': None, 'copyright_holder': None}]"
Jörð,Védís Jónsdóttir for Ístex,1252195,https://www.ravelry.com/patterns/library/jor-2,False,https://images4-a.ravelrycache.com/uploads/annamargret5/862525916/L41_09_Jord2_medium2.jpg,Knitting,"['unisex', 'adult', 'stranded', 'bottom-up', 'male', 'female']",18.0,0.0,True,4.0,St st two stranded ,pullover,Aran,9,0.0,S - 2XL,"[{'id': 113733405, 'sort_order': 1, 'user_id': 3410992, 'x_offset': -3, 'y_offset': -35, 'square_url': 'https://images4-f.ravelrycache.com/uploads/annamargret5/862525916/L41_09_Jord2_square.jpg', 'medium_url': 'https://images4-f.ravelrycache.com/uploads/annamargret5/862525916/L41_09_Jord2_medium.jpg', 'thumbnail_url': 'https://images4-f.ravelrycache.com/uploads/annamargret5/862525916/L41_09_Jord2_thumbnail.jpg', 'small_url': 'https://images4-g.ravelrycache.com/uploads/annamargret5/862525916/L41_09_Jord2_small.jpg', 'flickr_url': None, 'shelved_url': 'https://images4-g.ravelrycache.com/uploads/annamargret5/862525916/L41_09_Jord2_shelved.jpg', 'medium2_url': 'https://images4-a.ravelrycache.com/uploads/annamargret5/862525916/L41_09_Jord2_medium2.jpg', 'small2_url': 'https://images4-f.ravelrycache.com/uploads/annamargret5/862525916/L41_09_Jord2_small2.jpg', 'caption': None, 'caption_html': None, 'copyright_holder': None}, {'id': 113733406, 'sort_order': 2, 'user_id': 3410992, 'x_offset': -4, 'y_offset': -18, 'square_url': 'https://images4-g.ravelrycache.com/uploads/annamargret5/862525918/L41_09_Jord3_square.jpg', 'medium_url': 'https://images4-g.ravelrycache.com/uploads/annamargret5/862525918/L41_09_Jord3_medium.jpg', 'thumbnail_url': 'https://images4-g.ravelrycache.com/uploads/annamargret5/862525918/L41_09_Jord3_thumbnail.jpg', 'small_url': 'https://images4-f.ravelrycache.com/uploads/annamargret5/862525918/L41_09_Jord3_small.jpg', 'flickr_url': None, 'shelved_url': 'https://images4-g.ravelrycache.com/uploads/annamargret5/862525918/L41_09_Jord3_shelved.jpg', 'medium2_url': 'https://images4-a.ravelrycache.com/uploads/annamargret5/862525918/L41_09_Jord3_medium2.jpg', 'small2_url': 'https://images4-g.ravelrycache.com/uploads/annamargret5/862525918/L41_09_Jord3_small2.jpg', 'caption': None, 'caption_html': None, 'copyright_holder': None}, {'id': 113733407, 'sort_order': 3, 'user_id': 3410992, 'x_offset': -3, 'y_offset': -35, 'square_url': 'https://images4-f.ravelrycache.com/uploads/annamargret5/862525917/L41_09_Jord_square.jpg', 'medium_url': 'https://images4-f.ravelrycache.com/uploads/annamargret5/862525917/L41_09_Jord_medium.jpg', 'thumbnail_url': 'https://images4-g.ravelrycache.com/uploads/annamargret5/862525917/L41_09_Jord_thumbnail.jpg', 'small_url': 'https://images4-g.ravelrycache.com/uploads/annamargret5/862525917/L41_09_Jord_small.jpg', 'flickr_url': None, 'shelved_url': 'https://images4-f.ravelrycache.com/uploads/annamargret5/862525917/L41_09_Jord_shelved.jpg', 'medium2_url': 'https://images4-a.ravelrycache.com/uploads/annamargret5/862525917/L41_09_Jord_medium2.jpg', 'small2_url': 'https://images4-f.ravelrycache.com/uploads/annamargret5/862525917/L41_09_Jord_small2.jpg', 'caption': None, 'caption_html': None, 'copyright_holder': None}]"
Marinière Fais pas ci Fais pas ça,Même les anges tricotent,1252389,https://www.ravelry.com/patterns/library/mariniere-fais-pas-ci-fais-pas-ca,False,https://images4-a.ravelrycache.com/uploads/Lohlae/863194653/6_medium2.jpg,Knitting,"['unisex', 'baby', 'toddler', 'child', 'one-piece', 'short-rows', 'top-down', 'positive-ease', 'chart', 'written-pattern', 'in-the-round']",26.0,3.8333333333333335,True,4.0,,child,Fingering,28,4.833333333333333,6-12-18 mois (2-4-6) 8-10-12 ans ,"[{'id': 113815995, 'sort_order': 1, 'user_id': 5285433, 'x_offset': 0, 'y_offset': 0, 'square_url': 'https://images4-f.ravelrycache.com/uploads/Lohlae/863194653/6_square.jpg', 'medium_url': 'https://images4-f.ravelrycache.com/uploads/Lohlae/863194653/6_medium.jpg', 'thumbnail_url': 'https://images4-f.ravelrycache.com/uploads/Lohlae/863194653/6_thumbnail.jpg', 'small_url': 'https://images4-g.ravelrycache.com/uploads/Lohlae/863194653/6_small_best_fit.jpg', 'flickr_url': None, 'shelved_url': 'https://images4-g.ravelrycache.com/uploads/Lohlae/863194653/6_shelved.jpg', 'medium2_url': 'https://images4-a.ravelrycache.com/uploads/Lohlae/863194653/6_medium2.jpg', 'small2_url': 'https://images4-f.ravelrycache.com/uploads/Lohlae/863194653/6_small2.jpg', 'caption': None, 'caption_html': None, 'copyright_holder': None}, {'id': 113817099, 'sort_order': 2, 'user_id': 2369591, 'x_offset': -43, 'y_offset': 0, 'square_url': 'https://images4-f.ravelrycache.com/uploads/Mirou/862674440/pull_3_square.jpg', 'medium_url': 'https://images4-f.ravelrycache.com/uploads/Mirou/862674440/pull_3_medium.jpg', 'thumbnail_url': 'https://images4-f.ravelrycache.com/uploads/Mirou/862674440/pull_3_thumbnail.jpg', 'small_url': 'https://images4-g.ravelrycache.com/uploads/Mirou/862674440/pull_3_small_best_fit.jpg', 'flickr_url': None, 'shelved_url': 'https://images4-f.ravelrycache.com/uploads/Mirou/862674440/pull_3_shelved.jpg', 'medium2_url': 'https://images4-a.ravelrycache.com/uploads/Mirou/862674440/pull_3_medium2.jpg', 'small2_url': 'https://images4-f.ravelrycache.com/uploads/Mirou/862674440/pull_3_small2.jpg', 'caption': None, 'caption_html': None, 'copyright_holder': None}, {'id': 113815992, 'sort_order': 3, 'user_id': 5285433, 'x_offset': -5, 'y_offset': -35, 'square_url': 'https://images4-g.ravelrycache.com/uploads/Lohlae/863194660/10_square.jpg', 'medium_url': 'https://images4-g.ravelrycache.com/uploads/Lohlae/863194660/10_medium.jpg', 'thumbnail_url': 'https://images4-f.ravelrycache.com/uploads/Lohlae/863194660/10_thumbnail.jpg', 'small_url': 'https://images4-g.ravelrycache.com/uploads/Lohlae/863194660/10_small.jpg', 'flickr_url': None, 'shelved_url': 'https://images4-f.ravelrycache.com/uploads/Lohlae/863194660/10_shelved.jpg', 'medium2_url': 'https://images4-a.ravelrycache.com/uploads/Lohlae/863194660/10_medium2.jpg', 'small2_url': 'https://images4-g.ravelrycache.com/uploads/Lohlae/863194660/10_small2.jpg', 'caption': None, 'caption_html': None, 'copyright_holder': None}, {'id': 113815989, 'sort_order': 4, 'user_id': 5285433, 'x_offset': -5, 'y_offset': -35, 'square_url': 'https://images4-g.ravelrycache.com/uploads/Lohlae/863194657/11_square.jpg', 'medium_url': 'https://images4-g.ravelrycache.com/uploads/Lohlae/863194657/11_medium.jpg', 'thumbnail_url': 'https://images4-g.ravelrycache.com/uploads/Lohlae/863194657/11_thumbnail.jpg', 'small_url': 'https://images4-g.ravelrycache.com/uploads/Lohlae/863194657/11_small.jpg', 'flickr_url': None, 'shelved_url': 'https://images4-f.ravelrycache.com/uploads/Lohlae/863194657/11_shelved.jpg', 'medium2_url': 'https://images4-a.ravelrycache.com/uploads/Lohlae/863194657/11_medium2.jpg', 'small2_url': 'https://images4-g.ravelrycache.com/uploads/Lohlae/863194657/11_small2.jpg', 'caption': None, 'caption_html': None, 'copyright_holder': None}, {'id': 113815994, 'sort_order': 5, 'user_id': 5285433, 'x_offset': -5, 'y_offset': -35, 'square_url': 'https://images4-g.ravelrycache.com/uploads/Lohlae/863194661/9_square.jpg', 'medium_url': 'https://images4-g.ravelrycache.com/uploads/Lohlae/863194661/9_medium.jpg', 'thumbnail_url': 'https://images4-f.ravelrycache.com/uploads/Lohlae/863194661/9_thumbnail.jpg', 'small_url': 'https://images4-f.ravelrycache.com/uploads/Lohlae/863194661/9_small.jpg', 'flickr_url': None, 'shelved_url': 'https://images4-f.ravelrycache.com/uploads/Lohlae/863194661/9_shelved.jpg', 'medium2_url': 'https://images4-a.ravelrycache.com/uploads/Lohlae/863194661/9_medium2.jpg', 'small2_url': 'https://images4-g.ravelrycache.com/uploads/Lohlae/863194661/9_small2.jpg', 'caption': None, 'caption_html': None, 'copyright_holder': None}, {'id': 113815990, 'sort_order': 6, 'user_id': 5285433, 'x_offset': -5, 'y_offset': -35, 'square_url': 'https://images4-g.ravelrycache.com/uploads/Lohlae/863194654/8_square.jpg', 'medium_url': 'https://images4-g.ravelrycache.com/uploads/Lohlae/863194654/8_medium.jpg', 'thumbnail_url': 'https://images4-g.ravelrycache.com/uploads/Lohlae/863194654/8_thumbnail.jpg', 'small_url': 'https://images4-f.ravelrycache.com/uploads/Lohlae/863194654/8_small.jpg', 'flickr_url': None, 'shelved_url': 'https://images4-f.ravelrycache.com/uploads/Lohlae/863194654/8_shelved.jpg', 'medium2_url': 'https://images4-a.ravelrycache.com/uploads/Lohlae/863194654/8_medium2.jpg', 'small2_url': 'https://images4-g.ravelrycache.com/uploads/Lohlae/863194654/8_small2.jpg', 'caption': None, 'caption_html': None, 'copyright_holder': None}, {'id': 113815988, 'sort_order': 7, 'user_id': 5285433, 'x_offset': -5, 'y_offset': -35, 'square_url': 'https://images4-f.ravelrycache.com/uploads/Lohlae/863194652/7_square.jpg', 'medium_url': 'https://images4-f.ravelrycache.com/uploads/Lohlae/863194652/7_medium.jpg', 'thumbnail_url': 'https://images4-f.ravelrycache.com/uploads/Lohlae/863194652/7_thumbnail.jpg', 'small_url': 'https://images4-f.ravelrycache.com/uploads/Lohlae/863194652/7_small.jpg', 'flickr_url': None, 'shelved_url': 'https://images4-f.ravelrycache.com/uploads/Lohlae/863194652/7_shelved.jpg', 'medium2_url': 'https://images4-a.ravelrycache.com/uploads/Lohlae/863194652/7_medium2.jpg', 'small2_url': 'https://images4-f.ravelrycache.com/uploads/Lohlae/863194652/7_small2.jpg', 'caption': None, 'caption_html': None, 'copyright_holder': None}, {'id': 113815991, 'sort_order': 8, 'user_id': 5285433, 'x_offset': -5, 'y_offset': -35, 'square_url': 'https://images4-f.ravelrycache.com/uploads/Lohlae/863194658/5_square.jpg', 'medium_url': 'https://images4-f.ravelrycache.com/uploads/Lohlae/863194658/5_medium.jpg', 'thumbnail_url': 'https://images4-f.ravelrycache.com/uploads/Lohlae/863194658/5_thumbnail.jpg', 'small_url': 'https://images4-f.ravelrycache.com/uploads/Lohlae/863194658/5_small.jpg', 'flickr_url': None, 'shelved_url': 'https://images4-g.ravelrycache.com/uploads/Lohlae/863194658/5_shelved.jpg', 'medium2_url': 'https://images4-a.ravelrycache.com/uploads/Lohlae/863194658/5_medium2.jpg', 'small2_url': 'https://images4-f.ravelrycache.com/uploads/Lohlae/863194658/5_small2.jpg', 'caption': None, 'caption_html': None, 'copyright_holder': None}, {'id': 113815998, 'sort_order': 9, 'user_id': 5285433, 'x_offset': -5, 'y_offset': -35, 'square_url': 'https://images4-f.ravelrycache.com/uploads/Lohlae/863194672/4_square.jpg', 'medium_url': 'https://images4-f.ravelrycache.com/uploads/Lohlae/863194672/4_medium.jpg', 'thumbnail_url': 'https://images4-g.ravelrycache.com/uploads/Lohlae/863194672/4_thumbnail.jpg', 'small_url': 'https://images4-f.ravelrycache.com/uploads/Lohlae/863194672/4_small.jpg', 'flickr_url': None, 'shelved_url': 'https://images4-g.ravelrycache.com/uploads/Lohlae/863194672/4_shelved.jpg', 'medium2_url': 'https://images4-a.ravelrycache.com/uploads/Lohlae/863194672/4_medium2.jpg', 'small2_url': 'https://images4-f.ravelrycache.com/uploads/Lohlae/863194672/4_small2.jpg', 'caption': None, 'caption_html': None, 'copyright_holder': None}, {'id': 113815993, 'sort_order': 10, 'user_id': 5285433, 'x_offset': -5, 'y_offset': -35, 'square_url': 'https://images4-g.ravelrycache.com/uploads/Lohlae/863194656/3_square.jpg', 'medium_url': 'https://images4-g.ravelrycache.com/uploads/Lohlae/863194656/3_medium.jpg', 'thumbnail_url': 'https://images4-f.ravelrycache.com/uploads/Lohlae/863194656/3_thumbnail.jpg', 'small_url': 'https://images4-g.ravelrycache.com/uploads/Lohlae/863194656/3_small.jpg', 'flickr_url': None, 'shelved_url': 'https://images4-g.ravelrycache.com/uploads/Lohlae/863194656/3_shelved.jpg', 'medium2_url': 'https://images4-a.ravelrycache.com/uploads/Lohlae/863194656/3_medium2.jpg', 'small2_url': 'https://images4-g.ravelrycache.com/uploads/Lohlae/863194656/3_small2.jpg', 'caption': None, 'caption_html': None, 'copyright_holder': None}, {'id': 113815997, 'sort_order': 11, 'user_id': 5285433, 'x_offset': -5, 'y_offset': -35, 'square_url': 'https://images4-f.ravelrycache.com/uploads/Lohlae/863194666/2_square.jpg', 'medium_url': 'https://images4-f.ravelrycache.com/uploads/Lohlae/863194666/2_medium.jpg', 'thumbnail_url': 'https://images4-g.ravelrycache.com/uploads/Lohlae/863194666/2_thumbnail.jpg', 'small_url': 'https://images4-g.ravelrycache.com/uploads/Lohlae/863194666/2_small.jpg', 'flickr_url': None, 'shelved_url': 'https://images4-g.ravelrycache.com/uploads/Lohlae/863194666/2_shelved.jpg', 'medium2_url': 'https://images4-a.ravelrycache.com/uploads/Lohlae/863194666/2_medium2.jpg', 'small2_url': 'https://images4-f.ravelrycache.com/uploads/Lohlae/863194666/2_small2.jpg', 'caption': None, 'caption_html': None, 'copyright_holder': None}, {'id': 113751519, 'sort_order': 12, 'user_id': 5285433, 'x_offset': 0, 'y_offset': 0, 'square_url': 'https://images4-f.ravelrycache.com/uploads/Lohlae/862672169/1_square.jpg', 'medium_url': 'https://images4-f.ravelrycache.com/uploads/Lohlae/862672169/1_medium.jpg', 'thumbnail_url': 'https://images4-f.ravelrycache.com/uploads/Lohlae/862672169/1_thumbnail.jpg', 'small_url': 'https://images4-f.ravelrycache.com/uploads/Lohlae/862672169/1_small_best_fit.jpg', 'flickr_url': None, 'shelved_url': 'https://images4-f.ravelrycache.com/uploads/Lohlae/862672169/1_shelved.jpg', 'medium2_url': 'https://images4-a.ravelrycache.com/uploads/Lohlae/862672169/1_medium2.jpg', 'small2_url': 'https://images4-f.ravelrycache.com/uploads/Lohlae/862672169/1_small2.jpg', 'caption': None, 'caption_html': None, 'copyright_holder': None}]"
Nathalie Sweater,Valentina Bogdanova,1252721,https://www.ravelry.com/patterns/library/nathalie-sweater,False,https://images4-a.ravelrycache.com/uploads/valentinasknits/862854870/4_medium2.JPG,Knitting,"['one-piece', 'seamless', 'short-rows', 'top-down', 'chart', 'written-pattern', 'in-the-round', 'schematic']",20.0,0.0,True,4.0,stockinette,pullover,DK,25,0.0,"1 (2, 3, 4, 5) (6, 7, 8, 9) to fit chest circumference: 70 (75, 80, 95, 105) (120, 135, 150, 165) cm/28 (30, 32, 38, 42) (48, 54, 60, 66)""","[{'id': 113774330, 'sort_order': 1, 'user_id': 5808682, 'x_offset': 0, 'y_offset': -6, 'square_url': 'https://images4-g.ravelrycache.com/uploads/valentinasknits/862854870/4_square.JPG', 'medium_url': 'https://images4-g.ravelrycache.com/uploads/valentinasknits/862854870/4_medium.JPG', 'thumbnail_url': 'https://images4-g.ravelrycache.com/uploads/valentinasknits/862854870/4_thumbnail.JPG', 'small_url': 'https://images4-g.ravelrycache.com/uploads/valentinasknits/862854870/4_small_best_fit.JPG', 'flickr_url': None, 'shelved_url': 'https://images4-g.ravelrycache.com/uploads/valentinasknits/862854870/4_shelved.JPG', 'medium2_url': 'https://images4-a.ravelrycache.com/uploads/valentinasknits/862854870/4_medium2.JPG', 'small2_url': 'https://images4-g.ravelrycache.com/uploads/valentinasknits/862854870/4_small2.JPG', 'caption': None, 'caption_html': None, 'copyright_holder': None}, {'id': 113774331, 'sort_order': 2, 'user_id': 5808682, 'x_offset': -4, 'y_offset': 0, 'square_url': 'https://images4-f.ravelrycache.com/uploads/valentinasknits/862854818/8_square.JPG', 'medium_url': 'https://images4-f.ravelrycache.com/uploads/valentinasknits/862854818/8_medium.JPG', 'thumbnail_url': 'https://images4-g.ravelrycache.com/uploads/valentinasknits/862854818/8_thumbnail.JPG', 'small_url': 'https://images4-g.ravelrycache.com/uploads/valentinasknits/862854818/8_small_best_fit.JPG', 'flickr_url': None, 'shelved_url': 'https://images4-g.ravelrycache.com/uploads/valentinasknits/862854818/8_shelved.JPG', 'medium2_url': 'https://images4-a.ravelrycache.com/uploads/valentinasknits/862854818/8_medium2.JPG', 'small2_url': 'https://images4-f.ravelrycache.com/uploads/valentinasknits/862854818/8_small2.JPG', 'caption': None, 'caption_html': None, 'copyright_holder': None}, {'id': 113774332, 'sort_order': 3, 'user_id': 5808682, 'x_offset': 0, 'y_offset': -41, 'square_url': 'https://images4-f.ravelrycache.com/uploads/valentinasknits/862854853/7_square.JPG', 'medium_url': 'https://images4-f.ravelrycache.com/uploads/valentinasknits/862854853/7_medium.JPG', 'thumbnail_url': 'https://images4-f.ravelrycache.com/uploads/valentinasknits/862854853/7_thumbnail.JPG', 'small_url': 'https://images4-f.ravelrycache.com/uploads/valentinasknits/862854853/7_small_best_fit.JPG', 'flickr_url': None, 'shelved_url': 'https://images4-g.ravelrycache.com/uploads/valentinasknits/862854853/7_shelved.JPG', 'medium2_url': 'https://images4-a.ravelrycache.com/uploads/valentinasknits/862854853/7_medium2.JPG', 'small2_url': 'https://images4-f.ravelrycache.com/uploads/valentinasknits/862854853/7_small2.JPG', 'caption': None, 'caption_html': None, 'copyright_holder': None}, {'id': 113774333, 'sort_order': 4, 'user_id': 5808682, 'x_offset': 0, 'y_offset': -8, 'square_url': 'https://images4-g.ravelrycache.com/uploads/valentinasknits/862854916/5_square.JPG', 'medium_url': 'https://images4-g.ravelrycache.com/uploads/valentinasknits/862854916/5_medium.JPG', 'thumbnail_url': 'https://images4-f.ravelrycache.com/uploads/valentinasknits/862854916/5_thumbnail.JPG', 'small_url': 'https://images4-g.ravelrycache.com/uploads/valentinasknits/862854916/5_small_best_fit.JPG', 'flickr_url': None, 'shelved_url': 'https://images4-g.ravelrycache.com/uploads/valentinasknits/862854916/5_shelved.JPG', 'medium2_url': 'https://images4-a.ravelrycache.com/uploads/valentinasknits/862854916/5_medium2.JPG', 'small2_url': 'https://images4-g.ravelrycache.com/uploads/valentinasknits/862854916/5_small2.JPG', 'caption': None, 'caption_html': None, 'copyright_holder': None}, {'id': 113774334, 'sort_order': 5, 'user_id': 5808682, 'x_offset': 0, 'y_offset': -22, 'square_url': 'https://images4-f.ravelrycache.com/uploads/valentinasknits/839478015/IMG_20220216_140622_005_square.jpg', 'medium_url': 'https://images4-f.ravelrycache.com/uploads/valentinasknits/839478015/IMG_20220216_140622_005_medium.jpg', 'thumbnail_url': 'https://images4-g.ravelrycache.com/uploads/valentinasknits/839478015/IMG_20220216_140622_005_thumbnail.jpg', 'small_url': 'https://images4-f.ravelrycache.com/uploads/valentinasknits/839478015/IMG_20220216_140622_005_small_best_fit.jpg', 'flickr_url': None, 'shelved_url': 'https://images4-f.ravelrycache.com/uploads/valentinasknits/839478015/IMG_20220216_140622_005_shelved.jpg', 'medium2_url': 'https://images4-a.ravelrycache.com/uploads/valentinasknits/839478015/IMG_20220216_140622_005_medium2.jpg', 'small2_url': 'https://images4-f.ravelrycache.com/uploads/valentinasknits/839478015/IMG_20220216_140622_005_small2.jpg', 'caption': None, 'caption_html': None, 'copyright_holder': None}, {'id': 113774335, 'sort_order': 6, 'user_id': 5808682, 'x_offset': 0, 'y_offset': -44, 'square_url': 'https://images4-g.ravelrycache.com/uploads/valentinasknits/839477969/DSC_8541_square.JPG', 'medium_url': 'https://images4-g.ravelrycache.com/uploads/valentinasknits/839477969/DSC_8541_medium.JPG', 'thumbnail_url': 'https://images4-f.ravelrycache.com/uploads/valentinasknits/839477969/DSC_8541_thumbnail.JPG', 'small_url': 'https://images4-f.ravelrycache.com/uploads/valentinasknits/839477969/DSC_8541_small_best_fit.JPG', 'flickr_url': None, 'shelved_url': 'https://images4-g.ravelrycache.com/uploads/valentinasknits/839477969/DSC_8541_shelved.JPG', 'medium2_url': 'https://images4-a.ravelrycache.com/uploads/valentinasknits/839477969/DSC_8541_medium2.JPG', 'small2_url': 'https://images4-g.ravelrycache.com/uploads/valentinasknits/839477969/DSC_8541_small2.JPG', 'caption': None, 'caption_html': None, 'copyright_holder': None}, {'id': 113774336, 'sort_order': 7, 'user_id': 5808682, 'x_offset': 1, 'y_offset': -36, 'square_url': 'https://images4-f.ravelrycache.com/uploads/valentinasknits/839477928/20220219_060911_square.jpg', 'medium_url': 'https://images4-f.ravelrycache.com/uploads/valentinasknits/839477928/20220219_060911_medium.jpg', 'thumbnail_url': 'https://images4-g.ravelrycache.com/uploads/valentinasknits/839477928/20220219_060911_thumbnail.jpg', 'small_url': 'https://images4-g.ravelrycache.com/uploads/valentinasknits/839477928/20220219_060911_small_best_fit.jpg', 'flickr_url': None, 'shelved_url': 'https://images4-f.ravelrycache.com/uploads/valentinasknits/839477928/20220219_060911_shelved.jpg', 'medium2_url': 'https://images4-a.ravelrycache.com/uploads/valentinasknits/839477928/20220219_060911_medium2.jpg', 'small2_url': 'https://images4-f.ravelrycache.com/uploads/valentinasknits/839477928/20220219_060911_small2.jpg', 'caption': None, 'caption_html': None, 'copyright_holder': None}, {'id': 113774337, 'sort_order': 8, 'user_id': 5808682, 'x_offset': -11, 'y_offset': 0, 'square_url': 'https://images4-f.ravelrycache.com/uploads/valentinasknits/839477978/20220203_124237_square.jpg', 'medium_url': 'https://images4-f.ravelrycache.com/uploads/valentinasknits/839477978/20220203_124237_medium.jpg', 'thumbnail_url': 'https://images4-f.ravelrycache.com/uploads/valentinasknits/839477978/20220203_124237_thumbnail.jpg', 'small_url': 'https://images4-f.ravelrycache.com/uploads/valentinasknits/839477978/20220203_124237_small_best_fit.jpg', 'flickr_url': None, 'shelved_url': 'https://images4-f.ravelrycache.com/uploads/valentinasknits/839477978/20220203_124237_shelved.jpg', 'medium2_url': 'https://images4-a.ravelrycache.com/uploads/valentinasknits/839477978/20220203_124237_medium2.jpg', 'small2_url': 'https://images4-f.ravelrycache.com/uploads/valentinasknits/839477978/20220203_124237_small2.jpg', 'caption': None, 'caption_html': None, 'copyright_holder': None}]"
Margit Sweater,Sara Stark,1252755,https://www.ravelry.com/patterns/library/margit-sweater,False,https://images4-a.ravelrycache.com/uploads/BlackbirdknitsSWE/862864157/IMG_3254__kopia__medium2.jpg,Knitting,"['textured', 'circular-yoke', 'long-sleeve', 'top-down', 'in-the-round']",24.0,0.0,True,4.0,Stockinette stitch ,pullover,DK,27,5.0,"XS, S (M, L, XL) 2XL, 3XL","[{'id': 113775572, 'sort_order': 1, 'user_id': 4455564, 'x_offset': -5, 'y_offset': -35, 'square_url': 'https://images4-g.ravelrycache.com/uploads/BlackbirdknitsSWE/862864157/IMG_3254__kopia__square.jpg', 'medium_url': 'https://images4-g.ravelrycache.com/uploads/BlackbirdknitsSWE/862864157/IMG_3254__kopia__medium.jpg', 'thumbnail_url': 'https://images4-g.ravelrycache.com/uploads/BlackbirdknitsSWE/862864157/IMG_3254__kopia__thumbnail.jpg', 'small_url': 'https://images4-f.ravelrycache.com/uploads/BlackbirdknitsSWE/862864157/IMG_3254__kopia__small.jpg', 'flickr_url': None, 'shelved_url': 'https://images4-g.ravelrycache.com/uploads/BlackbirdknitsSWE/862864157/IMG_3254__kopia__shelved.jpg', 'medium2_url': 'https://images4-a.ravelrycache.com/uploads/BlackbirdknitsSWE/862864157/IMG_3254__kopia__medium2.jpg', 'small2_url': 'https://images4-g.ravelrycache.com/uploads/BlackbirdknitsSWE/862864157/IMG_3254__kopia__small2.jpg', 'caption': None, 'caption_html': None, 'copyright_holder': None}, {'id': 113775573, 'sort_order': 2, 'user_id': 4455564, 'x_offset': 0, 'y_offset': 0, 'square_url': 'https://images4-g.ravelrycache.com/uploads/BlackbirdknitsSWE/862864152/FullSizeRender_9_square.jpg', 'medium_url': 'https://images4-g.ravelrycache.com/uploads/BlackbirdknitsSWE/862864152/FullSizeRender_9_medium.jpg', 'thumbnail_url': 'https://images4-f.ravelrycache.com/uploads/BlackbirdknitsSWE/862864152/FullSizeRender_9_thumbnail.jpg', 'small_url': 'https://images4-g.ravelrycache.com/uploads/BlackbirdknitsSWE/862864152/FullSizeRender_9_small_best_fit.jpg', 'flickr_url': None, 'shelved_url': 'https://images4-f.ravelrycache.com/uploads/BlackbirdknitsSWE/862864152/FullSizeRender_9_shelved.jpg', 'medium2_url': 'https://images4-a.ravelrycache.com/uploads/BlackbirdknitsSWE/862864152/FullSizeRender_9_medium2.jpg', 'small2_url': 'https://images4-g.ravelrycache.com/uploads/BlackbirdknitsSWE/862864152/FullSizeRender_9_small2.jpg', 'caption': None, 'caption_html': None, 'copyright_holder': None}, {'id': 113775574, 'sort_order': 3, 'user_id': 4455564, 'x_offset': 0, 'y_offset': 0, 'square_url': 'https://images4-f.ravelrycache.com/uploads/BlackbirdknitsSWE/862864171/FullSizeRender_7_square.jpg', 'medium_url': 'https://images4-f.ravelrycache.com/uploads/BlackbirdknitsSWE/862864171/FullSizeRender_7_medium.jpg', 'thumbnail_url': 'https://images4-f.ravelrycache.com/uploads/BlackbirdknitsSWE/862864171/FullSizeRender_7_thumbnail.jpg', 'small_url': 'https://images4-g.ravelrycache.com/uploads/BlackbirdknitsSWE/862864171/FullSizeRender_7_small_best_fit.jpg', 'flickr_url': None, 'shelved_url': 'https://images4-g.ravelrycache.com/uploads/BlackbirdknitsSWE/862864171/FullSizeRender_7_shelved.jpg', 'medium2_url': 'https://images4-a.ravelrycache.com/uploads/BlackbirdknitsSWE/862864171/FullSizeRender_7_medium2.jpg', 'small2_url': 'https://images4-f.ravelrycache.com/uploads/BlackbirdknitsSWE/862864171/FullSizeRender_7_small2.jpg', 'caption': None, 'caption_html': None, 'copyright_holder': None}, {'id': 113775575, 'sort_order': 4, 'user_id': 4455564, 'x_offset': 0, 'y_offset': 0, 'square_url': 'https://images4-f.ravelrycache.com/uploads/BlackbirdknitsSWE/862864172/FullSizeRender_8_square.jpg', 'medium_url': 'https://images4-f.ravelrycache.com/uploads/BlackbirdknitsSWE/862864172/FullSizeRender_8_medium.jpg', 'thumbnail_url': 'https://images4-g.ravelrycache.com/uploads/BlackbirdknitsSWE/862864172/FullSizeRender_8_thumbnail.jpg', 'small_url': 'https://images4-g.ravelrycache.com/uploads/BlackbirdknitsSWE/862864172/FullSizeRender_8_small_best_fit.jpg', 'flickr_url': None, 'shelved_url': 'https://images4-f.ravelrycache.com/uploads/BlackbirdknitsSWE/862864172/FullSizeRender_8_shelved.jpg', 'medium2_url': 'https://images4-a.ravelrycache.com/uploads/BlackbirdknitsSWE/862864172/FullSizeRender_8_medium2.jpg', 'small2_url': 'https://images4-f.ravelrycache.com/uploads/BlackbirdknitsSWE/862864172/FullSizeRender_8_small2.jpg', 'caption': None, 'caption_html': None, 'copyright_holder': None}, {'id': 113775576, 'sort_order': 5, 'user_id': 4455564, 'x_offset': -5, 'y_offset': -35, 'square_url': 'https://images4-f.ravelrycache.com/uploads/BlackbirdknitsSWE/862864144/IMG_3254_square.jpg', 'medium_url': 'https://images4-f.ravelrycache.com/uploads/BlackbirdknitsSWE/862864144/IMG_3254_medium.jpg', 'thumbnail_url': 'https://images4-g.ravelrycache.com/uploads/BlackbirdknitsSWE/862864144/IMG_3254_thumbnail.jpg', 'small_url': 'https://images4-f.ravelrycache.com/uploads/BlackbirdknitsSWE/862864144/IMG_3254_small.jpg', 'flickr_url': None, 'shelved_url': 'https://images4-f.ravelrycache.com/uploads/BlackbirdknitsSWE/862864144/IMG_3254_shelved.jpg', 'medium2_url': 'https://images4-a.ravelrycache.com/uploads/BlackbirdknitsSWE/862864144/IMG_3254_medium2.jpg', 'small2_url': 'https://images4-f.ravelrycache.com/uploads/BlackbirdknitsSWE/862864144/IMG_3254_small2.jpg', 'caption': None, 'caption_html': None, 'copyright_holder': None}]"
Sleigh Queen,Brittany Westmorland,1252787,https://www.ravelry.com/patterns/library/sleigh-queen,False,https://images4-a.ravelrycache.com/uploads/TsukiKnits/862218819/20211126_142848_medium2.jpg,Knitting,"['female', 'teen', 'adult', 'no-ease', 'fitted', 'bobble-or-popcorn', 'ribbed', 'circular-yoke', 'crew-neck', 'waist', 'sleeves', '3-4-sleeve', 'long-sleeve', 'elbow-sleeve', 'short-sleeve', 'stranded', 'one-piece', 'seamless', 'short-rows', 'top-down', 'positive-ease', 'cropped', 'in-the-round']",20.0,0.0,True,4.0,20x26,pullover,DK,10,0.0,"1 (XS), 2 (S), 3 (M), 4 (L), 5 (XL), 6 (2XL), 7 (3XL), 8 (4XL), 9 (5XL)","[{'id': 113777255, 'sort_order': 1, 'user_id': 5934005, 'x_offset': -5, 'y_offset': -35, 'square_url': 'https://images4-f.ravelrycache.com/uploads/TsukiKnits/862218819/20211126_142848_square.jpg', 'medium_url': 'https://images4-f.ravelrycache.com/uploads/TsukiKnits/862218819/20211126_142848_medium.jpg', 'thumbnail_url': 'https://images4-g.ravelrycache.com/uploads/TsukiKnits/862218819/20211126_142848_thumbnail.jpg', 'small_url': 'https://images4-g.ravelrycache.com/uploads/TsukiKnits/862218819/20211126_142848_small.jpg', 'flickr_url': None, 'shelved_url': 'https://images4-f.ravelrycache.com/uploads/TsukiKnits/862218819/20211126_142848_shelved.jpg', 'medium2_url': 'https://images4-a.ravelrycache.com/uploads/TsukiKnits/862218819/20211126_142848_medium2.jpg', 'small2_url': 'https://images4-f.ravelrycache.com/uploads/TsukiKnits/862218819/20211126_142848_small2.jpg', 'caption': None, 'caption_html': None, 'copyright_holder': None}, {'id': 113896785, 'sort_order': 2, 'user_id': 1421035, 'x_offset': -5, 'y_offset': -35, 'square_url': 'https://images4-f.ravelrycache.com/uploads/gryffinhuffin/861500999/44DF513D-A85F-46AD-A1B4-4494E3AC52EA_square.jpeg', 'medium_url': 'https://images4-f.ravelrycache.com/uploads/gryffinhuffin/861500999/44DF513D-A85F-46AD-A1B4-4494E3AC52EA_medium.jpeg', 'thumbnail_url': 'https://images4-f.ravelrycache.com/uploads/gryffinhuffin/861500999/44DF513D-A85F-46AD-A1B4-4494E3AC52EA_thumbnail.jpeg', 'small_url': 'https://images4-g.ravelrycache.com/uploads/gryffinhuffin/861500999/44DF513D-A85F-46AD-A1B4-4494E3AC52EA_small.jpeg', 'flickr_url': None, 'shelved_url': 'https://images4-f.ravelrycache.com/uploads/gryffinhuffin/861500999/44DF513D-A85F-46AD-A1B4-4494E3AC52EA_shelved.jpeg', 'medium2_url': 'https://images4-a.ravelrycache.com/uploads/gryffinhuffin/861500999/44DF513D-A85F-46AD-A1B4-4494E3AC52EA_medium2.jpeg', 'small2_url': 'https://images4-f.ravelrycache.com/uploads/gryffinhuffin/861500999/44DF513D-A85F-46AD-A1B4-4494E3AC52EA_small2.jpeg', 'caption': None, 'caption_html': None, 'copyright_holder': None}, {'id': 113896786, 'sort_order': 3, 'user_id': 1421035, 'x_offset': 0, 'y_offset': -41, 'square_url': 'https://images4-g.ravelrycache.com/uploads/gryffinhuffin/861501001/F36106C8-7FDE-4004-B6D5-40F1B4877C53_square.jpeg', 'medium_url': 'https://images4-g.ravelrycache.com/uploads/gryffinhuffin/861501001/F36106C8-7FDE-4004-B6D5-40F1B4877C53_medium.jpeg', 'thumbnail_url': 'https://images4-f.ravelrycache.com/uploads/gryffinhuffin/861501001/F36106C8-7FDE-4004-B6D5-40F1B4877C53_thumbnail.jpeg', 'small_url': 'https://images4-f.ravelrycache.com/uploads/gryffinhuffin/861501001/F36106C8-7FDE-4004-B6D5-40F1B4877C53_small_best_fit.jpeg', 'flickr_url': None, 'shelved_url': 'https://images4-f.ravelrycache.com/uploads/gryffinhuffin/861501001/F36106C8-7FDE-4004-B6D5-40F1B4877C53_shelved.jpeg', 'medium2_url': 'https://images4-a.ravelrycache.com/uploads/gryffinhuffin/861501001/F36106C8-7FDE-4004-B6D5-40F1B4877C53_medium2.jpeg', 'small2_url': 'https://images4-g.ravelrycache.com/uploads/gryffinhuffin/861501001/F36106C8-7FDE-4004-B6D5-40F1B4877C53_small2.jpeg', 'caption': None, 'caption_html': None, 'copyright_holder': None}, {'id': 113896791, 'sort_order': 4, 'user_id': 1421035, 'x_offset': -5, 'y_offset': -35, 'square_url': 'https://images4-f.ravelrycache.com/uploads/gryffinhuffin/861501011/D41B57F6-72E8-409D-A6CF-1CE22BE13F16_square.jpeg', 'medium_url': 'https://images4-f.ravelrycache.com/uploads/gryffinhuffin/861501011/D41B57F6-72E8-409D-A6CF-1CE22BE13F16_medium.jpeg', 'thumbnail_url': 'https://images4-g.ravelrycache.com/uploads/gryffinhuffin/861501011/D41B57F6-72E8-409D-A6CF-1CE22BE13F16_thumbnail.jpeg', 'small_url': 'https://images4-f.ravelrycache.com/uploads/gryffinhuffin/861501011/D41B57F6-72E8-409D-A6CF-1CE22BE13F16_small.jpeg', 'flickr_url': None, 'shelved_url': 'https://images4-g.ravelrycache.com/uploads/gryffinhuffin/861501011/D41B57F6-72E8-409D-A6CF-1CE22BE13F16_shelved.jpeg', 'medium2_url': 'https://images4-a.ravelrycache.com/uploads/gryffinhuffin/861501011/D41B57F6-72E8-409D-A6CF-1CE22BE13F16_medium2.jpeg', 'small2_url': 'https://images4-f.ravelrycache.com/uploads/gryffinhuffin/861501011/D41B57F6-72E8-409D-A6CF-1CE22BE13F16_small2.jpeg', 'caption': None, 'caption_html': None, 'copyright_holder': None}, {'id': 113806584, 'sort_order': 5, 'user_id': 10689791, 'x_offset': 0, 'y_offset': 0, 'square_url': 'https://images4-g.ravelrycache.com/uploads/knottydooboo/860498593/DSC07605_edited_square.jpg', 'medium_url': 'https://images4-g.ravelrycache.com/uploads/knottydooboo/860498593/DSC07605_edited_medium.jpg', 'thumbnail_url': 'https://images4-f.ravelrycache.com/uploads/knottydooboo/860498593/DSC07605_edited_thumbnail.jpg', 'small_url': 'https://images4-g.ravelrycache.com/uploads/knottydooboo/860498593/DSC07605_edited_small_best_fit.jpg', 'flickr_url': None, 'shelved_url': 'https://images4-g.ravelrycache.com/uploads/knottydooboo/860498593/DSC07605_edited_shelved.jpg', 'medium2_url': 'https://images4-a.ravelrycache.com/uploads/knottydooboo/860498593/DSC07605_edited_medium2.jpg', 'small2_url': 'https://images4-g.ravelrycache.com/uploads/knottydooboo/860498593/DSC07605_edited_small2.jpg', 'caption': None, 'caption_html': None, 'copyright_holder': None}, {'id': 113777256, 'sort_order': 6, 'user_id': 5934005, 'x_offset': 0, 'y_offset': -43, 'square_url': 'https://images4-f.ravelrycache.com/uploads/TsukiKnits/862870623/IMG_6253_square.JPG', 'medium_url': 'https://images4-f.ravelrycache.com/uploads/TsukiKnits/862870623/IMG_6253_medium.JPG', 'thumbnail_url': 'https://images4-f.ravelrycache.com/uploads/TsukiKnits/862870623/IMG_6253_thumbnail.JPG', 'small_url': 'https://images4-g.ravelrycache.com/uploads/TsukiKnits/862870623/IMG_6253_small_best_fit.JPG', 'flickr_url': None, 'shelved_url': 'https://images4-f.ravelrycache.com/uploads/TsukiKnits/862870623/IMG_6253_shelved.JPG', 'medium2_url': 'https://images4-a.ravelrycache.com/uploads/TsukiKnits/862870623/IMG_6253_medium2.JPG', 'small2_url': 'https://images4-f.ravelrycache.com/uploads/TsukiKnits/862870623/IMG_6253_small2.JPG', 'caption': None, 'caption_html': None, 'copyright_holder': None}, {'id': 113806586, 'sort_order': 7, 'user_id': 10689791, 'x_offset': -1, 'y_offset': -1, 'square_url': 'https://images4-f.ravelrycache.com/uploads/knottydooboo/860498594/DSC07582_edited_square.jpg', 'medium_url': 'https://images4-f.ravelrycache.com/uploads/knottydooboo/860498594/DSC07582_edited_medium.jpg', 'thumbnail_url': 'https://images4-g.ravelrycache.com/uploads/knottydooboo/860498594/DSC07582_edited_thumbnail.jpg', 'small_url': 'https://images4-f.ravelrycache.com/uploads/knottydooboo/860498594/DSC07582_edited_small_best_fit.jpg', 'flickr_url': None, 'shelved_url': 'https://images4-g.ravelrycache.com/uploads/knottydooboo/860498594/DSC07582_edited_shelved.jpg', 'medium2_url': 'https://images4-a.ravelrycache.com/uploads/knottydooboo/860498594/DSC07582_edited_medium2.jpg', 'small2_url': 'https://images4-f.ravelrycache.com/uploads/knottydooboo/860498594/DSC07582_edited_small2.jpg', 'caption': None, 'caption_html': None, 'copyright_holder': None}, {'id': 113777257, 'sort_order': 8, 'user_id': 5934005, 'x_offset': -85, 'y_offset': -1, 'square_url': 'https://images4-g.ravelrycache.com/uploads/TsukiKnits/862870622/IMG_6243_square.JPG', 'medium_url': 'https://images4-g.ravelrycache.com/uploads/TsukiKnits/862870622/IMG_6243_medium.JPG', 'thumbnail_url': 'https://images4-g.ravelrycache.com/uploads/TsukiKnits/862870622/IMG_6243_thumbnail.JPG', 'small_url': 'https://images4-f.ravelrycache.com/uploads/TsukiKnits/862870622/IMG_6243_small_best_fit.JPG', 'flickr_url': None, 'shelved_url': 'https://images4-g.ravelrycache.com/uploads/TsukiKnits/862870622/IMG_6243_shelved.JPG', 'medium2_url': 'https://images4-a.ravelrycache.com/uploads/TsukiKnits/862870622/IMG_6243_medium2.JPG', 'small2_url': 'https://images4-g.ravelrycache.com/uploads/TsukiKnits/862870622/IMG_6243_small2.JPG', 'caption': None, 'caption_html': None, 'copyright_holder': None}, {'id': 113777258, 'sort_order': 9, 'user_id': 5934005, 'x_offset': -43, 'y_offset': 0, 'square_url': 'https://images4-g.ravelrycache.com/uploads/TsukiKnits/862870624/IMG_6251_square.JPG', 'medium_url': 'https://images4-g.ravelrycache.com/uploads/TsukiKnits/862870624/IMG_6251_medium.JPG', 'thumbnail_url': 'https://images4-g.ravelrycache.com/uploads/TsukiKnits/862870624/IMG_6251_thumbnail.JPG', 'small_url': 'https://images4-g.ravelrycache.com/uploads/TsukiKnits/862870624/IMG_6251_small_best_fit.JPG', 'flickr_url': None, 'shelved_url': 'https://images4-f.ravelrycache.com/uploads/TsukiKnits/862870624/IMG_6251_shelved.JPG', 'medium2_url': 'https://images4-a.ravelrycache.com/uploads/TsukiKnits/862870624/IMG_6251_medium2.JPG', 'small2_url': 'https://images4-g.ravelrycache.com/uploads/TsukiKnits/862870624/IMG_6251_small2.JPG', 'caption': None, 'caption_html': None, 'copyright_holder': None}, {'id': 113777259, 'sort_order': 10, 'user_id': 5934005, 'x_offset': -43, 'y_offset': 0, 'square_url': 'https://images4-f.ravelrycache.com/uploads/TsukiKnits/862870619/IMG_6239_square.JPG', 'medium_url': 'https://images4-f.ravelrycache.com/uploads/TsukiKnits/862870619/IMG_6239_medium.JPG', 'thumbnail_url': 'https://images4-f.ravelrycache.com/uploads/TsukiKnits/862870619/IMG_6239_thumbnail.JPG', 'small_url': 'https://images4-g.ravelrycache.com/uploads/TsukiKnits/862870619/IMG_6239_small_best_fit.JPG', 'flickr_url': None, 'shelved_url': 'https://images4-g.ravelrycache.com/uploads/TsukiKnits/862870619/IMG_6239_shelved.JPG', 'medium2_url': 'https://images4-a.ravelrycache.com/uploads/TsukiKnits/862870619/IMG_6239_medium2.JPG', 'small2_url': 'https://images4-f.ravelrycache.com/uploads/TsukiKnits/862870619/IMG_6239_small2.JPG', 'caption': None, 'caption_html': None, 'copyright_holder': None}, {'id': 113777260, 'sort_order': 11, 'user_id': 5934005, 'x_offset': -43, 'y_offset': 0, 'square_url': 'https://images4-g.ravelrycache.com/uploads/TsukiKnits/862870625/IMG_6248_square.JPG', 'medium_url': 'https://images4-g.ravelrycache.com/uploads/TsukiKnits/862870625/IMG_6248_medium.JPG', 'thumbnail_url': 'https://images4-f.ravelrycache.com/uploads/TsukiKnits/862870625/IMG_6248_thumbnail.JPG', 'small_url': 'https://images4-g.ravelrycache.com/uploads/TsukiKnits/862870625/IMG_6248_small_best_fit.JPG', 'flickr_url': None, 'shelved_url': 'https://images4-g.ravelrycache.com/uploads/TsukiKnits/862870625/IMG_6248_shelved.JPG', 'medium2_url': 'https://images4-a.ravelrycache.com/uploads/TsukiKnits/862870625/IMG_6248_medium2.JPG', 'small2_url': 'https://images4-g.ravelrycache.com/uploads/TsukiKnits/862870625/IMG_6248_small2.JPG', 'caption': None, 'caption_html': None, 'copyright_holder': None}, {'id': 113777261, 'sort_order': 12, 'user_id': 5934005, 'x_offset': -5, 'y_offset': -35, 'square_url': 'https://images4-g.ravelrycache.com/uploads/TsukiKnits/862218818/20211126_142912_square.jpg', 'medium_url': 'https://images4-g.ravelrycache.com/uploads/TsukiKnits/862218818/20211126_142912_medium.jpg', 'thumbnail_url': 'https://images4-f.ravelrycache.com/uploads/TsukiKnits/862218818/20211126_142912_thumbnail.jpg', 'small_url': 'https://images4-g.ravelrycache.com/uploads/TsukiKnits/862218818/20211126_142912_small.jpg', 'flickr_url': None, 'shelved_url': 'https://images4-f.ravelrycache.com/uploads/TsukiKnits/862218818/20211126_142912_shelved.jpg', 'medium2_url': 'https://images4-a.ravelrycache.com/uploads/TsukiKnits/862218818/20211126_142912_medium2.jpg', 'small2_url': 'https://images4-g.ravelrycache.com/uploads/TsukiKnits/862218818/20211126_142912_small2.jpg', 'caption': None, 'caption_html': None, 'copyright_holder': None}, {'id': 113777262, 'sort_order': 13, 'user_id': 5934005, 'x_offset': -43, 'y_offset': 0, 'square_url': 'https://images4-g.ravelrycache.com/uploads/TsukiKnits/862870618/IMG_6236_square.JPG', 'medium_url': 'https://images4-g.ravelrycache.com/uploads/TsukiKnits/862870618/IMG_6236_medium.JPG', 'thumbnail_url': 'https://images4-g.ravelrycache.com/uploads/TsukiKnits/862870618/IMG_6236_thumbnail.JPG', 'small_url': 'https://images4-f.ravelrycache.com/uploads/TsukiKnits/862870618/IMG_6236_small_best_fit.JPG', 'flickr_url': None, 'shelved_url': 'https://images4-f.ravelrycache.com/uploads/TsukiKnits/862870618/IMG_6236_shelved.JPG', 'medium2_url': 'https://images4-a.ravelrycache.com/uploads/TsukiKnits/862870618/IMG_6236_medium2.JPG', 'small2_url': 'https://images4-g.ravelrycache.com/uploads/TsukiKnits/862870618/IMG_6236_small2.JPG', 'caption': None, 'caption_html': None, 'copyright_holder': None}, {'id': 113777263, 'sort_order': 14, 'user_id': 5934005, 'x_offset': 0, 'y_offset': -17, 'square_url': 'https://images4-g.ravelrycache.com/uploads/TsukiKnits/862870620/IMG_6233_square.JPG', 'medium_url': 'https://images4-g.ravelrycache.com/uploads/TsukiKnits/862870620/IMG_6233_medium.JPG', 'thumbnail_url': 'https://images4-f.ravelrycache.com/uploads/TsukiKnits/862870620/IMG_6233_thumbnail.JPG', 'small_url': 'https://images4-g.ravelrycache.com/uploads/TsukiKnits/862870620/IMG_6233_small_best_fit.JPG', 'flickr_url': None, 'shelved_url': 'https://images4-g.ravelrycache.com/uploads/TsukiKnits/862870620/IMG_6233_shelved.JPG', 'medium2_url': 'https://images4-a.ravelrycache.com/uploads/TsukiKnits/862870620/IMG_6233_medium2.JPG', 'small2_url': 'https://images4-g.ravelrycache.com/uploads/TsukiKnits/862870620/IMG_6233_small2.JPG', 'caption': None, 'caption_html': None, 'copyright_holder': None}, {'id': 113777264, 'sort_order': 15, 'user_id': 5934005, 'x_offset': -35, 'y_offset': -5, 'square_url': 'https://images4-g.ravelrycache.com/uploads/TsukiKnits/862218820/20211126_142835_square.jpg', 'medium_url': 'https://images4-g.ravelrycache.com/uploads/TsukiKnits/862218820/20211126_142835_medium.jpg', 'thumbnail_url': 'https://images4-g.ravelrycache.com/uploads/TsukiKnits/862218820/20211126_142835_thumbnail.jpg', 'small_url': 'https://images4-f.ravelrycache.com/uploads/TsukiKnits/862218820/20211126_142835_small.jpg', 'flickr_url': None, 'shelved_url': 'https://images4-f.ravelrycache.com/uploads/TsukiKnits/862218820/20211126_142835_shelved.jpg', 'medium2_url': 'https://images4-a.ravelrycache.com/uploads/TsukiKnits/862218820/20211126_142835_medium2.jpg', 'small2_url': 'https://images4-g.ravelrycache.com/uploads/TsukiKnits/862218820/20211126_142835_small2.jpg', 'caption': None, 'caption_html': None, 'copyright_holder': None}, {'id': 113777265, 'sort_order': 16, 'user_id': 5934005, 'x_offset': -43, 'y_offset': 0, 'square_url': 'https://images4-g.ravelrycache.com/uploads/TsukiKnits/862870621/IMG_6232_square.JPG', 'medium_url': 'https://images4-g.ravelrycache.com/uploads/TsukiKnits/862870621/IMG_6232_medium.JPG', 'thumbnail_url': 'https://images4-f.ravelrycache.com/uploads/TsukiKnits/862870621/IMG_6232_thumbnail.JPG', 'small_url': 'https://images4-g.ravelrycache.com/uploads/TsukiKnits/862870621/IMG_6232_small_best_fit.JPG', 'flickr_url': None, 'shelved_url': 'https://images4-f.ravelrycache.com/uploads/TsukiKnits/862870621/IMG_6232_shelved.JPG', 'medium2_url': 'https://images4-a.ravelrycache.com/uploads/TsukiKnits/862870621/IMG_6232_medium2.JPG', 'small2_url': 'https://images4-g.ravelrycache.com/uploads/TsukiKnits/862870621/IMG_6232_small2.JPG', 'caption': None, 'caption_html': None, 'copyright_holder': None}]"
Alice,Isabelle Racette,1252881,https://www.ravelry.com/patterns/library/alice-64,False,https://images4-a.ravelrycache.com/uploads/danimily/862912875/DA5BD81F-E448-4B49-A477-1BD146B4287D_medium2.JPG,Knitting,"['teen', 'adult', 'lace', 'circular-yoke', 'crew-neck', 'raglan-sleeve', 'mosaic', 'short-rows', 'top-down', 'chart', 'phototutorial', 'written-pattern', 'in-the-round', 'slipped-stitches', 'provisional']",20.0,5.25,True,4.0,stockinette stitch in round,pullover,Sport,16,5.0,"Size 1 (2, 3, 4, 5, 6, 7, 8), correspond to the finish sweater measurement at chest: 35.5 (37; 39; 42; 45; 48; 52, 57 ) inches/ 90 (94, 100, 106, 114, 122, 132, 144)cm. ","[{'id': 113781813, 'sort_order': 1, 'user_id': 577277, 'x_offset': -7, 'y_offset': -16, 'square_url': 'https://images4-g.ravelrycache.com/uploads/danimily/862912875/DA5BD81F-E448-4B49-A477-1BD146B4287D_square.JPG', 'medium_url': 'https://images4-g.ravelrycache.com/uploads/danimily/862912875/DA5BD81F-E448-4B49-A477-1BD146B4287D_medium.JPG', 'thumbnail_url': 'https://images4-f.ravelrycache.com/uploads/danimily/862912875/DA5BD81F-E448-4B49-A477-1BD146B4287D_thumbnail.JPG', 'small_url': 'https://images4-f.ravelrycache.com/uploads/danimily/862912875/DA5BD81F-E448-4B49-A477-1BD146B4287D_small.JPG', 'flickr_url': None, 'shelved_url': 'https://images4-f.ravelrycache.com/uploads/danimily/862912875/DA5BD81F-E448-4B49-A477-1BD146B4287D_shelved.JPG', 'medium2_url': 'https://images4-a.ravelrycache.com/uploads/danimily/862912875/DA5BD81F-E448-4B49-A477-1BD146B4287D_medium2.JPG', 'small2_url': 'https://images4-g.ravelrycache.com/uploads/danimily/862912875/DA5BD81F-E448-4B49-A477-1BD146B4287D_small2.JPG', 'caption': None, 'caption_html': None, 'copyright_holder': 'Création Danimily'}, {'id': 113781812, 'sort_order': 2, 'user_id': 577277, 'x_offset': -2, 'y_offset': -6, 'square_url': 'https://images4-g.ravelrycache.com/uploads/danimily/862913146/47BBF350-8446-4043-8702-B5C5E818DD33_2_square.JPG', 'medium_url': 'https://images4-g.ravelrycache.com/uploads/danimily/862913146/47BBF350-8446-4043-8702-B5C5E818DD33_2_medium.JPG', 'thumbnail_url': 'https://images4-g.ravelrycache.com/uploads/danimily/862913146/47BBF350-8446-4043-8702-B5C5E818DD33_2_thumbnail.JPG', 'small_url': 'https://images4-g.ravelrycache.com/uploads/danimily/862913146/47BBF350-8446-4043-8702-B5C5E818DD33_2_small_best_fit.JPG', 'flickr_url': None, 'shelved_url': 'https://images4-g.ravelrycache.com/uploads/danimily/862913146/47BBF350-8446-4043-8702-B5C5E818DD33_2_shelved.JPG', 'medium2_url': 'https://images4-a.ravelrycache.com/uploads/danimily/862913146/47BBF350-8446-4043-8702-B5C5E818DD33_2_medium2.JPG', 'small2_url': 'https://images4-g.ravelrycache.com/uploads/danimily/862913146/47BBF350-8446-4043-8702-B5C5E818DD33_2_small2.JPG', 'caption': None, 'caption_html': None, 'copyright_holder': None}, {'id': 124932172, 'sort_order': 3, 'user_id': 577277, 'x_offset': -5, 'y_offset': -35, 'square_url': 'https://images4-g.ravelrycache.com/uploads/danimily/952970174/IMG_3478_square.jpeg', 'medium_url': 'https://images4-g.ravelrycache.com/uploads/danimily/952970174/IMG_3478_medium.jpeg', 'thumbnail_url': 'https://images4-g.ravelrycache.com/uploads/danimily/952970174/IMG_3478_thumbnail.jpeg', 'small_url': 'https://images4-f.ravelrycache.com/uploads/danimily/952970174/IMG_3478_small.jpeg', 'flickr_url': None, 'shelved_url': 'https://images4-g.ravelrycache.com/uploads/danimily/952970174/IMG_3478_shelved.jpeg', 'medium2_url': 'https://images4-a.ravelrycache.com/uploads/danimily/952970174/IMG_3478_medium2.jpeg', 'small2_url': 'https://images4-f.ravelrycache.com/uploads/danimily/952970174/IMG_3478_small2.jpeg', 'caption': None, 'caption_html': None, 'copyright_holder': 'Création Danimily'}, {'id': 124932171, 'sort_order': 4, 'user_id': 577277, 'x_offset': -5, 'y_offset': -35, 'square_url': 'https://images4-g.ravelrycache.com/uploads/danimily/952970172/IMG_3480_square.jpeg', 'medium_url': 'https://images4-g.ravelrycache.com/uploads/danimily/952970172/IMG_3480_medium.jpeg', 'thumbnail_url': 'https://images4-g.ravelrycache.com/uploads/danimily/952970172/IMG_3480_thumbnail.jpeg', 'small_url': 'https://images4-g.ravelrycache.com/uploads/danimily/952970172/IMG_3480_small.jpeg', 'flickr_url': None, 'shelved_url': 'https://images4-f.ravelrycache.com/uploads/danimily/952970172/IMG_3480_shelved.jpeg', 'medium2_url': 'https://images4-a.ravelrycache.com/uploads/danimily/952970172/IMG_3480_medium2.jpeg', 'small2_url': 'https://images4-f.ravelrycache.com/uploads/danimily/952970172/IMG_3480_small2.jpeg', 'caption': None, 'caption_html': None, 'copyright_holder': 'Création Danimily'}, {'id': 124932170, 'sort_order': 5, 'user_id': 577277, 'x_offset': -3, 'y_offset': -45, 'square_url': 'https://images4-g.ravelrycache.com/uploads/danimily/952970170/IMG_3474_square.jpeg', 'medium_url': 'https://images4-g.ravelrycache.com/uploads/danimily/952970170/IMG_3474_medium.jpeg', 'thumbnail_url': 'https://images4-g.ravelrycache.com/uploads/danimily/952970170/IMG_3474_thumbnail.jpeg', 'small_url': 'https://images4-g.ravelrycache.com/uploads/danimily/952970170/IMG_3474_small.jpeg', 'flickr_url': None, 'shelved_url': 'https://images4-f.ravelrycache.com/uploads/danimily/952970170/IMG_3474_shelved.jpeg', 'medium2_url': 'https://images4-a.ravelrycache.com/uploads/danimily/952970170/IMG_3474_medium2.jpeg', 'small2_url': 'https://images4-f.ravelrycache.com/uploads/danimily/952970170/IMG_3474_small2.jpeg', 'caption': None, 'caption_html': None, 'copyright_holder': 'Création Danimily'}, {'id': 124932223, 'sort_order': 6, 'user_id': 577277, 'x_offset': -5, 'y_offset': -35, 'square_url': 'https://images4-g.ravelrycache.com/uploads/danimily/952970618/IMG_3325_square.jpeg', 'medium_url': 'https://images4-g.ravelrycache.com/uploads/danimily/952970618/IMG_3325_medium.jpeg', 'thumbnail_url': 'https://images4-f.ravelrycache.com/uploads/danimily/952970618/IMG_3325_thumbnail.jpeg', 'small_url': 'https://images4-g.ravelrycache.com/uploads/danimily/952970618/IMG_3325_small.jpeg', 'flickr_url': None, 'shelved_url': 'https://images4-g.ravelrycache.com/uploads/danimily/952970618/IMG_3325_shelved.jpeg', 'medium2_url': 'https://images4-a.ravelrycache.com/uploads/danimily/952970618/IMG_3325_medium2.jpeg', 'small2_url': 'https://images4-f.ravelrycache.com/uploads/danimily/952970618/IMG_3325_small2.jpeg', 'caption': None, 'caption_html': None, 'copyright_holder': None}, {'id': 124932224, 'sort_order': 7, 'user_id': 577277, 'x_offset': -5, 'y_offset': -35, 'square_url': 'https://images4-g.ravelrycache.com/uploads/danimily/952970619/IMG_3331_square.jpeg', 'medium_url': 'https://images4-g.ravelrycache.com/uploads/danimily/952970619/IMG_3331_medium.jpeg', 'thumbnail_url': 'https://images4-g.ravelrycache.com/uploads/danimily/952970619/IMG_3331_thumbnail.jpeg', 'small_url': 'https://images4-g.ravelrycache.com/uploads/danimily/952970619/IMG_3331_small.jpeg', 'flickr_url': None, 'shelved_url': 'https://images4-g.ravelrycache.com/uploads/danimily/952970619/IMG_3331_shelved.jpeg', 'medium2_url': 'https://images4-a.ravelrycache.com/uploads/danimily/952970619/IMG_3331_medium2.jpeg', 'small2_url': 'https://images4-f.ravelrycache.com/uploads/danimily/952970619/IMG_3331_small2.jpeg', 'caption': None, 'caption_html': None, 'copyright_holder': None}, {'id': 124932226, 'sort_order': 8, 'user_id': 577277, 'x_offset': 0, 'y_offset': -24, 'square_url': 'https://images4-g.ravelrycache.com/uploads/danimily/952970624/IMG_1962_square.jpeg', 'medium_url': 'https://images4-g.ravelrycache.com/uploads/danimily/952970624/IMG_1962_medium.jpeg', 'thumbnail_url': 'https://images4-f.ravelrycache.com/uploads/danimily/952970624/IMG_1962_thumbnail.jpeg', 'small_url': 'https://images4-g.ravelrycache.com/uploads/danimily/952970624/IMG_1962_small_best_fit.jpeg', 'flickr_url': None, 'shelved_url': 'https://images4-f.ravelrycache.com/uploads/danimily/952970624/IMG_1962_shelved.jpeg', 'medium2_url': 'https://images4-a.ravelrycache.com/uploads/danimily/952970624/IMG_1962_medium2.jpeg', 'small2_url': 'https://images4-f.ravelrycache.com/uploads/danimily/952970624/IMG_1962_small2.jpeg', 'caption': None, 'caption_html': None, 'copyright_holder': None}, {'id': 124932225, 'sort_order': 9, 'user_id': 577277, 'x_offset': -5, 'y_offset': -35, 'square_url': 'https://images4-g.ravelrycache.com/uploads/danimily/952970631/IMG_1965_square.jpeg', 'medium_url': 'https://images4-g.ravelrycache.com/uploads/danimily/952970631/IMG_1965_medium.jpeg', 'thumbnail_url': 'https://images4-f.ravelrycache.com/uploads/danimily/952970631/IMG_1965_thumbnail.jpeg', 'small_url': 'https://images4-g.ravelrycache.com/uploads/danimily/952970631/IMG_1965_small.jpeg', 'flickr_url': None, 'shelved_url': 'https://images4-f.ravelrycache.com/uploads/danimily/952970631/IMG_1965_shelved.jpeg', 'medium2_url': 'https://images4-a.ravelrycache.com/uploads/danimily/952970631/IMG_1965_medium2.jpeg', 'small2_url': 'https://images4-f.ravelrycache.com/uploads/danimily/952970631/IMG_1965_small2.jpeg', 'caption': None, 'caption_html': None, 'copyright_holder': None}]"
Siskonpaita,Laura Pajula and Liisa Saarenmaa,1253032,https://www.ravelry.com/patterns/library/siskonpaita,False,https://images4-a.ravelrycache.com/uploads/Neuloosisko/863031043/WhatsApp_Image_2022-06-12_at_15.07.24_medium2.jpeg,Knitting,"['female', 'adult', 'no-ease', 'stranded', 'icord', 'seamless', 'short-rows', 'bottom-up', 'in-the-round', 'three-needle-bind']",17.0,0.0,True,4.0,,pullover,Worsted,7,5.0,"XS, S, M, L, XL, XXL, 3XL","[{'id': 113796325, 'sort_order': 1, 'user_id': 10255939, 'x_offset': 0, 'y_offset': 0, 'square_url': 'https://images4-g.ravelrycache.com/uploads/Neuloosisko/863031043/WhatsApp_Image_2022-06-12_at_15.07.24_square.jpeg', 'medium_url': 'https://images4-g.ravelrycache.com/uploads/Neuloosisko/863031043/WhatsApp_Image_2022-06-12_at_15.07.24_medium.jpeg', 'thumbnail_url': 'https://images4-g.ravelrycache.com/uploads/Neuloosisko/863031043/WhatsApp_Image_2022-06-12_at_15.07.24_thumbnail.jpeg', 'small_url': 'https://images4-g.ravelrycache.com/uploads/Neuloosisko/863031043/WhatsApp_Image_2022-06-12_at_15.07.24_small_best_fit.jpeg', 'flickr_url': None, 'shelved_url': 'https://images4-f.ravelrycache.com/uploads/Neuloosisko/863031043/WhatsApp_Image_2022-06-12_at_15.07.24_shelved.jpeg', 'medium2_url': 'https://images4-a.ravelrycache.com/uploads/Neuloosisko/863031043/WhatsApp_Image_2022-06-12_at_15.07.24_medium2.jpeg', 'small2_url': 'https://images4-g.ravelrycache.com/uploads/Neuloosisko/863031043/WhatsApp_Image_2022-06-12_at_15.07.24_small2.jpeg', 'caption': None, 'caption_html': None, 'copyright_holder': None}, {'id': 113796326, 'sort_order': 2, 'user_id': 10255939, 'x_offset': -7, 'y_offset': 0, 'square_url': 'https://images4-f.ravelrycache.com/uploads/Neuloosisko/863031289/WhatsApp_Image_2022-07-02_at_12.59.44_square.jpeg', 'medium_url': 'https://images4-f.ravelrycache.com/uploads/Neuloosisko/863031289/WhatsApp_Image_2022-07-02_at_12.59.44_medium.jpeg', 'thumbnail_url': 'https://images4-g.ravelrycache.com/uploads/Neuloosisko/863031289/WhatsApp_Image_2022-07-02_at_12.59.44_thumbnail.jpeg', 'small_url': 'https://images4-f.ravelrycache.com/uploads/Neuloosisko/863031289/WhatsApp_Image_2022-07-02_at_12.59.44_small.jpeg', 'flickr_url': None, 'shelved_url': 'https://images4-g.ravelrycache.com/uploads/Neuloosisko/863031289/WhatsApp_Image_2022-07-02_at_12.59.44_shelved.jpeg', 'medium2_url': 'https://images4-a.ravelrycache.com/uploads/Neuloosisko/863031289/WhatsApp_Image_2022-07-02_at_12.59.44_medium2.jpeg', 'small2_url': 'https://images4-f.ravelrycache.com/uploads/Neuloosisko/863031289/WhatsApp_Image_2022-07-02_at_12.59.44_small2.jpeg', 'caption': None, 'caption_html': None, 'copyright_holder': None}, {'id': 113796327, 'sort_order': 3, 'user_id': 10255939, 'x_offset': 0, 'y_offset': 0, 'square_url': 'https://images4-f.ravelrycache.com/uploads/Neuloosisko/863031608/WhatsApp_Image_2022-06-14_at_21.26.30_square.jpeg', 'medium_url': 'https://images4-f.ravelrycache.com/uploads/Neuloosisko/863031608/WhatsApp_Image_2022-06-14_at_21.26.30_medium.jpeg', 'thumbnail_url': 'https://images4-g.ravelrycache.com/uploads/Neuloosisko/863031608/WhatsApp_Image_2022-06-14_at_21.26.30_thumbnail.jpeg', 'small_url': 'https://images4-f.ravelrycache.com/uploads/Neuloosisko/863031608/WhatsApp_Image_2022-06-14_at_21.26.30_small_best_fit.jpeg', 'flickr_url': None, 'shelved_url': 'https://images4-f.ravelrycache.com/uploads/Neuloosisko/863031608/WhatsApp_Image_2022-06-14_at_21.26.30_shelved.jpeg', 'medium2_url': 'https://images4-a.ravelrycache.com/uploads/Neuloosisko/863031608/WhatsApp_Image_2022-06-14_at_21.26.30_medium2.jpeg', 'small2_url': 'https://images4-f.ravelrycache.com/uploads/Neuloosisko/863031608/WhatsApp_Image_2022-06-14_at_21.26.30_small2.jpeg', 'caption': None, 'caption_html': None, 'copyright_holder': None}, {'id': 113796328, 'sort_order': 4, 'user_id': 10255939, 'x_offset': -5, 'y_offset': -35, 'square_url': 'https://images4-g.ravelrycache.com/uploads/Neuloosisko/863031354/WhatsApp_Image_2022-07-02_at_12.54.30_square.jpeg', 'medium_url': 'https://images4-g.ravelrycache.com/uploads/Neuloosisko/863031354/WhatsApp_Image_2022-07-02_at_12.54.30_medium.jpeg', 'thumbnail_url': 'https://images4-g.ravelrycache.com/uploads/Neuloosisko/863031354/WhatsApp_Image_2022-07-02_at_12.54.30_thumbnail.jpeg', 'small_url': 'https://images4-f.ravelrycache.com/uploads/Neuloosisko/863031354/WhatsApp_Image_2022-07-02_at_12.54.30_small.jpeg', 'flickr_url': None, 'shelved_url': 'https://images4-f.ravelrycache.com/uploads/Neuloosisko/863031354/WhatsApp_Image_2022-07-02_at_12.54.30_shelved.jpeg', 'medium2_url': 'https://images4-a.ravelrycache.com/uploads/Neuloosisko/863031354/WhatsApp_Image_2022-07-02_at_12.54.30_medium2.jpeg', 'small2_url': 'https://images4-g.ravelrycache.com/uploads/Neuloosisko/863031354/WhatsApp_Image_2022-07-02_at_12.54.30_small2.jpeg', 'caption': None, 'caption_html': None, 'copyright_holder': None}]"
Seine Blouse,Myrte Wouterse,1253037,https://www.ravelry.com/patterns/library/seine-blouse,False,https://images4-a.ravelrycache.com/uploads/AlterationFinds/853268664/_MG_1708__4__medium2.jpg,Knitting,"['female', 'adult', 'ribbed', 'seamed', 'boat-neck', 'darts', 'long-sleeve', 'set-in-sleeve', 'short-rows', 'bottom-up', 'written-pattern', 'cuffed-sleeve', 'cropped', 'worked-flat', 'in-the-round', 'stripes-colorwork']",28.0,0.0,True,4.0,Stockinette,pullover,Sport,9,0.0,"XS, S, M, L, XL, 2XL, 3XL, 4XL, 5XL","[{'id': 113796684, 'sort_order': 1, 'user_id': 9981096, 'x_offset': 0, 'y_offset': -51, 'square_url': 'https://images4-f.ravelrycache.com/uploads/AlterationFinds/853268664/_MG_1708__4__square.jpg', 'medium_url': 'https://images4-f.ravelrycache.com/uploads/AlterationFinds/853268664/_MG_1708__4__medium.jpg', 'thumbnail_url': 'https://images4-f.ravelrycache.com/uploads/AlterationFinds/853268664/_MG_1708__4__thumbnail.jpg', 'small_url': 'https://images4-f.ravelrycache.com/uploads/AlterationFinds/853268664/_MG_1708__4__small_best_fit.jpg', 'flickr_url': None, 'shelved_url': 'https://images4-g.ravelrycache.com/uploads/AlterationFinds/853268664/_MG_1708__4__shelved.jpg', 'medium2_url': 'https://images4-a.ravelrycache.com/uploads/AlterationFinds/853268664/_MG_1708__4__medium2.jpg', 'small2_url': 'https://images4-f.ravelrycache.com/uploads/AlterationFinds/853268664/_MG_1708__4__small2.jpg', 'caption': None, 'caption_html': None, 'copyright_holder': None}, {'id': 115019333, 'sort_order': 2, 'user_id': 9981096, 'x_offset': 0, 'y_offset': -22, 'square_url': 'https://images4-g.ravelrycache.com/uploads/AlterationFinds/872930647/_MG_0500__6__square.jpg', 'medium_url': 'https://images4-f.ravelrycache.com/uploads/AlterationFinds/872930647/_MG_0500__6__medium.jpg', 'thumbnail_url': 'https://images4-f.ravelrycache.com/uploads/AlterationFinds/872930647/_MG_0500__6__thumbnail.jpg', 'small_url': 'https://images4-f.ravelrycache.com/uploads/AlterationFinds/872930647/_MG_0500__6__small_best_fit.jpg', 'flickr_url': None, 'shelved_url': 'https://images4-g.ravelrycache.com/uploads/AlterationFinds/872930647/_MG_0500__6__shelved.jpg', 'medium2_url': 'https://images4-a.ravelrycache.com/uploads/AlterationFinds/872930647/_MG_0500__6__medium2.jpg', 'small2_url': 'https://images4-g.ravelrycache.com/uploads/AlterationFinds/872930647/_MG_0500__6__small2.jpg', 'caption': None, 'caption_html': None, 'copyright_holder': None}, {'id': 115019334, 'sort_order': 3, 'user_id': 9981096, 'x_offset': 0, 'y_offset': -22, 'square_url': 'https://images4-f.ravelrycache.com/uploads/AlterationFinds/872930648/_MG_0500__5__square.jpg', 'medium_url': 'https://images4-g.ravelrycache.com/uploads/AlterationFinds/872930648/_MG_0500__5__medium.jpg', 'thumbnail_url': 'https://images4-g.ravelrycache.com/uploads/AlterationFinds/872930648/_MG_0500__5__thumbnail.jpg', 'small_url': 'https://images4-f.ravelrycache.com/uploads/AlterationFinds/872930648/_MG_0500__5__small_best_fit.jpg', 'flickr_url': None, 'shelved_url': 'https://images4-f.ravelrycache.com/uploads/AlterationFinds/872930648/_MG_0500__5__shelved.jpg', 'medium2_url': 'https://images4-a.ravelrycache.com/uploads/AlterationFinds/872930648/_MG_0500__5__medium2.jpg', 'small2_url': 'https://images4-f.ravelrycache.com/uploads/AlterationFinds/872930648/_MG_0500__5__small2.jpg', 'caption': None, 'caption_html': None, 'copyright_holder': None}, {'id': 115019331, 'sort_order': 4, 'user_id': 9981096, 'x_offset': -5, 'y_offset': -35, 'square_url': 'https://images4-g.ravelrycache.com/uploads/AlterationFinds/872930645/20220722_150521_square.jpg', 'medium_url': 'https://images4-f.ravelrycache.com/uploads/AlterationFinds/872930645/20220722_150521_medium.jpg', 'thumbnail_url': 'https://images4-f.ravelrycache.com/uploads/AlterationFinds/872930645/20220722_150521_thumbnail.jpg', 'small_url': 'https://images4-f.ravelrycache.com/uploads/AlterationFinds/872930645/20220722_150521_small.jpg', 'flickr_url': None, 'shelved_url': 'https://images4-g.ravelrycache.com/uploads/AlterationFinds/872930645/20220722_150521_shelved.jpg', 'medium2_url': 'https://images4-a.ravelrycache.com/uploads/AlterationFinds/872930645/20220722_150521_medium2.jpg', 'small2_url': 'https://images4-g.ravelrycache.com/uploads/AlterationFinds/872930645/20220722_150521_small2.jpg', 'caption': None, 'caption_html': None, 'copyright_holder': None}, {'id': 115019330, 'sort_order': 5, 'user_id': 9981096, 'x_offset': -35, 'y_offset': -5, 'square_url': 'https://images4-f.ravelrycache.com/uploads/AlterationFinds/872930646/20220724_104743_square.jpg', 'medium_url': 'https://images4-g.ravelrycache.com/uploads/AlterationFinds/872930646/20220724_104743_medium.jpg', 'thumbnail_url': 'https://images4-g.ravelrycache.com/uploads/AlterationFinds/872930646/20220724_104743_thumbnail.jpg', 'small_url': 'https://images4-f.ravelrycache.com/uploads/AlterationFinds/872930646/20220724_104743_small.jpg', 'flickr_url': None, 'shelved_url': 'https://images4-f.ravelrycache.com/uploads/AlterationFinds/872930646/20220724_104743_shelved.jpg', 'medium2_url': 'https://images4-a.ravelrycache.com/uploads/AlterationFinds/872930646/20220724_104743_medium2.jpg', 'small2_url': 'https://images4-f.ravelrycache.com/uploads/AlterationFinds/872930646/20220724_104743_small2.jpg', 'caption': None, 'caption_html': None, 'copyright_holder': None}, {'id': 115019335, 'sort_order': 6, 'user_id': 9981096, 'x_offset': 0, 'y_offset': -43, 'square_url': 'https://images4-f.ravelrycache.com/uploads/AlterationFinds/872930652/_MG_1657__1__square.jpg', 'medium_url': 'https://images4-g.ravelrycache.com/uploads/AlterationFinds/872930652/_MG_1657__1__medium.jpg', 'thumbnail_url': 'https://images4-f.ravelrycache.com/uploads/AlterationFinds/872930652/_MG_1657__1__thumbnail.jpg', 'small_url': 'https://images4-g.ravelrycache.com/uploads/AlterationFinds/872930652/_MG_1657__1__small_best_fit.jpg', 'flickr_url': None, 'shelved_url': 'https://images4-g.ravelrycache.com/uploads/AlterationFinds/872930652/_MG_1657__1__shelved.jpg', 'medium2_url': 'https://images4-a.ravelrycache.com/uploads/AlterationFinds/872930652/_MG_1657__1__medium2.jpg', 'small2_url': 'https://images4-f.ravelrycache.com/uploads/AlterationFinds/872930652/_MG_1657__1__small2.jpg', 'caption': None, 'caption_html': None, 'copyright_holder': None}, {'id': 115019332, 'sort_order': 7, 'user_id': 9981096, 'x_offset': -43, 'y_offset': 0, 'square_url': 'https://images4-f.ravelrycache.com/uploads/AlterationFinds/872930650/_MG_2054_square.jpg', 'medium_url': 'https://images4-g.ravelrycache.com/uploads/AlterationFinds/872930650/_MG_2054_medium.jpg', 'thumbnail_url': 'https://images4-f.ravelrycache.com/uploads/AlterationFinds/872930650/_MG_2054_thumbnail.jpg', 'small_url': 'https://images4-f.ravelrycache.com/uploads/AlterationFinds/872930650/_MG_2054_small_best_fit.jpg', 'flickr_url': None, 'shelved_url': 'https://images4-f.ravelrycache.com/uploads/AlterationFinds/872930650/_MG_2054_shelved.jpg', 'medium2_url': 'https://images4-a.ravelrycache.com/uploads/AlterationFinds/872930650/_MG_2054_medium2.jpg', 'small2_url': 'https://images4-f.ravelrycache.com/uploads/AlterationFinds/872930650/_MG_2054_small2.jpg', 'caption': None, 'caption_html': None, 'copyright_holder': None}, {'id': 115019299, 'sort_order': 8, 'user_id': 9981096, 'x_offset': -35, 'y_offset': -5, 'square_url': 'https://images4-f.ravelrycache.com/uploads/AlterationFinds/872930390/_MG_2090__3__square.jpg', 'medium_url': 'https://images4-g.ravelrycache.com/uploads/AlterationFinds/872930390/_MG_2090__3__medium.jpg', 'thumbnail_url': 'https://images4-f.ravelrycache.com/uploads/AlterationFinds/872930390/_MG_2090__3__thumbnail.jpg', 'small_url': 'https://images4-g.ravelrycache.com/uploads/AlterationFinds/872930390/_MG_2090__3__small.jpg', 'flickr_url': None, 'shelved_url': 'https://images4-g.ravelrycache.com/uploads/AlterationFinds/872930390/_MG_2090__3__shelved.jpg', 'medium2_url': 'https://images4-a.ravelrycache.com/uploads/AlterationFinds/872930390/_MG_2090__3__medium2.jpg', 'small2_url': 'https://images4-f.ravelrycache.com/uploads/AlterationFinds/872930390/_MG_2090__3__small2.jpg', 'caption': None, 'caption_html': None, 'copyright_holder': None}]"
Day basic,Anne B Hanssen,1253375,https://www.ravelry.com/patterns/library/day-basic,False,https://images4-a.ravelrycache.com/uploads/asmaloy/863375688/IMG_5945_medium2.jpg,Knitting,"['adult', 'textured', 'mesh', 'crew-neck', 'sleeves', 'short-sleeve', 'straight', 'seamless', 'short-rows', 'top-down', 'positive-ease', 'written-pattern', 'schematic']",24.0,3.25,True,4.0,stockinette and also the stitch-pattern,pullover,Fingering,18,4.75,"11 sizes to choose from  Size range 33"" - 59"".  Read more below.","[{'id': 113843343, 'sort_order': 1, 'user_id': 1158678, 'x_offset': -5, 'y_offset': -35, 'square_url': 'https://images4-g.ravelrycache.com/uploads/asmaloy/863375688/IMG_5945_square.jpg', 'medium_url': 'https://images4-g.ravelrycache.com/uploads/asmaloy/863375688/IMG_5945_medium.jpg', 'thumbnail_url': 'https://images4-f.ravelrycache.com/uploads/asmaloy/863375688/IMG_5945_thumbnail.jpg', 'small_url': 'https://images4-g.ravelrycache.com/uploads/asmaloy/863375688/IMG_5945_small.jpg', 'flickr_url': None, 'shelved_url': 'https://images4-g.ravelrycache.com/uploads/asmaloy/863375688/IMG_5945_shelved.jpg', 'medium2_url': 'https://images4-a.ravelrycache.com/uploads/asmaloy/863375688/IMG_5945_medium2.jpg', 'small2_url': 'https://images4-g.ravelrycache.com/uploads/asmaloy/863375688/IMG_5945_small2.jpg', 'caption': None, 'caption_html': None, 'copyright_holder': None}, {'id': 113843341, 'sort_order': 2, 'user_id': 1158678, 'x_offset': -5, 'y_offset': -35, 'square_url': 'https://images4-f.ravelrycache.com/uploads/asmaloy/863375770/IMG_5952__1__square.jpg', 'medium_url': 'https://images4-f.ravelrycache.com/uploads/asmaloy/863375770/IMG_5952__1__medium.jpg', 'thumbnail_url': 'https://images4-f.ravelrycache.com/uploads/asmaloy/863375770/IMG_5952__1__thumbnail.jpg', 'small_url': 'https://images4-g.ravelrycache.com/uploads/asmaloy/863375770/IMG_5952__1__small.jpg', 'flickr_url': None, 'shelved_url': 'https://images4-f.ravelrycache.com/uploads/asmaloy/863375770/IMG_5952__1__shelved.jpg', 'medium2_url': 'https://images4-a.ravelrycache.com/uploads/asmaloy/863375770/IMG_5952__1__medium2.jpg', 'small2_url': 'https://images4-f.ravelrycache.com/uploads/asmaloy/863375770/IMG_5952__1__small2.jpg', 'caption': None, 'caption_html': None, 'copyright_holder': None}, {'id': 113843342, 'sort_order': 3, 'user_id': 1158678, 'x_offset': -5, 'y_offset': -35, 'square_url': 'https://images4-f.ravelrycache.com/uploads/asmaloy/863374760/IMG_5902_square.jpg', 'medium_url': 'https://images4-f.ravelrycache.com/uploads/asmaloy/863374760/IMG_5902_medium.jpg', 'thumbnail_url': 'https://images4-f.ravelrycache.com/uploads/asmaloy/863374760/IMG_5902_thumbnail.jpg', 'small_url': 'https://images4-g.ravelrycache.com/uploads/asmaloy/863374760/IMG_5902_small.jpg', 'flickr_url': None, 'shelved_url': 'https://images4-f.ravelrycache.com/uploads/asmaloy/863374760/IMG_5902_shelved.jpg', 'medium2_url': 'https://images4-a.ravelrycache.com/uploads/asmaloy/863374760/IMG_5902_medium2.jpg', 'small2_url': 'https://images4-f.ravelrycache.com/uploads/asmaloy/863374760/IMG_5902_small2.jpg', 'caption': None, 'caption_html': None, 'copyright_holder': None}, {'id': 113843347, 'sort_order': 4, 'user_id': 1158678, 'x_offset': -5, 'y_offset': -35, 'square_url': 'https://images4-g.ravelrycache.com/uploads/asmaloy/863375607/IMG_5933_square.jpg', 'medium_url': 'https://images4-g.ravelrycache.com/uploads/asmaloy/863375607/IMG_5933_medium.jpg', 'thumbnail_url': 'https://images4-g.ravelrycache.com/uploads/asmaloy/863375607/IMG_5933_thumbnail.jpg', 'small_url': 'https://images4-g.ravelrycache.com/uploads/asmaloy/863375607/IMG_5933_small.jpg', 'flickr_url': None, 'shelved_url': 'https://images4-g.ravelrycache.com/uploads/asmaloy/863375607/IMG_5933_shelved.jpg', 'medium2_url': 'https://images4-a.ravelrycache.com/uploads/asmaloy/863375607/IMG_5933_medium2.jpg', 'small2_url': 'https://images4-g.ravelrycache.com/uploads/asmaloy/863375607/IMG_5933_small2.jpg', 'caption': None, 'caption_html': None, 'copyright_holder': None}, {'id': 113843345, 'sort_order': 5, 'user_id': 1158678, 'x_offset': -5, 'y_offset': -35, 'square_url': 'https://images4-g.ravelrycache.com/uploads/asmaloy/863375739/IMG_5946__1__square.jpg', 'medium_url': 'https://images4-g.ravelrycache.com/uploads/asmaloy/863375739/IMG_5946__1__medium.jpg', 'thumbnail_url': 'https://images4-f.ravelrycache.com/uploads/asmaloy/863375739/IMG_5946__1__thumbnail.jpg', 'small_url': 'https://images4-f.ravelrycache.com/uploads/asmaloy/863375739/IMG_5946__1__small.jpg', 'flickr_url': None, 'shelved_url': 'https://images4-f.ravelrycache.com/uploads/asmaloy/863375739/IMG_5946__1__shelved.jpg', 'medium2_url': 'https://images4-a.ravelrycache.com/uploads/asmaloy/863375739/IMG_5946__1__medium2.jpg', 'small2_url': 'https://images4-g.ravelrycache.com/uploads/asmaloy/863375739/IMG_5946__1__small2.jpg', 'caption': None, 'caption_html': None, 'copyright_holder': None}, {'id': 113843346, 'sort_order': 6, 'user_id': 1158678, 'x_offset': -5, 'y_offset': -35, 'square_url': 'https://images4-g.ravelrycache.com/uploads/asmaloy/863374736/IMG_5901_square.jpg', 'medium_url': 'https://images4-g.ravelrycache.com/uploads/asmaloy/863374736/IMG_5901_medium.jpg', 'thumbnail_url': 'https://images4-f.ravelrycache.com/uploads/asmaloy/863374736/IMG_5901_thumbnail.jpg', 'small_url': 'https://images4-f.ravelrycache.com/uploads/asmaloy/863374736/IMG_5901_small.jpg', 'flickr_url': None, 'shelved_url': 'https://images4-g.ravelrycache.com/uploads/asmaloy/863374736/IMG_5901_shelved.jpg', 'medium2_url': 'https://images4-a.ravelrycache.com/uploads/asmaloy/863374736/IMG_5901_medium2.jpg', 'small2_url': 'https://images4-g.ravelrycache.com/uploads/asmaloy/863374736/IMG_5901_small2.jpg', 'caption': None, 'caption_html': None, 'copyright_holder': None}, {'id': 113843348, 'sort_order': 7, 'user_id': 1158678, 'x_offset': -5, 'y_offset': -35, 'square_url': 'https://images4-g.ravelrycache.com/uploads/asmaloy/863375588/IMG_5929_square.jpg', 'medium_url': 'https://images4-g.ravelrycache.com/uploads/asmaloy/863375588/IMG_5929_medium.jpg', 'thumbnail_url': 'https://images4-f.ravelrycache.com/uploads/asmaloy/863375588/IMG_5929_thumbnail.jpg', 'small_url': 'https://images4-g.ravelrycache.com/uploads/asmaloy/863375588/IMG_5929_small.jpg', 'flickr_url': None, 'shelved_url': 'https://images4-f.ravelrycache.com/uploads/asmaloy/863375588/IMG_5929_shelved.jpg', 'medium2_url': 'https://images4-a.ravelrycache.com/uploads/asmaloy/863375588/IMG_5929_medium2.jpg', 'small2_url': 'https://images4-g.ravelrycache.com/uploads/asmaloy/863375588/IMG_5929_small2.jpg', 'caption': None, 'caption_html': None, 'copyright_holder': None}, {'id': 113843344, 'sort_order': 8, 'user_id': 1158678, 'x_offset': -5, 'y_offset': -35, 'square_url': 'https://images4-g.ravelrycache.com/uploads/asmaloy/863375632/IMG_5939_square.jpg', 'medium_url': 'https://images4-g.ravelrycache.com/uploads/asmaloy/863375632/IMG_5939_medium.jpg', 'thumbnail_url': 'https://images4-f.ravelrycache.com/uploads/asmaloy/863375632/IMG_5939_thumbnail.jpg', 'small_url': 'https://images4-f.ravelrycache.com/uploads/asmaloy/863375632/IMG_5939_small.jpg', 'flickr_url': None, 'shelved_url': 'https://images4-g.ravelrycache.com/uploads/asmaloy/863375632/IMG_5939_shelved.jpg', 'medium2_url': 'https://images4-a.ravelrycache.com/uploads/asmaloy/863375632/IMG_5939_medium2.jpg', 'small2_url': 'https://images4-g.ravelrycache.com/uploads/asmaloy/863375632/IMG_5939_small2.jpg', 'caption': None, 'caption_html': None, 'copyright_holder': None}, {'id': 113843349, 'sort_order': 9, 'user_id': 1158678, 'x_offset': -5, 'y_offset': -35, 'square_url': 'https://images4-g.ravelrycache.com/uploads/asmaloy/863375525/IMG_5924_square.jpg', 'medium_url': 'https://images4-g.ravelrycache.com/uploads/asmaloy/863375525/IMG_5924_medium.jpg', 'thumbnail_url': 'https://images4-f.ravelrycache.com/uploads/asmaloy/863375525/IMG_5924_thumbnail.jpg', 'small_url': 'https://images4-g.ravelrycache.com/uploads/asmaloy/863375525/IMG_5924_small.jpg', 'flickr_url': None, 'shelved_url': 'https://images4-g.ravelrycache.com/uploads/asmaloy/863375525/IMG_5924_shelved.jpg', 'medium2_url': 'https://images4-a.ravelrycache.com/uploads/asmaloy/863375525/IMG_5924_medium2.jpg', 'small2_url': 'https://images4-g.ravelrycache.com/uploads/asmaloy/863375525/IMG_5924_small2.jpg', 'caption': None, 'caption_html': None, 'copyright_holder': None}, {'id': 113843350, 'sort_order': 10, 'user_id': 1158678, 'x_offset': -5, 'y_offset': -35, 'square_url': 'https://images4-f.ravelrycache.com/uploads/asmaloy/863375501/IMG_5917_square.jpg', 'medium_url': 'https://images4-f.ravelrycache.com/uploads/asmaloy/863375501/IMG_5917_medium.jpg', 'thumbnail_url': 'https://images4-g.ravelrycache.com/uploads/asmaloy/863375501/IMG_5917_thumbnail.jpg', 'small_url': 'https://images4-f.ravelrycache.com/uploads/asmaloy/863375501/IMG_5917_small.jpg', 'flickr_url': None, 'shelved_url': 'https://images4-g.ravelrycache.com/uploads/asmaloy/863375501/IMG_5917_shelved.jpg', 'medium2_url': 'https://images4-a.ravelrycache.com/uploads/asmaloy/863375501/IMG_5917_medium2.jpg', 'small2_url': 'https://images4-f.ravelrycache.com/uploads/asmaloy/863375501/IMG_5917_small2.jpg', 'caption': None, 'caption_html': None, 'copyright_holder': None}, {'id': 113843351, 'sort_order': 11, 'user_id': 1158678, 'x_offset': 0, 'y_offset': -72, 'square_url': 'https://images4-g.ravelrycache.com/uploads/asmaloy/863375417/IMG_2786_square.jpg', 'medium_url': 'https://images4-g.ravelrycache.com/uploads/asmaloy/863375417/IMG_2786_medium.jpg', 'thumbnail_url': 'https://images4-f.ravelrycache.com/uploads/asmaloy/863375417/IMG_2786_thumbnail.jpg', 'small_url': 'https://images4-g.ravelrycache.com/uploads/asmaloy/863375417/IMG_2786_small_best_fit.jpg', 'flickr_url': None, 'shelved_url': 'https://images4-f.ravelrycache.com/uploads/asmaloy/863375417/IMG_2786_shelved.jpg', 'medium2_url': 'https://images4-a.ravelrycache.com/uploads/asmaloy/863375417/IMG_2786_medium2.jpg', 'small2_url': 'https://images4-g.ravelrycache.com/uploads/asmaloy/863375417/IMG_2786_small2.jpg', 'caption': None, 'caption_html': None, 'copyright_holder': None}, {'id': 113843352, 'sort_order': 12, 'user_id': 1158678, 'x_offset': -5, 'y_offset': -35, 'square_url': 'https://images4-f.ravelrycache.com/uploads/asmaloy/863375385/IMG_2760_square.jpg', 'medium_url': 'https://images4-f.ravelrycache.com/uploads/asmaloy/863375385/IMG_2760_medium.jpg', 'thumbnail_url': 'https://images4-g.ravelrycache.com/uploads/asmaloy/863375385/IMG_2760_thumbnail.jpg', 'small_url': 'https://images4-f.ravelrycache.com/uploads/asmaloy/863375385/IMG_2760_small.jpg', 'flickr_url': None, 'shelved_url': 'https://images4-f.ravelrycache.com/uploads/asmaloy/863375385/IMG_2760_shelved.jpg', 'medium2_url': 'https://images4-a.ravelrycache.com/uploads/asmaloy/863375385/IMG_2760_medium2.jpg', 'small2_url': 'https://images4-f.ravelrycache.com/uploads/asmaloy/863375385/IMG_2760_small2.jpg', 'caption': None, 'caption_html': None, 'copyright_holder': None}, {'id': 121167186, 'sort_order': 13, 'user_id': 7948513, 'x_offset': -35, 'y_offset': -5, 'square_url': 'https://images4-g.ravelrycache.com/uploads/nickstix/922507865/IMG_0359_square.jpeg', 'medium_url': 'https://images4-g.ravelrycache.com/uploads/nickstix/922507865/IMG_0359_medium.jpeg', 'thumbnail_url': 'https://images4-g.ravelrycache.com/uploads/nickstix/922507865/IMG_0359_thumbnail.jpeg', 'small_url': 'https://images4-f.ravelrycache.com/uploads/nickstix/922507865/IMG_0359_small.jpeg', 'flickr_url': None, 'shelved_url': 'https://images4-g.ravelrycache.com/uploads/nickstix/922507865/IMG_0359_shelved.jpeg', 'medium2_url': 'https://images4-a.ravelrycache.com/uploads/nickstix/922507865/IMG_0359_medium2.jpeg', 'small2_url': 'https://images4-f.ravelrycache.com/uploads/nickstix/922507865/IMG_0359_small2.jpeg', 'caption': None, 'caption_html': None, 'copyright_holder': None}, {'id': 122117704, 'sort_order': 14, 'user_id': 456283, 'x_offset': -11, 'y_offset': -1, 'square_url': 'https://images4-g.ravelrycache.com/uploads/yarnelefant/928190493/IMG_20230608_161342_square.jpg', 'medium_url': 'https://images4-f.ravelrycache.com/uploads/yarnelefant/928190493/IMG_20230608_161342_medium.jpg', 'thumbnail_url': 'https://images4-g.ravelrycache.com/uploads/yarnelefant/928190493/IMG_20230608_161342_thumbnail.jpg', 'small_url': 'https://images4-g.ravelrycache.com/uploads/yarnelefant/928190493/IMG_20230608_161342_small.jpg', 'flickr_url': None, 'shelved_url': 'https://images4-f.ravelrycache.com/uploads/yarnelefant/928190493/IMG_20230608_161342_shelved.jpg', 'medium2_url': 'https://images4-a.ravelrycache.com/uploads/yarnelefant/928190493/IMG_20230608_161342_medium2.jpg', 'small2_url': 'https://images4-g.ravelrycache.com/uploads/yarnelefant/928190493/IMG_20230608_161342_small2.jpg', 'caption': None, 'caption_html': None, 'copyright_holder': None}, {'id': 114309117, 'sort_order': 15, 'user_id': 1594814, 'x_offset': 0, 'y_offset': -30, 'square_url': 'https://images4-g.ravelrycache.com/uploads/kakomo64/866921209/20220725_130113_square.jpg', 'medium_url': 'https://images4-g.ravelrycache.com/uploads/kakomo64/866921209/20220725_130113_medium.jpg', 'thumbnail_url': 'https://images4-f.ravelrycache.com/uploads/kakomo64/866921209/20220725_130113_thumbnail.jpg', 'small_url': 'https://images4-g.ravelrycache.com/uploads/kakomo64/866921209/20220725_130113_small.jpg', 'flickr_url': None, 'shelved_url': 'https://images4-g.ravelrycache.com/uploads/kakomo64/866921209/20220725_130113_shelved.jpg', 'medium2_url': 'https://images4-a.ravelrycache.com/uploads/kakomo64/866921209/20220725_130113_medium2.jpg', 'small2_url': 'https://images4-g.ravelrycache.com/uploads/kakomo64/866921209/20220725_130113_small2.jpg', 'caption': None, 'caption_html': None, 'copyright_holder': ''}, {'id': 113843353, 'sort_order': 16, 'user_id': 1158678, 'x_offset': 0, 'y_offset': -49, 'square_url': 'https://images4-g.ravelrycache.com/uploads/asmaloy/863375348/IMG_2787__1__square.jpg', 'medium_url': 'https://images4-g.ravelrycache.com/uploads/asmaloy/863375348/IMG_2787__1__medium.jpg', 'thumbnail_url': 'https://images4-f.ravelrycache.com/uploads/asmaloy/863375348/IMG_2787__1__thumbnail.jpg', 'small_url': 'https://images4-f.ravelrycache.com/uploads/asmaloy/863375348/IMG_2787__1__small_best_fit.jpg', 'flickr_url': None, 'shelved_url': 'https://images4-g.ravelrycache.com/uploads/asmaloy/863375348/IMG_2787__1__shelved.jpg', 'medium2_url': 'https://images4-a.ravelrycache.com/uploads/asmaloy/863375348/IMG_2787__1__medium2.jpg', 'small2_url': 'https://images4-g.ravelrycache.com/uploads/asmaloy/863375348/IMG_2787__1__small2.jpg', 'caption': None, 'caption_html': None, 'copyright_holder': None}]"
Laurie Sweater,Anne Schwarz,1253557,https://www.ravelry.com/patterns/library/laurie-sweater,True,https://images4-a.ravelrycache.com/uploads/Hobbii/863593384/img-3359-700xauto_medium2.jpg,Knitting,"['adult', 'oversized', 'petite', 'v-neck', 'sleeves', 'long-sleeve', 'raglan-sleeve', 'top-down', 'written-pattern', 'cropped', 'icord-edging']",12.0,2.0,True,4.0,,pullover,Bulky,18,0.0,XS (S) M (L),"[{'id': 113864369, 'sort_order': 1, 'user_id': 8184688, 'x_offset': 0, 'y_offset': 0, 'square_url': 'https://images4-g.ravelrycache.com/uploads/Hobbii/863593384/img-3359-700xauto_square.jpg', 'medium_url': 'https://images4-g.ravelrycache.com/uploads/Hobbii/863593384/img-3359-700xauto_medium.jpg', 'thumbnail_url': 'https://images4-f.ravelrycache.com/uploads/Hobbii/863593384/img-3359-700xauto_thumbnail.jpg', 'small_url': 'https://images4-g.ravelrycache.com/uploads/Hobbii/863593384/img-3359-700xauto_small_best_fit.jpg', 'flickr_url': None, 'shelved_url': 'https://images4-f.ravelrycache.com/uploads/Hobbii/863593384/img-3359-700xauto_shelved.jpg', 'medium2_url': 'https://images4-a.ravelrycache.com/uploads/Hobbii/863593384/img-3359-700xauto_medium2.jpg', 'small2_url': 'https://images4-g.ravelrycache.com/uploads/Hobbii/863593384/img-3359-700xauto_small2.jpg', 'caption': None, 'caption_html': None, 'copyright_holder': None}, {'id': 113864370, 'sort_order': 2, 'user_id': 8184688, 'x_offset': 0, 'y_offset': 0, 'square_url': 'https://images4-g.ravelrycache.com/uploads/Hobbii/863593383/img-3361-700xauto_square.jpg', 'medium_url': 'https://images4-g.ravelrycache.com/uploads/Hobbii/863593383/img-3361-700xauto_medium.jpg', 'thumbnail_url': 'https://images4-f.ravelrycache.com/uploads/Hobbii/863593383/img-3361-700xauto_thumbnail.jpg', 'small_url': 'https://images4-g.ravelrycache.com/uploads/Hobbii/863593383/img-3361-700xauto_small_best_fit.jpg', 'flickr_url': None, 'shelved_url': 'https://images4-g.ravelrycache.com/uploads/Hobbii/863593383/img-3361-700xauto_shelved.jpg', 'medium2_url': 'https://images4-a.ravelrycache.com/uploads/Hobbii/863593383/img-3361-700xauto_medium2.jpg', 'small2_url': 'https://images4-g.ravelrycache.com/uploads/Hobbii/863593383/img-3361-700xauto_small2.jpg', 'caption': None, 'caption_html': None, 'copyright_holder': None}]"
Opua Lau Sweater,Melanie Villegas,1253591,https://www.ravelry.com/patterns/library/opua-lau-sweater,False,https://images4-a.ravelrycache.com/uploads/Menitaknits/863557478/IMG-4168__1__medium2.jpg,Knitting,"['female', 'teen', 'adult', 'ribbed', 'elastic', 'textured', 'circular-yoke', 'crew-neck', 'long-sleeve', 'one-piece', 'seamless', 'short-rows', 'top-down', 'positive-ease', 'chart', 'written-pattern', 'in-the-round', 'schematic', 'icord-edging']",17.0,3.4285714285714284,True,4.0,Jersey,pullover,Fingering,11,5.0,"1 (2, 3, 4, 5) (6, 7, 8, 9)","[{'id': 113866613, 'sort_order': 1, 'user_id': 9669767, 'x_offset': -5, 'y_offset': -15, 'square_url': 'https://images4-g.ravelrycache.com/uploads/Menitaknits/863557478/IMG-4168__1__square.jpg', 'medium_url': 'https://images4-g.ravelrycache.com/uploads/Menitaknits/863557478/IMG-4168__1__medium.jpg', 'thumbnail_url': 'https://images4-f.ravelrycache.com/uploads/Menitaknits/863557478/IMG-4168__1__thumbnail.jpg', 'small_url': 'https://images4-g.ravelrycache.com/uploads/Menitaknits/863557478/IMG-4168__1__small.jpg', 'flickr_url': None, 'shelved_url': 'https://images4-g.ravelrycache.com/uploads/Menitaknits/863557478/IMG-4168__1__shelved.jpg', 'medium2_url': 'https://images4-a.ravelrycache.com/uploads/Menitaknits/863557478/IMG-4168__1__medium2.jpg', 'small2_url': 'https://images4-g.ravelrycache.com/uploads/Menitaknits/863557478/IMG-4168__1__small2.jpg', 'caption': None, 'caption_html': None, 'copyright_holder': None}, {'id': 113866612, 'sort_order': 2, 'user_id': 9669767, 'x_offset': -7, 'y_offset': -44, 'square_url': 'https://images4-g.ravelrycache.com/uploads/Menitaknits/863557515/IMG-3973_square.jpg', 'medium_url': 'https://images4-g.ravelrycache.com/uploads/Menitaknits/863557515/IMG-3973_medium.jpg', 'thumbnail_url': 'https://images4-g.ravelrycache.com/uploads/Menitaknits/863557515/IMG-3973_thumbnail.jpg', 'small_url': 'https://images4-g.ravelrycache.com/uploads/Menitaknits/863557515/IMG-3973_small.jpg', 'flickr_url': None, 'shelved_url': 'https://images4-f.ravelrycache.com/uploads/Menitaknits/863557515/IMG-3973_shelved.jpg', 'medium2_url': 'https://images4-a.ravelrycache.com/uploads/Menitaknits/863557515/IMG-3973_medium2.jpg', 'small2_url': 'https://images4-g.ravelrycache.com/uploads/Menitaknits/863557515/IMG-3973_small2.jpg', 'caption': None, 'caption_html': None, 'copyright_holder': None}, {'id': 113869874, 'sort_order': 3, 'user_id': 9669767, 'x_offset': 0, 'y_offset': 0, 'square_url': 'https://images4-g.ravelrycache.com/uploads/Menitaknits/863637799/5271D871-AA4C-499F-81EE-42233D437B20_square.jpeg', 'medium_url': 'https://images4-g.ravelrycache.com/uploads/Menitaknits/863637799/5271D871-AA4C-499F-81EE-42233D437B20_medium.jpeg', 'thumbnail_url': 'https://images4-f.ravelrycache.com/uploads/Menitaknits/863637799/5271D871-AA4C-499F-81EE-42233D437B20_thumbnail.jpeg', 'small_url': 'https://images4-g.ravelrycache.com/uploads/Menitaknits/863637799/5271D871-AA4C-499F-81EE-42233D437B20_small_best_fit.jpeg', 'flickr_url': None, 'shelved_url': 'https://images4-f.ravelrycache.com/uploads/Menitaknits/863637799/5271D871-AA4C-499F-81EE-42233D437B20_shelved.jpeg', 'medium2_url': 'https://images4-a.ravelrycache.com/uploads/Menitaknits/863637799/5271D871-AA4C-499F-81EE-42233D437B20_medium2.jpeg', 'small2_url': 'https://images4-g.ravelrycache.com/uploads/Menitaknits/863637799/5271D871-AA4C-499F-81EE-42233D437B20_small2.jpeg', 'caption': None, 'caption_html': None, 'copyright_holder': None}, {'id': 113866614, 'sort_order': 4, 'user_id': 9669767, 'x_offset': -6, 'y_offset': -36, 'square_url': 'https://images4-g.ravelrycache.com/uploads/Menitaknits/863557476/IMG-4170_square.jpg', 'medium_url': 'https://images4-g.ravelrycache.com/uploads/Menitaknits/863557476/IMG-4170_medium.jpg', 'thumbnail_url': 'https://images4-f.ravelrycache.com/uploads/Menitaknits/863557476/IMG-4170_thumbnail.jpg', 'small_url': 'https://images4-f.ravelrycache.com/uploads/Menitaknits/863557476/IMG-4170_small.jpg', 'flickr_url': None, 'shelved_url': 'https://images4-g.ravelrycache.com/uploads/Menitaknits/863557476/IMG-4170_shelved.jpg', 'medium2_url': 'https://images4-a.ravelrycache.com/uploads/Menitaknits/863557476/IMG-4170_medium2.jpg', 'small2_url': 'https://images4-g.ravelrycache.com/uploads/Menitaknits/863557476/IMG-4170_small2.jpg', 'caption': None, 'caption_html': None, 'copyright_holder': None}, {'id': 113869885, 'sort_order': 5, 'user_id': 9669767, 'x_offset': 0, 'y_offset': -14, 'square_url': 'https://images4-f.ravelrycache.com/uploads/Menitaknits/863637905/E3BCA31F-CECE-428B-93B1-EB30B001F601_square.jpeg', 'medium_url': 'https://images4-f.ravelrycache.com/uploads/Menitaknits/863637905/E3BCA31F-CECE-428B-93B1-EB30B001F601_medium.jpeg', 'thumbnail_url': 'https://images4-g.ravelrycache.com/uploads/Menitaknits/863637905/E3BCA31F-CECE-428B-93B1-EB30B001F601_thumbnail.jpeg', 'small_url': 'https://images4-f.ravelrycache.com/uploads/Menitaknits/863637905/E3BCA31F-CECE-428B-93B1-EB30B001F601_small_best_fit.jpeg', 'flickr_url': None, 'shelved_url': 'https://images4-g.ravelrycache.com/uploads/Menitaknits/863637905/E3BCA31F-CECE-428B-93B1-EB30B001F601_shelved.jpeg', 'medium2_url': 'https://images4-a.ravelrycache.com/uploads/Menitaknits/863637905/E3BCA31F-CECE-428B-93B1-EB30B001F601_medium2.jpeg', 'small2_url': 'https://images4-f.ravelrycache.com/uploads/Menitaknits/863637905/E3BCA31F-CECE-428B-93B1-EB30B001F601_small2.jpeg', 'caption': None, 'caption_html': None, 'copyright_holder': None}, {'id': 113869876, 'sort_order': 6, 'user_id': 9669767, 'x_offset': 0, 'y_offset': 0, 'square_url': 'https://images4-f.ravelrycache.com/uploads/Menitaknits/863637802/E1E18C89-56E5-417E-B5AF-4B9B9BC4E3CD_square.jpeg', 'medium_url': 'https://images4-f.ravelrycache.com/uploads/Menitaknits/863637802/E1E18C89-56E5-417E-B5AF-4B9B9BC4E3CD_medium.jpeg', 'thumbnail_url': 'https://images4-f.ravelrycache.com/uploads/Menitaknits/863637802/E1E18C89-56E5-417E-B5AF-4B9B9BC4E3CD_thumbnail.jpeg', 'small_url': 'https://images4-f.ravelrycache.com/uploads/Menitaknits/863637802/E1E18C89-56E5-417E-B5AF-4B9B9BC4E3CD_small_best_fit.jpeg', 'flickr_url': None, 'shelved_url': 'https://images4-g.ravelrycache.com/uploads/Menitaknits/863637802/E1E18C89-56E5-417E-B5AF-4B9B9BC4E3CD_shelved.jpeg', 'medium2_url': 'https://images4-a.ravelrycache.com/uploads/Menitaknits/863637802/E1E18C89-56E5-417E-B5AF-4B9B9BC4E3CD_medium2.jpeg', 'small2_url': 'https://images4-f.ravelrycache.com/uploads/Menitaknits/863637802/E1E18C89-56E5-417E-B5AF-4B9B9BC4E3CD_small2.jpeg', 'caption': None, 'caption_html': None, 'copyright_holder': None}, {'id': 113869873, 'sort_order': 7, 'user_id': 9669767, 'x_offset': 0, 'y_offset': 0, 'square_url': 'https://images4-g.ravelrycache.com/uploads/Menitaknits/863637800/59E989C3-D63E-4465-84B7-948689156471_square.jpeg', 'medium_url': 'https://images4-g.ravelrycache.com/uploads/Menitaknits/863637800/59E989C3-D63E-4465-84B7-948689156471_medium.jpeg', 'thumbnail_url': 'https://images4-f.ravelrycache.com/uploads/Menitaknits/863637800/59E989C3-D63E-4465-84B7-948689156471_thumbnail.jpeg', 'small_url': 'https://images4-g.ravelrycache.com/uploads/Menitaknits/863637800/59E989C3-D63E-4465-84B7-948689156471_small_best_fit.jpeg', 'flickr_url': None, 'shelved_url': 'https://images4-f.ravelrycache.com/uploads/Menitaknits/863637800/59E989C3-D63E-4465-84B7-948689156471_shelved.jpeg', 'medium2_url': 'https://images4-a.ravelrycache.com/uploads/Menitaknits/863637800/59E989C3-D63E-4465-84B7-948689156471_medium2.jpeg', 'small2_url': 'https://images4-g.ravelrycache.com/uploads/Menitaknits/863637800/59E989C3-D63E-4465-84B7-948689156471_small2.jpeg', 'caption': None, 'caption_html': None, 'copyright_holder': None}, {'id': 113869886, 'sort_order': 8, 'user_id': 9669767, 'x_offset': 0, 'y_offset': 0, 'square_url': 'https://images4-f.ravelrycache.com/uploads/Menitaknits/863637906/AE7919E2-86C5-4131-948F-FB7BCDAE57E8_square.jpeg', 'medium_url': 'https://images4-f.ravelrycache.com/uploads/Menitaknits/863637906/AE7919E2-86C5-4131-948F-FB7BCDAE57E8_medium.jpeg', 'thumbnail_url': 'https://images4-g.ravelrycache.com/uploads/Menitaknits/863637906/AE7919E2-86C5-4131-948F-FB7BCDAE57E8_thumbnail.jpeg', 'small_url': 'https://images4-g.ravelrycache.com/uploads/Menitaknits/863637906/AE7919E2-86C5-4131-948F-FB7BCDAE57E8_small_best_fit.jpeg', 'flickr_url': None, 'shelved_url': 'https://images4-f.ravelrycache.com/uploads/Menitaknits/863637906/AE7919E2-86C5-4131-948F-FB7BCDAE57E8_shelved.jpeg', 'medium2_url': 'https://images4-a.ravelrycache.com/uploads/Menitaknits/863637906/AE7919E2-86C5-4131-948F-FB7BCDAE57E8_medium2.jpeg', 'small2_url': 'https://images4-f.ravelrycache.com/uploads/Menitaknits/863637906/AE7919E2-86C5-4131-948F-FB7BCDAE57E8_small2.jpeg', 'caption': None, 'caption_html': None, 'copyright_holder': None}, {'id': 113869875, 'sort_order': 9, 'user_id': 9669767, 'x_offset': 0, 'y_offset': 0, 'square_url': 'https://images4-f.ravelrycache.com/uploads/Menitaknits/863637801/703BA9E2-89E8-46D5-8CAC-F58AFAD797EA_square.jpeg', 'medium_url': 'https://images4-f.ravelrycache.com/uploads/Menitaknits/863637801/703BA9E2-89E8-46D5-8CAC-F58AFAD797EA_medium.jpeg', 'thumbnail_url': 'https://images4-g.ravelrycache.com/uploads/Menitaknits/863637801/703BA9E2-89E8-46D5-8CAC-F58AFAD797EA_thumbnail.jpeg', 'small_url': 'https://images4-f.ravelrycache.com/uploads/Menitaknits/863637801/703BA9E2-89E8-46D5-8CAC-F58AFAD797EA_small_best_fit.jpeg', 'flickr_url': None, 'shelved_url': 'https://images4-g.ravelrycache.com/uploads/Menitaknits/863637801/703BA9E2-89E8-46D5-8CAC-F58AFAD797EA_shelved.jpeg', 'medium2_url': 'https://images4-a.ravelrycache.com/uploads/Menitaknits/863637801/703BA9E2-89E8-46D5-8CAC-F58AFAD797EA_medium2.jpeg', 'small2_url': 'https://images4-f.ravelrycache.com/uploads/Menitaknits/863637801/703BA9E2-89E8-46D5-8CAC-F58AFAD797EA_small2.jpeg', 'caption': None, 'caption_html': None, 'copyright_holder': None}]"
Kids Sleepy Sloth Sweater,Jane Burns,1253787,https://www.ravelry.com/patterns/library/kids-sleepy-sloth-sweater,False,https://images4-a.ravelrycache.com/uploads/JaneBurnsDesigns/1009056981/Adult_sleepy_sloth_jumper_pattern_jane_burns5_medium2.PNG,Knitting,"['unisex', 'child', 'seamed', 'Intarsia', 'bottom-up', 'positive-ease', 'chart', 'written-pattern', 'duplicate-stitch', 'stripes-colorwork']",22.0,0.0,True,4.0,stocking stitch,child,DK,4,4.333333333333333,Ages 1-9 years 51-71cm (20-28in) Chest,"[{'id': 131868324, 'sort_order': 1, 'user_id': 976711, 'x_offset': 0, 'y_offset': 0, 'square_url': 'https://images4-g.ravelrycache.com/uploads/JaneBurnsDesigns/1009056981/Adult_sleepy_sloth_jumper_pattern_jane_burns5_square.PNG', 'medium_url': 'https://images4-f.ravelrycache.com/uploads/JaneBurnsDesigns/1009056981/Adult_sleepy_sloth_jumper_pattern_jane_burns5_medium.PNG', 'thumbnail_url': 'https://images4-f.ravelrycache.com/uploads/JaneBurnsDesigns/1009056981/Adult_sleepy_sloth_jumper_pattern_jane_burns5_thumbnail.PNG', 'small_url': 'https://images4-f.ravelrycache.com/uploads/JaneBurnsDesigns/1009056981/Adult_sleepy_sloth_jumper_pattern_jane_burns5_small_best_fit.PNG', 'flickr_url': None, 'shelved_url': 'https://images4-f.ravelrycache.com/uploads/JaneBurnsDesigns/1009056981/Adult_sleepy_sloth_jumper_pattern_jane_burns5_shelved.PNG', 'medium2_url': 'https://images4-a.ravelrycache.com/uploads/JaneBurnsDesigns/1009056981/Adult_sleepy_sloth_jumper_pattern_jane_burns5_medium2.PNG', 'small2_url': 'https://images4-g.ravelrycache.com/uploads/JaneBurnsDesigns/1009056981/Adult_sleepy_sloth_jumper_pattern_jane_burns5_small2.PNG', 'caption': None, 'caption_html': None, 'copyright_holder': None}, {'id': 131868435, 'sort_order': 2, 'user_id': 976711, 'x_offset': -35, 'y_offset': -5, 'square_url': 'https://images4-g.ravelrycache.com/uploads/JaneBurnsDesigns/1009057785/sizing_chart_SleepySlothKids_JaneBurn_square.PNG', 'medium_url': 'https://images4-f.ravelrycache.com/uploads/JaneBurnsDesigns/1009057785/sizing_chart_SleepySlothKids_JaneBurn_medium.PNG', 'thumbnail_url': 'https://images4-f.ravelrycache.com/uploads/JaneBurnsDesigns/1009057785/sizing_chart_SleepySlothKids_JaneBurn_thumbnail.PNG', 'small_url': 'https://images4-g.ravelrycache.com/uploads/JaneBurnsDesigns/1009057785/sizing_chart_SleepySlothKids_JaneBurn_small.PNG', 'flickr_url': None, 'shelved_url': 'https://images4-g.ravelrycache.com/uploads/JaneBurnsDesigns/1009057785/sizing_chart_SleepySlothKids_JaneBurn_shelved.PNG', 'medium2_url': 'https://images4-a.ravelrycache.com/uploads/JaneBurnsDesigns/1009057785/sizing_chart_SleepySlothKids_JaneBurn_medium2.PNG', 'small2_url': 'https://images4-g.ravelrycache.com/uploads/JaneBurnsDesigns/1009057785/sizing_chart_SleepySlothKids_JaneBurn_small2.PNG', 'caption': None, 'caption_html': None, 'copyright_holder': None}, {'id': 113885582, 'sort_order': 3, 'user_id': 976711, 'x_offset': 0, 'y_offset': 0, 'square_url': 'https://images4-g.ravelrycache.com/uploads/JaneBurnsDesigns/863766403/Untitled_design__93__square.png', 'medium_url': 'https://images4-f.ravelrycache.com/uploads/JaneBurnsDesigns/863766403/Untitled_design__93__medium.png', 'thumbnail_url': 'https://images4-f.ravelrycache.com/uploads/JaneBurnsDesigns/863766403/Untitled_design__93__thumbnail.png', 'small_url': 'https://images4-g.ravelrycache.com/uploads/JaneBurnsDesigns/863766403/Untitled_design__93__small_best_fit.png', 'flickr_url': None, 'shelved_url': 'https://images4-g.ravelrycache.com/uploads/JaneBurnsDesigns/863766403/Untitled_design__93__shelved.png', 'medium2_url': 'https://images4-a.ravelrycache.com/uploads/JaneBurnsDesigns/863766403/Untitled_design__93__medium2.png', 'small2_url': 'https://images4-g.ravelrycache.com/uploads/JaneBurnsDesigns/863766403/Untitled_design__93__small2.png', 'caption': None, 'caption_html': None, 'copyright_holder': None}, {'id': 126558901, 'sort_order': 4, 'user_id': 10442432, 'x_offset': -35, 'y_offset': -5, 'square_url': 'https://images4-g.ravelrycache.com/uploads/Larsenleigh/933160817/IMG_4720_square.HEIC', 'medium_url': 'https://images4-g.ravelrycache.com/uploads/Larsenleigh/933160817/IMG_4720_medium.HEIC', 'thumbnail_url': 'https://images4-f.ravelrycache.com/uploads/Larsenleigh/933160817/IMG_4720_thumbnail.HEIC', 'small_url': 'https://images4-g.ravelrycache.com/uploads/Larsenleigh/933160817/IMG_4720_small.HEIC', 'flickr_url': None, 'shelved_url': 'https://images4-f.ravelrycache.com/uploads/Larsenleigh/933160817/IMG_4720_shelved.HEIC', 'medium2_url': 'https://images4-a.ravelrycache.com/uploads/Larsenleigh/933160817/IMG_4720_medium2.HEIC', 'small2_url': 'https://images4-f.ravelrycache.com/uploads/Larsenleigh/933160817/IMG_4720_small2.HEIC', 'caption': None, 'caption_html': None, 'copyright_holder': None}, {'id': 113885584, 'sort_order': 5, 'user_id': 976711, 'x_offset': -35, 'y_offset': -5, 'square_url': 'https://images4-f.ravelrycache.com/uploads/JaneBurnsDesigns/863766370/IMG_0399_square.jpg', 'medium_url': 'https://images4-f.ravelrycache.com/uploads/JaneBurnsDesigns/863766370/IMG_0399_medium.jpg', 'thumbnail_url': 'https://images4-f.ravelrycache.com/uploads/JaneBurnsDesigns/863766370/IMG_0399_thumbnail.jpg', 'small_url': 'https://images4-g.ravelrycache.com/uploads/JaneBurnsDesigns/863766370/IMG_0399_small.jpg', 'flickr_url': None, 'shelved_url': 'https://images4-f.ravelrycache.com/uploads/JaneBurnsDesigns/863766370/IMG_0399_shelved.jpg', 'medium2_url': 'https://images4-a.ravelrycache.com/uploads/JaneBurnsDesigns/863766370/IMG_0399_medium2.jpg', 'small2_url': 'https://images4-f.ravelrycache.com/uploads/JaneBurnsDesigns/863766370/IMG_0399_small2.jpg', 'caption': None, 'caption_html': None, 'copyright_holder': None}, {'id': 113885583, 'sort_order': 6, 'user_id': 976711, 'x_offset': 0, 'y_offset': 0, 'square_url': 'https://images4-g.ravelrycache.com/uploads/JaneBurnsDesigns/863766419/Untitled_design__92__square.png', 'medium_url': 'https://images4-f.ravelrycache.com/uploads/JaneBurnsDesigns/863766419/Untitled_design__92__medium.png', 'thumbnail_url': 'https://images4-f.ravelrycache.com/uploads/JaneBurnsDesigns/863766419/Untitled_design__92__thumbnail.png', 'small_url': 'https://images4-g.ravelrycache.com/uploads/JaneBurnsDesigns/863766419/Untitled_design__92__small_best_fit.png', 'flickr_url': None, 'shelved_url': 'https://images4-g.ravelrycache.com/uploads/JaneBurnsDesigns/863766419/Untitled_design__92__shelved.png', 'medium2_url': 'https://images4-a.ravelrycache.com/uploads/JaneBurnsDesigns/863766419/Untitled_design__92__medium2.png', 'small2_url': 'https://images4-g.ravelrycache.com/uploads/JaneBurnsDesigns/863766419/Untitled_design__92__small2.png', 'caption': None, 'caption_html': None, 'copyright_holder': None}, {'id': 113885938, 'sort_order': 7, 'user_id': 976711, 'x_offset': 0, 'y_offset': 0, 'square_url': 'https://images4-g.ravelrycache.com/uploads/JaneBurnsDesigns/863769319/Mix___Match_Kids_Sloth_Sweater__3__square.png', 'medium_url': 'https://images4-f.ravelrycache.com/uploads/JaneBurnsDesigns/863769319/Mix___Match_Kids_Sloth_Sweater__3__medium.png', 'thumbnail_url': 'https://images4-f.ravelrycache.com/uploads/JaneBurnsDesigns/863769319/Mix___Match_Kids_Sloth_Sweater__3__thumbnail.png', 'small_url': 'https://images4-g.ravelrycache.com/uploads/JaneBurnsDesigns/863769319/Mix___Match_Kids_Sloth_Sweater__3__small_best_fit.png', 'flickr_url': None, 'shelved_url': 'https://images4-f.ravelrycache.com/uploads/JaneBurnsDesigns/863769319/Mix___Match_Kids_Sloth_Sweater__3__shelved.png', 'medium2_url': 'https://images4-a.ravelrycache.com/uploads/JaneBurnsDesigns/863769319/Mix___Match_Kids_Sloth_Sweater__3__medium2.png', 'small2_url': 'https://images4-g.ravelrycache.com/uploads/JaneBurnsDesigns/863769319/Mix___Match_Kids_Sloth_Sweater__3__small2.png', 'caption': None, 'caption_html': None, 'copyright_holder': None}, {'id': 113885585, 'sort_order': 8, 'user_id': 976711, 'x_offset': -48, 'y_offset': 0, 'square_url': 'https://images4-f.ravelrycache.com/uploads/JaneBurnsDesigns/863766363/IMG_0388_square.jpg', 'medium_url': 'https://images4-f.ravelrycache.com/uploads/JaneBurnsDesigns/863766363/IMG_0388_medium.jpg', 'thumbnail_url': 'https://images4-f.ravelrycache.com/uploads/JaneBurnsDesigns/863766363/IMG_0388_thumbnail.jpg', 'small_url': 'https://images4-g.ravelrycache.com/uploads/JaneBurnsDesigns/863766363/IMG_0388_small_best_fit.jpg', 'flickr_url': None, 'shelved_url': 'https://images4-f.ravelrycache.com/uploads/JaneBurnsDesigns/863766363/IMG_0388_shelved.jpg', 'medium2_url': 'https://images4-a.ravelrycache.com/uploads/JaneBurnsDesigns/863766363/IMG_0388_medium2.jpg', 'small2_url': 'https://images4-f.ravelrycache.com/uploads/JaneBurnsDesigns/863766363/IMG_0388_small2.jpg', 'caption': None, 'caption_html': None, 'copyright_holder': None}, {'id': 113885586, 'sort_order': 9, 'user_id': 976711, 'x_offset': -35, 'y_offset': -5, 'square_url': 'https://images4-f.ravelrycache.com/uploads/JaneBurnsDesigns/863766373/IMG_0355_square.jpg', 'medium_url': 'https://images4-f.ravelrycache.com/uploads/JaneBurnsDesigns/863766373/IMG_0355_medium.jpg', 'thumbnail_url': 'https://images4-f.ravelrycache.com/uploads/JaneBurnsDesigns/863766373/IMG_0355_thumbnail.jpg', 'small_url': 'https://images4-f.ravelrycache.com/uploads/JaneBurnsDesigns/863766373/IMG_0355_small.jpg', 'flickr_url': None, 'shelved_url': 'https://images4-g.ravelrycache.com/uploads/JaneBurnsDesigns/863766373/IMG_0355_shelved.jpg', 'medium2_url': 'https://images4-a.ravelrycache.com/uploads/JaneBurnsDesigns/863766373/IMG_0355_medium2.jpg', 'small2_url': 'https://images4-f.ravelrycache.com/uploads/JaneBurnsDesigns/863766373/IMG_0355_small2.jpg', 'caption': None, 'caption_html': None, 'copyright_holder': None}, {'id': 113885587, 'sort_order': 10, 'user_id': 976711, 'x_offset': 0, 'y_offset': 0, 'square_url': 'https://images4-g.ravelrycache.com/uploads/JaneBurnsDesigns/863766362/Untitled_design__94__square.png', 'medium_url': 'https://images4-f.ravelrycache.com/uploads/JaneBurnsDesigns/863766362/Untitled_design__94__medium.png', 'thumbnail_url': 'https://images4-f.ravelrycache.com/uploads/JaneBurnsDesigns/863766362/Untitled_design__94__thumbnail.png', 'small_url': 'https://images4-g.ravelrycache.com/uploads/JaneBurnsDesigns/863766362/Untitled_design__94__small_best_fit.png', 'flickr_url': None, 'shelved_url': 'https://images4-g.ravelrycache.com/uploads/JaneBurnsDesigns/863766362/Untitled_design__94__shelved.png', 'medium2_url': 'https://images4-a.ravelrycache.com/uploads/JaneBurnsDesigns/863766362/Untitled_design__94__medium2.png', 'small2_url': 'https://images4-g.ravelrycache.com/uploads/JaneBurnsDesigns/863766362/Untitled_design__94__small2.png', 'caption': None, 'caption_html': None, 'copyright_holder': None}, {'id': 113885588, 'sort_order': 11, 'user_id': 976711, 'x_offset': -25, 'y_offset': 0, 'square_url': 'https://images4-g.ravelrycache.com/uploads/JaneBurnsDesigns/863766367/crop_baby_sloth_no_hat_front_square.jpg', 'medium_url': 'https://images4-g.ravelrycache.com/uploads/JaneBurnsDesigns/863766367/crop_baby_sloth_no_hat_front_medium.jpg', 'thumbnail_url': 'https://images4-g.ravelrycache.com/uploads/JaneBurnsDesigns/863766367/crop_baby_sloth_no_hat_front_thumbnail.jpg', 'small_url': 'https://images4-f.ravelrycache.com/uploads/JaneBurnsDesigns/863766367/crop_baby_sloth_no_hat_front_small_best_fit.jpg', 'flickr_url': None, 'shelved_url': 'https://images4-f.ravelrycache.com/uploads/JaneBurnsDesigns/863766367/crop_baby_sloth_no_hat_front_shelved.jpg', 'medium2_url': 'https://images4-a.ravelrycache.com/uploads/JaneBurnsDesigns/863766367/crop_baby_sloth_no_hat_front_medium2.jpg', 'small2_url': 'https://images4-g.ravelrycache.com/uploads/JaneBurnsDesigns/863766367/crop_baby_sloth_no_hat_front_small2.jpg', 'caption': None, 'caption_html': None, 'copyright_holder': None}, {'id': 113885589, 'sort_order': 12, 'user_id': 976711, 'x_offset': -35, 'y_offset': -5, 'square_url': 'https://images4-f.ravelrycache.com/uploads/JaneBurnsDesigns/863766375/baby_sloth_sweater_square.jpg', 'medium_url': 'https://images4-f.ravelrycache.com/uploads/JaneBurnsDesigns/863766375/baby_sloth_sweater_medium.jpg', 'thumbnail_url': 'https://images4-g.ravelrycache.com/uploads/JaneBurnsDesigns/863766375/baby_sloth_sweater_thumbnail.jpg', 'small_url': 'https://images4-g.ravelrycache.com/uploads/JaneBurnsDesigns/863766375/baby_sloth_sweater_small.jpg', 'flickr_url': None, 'shelved_url': 'https://images4-f.ravelrycache.com/uploads/JaneBurnsDesigns/863766375/baby_sloth_sweater_shelved.jpg', 'medium2_url': 'https://images4-a.ravelrycache.com/uploads/JaneBurnsDesigns/863766375/baby_sloth_sweater_medium2.jpg', 'small2_url': 'https://images4-f.ravelrycache.com/uploads/JaneBurnsDesigns/863766375/baby_sloth_sweater_small2.jpg', 'caption': None, 'caption_html': None, 'copyright_holder': None}, {'id': 113885590, 'sort_order': 13, 'user_id': 976711, 'x_offset': 0, 'y_offset': 0, 'square_url': 'https://images4-g.ravelrycache.com/uploads/JaneBurnsDesigns/863766365/3AE51AF6-D941-4193-B9A8-53D138391D5E_square.png', 'medium_url': 'https://images4-f.ravelrycache.com/uploads/JaneBurnsDesigns/863766365/3AE51AF6-D941-4193-B9A8-53D138391D5E_medium.png', 'thumbnail_url': 'https://images4-g.ravelrycache.com/uploads/JaneBurnsDesigns/863766365/3AE51AF6-D941-4193-B9A8-53D138391D5E_thumbnail.png', 'small_url': 'https://images4-f.ravelrycache.com/uploads/JaneBurnsDesigns/863766365/3AE51AF6-D941-4193-B9A8-53D138391D5E_small_best_fit.png', 'flickr_url': None, 'shelved_url': 'https://images4-f.ravelrycache.com/uploads/JaneBurnsDesigns/863766365/3AE51AF6-D941-4193-B9A8-53D138391D5E_shelved.png', 'medium2_url': 'https://images4-a.ravelrycache.com/uploads/JaneBurnsDesigns/863766365/3AE51AF6-D941-4193-B9A8-53D138391D5E_medium2.png', 'small2_url': 'https://images4-g.ravelrycache.com/uploads/JaneBurnsDesigns/863766365/3AE51AF6-D941-4193-B9A8-53D138391D5E_small2.png', 'caption': None, 'caption_html': None, 'copyright_holder': None}, {'id': 113885591, 'sort_order': 14, 'user_id': 976711, 'x_offset': 0, 'y_offset': 0, 'square_url': 'https://images4-g.ravelrycache.com/uploads/JaneBurnsDesigns/863765924/insta__projects12_medium2_square.jpg', 'medium_url': 'https://images4-g.ravelrycache.com/uploads/JaneBurnsDesigns/863765924/insta__projects12_medium2_medium.jpg', 'thumbnail_url': 'https://images4-g.ravelrycache.com/uploads/JaneBurnsDesigns/863765924/insta__projects12_medium2_thumbnail.jpg', 'small_url': 'https://images4-f.ravelrycache.com/uploads/JaneBurnsDesigns/863765924/insta__projects12_medium2_small_best_fit.jpg', 'flickr_url': None, 'shelved_url': 'https://images4-g.ravelrycache.com/uploads/JaneBurnsDesigns/863765924/insta__projects12_medium2_shelved.jpg', 'medium2_url': 'https://images4-a.ravelrycache.com/uploads/JaneBurnsDesigns/863765924/insta__projects12_medium2_medium2.jpg', 'small2_url': 'https://images4-g.ravelrycache.com/uploads/JaneBurnsDesigns/863765924/insta__projects12_medium2_small2.jpg', 'caption': None, 'caption_html': None, 'copyright_holder': None}]"
Vorleysing,Ástþrúður Sif Sveinsdóttir,1253894,https://www.ravelry.com/patterns/library/vorleysing,False,https://images4-a.ravelrycache.com/uploads/astas/863811562/IMG_0761_medium2.jpg,Knitting,"['unisex', 'adult', 'fitted', 'stranded', 'bottom-up', 'positive-ease', 'chart', 'circular-yoke']",18.0,0.0,True,4.0,,pullover,Aran,5,0.0,"XS, S, M, L, XL, XXL","[{'id': 113892663, 'sort_order': 1, 'user_id': 426842, 'x_offset': 0, 'y_offset': -43, 'square_url': 'https://images4-g.ravelrycache.com/uploads/astas/863811562/IMG_0761_square.jpg', 'medium_url': 'https://images4-g.ravelrycache.com/uploads/astas/863811562/IMG_0761_medium.jpg', 'thumbnail_url': 'https://images4-f.ravelrycache.com/uploads/astas/863811562/IMG_0761_thumbnail.jpg', 'small_url': 'https://images4-f.ravelrycache.com/uploads/astas/863811562/IMG_0761_small_best_fit.jpg', 'flickr_url': None, 'shelved_url': 'https://images4-f.ravelrycache.com/uploads/astas/863811562/IMG_0761_shelved.jpg', 'medium2_url': 'https://images4-a.ravelrycache.com/uploads/astas/863811562/IMG_0761_medium2.jpg', 'small2_url': 'https://images4-g.ravelrycache.com/uploads/astas/863811562/IMG_0761_small2.jpg', 'caption': None, 'caption_html': None, 'copyright_holder': None}, {'id': 113892664, 'sort_order': 2, 'user_id': 426842, 'x_offset': 0, 'y_offset': 0, 'square_url': 'https://images4-g.ravelrycache.com/uploads/astas/863811560/IMG_0693_square.jpg', 'medium_url': 'https://images4-g.ravelrycache.com/uploads/astas/863811560/IMG_0693_medium.jpg', 'thumbnail_url': 'https://images4-f.ravelrycache.com/uploads/astas/863811560/IMG_0693_thumbnail.jpg', 'small_url': 'https://images4-g.ravelrycache.com/uploads/astas/863811560/IMG_0693_small_best_fit.jpg', 'flickr_url': None, 'shelved_url': 'https://images4-g.ravelrycache.com/uploads/astas/863811560/IMG_0693_shelved.jpg', 'medium2_url': 'https://images4-a.ravelrycache.com/uploads/astas/863811560/IMG_0693_medium2.jpg', 'small2_url': 'https://images4-g.ravelrycache.com/uploads/astas/863811560/IMG_0693_small2.jpg', 'caption': None, 'caption_html': None, 'copyright_holder': None}, {'id': 113892665, 'sort_order': 3, 'user_id': 426842, 'x_offset': -43, 'y_offset': 0, 'square_url': 'https://images4-g.ravelrycache.com/uploads/astas/863811558/IMG_0871_square.jpg', 'medium_url': 'https://images4-g.ravelrycache.com/uploads/astas/863811558/IMG_0871_medium.jpg', 'thumbnail_url': 'https://images4-g.ravelrycache.com/uploads/astas/863811558/IMG_0871_thumbnail.jpg', 'small_url': 'https://images4-f.ravelrycache.com/uploads/astas/863811558/IMG_0871_small_best_fit.jpg', 'flickr_url': None, 'shelved_url': 'https://images4-g.ravelrycache.com/uploads/astas/863811558/IMG_0871_shelved.jpg', 'medium2_url': 'https://images4-a.ravelrycache.com/uploads/astas/863811558/IMG_0871_medium2.jpg', 'small2_url': 'https://images4-g.ravelrycache.com/uploads/astas/863811558/IMG_0871_small2.jpg', 'caption': None, 'caption_html': None, 'copyright_holder': None}, {'id': 113892666, 'sort_order': 4, 'user_id': 426842, 'x_offset': 0, 'y_offset': 0, 'square_url': 'https://images4-g.ravelrycache.com/uploads/astas/863811559/IMG_0877_square.jpg', 'medium_url': 'https://images4-g.ravelrycache.com/uploads/astas/863811559/IMG_0877_medium.jpg', 'thumbnail_url': 'https://images4-f.ravelrycache.com/uploads/astas/863811559/IMG_0877_thumbnail.jpg', 'small_url': 'https://images4-f.ravelrycache.com/uploads/astas/863811559/IMG_0877_small_best_fit.jpg', 'flickr_url': None, 'shelved_url': 'https://images4-f.ravelrycache.com/uploads/astas/863811559/IMG_0877_shelved.jpg', 'medium2_url': 'https://images4-a.ravelrycache.com/uploads/astas/863811559/IMG_0877_medium2.jpg', 'small2_url': 'https://images4-g.ravelrycache.com/uploads/astas/863811559/IMG_0877_small2.jpg', 'caption': None, 'caption_html': None, 'copyright_holder': None}]"
Avaimet,Merja Ojanperä,1254013,https://www.ravelry.com/patterns/library/avaimet,False,https://images4-a.ravelrycache.com/uploads/MerjaO/863920077/Ruoste-6_medium2.jpg,Knitting,"['circular-yoke', 'stranded', 'bottom-up']",18.0,0.0,False,4.0,,pullover,Aran,3,0.0,"S (M, L, XL, XXL)","[{'id': 113904454, 'sort_order': 1, 'user_id': 5388971, 'x_offset': 0, 'y_offset': -43, 'square_url': 'https://images4-g.ravelrycache.com/uploads/MerjaO/863920077/Ruoste-6_square.jpg', 'medium_url': 'https://images4-g.ravelrycache.com/uploads/MerjaO/863920077/Ruoste-6_medium.jpg', 'thumbnail_url': 'https://images4-g.ravelrycache.com/uploads/MerjaO/863920077/Ruoste-6_thumbnail.jpg', 'small_url': 'https://images4-g.ravelrycache.com/uploads/MerjaO/863920077/Ruoste-6_small_best_fit.jpg', 'flickr_url': None, 'shelved_url': 'https://images4-f.ravelrycache.com/uploads/MerjaO/863920077/Ruoste-6_shelved.jpg', 'medium2_url': 'https://images4-a.ravelrycache.com/uploads/MerjaO/863920077/Ruoste-6_medium2.jpg', 'small2_url': 'https://images4-g.ravelrycache.com/uploads/MerjaO/863920077/Ruoste-6_small2.jpg', 'caption': None, 'caption_html': None, 'copyright_holder': 'Riina Peuhu'}]"
LEDIG,Josée Paquin,1254128,https://www.ravelry.com/patterns/library/ledig-2,False,https://images4-a.ravelrycache.com/uploads/woolfolkyarn/863970971/Woolfolk_Stra_III-7814-lores_medium2.jpg,Knitting,"['adult', 'oversized', 'cables', 'cowl-neck', 'short-sleeve', 'one-piece', 'seamless', 'top-down', 'positive-ease', 'chart', 'written-pattern', 'worked-flat', 'in-the-round']",20.0,2.4,True,4.0,Stockinette stitch,pullover,DK,16,4.833333333333333,"1 (2, 3, 4, 5) (6, 7, 8, 9)","[{'id': 113910935, 'sort_order': 1, 'user_id': 4353389, 'x_offset': 2, 'y_offset': -62, 'square_url': 'https://images4-g.ravelrycache.com/uploads/woolfolkyarn/863970971/Woolfolk_Stra_III-7814-lores_square.jpg', 'medium_url': 'https://images4-g.ravelrycache.com/uploads/woolfolkyarn/863970971/Woolfolk_Stra_III-7814-lores_medium.jpg', 'thumbnail_url': 'https://images4-g.ravelrycache.com/uploads/woolfolkyarn/863970971/Woolfolk_Stra_III-7814-lores_thumbnail.jpg', 'small_url': 'https://images4-f.ravelrycache.com/uploads/woolfolkyarn/863970971/Woolfolk_Stra_III-7814-lores_small_best_fit.jpg', 'flickr_url': None, 'shelved_url': 'https://images4-g.ravelrycache.com/uploads/woolfolkyarn/863970971/Woolfolk_Stra_III-7814-lores_shelved.jpg', 'medium2_url': 'https://images4-a.ravelrycache.com/uploads/woolfolkyarn/863970971/Woolfolk_Stra_III-7814-lores_medium2.jpg', 'small2_url': 'https://images4-g.ravelrycache.com/uploads/woolfolkyarn/863970971/Woolfolk_Stra_III-7814-lores_small2.jpg', 'caption': None, 'caption_html': None, 'copyright_holder': 'woolfolk yarn'}, {'id': 113910936, 'sort_order': 2, 'user_id': 4353389, 'x_offset': 0, 'y_offset': -43, 'square_url': 'https://images4-f.ravelrycache.com/uploads/woolfolkyarn/863970969/Woolfolk_Stra_III-7823-lores_square.jpg', 'medium_url': 'https://images4-f.ravelrycache.com/uploads/woolfolkyarn/863970969/Woolfolk_Stra_III-7823-lores_medium.jpg', 'thumbnail_url': 'https://images4-f.ravelrycache.com/uploads/woolfolkyarn/863970969/Woolfolk_Stra_III-7823-lores_thumbnail.jpg', 'small_url': 'https://images4-f.ravelrycache.com/uploads/woolfolkyarn/863970969/Woolfolk_Stra_III-7823-lores_small_best_fit.jpg', 'flickr_url': None, 'shelved_url': 'https://images4-f.ravelrycache.com/uploads/woolfolkyarn/863970969/Woolfolk_Stra_III-7823-lores_shelved.jpg', 'medium2_url': 'https://images4-a.ravelrycache.com/uploads/woolfolkyarn/863970969/Woolfolk_Stra_III-7823-lores_medium2.jpg', 'small2_url': 'https://images4-f.ravelrycache.com/uploads/woolfolkyarn/863970969/Woolfolk_Stra_III-7823-lores_small2.jpg', 'caption': None, 'caption_html': None, 'copyright_holder': 'woolfolk yarn'}, {'id': 113910937, 'sort_order': 3, 'user_id': 4353389, 'x_offset': -1, 'y_offset': -80, 'square_url': 'https://images4-f.ravelrycache.com/uploads/woolfolkyarn/863970973/Woolfolk_Stra_III-7850-lores_square.jpg', 'medium_url': 'https://images4-f.ravelrycache.com/uploads/woolfolkyarn/863970973/Woolfolk_Stra_III-7850-lores_medium.jpg', 'thumbnail_url': 'https://images4-g.ravelrycache.com/uploads/woolfolkyarn/863970973/Woolfolk_Stra_III-7850-lores_thumbnail.jpg', 'small_url': 'https://images4-g.ravelrycache.com/uploads/woolfolkyarn/863970973/Woolfolk_Stra_III-7850-lores_small_best_fit.jpg', 'flickr_url': None, 'shelved_url': 'https://images4-f.ravelrycache.com/uploads/woolfolkyarn/863970973/Woolfolk_Stra_III-7850-lores_shelved.jpg', 'medium2_url': 'https://images4-a.ravelrycache.com/uploads/woolfolkyarn/863970973/Woolfolk_Stra_III-7850-lores_medium2.jpg', 'small2_url': 'https://images4-f.ravelrycache.com/uploads/woolfolkyarn/863970973/Woolfolk_Stra_III-7850-lores_small2.jpg', 'caption': None, 'caption_html': None, 'copyright_holder': 'woolfolk yarn'}, {'id': 113910938, 'sort_order': 4, 'user_id': 4353389, 'x_offset': 0, 'y_offset': -43, 'square_url': 'https://images4-f.ravelrycache.com/uploads/woolfolkyarn/863970970/Woolfolk_Stra_III-7795-lores_square.jpg', 'medium_url': 'https://images4-f.ravelrycache.com/uploads/woolfolkyarn/863970970/Woolfolk_Stra_III-7795-lores_medium.jpg', 'thumbnail_url': 'https://images4-g.ravelrycache.com/uploads/woolfolkyarn/863970970/Woolfolk_Stra_III-7795-lores_thumbnail.jpg', 'small_url': 'https://images4-f.ravelrycache.com/uploads/woolfolkyarn/863970970/Woolfolk_Stra_III-7795-lores_small_best_fit.jpg', 'flickr_url': None, 'shelved_url': 'https://images4-f.ravelrycache.com/uploads/woolfolkyarn/863970970/Woolfolk_Stra_III-7795-lores_shelved.jpg', 'medium2_url': 'https://images4-a.ravelrycache.com/uploads/woolfolkyarn/863970970/Woolfolk_Stra_III-7795-lores_medium2.jpg', 'small2_url': 'https://images4-f.ravelrycache.com/uploads/woolfolkyarn/863970970/Woolfolk_Stra_III-7795-lores_small2.jpg', 'caption': None, 'caption_html': None, 'copyright_holder': 'woolfolk yarn'}, {'id': 113910939, 'sort_order': 5, 'user_id': 4353389, 'x_offset': 0, 'y_offset': -69, 'square_url': 'https://images4-g.ravelrycache.com/uploads/woolfolkyarn/863970975/Woolfolk_Stra_III-7818-lores_square.jpg', 'medium_url': 'https://images4-g.ravelrycache.com/uploads/woolfolkyarn/863970975/Woolfolk_Stra_III-7818-lores_medium.jpg', 'thumbnail_url': 'https://images4-f.ravelrycache.com/uploads/woolfolkyarn/863970975/Woolfolk_Stra_III-7818-lores_thumbnail.jpg', 'small_url': 'https://images4-f.ravelrycache.com/uploads/woolfolkyarn/863970975/Woolfolk_Stra_III-7818-lores_small_best_fit.jpg', 'flickr_url': None, 'shelved_url': 'https://images4-g.ravelrycache.com/uploads/woolfolkyarn/863970975/Woolfolk_Stra_III-7818-lores_shelved.jpg', 'medium2_url': 'https://images4-a.ravelrycache.com/uploads/woolfolkyarn/863970975/Woolfolk_Stra_III-7818-lores_medium2.jpg', 'small2_url': 'https://images4-g.ravelrycache.com/uploads/woolfolkyarn/863970975/Woolfolk_Stra_III-7818-lores_small2.jpg', 'caption': None, 'caption_html': None, 'copyright_holder': 'woolfolk yarn'}]"
Giraffic Pullover,Audrey Drysdale,1254435,https://www.ravelry.com/patterns/library/giraffic-pullover,False,https://images4-a.ravelrycache.com/uploads/jaaase421/864118919/60_Quick_Knit_Gifts_for_Babies_PAGE__Page_046_medium2.jpg,Knitting,"['unisex', 'baby', 'ribbed', 'seamed', 'crew-neck', 'long-sleeve', 'Intarsia', 'bias', 'one-piece', 'positive-ease', 'chart', 'written-pattern', 'worked-flat', 'duplicate-stitch', 'embroidery', 'other-colorwork', 'schematic', 'male', 'female']",23.0,0.0,False,4.0,stockinette stitch,baby,Worsted,8,0.0,12 months,"[{'id': 113929732, 'sort_order': 1, 'user_id': 4976906, 'x_offset': -1, 'y_offset': -11, 'square_url': 'https://images4-g.ravelrycache.com/uploads/jaaase421/864118919/60_Quick_Knit_Gifts_for_Babies_PAGE__Page_046_square.jpg', 'medium_url': 'https://images4-g.ravelrycache.com/uploads/jaaase421/864118919/60_Quick_Knit_Gifts_for_Babies_PAGE__Page_046_medium.jpg', 'thumbnail_url': 'https://images4-f.ravelrycache.com/uploads/jaaase421/864118919/60_Quick_Knit_Gifts_for_Babies_PAGE__Page_046_thumbnail.jpg', 'small_url': 'https://images4-g.ravelrycache.com/uploads/jaaase421/864118919/60_Quick_Knit_Gifts_for_Babies_PAGE__Page_046_small_best_fit.jpg', 'flickr_url': None, 'shelved_url': 'https://images4-f.ravelrycache.com/uploads/jaaase421/864118919/60_Quick_Knit_Gifts_for_Babies_PAGE__Page_046_shelved.jpg', 'medium2_url': 'https://images4-a.ravelrycache.com/uploads/jaaase421/864118919/60_Quick_Knit_Gifts_for_Babies_PAGE__Page_046_medium2.jpg', 'small2_url': 'https://images4-g.ravelrycache.com/uploads/jaaase421/864118919/60_Quick_Knit_Gifts_for_Babies_PAGE__Page_046_small2.jpg', 'caption': None, 'caption_html': None, 'copyright_holder': 'sixth&spring books'}, {'id': 113929733, 'sort_order': 2, 'user_id': 4976906, 'x_offset': -1, 'y_offset': -11, 'square_url': 'https://images4-f.ravelrycache.com/uploads/jaaase421/864118918/60_Quick_Knit_Gifts_for_Babies_PAGE__Page_048_square.jpg', 'medium_url': 'https://images4-f.ravelrycache.com/uploads/jaaase421/864118918/60_Quick_Knit_Gifts_for_Babies_PAGE__Page_048_medium.jpg', 'thumbnail_url': 'https://images4-g.ravelrycache.com/uploads/jaaase421/864118918/60_Quick_Knit_Gifts_for_Babies_PAGE__Page_048_thumbnail.jpg', 'small_url': 'https://images4-f.ravelrycache.com/uploads/jaaase421/864118918/60_Quick_Knit_Gifts_for_Babies_PAGE__Page_048_small_best_fit.jpg', 'flickr_url': None, 'shelved_url': 'https://images4-g.ravelrycache.com/uploads/jaaase421/864118918/60_Quick_Knit_Gifts_for_Babies_PAGE__Page_048_shelved.jpg', 'medium2_url': 'https://images4-a.ravelrycache.com/uploads/jaaase421/864118918/60_Quick_Knit_Gifts_for_Babies_PAGE__Page_048_medium2.jpg', 'small2_url': 'https://images4-f.ravelrycache.com/uploads/jaaase421/864118918/60_Quick_Knit_Gifts_for_Babies_PAGE__Page_048_small2.jpg', 'caption': None, 'caption_html': None, 'copyright_holder': 'sixth&spring books'}, {'id': 113929734, 'sort_order': 3, 'user_id': 4976906, 'x_offset': 0, 'y_offset': -40, 'square_url': 'https://images4-f.ravelrycache.com/uploads/jaaase421/864118916/60_Quick_Knit_Gifts_for_Babies_PAGE__Page_045_square.jpg', 'medium_url': 'https://images4-f.ravelrycache.com/uploads/jaaase421/864118916/60_Quick_Knit_Gifts_for_Babies_PAGE__Page_045_medium.jpg', 'thumbnail_url': 'https://images4-f.ravelrycache.com/uploads/jaaase421/864118916/60_Quick_Knit_Gifts_for_Babies_PAGE__Page_045_thumbnail.jpg', 'small_url': 'https://images4-f.ravelrycache.com/uploads/jaaase421/864118916/60_Quick_Knit_Gifts_for_Babies_PAGE__Page_045_small_best_fit.jpg', 'flickr_url': None, 'shelved_url': 'https://images4-g.ravelrycache.com/uploads/jaaase421/864118916/60_Quick_Knit_Gifts_for_Babies_PAGE__Page_045_shelved.jpg', 'medium2_url': 'https://images4-a.ravelrycache.com/uploads/jaaase421/864118916/60_Quick_Knit_Gifts_for_Babies_PAGE__Page_045_medium2.jpg', 'small2_url': 'https://images4-f.ravelrycache.com/uploads/jaaase421/864118916/60_Quick_Knit_Gifts_for_Babies_PAGE__Page_045_small2.jpg', 'caption': None, 'caption_html': None, 'copyright_holder': 'sixth&spring books'}]"
Monica Pullover,Bec Penner,1254704,https://www.ravelry.com/patterns/library/monica-pullover-2,False,https://images4-a.ravelrycache.com/uploads/thebecsknits/872021670/137A0494_medium2.jpg,Knitting,"['adult', 'boat-neck', 'long-sleeve', 'one-piece', 'seamless', 'bottom-up', 'positive-ease', 'written-pattern', 'drop-sleeve', 'in-the-round', 'icord-edging', 'three-needle-bind', 'stripes-colorwork', 'sleeveless', 'cuffed-sleeve', 'male', 'female']",12.0,2.0,True,4.0,Stockinette,pullover,Aran,15,5.0,"1(2, 3, 4, 5) 6(7, 8, 9, 10)","[{'id': 114906579, 'sort_order': 1, 'user_id': 10547874, 'x_offset': -15, 'y_offset': 0, 'square_url': 'https://images4-g.ravelrycache.com/uploads/thebecsknits/872021670/137A0494_square.jpg', 'medium_url': 'https://images4-f.ravelrycache.com/uploads/thebecsknits/872021670/137A0494_medium.jpg', 'thumbnail_url': 'https://images4-g.ravelrycache.com/uploads/thebecsknits/872021670/137A0494_thumbnail.jpg', 'small_url': 'https://images4-g.ravelrycache.com/uploads/thebecsknits/872021670/137A0494_small_best_fit.jpg', 'flickr_url': None, 'shelved_url': 'https://images4-g.ravelrycache.com/uploads/thebecsknits/872021670/137A0494_shelved.jpg', 'medium2_url': 'https://images4-a.ravelrycache.com/uploads/thebecsknits/872021670/137A0494_medium2.jpg', 'small2_url': 'https://images4-g.ravelrycache.com/uploads/thebecsknits/872021670/137A0494_small2.jpg', 'caption': None, 'caption_html': None, 'copyright_holder': None}, {'id': 113952499, 'sort_order': 2, 'user_id': 10547874, 'x_offset': -26, 'y_offset': 0, 'square_url': 'https://images4-g.ravelrycache.com/uploads/thebecsknits/864178646/D9E4F402-126B-404F-9CB9-A16B12F8B4A3_square.jpg', 'medium_url': 'https://images4-g.ravelrycache.com/uploads/thebecsknits/864178646/D9E4F402-126B-404F-9CB9-A16B12F8B4A3_medium.jpg', 'thumbnail_url': 'https://images4-f.ravelrycache.com/uploads/thebecsknits/864178646/D9E4F402-126B-404F-9CB9-A16B12F8B4A3_thumbnail.jpg', 'small_url': 'https://images4-g.ravelrycache.com/uploads/thebecsknits/864178646/D9E4F402-126B-404F-9CB9-A16B12F8B4A3_small_best_fit.jpg', 'flickr_url': None, 'shelved_url': 'https://images4-f.ravelrycache.com/uploads/thebecsknits/864178646/D9E4F402-126B-404F-9CB9-A16B12F8B4A3_shelved.jpg', 'medium2_url': 'https://images4-a.ravelrycache.com/uploads/thebecsknits/864178646/D9E4F402-126B-404F-9CB9-A16B12F8B4A3_medium2.jpg', 'small2_url': 'https://images4-g.ravelrycache.com/uploads/thebecsknits/864178646/D9E4F402-126B-404F-9CB9-A16B12F8B4A3_small2.jpg', 'caption': None, 'caption_html': None, 'copyright_holder': '@happihoneydew'}, {'id': 113952500, 'sort_order': 3, 'user_id': 10547874, 'x_offset': -5, 'y_offset': -35, 'square_url': 'https://images4-g.ravelrycache.com/uploads/thebecsknits/864178166/09979D53-F7A6-41CA-840F-9CAB578CB4CD_1_102_o_square.jpeg', 'medium_url': 'https://images4-g.ravelrycache.com/uploads/thebecsknits/864178166/09979D53-F7A6-41CA-840F-9CAB578CB4CD_1_102_o_medium.jpeg', 'thumbnail_url': 'https://images4-g.ravelrycache.com/uploads/thebecsknits/864178166/09979D53-F7A6-41CA-840F-9CAB578CB4CD_1_102_o_thumbnail.jpeg', 'small_url': 'https://images4-g.ravelrycache.com/uploads/thebecsknits/864178166/09979D53-F7A6-41CA-840F-9CAB578CB4CD_1_102_o_small.jpeg', 'flickr_url': None, 'shelved_url': 'https://images4-f.ravelrycache.com/uploads/thebecsknits/864178166/09979D53-F7A6-41CA-840F-9CAB578CB4CD_1_102_o_shelved.jpeg', 'medium2_url': 'https://images4-a.ravelrycache.com/uploads/thebecsknits/864178166/09979D53-F7A6-41CA-840F-9CAB578CB4CD_1_102_o_medium2.jpeg', 'small2_url': 'https://images4-g.ravelrycache.com/uploads/thebecsknits/864178166/09979D53-F7A6-41CA-840F-9CAB578CB4CD_1_102_o_small2.jpeg', 'caption': None, 'caption_html': None, 'copyright_holder': 'treatpplwithkindknits'}, {'id': 113952501, 'sort_order': 4, 'user_id': 10547874, 'x_offset': -5, 'y_offset': -35, 'square_url': 'https://images4-g.ravelrycache.com/uploads/thebecsknits/864177927/57F131FB-7D72-41F8-BA04-C72F17818251_1_102_o_square.jpeg', 'medium_url': 'https://images4-g.ravelrycache.com/uploads/thebecsknits/864177927/57F131FB-7D72-41F8-BA04-C72F17818251_1_102_o_medium.jpeg', 'thumbnail_url': 'https://images4-g.ravelrycache.com/uploads/thebecsknits/864177927/57F131FB-7D72-41F8-BA04-C72F17818251_1_102_o_thumbnail.jpeg', 'small_url': 'https://images4-f.ravelrycache.com/uploads/thebecsknits/864177927/57F131FB-7D72-41F8-BA04-C72F17818251_1_102_o_small.jpeg', 'flickr_url': None, 'shelved_url': 'https://images4-f.ravelrycache.com/uploads/thebecsknits/864177927/57F131FB-7D72-41F8-BA04-C72F17818251_1_102_o_shelved.jpeg', 'medium2_url': 'https://images4-a.ravelrycache.com/uploads/thebecsknits/864177927/57F131FB-7D72-41F8-BA04-C72F17818251_1_102_o_medium2.jpeg', 'small2_url': 'https://images4-g.ravelrycache.com/uploads/thebecsknits/864177927/57F131FB-7D72-41F8-BA04-C72F17818251_1_102_o_small2.jpeg', 'caption': None, 'caption_html': None, 'copyright_holder': 'gwynknits'}, {'id': 113952502, 'sort_order': 5, 'user_id': 10547874, 'x_offset': -5, 'y_offset': -35, 'square_url': 'https://images4-g.ravelrycache.com/uploads/thebecsknits/864178493/BE9D851E-8573-4E88-B4C4-38B898312A32_square.jpeg', 'medium_url': 'https://images4-g.ravelrycache.com/uploads/thebecsknits/864178493/BE9D851E-8573-4E88-B4C4-38B898312A32_medium.jpeg', 'thumbnail_url': 'https://images4-g.ravelrycache.com/uploads/thebecsknits/864178493/BE9D851E-8573-4E88-B4C4-38B898312A32_thumbnail.jpeg', 'small_url': 'https://images4-f.ravelrycache.com/uploads/thebecsknits/864178493/BE9D851E-8573-4E88-B4C4-38B898312A32_small.jpeg', 'flickr_url': None, 'shelved_url': 'https://images4-g.ravelrycache.com/uploads/thebecsknits/864178493/BE9D851E-8573-4E88-B4C4-38B898312A32_shelved.jpeg', 'medium2_url': 'https://images4-a.ravelrycache.com/uploads/thebecsknits/864178493/BE9D851E-8573-4E88-B4C4-38B898312A32_medium2.jpeg', 'small2_url': 'https://images4-g.ravelrycache.com/uploads/thebecsknits/864178493/BE9D851E-8573-4E88-B4C4-38B898312A32_small2.jpeg', 'caption': None, 'caption_html': None, 'copyright_holder': 'aishablue.knits'}, {'id': 113952503, 'sort_order': 6, 'user_id': 10547874, 'x_offset': -5, 'y_offset': -35, 'square_url': 'https://images4-g.ravelrycache.com/uploads/thebecsknits/864178256/DB5FA808-06A7-4CB8-B415-4B15605D6F5D_square.jpeg', 'medium_url': 'https://images4-g.ravelrycache.com/uploads/thebecsknits/864178256/DB5FA808-06A7-4CB8-B415-4B15605D6F5D_medium.jpeg', 'thumbnail_url': 'https://images4-f.ravelrycache.com/uploads/thebecsknits/864178256/DB5FA808-06A7-4CB8-B415-4B15605D6F5D_thumbnail.jpeg', 'small_url': 'https://images4-g.ravelrycache.com/uploads/thebecsknits/864178256/DB5FA808-06A7-4CB8-B415-4B15605D6F5D_small.jpeg', 'flickr_url': None, 'shelved_url': 'https://images4-f.ravelrycache.com/uploads/thebecsknits/864178256/DB5FA808-06A7-4CB8-B415-4B15605D6F5D_shelved.jpeg', 'medium2_url': 'https://images4-a.ravelrycache.com/uploads/thebecsknits/864178256/DB5FA808-06A7-4CB8-B415-4B15605D6F5D_medium2.jpeg', 'small2_url': 'https://images4-g.ravelrycache.com/uploads/thebecsknits/864178256/DB5FA808-06A7-4CB8-B415-4B15605D6F5D_small2.jpeg', 'caption': None, 'caption_html': None, 'copyright_holder': 'goldenboyknits'}, {'id': 113952504, 'sort_order': 7, 'user_id': 10547874, 'x_offset': -5, 'y_offset': -35, 'square_url': 'https://images4-g.ravelrycache.com/uploads/thebecsknits/864178211/6BECD3B0-C754-48BB-98F1-2E19861772A8_1_102_o_square.jpeg', 'medium_url': 'https://images4-g.ravelrycache.com/uploads/thebecsknits/864178211/6BECD3B0-C754-48BB-98F1-2E19861772A8_1_102_o_medium.jpeg', 'thumbnail_url': 'https://images4-f.ravelrycache.com/uploads/thebecsknits/864178211/6BECD3B0-C754-48BB-98F1-2E19861772A8_1_102_o_thumbnail.jpeg', 'small_url': 'https://images4-g.ravelrycache.com/uploads/thebecsknits/864178211/6BECD3B0-C754-48BB-98F1-2E19861772A8_1_102_o_small.jpeg', 'flickr_url': None, 'shelved_url': 'https://images4-g.ravelrycache.com/uploads/thebecsknits/864178211/6BECD3B0-C754-48BB-98F1-2E19861772A8_1_102_o_shelved.jpeg', 'medium2_url': 'https://images4-a.ravelrycache.com/uploads/thebecsknits/864178211/6BECD3B0-C754-48BB-98F1-2E19861772A8_1_102_o_medium2.jpeg', 'small2_url': 'https://images4-g.ravelrycache.com/uploads/thebecsknits/864178211/6BECD3B0-C754-48BB-98F1-2E19861772A8_1_102_o_small2.jpeg', 'caption': None, 'caption_html': None, 'copyright_holder': 'lil.knits'}, {'id': 113952505, 'sort_order': 8, 'user_id': 10547874, 'x_offset': -1, 'y_offset': -2, 'square_url': 'https://images4-g.ravelrycache.com/uploads/thebecsknits/864178184/4FA8732A-86CE-4332-B6CA-BA512E5AEEC1_square.jpeg', 'medium_url': 'https://images4-g.ravelrycache.com/uploads/thebecsknits/864178184/4FA8732A-86CE-4332-B6CA-BA512E5AEEC1_medium.jpeg', 'thumbnail_url': 'https://images4-f.ravelrycache.com/uploads/thebecsknits/864178184/4FA8732A-86CE-4332-B6CA-BA512E5AEEC1_thumbnail.jpeg', 'small_url': 'https://images4-g.ravelrycache.com/uploads/thebecsknits/864178184/4FA8732A-86CE-4332-B6CA-BA512E5AEEC1_small_best_fit.jpeg', 'flickr_url': None, 'shelved_url': 'https://images4-g.ravelrycache.com/uploads/thebecsknits/864178184/4FA8732A-86CE-4332-B6CA-BA512E5AEEC1_shelved.jpeg', 'medium2_url': 'https://images4-a.ravelrycache.com/uploads/thebecsknits/864178184/4FA8732A-86CE-4332-B6CA-BA512E5AEEC1_medium2.jpeg', 'small2_url': 'https://images4-g.ravelrycache.com/uploads/thebecsknits/864178184/4FA8732A-86CE-4332-B6CA-BA512E5AEEC1_small2.jpeg', 'caption': None, 'caption_html': None, 'copyright_holder': 'indiashe'}, {'id': 113952506, 'sort_order': 9, 'user_id': 10547874, 'x_offset': -5, 'y_offset': -35, 'square_url': 'https://images4-f.ravelrycache.com/uploads/thebecsknits/864178418/FE9EE5F4-F1FD-44D2-9950-61E8705CFA81_1_105_c_square.jpeg', 'medium_url': 'https://images4-f.ravelrycache.com/uploads/thebecsknits/864178418/FE9EE5F4-F1FD-44D2-9950-61E8705CFA81_1_105_c_medium.jpeg', 'thumbnail_url': 'https://images4-g.ravelrycache.com/uploads/thebecsknits/864178418/FE9EE5F4-F1FD-44D2-9950-61E8705CFA81_1_105_c_thumbnail.jpeg', 'small_url': 'https://images4-f.ravelrycache.com/uploads/thebecsknits/864178418/FE9EE5F4-F1FD-44D2-9950-61E8705CFA81_1_105_c_small.jpeg', 'flickr_url': None, 'shelved_url': 'https://images4-f.ravelrycache.com/uploads/thebecsknits/864178418/FE9EE5F4-F1FD-44D2-9950-61E8705CFA81_1_105_c_shelved.jpeg', 'medium2_url': 'https://images4-a.ravelrycache.com/uploads/thebecsknits/864178418/FE9EE5F4-F1FD-44D2-9950-61E8705CFA81_1_105_c_medium2.jpeg', 'small2_url': 'https://images4-f.ravelrycache.com/uploads/thebecsknits/864178418/FE9EE5F4-F1FD-44D2-9950-61E8705CFA81_1_105_c_small2.jpeg', 'caption': None, 'caption_html': None, 'copyright_holder': 'hillary.knits'}, {'id': 113952507, 'sort_order': 10, 'user_id': 10547874, 'x_offset': 0, 'y_offset': -66, 'square_url': 'https://images4-f.ravelrycache.com/uploads/thebecsknits/864178404/1A7AA688-5AD5-419D-B4D4-3E36426395EB_square.jpeg', 'medium_url': 'https://images4-f.ravelrycache.com/uploads/thebecsknits/864178404/1A7AA688-5AD5-419D-B4D4-3E36426395EB_medium.jpeg', 'thumbnail_url': 'https://images4-g.ravelrycache.com/uploads/thebecsknits/864178404/1A7AA688-5AD5-419D-B4D4-3E36426395EB_thumbnail.jpeg', 'small_url': 'https://images4-g.ravelrycache.com/uploads/thebecsknits/864178404/1A7AA688-5AD5-419D-B4D4-3E36426395EB_small_best_fit.jpeg', 'flickr_url': None, 'shelved_url': 'https://images4-f.ravelrycache.com/uploads/thebecsknits/864178404/1A7AA688-5AD5-419D-B4D4-3E36426395EB_shelved.jpeg', 'medium2_url': 'https://images4-a.ravelrycache.com/uploads/thebecsknits/864178404/1A7AA688-5AD5-419D-B4D4-3E36426395EB_medium2.jpeg', 'small2_url': 'https://images4-f.ravelrycache.com/uploads/thebecsknits/864178404/1A7AA688-5AD5-419D-B4D4-3E36426395EB_small2.jpeg', 'caption': None, 'caption_html': None, 'copyright_holder': 'Charlalalalalong'}, {'id': 113952508, 'sort_order': 11, 'user_id': 10547874, 'x_offset': -5, 'y_offset': -35, 'square_url': 'https://images4-g.ravelrycache.com/uploads/thebecsknits/864177946/73CE597B-1881-4F47-87F5-3F92D76BC650_square.jpeg', 'medium_url': 'https://images4-g.ravelrycache.com/uploads/thebecsknits/864177946/73CE597B-1881-4F47-87F5-3F92D76BC650_medium.jpeg', 'thumbnail_url': 'https://images4-f.ravelrycache.com/uploads/thebecsknits/864177946/73CE597B-1881-4F47-87F5-3F92D76BC650_thumbnail.jpeg', 'small_url': 'https://images4-f.ravelrycache.com/uploads/thebecsknits/864177946/73CE597B-1881-4F47-87F5-3F92D76BC650_small.jpeg', 'flickr_url': None, 'shelved_url': 'https://images4-f.ravelrycache.com/uploads/thebecsknits/864177946/73CE597B-1881-4F47-87F5-3F92D76BC650_shelved.jpeg', 'medium2_url': 'https://images4-a.ravelrycache.com/uploads/thebecsknits/864177946/73CE597B-1881-4F47-87F5-3F92D76BC650_medium2.jpeg', 'small2_url': 'https://images4-g.ravelrycache.com/uploads/thebecsknits/864177946/73CE597B-1881-4F47-87F5-3F92D76BC650_small2.jpeg', 'caption': None, 'caption_html': None, 'copyright_holder': 'maritalaqueteje'}, {'id': 113952509, 'sort_order': 12, 'user_id': 10547874, 'x_offset': 0, 'y_offset': 0, 'square_url': 'https://images4-f.ravelrycache.com/uploads/thebecsknits/864177886/AAFCD80C-D4C6-44A7-8B56-FD1A097F496C_square.jpeg', 'medium_url': 'https://images4-f.ravelrycache.com/uploads/thebecsknits/864177886/AAFCD80C-D4C6-44A7-8B56-FD1A097F496C_medium.jpeg', 'thumbnail_url': 'https://images4-g.ravelrycache.com/uploads/thebecsknits/864177886/AAFCD80C-D4C6-44A7-8B56-FD1A097F496C_thumbnail.jpeg', 'small_url': 'https://images4-f.ravelrycache.com/uploads/thebecsknits/864177886/AAFCD80C-D4C6-44A7-8B56-FD1A097F496C_small_best_fit.jpeg', 'flickr_url': None, 'shelved_url': 'https://images4-g.ravelrycache.com/uploads/thebecsknits/864177886/AAFCD80C-D4C6-44A7-8B56-FD1A097F496C_shelved.jpeg', 'medium2_url': 'https://images4-a.ravelrycache.com/uploads/thebecsknits/864177886/AAFCD80C-D4C6-44A7-8B56-FD1A097F496C_medium2.jpeg', 'small2_url': 'https://images4-f.ravelrycache.com/uploads/thebecsknits/864177886/AAFCD80C-D4C6-44A7-8B56-FD1A097F496C_small2.jpeg', 'caption': None, 'caption_html': None, 'copyright_holder': 's.orevilo'}]"
Kieselstein / Pebble,Sjöfn Kristjánsdóttir,1254841,https://www.ravelry.com/patterns/library/kieselstein---pebble,False,https://images4-a.ravelrycache.com/uploads/stroff-knitting/864437207/2021-03-29-021423627_medium2.jpg,Knitting,"['unisex', 'adult', 'oversized', 'ribbed', 'crew-neck', 'turtleneck', 'long-sleeve', 'raglan-sleeve', 'one-piece', 'seamless', 'top-down', 'mock-turtleneck', 'positive-ease', 'written-pattern', 'in-the-round']",16.0,0.0,True,4.0,,pullover,Aran,8,0.0,"XS, S, M, L, XL","[{'id': 113969063, 'sort_order': 1, 'user_id': 10182477, 'x_offset': 0, 'y_offset': 0, 'square_url': 'https://images4-f.ravelrycache.com/uploads/stroff-knitting/864437207/2021-03-29-021423627_square.jpg', 'medium_url': 'https://images4-f.ravelrycache.com/uploads/stroff-knitting/864437207/2021-03-29-021423627_medium.jpg', 'thumbnail_url': 'https://images4-f.ravelrycache.com/uploads/stroff-knitting/864437207/2021-03-29-021423627_thumbnail.jpg', 'small_url': 'https://images4-f.ravelrycache.com/uploads/stroff-knitting/864437207/2021-03-29-021423627_small_best_fit.jpg', 'flickr_url': None, 'shelved_url': 'https://images4-f.ravelrycache.com/uploads/stroff-knitting/864437207/2021-03-29-021423627_shelved.jpg', 'medium2_url': 'https://images4-a.ravelrycache.com/uploads/stroff-knitting/864437207/2021-03-29-021423627_medium2.jpg', 'small2_url': 'https://images4-f.ravelrycache.com/uploads/stroff-knitting/864437207/2021-03-29-021423627_small2.jpg', 'caption': None, 'caption_html': None, 'copyright_holder': None}, {'id': 113969064, 'sort_order': 2, 'user_id': 10182477, 'x_offset': 0, 'y_offset': 0, 'square_url': 'https://images4-g.ravelrycache.com/uploads/stroff-knitting/864437211/2021-03-29-021442220_square.jpg', 'medium_url': 'https://images4-g.ravelrycache.com/uploads/stroff-knitting/864437211/2021-03-29-021442220_medium.jpg', 'thumbnail_url': 'https://images4-f.ravelrycache.com/uploads/stroff-knitting/864437211/2021-03-29-021442220_thumbnail.jpg', 'small_url': 'https://images4-f.ravelrycache.com/uploads/stroff-knitting/864437211/2021-03-29-021442220_small_best_fit.jpg', 'flickr_url': None, 'shelved_url': 'https://images4-g.ravelrycache.com/uploads/stroff-knitting/864437211/2021-03-29-021442220_shelved.jpg', 'medium2_url': 'https://images4-a.ravelrycache.com/uploads/stroff-knitting/864437211/2021-03-29-021442220_medium2.jpg', 'small2_url': 'https://images4-g.ravelrycache.com/uploads/stroff-knitting/864437211/2021-03-29-021442220_small2.jpg', 'caption': None, 'caption_html': None, 'copyright_holder': None}, {'id': 113969065, 'sort_order': 3, 'user_id': 10182477, 'x_offset': 0, 'y_offset': 0, 'square_url': 'https://images4-g.ravelrycache.com/uploads/stroff-knitting/864437209/2021-04-13-025312703_square.jpg', 'medium_url': 'https://images4-g.ravelrycache.com/uploads/stroff-knitting/864437209/2021-04-13-025312703_medium.jpg', 'thumbnail_url': 'https://images4-f.ravelrycache.com/uploads/stroff-knitting/864437209/2021-04-13-025312703_thumbnail.jpg', 'small_url': 'https://images4-f.ravelrycache.com/uploads/stroff-knitting/864437209/2021-04-13-025312703_small_best_fit.jpg', 'flickr_url': None, 'shelved_url': 'https://images4-f.ravelrycache.com/uploads/stroff-knitting/864437209/2021-04-13-025312703_shelved.jpg', 'medium2_url': 'https://images4-a.ravelrycache.com/uploads/stroff-knitting/864437209/2021-04-13-025312703_medium2.jpg', 'small2_url': 'https://images4-g.ravelrycache.com/uploads/stroff-knitting/864437209/2021-04-13-025312703_small2.jpg', 'caption': None, 'caption_html': None, 'copyright_holder': None}, {'id': 113969066, 'sort_order': 4, 'user_id': 10182477, 'x_offset': 0, 'y_offset': 0, 'square_url': 'https://images4-g.ravelrycache.com/uploads/stroff-knitting/864437208/2021-04-13-025255377_square.jpg', 'medium_url': 'https://images4-g.ravelrycache.com/uploads/stroff-knitting/864437208/2021-04-13-025255377_medium.jpg', 'thumbnail_url': 'https://images4-f.ravelrycache.com/uploads/stroff-knitting/864437208/2021-04-13-025255377_thumbnail.jpg', 'small_url': 'https://images4-g.ravelrycache.com/uploads/stroff-knitting/864437208/2021-04-13-025255377_small_best_fit.jpg', 'flickr_url': None, 'shelved_url': 'https://images4-f.ravelrycache.com/uploads/stroff-knitting/864437208/2021-04-13-025255377_shelved.jpg', 'medium2_url': 'https://images4-a.ravelrycache.com/uploads/stroff-knitting/864437208/2021-04-13-025255377_medium2.jpg', 'small2_url': 'https://images4-g.ravelrycache.com/uploads/stroff-knitting/864437208/2021-04-13-025255377_small2.jpg', 'caption': None, 'caption_html': None, 'copyright_holder': None}, {'id': 113969067, 'sort_order': 5, 'user_id': 10182477, 'x_offset': 0, 'y_offset': 0, 'square_url': 'https://images4-g.ravelrycache.com/uploads/stroff-knitting/864437210/2021-04-13-025141633_square.jpg', 'medium_url': 'https://images4-g.ravelrycache.com/uploads/stroff-knitting/864437210/2021-04-13-025141633_medium.jpg', 'thumbnail_url': 'https://images4-g.ravelrycache.com/uploads/stroff-knitting/864437210/2021-04-13-025141633_thumbnail.jpg', 'small_url': 'https://images4-f.ravelrycache.com/uploads/stroff-knitting/864437210/2021-04-13-025141633_small_best_fit.jpg', 'flickr_url': None, 'shelved_url': 'https://images4-g.ravelrycache.com/uploads/stroff-knitting/864437210/2021-04-13-025141633_shelved.jpg', 'medium2_url': 'https://images4-a.ravelrycache.com/uploads/stroff-knitting/864437210/2021-04-13-025141633_medium2.jpg', 'small2_url': 'https://images4-g.ravelrycache.com/uploads/stroff-knitting/864437210/2021-04-13-025141633_small2.jpg', 'caption': None, 'caption_html': None, 'copyright_holder': None}]"
Fern Forrest,Lisa Renner,1254999,https://www.ravelry.com/patterns/library/fern-forrest,False,https://images4-a.ravelrycache.com/uploads/LisaRennerCC/864587524/2B6A0148-2_medium2.jpg,Knitting,"['fitted', 'one-piece', 'seamless', 'short-rows', 'top-down', 'in-the-round']",21.0,3.8333333333333335,True,4.0,Stocking sts,pullover,Lace,11,4.666666666666667,"34 (36, 38, 40, 42)(44,46,48,50,52)","[{'id': 113987982, 'sort_order': 1, 'user_id': 7071492, 'x_offset': 0, 'y_offset': -35, 'square_url': 'https://images4-g.ravelrycache.com/uploads/LisaRennerCC/864587524/2B6A0148-2_square.jpg', 'medium_url': 'https://images4-g.ravelrycache.com/uploads/LisaRennerCC/864587524/2B6A0148-2_medium.jpg', 'thumbnail_url': 'https://images4-g.ravelrycache.com/uploads/LisaRennerCC/864587524/2B6A0148-2_thumbnail.jpg', 'small_url': 'https://images4-g.ravelrycache.com/uploads/LisaRennerCC/864587524/2B6A0148-2_small.jpg', 'flickr_url': None, 'shelved_url': 'https://images4-g.ravelrycache.com/uploads/LisaRennerCC/864587524/2B6A0148-2_shelved.jpg', 'medium2_url': 'https://images4-a.ravelrycache.com/uploads/LisaRennerCC/864587524/2B6A0148-2_medium2.jpg', 'small2_url': 'https://images4-g.ravelrycache.com/uploads/LisaRennerCC/864587524/2B6A0148-2_small2.jpg', 'caption': None, 'caption_html': None, 'copyright_holder': None}, {'id': 113987983, 'sort_order': 2, 'user_id': 7071492, 'x_offset': 0, 'y_offset': -35, 'square_url': 'https://images4-f.ravelrycache.com/uploads/LisaRennerCC/864587550/2B6A0134-2_square.jpg', 'medium_url': 'https://images4-f.ravelrycache.com/uploads/LisaRennerCC/864587550/2B6A0134-2_medium.jpg', 'thumbnail_url': 'https://images4-f.ravelrycache.com/uploads/LisaRennerCC/864587550/2B6A0134-2_thumbnail.jpg', 'small_url': 'https://images4-g.ravelrycache.com/uploads/LisaRennerCC/864587550/2B6A0134-2_small.jpg', 'flickr_url': None, 'shelved_url': 'https://images4-f.ravelrycache.com/uploads/LisaRennerCC/864587550/2B6A0134-2_shelved.jpg', 'medium2_url': 'https://images4-a.ravelrycache.com/uploads/LisaRennerCC/864587550/2B6A0134-2_medium2.jpg', 'small2_url': 'https://images4-f.ravelrycache.com/uploads/LisaRennerCC/864587550/2B6A0134-2_small2.jpg', 'caption': None, 'caption_html': None, 'copyright_holder': None}, {'id': 113987984, 'sort_order': 3, 'user_id': 7071492, 'x_offset': 0, 'y_offset': -35, 'square_url': 'https://images4-g.ravelrycache.com/uploads/LisaRennerCC/864587606/2B6A0209_square.jpg', 'medium_url': 'https://images4-g.ravelrycache.com/uploads/LisaRennerCC/864587606/2B6A0209_medium.jpg', 'thumbnail_url': 'https://images4-f.ravelrycache.com/uploads/LisaRennerCC/864587606/2B6A0209_thumbnail.jpg', 'small_url': 'https://images4-f.ravelrycache.com/uploads/LisaRennerCC/864587606/2B6A0209_small.jpg', 'flickr_url': None, 'shelved_url': 'https://images4-f.ravelrycache.com/uploads/LisaRennerCC/864587606/2B6A0209_shelved.jpg', 'medium2_url': 'https://images4-a.ravelrycache.com/uploads/LisaRennerCC/864587606/2B6A0209_medium2.jpg', 'small2_url': 'https://images4-g.ravelrycache.com/uploads/LisaRennerCC/864587606/2B6A0209_small2.jpg', 'caption': None, 'caption_html': None, 'copyright_holder': None}, {'id': 113987985, 'sort_order': 4, 'user_id': 7071492, 'x_offset': -142, 'y_offset': 0, 'square_url': 'https://images4-g.ravelrycache.com/uploads/LisaRennerCC/864587705/2B6A0130_square.jpg', 'medium_url': 'https://images4-g.ravelrycache.com/uploads/LisaRennerCC/864587705/2B6A0130_medium.jpg', 'thumbnail_url': 'https://images4-g.ravelrycache.com/uploads/LisaRennerCC/864587705/2B6A0130_thumbnail.jpg', 'small_url': 'https://images4-f.ravelrycache.com/uploads/LisaRennerCC/864587705/2B6A0130_small_best_fit.jpg', 'flickr_url': None, 'shelved_url': 'https://images4-g.ravelrycache.com/uploads/LisaRennerCC/864587705/2B6A0130_shelved.jpg', 'medium2_url': 'https://images4-a.ravelrycache.com/uploads/LisaRennerCC/864587705/2B6A0130_medium2.jpg', 'small2_url': 'https://images4-g.ravelrycache.com/uploads/LisaRennerCC/864587705/2B6A0130_small2.jpg', 'caption': None, 'caption_html': None, 'copyright_holder': None}]"
Sturmtief (Kinder) / Tempest sweater (junior),Sjöfn Kristjánsdóttir,1255047,https://www.ravelry.com/patterns/library/sturmtief-kinder---tempest-sweater-junior,False,https://images4-a.ravelrycache.com/uploads/stroff-knitting/864614053/_MG_0196_medium2.jpeg,Knitting,"['baby', 'toddler', 'child', 'crew-neck', 'long-sleeve', 'raglan-sleeve', 'straight', 'one-piece', 'seamless', 'top-down', 'written-pattern', 'in-the-round', 'twisted-stitches']",18.0,0.0,True,4.0,,child,DK,9,0.0,"6-12 Monate, 1-2 Jahre, 2-4 Jahre, 4-6 Jahre, 6-8 Jahre, 8-10 Jahre","[{'id': 113990721, 'sort_order': 1, 'user_id': 10182477, 'x_offset': 0, 'y_offset': -43, 'square_url': 'https://images4-g.ravelrycache.com/uploads/stroff-knitting/864614053/_MG_0196_square.jpeg', 'medium_url': 'https://images4-g.ravelrycache.com/uploads/stroff-knitting/864614053/_MG_0196_medium.jpeg', 'thumbnail_url': 'https://images4-g.ravelrycache.com/uploads/stroff-knitting/864614053/_MG_0196_thumbnail.jpeg', 'small_url': 'https://images4-g.ravelrycache.com/uploads/stroff-knitting/864614053/_MG_0196_small_best_fit.jpeg', 'flickr_url': None, 'shelved_url': 'https://images4-f.ravelrycache.com/uploads/stroff-knitting/864614053/_MG_0196_shelved.jpeg', 'medium2_url': 'https://images4-a.ravelrycache.com/uploads/stroff-knitting/864614053/_MG_0196_medium2.jpeg', 'small2_url': 'https://images4-g.ravelrycache.com/uploads/stroff-knitting/864614053/_MG_0196_small2.jpeg', 'caption': None, 'caption_html': None, 'copyright_holder': None}, {'id': 113990722, 'sort_order': 2, 'user_id': 10182477, 'x_offset': 0, 'y_offset': -76, 'square_url': 'https://images4-g.ravelrycache.com/uploads/stroff-knitting/864614055/_MG_0156_square.jpeg', 'medium_url': 'https://images4-g.ravelrycache.com/uploads/stroff-knitting/864614055/_MG_0156_medium.jpeg', 'thumbnail_url': 'https://images4-g.ravelrycache.com/uploads/stroff-knitting/864614055/_MG_0156_thumbnail.jpeg', 'small_url': 'https://images4-g.ravelrycache.com/uploads/stroff-knitting/864614055/_MG_0156_small_best_fit.jpeg', 'flickr_url': None, 'shelved_url': 'https://images4-g.ravelrycache.com/uploads/stroff-knitting/864614055/_MG_0156_shelved.jpeg', 'medium2_url': 'https://images4-a.ravelrycache.com/uploads/stroff-knitting/864614055/_MG_0156_medium2.jpeg', 'small2_url': 'https://images4-g.ravelrycache.com/uploads/stroff-knitting/864614055/_MG_0156_small2.jpeg', 'caption': None, 'caption_html': None, 'copyright_holder': None}, {'id': 113990723, 'sort_order': 3, 'user_id': 10182477, 'x_offset': -2, 'y_offset': -85, 'square_url': 'https://images4-g.ravelrycache.com/uploads/stroff-knitting/864614052/_MG_0825_square.jpeg', 'medium_url': 'https://images4-g.ravelrycache.com/uploads/stroff-knitting/864614052/_MG_0825_medium.jpeg', 'thumbnail_url': 'https://images4-g.ravelrycache.com/uploads/stroff-knitting/864614052/_MG_0825_thumbnail.jpeg', 'small_url': 'https://images4-g.ravelrycache.com/uploads/stroff-knitting/864614052/_MG_0825_small_best_fit.jpeg', 'flickr_url': None, 'shelved_url': 'https://images4-f.ravelrycache.com/uploads/stroff-knitting/864614052/_MG_0825_shelved.jpeg', 'medium2_url': 'https://images4-a.ravelrycache.com/uploads/stroff-knitting/864614052/_MG_0825_medium2.jpeg', 'small2_url': 'https://images4-g.ravelrycache.com/uploads/stroff-knitting/864614052/_MG_0825_small2.jpeg', 'caption': None, 'caption_html': None, 'copyright_holder': None}, {'id': 113990724, 'sort_order': 4, 'user_id': 10182477, 'x_offset': 0, 'y_offset': 0, 'square_url': 'https://images4-f.ravelrycache.com/uploads/stroff-knitting/864613931/6_square.png', 'medium_url': 'https://images4-g.ravelrycache.com/uploads/stroff-knitting/864613931/6_medium.png', 'thumbnail_url': 'https://images4-g.ravelrycache.com/uploads/stroff-knitting/864613931/6_thumbnail.png', 'small_url': 'https://images4-f.ravelrycache.com/uploads/stroff-knitting/864613931/6_small_best_fit.png', 'flickr_url': None, 'shelved_url': 'https://images4-g.ravelrycache.com/uploads/stroff-knitting/864613931/6_shelved.png', 'medium2_url': 'https://images4-a.ravelrycache.com/uploads/stroff-knitting/864613931/6_medium2.png', 'small2_url': 'https://images4-f.ravelrycache.com/uploads/stroff-knitting/864613931/6_small2.png', 'caption': None, 'caption_html': None, 'copyright_holder': None}, {'id': 113990725, 'sort_order': 5, 'user_id': 10182477, 'x_offset': 0, 'y_offset': 0, 'square_url': 'https://images4-g.ravelrycache.com/uploads/stroff-knitting/864613923/5_square.png', 'medium_url': 'https://images4-f.ravelrycache.com/uploads/stroff-knitting/864613923/5_medium.png', 'thumbnail_url': 'https://images4-g.ravelrycache.com/uploads/stroff-knitting/864613923/5_thumbnail.png', 'small_url': 'https://images4-g.ravelrycache.com/uploads/stroff-knitting/864613923/5_small_best_fit.png', 'flickr_url': None, 'shelved_url': 'https://images4-f.ravelrycache.com/uploads/stroff-knitting/864613923/5_shelved.png', 'medium2_url': 'https://images4-a.ravelrycache.com/uploads/stroff-knitting/864613923/5_medium2.png', 'small2_url': 'https://images4-g.ravelrycache.com/uploads/stroff-knitting/864613923/5_small2.png', 'caption': None, 'caption_html': None, 'copyright_holder': None}, {'id': 113990726, 'sort_order': 6, 'user_id': 10182477, 'x_offset': 0, 'y_offset': 0, 'square_url': 'https://images4-f.ravelrycache.com/uploads/stroff-knitting/864613925/4_square.png', 'medium_url': 'https://images4-g.ravelrycache.com/uploads/stroff-knitting/864613925/4_medium.png', 'thumbnail_url': 'https://images4-g.ravelrycache.com/uploads/stroff-knitting/864613925/4_thumbnail.png', 'small_url': 'https://images4-f.ravelrycache.com/uploads/stroff-knitting/864613925/4_small_best_fit.png', 'flickr_url': None, 'shelved_url': 'https://images4-f.ravelrycache.com/uploads/stroff-knitting/864613925/4_shelved.png', 'medium2_url': 'https://images4-a.ravelrycache.com/uploads/stroff-knitting/864613925/4_medium2.png', 'small2_url': 'https://images4-f.ravelrycache.com/uploads/stroff-knitting/864613925/4_small2.png', 'caption': None, 'caption_html': None, 'copyright_holder': None}, {'id': 113990727, 'sort_order': 7, 'user_id': 10182477, 'x_offset': 0, 'y_offset': 0, 'square_url': 'https://images4-g.ravelrycache.com/uploads/stroff-knitting/864613924/3_square.png', 'medium_url': 'https://images4-f.ravelrycache.com/uploads/stroff-knitting/864613924/3_medium.png', 'thumbnail_url': 'https://images4-f.ravelrycache.com/uploads/stroff-knitting/864613924/3_thumbnail.png', 'small_url': 'https://images4-f.ravelrycache.com/uploads/stroff-knitting/864613924/3_small_best_fit.png', 'flickr_url': None, 'shelved_url': 'https://images4-f.ravelrycache.com/uploads/stroff-knitting/864613924/3_shelved.png', 'medium2_url': 'https://images4-a.ravelrycache.com/uploads/stroff-knitting/864613924/3_medium2.png', 'small2_url': 'https://images4-g.ravelrycache.com/uploads/stroff-knitting/864613924/3_small2.png', 'caption': None, 'caption_html': None, 'copyright_holder': None}, {'id': 113990728, 'sort_order': 8, 'user_id': 10182477, 'x_offset': 0, 'y_offset': 0, 'square_url': 'https://images4-f.ravelrycache.com/uploads/stroff-knitting/864613921/2_square.png', 'medium_url': 'https://images4-g.ravelrycache.com/uploads/stroff-knitting/864613921/2_medium.png', 'thumbnail_url': 'https://images4-f.ravelrycache.com/uploads/stroff-knitting/864613921/2_thumbnail.png', 'small_url': 'https://images4-g.ravelrycache.com/uploads/stroff-knitting/864613921/2_small_best_fit.png', 'flickr_url': None, 'shelved_url': 'https://images4-g.ravelrycache.com/uploads/stroff-knitting/864613921/2_shelved.png', 'medium2_url': 'https://images4-a.ravelrycache.com/uploads/stroff-knitting/864613921/2_medium2.png', 'small2_url': 'https://images4-f.ravelrycache.com/uploads/stroff-knitting/864613921/2_small2.png', 'caption': None, 'caption_html': None, 'copyright_holder': None}, {'id': 113990729, 'sort_order': 9, 'user_id': 10182477, 'x_offset': 0, 'y_offset': 0, 'square_url': 'https://images4-f.ravelrycache.com/uploads/stroff-knitting/864613922/1_square.png', 'medium_url': 'https://images4-g.ravelrycache.com/uploads/stroff-knitting/864613922/1_medium.png', 'thumbnail_url': 'https://images4-g.ravelrycache.com/uploads/stroff-knitting/864613922/1_thumbnail.png', 'small_url': 'https://images4-f.ravelrycache.com/uploads/stroff-knitting/864613922/1_small_best_fit.png', 'flickr_url': None, 'shelved_url': 'https://images4-g.ravelrycache.com/uploads/stroff-knitting/864613922/1_shelved.png', 'medium2_url': 'https://images4-a.ravelrycache.com/uploads/stroff-knitting/864613922/1_medium2.png', 'small2_url': 'https://images4-f.ravelrycache.com/uploads/stroff-knitting/864613922/1_small2.png', 'caption': None, 'caption_html': None, 'copyright_holder': None}]"
Feder Kinderpullover / Feather sweater junior,Sjöfn Kristjánsdóttir,1255054,https://www.ravelry.com/patterns/library/feder-kinderpullover---feather-sweater-junior,False,https://images4-a.ravelrycache.com/uploads/stroff-knitting/864616896/20220419_115907_medium2.jpg,Knitting,"['female', 'unisex', 'baby', 'toddler', 'child', 'oversized', 'eyelets', 'lace', 'circular-yoke', 'crew-neck', 'scoop-neck', 'long-sleeve', 'raglan-sleeve', 'straight', 'aline', 'one-piece', 'seamless', 'top-down', 'positive-ease', 'chart', 'written-pattern', 'in-the-round', 'twisted-stitches']",18.0,2.0,True,4.0,,child,DK,10,5.0,"1-2 Jahre, 2-4 Jahre, 4-6 Jahre, 6-8 Jahre, 8-10 Jahre, 10-12 Jahre","[{'id': 113991107, 'sort_order': 1, 'user_id': 10182477, 'x_offset': 0, 'y_offset': 0, 'square_url': 'https://images4-f.ravelrycache.com/uploads/stroff-knitting/864616896/20220419_115907_square.jpg', 'medium_url': 'https://images4-f.ravelrycache.com/uploads/stroff-knitting/864616896/20220419_115907_medium.jpg', 'thumbnail_url': 'https://images4-f.ravelrycache.com/uploads/stroff-knitting/864616896/20220419_115907_thumbnail.jpg', 'small_url': 'https://images4-f.ravelrycache.com/uploads/stroff-knitting/864616896/20220419_115907_small_best_fit.jpg', 'flickr_url': None, 'shelved_url': 'https://images4-g.ravelrycache.com/uploads/stroff-knitting/864616896/20220419_115907_shelved.jpg', 'medium2_url': 'https://images4-a.ravelrycache.com/uploads/stroff-knitting/864616896/20220419_115907_medium2.jpg', 'small2_url': 'https://images4-f.ravelrycache.com/uploads/stroff-knitting/864616896/20220419_115907_small2.jpg', 'caption': None, 'caption_html': None, 'copyright_holder': None}, {'id': 113991108, 'sort_order': 2, 'user_id': 10182477, 'x_offset': 0, 'y_offset': -43, 'square_url': 'https://images4-f.ravelrycache.com/uploads/stroff-knitting/864616895/3F2A6070_square.JPG', 'medium_url': 'https://images4-f.ravelrycache.com/uploads/stroff-knitting/864616895/3F2A6070_medium.JPG', 'thumbnail_url': 'https://images4-f.ravelrycache.com/uploads/stroff-knitting/864616895/3F2A6070_thumbnail.JPG', 'small_url': 'https://images4-g.ravelrycache.com/uploads/stroff-knitting/864616895/3F2A6070_small_best_fit.JPG', 'flickr_url': None, 'shelved_url': 'https://images4-g.ravelrycache.com/uploads/stroff-knitting/864616895/3F2A6070_shelved.JPG', 'medium2_url': 'https://images4-a.ravelrycache.com/uploads/stroff-knitting/864616895/3F2A6070_medium2.JPG', 'small2_url': 'https://images4-f.ravelrycache.com/uploads/stroff-knitting/864616895/3F2A6070_small2.JPG', 'caption': None, 'caption_html': None, 'copyright_holder': None}, {'id': 113991109, 'sort_order': 3, 'user_id': 10182477, 'x_offset': 0, 'y_offset': -43, 'square_url': 'https://images4-f.ravelrycache.com/uploads/stroff-knitting/864616897/3F2A6068_square.JPG', 'medium_url': 'https://images4-f.ravelrycache.com/uploads/stroff-knitting/864616897/3F2A6068_medium.JPG', 'thumbnail_url': 'https://images4-g.ravelrycache.com/uploads/stroff-knitting/864616897/3F2A6068_thumbnail.JPG', 'small_url': 'https://images4-g.ravelrycache.com/uploads/stroff-knitting/864616897/3F2A6068_small_best_fit.JPG', 'flickr_url': None, 'shelved_url': 'https://images4-g.ravelrycache.com/uploads/stroff-knitting/864616897/3F2A6068_shelved.JPG', 'medium2_url': 'https://images4-a.ravelrycache.com/uploads/stroff-knitting/864616897/3F2A6068_medium2.JPG', 'small2_url': 'https://images4-f.ravelrycache.com/uploads/stroff-knitting/864616897/3F2A6068_small2.JPG', 'caption': None, 'caption_html': None, 'copyright_holder': None}, {'id': 113991110, 'sort_order': 4, 'user_id': 10182477, 'x_offset': 0, 'y_offset': -43, 'square_url': 'https://images4-f.ravelrycache.com/uploads/stroff-knitting/864616893/3F2A6060_square.JPG', 'medium_url': 'https://images4-f.ravelrycache.com/uploads/stroff-knitting/864616893/3F2A6060_medium.JPG', 'thumbnail_url': 'https://images4-g.ravelrycache.com/uploads/stroff-knitting/864616893/3F2A6060_thumbnail.JPG', 'small_url': 'https://images4-g.ravelrycache.com/uploads/stroff-knitting/864616893/3F2A6060_small_best_fit.JPG', 'flickr_url': None, 'shelved_url': 'https://images4-f.ravelrycache.com/uploads/stroff-knitting/864616893/3F2A6060_shelved.JPG', 'medium2_url': 'https://images4-a.ravelrycache.com/uploads/stroff-knitting/864616893/3F2A6060_medium2.JPG', 'small2_url': 'https://images4-f.ravelrycache.com/uploads/stroff-knitting/864616893/3F2A6060_small2.JPG', 'caption': None, 'caption_html': None, 'copyright_holder': None}, {'id': 113991111, 'sort_order': 5, 'user_id': 10182477, 'x_offset': 0, 'y_offset': 0, 'square_url': 'https://images4-g.ravelrycache.com/uploads/stroff-knitting/864616898/20210816125436_IMG_2036_square.JPG', 'medium_url': 'https://images4-g.ravelrycache.com/uploads/stroff-knitting/864616898/20210816125436_IMG_2036_medium.JPG', 'thumbnail_url': 'https://images4-g.ravelrycache.com/uploads/stroff-knitting/864616898/20210816125436_IMG_2036_thumbnail.JPG', 'small_url': 'https://images4-g.ravelrycache.com/uploads/stroff-knitting/864616898/20210816125436_IMG_2036_small_best_fit.JPG', 'flickr_url': None, 'shelved_url': 'https://images4-g.ravelrycache.com/uploads/stroff-knitting/864616898/20210816125436_IMG_2036_shelved.JPG', 'medium2_url': 'https://images4-a.ravelrycache.com/uploads/stroff-knitting/864616898/20210816125436_IMG_2036_medium2.JPG', 'small2_url': 'https://images4-g.ravelrycache.com/uploads/stroff-knitting/864616898/20210816125436_IMG_2036_small2.JPG', 'caption': None, 'caption_html': None, 'copyright_holder': None}, {'id': 113991112, 'sort_order': 6, 'user_id': 10182477, 'x_offset': 0, 'y_offset': 0, 'square_url': 'https://images4-g.ravelrycache.com/uploads/stroff-knitting/864616923/20210701151719_IMG_2004_square.JPG', 'medium_url': 'https://images4-g.ravelrycache.com/uploads/stroff-knitting/864616923/20210701151719_IMG_2004_medium.JPG', 'thumbnail_url': 'https://images4-g.ravelrycache.com/uploads/stroff-knitting/864616923/20210701151719_IMG_2004_thumbnail.JPG', 'small_url': 'https://images4-f.ravelrycache.com/uploads/stroff-knitting/864616923/20210701151719_IMG_2004_small_best_fit.JPG', 'flickr_url': None, 'shelved_url': 'https://images4-g.ravelrycache.com/uploads/stroff-knitting/864616923/20210701151719_IMG_2004_shelved.JPG', 'medium2_url': 'https://images4-a.ravelrycache.com/uploads/stroff-knitting/864616923/20210701151719_IMG_2004_medium2.JPG', 'small2_url': 'https://images4-g.ravelrycache.com/uploads/stroff-knitting/864616923/20210701151719_IMG_2004_small2.JPG', 'caption': None, 'caption_html': None, 'copyright_holder': None}, {'id': 113991113, 'sort_order': 7, 'user_id': 10182477, 'x_offset': 0, 'y_offset': 0, 'square_url': 'https://images4-g.ravelrycache.com/uploads/stroff-knitting/864616930/20210701151426_IMG_1994_square.JPG', 'medium_url': 'https://images4-g.ravelrycache.com/uploads/stroff-knitting/864616930/20210701151426_IMG_1994_medium.JPG', 'thumbnail_url': 'https://images4-g.ravelrycache.com/uploads/stroff-knitting/864616930/20210701151426_IMG_1994_thumbnail.JPG', 'small_url': 'https://images4-g.ravelrycache.com/uploads/stroff-knitting/864616930/20210701151426_IMG_1994_small_best_fit.JPG', 'flickr_url': None, 'shelved_url': 'https://images4-f.ravelrycache.com/uploads/stroff-knitting/864616930/20210701151426_IMG_1994_shelved.JPG', 'medium2_url': 'https://images4-a.ravelrycache.com/uploads/stroff-knitting/864616930/20210701151426_IMG_1994_medium2.JPG', 'small2_url': 'https://images4-g.ravelrycache.com/uploads/stroff-knitting/864616930/20210701151426_IMG_1994_small2.JPG', 'caption': None, 'caption_html': None, 'copyright_holder': None}, {'id': 113991114, 'sort_order': 8, 'user_id': 10182477, 'x_offset': 0, 'y_offset': 0, 'square_url': 'https://images4-g.ravelrycache.com/uploads/stroff-knitting/864616927/20210701151245_IMG_1988_square.JPG', 'medium_url': 'https://images4-g.ravelrycache.com/uploads/stroff-knitting/864616927/20210701151245_IMG_1988_medium.JPG', 'thumbnail_url': 'https://images4-g.ravelrycache.com/uploads/stroff-knitting/864616927/20210701151245_IMG_1988_thumbnail.JPG', 'small_url': 'https://images4-g.ravelrycache.com/uploads/stroff-knitting/864616927/20210701151245_IMG_1988_small_best_fit.JPG', 'flickr_url': None, 'shelved_url': 'https://images4-g.ravelrycache.com/uploads/stroff-knitting/864616927/20210701151245_IMG_1988_shelved.JPG', 'medium2_url': 'https://images4-a.ravelrycache.com/uploads/stroff-knitting/864616927/20210701151245_IMG_1988_medium2.JPG', 'small2_url': 'https://images4-g.ravelrycache.com/uploads/stroff-knitting/864616927/20210701151245_IMG_1988_small2.JPG', 'caption': None, 'caption_html': None, 'copyright_holder': None}, {'id': 113991115, 'sort_order': 9, 'user_id': 10182477, 'x_offset': 0, 'y_offset': 0, 'square_url': 'https://images4-g.ravelrycache.com/uploads/stroff-knitting/864616942/20210701151145_IMG_1987_square.JPG', 'medium_url': 'https://images4-g.ravelrycache.com/uploads/stroff-knitting/864616942/20210701151145_IMG_1987_medium.JPG', 'thumbnail_url': 'https://images4-f.ravelrycache.com/uploads/stroff-knitting/864616942/20210701151145_IMG_1987_thumbnail.JPG', 'small_url': 'https://images4-f.ravelrycache.com/uploads/stroff-knitting/864616942/20210701151145_IMG_1987_small_best_fit.JPG', 'flickr_url': None, 'shelved_url': 'https://images4-g.ravelrycache.com/uploads/stroff-knitting/864616942/20210701151145_IMG_1987_shelved.JPG', 'medium2_url': 'https://images4-a.ravelrycache.com/uploads/stroff-knitting/864616942/20210701151145_IMG_1987_medium2.JPG', 'small2_url': 'https://images4-g.ravelrycache.com/uploads/stroff-knitting/864616942/20210701151145_IMG_1987_small2.JPG', 'caption': None, 'caption_html': None, 'copyright_holder': None}, {'id': 113991116, 'sort_order': 10, 'user_id': 10182477, 'x_offset': 0, 'y_offset': 0, 'square_url': 'https://images4-g.ravelrycache.com/uploads/stroff-knitting/864616925/20210701151118_IMG_1984_square.JPG', 'medium_url': 'https://images4-g.ravelrycache.com/uploads/stroff-knitting/864616925/20210701151118_IMG_1984_medium.JPG', 'thumbnail_url': 'https://images4-f.ravelrycache.com/uploads/stroff-knitting/864616925/20210701151118_IMG_1984_thumbnail.JPG', 'small_url': 'https://images4-g.ravelrycache.com/uploads/stroff-knitting/864616925/20210701151118_IMG_1984_small_best_fit.JPG', 'flickr_url': None, 'shelved_url': 'https://images4-g.ravelrycache.com/uploads/stroff-knitting/864616925/20210701151118_IMG_1984_shelved.JPG', 'medium2_url': 'https://images4-a.ravelrycache.com/uploads/stroff-knitting/864616925/20210701151118_IMG_1984_medium2.JPG', 'small2_url': 'https://images4-g.ravelrycache.com/uploads/stroff-knitting/864616925/20210701151118_IMG_1984_small2.JPG', 'caption': None, 'caption_html': None, 'copyright_holder': None}, {'id': 113991117, 'sort_order': 11, 'user_id': 10182477, 'x_offset': 0, 'y_offset': 0, 'square_url': 'https://images4-g.ravelrycache.com/uploads/stroff-knitting/864616918/20210630133647_IMG_1974_square.JPG', 'medium_url': 'https://images4-g.ravelrycache.com/uploads/stroff-knitting/864616918/20210630133647_IMG_1974_medium.JPG', 'thumbnail_url': 'https://images4-g.ravelrycache.com/uploads/stroff-knitting/864616918/20210630133647_IMG_1974_thumbnail.JPG', 'small_url': 'https://images4-g.ravelrycache.com/uploads/stroff-knitting/864616918/20210630133647_IMG_1974_small_best_fit.JPG', 'flickr_url': None, 'shelved_url': 'https://images4-f.ravelrycache.com/uploads/stroff-knitting/864616918/20210630133647_IMG_1974_shelved.JPG', 'medium2_url': 'https://images4-a.ravelrycache.com/uploads/stroff-knitting/864616918/20210630133647_IMG_1974_medium2.JPG', 'small2_url': 'https://images4-g.ravelrycache.com/uploads/stroff-knitting/864616918/20210630133647_IMG_1974_small2.JPG', 'caption': None, 'caption_html': None, 'copyright_holder': None}, {'id': 113991118, 'sort_order': 12, 'user_id': 10182477, 'x_offset': 0, 'y_offset': 0, 'square_url': 'https://images4-g.ravelrycache.com/uploads/stroff-knitting/864616904/20220419_120130_square.jpg', 'medium_url': 'https://images4-g.ravelrycache.com/uploads/stroff-knitting/864616904/20220419_120130_medium.jpg', 'thumbnail_url': 'https://images4-f.ravelrycache.com/uploads/stroff-knitting/864616904/20220419_120130_thumbnail.jpg', 'small_url': 'https://images4-g.ravelrycache.com/uploads/stroff-knitting/864616904/20220419_120130_small_best_fit.jpg', 'flickr_url': None, 'shelved_url': 'https://images4-f.ravelrycache.com/uploads/stroff-knitting/864616904/20220419_120130_shelved.jpg', 'medium2_url': 'https://images4-a.ravelrycache.com/uploads/stroff-knitting/864616904/20220419_120130_medium2.jpg', 'small2_url': 'https://images4-g.ravelrycache.com/uploads/stroff-knitting/864616904/20220419_120130_small2.jpg', 'caption': None, 'caption_html': None, 'copyright_holder': None}, {'id': 113991119, 'sort_order': 13, 'user_id': 10182477, 'x_offset': 0, 'y_offset': 0, 'square_url': 'https://images4-f.ravelrycache.com/uploads/stroff-knitting/864616900/20220419_120012__1__square.jpg', 'medium_url': 'https://images4-f.ravelrycache.com/uploads/stroff-knitting/864616900/20220419_120012__1__medium.jpg', 'thumbnail_url': 'https://images4-f.ravelrycache.com/uploads/stroff-knitting/864616900/20220419_120012__1__thumbnail.jpg', 'small_url': 'https://images4-g.ravelrycache.com/uploads/stroff-knitting/864616900/20220419_120012__1__small_best_fit.jpg', 'flickr_url': None, 'shelved_url': 'https://images4-f.ravelrycache.com/uploads/stroff-knitting/864616900/20220419_120012__1__shelved.jpg', 'medium2_url': 'https://images4-a.ravelrycache.com/uploads/stroff-knitting/864616900/20220419_120012__1__medium2.jpg', 'small2_url': 'https://images4-f.ravelrycache.com/uploads/stroff-knitting/864616900/20220419_120012__1__small2.jpg', 'caption': None, 'caption_html': None, 'copyright_holder': None}, {'id': 113991120, 'sort_order': 14, 'user_id': 10182477, 'x_offset': 0, 'y_offset': 0, 'square_url': 'https://images4-g.ravelrycache.com/uploads/stroff-knitting/864616894/20220419_115925_square.jpg', 'medium_url': 'https://images4-g.ravelrycache.com/uploads/stroff-knitting/864616894/20220419_115925_medium.jpg', 'thumbnail_url': 'https://images4-f.ravelrycache.com/uploads/stroff-knitting/864616894/20220419_115925_thumbnail.jpg', 'small_url': 'https://images4-g.ravelrycache.com/uploads/stroff-knitting/864616894/20220419_115925_small_best_fit.jpg', 'flickr_url': None, 'shelved_url': 'https://images4-f.ravelrycache.com/uploads/stroff-knitting/864616894/20220419_115925_shelved.jpg', 'medium2_url': 'https://images4-a.ravelrycache.com/uploads/stroff-knitting/864616894/20220419_115925_medium2.jpg', 'small2_url': 'https://images4-g.ravelrycache.com/uploads/stroff-knitting/864616894/20220419_115925_small2.jpg', 'caption': None, 'caption_html': None, 'copyright_holder': None}, {'id': 113991121, 'sort_order': 15, 'user_id': 10182477, 'x_offset': 0, 'y_offset': -43, 'square_url': 'https://images4-f.ravelrycache.com/uploads/stroff-knitting/864616890/3F2A6096_square.JPG', 'medium_url': 'https://images4-f.ravelrycache.com/uploads/stroff-knitting/864616890/3F2A6096_medium.JPG', 'thumbnail_url': 'https://images4-g.ravelrycache.com/uploads/stroff-knitting/864616890/3F2A6096_thumbnail.JPG', 'small_url': 'https://images4-f.ravelrycache.com/uploads/stroff-knitting/864616890/3F2A6096_small_best_fit.JPG', 'flickr_url': None, 'shelved_url': 'https://images4-f.ravelrycache.com/uploads/stroff-knitting/864616890/3F2A6096_shelved.JPG', 'medium2_url': 'https://images4-a.ravelrycache.com/uploads/stroff-knitting/864616890/3F2A6096_medium2.JPG', 'small2_url': 'https://images4-f.ravelrycache.com/uploads/stroff-knitting/864616890/3F2A6096_small2.JPG', 'caption': None, 'caption_html': None, 'copyright_holder': None}]"
Flapper,Turquoise Toque Designs,1255150,https://www.ravelry.com/patterns/library/flapper-11,False,https://images4-a.ravelrycache.com/uploads/TurquoiseToque/864681352/upload_medium2,Knitting,"['female', 'adult', 'lace', 'crew-neck', 'short-sleeve', 'set-in-sleeve', 'bottom-up', 'positive-ease', 'chart', 'worked-flat', 'in-the-round', 'lace-edging']",26.0,3.5,True,4.0,Stocking Stitch,pullover,Fingering,19,4.5,"XS (S, M) (L, XL, 2X)","[{'id': 113999099, 'sort_order': 1, 'user_id': 135578, 'x_offset': 0, 'y_offset': 0, 'square_url': 'https://images4-g.ravelrycache.com/uploads/TurquoiseToque/864681352/upload_square', 'medium_url': 'https://images4-f.ravelrycache.com/uploads/TurquoiseToque/864681352/upload_medium', 'thumbnail_url': 'https://images4-f.ravelrycache.com/uploads/TurquoiseToque/864681352/upload_thumbnail', 'small_url': 'https://images4-f.ravelrycache.com/uploads/TurquoiseToque/864681352/upload_small_best_fit', 'flickr_url': None, 'shelved_url': 'https://images4-g.ravelrycache.com/uploads/TurquoiseToque/864681352/upload_shelved', 'medium2_url': 'https://images4-a.ravelrycache.com/uploads/TurquoiseToque/864681352/upload_medium2', 'small2_url': 'https://images4-g.ravelrycache.com/uploads/TurquoiseToque/864681352/upload_small2', 'caption': None, 'caption_html': None, 'copyright_holder': None}, {'id': 113999100, 'sort_order': 2, 'user_id': 135578, 'x_offset': -2, 'y_offset': -48, 'square_url': 'https://images4-f.ravelrycache.com/uploads/TurquoiseToque/864681243/upload_square', 'medium_url': 'https://images4-g.ravelrycache.com/uploads/TurquoiseToque/864681243/upload_medium', 'thumbnail_url': 'https://images4-f.ravelrycache.com/uploads/TurquoiseToque/864681243/upload_thumbnail', 'small_url': 'https://images4-f.ravelrycache.com/uploads/TurquoiseToque/864681243/upload_small', 'flickr_url': None, 'shelved_url': 'https://images4-g.ravelrycache.com/uploads/TurquoiseToque/864681243/upload_shelved', 'medium2_url': 'https://images4-a.ravelrycache.com/uploads/TurquoiseToque/864681243/upload_medium2', 'small2_url': 'https://images4-f.ravelrycache.com/uploads/TurquoiseToque/864681243/upload_small2', 'caption': None, 'caption_html': None, 'copyright_holder': None}, {'id': 113999101, 'sort_order': 3, 'user_id': 135578, 'x_offset': 0, 'y_offset': 0, 'square_url': 'https://images4-g.ravelrycache.com/uploads/TurquoiseToque/864453807/upload_square', 'medium_url': 'https://images4-f.ravelrycache.com/uploads/TurquoiseToque/864453807/upload_medium', 'thumbnail_url': 'https://images4-g.ravelrycache.com/uploads/TurquoiseToque/864453807/upload_thumbnail', 'small_url': 'https://images4-f.ravelrycache.com/uploads/TurquoiseToque/864453807/upload_small_best_fit', 'flickr_url': None, 'shelved_url': 'https://images4-f.ravelrycache.com/uploads/TurquoiseToque/864453807/upload_shelved', 'medium2_url': 'https://images4-a.ravelrycache.com/uploads/TurquoiseToque/864453807/upload_medium2', 'small2_url': 'https://images4-g.ravelrycache.com/uploads/TurquoiseToque/864453807/upload_small2', 'caption': None, 'caption_html': None, 'copyright_holder': None}, {'id': 113999102, 'sort_order': 4, 'user_id': 135578, 'x_offset': 0, 'y_offset': 0, 'square_url': 'https://images4-f.ravelrycache.com/uploads/TurquoiseToque/864681187/upload_square', 'medium_url': 'https://images4-g.ravelrycache.com/uploads/TurquoiseToque/864681187/upload_medium', 'thumbnail_url': 'https://images4-f.ravelrycache.com/uploads/TurquoiseToque/864681187/upload_thumbnail', 'small_url': 'https://images4-f.ravelrycache.com/uploads/TurquoiseToque/864681187/upload_small_best_fit', 'flickr_url': None, 'shelved_url': 'https://images4-g.ravelrycache.com/uploads/TurquoiseToque/864681187/upload_shelved', 'medium2_url': 'https://images4-a.ravelrycache.com/uploads/TurquoiseToque/864681187/upload_medium2', 'small2_url': 'https://images4-f.ravelrycache.com/uploads/TurquoiseToque/864681187/upload_small2', 'caption': None, 'caption_html': None, 'copyright_holder': None}, {'id': 113999103, 'sort_order': 5, 'user_id': 135578, 'x_offset': 0, 'y_offset': 0, 'square_url': 'https://images4-f.ravelrycache.com/uploads/TurquoiseToque/864453686/upload_square', 'medium_url': 'https://images4-g.ravelrycache.com/uploads/TurquoiseToque/864453686/upload_medium', 'thumbnail_url': 'https://images4-g.ravelrycache.com/uploads/TurquoiseToque/864453686/upload_thumbnail', 'small_url': 'https://images4-f.ravelrycache.com/uploads/TurquoiseToque/864453686/upload_small_best_fit', 'flickr_url': None, 'shelved_url': 'https://images4-g.ravelrycache.com/uploads/TurquoiseToque/864453686/upload_shelved', 'medium2_url': 'https://images4-a.ravelrycache.com/uploads/TurquoiseToque/864453686/upload_medium2', 'small2_url': 'https://images4-f.ravelrycache.com/uploads/TurquoiseToque/864453686/upload_small2', 'caption': None, 'caption_html': None, 'copyright_holder': None}, {'id': 113999104, 'sort_order': 6, 'user_id': 135578, 'x_offset': 0, 'y_offset': 0, 'square_url': 'https://images4-f.ravelrycache.com/uploads/TurquoiseToque/864453403/upload_square', 'medium_url': 'https://images4-g.ravelrycache.com/uploads/TurquoiseToque/864453403/upload_medium', 'thumbnail_url': 'https://images4-f.ravelrycache.com/uploads/TurquoiseToque/864453403/upload_thumbnail', 'small_url': 'https://images4-f.ravelrycache.com/uploads/TurquoiseToque/864453403/upload_small_best_fit', 'flickr_url': None, 'shelved_url': 'https://images4-g.ravelrycache.com/uploads/TurquoiseToque/864453403/upload_shelved', 'medium2_url': 'https://images4-a.ravelrycache.com/uploads/TurquoiseToque/864453403/upload_medium2', 'small2_url': 'https://images4-f.ravelrycache.com/uploads/TurquoiseToque/864453403/upload_small2', 'caption': None, 'caption_html': None, 'copyright_holder': None}, {'id': 113999105, 'sort_order': 7, 'user_id': 135578, 'x_offset': 0, 'y_offset': 0, 'square_url': 'https://images4-f.ravelrycache.com/uploads/TurquoiseToque/864453395/upload_square', 'medium_url': 'https://images4-g.ravelrycache.com/uploads/TurquoiseToque/864453395/upload_medium', 'thumbnail_url': 'https://images4-f.ravelrycache.com/uploads/TurquoiseToque/864453395/upload_thumbnail', 'small_url': 'https://images4-f.ravelrycache.com/uploads/TurquoiseToque/864453395/upload_small_best_fit', 'flickr_url': None, 'shelved_url': 'https://images4-f.ravelrycache.com/uploads/TurquoiseToque/864453395/upload_shelved', 'medium2_url': 'https://images4-a.ravelrycache.com/uploads/TurquoiseToque/864453395/upload_medium2', 'small2_url': 'https://images4-f.ravelrycache.com/uploads/TurquoiseToque/864453395/upload_small2', 'caption': None, 'caption_html': None, 'copyright_holder': None}, {'id': 113999106, 'sort_order': 8, 'user_id': 135578, 'x_offset': 0, 'y_offset': 0, 'square_url': 'https://images4-f.ravelrycache.com/uploads/TurquoiseToque/864453522/upload_square', 'medium_url': 'https://images4-g.ravelrycache.com/uploads/TurquoiseToque/864453522/upload_medium', 'thumbnail_url': 'https://images4-g.ravelrycache.com/uploads/TurquoiseToque/864453522/upload_thumbnail', 'small_url': 'https://images4-g.ravelrycache.com/uploads/TurquoiseToque/864453522/upload_small_best_fit', 'flickr_url': None, 'shelved_url': 'https://images4-g.ravelrycache.com/uploads/TurquoiseToque/864453522/upload_shelved', 'medium2_url': 'https://images4-a.ravelrycache.com/uploads/TurquoiseToque/864453522/upload_medium2', 'small2_url': 'https://images4-f.ravelrycache.com/uploads/TurquoiseToque/864453522/upload_small2', 'caption': None, 'caption_html': None, 'copyright_holder': None}, {'id': 113999107, 'sort_order': 9, 'user_id': 135578, 'x_offset': 0, 'y_offset': 0, 'square_url': 'https://images4-g.ravelrycache.com/uploads/TurquoiseToque/864453528/upload_square', 'medium_url': 'https://images4-f.ravelrycache.com/uploads/TurquoiseToque/864453528/upload_medium', 'thumbnail_url': 'https://images4-g.ravelrycache.com/uploads/TurquoiseToque/864453528/upload_thumbnail', 'small_url': 'https://images4-g.ravelrycache.com/uploads/TurquoiseToque/864453528/upload_small_best_fit', 'flickr_url': None, 'shelved_url': 'https://images4-g.ravelrycache.com/uploads/TurquoiseToque/864453528/upload_shelved', 'medium2_url': 'https://images4-a.ravelrycache.com/uploads/TurquoiseToque/864453528/upload_medium2', 'small2_url': 'https://images4-g.ravelrycache.com/uploads/TurquoiseToque/864453528/upload_small2', 'caption': None, 'caption_html': None, 'copyright_holder': None}, {'id': 113999108, 'sort_order': 10, 'user_id': 135578, 'x_offset': 0, 'y_offset': 0, 'square_url': 'https://images4-g.ravelrycache.com/uploads/TurquoiseToque/864453517/upload_square', 'medium_url': 'https://images4-f.ravelrycache.com/uploads/TurquoiseToque/864453517/upload_medium', 'thumbnail_url': 'https://images4-f.ravelrycache.com/uploads/TurquoiseToque/864453517/upload_thumbnail', 'small_url': 'https://images4-g.ravelrycache.com/uploads/TurquoiseToque/864453517/upload_small_best_fit', 'flickr_url': None, 'shelved_url': 'https://images4-f.ravelrycache.com/uploads/TurquoiseToque/864453517/upload_shelved', 'medium2_url': 'https://images4-a.ravelrycache.com/uploads/TurquoiseToque/864453517/upload_medium2', 'small2_url': 'https://images4-g.ravelrycache.com/uploads/TurquoiseToque/864453517/upload_small2', 'caption': None, 'caption_html': None, 'copyright_holder': None}]"
Cosmic Rings,Annie Lupton,1255320,https://www.ravelry.com/patterns/library/cosmic-rings,False,https://images4-a.ravelrycache.com/uploads/BohoChicFiberCo/864783074/Cosmic_Rings_flat_1_medium2.HEIC,Knitting,"['unisex', 'teen', 'adult', 'one-piece', 'seamless', 'top-down', 'positive-ease', 'written-pattern', 'in-the-round', 'male', 'female']",20.0,2.2,True,4.0,stockinette st,pullover,Sport,14,4.6,"32 (36, 40, 44, 48) (52, 56, 60, 64, 68)” / 81.5 (91.5, 101.5, 112, 122) (132, 142.5, 152.5, 162.5, 172.5) cm Bust ","[{'id': 114012225, 'sort_order': 1, 'user_id': 841030, 'x_offset': 0, 'y_offset': 0, 'square_url': 'https://images4-f.ravelrycache.com/uploads/BohoChicFiberCo/864783074/Cosmic_Rings_flat_1_square.HEIC', 'medium_url': 'https://images4-f.ravelrycache.com/uploads/BohoChicFiberCo/864783074/Cosmic_Rings_flat_1_medium.HEIC', 'thumbnail_url': 'https://images4-g.ravelrycache.com/uploads/BohoChicFiberCo/864783074/Cosmic_Rings_flat_1_thumbnail.HEIC', 'small_url': 'https://images4-g.ravelrycache.com/uploads/BohoChicFiberCo/864783074/Cosmic_Rings_flat_1_small_best_fit.HEIC', 'flickr_url': None, 'shelved_url': 'https://images4-f.ravelrycache.com/uploads/BohoChicFiberCo/864783074/Cosmic_Rings_flat_1_shelved.HEIC', 'medium2_url': 'https://images4-a.ravelrycache.com/uploads/BohoChicFiberCo/864783074/Cosmic_Rings_flat_1_medium2.HEIC', 'small2_url': 'https://images4-f.ravelrycache.com/uploads/BohoChicFiberCo/864783074/Cosmic_Rings_flat_1_small2.HEIC', 'caption': None, 'caption_html': None, 'copyright_holder': None}, {'id': 114012226, 'sort_order': 2, 'user_id': 841030, 'x_offset': 0, 'y_offset': 0, 'square_url': 'https://images4-g.ravelrycache.com/uploads/BohoChicFiberCo/863618988/Cosmic_Rings_15_square.jpg', 'medium_url': 'https://images4-g.ravelrycache.com/uploads/BohoChicFiberCo/863618988/Cosmic_Rings_15_medium.jpg', 'thumbnail_url': 'https://images4-g.ravelrycache.com/uploads/BohoChicFiberCo/863618988/Cosmic_Rings_15_thumbnail.jpg', 'small_url': 'https://images4-f.ravelrycache.com/uploads/BohoChicFiberCo/863618988/Cosmic_Rings_15_small_best_fit.jpg', 'flickr_url': None, 'shelved_url': 'https://images4-f.ravelrycache.com/uploads/BohoChicFiberCo/863618988/Cosmic_Rings_15_shelved.jpg', 'medium2_url': 'https://images4-a.ravelrycache.com/uploads/BohoChicFiberCo/863618988/Cosmic_Rings_15_medium2.jpg', 'small2_url': 'https://images4-g.ravelrycache.com/uploads/BohoChicFiberCo/863618988/Cosmic_Rings_15_small2.jpg', 'caption': None, 'caption_html': None, 'copyright_holder': None}, {'id': 114012227, 'sort_order': 3, 'user_id': 841030, 'x_offset': 0, 'y_offset': 0, 'square_url': 'https://images4-f.ravelrycache.com/uploads/BohoChicFiberCo/863618994/Cosmic_Rings_18_square.jpg', 'medium_url': 'https://images4-f.ravelrycache.com/uploads/BohoChicFiberCo/863618994/Cosmic_Rings_18_medium.jpg', 'thumbnail_url': 'https://images4-f.ravelrycache.com/uploads/BohoChicFiberCo/863618994/Cosmic_Rings_18_thumbnail.jpg', 'small_url': 'https://images4-g.ravelrycache.com/uploads/BohoChicFiberCo/863618994/Cosmic_Rings_18_small_best_fit.jpg', 'flickr_url': None, 'shelved_url': 'https://images4-g.ravelrycache.com/uploads/BohoChicFiberCo/863618994/Cosmic_Rings_18_shelved.jpg', 'medium2_url': 'https://images4-a.ravelrycache.com/uploads/BohoChicFiberCo/863618994/Cosmic_Rings_18_medium2.jpg', 'small2_url': 'https://images4-f.ravelrycache.com/uploads/BohoChicFiberCo/863618994/Cosmic_Rings_18_small2.jpg', 'caption': None, 'caption_html': None, 'copyright_holder': None}, {'id': 114012228, 'sort_order': 4, 'user_id': 841030, 'x_offset': 0, 'y_offset': 0, 'square_url': 'https://images4-f.ravelrycache.com/uploads/BohoChicFiberCo/864783078/Cosmic_Rings_flat_2_square.HEIC', 'medium_url': 'https://images4-f.ravelrycache.com/uploads/BohoChicFiberCo/864783078/Cosmic_Rings_flat_2_medium.HEIC', 'thumbnail_url': 'https://images4-g.ravelrycache.com/uploads/BohoChicFiberCo/864783078/Cosmic_Rings_flat_2_thumbnail.HEIC', 'small_url': 'https://images4-g.ravelrycache.com/uploads/BohoChicFiberCo/864783078/Cosmic_Rings_flat_2_small_best_fit.HEIC', 'flickr_url': None, 'shelved_url': 'https://images4-g.ravelrycache.com/uploads/BohoChicFiberCo/864783078/Cosmic_Rings_flat_2_shelved.HEIC', 'medium2_url': 'https://images4-a.ravelrycache.com/uploads/BohoChicFiberCo/864783078/Cosmic_Rings_flat_2_medium2.HEIC', 'small2_url': 'https://images4-f.ravelrycache.com/uploads/BohoChicFiberCo/864783078/Cosmic_Rings_flat_2_small2.HEIC', 'caption': None, 'caption_html': None, 'copyright_holder': None}, {'id': 114012229, 'sort_order': 5, 'user_id': 841030, 'x_offset': 0, 'y_offset': 0, 'square_url': 'https://images4-g.ravelrycache.com/uploads/BohoChicFiberCo/863618992/Cosmic_Rings_20_square.jpg', 'medium_url': 'https://images4-g.ravelrycache.com/uploads/BohoChicFiberCo/863618992/Cosmic_Rings_20_medium.jpg', 'thumbnail_url': 'https://images4-f.ravelrycache.com/uploads/BohoChicFiberCo/863618992/Cosmic_Rings_20_thumbnail.jpg', 'small_url': 'https://images4-f.ravelrycache.com/uploads/BohoChicFiberCo/863618992/Cosmic_Rings_20_small_best_fit.jpg', 'flickr_url': None, 'shelved_url': 'https://images4-g.ravelrycache.com/uploads/BohoChicFiberCo/863618992/Cosmic_Rings_20_shelved.jpg', 'medium2_url': 'https://images4-a.ravelrycache.com/uploads/BohoChicFiberCo/863618992/Cosmic_Rings_20_medium2.jpg', 'small2_url': 'https://images4-g.ravelrycache.com/uploads/BohoChicFiberCo/863618992/Cosmic_Rings_20_small2.jpg', 'caption': None, 'caption_html': None, 'copyright_holder': None}, {'id': 114012230, 'sort_order': 6, 'user_id': 841030, 'x_offset': 0, 'y_offset': 0, 'square_url': 'https://images4-g.ravelrycache.com/uploads/BohoChicFiberCo/863618987/Cosmic_Rings_7_square.jpg', 'medium_url': 'https://images4-g.ravelrycache.com/uploads/BohoChicFiberCo/863618987/Cosmic_Rings_7_medium.jpg', 'thumbnail_url': 'https://images4-g.ravelrycache.com/uploads/BohoChicFiberCo/863618987/Cosmic_Rings_7_thumbnail.jpg', 'small_url': 'https://images4-g.ravelrycache.com/uploads/BohoChicFiberCo/863618987/Cosmic_Rings_7_small_best_fit.jpg', 'flickr_url': None, 'shelved_url': 'https://images4-g.ravelrycache.com/uploads/BohoChicFiberCo/863618987/Cosmic_Rings_7_shelved.jpg', 'medium2_url': 'https://images4-a.ravelrycache.com/uploads/BohoChicFiberCo/863618987/Cosmic_Rings_7_medium2.jpg', 'small2_url': 'https://images4-g.ravelrycache.com/uploads/BohoChicFiberCo/863618987/Cosmic_Rings_7_small2.jpg', 'caption': None, 'caption_html': None, 'copyright_holder': None}, {'id': 114012231, 'sort_order': 7, 'user_id': 841030, 'x_offset': 0, 'y_offset': 0, 'square_url': 'https://images4-g.ravelrycache.com/uploads/BohoChicFiberCo/863618984/Cosmic_Rings_25_square.jpg', 'medium_url': 'https://images4-g.ravelrycache.com/uploads/BohoChicFiberCo/863618984/Cosmic_Rings_25_medium.jpg', 'thumbnail_url': 'https://images4-f.ravelrycache.com/uploads/BohoChicFiberCo/863618984/Cosmic_Rings_25_thumbnail.jpg', 'small_url': 'https://images4-g.ravelrycache.com/uploads/BohoChicFiberCo/863618984/Cosmic_Rings_25_small_best_fit.jpg', 'flickr_url': None, 'shelved_url': 'https://images4-f.ravelrycache.com/uploads/BohoChicFiberCo/863618984/Cosmic_Rings_25_shelved.jpg', 'medium2_url': 'https://images4-a.ravelrycache.com/uploads/BohoChicFiberCo/863618984/Cosmic_Rings_25_medium2.jpg', 'small2_url': 'https://images4-g.ravelrycache.com/uploads/BohoChicFiberCo/863618984/Cosmic_Rings_25_small2.jpg', 'caption': None, 'caption_html': None, 'copyright_holder': None}, {'id': 114012232, 'sort_order': 8, 'user_id': 841030, 'x_offset': 0, 'y_offset': 0, 'square_url': 'https://images4-f.ravelrycache.com/uploads/BohoChicFiberCo/863618985/Cosmic_Rings_5_square.jpg', 'medium_url': 'https://images4-f.ravelrycache.com/uploads/BohoChicFiberCo/863618985/Cosmic_Rings_5_medium.jpg', 'thumbnail_url': 'https://images4-f.ravelrycache.com/uploads/BohoChicFiberCo/863618985/Cosmic_Rings_5_thumbnail.jpg', 'small_url': 'https://images4-f.ravelrycache.com/uploads/BohoChicFiberCo/863618985/Cosmic_Rings_5_small_best_fit.jpg', 'flickr_url': None, 'shelved_url': 'https://images4-f.ravelrycache.com/uploads/BohoChicFiberCo/863618985/Cosmic_Rings_5_shelved.jpg', 'medium2_url': 'https://images4-a.ravelrycache.com/uploads/BohoChicFiberCo/863618985/Cosmic_Rings_5_medium2.jpg', 'small2_url': 'https://images4-f.ravelrycache.com/uploads/BohoChicFiberCo/863618985/Cosmic_Rings_5_small2.jpg', 'caption': None, 'caption_html': None, 'copyright_holder': None}, {'id': 114012233, 'sort_order': 9, 'user_id': 841030, 'x_offset': 0, 'y_offset': 0, 'square_url': 'https://images4-f.ravelrycache.com/uploads/BohoChicFiberCo/863618990/Cosmic_Rings_22_square.jpg', 'medium_url': 'https://images4-f.ravelrycache.com/uploads/BohoChicFiberCo/863618990/Cosmic_Rings_22_medium.jpg', 'thumbnail_url': 'https://images4-f.ravelrycache.com/uploads/BohoChicFiberCo/863618990/Cosmic_Rings_22_thumbnail.jpg', 'small_url': 'https://images4-g.ravelrycache.com/uploads/BohoChicFiberCo/863618990/Cosmic_Rings_22_small_best_fit.jpg', 'flickr_url': None, 'shelved_url': 'https://images4-g.ravelrycache.com/uploads/BohoChicFiberCo/863618990/Cosmic_Rings_22_shelved.jpg', 'medium2_url': 'https://images4-a.ravelrycache.com/uploads/BohoChicFiberCo/863618990/Cosmic_Rings_22_medium2.jpg', 'small2_url': 'https://images4-f.ravelrycache.com/uploads/BohoChicFiberCo/863618990/Cosmic_Rings_22_small2.jpg', 'caption': None, 'caption_html': None, 'copyright_holder': None}, {'id': 114012234, 'sort_order': 10, 'user_id': 841030, 'x_offset': 0, 'y_offset': 0, 'square_url': 'https://images4-g.ravelrycache.com/uploads/BohoChicFiberCo/863619006/Cosmic_Rings_19_square.jpg', 'medium_url': 'https://images4-g.ravelrycache.com/uploads/BohoChicFiberCo/863619006/Cosmic_Rings_19_medium.jpg', 'thumbnail_url': 'https://images4-f.ravelrycache.com/uploads/BohoChicFiberCo/863619006/Cosmic_Rings_19_thumbnail.jpg', 'small_url': 'https://images4-f.ravelrycache.com/uploads/BohoChicFiberCo/863619006/Cosmic_Rings_19_small_best_fit.jpg', 'flickr_url': None, 'shelved_url': 'https://images4-g.ravelrycache.com/uploads/BohoChicFiberCo/863619006/Cosmic_Rings_19_shelved.jpg', 'medium2_url': 'https://images4-a.ravelrycache.com/uploads/BohoChicFiberCo/863619006/Cosmic_Rings_19_medium2.jpg', 'small2_url': 'https://images4-g.ravelrycache.com/uploads/BohoChicFiberCo/863619006/Cosmic_Rings_19_small2.jpg', 'caption': None, 'caption_html': None, 'copyright_holder': None}, {'id': 114012235, 'sort_order': 11, 'user_id': 841030, 'x_offset': 0, 'y_offset': 0, 'square_url': 'https://images4-f.ravelrycache.com/uploads/BohoChicFiberCo/863618991/Cosmic_Rings_21_square.jpg', 'medium_url': 'https://images4-f.ravelrycache.com/uploads/BohoChicFiberCo/863618991/Cosmic_Rings_21_medium.jpg', 'thumbnail_url': 'https://images4-f.ravelrycache.com/uploads/BohoChicFiberCo/863618991/Cosmic_Rings_21_thumbnail.jpg', 'small_url': 'https://images4-f.ravelrycache.com/uploads/BohoChicFiberCo/863618991/Cosmic_Rings_21_small_best_fit.jpg', 'flickr_url': None, 'shelved_url': 'https://images4-f.ravelrycache.com/uploads/BohoChicFiberCo/863618991/Cosmic_Rings_21_shelved.jpg', 'medium2_url': 'https://images4-a.ravelrycache.com/uploads/BohoChicFiberCo/863618991/Cosmic_Rings_21_medium2.jpg', 'small2_url': 'https://images4-f.ravelrycache.com/uploads/BohoChicFiberCo/863618991/Cosmic_Rings_21_small2.jpg', 'caption': None, 'caption_html': None, 'copyright_holder': None}, {'id': 114012236, 'sort_order': 12, 'user_id': 841030, 'x_offset': 0, 'y_offset': 0, 'square_url': 'https://images4-g.ravelrycache.com/uploads/BohoChicFiberCo/863618986/Cosmic_Rings_13_square.jpg', 'medium_url': 'https://images4-g.ravelrycache.com/uploads/BohoChicFiberCo/863618986/Cosmic_Rings_13_medium.jpg', 'thumbnail_url': 'https://images4-g.ravelrycache.com/uploads/BohoChicFiberCo/863618986/Cosmic_Rings_13_thumbnail.jpg', 'small_url': 'https://images4-f.ravelrycache.com/uploads/BohoChicFiberCo/863618986/Cosmic_Rings_13_small_best_fit.jpg', 'flickr_url': None, 'shelved_url': 'https://images4-g.ravelrycache.com/uploads/BohoChicFiberCo/863618986/Cosmic_Rings_13_shelved.jpg', 'medium2_url': 'https://images4-a.ravelrycache.com/uploads/BohoChicFiberCo/863618986/Cosmic_Rings_13_medium2.jpg', 'small2_url': 'https://images4-g.ravelrycache.com/uploads/BohoChicFiberCo/863618986/Cosmic_Rings_13_small2.jpg', 'caption': None, 'caption_html': None, 'copyright_holder': None}, {'id': 114012237, 'sort_order': 13, 'user_id': 841030, 'x_offset': 0, 'y_offset': 0, 'square_url': 'https://images4-g.ravelrycache.com/uploads/BohoChicFiberCo/863618989/Cosmic_Rings_17_square.jpg', 'medium_url': 'https://images4-g.ravelrycache.com/uploads/BohoChicFiberCo/863618989/Cosmic_Rings_17_medium.jpg', 'thumbnail_url': 'https://images4-g.ravelrycache.com/uploads/BohoChicFiberCo/863618989/Cosmic_Rings_17_thumbnail.jpg', 'small_url': 'https://images4-f.ravelrycache.com/uploads/BohoChicFiberCo/863618989/Cosmic_Rings_17_small_best_fit.jpg', 'flickr_url': None, 'shelved_url': 'https://images4-f.ravelrycache.com/uploads/BohoChicFiberCo/863618989/Cosmic_Rings_17_shelved.jpg', 'medium2_url': 'https://images4-a.ravelrycache.com/uploads/BohoChicFiberCo/863618989/Cosmic_Rings_17_medium2.jpg', 'small2_url': 'https://images4-g.ravelrycache.com/uploads/BohoChicFiberCo/863618989/Cosmic_Rings_17_small2.jpg', 'caption': None, 'caption_html': None, 'copyright_holder': None}, {'id': 114012238, 'sort_order': 14, 'user_id': 841030, 'x_offset': 0, 'y_offset': 0, 'square_url': 'https://images4-g.ravelrycache.com/uploads/BohoChicFiberCo/863618993/Cosmic_Rings_9_square.jpg', 'medium_url': 'https://images4-g.ravelrycache.com/uploads/BohoChicFiberCo/863618993/Cosmic_Rings_9_medium.jpg', 'thumbnail_url': 'https://images4-g.ravelrycache.com/uploads/BohoChicFiberCo/863618993/Cosmic_Rings_9_thumbnail.jpg', 'small_url': 'https://images4-g.ravelrycache.com/uploads/BohoChicFiberCo/863618993/Cosmic_Rings_9_small_best_fit.jpg', 'flickr_url': None, 'shelved_url': 'https://images4-g.ravelrycache.com/uploads/BohoChicFiberCo/863618993/Cosmic_Rings_9_shelved.jpg', 'medium2_url': 'https://images4-a.ravelrycache.com/uploads/BohoChicFiberCo/863618993/Cosmic_Rings_9_medium2.jpg', 'small2_url': 'https://images4-g.ravelrycache.com/uploads/BohoChicFiberCo/863618993/Cosmic_Rings_9_small2.jpg', 'caption': None, 'caption_html': None, 'copyright_holder': None}]"
Modine,Paula Pereira,1255466,https://www.ravelry.com/patterns/library/modine,False,https://images4-a.ravelrycache.com/uploads/brooklyntweed/853346961/Modine_by_Paula_Pereira_Brooklyn_Tweed_BT_Littles_COVER_medium2.jpg,Knitting,"['unisex', 'toddler', 'child', 'ribbed', 'circular-yoke', 'crew-neck', 'long-sleeve', 'straight', 'kitchener', 'seamless', 'short-rows', 'top-down', 'chart', 'phototutorial', 'written-pattern', 'video-tutorial', 'in-the-round', 'slipped-stitches', 'schematic', 'male', 'female']",22.0,2.7142857142857144,True,4.0,"stockinette stitch with Size A Needle, after blocking",child,DK,24,4.888888888888889,"21½ (23¼, 25, 27¾, 28¾, 30½)” [54.5 (59, 63.5, 70.5, 73, 77.5) cm] circumference at chest. To fit approximate ages 2 (4, 6, 8, 10, 12) years","[{'id': 114022154, 'sort_order': 1, 'user_id': 102, 'x_offset': 0, 'y_offset': -17, 'square_url': 'https://images4-f.ravelrycache.com/uploads/brooklyntweed/853346961/Modine_by_Paula_Pereira_Brooklyn_Tweed_BT_Littles_COVER_square.jpg', 'medium_url': 'https://images4-f.ravelrycache.com/uploads/brooklyntweed/853346961/Modine_by_Paula_Pereira_Brooklyn_Tweed_BT_Littles_COVER_medium.jpg', 'thumbnail_url': 'https://images4-g.ravelrycache.com/uploads/brooklyntweed/853346961/Modine_by_Paula_Pereira_Brooklyn_Tweed_BT_Littles_COVER_thumbnail.jpg', 'small_url': 'https://images4-f.ravelrycache.com/uploads/brooklyntweed/853346961/Modine_by_Paula_Pereira_Brooklyn_Tweed_BT_Littles_COVER_small_best_fit.jpg', 'flickr_url': None, 'shelved_url': 'https://images4-f.ravelrycache.com/uploads/brooklyntweed/853346961/Modine_by_Paula_Pereira_Brooklyn_Tweed_BT_Littles_COVER_shelved.jpg', 'medium2_url': 'https://images4-a.ravelrycache.com/uploads/brooklyntweed/853346961/Modine_by_Paula_Pereira_Brooklyn_Tweed_BT_Littles_COVER_medium2.jpg', 'small2_url': 'https://images4-f.ravelrycache.com/uploads/brooklyntweed/853346961/Modine_by_Paula_Pereira_Brooklyn_Tweed_BT_Littles_COVER_small2.jpg', 'caption': None, 'caption_html': None, 'copyright_holder': 'Brooklyn Tweed/Shelby Brakken'}, {'id': 114022155, 'sort_order': 2, 'user_id': 102, 'x_offset': 0, 'y_offset': -17, 'square_url': 'https://images4-g.ravelrycache.com/uploads/brooklyntweed/853346949/Modine_by_Paula_Pereira_Brooklyn_Tweed_BT_Littles_01_square.jpg', 'medium_url': 'https://images4-g.ravelrycache.com/uploads/brooklyntweed/853346949/Modine_by_Paula_Pereira_Brooklyn_Tweed_BT_Littles_01_medium.jpg', 'thumbnail_url': 'https://images4-g.ravelrycache.com/uploads/brooklyntweed/853346949/Modine_by_Paula_Pereira_Brooklyn_Tweed_BT_Littles_01_thumbnail.jpg', 'small_url': 'https://images4-f.ravelrycache.com/uploads/brooklyntweed/853346949/Modine_by_Paula_Pereira_Brooklyn_Tweed_BT_Littles_01_small_best_fit.jpg', 'flickr_url': None, 'shelved_url': 'https://images4-g.ravelrycache.com/uploads/brooklyntweed/853346949/Modine_by_Paula_Pereira_Brooklyn_Tweed_BT_Littles_01_shelved.jpg', 'medium2_url': 'https://images4-a.ravelrycache.com/uploads/brooklyntweed/853346949/Modine_by_Paula_Pereira_Brooklyn_Tweed_BT_Littles_01_medium2.jpg', 'small2_url': 'https://images4-g.ravelrycache.com/uploads/brooklyntweed/853346949/Modine_by_Paula_Pereira_Brooklyn_Tweed_BT_Littles_01_small2.jpg', 'caption': None, 'caption_html': None, 'copyright_holder': 'Brooklyn Tweed/Shelby Brakken'}, {'id': 114022156, 'sort_order': 3, 'user_id': 102, 'x_offset': 0, 'y_offset': -17, 'square_url': 'https://images4-g.ravelrycache.com/uploads/brooklyntweed/853346948/Modine_by_Paula_Pereira_Brooklyn_Tweed_BT_Littles_02_square.jpg', 'medium_url': 'https://images4-g.ravelrycache.com/uploads/brooklyntweed/853346948/Modine_by_Paula_Pereira_Brooklyn_Tweed_BT_Littles_02_medium.jpg', 'thumbnail_url': 'https://images4-g.ravelrycache.com/uploads/brooklyntweed/853346948/Modine_by_Paula_Pereira_Brooklyn_Tweed_BT_Littles_02_thumbnail.jpg', 'small_url': 'https://images4-g.ravelrycache.com/uploads/brooklyntweed/853346948/Modine_by_Paula_Pereira_Brooklyn_Tweed_BT_Littles_02_small_best_fit.jpg', 'flickr_url': None, 'shelved_url': 'https://images4-f.ravelrycache.com/uploads/brooklyntweed/853346948/Modine_by_Paula_Pereira_Brooklyn_Tweed_BT_Littles_02_shelved.jpg', 'medium2_url': 'https://images4-a.ravelrycache.com/uploads/brooklyntweed/853346948/Modine_by_Paula_Pereira_Brooklyn_Tweed_BT_Littles_02_medium2.jpg', 'small2_url': 'https://images4-g.ravelrycache.com/uploads/brooklyntweed/853346948/Modine_by_Paula_Pereira_Brooklyn_Tweed_BT_Littles_02_small2.jpg', 'caption': None, 'caption_html': None, 'copyright_holder': 'Brooklyn Tweed/Shelby Brakken'}, {'id': 114022157, 'sort_order': 4, 'user_id': 102, 'x_offset': 0, 'y_offset': -17, 'square_url': 'https://images4-g.ravelrycache.com/uploads/brooklyntweed/853346965/Modine_by_Paula_Pereira_Brooklyn_Tweed_BT_Littles_03_square.jpg', 'medium_url': 'https://images4-g.ravelrycache.com/uploads/brooklyntweed/853346965/Modine_by_Paula_Pereira_Brooklyn_Tweed_BT_Littles_03_medium.jpg', 'thumbnail_url': 'https://images4-g.ravelrycache.com/uploads/brooklyntweed/853346965/Modine_by_Paula_Pereira_Brooklyn_Tweed_BT_Littles_03_thumbnail.jpg', 'small_url': 'https://images4-g.ravelrycache.com/uploads/brooklyntweed/853346965/Modine_by_Paula_Pereira_Brooklyn_Tweed_BT_Littles_03_small_best_fit.jpg', 'flickr_url': None, 'shelved_url': 'https://images4-g.ravelrycache.com/uploads/brooklyntweed/853346965/Modine_by_Paula_Pereira_Brooklyn_Tweed_BT_Littles_03_shelved.jpg', 'medium2_url': 'https://images4-a.ravelrycache.com/uploads/brooklyntweed/853346965/Modine_by_Paula_Pereira_Brooklyn_Tweed_BT_Littles_03_medium2.jpg', 'small2_url': 'https://images4-g.ravelrycache.com/uploads/brooklyntweed/853346965/Modine_by_Paula_Pereira_Brooklyn_Tweed_BT_Littles_03_small2.jpg', 'caption': None, 'caption_html': None, 'copyright_holder': 'Brooklyn Tweed/Shelby Brakken'}, {'id': 114022158, 'sort_order': 5, 'user_id': 102, 'x_offset': 0, 'y_offset': -17, 'square_url': 'https://images4-g.ravelrycache.com/uploads/brooklyntweed/853346963/Modine_by_Paula_Pereira_Brooklyn_Tweed_BT_Littles_04_square.jpg', 'medium_url': 'https://images4-g.ravelrycache.com/uploads/brooklyntweed/853346963/Modine_by_Paula_Pereira_Brooklyn_Tweed_BT_Littles_04_medium.jpg', 'thumbnail_url': 'https://images4-g.ravelrycache.com/uploads/brooklyntweed/853346963/Modine_by_Paula_Pereira_Brooklyn_Tweed_BT_Littles_04_thumbnail.jpg', 'small_url': 'https://images4-f.ravelrycache.com/uploads/brooklyntweed/853346963/Modine_by_Paula_Pereira_Brooklyn_Tweed_BT_Littles_04_small_best_fit.jpg', 'flickr_url': None, 'shelved_url': 'https://images4-g.ravelrycache.com/uploads/brooklyntweed/853346963/Modine_by_Paula_Pereira_Brooklyn_Tweed_BT_Littles_04_shelved.jpg', 'medium2_url': 'https://images4-a.ravelrycache.com/uploads/brooklyntweed/853346963/Modine_by_Paula_Pereira_Brooklyn_Tweed_BT_Littles_04_medium2.jpg', 'small2_url': 'https://images4-g.ravelrycache.com/uploads/brooklyntweed/853346963/Modine_by_Paula_Pereira_Brooklyn_Tweed_BT_Littles_04_small2.jpg', 'caption': None, 'caption_html': None, 'copyright_holder': 'Brooklyn Tweed/Shelby Brakken'}, {'id': 114022159, 'sort_order': 6, 'user_id': 102, 'x_offset': 0, 'y_offset': -17, 'square_url': 'https://images4-g.ravelrycache.com/uploads/brooklyntweed/853346962/Modine_by_Paula_Pereira_Brooklyn_Tweed_BT_Littles_05_square.jpg', 'medium_url': 'https://images4-g.ravelrycache.com/uploads/brooklyntweed/853346962/Modine_by_Paula_Pereira_Brooklyn_Tweed_BT_Littles_05_medium.jpg', 'thumbnail_url': 'https://images4-f.ravelrycache.com/uploads/brooklyntweed/853346962/Modine_by_Paula_Pereira_Brooklyn_Tweed_BT_Littles_05_thumbnail.jpg', 'small_url': 'https://images4-f.ravelrycache.com/uploads/brooklyntweed/853346962/Modine_by_Paula_Pereira_Brooklyn_Tweed_BT_Littles_05_small_best_fit.jpg', 'flickr_url': None, 'shelved_url': 'https://images4-f.ravelrycache.com/uploads/brooklyntweed/853346962/Modine_by_Paula_Pereira_Brooklyn_Tweed_BT_Littles_05_shelved.jpg', 'medium2_url': 'https://images4-a.ravelrycache.com/uploads/brooklyntweed/853346962/Modine_by_Paula_Pereira_Brooklyn_Tweed_BT_Littles_05_medium2.jpg', 'small2_url': 'https://images4-g.ravelrycache.com/uploads/brooklyntweed/853346962/Modine_by_Paula_Pereira_Brooklyn_Tweed_BT_Littles_05_small2.jpg', 'caption': None, 'caption_html': None, 'copyright_holder': 'Brooklyn Tweed/Shelby Brakken'}, {'id': 115054714, 'sort_order': 7, 'user_id': 102, 'x_offset': 0, 'y_offset': -17, 'square_url': 'https://images4-g.ravelrycache.com/uploads/brooklyntweed/873214585/Modine_by_Paula_Pereira_Brooklyn_Tweed_BT_Littles_Dapple_square.jpg', 'medium_url': 'https://images4-f.ravelrycache.com/uploads/brooklyntweed/873214585/Modine_by_Paula_Pereira_Brooklyn_Tweed_BT_Littles_Dapple_medium.jpg', 'thumbnail_url': 'https://images4-f.ravelrycache.com/uploads/brooklyntweed/873214585/Modine_by_Paula_Pereira_Brooklyn_Tweed_BT_Littles_Dapple_thumbnail.jpg', 'small_url': 'https://images4-g.ravelrycache.com/uploads/brooklyntweed/873214585/Modine_by_Paula_Pereira_Brooklyn_Tweed_BT_Littles_Dapple_small_best_fit.jpg', 'flickr_url': None, 'shelved_url': 'https://images4-g.ravelrycache.com/uploads/brooklyntweed/873214585/Modine_by_Paula_Pereira_Brooklyn_Tweed_BT_Littles_Dapple_shelved.jpg', 'medium2_url': 'https://images4-a.ravelrycache.com/uploads/brooklyntweed/873214585/Modine_by_Paula_Pereira_Brooklyn_Tweed_BT_Littles_Dapple_medium2.jpg', 'small2_url': 'https://images4-g.ravelrycache.com/uploads/brooklyntweed/873214585/Modine_by_Paula_Pereira_Brooklyn_Tweed_BT_Littles_Dapple_small2.jpg', 'caption': None, 'caption_html': None, 'copyright_holder': 'Brooklyn Tweed/Chris Dibble'}, {'id': 114022160, 'sort_order': 8, 'user_id': 102, 'x_offset': 0, 'y_offset': -17, 'square_url': 'https://images4-f.ravelrycache.com/uploads/brooklyntweed/853346956/Modine_by_Paula_Pereira_Brooklyn_Tweed_BT_Littles_FLAT_4_color_square.jpg', 'medium_url': 'https://images4-f.ravelrycache.com/uploads/brooklyntweed/853346956/Modine_by_Paula_Pereira_Brooklyn_Tweed_BT_Littles_FLAT_4_color_medium.jpg', 'thumbnail_url': 'https://images4-g.ravelrycache.com/uploads/brooklyntweed/853346956/Modine_by_Paula_Pereira_Brooklyn_Tweed_BT_Littles_FLAT_4_color_thumbnail.jpg', 'small_url': 'https://images4-f.ravelrycache.com/uploads/brooklyntweed/853346956/Modine_by_Paula_Pereira_Brooklyn_Tweed_BT_Littles_FLAT_4_color_small_best_fit.jpg', 'flickr_url': None, 'shelved_url': 'https://images4-g.ravelrycache.com/uploads/brooklyntweed/853346956/Modine_by_Paula_Pereira_Brooklyn_Tweed_BT_Littles_FLAT_4_color_shelved.jpg', 'medium2_url': 'https://images4-a.ravelrycache.com/uploads/brooklyntweed/853346956/Modine_by_Paula_Pereira_Brooklyn_Tweed_BT_Littles_FLAT_4_color_medium2.jpg', 'small2_url': 'https://images4-f.ravelrycache.com/uploads/brooklyntweed/853346956/Modine_by_Paula_Pereira_Brooklyn_Tweed_BT_Littles_FLAT_4_color_small2.jpg', 'caption': None, 'caption_html': None, 'copyright_holder': 'Brooklyn Tweed/Jared Flood'}, {'id': 114022161, 'sort_order': 9, 'user_id': 102, 'x_offset': 0, 'y_offset': -17, 'square_url': 'https://images4-g.ravelrycache.com/uploads/brooklyntweed/853346960/Modine_by_Paula_Pereira_Brooklyn_Tweed_BT_Littles_FLAT_2_color_square.jpg', 'medium_url': 'https://images4-g.ravelrycache.com/uploads/brooklyntweed/853346960/Modine_by_Paula_Pereira_Brooklyn_Tweed_BT_Littles_FLAT_2_color_medium.jpg', 'thumbnail_url': 'https://images4-g.ravelrycache.com/uploads/brooklyntweed/853346960/Modine_by_Paula_Pereira_Brooklyn_Tweed_BT_Littles_FLAT_2_color_thumbnail.jpg', 'small_url': 'https://images4-g.ravelrycache.com/uploads/brooklyntweed/853346960/Modine_by_Paula_Pereira_Brooklyn_Tweed_BT_Littles_FLAT_2_color_small_best_fit.jpg', 'flickr_url': None, 'shelved_url': 'https://images4-f.ravelrycache.com/uploads/brooklyntweed/853346960/Modine_by_Paula_Pereira_Brooklyn_Tweed_BT_Littles_FLAT_2_color_shelved.jpg', 'medium2_url': 'https://images4-a.ravelrycache.com/uploads/brooklyntweed/853346960/Modine_by_Paula_Pereira_Brooklyn_Tweed_BT_Littles_FLAT_2_color_medium2.jpg', 'small2_url': 'https://images4-g.ravelrycache.com/uploads/brooklyntweed/853346960/Modine_by_Paula_Pereira_Brooklyn_Tweed_BT_Littles_FLAT_2_color_small2.jpg', 'caption': None, 'caption_html': None, 'copyright_holder': 'Brooklyn Tweed/Jared Flood'}, {'id': 114022162, 'sort_order': 10, 'user_id': 102, 'x_offset': 0, 'y_offset': -17, 'square_url': 'https://images4-f.ravelrycache.com/uploads/brooklyntweed/853346957/Modine_by_Paula_Pereira_Brooklyn_Tweed_BT_Littles_STITCH_4_color_square.jpg', 'medium_url': 'https://images4-f.ravelrycache.com/uploads/brooklyntweed/853346957/Modine_by_Paula_Pereira_Brooklyn_Tweed_BT_Littles_STITCH_4_color_medium.jpg', 'thumbnail_url': 'https://images4-g.ravelrycache.com/uploads/brooklyntweed/853346957/Modine_by_Paula_Pereira_Brooklyn_Tweed_BT_Littles_STITCH_4_color_thumbnail.jpg', 'small_url': 'https://images4-f.ravelrycache.com/uploads/brooklyntweed/853346957/Modine_by_Paula_Pereira_Brooklyn_Tweed_BT_Littles_STITCH_4_color_small_best_fit.jpg', 'flickr_url': None, 'shelved_url': 'https://images4-g.ravelrycache.com/uploads/brooklyntweed/853346957/Modine_by_Paula_Pereira_Brooklyn_Tweed_BT_Littles_STITCH_4_color_shelved.jpg', 'medium2_url': 'https://images4-a.ravelrycache.com/uploads/brooklyntweed/853346957/Modine_by_Paula_Pereira_Brooklyn_Tweed_BT_Littles_STITCH_4_color_medium2.jpg', 'small2_url': 'https://images4-f.ravelrycache.com/uploads/brooklyntweed/853346957/Modine_by_Paula_Pereira_Brooklyn_Tweed_BT_Littles_STITCH_4_color_small2.jpg', 'caption': None, 'caption_html': None, 'copyright_holder': 'Brooklyn Tweed/Jared Flood'}, {'id': 114022163, 'sort_order': 11, 'user_id': 102, 'x_offset': 0, 'y_offset': -17, 'square_url': 'https://images4-f.ravelrycache.com/uploads/brooklyntweed/853346958/Modine_by_Paula_Pereira_Brooklyn_Tweed_BT_Littles_STITCH_2_color_square.jpg', 'medium_url': 'https://images4-f.ravelrycache.com/uploads/brooklyntweed/853346958/Modine_by_Paula_Pereira_Brooklyn_Tweed_BT_Littles_STITCH_2_color_medium.jpg', 'thumbnail_url': 'https://images4-f.ravelrycache.com/uploads/brooklyntweed/853346958/Modine_by_Paula_Pereira_Brooklyn_Tweed_BT_Littles_STITCH_2_color_thumbnail.jpg', 'small_url': 'https://images4-f.ravelrycache.com/uploads/brooklyntweed/853346958/Modine_by_Paula_Pereira_Brooklyn_Tweed_BT_Littles_STITCH_2_color_small_best_fit.jpg', 'flickr_url': None, 'shelved_url': 'https://images4-g.ravelrycache.com/uploads/brooklyntweed/853346958/Modine_by_Paula_Pereira_Brooklyn_Tweed_BT_Littles_STITCH_2_color_shelved.jpg', 'medium2_url': 'https://images4-a.ravelrycache.com/uploads/brooklyntweed/853346958/Modine_by_Paula_Pereira_Brooklyn_Tweed_BT_Littles_STITCH_2_color_medium2.jpg', 'small2_url': 'https://images4-f.ravelrycache.com/uploads/brooklyntweed/853346958/Modine_by_Paula_Pereira_Brooklyn_Tweed_BT_Littles_STITCH_2_color_small2.jpg', 'caption': None, 'caption_html': None, 'copyright_holder': 'Brooklyn Tweed/Jared Flood'}, {'id': 114022164, 'sort_order': 12, 'user_id': 102, 'x_offset': 0, 'y_offset': -16, 'square_url': 'https://images4-g.ravelrycache.com/uploads/brooklyntweed/853346947/Modine_by_Paula_Pereira_Brooklyn_Tweed_BT_Littles_SCH_rav_square.jpg', 'medium_url': 'https://images4-g.ravelrycache.com/uploads/brooklyntweed/853346947/Modine_by_Paula_Pereira_Brooklyn_Tweed_BT_Littles_SCH_rav_medium.jpg', 'thumbnail_url': 'https://images4-f.ravelrycache.com/uploads/brooklyntweed/853346947/Modine_by_Paula_Pereira_Brooklyn_Tweed_BT_Littles_SCH_rav_thumbnail.jpg', 'small_url': 'https://images4-g.ravelrycache.com/uploads/brooklyntweed/853346947/Modine_by_Paula_Pereira_Brooklyn_Tweed_BT_Littles_SCH_rav_small_best_fit.jpg', 'flickr_url': None, 'shelved_url': 'https://images4-g.ravelrycache.com/uploads/brooklyntweed/853346947/Modine_by_Paula_Pereira_Brooklyn_Tweed_BT_Littles_SCH_rav_shelved.jpg', 'medium2_url': 'https://images4-a.ravelrycache.com/uploads/brooklyntweed/853346947/Modine_by_Paula_Pereira_Brooklyn_Tweed_BT_Littles_SCH_rav_medium2.jpg', 'small2_url': 'https://images4-g.ravelrycache.com/uploads/brooklyntweed/853346947/Modine_by_Paula_Pereira_Brooklyn_Tweed_BT_Littles_SCH_rav_small2.jpg', 'caption': None, 'caption_html': None, 'copyright_holder': 'Brooklyn Tweed/Jared Flood'}]"
Diamant spring sweater,Ruta Sulte,1255754,https://www.ravelry.com/patterns/library/diamant-spring-sweater,False,https://images4-a.ravelrycache.com/uploads/RuCreations/865079865/IMG_0483_medium2.jpg,Knitting,"['unisex', 'toddler', 'child', 'teen', 'adult', 'plus', 'no-ease', 'fitted', 'tall', 'eyelets', 'circular-yoke', 'crew-neck', 'sleeves', 'raglan-sleeve', 'one-piece', 'seamless', 'short-rows', 'top-down', 'written-pattern', 'video-tutorial', 'in-the-round', 'twisted-stitches', 'schematic', 'captioned-video']",20.0,2.857142857142857,True,4.0,stockinette stitch,child,Sport,32,4.857142857142857,"Kids 2-4 years, 4-6 years, 6-8 years Adults S, M, L, XL","[{'id': 114048641, 'sort_order': 1, 'user_id': 8652248, 'x_offset': -1, 'y_offset': 0, 'square_url': 'https://images4-f.ravelrycache.com/uploads/RuCreations/865079865/IMG_0483_square.jpg', 'medium_url': 'https://images4-f.ravelrycache.com/uploads/RuCreations/865079865/IMG_0483_medium.jpg', 'thumbnail_url': 'https://images4-f.ravelrycache.com/uploads/RuCreations/865079865/IMG_0483_thumbnail.jpg', 'small_url': 'https://images4-g.ravelrycache.com/uploads/RuCreations/865079865/IMG_0483_small_best_fit.jpg', 'flickr_url': None, 'shelved_url': 'https://images4-f.ravelrycache.com/uploads/RuCreations/865079865/IMG_0483_shelved.jpg', 'medium2_url': 'https://images4-a.ravelrycache.com/uploads/RuCreations/865079865/IMG_0483_medium2.jpg', 'small2_url': 'https://images4-f.ravelrycache.com/uploads/RuCreations/865079865/IMG_0483_small2.jpg', 'caption': None, 'caption_html': None, 'copyright_holder': None}, {'id': 114048642, 'sort_order': 2, 'user_id': 8652248, 'x_offset': 0, 'y_offset': 0, 'square_url': 'https://images4-f.ravelrycache.com/uploads/RuCreations/865080491/IMG_0329_square.JPG', 'medium_url': 'https://images4-f.ravelrycache.com/uploads/RuCreations/865080491/IMG_0329_medium.JPG', 'thumbnail_url': 'https://images4-g.ravelrycache.com/uploads/RuCreations/865080491/IMG_0329_thumbnail.JPG', 'small_url': 'https://images4-g.ravelrycache.com/uploads/RuCreations/865080491/IMG_0329_small_best_fit.JPG', 'flickr_url': None, 'shelved_url': 'https://images4-f.ravelrycache.com/uploads/RuCreations/865080491/IMG_0329_shelved.JPG', 'medium2_url': 'https://images4-a.ravelrycache.com/uploads/RuCreations/865080491/IMG_0329_medium2.JPG', 'small2_url': 'https://images4-f.ravelrycache.com/uploads/RuCreations/865080491/IMG_0329_small2.JPG', 'caption': None, 'caption_html': None, 'copyright_holder': None}, {'id': 114048643, 'sort_order': 3, 'user_id': 8652248, 'x_offset': 0, 'y_offset': -36, 'square_url': 'https://images4-f.ravelrycache.com/uploads/RuCreations/865079811/IMG_0615_square.JPG', 'medium_url': 'https://images4-f.ravelrycache.com/uploads/RuCreations/865079811/IMG_0615_medium.JPG', 'thumbnail_url': 'https://images4-g.ravelrycache.com/uploads/RuCreations/865079811/IMG_0615_thumbnail.JPG', 'small_url': 'https://images4-g.ravelrycache.com/uploads/RuCreations/865079811/IMG_0615_small_best_fit.JPG', 'flickr_url': None, 'shelved_url': 'https://images4-f.ravelrycache.com/uploads/RuCreations/865079811/IMG_0615_shelved.JPG', 'medium2_url': 'https://images4-a.ravelrycache.com/uploads/RuCreations/865079811/IMG_0615_medium2.JPG', 'small2_url': 'https://images4-f.ravelrycache.com/uploads/RuCreations/865079811/IMG_0615_small2.JPG', 'caption': None, 'caption_html': None, 'copyright_holder': None}, {'id': 114048644, 'sort_order': 4, 'user_id': 8652248, 'x_offset': 0, 'y_offset': 0, 'square_url': 'https://images4-f.ravelrycache.com/uploads/RuCreations/865079657/IMG_0915_2_square.JPG', 'medium_url': 'https://images4-f.ravelrycache.com/uploads/RuCreations/865079657/IMG_0915_2_medium.JPG', 'thumbnail_url': 'https://images4-g.ravelrycache.com/uploads/RuCreations/865079657/IMG_0915_2_thumbnail.JPG', 'small_url': 'https://images4-f.ravelrycache.com/uploads/RuCreations/865079657/IMG_0915_2_small_best_fit.JPG', 'flickr_url': None, 'shelved_url': 'https://images4-g.ravelrycache.com/uploads/RuCreations/865079657/IMG_0915_2_shelved.JPG', 'medium2_url': 'https://images4-a.ravelrycache.com/uploads/RuCreations/865079657/IMG_0915_2_medium2.JPG', 'small2_url': 'https://images4-f.ravelrycache.com/uploads/RuCreations/865079657/IMG_0915_2_small2.JPG', 'caption': None, 'caption_html': None, 'copyright_holder': None}, {'id': 114048645, 'sort_order': 5, 'user_id': 8652248, 'x_offset': 0, 'y_offset': 0, 'square_url': 'https://images4-g.ravelrycache.com/uploads/RuCreations/865079026/IMG_0322_square.heic', 'medium_url': 'https://images4-g.ravelrycache.com/uploads/RuCreations/865079026/IMG_0322_medium.heic', 'thumbnail_url': 'https://images4-g.ravelrycache.com/uploads/RuCreations/865079026/IMG_0322_thumbnail.heic', 'small_url': 'https://images4-f.ravelrycache.com/uploads/RuCreations/865079026/IMG_0322_small_best_fit.heic', 'flickr_url': None, 'shelved_url': 'https://images4-g.ravelrycache.com/uploads/RuCreations/865079026/IMG_0322_shelved.heic', 'medium2_url': 'https://images4-a.ravelrycache.com/uploads/RuCreations/865079026/IMG_0322_medium2.heic', 'small2_url': 'https://images4-g.ravelrycache.com/uploads/RuCreations/865079026/IMG_0322_small2.heic', 'caption': None, 'caption_html': None, 'copyright_holder': None}, {'id': 114048646, 'sort_order': 6, 'user_id': 8652248, 'x_offset': 0, 'y_offset': 0, 'square_url': 'https://images4-f.ravelrycache.com/uploads/RuCreations/865079717/IMG_0911_square.JPG', 'medium_url': 'https://images4-f.ravelrycache.com/uploads/RuCreations/865079717/IMG_0911_medium.JPG', 'thumbnail_url': 'https://images4-g.ravelrycache.com/uploads/RuCreations/865079717/IMG_0911_thumbnail.JPG', 'small_url': 'https://images4-g.ravelrycache.com/uploads/RuCreations/865079717/IMG_0911_small_best_fit.JPG', 'flickr_url': None, 'shelved_url': 'https://images4-g.ravelrycache.com/uploads/RuCreations/865079717/IMG_0911_shelved.JPG', 'medium2_url': 'https://images4-a.ravelrycache.com/uploads/RuCreations/865079717/IMG_0911_medium2.JPG', 'small2_url': 'https://images4-f.ravelrycache.com/uploads/RuCreations/865079717/IMG_0911_small2.JPG', 'caption': None, 'caption_html': None, 'copyright_holder': None}, {'id': 114048647, 'sort_order': 7, 'user_id': 8652248, 'x_offset': -5, 'y_offset': -35, 'square_url': 'https://images4-f.ravelrycache.com/uploads/RuCreations/865079923/IMG_0459_square.JPG', 'medium_url': 'https://images4-f.ravelrycache.com/uploads/RuCreations/865079923/IMG_0459_medium.JPG', 'thumbnail_url': 'https://images4-g.ravelrycache.com/uploads/RuCreations/865079923/IMG_0459_thumbnail.JPG', 'small_url': 'https://images4-f.ravelrycache.com/uploads/RuCreations/865079923/IMG_0459_small.JPG', 'flickr_url': None, 'shelved_url': 'https://images4-f.ravelrycache.com/uploads/RuCreations/865079923/IMG_0459_shelved.JPG', 'medium2_url': 'https://images4-a.ravelrycache.com/uploads/RuCreations/865079923/IMG_0459_medium2.JPG', 'small2_url': 'https://images4-f.ravelrycache.com/uploads/RuCreations/865079923/IMG_0459_small2.JPG', 'caption': None, 'caption_html': None, 'copyright_holder': None}, {'id': 114048648, 'sort_order': 8, 'user_id': 8652248, 'x_offset': 0, 'y_offset': 0, 'square_url': 'https://images4-f.ravelrycache.com/uploads/RuCreations/865079891/IMG_0909_square.JPG', 'medium_url': 'https://images4-f.ravelrycache.com/uploads/RuCreations/865079891/IMG_0909_medium.JPG', 'thumbnail_url': 'https://images4-g.ravelrycache.com/uploads/RuCreations/865079891/IMG_0909_thumbnail.JPG', 'small_url': 'https://images4-f.ravelrycache.com/uploads/RuCreations/865079891/IMG_0909_small_best_fit.JPG', 'flickr_url': None, 'shelved_url': 'https://images4-g.ravelrycache.com/uploads/RuCreations/865079891/IMG_0909_shelved.JPG', 'medium2_url': 'https://images4-a.ravelrycache.com/uploads/RuCreations/865079891/IMG_0909_medium2.JPG', 'small2_url': 'https://images4-f.ravelrycache.com/uploads/RuCreations/865079891/IMG_0909_small2.JPG', 'caption': None, 'caption_html': None, 'copyright_holder': None}, {'id': 114048649, 'sort_order': 9, 'user_id': 8652248, 'x_offset': -5, 'y_offset': -35, 'square_url': 'https://images4-f.ravelrycache.com/uploads/RuCreations/865079908/IMG_0658_square.JPG', 'medium_url': 'https://images4-f.ravelrycache.com/uploads/RuCreations/865079908/IMG_0658_medium.JPG', 'thumbnail_url': 'https://images4-g.ravelrycache.com/uploads/RuCreations/865079908/IMG_0658_thumbnail.JPG', 'small_url': 'https://images4-g.ravelrycache.com/uploads/RuCreations/865079908/IMG_0658_small.JPG', 'flickr_url': None, 'shelved_url': 'https://images4-g.ravelrycache.com/uploads/RuCreations/865079908/IMG_0658_shelved.JPG', 'medium2_url': 'https://images4-a.ravelrycache.com/uploads/RuCreations/865079908/IMG_0658_medium2.JPG', 'small2_url': 'https://images4-f.ravelrycache.com/uploads/RuCreations/865079908/IMG_0658_small2.JPG', 'caption': None, 'caption_html': None, 'copyright_holder': None}, {'id': 114048650, 'sort_order': 10, 'user_id': 8652248, 'x_offset': 0, 'y_offset': 0, 'square_url': 'https://images4-g.ravelrycache.com/uploads/RuCreations/865079837/IMG_0867_square.JPG', 'medium_url': 'https://images4-g.ravelrycache.com/uploads/RuCreations/865079837/IMG_0867_medium.JPG', 'thumbnail_url': 'https://images4-g.ravelrycache.com/uploads/RuCreations/865079837/IMG_0867_thumbnail.JPG', 'small_url': 'https://images4-g.ravelrycache.com/uploads/RuCreations/865079837/IMG_0867_small_best_fit.JPG', 'flickr_url': None, 'shelved_url': 'https://images4-f.ravelrycache.com/uploads/RuCreations/865079837/IMG_0867_shelved.JPG', 'medium2_url': 'https://images4-a.ravelrycache.com/uploads/RuCreations/865079837/IMG_0867_medium2.JPG', 'small2_url': 'https://images4-g.ravelrycache.com/uploads/RuCreations/865079837/IMG_0867_small2.JPG', 'caption': None, 'caption_html': None, 'copyright_holder': None}, {'id': 114048651, 'sort_order': 11, 'user_id': 8652248, 'x_offset': 0, 'y_offset': 0, 'square_url': 'https://images4-f.ravelrycache.com/uploads/RuCreations/865079229/12AB8D48-367C-451B-BD53-BDCCC576A690_square.JPG', 'medium_url': 'https://images4-f.ravelrycache.com/uploads/RuCreations/865079229/12AB8D48-367C-451B-BD53-BDCCC576A690_medium.JPG', 'thumbnail_url': 'https://images4-g.ravelrycache.com/uploads/RuCreations/865079229/12AB8D48-367C-451B-BD53-BDCCC576A690_thumbnail.JPG', 'small_url': 'https://images4-f.ravelrycache.com/uploads/RuCreations/865079229/12AB8D48-367C-451B-BD53-BDCCC576A690_small_best_fit.JPG', 'flickr_url': None, 'shelved_url': 'https://images4-g.ravelrycache.com/uploads/RuCreations/865079229/12AB8D48-367C-451B-BD53-BDCCC576A690_shelved.JPG', 'medium2_url': 'https://images4-a.ravelrycache.com/uploads/RuCreations/865079229/12AB8D48-367C-451B-BD53-BDCCC576A690_medium2.JPG', 'small2_url': 'https://images4-f.ravelrycache.com/uploads/RuCreations/865079229/12AB8D48-367C-451B-BD53-BDCCC576A690_small2.JPG', 'caption': None, 'caption_html': None, 'copyright_holder': None}, {'id': 114048652, 'sort_order': 12, 'user_id': 8652248, 'x_offset': 0, 'y_offset': 0, 'square_url': 'https://images4-f.ravelrycache.com/uploads/RuCreations/865079917/IMG_0730_square.JPG', 'medium_url': 'https://images4-f.ravelrycache.com/uploads/RuCreations/865079917/IMG_0730_medium.JPG', 'thumbnail_url': 'https://images4-g.ravelrycache.com/uploads/RuCreations/865079917/IMG_0730_thumbnail.JPG', 'small_url': 'https://images4-f.ravelrycache.com/uploads/RuCreations/865079917/IMG_0730_small_best_fit.JPG', 'flickr_url': None, 'shelved_url': 'https://images4-g.ravelrycache.com/uploads/RuCreations/865079917/IMG_0730_shelved.JPG', 'medium2_url': 'https://images4-a.ravelrycache.com/uploads/RuCreations/865079917/IMG_0730_medium2.JPG', 'small2_url': 'https://images4-f.ravelrycache.com/uploads/RuCreations/865079917/IMG_0730_small2.JPG', 'caption': None, 'caption_html': None, 'copyright_holder': None}, {'id': 114048653, 'sort_order': 13, 'user_id': 8652248, 'x_offset': 0, 'y_offset': 0, 'square_url': 'https://images4-f.ravelrycache.com/uploads/RuCreations/865079882/IMG_0731_square.JPG', 'medium_url': 'https://images4-f.ravelrycache.com/uploads/RuCreations/865079882/IMG_0731_medium.JPG', 'thumbnail_url': 'https://images4-f.ravelrycache.com/uploads/RuCreations/865079882/IMG_0731_thumbnail.JPG', 'small_url': 'https://images4-f.ravelrycache.com/uploads/RuCreations/865079882/IMG_0731_small_best_fit.JPG', 'flickr_url': None, 'shelved_url': 'https://images4-g.ravelrycache.com/uploads/RuCreations/865079882/IMG_0731_shelved.JPG', 'medium2_url': 'https://images4-a.ravelrycache.com/uploads/RuCreations/865079882/IMG_0731_medium2.JPG', 'small2_url': 'https://images4-f.ravelrycache.com/uploads/RuCreations/865079882/IMG_0731_small2.JPG', 'caption': None, 'caption_html': None, 'copyright_holder': None}]"
Quartier sweater,Elizabeth B,1255792,https://www.ravelry.com/patterns/library/quartier-sweater,False,https://images4-a.ravelrycache.com/uploads/emmaclaytonknits/865092770/Quince___Co._Quartier_01_medium2.jpg,Knitting,"['unisex', 'baby', 'newborn-size', 'toddler', 'child', 'seamed', 'long-sleeve', 'positive-ease', 'phototutorial', 'written-pattern', 'worked-flat', 'stripes-colorwork', 'schematic']",22.0,4.333333333333333,True,4.0,garter stitch,child,Sport,12,5.0,"19 (21, 22½, 24, 25, 28¼)"" / 48 (53.5, 57.5, 61, 63, 72 chest circumference","[{'id': 114051318, 'sort_order': 1, 'user_id': 9268710, 'x_offset': 0, 'y_offset': -43, 'square_url': 'https://images4-f.ravelrycache.com/uploads/emmaclaytonknits/865092770/Quince___Co._Quartier_01_square.jpg', 'medium_url': 'https://images4-f.ravelrycache.com/uploads/emmaclaytonknits/865092770/Quince___Co._Quartier_01_medium.jpg', 'thumbnail_url': 'https://images4-f.ravelrycache.com/uploads/emmaclaytonknits/865092770/Quince___Co._Quartier_01_thumbnail.jpg', 'small_url': 'https://images4-f.ravelrycache.com/uploads/emmaclaytonknits/865092770/Quince___Co._Quartier_01_small_best_fit.jpg', 'flickr_url': None, 'shelved_url': 'https://images4-f.ravelrycache.com/uploads/emmaclaytonknits/865092770/Quince___Co._Quartier_01_shelved.jpg', 'medium2_url': 'https://images4-a.ravelrycache.com/uploads/emmaclaytonknits/865092770/Quince___Co._Quartier_01_medium2.jpg', 'small2_url': 'https://images4-f.ravelrycache.com/uploads/emmaclaytonknits/865092770/Quince___Co._Quartier_01_small2.jpg', 'caption': None, 'caption_html': None, 'copyright_holder': None}, {'id': 114051319, 'sort_order': 2, 'user_id': 9268710, 'x_offset': 0, 'y_offset': -43, 'square_url': 'https://images4-f.ravelrycache.com/uploads/emmaclaytonknits/865092788/Quince___Co._Quartier_02_square.jpg', 'medium_url': 'https://images4-f.ravelrycache.com/uploads/emmaclaytonknits/865092788/Quince___Co._Quartier_02_medium.jpg', 'thumbnail_url': 'https://images4-g.ravelrycache.com/uploads/emmaclaytonknits/865092788/Quince___Co._Quartier_02_thumbnail.jpg', 'small_url': 'https://images4-g.ravelrycache.com/uploads/emmaclaytonknits/865092788/Quince___Co._Quartier_02_small_best_fit.jpg', 'flickr_url': None, 'shelved_url': 'https://images4-g.ravelrycache.com/uploads/emmaclaytonknits/865092788/Quince___Co._Quartier_02_shelved.jpg', 'medium2_url': 'https://images4-a.ravelrycache.com/uploads/emmaclaytonknits/865092788/Quince___Co._Quartier_02_medium2.jpg', 'small2_url': 'https://images4-f.ravelrycache.com/uploads/emmaclaytonknits/865092788/Quince___Co._Quartier_02_small2.jpg', 'caption': None, 'caption_html': None, 'copyright_holder': None}, {'id': 114051320, 'sort_order': 3, 'user_id': 9268710, 'x_offset': 0, 'y_offset': -43, 'square_url': 'https://images4-g.ravelrycache.com/uploads/emmaclaytonknits/865092769/Quince___Co._Quartier_03_square.jpg', 'medium_url': 'https://images4-g.ravelrycache.com/uploads/emmaclaytonknits/865092769/Quince___Co._Quartier_03_medium.jpg', 'thumbnail_url': 'https://images4-f.ravelrycache.com/uploads/emmaclaytonknits/865092769/Quince___Co._Quartier_03_thumbnail.jpg', 'small_url': 'https://images4-g.ravelrycache.com/uploads/emmaclaytonknits/865092769/Quince___Co._Quartier_03_small_best_fit.jpg', 'flickr_url': None, 'shelved_url': 'https://images4-g.ravelrycache.com/uploads/emmaclaytonknits/865092769/Quince___Co._Quartier_03_shelved.jpg', 'medium2_url': 'https://images4-a.ravelrycache.com/uploads/emmaclaytonknits/865092769/Quince___Co._Quartier_03_medium2.jpg', 'small2_url': 'https://images4-g.ravelrycache.com/uploads/emmaclaytonknits/865092769/Quince___Co._Quartier_03_small2.jpg', 'caption': None, 'caption_html': None, 'copyright_holder': None}, {'id': 114051321, 'sort_order': 4, 'user_id': 9268710, 'x_offset': 0, 'y_offset': -43, 'square_url': 'https://images4-f.ravelrycache.com/uploads/emmaclaytonknits/865092768/Quince___Co._Quartier_05_square.jpg', 'medium_url': 'https://images4-f.ravelrycache.com/uploads/emmaclaytonknits/865092768/Quince___Co._Quartier_05_medium.jpg', 'thumbnail_url': 'https://images4-g.ravelrycache.com/uploads/emmaclaytonknits/865092768/Quince___Co._Quartier_05_thumbnail.jpg', 'small_url': 'https://images4-g.ravelrycache.com/uploads/emmaclaytonknits/865092768/Quince___Co._Quartier_05_small_best_fit.jpg', 'flickr_url': None, 'shelved_url': 'https://images4-g.ravelrycache.com/uploads/emmaclaytonknits/865092768/Quince___Co._Quartier_05_shelved.jpg', 'medium2_url': 'https://images4-a.ravelrycache.com/uploads/emmaclaytonknits/865092768/Quince___Co._Quartier_05_medium2.jpg', 'small2_url': 'https://images4-f.ravelrycache.com/uploads/emmaclaytonknits/865092768/Quince___Co._Quartier_05_small2.jpg', 'caption': None, 'caption_html': None, 'copyright_holder': None}, {'id': 114051322, 'sort_order': 5, 'user_id': 9268710, 'x_offset': 0, 'y_offset': -43, 'square_url': 'https://images4-g.ravelrycache.com/uploads/emmaclaytonknits/865092772/Quince___Co._Quartier_04_square.jpg', 'medium_url': 'https://images4-g.ravelrycache.com/uploads/emmaclaytonknits/865092772/Quince___Co._Quartier_04_medium.jpg', 'thumbnail_url': 'https://images4-f.ravelrycache.com/uploads/emmaclaytonknits/865092772/Quince___Co._Quartier_04_thumbnail.jpg', 'small_url': 'https://images4-g.ravelrycache.com/uploads/emmaclaytonknits/865092772/Quince___Co._Quartier_04_small_best_fit.jpg', 'flickr_url': None, 'shelved_url': 'https://images4-g.ravelrycache.com/uploads/emmaclaytonknits/865092772/Quince___Co._Quartier_04_shelved.jpg', 'medium2_url': 'https://images4-a.ravelrycache.com/uploads/emmaclaytonknits/865092772/Quince___Co._Quartier_04_medium2.jpg', 'small2_url': 'https://images4-g.ravelrycache.com/uploads/emmaclaytonknits/865092772/Quince___Co._Quartier_04_small2.jpg', 'caption': None, 'caption_html': None, 'copyright_holder': None}]"
Sunset Diamonds Jumper,Chloe Elizabeth Birch,1255943,https://www.ravelry.com/patterns/library/sunset-diamonds-jumper,False,https://images4-a.ravelrycache.com/uploads/SimplyCrochetMag/865216536/IG_TKN_178_Chloe.ss9422_medium2.jpg,Knitting,"['short-sleeve', 'stranded', 'chart', 'written-pattern', 'schematic']",,0.0,False,4.0,,pullover,DK,3,0.0,To fit bust 81-86cm/32-34in up to 122-127cm/48-50in,"[{'id': 114065435, 'sort_order': 1, 'user_id': 8010251, 'x_offset': 0, 'y_offset': 0, 'square_url': 'https://images4-g.ravelrycache.com/uploads/SimplyCrochetMag/865216536/IG_TKN_178_Chloe.ss9422_square.jpg', 'medium_url': 'https://images4-g.ravelrycache.com/uploads/SimplyCrochetMag/865216536/IG_TKN_178_Chloe.ss9422_medium.jpg', 'thumbnail_url': 'https://images4-g.ravelrycache.com/uploads/SimplyCrochetMag/865216536/IG_TKN_178_Chloe.ss9422_thumbnail.jpg', 'small_url': 'https://images4-g.ravelrycache.com/uploads/SimplyCrochetMag/865216536/IG_TKN_178_Chloe.ss9422_small_best_fit.jpg', 'flickr_url': None, 'shelved_url': 'https://images4-f.ravelrycache.com/uploads/SimplyCrochetMag/865216536/IG_TKN_178_Chloe.ss9422_shelved.jpg', 'medium2_url': 'https://images4-a.ravelrycache.com/uploads/SimplyCrochetMag/865216536/IG_TKN_178_Chloe.ss9422_medium2.jpg', 'small2_url': 'https://images4-g.ravelrycache.com/uploads/SimplyCrochetMag/865216536/IG_TKN_178_Chloe.ss9422_small2.jpg', 'caption': None, 'caption_html': None, 'copyright_holder': None}]"
Seasons,Sandi Prosser,1256061,https://www.ravelry.com/patterns/library/seasons-5,False,https://images4-a.ravelrycache.com/uploads/jaaase421/865263663/60_Quick_Knit_Gifts_for_Babies_PAGE__Page_112_medium2.jpg,Knitting,"['baby', 'toddler', 'ribbed', 'stripes', 'textured', 'seamed', 'crew-neck', 'long-sleeve', 'raglan-sleeve', 'one-piece', 'bottom-up', 'written-pattern', 'worked-flat', 'stripes-colorwork', 'schematic']",20.0,0.0,False,4.0,stockinette stitch using larger needles,baby,Worsted,3,0.0,"3 months (6 months, 12 months, 18 months)","[{'id': 114071407, 'sort_order': 1, 'user_id': 4976906, 'x_offset': -3, 'y_offset': -20, 'square_url': 'https://images4-f.ravelrycache.com/uploads/jaaase421/865263663/60_Quick_Knit_Gifts_for_Babies_PAGE__Page_112_square.jpg', 'medium_url': 'https://images4-f.ravelrycache.com/uploads/jaaase421/865263663/60_Quick_Knit_Gifts_for_Babies_PAGE__Page_112_medium.jpg', 'thumbnail_url': 'https://images4-f.ravelrycache.com/uploads/jaaase421/865263663/60_Quick_Knit_Gifts_for_Babies_PAGE__Page_112_thumbnail.jpg', 'small_url': 'https://images4-f.ravelrycache.com/uploads/jaaase421/865263663/60_Quick_Knit_Gifts_for_Babies_PAGE__Page_112_small_best_fit.jpg', 'flickr_url': None, 'shelved_url': 'https://images4-f.ravelrycache.com/uploads/jaaase421/865263663/60_Quick_Knit_Gifts_for_Babies_PAGE__Page_112_shelved.jpg', 'medium2_url': 'https://images4-a.ravelrycache.com/uploads/jaaase421/865263663/60_Quick_Knit_Gifts_for_Babies_PAGE__Page_112_medium2.jpg', 'small2_url': 'https://images4-f.ravelrycache.com/uploads/jaaase421/865263663/60_Quick_Knit_Gifts_for_Babies_PAGE__Page_112_small2.jpg', 'caption': None, 'caption_html': None, 'copyright_holder': 'sixth&spring books'}, {'id': 114071408, 'sort_order': 2, 'user_id': 4976906, 'x_offset': -1, 'y_offset': -11, 'square_url': 'https://images4-g.ravelrycache.com/uploads/jaaase421/865263664/60_Quick_Knit_Gifts_for_Babies_PAGE__Page_114_square.jpg', 'medium_url': 'https://images4-g.ravelrycache.com/uploads/jaaase421/865263664/60_Quick_Knit_Gifts_for_Babies_PAGE__Page_114_medium.jpg', 'thumbnail_url': 'https://images4-g.ravelrycache.com/uploads/jaaase421/865263664/60_Quick_Knit_Gifts_for_Babies_PAGE__Page_114_thumbnail.jpg', 'small_url': 'https://images4-g.ravelrycache.com/uploads/jaaase421/865263664/60_Quick_Knit_Gifts_for_Babies_PAGE__Page_114_small_best_fit.jpg', 'flickr_url': None, 'shelved_url': 'https://images4-f.ravelrycache.com/uploads/jaaase421/865263664/60_Quick_Knit_Gifts_for_Babies_PAGE__Page_114_shelved.jpg', 'medium2_url': 'https://images4-a.ravelrycache.com/uploads/jaaase421/865263664/60_Quick_Knit_Gifts_for_Babies_PAGE__Page_114_medium2.jpg', 'small2_url': 'https://images4-g.ravelrycache.com/uploads/jaaase421/865263664/60_Quick_Knit_Gifts_for_Babies_PAGE__Page_114_small2.jpg', 'caption': None, 'caption_html': None, 'copyright_holder': 'sixth&spring books'}]"
Thebe,Kim Hargreaves,1256198,https://www.ravelry.com/patterns/library/thebe-2,False,https://images4-a.ravelrycache.com/uploads/RubyBamboo/865390473/014ADF8E-B66D-4248-8B91-02CCBAE4A25E_medium2.jpeg,Knitting,"['female', 'teen', 'adult', 'oversized', 'eyelets', 'ribbed', 'seamed', 'turtleneck', 'bottom-up', 'positive-ease', 'written-pattern', 'drop-sleeve', 'worked-flat', 'schematic']",22.0,0.0,False,4.0,stocking stitch ,pullover,Worsted,9,0.0,"To fit bust 32, 34, 36, 38, 40, 43, 46, 49 in","[{'id': 114086894, 'sort_order': 1, 'user_id': 107128, 'x_offset': -4, 'y_offset': -35, 'square_url': 'https://images4-f.ravelrycache.com/uploads/RubyBamboo/865390473/014ADF8E-B66D-4248-8B91-02CCBAE4A25E_square.jpeg', 'medium_url': 'https://images4-f.ravelrycache.com/uploads/RubyBamboo/865390473/014ADF8E-B66D-4248-8B91-02CCBAE4A25E_medium.jpeg', 'thumbnail_url': 'https://images4-f.ravelrycache.com/uploads/RubyBamboo/865390473/014ADF8E-B66D-4248-8B91-02CCBAE4A25E_thumbnail.jpeg', 'small_url': 'https://images4-g.ravelrycache.com/uploads/RubyBamboo/865390473/014ADF8E-B66D-4248-8B91-02CCBAE4A25E_small.jpeg', 'flickr_url': None, 'shelved_url': 'https://images4-g.ravelrycache.com/uploads/RubyBamboo/865390473/014ADF8E-B66D-4248-8B91-02CCBAE4A25E_shelved.jpeg', 'medium2_url': 'https://images4-a.ravelrycache.com/uploads/RubyBamboo/865390473/014ADF8E-B66D-4248-8B91-02CCBAE4A25E_medium2.jpeg', 'small2_url': 'https://images4-f.ravelrycache.com/uploads/RubyBamboo/865390473/014ADF8E-B66D-4248-8B91-02CCBAE4A25E_small2.jpeg', 'caption': None, 'caption_html': None, 'copyright_holder': 'Kim Hargreaves 2022'}, {'id': 114086895, 'sort_order': 2, 'user_id': 107128, 'x_offset': -4, 'y_offset': -35, 'square_url': 'https://images4-g.ravelrycache.com/uploads/RubyBamboo/865390471/22B6C8A5-E7AC-4FDE-B656-41D1F0CF148C_square.jpeg', 'medium_url': 'https://images4-g.ravelrycache.com/uploads/RubyBamboo/865390471/22B6C8A5-E7AC-4FDE-B656-41D1F0CF148C_medium.jpeg', 'thumbnail_url': 'https://images4-f.ravelrycache.com/uploads/RubyBamboo/865390471/22B6C8A5-E7AC-4FDE-B656-41D1F0CF148C_thumbnail.jpeg', 'small_url': 'https://images4-f.ravelrycache.com/uploads/RubyBamboo/865390471/22B6C8A5-E7AC-4FDE-B656-41D1F0CF148C_small.jpeg', 'flickr_url': None, 'shelved_url': 'https://images4-f.ravelrycache.com/uploads/RubyBamboo/865390471/22B6C8A5-E7AC-4FDE-B656-41D1F0CF148C_shelved.jpeg', 'medium2_url': 'https://images4-a.ravelrycache.com/uploads/RubyBamboo/865390471/22B6C8A5-E7AC-4FDE-B656-41D1F0CF148C_medium2.jpeg', 'small2_url': 'https://images4-g.ravelrycache.com/uploads/RubyBamboo/865390471/22B6C8A5-E7AC-4FDE-B656-41D1F0CF148C_small2.jpeg', 'caption': None, 'caption_html': None, 'copyright_holder': None}, {'id': 114086896, 'sort_order': 3, 'user_id': 107128, 'x_offset': -5, 'y_offset': -35, 'square_url': 'https://images4-g.ravelrycache.com/uploads/RubyBamboo/865390472/1112A118-556A-4896-A656-D61718826B2D_square.jpeg', 'medium_url': 'https://images4-g.ravelrycache.com/uploads/RubyBamboo/865390472/1112A118-556A-4896-A656-D61718826B2D_medium.jpeg', 'thumbnail_url': 'https://images4-g.ravelrycache.com/uploads/RubyBamboo/865390472/1112A118-556A-4896-A656-D61718826B2D_thumbnail.jpeg', 'small_url': 'https://images4-f.ravelrycache.com/uploads/RubyBamboo/865390472/1112A118-556A-4896-A656-D61718826B2D_small.jpeg', 'flickr_url': None, 'shelved_url': 'https://images4-f.ravelrycache.com/uploads/RubyBamboo/865390472/1112A118-556A-4896-A656-D61718826B2D_shelved.jpeg', 'medium2_url': 'https://images4-a.ravelrycache.com/uploads/RubyBamboo/865390472/1112A118-556A-4896-A656-D61718826B2D_medium2.jpeg', 'small2_url': 'https://images4-g.ravelrycache.com/uploads/RubyBamboo/865390472/1112A118-556A-4896-A656-D61718826B2D_small2.jpeg', 'caption': None, 'caption_html': None, 'copyright_holder': None}]"
Elara,Kim Hargreaves,1256213,https://www.ravelry.com/patterns/library/elara-6,False,https://images4-a.ravelrycache.com/uploads/RubyBamboo/865395049/F7BC1BE9-C65B-4D3E-B7B6-BD02E66165D5_medium2.jpeg,Knitting,"['female', 'teen', 'adult', 'no-ease', 'fitted', 'cables', 'ribbed', 'seamed', 'v-neck', 'set-in-sleeve', 'bottom-up', 'written-pattern', 'worked-flat', 'schematic']",25.0,0.0,False,4.0,reverse stocking stitch,pullover,Lace,5,0.0,"To fit bust 32, 34, 36, 38, 40, 43, 46, 49 in","[{'id': 114087465, 'sort_order': 1, 'user_id': 107128, 'x_offset': -5, 'y_offset': -35, 'square_url': 'https://images4-f.ravelrycache.com/uploads/RubyBamboo/865395049/F7BC1BE9-C65B-4D3E-B7B6-BD02E66165D5_square.jpeg', 'medium_url': 'https://images4-f.ravelrycache.com/uploads/RubyBamboo/865395049/F7BC1BE9-C65B-4D3E-B7B6-BD02E66165D5_medium.jpeg', 'thumbnail_url': 'https://images4-f.ravelrycache.com/uploads/RubyBamboo/865395049/F7BC1BE9-C65B-4D3E-B7B6-BD02E66165D5_thumbnail.jpeg', 'small_url': 'https://images4-g.ravelrycache.com/uploads/RubyBamboo/865395049/F7BC1BE9-C65B-4D3E-B7B6-BD02E66165D5_small.jpeg', 'flickr_url': None, 'shelved_url': 'https://images4-g.ravelrycache.com/uploads/RubyBamboo/865395049/F7BC1BE9-C65B-4D3E-B7B6-BD02E66165D5_shelved.jpeg', 'medium2_url': 'https://images4-a.ravelrycache.com/uploads/RubyBamboo/865395049/F7BC1BE9-C65B-4D3E-B7B6-BD02E66165D5_medium2.jpeg', 'small2_url': 'https://images4-f.ravelrycache.com/uploads/RubyBamboo/865395049/F7BC1BE9-C65B-4D3E-B7B6-BD02E66165D5_small2.jpeg', 'caption': None, 'caption_html': None, 'copyright_holder': 'Kim Hargreaves 2022'}, {'id': 114087466, 'sort_order': 2, 'user_id': 107128, 'x_offset': -4, 'y_offset': -35, 'square_url': 'https://images4-f.ravelrycache.com/uploads/RubyBamboo/865395050/78CB0F22-C48D-4E22-AFEC-5A08E5B58950_square.jpeg', 'medium_url': 'https://images4-f.ravelrycache.com/uploads/RubyBamboo/865395050/78CB0F22-C48D-4E22-AFEC-5A08E5B58950_medium.jpeg', 'thumbnail_url': 'https://images4-g.ravelrycache.com/uploads/RubyBamboo/865395050/78CB0F22-C48D-4E22-AFEC-5A08E5B58950_thumbnail.jpeg', 'small_url': 'https://images4-g.ravelrycache.com/uploads/RubyBamboo/865395050/78CB0F22-C48D-4E22-AFEC-5A08E5B58950_small.jpeg', 'flickr_url': None, 'shelved_url': 'https://images4-g.ravelrycache.com/uploads/RubyBamboo/865395050/78CB0F22-C48D-4E22-AFEC-5A08E5B58950_shelved.jpeg', 'medium2_url': 'https://images4-a.ravelrycache.com/uploads/RubyBamboo/865395050/78CB0F22-C48D-4E22-AFEC-5A08E5B58950_medium2.jpeg', 'small2_url': 'https://images4-f.ravelrycache.com/uploads/RubyBamboo/865395050/78CB0F22-C48D-4E22-AFEC-5A08E5B58950_small2.jpeg', 'caption': None, 'caption_html': None, 'copyright_holder': None}]"
ZGY Sweater,Ashley Kroger,1256547,https://www.ravelry.com/patterns/library/zgy-sweater,False,https://images4-a.ravelrycache.com/uploads/Ashandherknits/865753949/il_1140xN.3701193271_c80j_medium2.jpg,Knitting,"['female', 'unisex', 'teen', 'adult', 'oversized', 'negative-ease', 'no-ease', 'fitted', 'ribbed', 'textured', 'turtleneck', 'raglan-sleeve', 'top-down', 'mock-turtleneck', 'positive-ease', 'written-pattern', 'bracelet-sleeve', 'cuffed-sleeve', 'stripes-colorwork', 'contiguous']",6.5,3.5,True,4.0,Stockinette,pullover,Super Bulky,21,2.0,"S, M, L, XL","[{'id': 114131021, 'sort_order': 1, 'user_id': 10917860, 'x_offset': -5, 'y_offset': -35, 'square_url': 'https://images4-g.ravelrycache.com/uploads/Ashandherknits/865753949/il_1140xN.3701193271_c80j_square.jpg', 'medium_url': 'https://images4-g.ravelrycache.com/uploads/Ashandherknits/865753949/il_1140xN.3701193271_c80j_medium.jpg', 'thumbnail_url': 'https://images4-f.ravelrycache.com/uploads/Ashandherknits/865753949/il_1140xN.3701193271_c80j_thumbnail.jpg', 'small_url': 'https://images4-f.ravelrycache.com/uploads/Ashandherknits/865753949/il_1140xN.3701193271_c80j_small.jpg', 'flickr_url': None, 'shelved_url': 'https://images4-g.ravelrycache.com/uploads/Ashandherknits/865753949/il_1140xN.3701193271_c80j_shelved.jpg', 'medium2_url': 'https://images4-a.ravelrycache.com/uploads/Ashandherknits/865753949/il_1140xN.3701193271_c80j_medium2.jpg', 'small2_url': 'https://images4-g.ravelrycache.com/uploads/Ashandherknits/865753949/il_1140xN.3701193271_c80j_small2.jpg', 'caption': None, 'caption_html': None, 'copyright_holder': None}, {'id': 114131022, 'sort_order': 2, 'user_id': 10917860, 'x_offset': 0, 'y_offset': -24, 'square_url': 'https://images4-g.ravelrycache.com/uploads/Ashandherknits/865753915/il_1140xN.3653583692_14c0_square.jpg', 'medium_url': 'https://images4-g.ravelrycache.com/uploads/Ashandherknits/865753915/il_1140xN.3653583692_14c0_medium.jpg', 'thumbnail_url': 'https://images4-f.ravelrycache.com/uploads/Ashandherknits/865753915/il_1140xN.3653583692_14c0_thumbnail.jpg', 'small_url': 'https://images4-f.ravelrycache.com/uploads/Ashandherknits/865753915/il_1140xN.3653583692_14c0_small_best_fit.jpg', 'flickr_url': None, 'shelved_url': 'https://images4-g.ravelrycache.com/uploads/Ashandherknits/865753915/il_1140xN.3653583692_14c0_shelved.jpg', 'medium2_url': 'https://images4-a.ravelrycache.com/uploads/Ashandherknits/865753915/il_1140xN.3653583692_14c0_medium2.jpg', 'small2_url': 'https://images4-g.ravelrycache.com/uploads/Ashandherknits/865753915/il_1140xN.3653583692_14c0_small2.jpg', 'caption': None, 'caption_html': None, 'copyright_holder': None}, {'id': 114131023, 'sort_order': 3, 'user_id': 10917860, 'x_offset': 0, 'y_offset': 0, 'square_url': 'https://images4-g.ravelrycache.com/uploads/Ashandherknits/865753901/il_300x300.3701205719_o6nn_square.jpg', 'medium_url': 'https://images4-g.ravelrycache.com/uploads/Ashandherknits/865753901/il_300x300.3701205719_o6nn_medium.jpg', 'thumbnail_url': 'https://images4-g.ravelrycache.com/uploads/Ashandherknits/865753901/il_300x300.3701205719_o6nn_thumbnail.jpg', 'small_url': 'https://images4-f.ravelrycache.com/uploads/Ashandherknits/865753901/il_300x300.3701205719_o6nn_small_best_fit.jpg', 'flickr_url': None, 'shelved_url': 'https://images4-g.ravelrycache.com/uploads/Ashandherknits/865753901/il_300x300.3701205719_o6nn_shelved.jpg', 'medium2_url': 'https://images4-a.ravelrycache.com/uploads/Ashandherknits/865753901/il_300x300.3701205719_o6nn_medium2.jpg', 'small2_url': 'https://images4-g.ravelrycache.com/uploads/Ashandherknits/865753901/il_300x300.3701205719_o6nn_small2.jpg', 'caption': None, 'caption_html': None, 'copyright_holder': None}, {'id': 114131024, 'sort_order': 4, 'user_id': 10917860, 'x_offset': -5, 'y_offset': -35, 'square_url': 'https://images4-f.ravelrycache.com/uploads/Ashandherknits/865753932/il_1140xN.3701168989_s7di_square.jpg', 'medium_url': 'https://images4-f.ravelrycache.com/uploads/Ashandherknits/865753932/il_1140xN.3701168989_s7di_medium.jpg', 'thumbnail_url': 'https://images4-f.ravelrycache.com/uploads/Ashandherknits/865753932/il_1140xN.3701168989_s7di_thumbnail.jpg', 'small_url': 'https://images4-g.ravelrycache.com/uploads/Ashandherknits/865753932/il_1140xN.3701168989_s7di_small.jpg', 'flickr_url': None, 'shelved_url': 'https://images4-g.ravelrycache.com/uploads/Ashandherknits/865753932/il_1140xN.3701168989_s7di_shelved.jpg', 'medium2_url': 'https://images4-a.ravelrycache.com/uploads/Ashandherknits/865753932/il_1140xN.3701168989_s7di_medium2.jpg', 'small2_url': 'https://images4-f.ravelrycache.com/uploads/Ashandherknits/865753932/il_1140xN.3701168989_s7di_small2.jpg', 'caption': None, 'caption_html': None, 'copyright_holder': None}, {'id': 114131025, 'sort_order': 5, 'user_id': 10917860, 'x_offset': 0, 'y_offset': -49, 'square_url': 'https://images4-g.ravelrycache.com/uploads/Ashandherknits/865753921/il_1140xN.3653584310_arvz_square.jpg', 'medium_url': 'https://images4-g.ravelrycache.com/uploads/Ashandherknits/865753921/il_1140xN.3653584310_arvz_medium.jpg', 'thumbnail_url': 'https://images4-g.ravelrycache.com/uploads/Ashandherknits/865753921/il_1140xN.3653584310_arvz_thumbnail.jpg', 'small_url': 'https://images4-f.ravelrycache.com/uploads/Ashandherknits/865753921/il_1140xN.3653584310_arvz_small_best_fit.jpg', 'flickr_url': None, 'shelved_url': 'https://images4-g.ravelrycache.com/uploads/Ashandherknits/865753921/il_1140xN.3653584310_arvz_shelved.jpg', 'medium2_url': 'https://images4-a.ravelrycache.com/uploads/Ashandherknits/865753921/il_1140xN.3653584310_arvz_medium2.jpg', 'small2_url': 'https://images4-g.ravelrycache.com/uploads/Ashandherknits/865753921/il_1140xN.3653584310_arvz_small2.jpg', 'caption': None, 'caption_html': None, 'copyright_holder': None}, {'id': 114131026, 'sort_order': 6, 'user_id': 10917860, 'x_offset': -5, 'y_offset': -35, 'square_url': 'https://images4-f.ravelrycache.com/uploads/Ashandherknits/865753895/il_1140xN.3653558196_j95o_square.jpg', 'medium_url': 'https://images4-f.ravelrycache.com/uploads/Ashandherknits/865753895/il_1140xN.3653558196_j95o_medium.jpg', 'thumbnail_url': 'https://images4-f.ravelrycache.com/uploads/Ashandherknits/865753895/il_1140xN.3653558196_j95o_thumbnail.jpg', 'small_url': 'https://images4-f.ravelrycache.com/uploads/Ashandherknits/865753895/il_1140xN.3653558196_j95o_small.jpg', 'flickr_url': None, 'shelved_url': 'https://images4-g.ravelrycache.com/uploads/Ashandherknits/865753895/il_1140xN.3653558196_j95o_shelved.jpg', 'medium2_url': 'https://images4-a.ravelrycache.com/uploads/Ashandherknits/865753895/il_1140xN.3653558196_j95o_medium2.jpg', 'small2_url': 'https://images4-f.ravelrycache.com/uploads/Ashandherknits/865753895/il_1140xN.3653558196_j95o_small2.jpg', 'caption': None, 'caption_html': None, 'copyright_holder': None}, {'id': 114131027, 'sort_order': 7, 'user_id': 10917860, 'x_offset': 0, 'y_offset': 0, 'square_url': 'https://images4-g.ravelrycache.com/uploads/Ashandherknits/865753882/il_300x300.3701196217_qsgk_square.jpg', 'medium_url': 'https://images4-g.ravelrycache.com/uploads/Ashandherknits/865753882/il_300x300.3701196217_qsgk_medium.jpg', 'thumbnail_url': 'https://images4-f.ravelrycache.com/uploads/Ashandherknits/865753882/il_300x300.3701196217_qsgk_thumbnail.jpg', 'small_url': 'https://images4-f.ravelrycache.com/uploads/Ashandherknits/865753882/il_300x300.3701196217_qsgk_small_best_fit.jpg', 'flickr_url': None, 'shelved_url': 'https://images4-f.ravelrycache.com/uploads/Ashandherknits/865753882/il_300x300.3701196217_qsgk_shelved.jpg', 'medium2_url': 'https://images4-a.ravelrycache.com/uploads/Ashandherknits/865753882/il_300x300.3701196217_qsgk_medium2.jpg', 'small2_url': 'https://images4-g.ravelrycache.com/uploads/Ashandherknits/865753882/il_300x300.3701196217_qsgk_small2.jpg', 'caption': None, 'caption_html': None, 'copyright_holder': None}]"
Marpidi Sweater,Michaela Drosten,1256930,https://www.ravelry.com/patterns/library/marpidi-sweater,False,https://images4-a.ravelrycache.com/uploads/Atelyeah/859448666/IMG_5544_medium2.jpeg,Knitting,"['crew-neck', 'long-sleeve', 'raglan-sleeve', 'one-piece', 'seamless', 'short-rows', 'top-down', 'chart', 'written-pattern', 'video-tutorial', 'in-the-round', 'unisex', 'adult', 'ribbed', 'straight', 'positive-ease', 'other-edging', 'twisted-stitches', 'doubleknit', 'other-colorwork', 'male', 'female']",23.5,0.0,True,4.0,Stockinette stitch,pullover,Fingering,17,4.666666666666667,1 - 9 find more details below,"[{'id': 114166388, 'sort_order': 1, 'user_id': 3415425, 'x_offset': -10, 'y_offset': -2, 'square_url': 'https://images4-f.ravelrycache.com/uploads/Atelyeah/859448666/IMG_5544_square.jpeg', 'medium_url': 'https://images4-f.ravelrycache.com/uploads/Atelyeah/859448666/IMG_5544_medium.jpeg', 'thumbnail_url': 'https://images4-f.ravelrycache.com/uploads/Atelyeah/859448666/IMG_5544_thumbnail.jpeg', 'small_url': 'https://images4-g.ravelrycache.com/uploads/Atelyeah/859448666/IMG_5544_small.jpeg', 'flickr_url': None, 'shelved_url': 'https://images4-f.ravelrycache.com/uploads/Atelyeah/859448666/IMG_5544_shelved.jpeg', 'medium2_url': 'https://images4-a.ravelrycache.com/uploads/Atelyeah/859448666/IMG_5544_medium2.jpeg', 'small2_url': 'https://images4-f.ravelrycache.com/uploads/Atelyeah/859448666/IMG_5544_small2.jpeg', 'caption': None, 'caption_html': None, 'copyright_holder': None}, {'id': 114166389, 'sort_order': 2, 'user_id': 3415425, 'x_offset': -5, 'y_offset': -35, 'square_url': 'https://images4-f.ravelrycache.com/uploads/Atelyeah/859436590/Bildschirmfoto_2022-06-07_um_22.59.51_square.png', 'medium_url': 'https://images4-g.ravelrycache.com/uploads/Atelyeah/859436590/Bildschirmfoto_2022-06-07_um_22.59.51_medium.png', 'thumbnail_url': 'https://images4-f.ravelrycache.com/uploads/Atelyeah/859436590/Bildschirmfoto_2022-06-07_um_22.59.51_thumbnail.png', 'small_url': 'https://images4-f.ravelrycache.com/uploads/Atelyeah/859436590/Bildschirmfoto_2022-06-07_um_22.59.51_small.png', 'flickr_url': None, 'shelved_url': 'https://images4-f.ravelrycache.com/uploads/Atelyeah/859436590/Bildschirmfoto_2022-06-07_um_22.59.51_shelved.png', 'medium2_url': 'https://images4-a.ravelrycache.com/uploads/Atelyeah/859436590/Bildschirmfoto_2022-06-07_um_22.59.51_medium2.png', 'small2_url': 'https://images4-f.ravelrycache.com/uploads/Atelyeah/859436590/Bildschirmfoto_2022-06-07_um_22.59.51_small2.png', 'caption': None, 'caption_html': None, 'copyright_holder': None}, {'id': 114166390, 'sort_order': 3, 'user_id': 3415425, 'x_offset': -5, 'y_offset': -35, 'square_url': 'https://images4-g.ravelrycache.com/uploads/Atelyeah/859436960/IMG_5490_square.jpeg', 'medium_url': 'https://images4-g.ravelrycache.com/uploads/Atelyeah/859436960/IMG_5490_medium.jpeg', 'thumbnail_url': 'https://images4-g.ravelrycache.com/uploads/Atelyeah/859436960/IMG_5490_thumbnail.jpeg', 'small_url': 'https://images4-f.ravelrycache.com/uploads/Atelyeah/859436960/IMG_5490_small.jpeg', 'flickr_url': None, 'shelved_url': 'https://images4-f.ravelrycache.com/uploads/Atelyeah/859436960/IMG_5490_shelved.jpeg', 'medium2_url': 'https://images4-a.ravelrycache.com/uploads/Atelyeah/859436960/IMG_5490_medium2.jpeg', 'small2_url': 'https://images4-g.ravelrycache.com/uploads/Atelyeah/859436960/IMG_5490_small2.jpeg', 'caption': None, 'caption_html': None, 'copyright_holder': None}, {'id': 114166391, 'sort_order': 4, 'user_id': 3415425, 'x_offset': -5, 'y_offset': -35, 'square_url': 'https://images4-f.ravelrycache.com/uploads/Atelyeah/859447896/IMG_5496_square.jpeg', 'medium_url': 'https://images4-f.ravelrycache.com/uploads/Atelyeah/859447896/IMG_5496_medium.jpeg', 'thumbnail_url': 'https://images4-f.ravelrycache.com/uploads/Atelyeah/859447896/IMG_5496_thumbnail.jpeg', 'small_url': 'https://images4-f.ravelrycache.com/uploads/Atelyeah/859447896/IMG_5496_small.jpeg', 'flickr_url': None, 'shelved_url': 'https://images4-g.ravelrycache.com/uploads/Atelyeah/859447896/IMG_5496_shelved.jpeg', 'medium2_url': 'https://images4-a.ravelrycache.com/uploads/Atelyeah/859447896/IMG_5496_medium2.jpeg', 'small2_url': 'https://images4-f.ravelrycache.com/uploads/Atelyeah/859447896/IMG_5496_small2.jpeg', 'caption': None, 'caption_html': None, 'copyright_holder': None}, {'id': 114166392, 'sort_order': 5, 'user_id': 3415425, 'x_offset': -5, 'y_offset': -35, 'square_url': 'https://images4-f.ravelrycache.com/uploads/Atelyeah/859437037/IMG_5492_square.jpeg', 'medium_url': 'https://images4-f.ravelrycache.com/uploads/Atelyeah/859437037/IMG_5492_medium.jpeg', 'thumbnail_url': 'https://images4-g.ravelrycache.com/uploads/Atelyeah/859437037/IMG_5492_thumbnail.jpeg', 'small_url': 'https://images4-f.ravelrycache.com/uploads/Atelyeah/859437037/IMG_5492_small.jpeg', 'flickr_url': None, 'shelved_url': 'https://images4-g.ravelrycache.com/uploads/Atelyeah/859437037/IMG_5492_shelved.jpeg', 'medium2_url': 'https://images4-a.ravelrycache.com/uploads/Atelyeah/859437037/IMG_5492_medium2.jpeg', 'small2_url': 'https://images4-f.ravelrycache.com/uploads/Atelyeah/859437037/IMG_5492_small2.jpeg', 'caption': None, 'caption_html': None, 'copyright_holder': None}, {'id': 114167963, 'sort_order': 6, 'user_id': 3415425, 'x_offset': -8, 'y_offset': -72, 'square_url': 'https://images4-g.ravelrycache.com/uploads/Atelyeah/866053499/4EC0E1DE-4AFE-4981-B63D-5EC886046F10_square.heic', 'medium_url': 'https://images4-g.ravelrycache.com/uploads/Atelyeah/866053499/4EC0E1DE-4AFE-4981-B63D-5EC886046F10_medium.heic', 'thumbnail_url': 'https://images4-f.ravelrycache.com/uploads/Atelyeah/866053499/4EC0E1DE-4AFE-4981-B63D-5EC886046F10_thumbnail.heic', 'small_url': 'https://images4-g.ravelrycache.com/uploads/Atelyeah/866053499/4EC0E1DE-4AFE-4981-B63D-5EC886046F10_small.heic', 'flickr_url': None, 'shelved_url': 'https://images4-g.ravelrycache.com/uploads/Atelyeah/866053499/4EC0E1DE-4AFE-4981-B63D-5EC886046F10_shelved.heic', 'medium2_url': 'https://images4-a.ravelrycache.com/uploads/Atelyeah/866053499/4EC0E1DE-4AFE-4981-B63D-5EC886046F10_medium2.heic', 'small2_url': 'https://images4-g.ravelrycache.com/uploads/Atelyeah/866053499/4EC0E1DE-4AFE-4981-B63D-5EC886046F10_small2.heic', 'caption': None, 'caption_html': None, 'copyright_holder': None}, {'id': 114166393, 'sort_order': 7, 'user_id': 3415425, 'x_offset': -5, 'y_offset': -35, 'square_url': 'https://images4-g.ravelrycache.com/uploads/Atelyeah/859448268/IMG_5499_square.jpeg', 'medium_url': 'https://images4-g.ravelrycache.com/uploads/Atelyeah/859448268/IMG_5499_medium.jpeg', 'thumbnail_url': 'https://images4-g.ravelrycache.com/uploads/Atelyeah/859448268/IMG_5499_thumbnail.jpeg', 'small_url': 'https://images4-g.ravelrycache.com/uploads/Atelyeah/859448268/IMG_5499_small.jpeg', 'flickr_url': None, 'shelved_url': 'https://images4-g.ravelrycache.com/uploads/Atelyeah/859448268/IMG_5499_shelved.jpeg', 'medium2_url': 'https://images4-a.ravelrycache.com/uploads/Atelyeah/859448268/IMG_5499_medium2.jpeg', 'small2_url': 'https://images4-g.ravelrycache.com/uploads/Atelyeah/859448268/IMG_5499_small2.jpeg', 'caption': None, 'caption_html': None, 'copyright_holder': None}, {'id': 114166394, 'sort_order': 8, 'user_id': 3415425, 'x_offset': -5, 'y_offset': -35, 'square_url': 'https://images4-g.ravelrycache.com/uploads/Atelyeah/859448504/IMG_5525_square.jpeg', 'medium_url': 'https://images4-g.ravelrycache.com/uploads/Atelyeah/859448504/IMG_5525_medium.jpeg', 'thumbnail_url': 'https://images4-g.ravelrycache.com/uploads/Atelyeah/859448504/IMG_5525_thumbnail.jpeg', 'small_url': 'https://images4-f.ravelrycache.com/uploads/Atelyeah/859448504/IMG_5525_small.jpeg', 'flickr_url': None, 'shelved_url': 'https://images4-g.ravelrycache.com/uploads/Atelyeah/859448504/IMG_5525_shelved.jpeg', 'medium2_url': 'https://images4-a.ravelrycache.com/uploads/Atelyeah/859448504/IMG_5525_medium2.jpeg', 'small2_url': 'https://images4-g.ravelrycache.com/uploads/Atelyeah/859448504/IMG_5525_small2.jpeg', 'caption': None, 'caption_html': None, 'copyright_holder': None}, {'id': 114166395, 'sort_order': 9, 'user_id': 3415425, 'x_offset': -5, 'y_offset': -35, 'square_url': 'https://images4-g.ravelrycache.com/uploads/Atelyeah/859448639/IMG_5541_square.jpeg', 'medium_url': 'https://images4-g.ravelrycache.com/uploads/Atelyeah/859448639/IMG_5541_medium.jpeg', 'thumbnail_url': 'https://images4-f.ravelrycache.com/uploads/Atelyeah/859448639/IMG_5541_thumbnail.jpeg', 'small_url': 'https://images4-f.ravelrycache.com/uploads/Atelyeah/859448639/IMG_5541_small.jpeg', 'flickr_url': None, 'shelved_url': 'https://images4-g.ravelrycache.com/uploads/Atelyeah/859448639/IMG_5541_shelved.jpeg', 'medium2_url': 'https://images4-a.ravelrycache.com/uploads/Atelyeah/859448639/IMG_5541_medium2.jpeg', 'small2_url': 'https://images4-g.ravelrycache.com/uploads/Atelyeah/859448639/IMG_5541_small2.jpeg', 'caption': None, 'caption_html': None, 'copyright_holder': None}, {'id': 114168007, 'sort_order': 10, 'user_id': 3415425, 'x_offset': 0, 'y_offset': -22, 'square_url': 'https://images4-f.ravelrycache.com/uploads/Atelyeah/866053855/132F5CF2-9C47-432F-A392-889341C4271A_square.jpeg', 'medium_url': 'https://images4-f.ravelrycache.com/uploads/Atelyeah/866053855/132F5CF2-9C47-432F-A392-889341C4271A_medium.jpeg', 'thumbnail_url': 'https://images4-g.ravelrycache.com/uploads/Atelyeah/866053855/132F5CF2-9C47-432F-A392-889341C4271A_thumbnail.jpeg', 'small_url': 'https://images4-g.ravelrycache.com/uploads/Atelyeah/866053855/132F5CF2-9C47-432F-A392-889341C4271A_small_best_fit.jpeg', 'flickr_url': None, 'shelved_url': 'https://images4-g.ravelrycache.com/uploads/Atelyeah/866053855/132F5CF2-9C47-432F-A392-889341C4271A_shelved.jpeg', 'medium2_url': 'https://images4-a.ravelrycache.com/uploads/Atelyeah/866053855/132F5CF2-9C47-432F-A392-889341C4271A_medium2.jpeg', 'small2_url': 'https://images4-f.ravelrycache.com/uploads/Atelyeah/866053855/132F5CF2-9C47-432F-A392-889341C4271A_small2.jpeg', 'caption': None, 'caption_html': None, 'copyright_holder': None}]"
What’s This!?  Sweater,Meghan Regan,1257281,https://www.ravelry.com/patterns/library/whats-this-sweater,False,https://images4-a.ravelrycache.com/uploads/BadWolfGirlKnits/866314949/CD20765C-4281-4C17-9E11-908C07139DB0_medium2.jpeg,Knitting,"['unisex', 'teen', 'adult', 'no-ease', 'circular-yoke', 'seamless', 'top-down', 'positive-ease', 'in-the-round']",21.0,0.0,True,4.0,,pullover,Worsted,20,0.0,"30 (34, 38, 45, 49) (53, 60, 64, 72) inches/ 76 (86, 96.5, 114, 124) (134, 152, 162, 182) cm ","[{'id': 114200163, 'sort_order': 1, 'user_id': 1540620, 'x_offset': 0, 'y_offset': 0, 'square_url': 'https://images4-f.ravelrycache.com/uploads/BadWolfGirlKnits/866314949/CD20765C-4281-4C17-9E11-908C07139DB0_square.jpeg', 'medium_url': 'https://images4-f.ravelrycache.com/uploads/BadWolfGirlKnits/866314949/CD20765C-4281-4C17-9E11-908C07139DB0_medium.jpeg', 'thumbnail_url': 'https://images4-g.ravelrycache.com/uploads/BadWolfGirlKnits/866314949/CD20765C-4281-4C17-9E11-908C07139DB0_thumbnail.jpeg', 'small_url': 'https://images4-g.ravelrycache.com/uploads/BadWolfGirlKnits/866314949/CD20765C-4281-4C17-9E11-908C07139DB0_small_best_fit.jpeg', 'flickr_url': None, 'shelved_url': 'https://images4-g.ravelrycache.com/uploads/BadWolfGirlKnits/866314949/CD20765C-4281-4C17-9E11-908C07139DB0_shelved.jpeg', 'medium2_url': 'https://images4-a.ravelrycache.com/uploads/BadWolfGirlKnits/866314949/CD20765C-4281-4C17-9E11-908C07139DB0_medium2.jpeg', 'small2_url': 'https://images4-f.ravelrycache.com/uploads/BadWolfGirlKnits/866314949/CD20765C-4281-4C17-9E11-908C07139DB0_small2.jpeg', 'caption': None, 'caption_html': None, 'copyright_holder': None}, {'id': 116612490, 'sort_order': 2, 'user_id': 3722427, 'x_offset': 0, 'y_offset': 0, 'square_url': 'https://images4-g.ravelrycache.com/uploads/madcowmandy/885342085/IMG_20221105_175944_224_square.jpg', 'medium_url': 'https://images4-f.ravelrycache.com/uploads/madcowmandy/885342085/IMG_20221105_175944_224_medium.jpg', 'thumbnail_url': 'https://images4-g.ravelrycache.com/uploads/madcowmandy/885342085/IMG_20221105_175944_224_thumbnail.jpg', 'small_url': 'https://images4-g.ravelrycache.com/uploads/madcowmandy/885342085/IMG_20221105_175944_224_small_best_fit.jpg', 'flickr_url': None, 'shelved_url': 'https://images4-f.ravelrycache.com/uploads/madcowmandy/885342085/IMG_20221105_175944_224_shelved.jpg', 'medium2_url': 'https://images4-a.ravelrycache.com/uploads/madcowmandy/885342085/IMG_20221105_175944_224_medium2.jpg', 'small2_url': 'https://images4-g.ravelrycache.com/uploads/madcowmandy/885342085/IMG_20221105_175944_224_small2.jpg', 'caption': None, 'caption_html': None, 'copyright_holder': None}, {'id': 116612497, 'sort_order': 3, 'user_id': 3722427, 'x_offset': 0, 'y_offset': 0, 'square_url': 'https://images4-f.ravelrycache.com/uploads/madcowmandy/885342086/IMG_20221105_175944_437_square.jpg', 'medium_url': 'https://images4-g.ravelrycache.com/uploads/madcowmandy/885342086/IMG_20221105_175944_437_medium.jpg', 'thumbnail_url': 'https://images4-g.ravelrycache.com/uploads/madcowmandy/885342086/IMG_20221105_175944_437_thumbnail.jpg', 'small_url': 'https://images4-f.ravelrycache.com/uploads/madcowmandy/885342086/IMG_20221105_175944_437_small_best_fit.jpg', 'flickr_url': None, 'shelved_url': 'https://images4-g.ravelrycache.com/uploads/madcowmandy/885342086/IMG_20221105_175944_437_shelved.jpg', 'medium2_url': 'https://images4-a.ravelrycache.com/uploads/madcowmandy/885342086/IMG_20221105_175944_437_medium2.jpg', 'small2_url': 'https://images4-f.ravelrycache.com/uploads/madcowmandy/885342086/IMG_20221105_175944_437_small2.jpg', 'caption': None, 'caption_html': None, 'copyright_holder': None}, {'id': 116475520, 'sort_order': 4, 'user_id': 542374, 'x_offset': -10, 'y_offset': -1, 'square_url': 'https://images4-f.ravelrycache.com/uploads/Soltra/870228785/Whats_This_square.png', 'medium_url': 'https://images4-g.ravelrycache.com/uploads/Soltra/870228785/Whats_This_medium.png', 'thumbnail_url': 'https://images4-g.ravelrycache.com/uploads/Soltra/870228785/Whats_This_thumbnail.png', 'small_url': 'https://images4-f.ravelrycache.com/uploads/Soltra/870228785/Whats_This_small_best_fit.png', 'flickr_url': None, 'shelved_url': 'https://images4-f.ravelrycache.com/uploads/Soltra/870228785/Whats_This_shelved.png', 'medium2_url': 'https://images4-a.ravelrycache.com/uploads/Soltra/870228785/Whats_This_medium2.png', 'small2_url': 'https://images4-f.ravelrycache.com/uploads/Soltra/870228785/Whats_This_small2.png', 'caption': None, 'caption_html': None, 'copyright_holder': None}, {'id': 114200164, 'sort_order': 5, 'user_id': 1540620, 'x_offset': -35, 'y_offset': -5, 'square_url': 'https://images4-g.ravelrycache.com/uploads/BadWolfGirlKnits/866314950/D6436F55-9DFC-47E7-BD32-C138D37E51D8_square.jpeg', 'medium_url': 'https://images4-g.ravelrycache.com/uploads/BadWolfGirlKnits/866314950/D6436F55-9DFC-47E7-BD32-C138D37E51D8_medium.jpeg', 'thumbnail_url': 'https://images4-g.ravelrycache.com/uploads/BadWolfGirlKnits/866314950/D6436F55-9DFC-47E7-BD32-C138D37E51D8_thumbnail.jpeg', 'small_url': 'https://images4-f.ravelrycache.com/uploads/BadWolfGirlKnits/866314950/D6436F55-9DFC-47E7-BD32-C138D37E51D8_small.jpeg', 'flickr_url': None, 'shelved_url': 'https://images4-f.ravelrycache.com/uploads/BadWolfGirlKnits/866314950/D6436F55-9DFC-47E7-BD32-C138D37E51D8_shelved.jpeg', 'medium2_url': 'https://images4-a.ravelrycache.com/uploads/BadWolfGirlKnits/866314950/D6436F55-9DFC-47E7-BD32-C138D37E51D8_medium2.jpeg', 'small2_url': 'https://images4-g.ravelrycache.com/uploads/BadWolfGirlKnits/866314950/D6436F55-9DFC-47E7-BD32-C138D37E51D8_small2.jpeg', 'caption': None, 'caption_html': None, 'copyright_holder': None}, {'id': 116475211, 'sort_order': 6, 'user_id': 3473535, 'x_offset': -35, 'y_offset': -5, 'square_url': 'https://images4-g.ravelrycache.com/uploads/chriskingnotary/871954642/733558D1-83A7-4C64-AA46-984EEA5C2B00_square.jpeg', 'medium_url': 'https://images4-g.ravelrycache.com/uploads/chriskingnotary/871954642/733558D1-83A7-4C64-AA46-984EEA5C2B00_medium.jpeg', 'thumbnail_url': 'https://images4-f.ravelrycache.com/uploads/chriskingnotary/871954642/733558D1-83A7-4C64-AA46-984EEA5C2B00_thumbnail.jpeg', 'small_url': 'https://images4-g.ravelrycache.com/uploads/chriskingnotary/871954642/733558D1-83A7-4C64-AA46-984EEA5C2B00_small.jpeg', 'flickr_url': None, 'shelved_url': 'https://images4-g.ravelrycache.com/uploads/chriskingnotary/871954642/733558D1-83A7-4C64-AA46-984EEA5C2B00_shelved.jpeg', 'medium2_url': 'https://images4-a.ravelrycache.com/uploads/chriskingnotary/871954642/733558D1-83A7-4C64-AA46-984EEA5C2B00_medium2.jpeg', 'small2_url': 'https://images4-f.ravelrycache.com/uploads/chriskingnotary/871954642/733558D1-83A7-4C64-AA46-984EEA5C2B00_small2.jpeg', 'caption': None, 'caption_html': None, 'copyright_holder': None}, {'id': 116612486, 'sort_order': 7, 'user_id': 3722427, 'x_offset': -35, 'y_offset': -5, 'square_url': 'https://images4-g.ravelrycache.com/uploads/madcowmandy/885341360/IMG_20221027_211546290_HDR__1__square.jpg', 'medium_url': 'https://images4-f.ravelrycache.com/uploads/madcowmandy/885341360/IMG_20221027_211546290_HDR__1__medium.jpg', 'thumbnail_url': 'https://images4-g.ravelrycache.com/uploads/madcowmandy/885341360/IMG_20221027_211546290_HDR__1__thumbnail.jpg', 'small_url': 'https://images4-f.ravelrycache.com/uploads/madcowmandy/885341360/IMG_20221027_211546290_HDR__1__small.jpg', 'flickr_url': None, 'shelved_url': 'https://images4-f.ravelrycache.com/uploads/madcowmandy/885341360/IMG_20221027_211546290_HDR__1__shelved.jpg', 'medium2_url': 'https://images4-a.ravelrycache.com/uploads/madcowmandy/885341360/IMG_20221027_211546290_HDR__1__medium2.jpg', 'small2_url': 'https://images4-g.ravelrycache.com/uploads/madcowmandy/885341360/IMG_20221027_211546290_HDR__1__small2.jpg', 'caption': None, 'caption_html': None, 'copyright_holder': None}]"
Delightful Sweater,Yanwen Qian,1257288,https://www.ravelry.com/patterns/library/delightful-sweater,False,https://images4-a.ravelrycache.com/uploads/foreveryarn/866157939/810398B9-2742-4F0D-A9F5-EB933C06F164_medium2.jpeg,Knitting,"['raglan-sleeve', 'hems', 'chart', 'written-pattern', 'schematic', 'one-piece', 'top-down', 'positive-ease', 'in-the-round', 'adult']",18.0,4.0,True,4.0,Stockinette Stitch,pullover,Worsted,14,4.6,"1 (2, 3, 4, 5)","[{'id': 114201001, 'sort_order': 1, 'user_id': 134013, 'x_offset': 0, 'y_offset': -22, 'square_url': 'https://images4-g.ravelrycache.com/uploads/foreveryarn/866157939/810398B9-2742-4F0D-A9F5-EB933C06F164_square.jpeg', 'medium_url': 'https://images4-g.ravelrycache.com/uploads/foreveryarn/866157939/810398B9-2742-4F0D-A9F5-EB933C06F164_medium.jpeg', 'thumbnail_url': 'https://images4-g.ravelrycache.com/uploads/foreveryarn/866157939/810398B9-2742-4F0D-A9F5-EB933C06F164_thumbnail.jpeg', 'small_url': 'https://images4-f.ravelrycache.com/uploads/foreveryarn/866157939/810398B9-2742-4F0D-A9F5-EB933C06F164_small_best_fit.jpeg', 'flickr_url': None, 'shelved_url': 'https://images4-f.ravelrycache.com/uploads/foreveryarn/866157939/810398B9-2742-4F0D-A9F5-EB933C06F164_shelved.jpeg', 'medium2_url': 'https://images4-a.ravelrycache.com/uploads/foreveryarn/866157939/810398B9-2742-4F0D-A9F5-EB933C06F164_medium2.jpeg', 'small2_url': 'https://images4-g.ravelrycache.com/uploads/foreveryarn/866157939/810398B9-2742-4F0D-A9F5-EB933C06F164_small2.jpeg', 'caption': None, 'caption_html': None, 'copyright_holder': None}, {'id': 114201002, 'sort_order': 2, 'user_id': 134013, 'x_offset': 0, 'y_offset': -22, 'square_url': 'https://images4-g.ravelrycache.com/uploads/foreveryarn/866157940/61592DE6-9847-43C1-81BA-685EE4192F7E_square.jpeg', 'medium_url': 'https://images4-g.ravelrycache.com/uploads/foreveryarn/866157940/61592DE6-9847-43C1-81BA-685EE4192F7E_medium.jpeg', 'thumbnail_url': 'https://images4-f.ravelrycache.com/uploads/foreveryarn/866157940/61592DE6-9847-43C1-81BA-685EE4192F7E_thumbnail.jpeg', 'small_url': 'https://images4-g.ravelrycache.com/uploads/foreveryarn/866157940/61592DE6-9847-43C1-81BA-685EE4192F7E_small_best_fit.jpeg', 'flickr_url': None, 'shelved_url': 'https://images4-g.ravelrycache.com/uploads/foreveryarn/866157940/61592DE6-9847-43C1-81BA-685EE4192F7E_shelved.jpeg', 'medium2_url': 'https://images4-a.ravelrycache.com/uploads/foreveryarn/866157940/61592DE6-9847-43C1-81BA-685EE4192F7E_medium2.jpeg', 'small2_url': 'https://images4-g.ravelrycache.com/uploads/foreveryarn/866157940/61592DE6-9847-43C1-81BA-685EE4192F7E_small2.jpeg', 'caption': None, 'caption_html': None, 'copyright_holder': None}, {'id': 114201003, 'sort_order': 3, 'user_id': 134013, 'x_offset': -5, 'y_offset': -35, 'square_url': 'https://images4-f.ravelrycache.com/uploads/foreveryarn/866157950/F99741E4-386B-4C36-8B5D-8AA06179D981_square.jpeg', 'medium_url': 'https://images4-f.ravelrycache.com/uploads/foreveryarn/866157950/F99741E4-386B-4C36-8B5D-8AA06179D981_medium.jpeg', 'thumbnail_url': 'https://images4-g.ravelrycache.com/uploads/foreveryarn/866157950/F99741E4-386B-4C36-8B5D-8AA06179D981_thumbnail.jpeg', 'small_url': 'https://images4-f.ravelrycache.com/uploads/foreveryarn/866157950/F99741E4-386B-4C36-8B5D-8AA06179D981_small.jpeg', 'flickr_url': None, 'shelved_url': 'https://images4-f.ravelrycache.com/uploads/foreveryarn/866157950/F99741E4-386B-4C36-8B5D-8AA06179D981_shelved.jpeg', 'medium2_url': 'https://images4-a.ravelrycache.com/uploads/foreveryarn/866157950/F99741E4-386B-4C36-8B5D-8AA06179D981_medium2.jpeg', 'small2_url': 'https://images4-f.ravelrycache.com/uploads/foreveryarn/866157950/F99741E4-386B-4C36-8B5D-8AA06179D981_small2.jpeg', 'caption': None, 'caption_html': None, 'copyright_holder': None}, {'id': 114201004, 'sort_order': 4, 'user_id': 134013, 'x_offset': -5, 'y_offset': -35, 'square_url': 'https://images4-g.ravelrycache.com/uploads/foreveryarn/866157945/DB6923C5-096A-4F52-84A9-5802F9118DE9_square.jpeg', 'medium_url': 'https://images4-g.ravelrycache.com/uploads/foreveryarn/866157945/DB6923C5-096A-4F52-84A9-5802F9118DE9_medium.jpeg', 'thumbnail_url': 'https://images4-f.ravelrycache.com/uploads/foreveryarn/866157945/DB6923C5-096A-4F52-84A9-5802F9118DE9_thumbnail.jpeg', 'small_url': 'https://images4-g.ravelrycache.com/uploads/foreveryarn/866157945/DB6923C5-096A-4F52-84A9-5802F9118DE9_small.jpeg', 'flickr_url': None, 'shelved_url': 'https://images4-g.ravelrycache.com/uploads/foreveryarn/866157945/DB6923C5-096A-4F52-84A9-5802F9118DE9_shelved.jpeg', 'medium2_url': 'https://images4-a.ravelrycache.com/uploads/foreveryarn/866157945/DB6923C5-096A-4F52-84A9-5802F9118DE9_medium2.jpeg', 'small2_url': 'https://images4-g.ravelrycache.com/uploads/foreveryarn/866157945/DB6923C5-096A-4F52-84A9-5802F9118DE9_small2.jpeg', 'caption': None, 'caption_html': None, 'copyright_holder': None}, {'id': 114201005, 'sort_order': 5, 'user_id': 134013, 'x_offset': -5, 'y_offset': -35, 'square_url': 'https://images4-g.ravelrycache.com/uploads/foreveryarn/866158707/5DC621B4-E7D5-4B7F-B570-A5EC20F7FDA8_square.jpeg', 'medium_url': 'https://images4-g.ravelrycache.com/uploads/foreveryarn/866158707/5DC621B4-E7D5-4B7F-B570-A5EC20F7FDA8_medium.jpeg', 'thumbnail_url': 'https://images4-g.ravelrycache.com/uploads/foreveryarn/866158707/5DC621B4-E7D5-4B7F-B570-A5EC20F7FDA8_thumbnail.jpeg', 'small_url': 'https://images4-g.ravelrycache.com/uploads/foreveryarn/866158707/5DC621B4-E7D5-4B7F-B570-A5EC20F7FDA8_small.jpeg', 'flickr_url': None, 'shelved_url': 'https://images4-f.ravelrycache.com/uploads/foreveryarn/866158707/5DC621B4-E7D5-4B7F-B570-A5EC20F7FDA8_shelved.jpeg', 'medium2_url': 'https://images4-a.ravelrycache.com/uploads/foreveryarn/866158707/5DC621B4-E7D5-4B7F-B570-A5EC20F7FDA8_medium2.jpeg', 'small2_url': 'https://images4-g.ravelrycache.com/uploads/foreveryarn/866158707/5DC621B4-E7D5-4B7F-B570-A5EC20F7FDA8_small2.jpeg', 'caption': None, 'caption_html': None, 'copyright_holder': None}, {'id': 114201006, 'sort_order': 6, 'user_id': 134013, 'x_offset': -5, 'y_offset': -35, 'square_url': 'https://images4-f.ravelrycache.com/uploads/foreveryarn/866158706/DFFAA9EB-8C84-4FCF-8E59-488ACA399C00_square.jpeg', 'medium_url': 'https://images4-f.ravelrycache.com/uploads/foreveryarn/866158706/DFFAA9EB-8C84-4FCF-8E59-488ACA399C00_medium.jpeg', 'thumbnail_url': 'https://images4-g.ravelrycache.com/uploads/foreveryarn/866158706/DFFAA9EB-8C84-4FCF-8E59-488ACA399C00_thumbnail.jpeg', 'small_url': 'https://images4-g.ravelrycache.com/uploads/foreveryarn/866158706/DFFAA9EB-8C84-4FCF-8E59-488ACA399C00_small.jpeg', 'flickr_url': None, 'shelved_url': 'https://images4-f.ravelrycache.com/uploads/foreveryarn/866158706/DFFAA9EB-8C84-4FCF-8E59-488ACA399C00_shelved.jpeg', 'medium2_url': 'https://images4-a.ravelrycache.com/uploads/foreveryarn/866158706/DFFAA9EB-8C84-4FCF-8E59-488ACA399C00_medium2.jpeg', 'small2_url': 'https://images4-f.ravelrycache.com/uploads/foreveryarn/866158706/DFFAA9EB-8C84-4FCF-8E59-488ACA399C00_small2.jpeg', 'caption': None, 'caption_html': None, 'copyright_holder': None}, {'id': 114201007, 'sort_order': 7, 'user_id': 134013, 'x_offset': -5, 'y_offset': -35, 'square_url': 'https://images4-f.ravelrycache.com/uploads/foreveryarn/866158169/943A91E1-3D10-48F7-8288-01CE06E17D53_square.jpeg', 'medium_url': 'https://images4-f.ravelrycache.com/uploads/foreveryarn/866158169/943A91E1-3D10-48F7-8288-01CE06E17D53_medium.jpeg', 'thumbnail_url': 'https://images4-g.ravelrycache.com/uploads/foreveryarn/866158169/943A91E1-3D10-48F7-8288-01CE06E17D53_thumbnail.jpeg', 'small_url': 'https://images4-f.ravelrycache.com/uploads/foreveryarn/866158169/943A91E1-3D10-48F7-8288-01CE06E17D53_small.jpeg', 'flickr_url': None, 'shelved_url': 'https://images4-f.ravelrycache.com/uploads/foreveryarn/866158169/943A91E1-3D10-48F7-8288-01CE06E17D53_shelved.jpeg', 'medium2_url': 'https://images4-a.ravelrycache.com/uploads/foreveryarn/866158169/943A91E1-3D10-48F7-8288-01CE06E17D53_medium2.jpeg', 'small2_url': 'https://images4-f.ravelrycache.com/uploads/foreveryarn/866158169/943A91E1-3D10-48F7-8288-01CE06E17D53_small2.jpeg', 'caption': None, 'caption_html': None, 'copyright_holder': None}, {'id': 114201008, 'sort_order': 8, 'user_id': 134013, 'x_offset': -5, 'y_offset': -35, 'square_url': 'https://images4-g.ravelrycache.com/uploads/foreveryarn/866158168/E16E5FB4-8935-4DA2-91C8-48FE4A8CC036_square.jpeg', 'medium_url': 'https://images4-g.ravelrycache.com/uploads/foreveryarn/866158168/E16E5FB4-8935-4DA2-91C8-48FE4A8CC036_medium.jpeg', 'thumbnail_url': 'https://images4-f.ravelrycache.com/uploads/foreveryarn/866158168/E16E5FB4-8935-4DA2-91C8-48FE4A8CC036_thumbnail.jpeg', 'small_url': 'https://images4-g.ravelrycache.com/uploads/foreveryarn/866158168/E16E5FB4-8935-4DA2-91C8-48FE4A8CC036_small.jpeg', 'flickr_url': None, 'shelved_url': 'https://images4-f.ravelrycache.com/uploads/foreveryarn/866158168/E16E5FB4-8935-4DA2-91C8-48FE4A8CC036_shelved.jpeg', 'medium2_url': 'https://images4-a.ravelrycache.com/uploads/foreveryarn/866158168/E16E5FB4-8935-4DA2-91C8-48FE4A8CC036_medium2.jpeg', 'small2_url': 'https://images4-g.ravelrycache.com/uploads/foreveryarn/866158168/E16E5FB4-8935-4DA2-91C8-48FE4A8CC036_small2.jpeg', 'caption': None, 'caption_html': None, 'copyright_holder': None}]"
Frequency Sweater,Tina Tse,1257486,https://www.ravelry.com/patterns/library/frequency-sweater,False,https://images4-a.ravelrycache.com/uploads/Pengirl55/866411586/Screen_Shot_2022-07-22_at_2.01.38_PM_medium2.png,Knitting,"['ribbed', 'stranded', 'one-piece', 'seamless', 'short-rows', 'top-down', 'chart', 'written-pattern', 'in-the-round', 'schematic', 'circular-yoke']",30.0,0.0,True,4.0,"stockinette stitch, after blocking",pullover,Fingering,17,0.0,"(1, 2, 3) [4, 5, 6] {7, 8, 9}","[{'id': 114212482, 'sort_order': 1, 'user_id': 82950, 'x_offset': -2, 'y_offset': -35, 'square_url': 'https://images4-f.ravelrycache.com/uploads/Pengirl55/866411586/Screen_Shot_2022-07-22_at_2.01.38_PM_square.png', 'medium_url': 'https://images4-g.ravelrycache.com/uploads/Pengirl55/866411586/Screen_Shot_2022-07-22_at_2.01.38_PM_medium.png', 'thumbnail_url': 'https://images4-f.ravelrycache.com/uploads/Pengirl55/866411586/Screen_Shot_2022-07-22_at_2.01.38_PM_thumbnail.png', 'small_url': 'https://images4-f.ravelrycache.com/uploads/Pengirl55/866411586/Screen_Shot_2022-07-22_at_2.01.38_PM_small.png', 'flickr_url': None, 'shelved_url': 'https://images4-g.ravelrycache.com/uploads/Pengirl55/866411586/Screen_Shot_2022-07-22_at_2.01.38_PM_shelved.png', 'medium2_url': 'https://images4-a.ravelrycache.com/uploads/Pengirl55/866411586/Screen_Shot_2022-07-22_at_2.01.38_PM_medium2.png', 'small2_url': 'https://images4-f.ravelrycache.com/uploads/Pengirl55/866411586/Screen_Shot_2022-07-22_at_2.01.38_PM_small2.png', 'caption': None, 'caption_html': None, 'copyright_holder': 'Chettara T. Photography'}, {'id': 114212483, 'sort_order': 2, 'user_id': 82950, 'x_offset': -3, 'y_offset': -35, 'square_url': 'https://images4-f.ravelrycache.com/uploads/Pengirl55/866411580/Screen_Shot_2022-07-22_at_2.01.47_PM_square.png', 'medium_url': 'https://images4-g.ravelrycache.com/uploads/Pengirl55/866411580/Screen_Shot_2022-07-22_at_2.01.47_PM_medium.png', 'thumbnail_url': 'https://images4-f.ravelrycache.com/uploads/Pengirl55/866411580/Screen_Shot_2022-07-22_at_2.01.47_PM_thumbnail.png', 'small_url': 'https://images4-f.ravelrycache.com/uploads/Pengirl55/866411580/Screen_Shot_2022-07-22_at_2.01.47_PM_small.png', 'flickr_url': None, 'shelved_url': 'https://images4-f.ravelrycache.com/uploads/Pengirl55/866411580/Screen_Shot_2022-07-22_at_2.01.47_PM_shelved.png', 'medium2_url': 'https://images4-a.ravelrycache.com/uploads/Pengirl55/866411580/Screen_Shot_2022-07-22_at_2.01.47_PM_medium2.png', 'small2_url': 'https://images4-f.ravelrycache.com/uploads/Pengirl55/866411580/Screen_Shot_2022-07-22_at_2.01.47_PM_small2.png', 'caption': None, 'caption_html': None, 'copyright_holder': 'Chettara T. Photography'}, {'id': 114212484, 'sort_order': 3, 'user_id': 82950, 'x_offset': -7, 'y_offset': -35, 'square_url': 'https://images4-f.ravelrycache.com/uploads/Pengirl55/866411579/Screen_Shot_2022-07-22_at_2.02.10_PM_square.png', 'medium_url': 'https://images4-g.ravelrycache.com/uploads/Pengirl55/866411579/Screen_Shot_2022-07-22_at_2.02.10_PM_medium.png', 'thumbnail_url': 'https://images4-g.ravelrycache.com/uploads/Pengirl55/866411579/Screen_Shot_2022-07-22_at_2.02.10_PM_thumbnail.png', 'small_url': 'https://images4-f.ravelrycache.com/uploads/Pengirl55/866411579/Screen_Shot_2022-07-22_at_2.02.10_PM_small.png', 'flickr_url': None, 'shelved_url': 'https://images4-f.ravelrycache.com/uploads/Pengirl55/866411579/Screen_Shot_2022-07-22_at_2.02.10_PM_shelved.png', 'medium2_url': 'https://images4-a.ravelrycache.com/uploads/Pengirl55/866411579/Screen_Shot_2022-07-22_at_2.02.10_PM_medium2.png', 'small2_url': 'https://images4-f.ravelrycache.com/uploads/Pengirl55/866411579/Screen_Shot_2022-07-22_at_2.02.10_PM_small2.png', 'caption': None, 'caption_html': None, 'copyright_holder': 'Chettara T. Photography'}, {'id': 114212485, 'sort_order': 4, 'user_id': 82950, 'x_offset': -1, 'y_offset': -26, 'square_url': 'https://images4-g.ravelrycache.com/uploads/Pengirl55/866411578/Screen_Shot_2022-07-22_at_2.02.00_PM_square.png', 'medium_url': 'https://images4-f.ravelrycache.com/uploads/Pengirl55/866411578/Screen_Shot_2022-07-22_at_2.02.00_PM_medium.png', 'thumbnail_url': 'https://images4-f.ravelrycache.com/uploads/Pengirl55/866411578/Screen_Shot_2022-07-22_at_2.02.00_PM_thumbnail.png', 'small_url': 'https://images4-f.ravelrycache.com/uploads/Pengirl55/866411578/Screen_Shot_2022-07-22_at_2.02.00_PM_small_best_fit.png', 'flickr_url': None, 'shelved_url': 'https://images4-g.ravelrycache.com/uploads/Pengirl55/866411578/Screen_Shot_2022-07-22_at_2.02.00_PM_shelved.png', 'medium2_url': 'https://images4-a.ravelrycache.com/uploads/Pengirl55/866411578/Screen_Shot_2022-07-22_at_2.02.00_PM_medium2.png', 'small2_url': 'https://images4-g.ravelrycache.com/uploads/Pengirl55/866411578/Screen_Shot_2022-07-22_at_2.02.00_PM_small2.png', 'caption': None, 'caption_html': None, 'copyright_holder': 'Tina Tse'}]"
Mini What's This?,Meghan Regan,1257758,https://www.ravelry.com/patterns/library/mini-whats-this,False,https://images4-a.ravelrycache.com/uploads/BadWolfGirlKnits/1027719663/IMG_7532_medium2.jpeg,Knitting,"['unisex', 'baby', 'child', 'teen', 'no-ease', 'circular-yoke', 'stranded', 'top-down', 'in-the-round']",21.0,0.0,True,4.0,,child,Worsted,7,0.0,"Sizes [chest circumference] with little to no ease: 19 (20, 22, 24, 26, 28)” inches 45 (50, 55, 60, 66, 71) cm","[{'id': 134186267, 'sort_order': 1, 'user_id': 1540620, 'x_offset': -5, 'y_offset': -35, 'square_url': 'https://images4-f.ravelrycache.com/uploads/BadWolfGirlKnits/1027719663/IMG_7532_square.jpeg', 'medium_url': 'https://images4-f.ravelrycache.com/uploads/BadWolfGirlKnits/1027719663/IMG_7532_medium.jpeg', 'thumbnail_url': 'https://images4-g.ravelrycache.com/uploads/BadWolfGirlKnits/1027719663/IMG_7532_thumbnail.jpeg', 'small_url': 'https://images4-f.ravelrycache.com/uploads/BadWolfGirlKnits/1027719663/IMG_7532_small.jpeg', 'flickr_url': None, 'shelved_url': 'https://images4-g.ravelrycache.com/uploads/BadWolfGirlKnits/1027719663/IMG_7532_shelved.jpeg', 'medium2_url': 'https://images4-a.ravelrycache.com/uploads/BadWolfGirlKnits/1027719663/IMG_7532_medium2.jpeg', 'small2_url': 'https://images4-g.ravelrycache.com/uploads/BadWolfGirlKnits/1027719663/IMG_7532_small2.jpeg', 'caption': None, 'caption_html': None, 'copyright_holder': None}, {'id': 134186268, 'sort_order': 2, 'user_id': 1540620, 'x_offset': -5, 'y_offset': -35, 'square_url': 'https://images4-g.ravelrycache.com/uploads/BadWolfGirlKnits/1027719668/IMG_7525_square.jpeg', 'medium_url': 'https://images4-g.ravelrycache.com/uploads/BadWolfGirlKnits/1027719668/IMG_7525_medium.jpeg', 'thumbnail_url': 'https://images4-f.ravelrycache.com/uploads/BadWolfGirlKnits/1027719668/IMG_7525_thumbnail.jpeg', 'small_url': 'https://images4-f.ravelrycache.com/uploads/BadWolfGirlKnits/1027719668/IMG_7525_small.jpeg', 'flickr_url': None, 'shelved_url': 'https://images4-g.ravelrycache.com/uploads/BadWolfGirlKnits/1027719668/IMG_7525_shelved.jpeg', 'medium2_url': 'https://images4-a.ravelrycache.com/uploads/BadWolfGirlKnits/1027719668/IMG_7525_medium2.jpeg', 'small2_url': 'https://images4-f.ravelrycache.com/uploads/BadWolfGirlKnits/1027719668/IMG_7525_small2.jpeg', 'caption': None, 'caption_html': None, 'copyright_holder': None}, {'id': 134186274, 'sort_order': 3, 'user_id': 1540620, 'x_offset': -5, 'y_offset': -35, 'square_url': 'https://images4-f.ravelrycache.com/uploads/BadWolfGirlKnits/1027719689/IMG_7530_square.jpeg', 'medium_url': 'https://images4-f.ravelrycache.com/uploads/BadWolfGirlKnits/1027719689/IMG_7530_medium.jpeg', 'thumbnail_url': 'https://images4-g.ravelrycache.com/uploads/BadWolfGirlKnits/1027719689/IMG_7530_thumbnail.jpeg', 'small_url': 'https://images4-f.ravelrycache.com/uploads/BadWolfGirlKnits/1027719689/IMG_7530_small.jpeg', 'flickr_url': None, 'shelved_url': 'https://images4-g.ravelrycache.com/uploads/BadWolfGirlKnits/1027719689/IMG_7530_shelved.jpeg', 'medium2_url': 'https://images4-a.ravelrycache.com/uploads/BadWolfGirlKnits/1027719689/IMG_7530_medium2.jpeg', 'small2_url': 'https://images4-g.ravelrycache.com/uploads/BadWolfGirlKnits/1027719689/IMG_7530_small2.jpeg', 'caption': None, 'caption_html': None, 'copyright_holder': None}, {'id': 134186266, 'sort_order': 4, 'user_id': 1540620, 'x_offset': -5, 'y_offset': -35, 'square_url': 'https://images4-f.ravelrycache.com/uploads/BadWolfGirlKnits/1027719661/IMG_7539_square.jpeg', 'medium_url': 'https://images4-f.ravelrycache.com/uploads/BadWolfGirlKnits/1027719661/IMG_7539_medium.jpeg', 'thumbnail_url': 'https://images4-g.ravelrycache.com/uploads/BadWolfGirlKnits/1027719661/IMG_7539_thumbnail.jpeg', 'small_url': 'https://images4-f.ravelrycache.com/uploads/BadWolfGirlKnits/1027719661/IMG_7539_small.jpeg', 'flickr_url': None, 'shelved_url': 'https://images4-g.ravelrycache.com/uploads/BadWolfGirlKnits/1027719661/IMG_7539_shelved.jpeg', 'medium2_url': 'https://images4-a.ravelrycache.com/uploads/BadWolfGirlKnits/1027719661/IMG_7539_medium2.jpeg', 'small2_url': 'https://images4-g.ravelrycache.com/uploads/BadWolfGirlKnits/1027719661/IMG_7539_small2.jpeg', 'caption': None, 'caption_html': None, 'copyright_holder': None}, {'id': 134186269, 'sort_order': 5, 'user_id': 1540620, 'x_offset': -5, 'y_offset': -35, 'square_url': 'https://images4-f.ravelrycache.com/uploads/BadWolfGirlKnits/1027719671/IMG_7556_square.jpeg', 'medium_url': 'https://images4-f.ravelrycache.com/uploads/BadWolfGirlKnits/1027719671/IMG_7556_medium.jpeg', 'thumbnail_url': 'https://images4-f.ravelrycache.com/uploads/BadWolfGirlKnits/1027719671/IMG_7556_thumbnail.jpeg', 'small_url': 'https://images4-f.ravelrycache.com/uploads/BadWolfGirlKnits/1027719671/IMG_7556_small.jpeg', 'flickr_url': None, 'shelved_url': 'https://images4-g.ravelrycache.com/uploads/BadWolfGirlKnits/1027719671/IMG_7556_shelved.jpeg', 'medium2_url': 'https://images4-a.ravelrycache.com/uploads/BadWolfGirlKnits/1027719671/IMG_7556_medium2.jpeg', 'small2_url': 'https://images4-g.ravelrycache.com/uploads/BadWolfGirlKnits/1027719671/IMG_7556_small2.jpeg', 'caption': None, 'caption_html': None, 'copyright_holder': None}, {'id': 134186271, 'sort_order': 6, 'user_id': 1540620, 'x_offset': -5, 'y_offset': -35, 'square_url': 'https://images4-g.ravelrycache.com/uploads/BadWolfGirlKnits/1027719672/IMG_7546_square.jpeg', 'medium_url': 'https://images4-g.ravelrycache.com/uploads/BadWolfGirlKnits/1027719672/IMG_7546_medium.jpeg', 'thumbnail_url': 'https://images4-f.ravelrycache.com/uploads/BadWolfGirlKnits/1027719672/IMG_7546_thumbnail.jpeg', 'small_url': 'https://images4-g.ravelrycache.com/uploads/BadWolfGirlKnits/1027719672/IMG_7546_small.jpeg', 'flickr_url': None, 'shelved_url': 'https://images4-f.ravelrycache.com/uploads/BadWolfGirlKnits/1027719672/IMG_7546_shelved.jpeg', 'medium2_url': 'https://images4-a.ravelrycache.com/uploads/BadWolfGirlKnits/1027719672/IMG_7546_medium2.jpeg', 'small2_url': 'https://images4-f.ravelrycache.com/uploads/BadWolfGirlKnits/1027719672/IMG_7546_small2.jpeg', 'caption': None, 'caption_html': None, 'copyright_holder': None}, {'id': 134186265, 'sort_order': 7, 'user_id': 1540620, 'x_offset': -5, 'y_offset': -35, 'square_url': 'https://images4-f.ravelrycache.com/uploads/BadWolfGirlKnits/1027719658/IMG_8077_square.jpeg', 'medium_url': 'https://images4-f.ravelrycache.com/uploads/BadWolfGirlKnits/1027719658/IMG_8077_medium.jpeg', 'thumbnail_url': 'https://images4-g.ravelrycache.com/uploads/BadWolfGirlKnits/1027719658/IMG_8077_thumbnail.jpeg', 'small_url': 'https://images4-f.ravelrycache.com/uploads/BadWolfGirlKnits/1027719658/IMG_8077_small.jpeg', 'flickr_url': None, 'shelved_url': 'https://images4-f.ravelrycache.com/uploads/BadWolfGirlKnits/1027719658/IMG_8077_shelved.jpeg', 'medium2_url': 'https://images4-a.ravelrycache.com/uploads/BadWolfGirlKnits/1027719658/IMG_8077_medium2.jpeg', 'small2_url': 'https://images4-g.ravelrycache.com/uploads/BadWolfGirlKnits/1027719658/IMG_8077_small2.jpeg', 'caption': None, 'caption_html': None, 'copyright_holder': None}, {'id': 114246843, 'sort_order': 8, 'user_id': 1540620, 'x_offset': -26, 'y_offset': -1, 'square_url': 'https://images4-f.ravelrycache.com/uploads/BadWolfGirlKnits/866695384/Untitled_Artwork_square.heic', 'medium_url': 'https://images4-f.ravelrycache.com/uploads/BadWolfGirlKnits/866695384/Untitled_Artwork_medium.heic', 'thumbnail_url': 'https://images4-f.ravelrycache.com/uploads/BadWolfGirlKnits/866695384/Untitled_Artwork_thumbnail.heic', 'small_url': 'https://images4-g.ravelrycache.com/uploads/BadWolfGirlKnits/866695384/Untitled_Artwork_small_best_fit.heic', 'flickr_url': None, 'shelved_url': 'https://images4-g.ravelrycache.com/uploads/BadWolfGirlKnits/866695384/Untitled_Artwork_shelved.heic', 'medium2_url': 'https://images4-a.ravelrycache.com/uploads/BadWolfGirlKnits/866695384/Untitled_Artwork_medium2.heic', 'small2_url': 'https://images4-f.ravelrycache.com/uploads/BadWolfGirlKnits/866695384/Untitled_Artwork_small2.heic', 'caption': None, 'caption_html': None, 'copyright_holder': None}]"
Mr. Gorgeous Sweater,Lene Hedahl,1257971,https://www.ravelry.com/patterns/library/mr-gorgeous-sweater,True,https://images4-a.ravelrycache.com/uploads/Nanerl/866872578/upload_medium2,Knitting,"['male', 'adult', 'cables', 'ribbed', 'long-sleeve', 'raglan-sleeve', 'one-piece', 'seamless', 'bottom-up', 'chart', 'written-pattern', 'in-the-round']",21.0,6.333333333333333,True,4.0,pattern with needle 4.5mm,pullover,Worsted,30,4.166666666666667,S (M) L (XL) XXL (XXXL),"[{'id': 114268351, 'sort_order': 1, 'user_id': 974840, 'x_offset': 0, 'y_offset': -22, 'square_url': 'https://images4-f.ravelrycache.com/uploads/Nanerl/866872578/upload_square', 'medium_url': 'https://images4-g.ravelrycache.com/uploads/Nanerl/866872578/upload_medium', 'thumbnail_url': 'https://images4-f.ravelrycache.com/uploads/Nanerl/866872578/upload_thumbnail', 'small_url': 'https://images4-f.ravelrycache.com/uploads/Nanerl/866872578/upload_small_best_fit', 'flickr_url': None, 'shelved_url': 'https://images4-f.ravelrycache.com/uploads/Nanerl/866872578/upload_shelved', 'medium2_url': 'https://images4-a.ravelrycache.com/uploads/Nanerl/866872578/upload_medium2', 'small2_url': 'https://images4-f.ravelrycache.com/uploads/Nanerl/866872578/upload_small2', 'caption': None, 'caption_html': None, 'copyright_holder': 'Fraya'}]"
Luasc,Ailbíona McLochlainn,1258178,https://www.ravelry.com/patterns/library/luasc,False,https://images4-a.ravelrycache.com/uploads/ailbiona/866349454/Luasc_Ruby2_medium2.jpg,Knitting,"['v-neck', 'short-sleeve', 'flutter-sleeve', 'icord', 'one-piece', 'seamless', 'top-down', 'written-pattern', 'in-the-round', 'icord-edging', 'other-edging', 'schematic']",23.0,3.3333333333333335,True,4.0,stockinette ,pullover,Sport,28,5.0,"85cm/ 34"" - 160cm/ 64""","[{'id': 114288103, 'sort_order': 1, 'user_id': 3935029, 'x_offset': 0, 'y_offset': -43, 'square_url': 'https://images4-g.ravelrycache.com/uploads/ailbiona/866349454/Luasc_Ruby2_square.jpg', 'medium_url': 'https://images4-g.ravelrycache.com/uploads/ailbiona/866349454/Luasc_Ruby2_medium.jpg', 'thumbnail_url': 'https://images4-f.ravelrycache.com/uploads/ailbiona/866349454/Luasc_Ruby2_thumbnail.jpg', 'small_url': 'https://images4-g.ravelrycache.com/uploads/ailbiona/866349454/Luasc_Ruby2_small_best_fit.jpg', 'flickr_url': None, 'shelved_url': 'https://images4-f.ravelrycache.com/uploads/ailbiona/866349454/Luasc_Ruby2_shelved.jpg', 'medium2_url': 'https://images4-a.ravelrycache.com/uploads/ailbiona/866349454/Luasc_Ruby2_medium2.jpg', 'small2_url': 'https://images4-g.ravelrycache.com/uploads/ailbiona/866349454/Luasc_Ruby2_small2.jpg', 'caption': None, 'caption_html': None, 'copyright_holder': None}, {'id': 122210960, 'sort_order': 2, 'user_id': 3935029, 'x_offset': -5, 'y_offset': -35, 'square_url': 'https://images4-g.ravelrycache.com/uploads/ailbiona/931019612/Luasc_Alex1_square.jpg', 'medium_url': 'https://images4-f.ravelrycache.com/uploads/ailbiona/931019612/Luasc_Alex1_medium.jpg', 'thumbnail_url': 'https://images4-f.ravelrycache.com/uploads/ailbiona/931019612/Luasc_Alex1_thumbnail.jpg', 'small_url': 'https://images4-f.ravelrycache.com/uploads/ailbiona/931019612/Luasc_Alex1_small.jpg', 'flickr_url': None, 'shelved_url': 'https://images4-f.ravelrycache.com/uploads/ailbiona/931019612/Luasc_Alex1_shelved.jpg', 'medium2_url': 'https://images4-a.ravelrycache.com/uploads/ailbiona/931019612/Luasc_Alex1_medium2.jpg', 'small2_url': 'https://images4-g.ravelrycache.com/uploads/ailbiona/931019612/Luasc_Alex1_small2.jpg', 'caption': None, 'caption_html': None, 'copyright_holder': None}, {'id': 122210966, 'sort_order': 3, 'user_id': 3935029, 'x_offset': 0, 'y_offset': -43, 'square_url': 'https://images4-f.ravelrycache.com/uploads/ailbiona/931019684/Luasc_Kate8_square.jpg', 'medium_url': 'https://images4-g.ravelrycache.com/uploads/ailbiona/931019684/Luasc_Kate8_medium.jpg', 'thumbnail_url': 'https://images4-f.ravelrycache.com/uploads/ailbiona/931019684/Luasc_Kate8_thumbnail.jpg', 'small_url': 'https://images4-g.ravelrycache.com/uploads/ailbiona/931019684/Luasc_Kate8_small_best_fit.jpg', 'flickr_url': None, 'shelved_url': 'https://images4-g.ravelrycache.com/uploads/ailbiona/931019684/Luasc_Kate8_shelved.jpg', 'medium2_url': 'https://images4-a.ravelrycache.com/uploads/ailbiona/931019684/Luasc_Kate8_medium2.jpg', 'small2_url': 'https://images4-f.ravelrycache.com/uploads/ailbiona/931019684/Luasc_Kate8_small2.jpg', 'caption': None, 'caption_html': None, 'copyright_holder': None}, {'id': 122210961, 'sort_order': 4, 'user_id': 3935029, 'x_offset': 0, 'y_offset': -43, 'square_url': 'https://images4-g.ravelrycache.com/uploads/ailbiona/931019637/Luasc_Alex11_square.jpg', 'medium_url': 'https://images4-f.ravelrycache.com/uploads/ailbiona/931019637/Luasc_Alex11_medium.jpg', 'thumbnail_url': 'https://images4-g.ravelrycache.com/uploads/ailbiona/931019637/Luasc_Alex11_thumbnail.jpg', 'small_url': 'https://images4-f.ravelrycache.com/uploads/ailbiona/931019637/Luasc_Alex11_small_best_fit.jpg', 'flickr_url': None, 'shelved_url': 'https://images4-f.ravelrycache.com/uploads/ailbiona/931019637/Luasc_Alex11_shelved.jpg', 'medium2_url': 'https://images4-a.ravelrycache.com/uploads/ailbiona/931019637/Luasc_Alex11_medium2.jpg', 'small2_url': 'https://images4-g.ravelrycache.com/uploads/ailbiona/931019637/Luasc_Alex11_small2.jpg', 'caption': None, 'caption_html': None, 'copyright_holder': None}, {'id': 122210948, 'sort_order': 5, 'user_id': 3935029, 'x_offset': 0, 'y_offset': -21, 'square_url': 'https://images4-f.ravelrycache.com/uploads/ailbiona/931019514/luasc_grey3_square.jpg', 'medium_url': 'https://images4-g.ravelrycache.com/uploads/ailbiona/931019514/luasc_grey3_medium.jpg', 'thumbnail_url': 'https://images4-g.ravelrycache.com/uploads/ailbiona/931019514/luasc_grey3_thumbnail.jpg', 'small_url': 'https://images4-f.ravelrycache.com/uploads/ailbiona/931019514/luasc_grey3_small_best_fit.jpg', 'flickr_url': None, 'shelved_url': 'https://images4-f.ravelrycache.com/uploads/ailbiona/931019514/luasc_grey3_shelved.jpg', 'medium2_url': 'https://images4-a.ravelrycache.com/uploads/ailbiona/931019514/luasc_grey3_medium2.jpg', 'small2_url': 'https://images4-f.ravelrycache.com/uploads/ailbiona/931019514/luasc_grey3_small2.jpg', 'caption': None, 'caption_html': None, 'copyright_holder': None}, {'id': 114288110, 'sort_order': 6, 'user_id': 3935029, 'x_offset': 0, 'y_offset': 1, 'square_url': 'https://images4-f.ravelrycache.com/uploads/ailbiona/866349358/luasc_pink1_square.jpg', 'medium_url': 'https://images4-f.ravelrycache.com/uploads/ailbiona/866349358/luasc_pink1_medium.jpg', 'thumbnail_url': 'https://images4-f.ravelrycache.com/uploads/ailbiona/866349358/luasc_pink1_thumbnail.jpg', 'small_url': 'https://images4-f.ravelrycache.com/uploads/ailbiona/866349358/luasc_pink1_small_best_fit.jpg', 'flickr_url': None, 'shelved_url': 'https://images4-g.ravelrycache.com/uploads/ailbiona/866349358/luasc_pink1_shelved.jpg', 'medium2_url': 'https://images4-a.ravelrycache.com/uploads/ailbiona/866349358/luasc_pink1_medium2.jpg', 'small2_url': 'https://images4-f.ravelrycache.com/uploads/ailbiona/866349358/luasc_pink1_small2.jpg', 'caption': None, 'caption_html': None, 'copyright_holder': None}, {'id': 122210992, 'sort_order': 7, 'user_id': 3935029, 'x_offset': -43, 'y_offset': 0, 'square_url': 'https://images4-f.ravelrycache.com/uploads/ailbiona/931019842/Luasc_Kate6_square.jpg', 'medium_url': 'https://images4-g.ravelrycache.com/uploads/ailbiona/931019842/Luasc_Kate6_medium.jpg', 'thumbnail_url': 'https://images4-g.ravelrycache.com/uploads/ailbiona/931019842/Luasc_Kate6_thumbnail.jpg', 'small_url': 'https://images4-g.ravelrycache.com/uploads/ailbiona/931019842/Luasc_Kate6_small_best_fit.jpg', 'flickr_url': None, 'shelved_url': 'https://images4-f.ravelrycache.com/uploads/ailbiona/931019842/Luasc_Kate6_shelved.jpg', 'medium2_url': 'https://images4-a.ravelrycache.com/uploads/ailbiona/931019842/Luasc_Kate6_medium2.jpg', 'small2_url': 'https://images4-f.ravelrycache.com/uploads/ailbiona/931019842/Luasc_Kate6_small2.jpg', 'caption': None, 'caption_html': None, 'copyright_holder': None}, {'id': 122210950, 'sort_order': 8, 'user_id': 3935029, 'x_offset': -43, 'y_offset': 0, 'square_url': 'https://images4-f.ravelrycache.com/uploads/ailbiona/931019541/luasc_kate5_square.jpg', 'medium_url': 'https://images4-g.ravelrycache.com/uploads/ailbiona/931019541/luasc_kate5_medium.jpg', 'thumbnail_url': 'https://images4-f.ravelrycache.com/uploads/ailbiona/931019541/luasc_kate5_thumbnail.jpg', 'small_url': 'https://images4-g.ravelrycache.com/uploads/ailbiona/931019541/luasc_kate5_small_best_fit.jpg', 'flickr_url': None, 'shelved_url': 'https://images4-g.ravelrycache.com/uploads/ailbiona/931019541/luasc_kate5_shelved.jpg', 'medium2_url': 'https://images4-a.ravelrycache.com/uploads/ailbiona/931019541/luasc_kate5_medium2.jpg', 'small2_url': 'https://images4-f.ravelrycache.com/uploads/ailbiona/931019541/luasc_kate5_small2.jpg', 'caption': None, 'caption_html': None, 'copyright_holder': None}, {'id': 114288113, 'sort_order': 9, 'user_id': 3935029, 'x_offset': -2, 'y_offset': -2, 'square_url': 'https://images4-g.ravelrycache.com/uploads/ailbiona/866349359/luasc_pink8_square.jpg', 'medium_url': 'https://images4-g.ravelrycache.com/uploads/ailbiona/866349359/luasc_pink8_medium.jpg', 'thumbnail_url': 'https://images4-g.ravelrycache.com/uploads/ailbiona/866349359/luasc_pink8_thumbnail.jpg', 'small_url': 'https://images4-g.ravelrycache.com/uploads/ailbiona/866349359/luasc_pink8_small_best_fit.jpg', 'flickr_url': None, 'shelved_url': 'https://images4-f.ravelrycache.com/uploads/ailbiona/866349359/luasc_pink8_shelved.jpg', 'medium2_url': 'https://images4-a.ravelrycache.com/uploads/ailbiona/866349359/luasc_pink8_medium2.jpg', 'small2_url': 'https://images4-g.ravelrycache.com/uploads/ailbiona/866349359/luasc_pink8_small2.jpg', 'caption': None, 'caption_html': None, 'copyright_holder': None}, {'id': 114288106, 'sort_order': 10, 'user_id': 3935029, 'x_offset': -87, 'y_offset': -1, 'square_url': 'https://images4-g.ravelrycache.com/uploads/ailbiona/866349453/luasc_ruby3_square.jpg', 'medium_url': 'https://images4-g.ravelrycache.com/uploads/ailbiona/866349453/luasc_ruby3_medium.jpg', 'thumbnail_url': 'https://images4-g.ravelrycache.com/uploads/ailbiona/866349453/luasc_ruby3_thumbnail.jpg', 'small_url': 'https://images4-g.ravelrycache.com/uploads/ailbiona/866349453/luasc_ruby3_small_best_fit.jpg', 'flickr_url': None, 'shelved_url': 'https://images4-f.ravelrycache.com/uploads/ailbiona/866349453/luasc_ruby3_shelved.jpg', 'medium2_url': 'https://images4-a.ravelrycache.com/uploads/ailbiona/866349453/luasc_ruby3_medium2.jpg', 'small2_url': 'https://images4-g.ravelrycache.com/uploads/ailbiona/866349453/luasc_ruby3_small2.jpg', 'caption': None, 'caption_html': None, 'copyright_holder': None}, {'id': 122210993, 'sort_order': 11, 'user_id': 3935029, 'x_offset': 0, 'y_offset': -43, 'square_url': 'https://images4-g.ravelrycache.com/uploads/ailbiona/931019851/Luasc_Kate3_square.jpg', 'medium_url': 'https://images4-f.ravelrycache.com/uploads/ailbiona/931019851/Luasc_Kate3_medium.jpg', 'thumbnail_url': 'https://images4-f.ravelrycache.com/uploads/ailbiona/931019851/Luasc_Kate3_thumbnail.jpg', 'small_url': 'https://images4-g.ravelrycache.com/uploads/ailbiona/931019851/Luasc_Kate3_small_best_fit.jpg', 'flickr_url': None, 'shelved_url': 'https://images4-f.ravelrycache.com/uploads/ailbiona/931019851/Luasc_Kate3_shelved.jpg', 'medium2_url': 'https://images4-a.ravelrycache.com/uploads/ailbiona/931019851/Luasc_Kate3_medium2.jpg', 'small2_url': 'https://images4-g.ravelrycache.com/uploads/ailbiona/931019851/Luasc_Kate3_small2.jpg', 'caption': None, 'caption_html': None, 'copyright_holder': None}, {'id': 114288117, 'sort_order': 12, 'user_id': 3935029, 'x_offset': 0, 'y_offset': -48, 'square_url': 'https://images4-f.ravelrycache.com/uploads/ailbiona/862208030/luasc_tree_square.jpg', 'medium_url': 'https://images4-f.ravelrycache.com/uploads/ailbiona/862208030/luasc_tree_medium.jpg', 'thumbnail_url': 'https://images4-g.ravelrycache.com/uploads/ailbiona/862208030/luasc_tree_thumbnail.jpg', 'small_url': 'https://images4-g.ravelrycache.com/uploads/ailbiona/862208030/luasc_tree_small_best_fit.jpg', 'flickr_url': None, 'shelved_url': 'https://images4-g.ravelrycache.com/uploads/ailbiona/862208030/luasc_tree_shelved.jpg', 'medium2_url': 'https://images4-a.ravelrycache.com/uploads/ailbiona/862208030/luasc_tree_medium2.jpg', 'small2_url': 'https://images4-f.ravelrycache.com/uploads/ailbiona/862208030/luasc_tree_small2.jpg', 'caption': None, 'caption_html': None, 'copyright_holder': None}]"
2590 Look Out Hooped Sweater,Sirdar,1258494,https://www.ravelry.com/patterns/library/2590-look-out-hooped-sweater,False,https://images4-a.ravelrycache.com/uploads/LindaKnitter/867233870/2590_s7654_4_medium2.jpg,Knitting,"['male', 'unisex', 'child', 'fitted', 'ribbed', 'seamed', 'crew-neck', 'long-sleeve', 'bottom-up', 'positive-ease', 'written-pattern', 'drop-sleeve', 'cuffed-sleeve', 'worked-flat', 'stripes-colorwork', 'schematic']",24.0,0.0,True,4.0,Mock English Rib,child,DK,2,0.0,"3(4, 5, 6, 7) years; 23.5(24, 25.25, 26, 27.25)""  59(61, 64, 66, 69) cm","[{'id': 114313501, 'sort_order': 1, 'user_id': 71200, 'x_offset': 0, 'y_offset': -43, 'square_url': 'https://images4-f.ravelrycache.com/uploads/LindaKnitter/867233870/2590_s7654_4_square.jpg', 'medium_url': 'https://images4-f.ravelrycache.com/uploads/LindaKnitter/867233870/2590_s7654_4_medium.jpg', 'thumbnail_url': 'https://images4-f.ravelrycache.com/uploads/LindaKnitter/867233870/2590_s7654_4_thumbnail.jpg', 'small_url': 'https://images4-f.ravelrycache.com/uploads/LindaKnitter/867233870/2590_s7654_4_small_best_fit.jpg', 'flickr_url': None, 'shelved_url': 'https://images4-f.ravelrycache.com/uploads/LindaKnitter/867233870/2590_s7654_4_shelved.jpg', 'medium2_url': 'https://images4-a.ravelrycache.com/uploads/LindaKnitter/867233870/2590_s7654_4_medium2.jpg', 'small2_url': 'https://images4-f.ravelrycache.com/uploads/LindaKnitter/867233870/2590_s7654_4_small2.jpg', 'caption': None, 'caption_html': None, 'copyright_holder': '2022 Sirdar'}, {'id': 114313502, 'sort_order': 2, 'user_id': 71200, 'x_offset': 0, 'y_offset': -24, 'square_url': 'https://images4-g.ravelrycache.com/uploads/LindaKnitter/867233863/2590_s7654_1_square.jpg', 'medium_url': 'https://images4-g.ravelrycache.com/uploads/LindaKnitter/867233863/2590_s7654_1_medium.jpg', 'thumbnail_url': 'https://images4-f.ravelrycache.com/uploads/LindaKnitter/867233863/2590_s7654_1_thumbnail.jpg', 'small_url': 'https://images4-f.ravelrycache.com/uploads/LindaKnitter/867233863/2590_s7654_1_small_best_fit.jpg', 'flickr_url': None, 'shelved_url': 'https://images4-g.ravelrycache.com/uploads/LindaKnitter/867233863/2590_s7654_1_shelved.jpg', 'medium2_url': 'https://images4-a.ravelrycache.com/uploads/LindaKnitter/867233863/2590_s7654_1_medium2.jpg', 'small2_url': 'https://images4-g.ravelrycache.com/uploads/LindaKnitter/867233863/2590_s7654_1_small2.jpg', 'caption': None, 'caption_html': None, 'copyright_holder': '2022 Sirdar'}, {'id': 114313503, 'sort_order': 3, 'user_id': 71200, 'x_offset': 0, 'y_offset': -43, 'square_url': 'https://images4-g.ravelrycache.com/uploads/LindaKnitter/867233867/2590_s7654_3_square.jpg', 'medium_url': 'https://images4-g.ravelrycache.com/uploads/LindaKnitter/867233867/2590_s7654_3_medium.jpg', 'thumbnail_url': 'https://images4-g.ravelrycache.com/uploads/LindaKnitter/867233867/2590_s7654_3_thumbnail.jpg', 'small_url': 'https://images4-g.ravelrycache.com/uploads/LindaKnitter/867233867/2590_s7654_3_small_best_fit.jpg', 'flickr_url': None, 'shelved_url': 'https://images4-f.ravelrycache.com/uploads/LindaKnitter/867233867/2590_s7654_3_shelved.jpg', 'medium2_url': 'https://images4-a.ravelrycache.com/uploads/LindaKnitter/867233867/2590_s7654_3_medium2.jpg', 'small2_url': 'https://images4-g.ravelrycache.com/uploads/LindaKnitter/867233867/2590_s7654_3_small2.jpg', 'caption': None, 'caption_html': None, 'copyright_holder': '2022 Sirdar'}]"
Betty Sweater,Needle & Hook by Kerryn Gillan,1258632,https://www.ravelry.com/patterns/library/betty-sweater-5,False,https://images4-a.ravelrycache.com/uploads/kerryngillan/867188762/Betty_finished_4x3_medium2.jpg,Knitting,"['female', 'adult', 'circular-yoke', 'crew-neck', 'long-sleeve', 'seamless', 'top-down', 'positive-ease', 'written-pattern', 'in-the-round']",20.0,1.3333333333333333,True,4.0,,pullover,DK,11,5.0,XS-5XL,"[{'id': 114325924, 'sort_order': 1, 'user_id': 2087715, 'x_offset': -5, 'y_offset': -35, 'square_url': 'https://images4-f.ravelrycache.com/uploads/kerryngillan/867188762/Betty_finished_4x3_square.jpg', 'medium_url': 'https://images4-f.ravelrycache.com/uploads/kerryngillan/867188762/Betty_finished_4x3_medium.jpg', 'thumbnail_url': 'https://images4-f.ravelrycache.com/uploads/kerryngillan/867188762/Betty_finished_4x3_thumbnail.jpg', 'small_url': 'https://images4-g.ravelrycache.com/uploads/kerryngillan/867188762/Betty_finished_4x3_small.jpg', 'flickr_url': None, 'shelved_url': 'https://images4-g.ravelrycache.com/uploads/kerryngillan/867188762/Betty_finished_4x3_shelved.jpg', 'medium2_url': 'https://images4-a.ravelrycache.com/uploads/kerryngillan/867188762/Betty_finished_4x3_medium2.jpg', 'small2_url': 'https://images4-f.ravelrycache.com/uploads/kerryngillan/867188762/Betty_finished_4x3_small2.jpg', 'caption': None, 'caption_html': None, 'copyright_holder': None}, {'id': 114325925, 'sort_order': 2, 'user_id': 2087715, 'x_offset': 0, 'y_offset': 0, 'square_url': 'https://images4-f.ravelrycache.com/uploads/kerryngillan/867188767/Betty_finished__1__square.jpg', 'medium_url': 'https://images4-f.ravelrycache.com/uploads/kerryngillan/867188767/Betty_finished__1__medium.jpg', 'thumbnail_url': 'https://images4-g.ravelrycache.com/uploads/kerryngillan/867188767/Betty_finished__1__thumbnail.jpg', 'small_url': 'https://images4-f.ravelrycache.com/uploads/kerryngillan/867188767/Betty_finished__1__small_best_fit.jpg', 'flickr_url': None, 'shelved_url': 'https://images4-f.ravelrycache.com/uploads/kerryngillan/867188767/Betty_finished__1__shelved.jpg', 'medium2_url': 'https://images4-a.ravelrycache.com/uploads/kerryngillan/867188767/Betty_finished__1__medium2.jpg', 'small2_url': 'https://images4-f.ravelrycache.com/uploads/kerryngillan/867188767/Betty_finished__1__small2.jpg', 'caption': None, 'caption_html': None, 'copyright_holder': None}, {'id': 114325926, 'sort_order': 3, 'user_id': 2087715, 'x_offset': 0, 'y_offset': 0, 'square_url': 'https://images4-g.ravelrycache.com/uploads/kerryngillan/867188770/Betty_Waistband_square.jpg', 'medium_url': 'https://images4-g.ravelrycache.com/uploads/kerryngillan/867188770/Betty_Waistband_medium.jpg', 'thumbnail_url': 'https://images4-f.ravelrycache.com/uploads/kerryngillan/867188770/Betty_Waistband_thumbnail.jpg', 'small_url': 'https://images4-f.ravelrycache.com/uploads/kerryngillan/867188770/Betty_Waistband_small_best_fit.jpg', 'flickr_url': None, 'shelved_url': 'https://images4-g.ravelrycache.com/uploads/kerryngillan/867188770/Betty_Waistband_shelved.jpg', 'medium2_url': 'https://images4-a.ravelrycache.com/uploads/kerryngillan/867188770/Betty_Waistband_medium2.jpg', 'small2_url': 'https://images4-g.ravelrycache.com/uploads/kerryngillan/867188770/Betty_Waistband_small2.jpg', 'caption': None, 'caption_html': None, 'copyright_holder': None}, {'id': 114325927, 'sort_order': 4, 'user_id': 2087715, 'x_offset': 0, 'y_offset': 0, 'square_url': 'https://images4-g.ravelrycache.com/uploads/kerryngillan/867188763/Betty_finished_flat_lay__1__square.jpg', 'medium_url': 'https://images4-g.ravelrycache.com/uploads/kerryngillan/867188763/Betty_finished_flat_lay__1__medium.jpg', 'thumbnail_url': 'https://images4-f.ravelrycache.com/uploads/kerryngillan/867188763/Betty_finished_flat_lay__1__thumbnail.jpg', 'small_url': 'https://images4-g.ravelrycache.com/uploads/kerryngillan/867188763/Betty_finished_flat_lay__1__small_best_fit.jpg', 'flickr_url': None, 'shelved_url': 'https://images4-f.ravelrycache.com/uploads/kerryngillan/867188763/Betty_finished_flat_lay__1__shelved.jpg', 'medium2_url': 'https://images4-a.ravelrycache.com/uploads/kerryngillan/867188763/Betty_finished_flat_lay__1__medium2.jpg', 'small2_url': 'https://images4-g.ravelrycache.com/uploads/kerryngillan/867188763/Betty_finished_flat_lay__1__small2.jpg', 'caption': None, 'caption_html': None, 'copyright_holder': None}, {'id': 114325928, 'sort_order': 5, 'user_id': 2087715, 'x_offset': 0, 'y_offset': 0, 'square_url': 'https://images4-g.ravelrycache.com/uploads/kerryngillan/867188761/Betty_Cuff__1__square.jpg', 'medium_url': 'https://images4-g.ravelrycache.com/uploads/kerryngillan/867188761/Betty_Cuff__1__medium.jpg', 'thumbnail_url': 'https://images4-f.ravelrycache.com/uploads/kerryngillan/867188761/Betty_Cuff__1__thumbnail.jpg', 'small_url': 'https://images4-f.ravelrycache.com/uploads/kerryngillan/867188761/Betty_Cuff__1__small_best_fit.jpg', 'flickr_url': None, 'shelved_url': 'https://images4-g.ravelrycache.com/uploads/kerryngillan/867188761/Betty_Cuff__1__shelved.jpg', 'medium2_url': 'https://images4-a.ravelrycache.com/uploads/kerryngillan/867188761/Betty_Cuff__1__medium2.jpg', 'small2_url': 'https://images4-g.ravelrycache.com/uploads/kerryngillan/867188761/Betty_Cuff__1__small2.jpg', 'caption': None, 'caption_html': None, 'copyright_holder': None}]"
Hold the Line Sweater,Kara Eng,1259035,https://www.ravelry.com/patterns/library/hold-the-line-sweater,False,https://images4-a.ravelrycache.com/uploads/karaeng/871305157/4A182486-ECE4-4E75-ABD9-1C12B08C18FC_medium2.JPG,Knitting,"['eyelets', 'lace', 'top-down', 'chart', 'in-the-round']",10.0,0.0,True,4.0,in stockinette on 8mm,pullover,Bulky,18,0.0,XS - 5X,"[{'id': 114817812, 'sort_order': 1, 'user_id': 9540088, 'x_offset': -5, 'y_offset': -35, 'square_url': 'https://images4-f.ravelrycache.com/uploads/karaeng/871305157/4A182486-ECE4-4E75-ABD9-1C12B08C18FC_square.JPG', 'medium_url': 'https://images4-g.ravelrycache.com/uploads/karaeng/871305157/4A182486-ECE4-4E75-ABD9-1C12B08C18FC_medium.JPG', 'thumbnail_url': 'https://images4-f.ravelrycache.com/uploads/karaeng/871305157/4A182486-ECE4-4E75-ABD9-1C12B08C18FC_thumbnail.JPG', 'small_url': 'https://images4-f.ravelrycache.com/uploads/karaeng/871305157/4A182486-ECE4-4E75-ABD9-1C12B08C18FC_small.JPG', 'flickr_url': None, 'shelved_url': 'https://images4-g.ravelrycache.com/uploads/karaeng/871305157/4A182486-ECE4-4E75-ABD9-1C12B08C18FC_shelved.JPG', 'medium2_url': 'https://images4-a.ravelrycache.com/uploads/karaeng/871305157/4A182486-ECE4-4E75-ABD9-1C12B08C18FC_medium2.JPG', 'small2_url': 'https://images4-f.ravelrycache.com/uploads/karaeng/871305157/4A182486-ECE4-4E75-ABD9-1C12B08C18FC_small2.JPG', 'caption': 'size XS, the wandering flock bulky yarn ', 'caption_html': 'size XS, the wandering flock bulky yarn ', 'copyright_holder': ''}, {'id': 114817813, 'sort_order': 2, 'user_id': 9540088, 'x_offset': -5, 'y_offset': -35, 'square_url': 'https://images4-g.ravelrycache.com/uploads/karaeng/871305158/04C60562-0C2B-439E-9D8D-8C051B4F9C45_square.JPG', 'medium_url': 'https://images4-f.ravelrycache.com/uploads/karaeng/871305158/04C60562-0C2B-439E-9D8D-8C051B4F9C45_medium.JPG', 'thumbnail_url': 'https://images4-f.ravelrycache.com/uploads/karaeng/871305158/04C60562-0C2B-439E-9D8D-8C051B4F9C45_thumbnail.JPG', 'small_url': 'https://images4-f.ravelrycache.com/uploads/karaeng/871305158/04C60562-0C2B-439E-9D8D-8C051B4F9C45_small.JPG', 'flickr_url': None, 'shelved_url': 'https://images4-g.ravelrycache.com/uploads/karaeng/871305158/04C60562-0C2B-439E-9D8D-8C051B4F9C45_shelved.JPG', 'medium2_url': 'https://images4-a.ravelrycache.com/uploads/karaeng/871305158/04C60562-0C2B-439E-9D8D-8C051B4F9C45_medium2.JPG', 'small2_url': 'https://images4-g.ravelrycache.com/uploads/karaeng/871305158/04C60562-0C2B-439E-9D8D-8C051B4F9C45_small2.JPG', 'caption': None, 'caption_html': None, 'copyright_holder': None}, {'id': 114817882, 'sort_order': 3, 'user_id': 9540088, 'x_offset': -5, 'y_offset': -35, 'square_url': 'https://images4-f.ravelrycache.com/uploads/karaeng/871305732/08CCE43A-108F-4D07-BFB6-5A94BBE53B62_-_Alexis_Newman_square.jpeg', 'medium_url': 'https://images4-f.ravelrycache.com/uploads/karaeng/871305732/08CCE43A-108F-4D07-BFB6-5A94BBE53B62_-_Alexis_Newman_medium.jpeg', 'thumbnail_url': 'https://images4-f.ravelrycache.com/uploads/karaeng/871305732/08CCE43A-108F-4D07-BFB6-5A94BBE53B62_-_Alexis_Newman_thumbnail.jpeg', 'small_url': 'https://images4-g.ravelrycache.com/uploads/karaeng/871305732/08CCE43A-108F-4D07-BFB6-5A94BBE53B62_-_Alexis_Newman_small.jpeg', 'flickr_url': None, 'shelved_url': 'https://images4-g.ravelrycache.com/uploads/karaeng/871305732/08CCE43A-108F-4D07-BFB6-5A94BBE53B62_-_Alexis_Newman_shelved.jpeg', 'medium2_url': 'https://images4-a.ravelrycache.com/uploads/karaeng/871305732/08CCE43A-108F-4D07-BFB6-5A94BBE53B62_-_Alexis_Newman_medium2.jpeg', 'small2_url': 'https://images4-g.ravelrycache.com/uploads/karaeng/871305732/08CCE43A-108F-4D07-BFB6-5A94BBE53B62_-_Alexis_Newman_small2.jpeg', 'caption': 'Knitter: @knitsforlex\nYarn: Knitpicks Wonderfluff, held double ', 'caption_html': 'Knitter: @knitsforlex\nYarn: Knitpicks Wonderfluff, held double ', 'copyright_holder': ''}, {'id': 114817881, 'sort_order': 4, 'user_id': 9540088, 'x_offset': -7, 'y_offset': -35, 'square_url': 'https://images4-f.ravelrycache.com/uploads/karaeng/871305730/EFFAD278-F4F6-4A8C-A85F-62DB387C67A7_square.JPG', 'medium_url': 'https://images4-g.ravelrycache.com/uploads/karaeng/871305730/EFFAD278-F4F6-4A8C-A85F-62DB387C67A7_medium.JPG', 'thumbnail_url': 'https://images4-f.ravelrycache.com/uploads/karaeng/871305730/EFFAD278-F4F6-4A8C-A85F-62DB387C67A7_thumbnail.JPG', 'small_url': 'https://images4-f.ravelrycache.com/uploads/karaeng/871305730/EFFAD278-F4F6-4A8C-A85F-62DB387C67A7_small.JPG', 'flickr_url': None, 'shelved_url': 'https://images4-g.ravelrycache.com/uploads/karaeng/871305730/EFFAD278-F4F6-4A8C-A85F-62DB387C67A7_shelved.JPG', 'medium2_url': 'https://images4-a.ravelrycache.com/uploads/karaeng/871305730/EFFAD278-F4F6-4A8C-A85F-62DB387C67A7_medium2.JPG', 'small2_url': 'https://images4-f.ravelrycache.com/uploads/karaeng/871305730/EFFAD278-F4F6-4A8C-A85F-62DB387C67A7_small2.JPG', 'caption': 'Knitter: @lolamaebeatricehrh \nYarn: Malabrigo Chunky ', 'caption_html': 'Knitter: @lolamaebeatricehrh \nYarn: Malabrigo Chunky ', 'copyright_holder': ''}, {'id': 114817880, 'sort_order': 5, 'user_id': 9540088, 'x_offset': -5, 'y_offset': -35, 'square_url': 'https://images4-f.ravelrycache.com/uploads/karaeng/871305731/IMG_4274_square.JPG', 'medium_url': 'https://images4-g.ravelrycache.com/uploads/karaeng/871305731/IMG_4274_medium.JPG', 'thumbnail_url': 'https://images4-g.ravelrycache.com/uploads/karaeng/871305731/IMG_4274_thumbnail.JPG', 'small_url': 'https://images4-f.ravelrycache.com/uploads/karaeng/871305731/IMG_4274_small.JPG', 'flickr_url': None, 'shelved_url': 'https://images4-g.ravelrycache.com/uploads/karaeng/871305731/IMG_4274_shelved.JPG', 'medium2_url': 'https://images4-a.ravelrycache.com/uploads/karaeng/871305731/IMG_4274_medium2.JPG', 'small2_url': 'https://images4-f.ravelrycache.com/uploads/karaeng/871305731/IMG_4274_small2.JPG', 'caption': 'Knitter: [knittayo](/people/knittayo) ', 'caption_html': 'Knitter: [knittayo](/people/knittayo) ', 'copyright_holder': ''}, {'id': 114761117, 'sort_order': 6, 'user_id': 9540088, 'x_offset': -5, 'y_offset': -35, 'square_url': 'https://images4-f.ravelrycache.com/uploads/karaeng/870848992/EE13E6B8-511D-4DE2-A190-D78654B0C3FC_square.JPG', 'medium_url': 'https://images4-g.ravelrycache.com/uploads/karaeng/870848992/EE13E6B8-511D-4DE2-A190-D78654B0C3FC_medium.JPG', 'thumbnail_url': 'https://images4-f.ravelrycache.com/uploads/karaeng/870848992/EE13E6B8-511D-4DE2-A190-D78654B0C3FC_thumbnail.JPG', 'small_url': 'https://images4-f.ravelrycache.com/uploads/karaeng/870848992/EE13E6B8-511D-4DE2-A190-D78654B0C3FC_small.JPG', 'flickr_url': None, 'shelved_url': 'https://images4-f.ravelrycache.com/uploads/karaeng/870848992/EE13E6B8-511D-4DE2-A190-D78654B0C3FC_shelved.JPG', 'medium2_url': 'https://images4-a.ravelrycache.com/uploads/karaeng/870848992/EE13E6B8-511D-4DE2-A190-D78654B0C3FC_medium2.JPG', 'small2_url': 'https://images4-f.ravelrycache.com/uploads/karaeng/870848992/EE13E6B8-511D-4DE2-A190-D78654B0C3FC_small2.JPG', 'caption': 'Size medium, the wandering flock bulky yarn ', 'caption_html': 'Size medium, the wandering flock bulky yarn ', 'copyright_holder': ''}, {'id': 114761118, 'sort_order': 7, 'user_id': 9540088, 'x_offset': -5, 'y_offset': -35, 'square_url': 'https://images4-g.ravelrycache.com/uploads/karaeng/870848991/1D70160E-D4D9-4FAD-8BDE-40A6D518A10A_square.JPG', 'medium_url': 'https://images4-f.ravelrycache.com/uploads/karaeng/870848991/1D70160E-D4D9-4FAD-8BDE-40A6D518A10A_medium.JPG', 'thumbnail_url': 'https://images4-g.ravelrycache.com/uploads/karaeng/870848991/1D70160E-D4D9-4FAD-8BDE-40A6D518A10A_thumbnail.JPG', 'small_url': 'https://images4-g.ravelrycache.com/uploads/karaeng/870848991/1D70160E-D4D9-4FAD-8BDE-40A6D518A10A_small.JPG', 'flickr_url': None, 'shelved_url': 'https://images4-g.ravelrycache.com/uploads/karaeng/870848991/1D70160E-D4D9-4FAD-8BDE-40A6D518A10A_shelved.JPG', 'medium2_url': 'https://images4-a.ravelrycache.com/uploads/karaeng/870848991/1D70160E-D4D9-4FAD-8BDE-40A6D518A10A_medium2.JPG', 'small2_url': 'https://images4-g.ravelrycache.com/uploads/karaeng/870848991/1D70160E-D4D9-4FAD-8BDE-40A6D518A10A_small2.JPG', 'caption': None, 'caption_html': None, 'copyright_holder': None}, {'id': 114817883, 'sort_order': 8, 'user_id': 9540088, 'x_offset': 0, 'y_offset': -22, 'square_url': 'https://images4-f.ravelrycache.com/uploads/karaeng/871305737/HoldtheLine-1_-_Brynn_Lattimer_square.jpg', 'medium_url': 'https://images4-g.ravelrycache.com/uploads/karaeng/871305737/HoldtheLine-1_-_Brynn_Lattimer_medium.jpg', 'thumbnail_url': 'https://images4-f.ravelrycache.com/uploads/karaeng/871305737/HoldtheLine-1_-_Brynn_Lattimer_thumbnail.jpg', 'small_url': 'https://images4-f.ravelrycache.com/uploads/karaeng/871305737/HoldtheLine-1_-_Brynn_Lattimer_small_best_fit.jpg', 'flickr_url': None, 'shelved_url': 'https://images4-g.ravelrycache.com/uploads/karaeng/871305737/HoldtheLine-1_-_Brynn_Lattimer_shelved.jpg', 'medium2_url': 'https://images4-a.ravelrycache.com/uploads/karaeng/871305737/HoldtheLine-1_-_Brynn_Lattimer_medium2.jpg', 'small2_url': 'https://images4-f.ravelrycache.com/uploads/karaeng/871305737/HoldtheLine-1_-_Brynn_Lattimer_small2.jpg', 'caption': 'Knitter: @brynnlattimer \nYarn: Lion Brand Hue and Me ', 'caption_html': 'Knitter: @brynnlattimer \nYarn: Lion Brand Hue and Me ', 'copyright_holder': ''}, {'id': 114780383, 'sort_order': 9, 'user_id': 9540088, 'x_offset': -5, 'y_offset': -35, 'square_url': 'https://images4-g.ravelrycache.com/uploads/karaeng/871002600/ECDAAC37-5BCF-4194-A001-B5E26648E58F_-_Emily_Mecca_square.jpeg', 'medium_url': 'https://images4-g.ravelrycache.com/uploads/karaeng/871002600/ECDAAC37-5BCF-4194-A001-B5E26648E58F_-_Emily_Mecca_medium.jpeg', 'thumbnail_url': 'https://images4-f.ravelrycache.com/uploads/karaeng/871002600/ECDAAC37-5BCF-4194-A001-B5E26648E58F_-_Emily_Mecca_thumbnail.jpeg', 'small_url': 'https://images4-f.ravelrycache.com/uploads/karaeng/871002600/ECDAAC37-5BCF-4194-A001-B5E26648E58F_-_Emily_Mecca_small.jpeg', 'flickr_url': None, 'shelved_url': 'https://images4-f.ravelrycache.com/uploads/karaeng/871002600/ECDAAC37-5BCF-4194-A001-B5E26648E58F_-_Emily_Mecca_shelved.jpeg', 'medium2_url': 'https://images4-a.ravelrycache.com/uploads/karaeng/871002600/ECDAAC37-5BCF-4194-A001-B5E26648E58F_-_Emily_Mecca_medium2.jpeg', 'small2_url': 'https://images4-f.ravelrycache.com/uploads/karaeng/871002600/ECDAAC37-5BCF-4194-A001-B5E26648E58F_-_Emily_Mecca_small2.jpeg', 'caption': 'Knitter: @mementogoreyknits\nYarn: Stitch & Story’s The Chunky Wool.', 'caption_html': 'Knitter: @mementogoreyknits\nYarn: Stitch & Story’s The Chunky Wool.', 'copyright_holder': ''}, {'id': 114780384, 'sort_order': 10, 'user_id': 9540088, 'x_offset': -5, 'y_offset': -35, 'square_url': 'https://images4-g.ravelrycache.com/uploads/karaeng/871002602/2CED5B59-9BC8-4131-BD56-8B7F2EC24205_-_Emily_Mecca_square.jpeg', 'medium_url': 'https://images4-g.ravelrycache.com/uploads/karaeng/871002602/2CED5B59-9BC8-4131-BD56-8B7F2EC24205_-_Emily_Mecca_medium.jpeg', 'thumbnail_url': 'https://images4-g.ravelrycache.com/uploads/karaeng/871002602/2CED5B59-9BC8-4131-BD56-8B7F2EC24205_-_Emily_Mecca_thumbnail.jpeg', 'small_url': 'https://images4-f.ravelrycache.com/uploads/karaeng/871002602/2CED5B59-9BC8-4131-BD56-8B7F2EC24205_-_Emily_Mecca_small.jpeg', 'flickr_url': None, 'shelved_url': 'https://images4-g.ravelrycache.com/uploads/karaeng/871002602/2CED5B59-9BC8-4131-BD56-8B7F2EC24205_-_Emily_Mecca_shelved.jpeg', 'medium2_url': 'https://images4-a.ravelrycache.com/uploads/karaeng/871002602/2CED5B59-9BC8-4131-BD56-8B7F2EC24205_-_Emily_Mecca_medium2.jpeg', 'small2_url': 'https://images4-f.ravelrycache.com/uploads/karaeng/871002602/2CED5B59-9BC8-4131-BD56-8B7F2EC24205_-_Emily_Mecca_small2.jpeg', 'caption': 'Knitter: @mementogoreyknits\nYarn: Lion Brand’s Pound of Love, held double', 'caption_html': 'Knitter: @mementogoreyknits\nYarn: Lion Brand’s Pound of Love, held double', 'copyright_holder': ''}, {'id': 114760197, 'sort_order': 11, 'user_id': 9540088, 'x_offset': -5, 'y_offset': -35, 'square_url': 'https://images4-g.ravelrycache.com/uploads/karaeng/870841447/20220721_123108_-_vik_s_square.jpg', 'medium_url': 'https://images4-f.ravelrycache.com/uploads/karaeng/870841447/20220721_123108_-_vik_s_medium.jpg', 'thumbnail_url': 'https://images4-f.ravelrycache.com/uploads/karaeng/870841447/20220721_123108_-_vik_s_thumbnail.jpg', 'small_url': 'https://images4-f.ravelrycache.com/uploads/karaeng/870841447/20220721_123108_-_vik_s_small.jpg', 'flickr_url': None, 'shelved_url': 'https://images4-f.ravelrycache.com/uploads/karaeng/870841447/20220721_123108_-_vik_s_shelved.jpg', 'medium2_url': 'https://images4-a.ravelrycache.com/uploads/karaeng/870841447/20220721_123108_-_vik_s_medium2.jpg', 'small2_url': 'https://images4-g.ravelrycache.com/uploads/karaeng/870841447/20220721_123108_-_vik_s_small2.jpg', 'caption': 'Knitter: [vikasknits](/people/vikasknits) \nYarn: Novita 7 brothers 2 strands, Novita Tuuli 1 strand', 'caption_html': 'Knitter: [vikasknits](/people/vikasknits) \nYarn: Novita 7 brothers 2 strands, Novita Tuuli 1 strand', 'copyright_holder': ''}]"
Blink of an Eye(let) Sweater,Kara Eng,1259052,https://www.ravelry.com/patterns/library/blink-of-an-eyelet-sweater,False,https://images4-a.ravelrycache.com/uploads/karaeng/867603070/20C1B6D5-C399-401D-8542-E76124548EF9_medium2.JPG,Knitting,"['eyelets', 'lace', 'seamless', 'top-down', 'written-pattern', 'in-the-round', 'twisted-stitches']",10.0,0.0,True,4.0,in stockinette on 8mm,pullover,Bulky,13,0.0,XS - 5X ,"[{'id': 114359117, 'sort_order': 1, 'user_id': 9540088, 'x_offset': -5, 'y_offset': -35, 'square_url': 'https://images4-f.ravelrycache.com/uploads/karaeng/867603070/20C1B6D5-C399-401D-8542-E76124548EF9_square.JPG', 'medium_url': 'https://images4-f.ravelrycache.com/uploads/karaeng/867603070/20C1B6D5-C399-401D-8542-E76124548EF9_medium.JPG', 'thumbnail_url': 'https://images4-g.ravelrycache.com/uploads/karaeng/867603070/20C1B6D5-C399-401D-8542-E76124548EF9_thumbnail.JPG', 'small_url': 'https://images4-f.ravelrycache.com/uploads/karaeng/867603070/20C1B6D5-C399-401D-8542-E76124548EF9_small.JPG', 'flickr_url': None, 'shelved_url': 'https://images4-g.ravelrycache.com/uploads/karaeng/867603070/20C1B6D5-C399-401D-8542-E76124548EF9_shelved.JPG', 'medium2_url': 'https://images4-a.ravelrycache.com/uploads/karaeng/867603070/20C1B6D5-C399-401D-8542-E76124548EF9_medium2.JPG', 'small2_url': 'https://images4-f.ravelrycache.com/uploads/karaeng/867603070/20C1B6D5-C399-401D-8542-E76124548EF9_small2.JPG', 'caption': None, 'caption_html': None, 'copyright_holder': None}, {'id': 114359119, 'sort_order': 2, 'user_id': 9540088, 'x_offset': -5, 'y_offset': -35, 'square_url': 'https://images4-g.ravelrycache.com/uploads/karaeng/867603069/53738A4F-DDFE-4D4E-94DB-32876E8C21F4_square.JPG', 'medium_url': 'https://images4-g.ravelrycache.com/uploads/karaeng/867603069/53738A4F-DDFE-4D4E-94DB-32876E8C21F4_medium.JPG', 'thumbnail_url': 'https://images4-g.ravelrycache.com/uploads/karaeng/867603069/53738A4F-DDFE-4D4E-94DB-32876E8C21F4_thumbnail.JPG', 'small_url': 'https://images4-g.ravelrycache.com/uploads/karaeng/867603069/53738A4F-DDFE-4D4E-94DB-32876E8C21F4_small.JPG', 'flickr_url': None, 'shelved_url': 'https://images4-f.ravelrycache.com/uploads/karaeng/867603069/53738A4F-DDFE-4D4E-94DB-32876E8C21F4_shelved.JPG', 'medium2_url': 'https://images4-a.ravelrycache.com/uploads/karaeng/867603069/53738A4F-DDFE-4D4E-94DB-32876E8C21F4_medium2.JPG', 'small2_url': 'https://images4-g.ravelrycache.com/uploads/karaeng/867603069/53738A4F-DDFE-4D4E-94DB-32876E8C21F4_small2.JPG', 'caption': None, 'caption_html': None, 'copyright_holder': None}, {'id': 114359120, 'sort_order': 3, 'user_id': 9540088, 'x_offset': -2, 'y_offset': -55, 'square_url': 'https://images4-f.ravelrycache.com/uploads/karaeng/867603065/D33984EE-C664-404B-BBFC-E370D8A0E4D7_square.JPG', 'medium_url': 'https://images4-f.ravelrycache.com/uploads/karaeng/867603065/D33984EE-C664-404B-BBFC-E370D8A0E4D7_medium.JPG', 'thumbnail_url': 'https://images4-g.ravelrycache.com/uploads/karaeng/867603065/D33984EE-C664-404B-BBFC-E370D8A0E4D7_thumbnail.JPG', 'small_url': 'https://images4-f.ravelrycache.com/uploads/karaeng/867603065/D33984EE-C664-404B-BBFC-E370D8A0E4D7_small.JPG', 'flickr_url': None, 'shelved_url': 'https://images4-f.ravelrycache.com/uploads/karaeng/867603065/D33984EE-C664-404B-BBFC-E370D8A0E4D7_shelved.JPG', 'medium2_url': 'https://images4-a.ravelrycache.com/uploads/karaeng/867603065/D33984EE-C664-404B-BBFC-E370D8A0E4D7_medium2.JPG', 'small2_url': 'https://images4-f.ravelrycache.com/uploads/karaeng/867603065/D33984EE-C664-404B-BBFC-E370D8A0E4D7_small2.JPG', 'caption': None, 'caption_html': None, 'copyright_holder': None}, {'id': 114967967, 'sort_order': 4, 'user_id': 9540088, 'x_offset': -10, 'y_offset': 0, 'square_url': 'https://images4-f.ravelrycache.com/uploads/karaeng/872512369/blink_of_an_eyelet_sweater_-_Sharmili_R_square.JPG', 'medium_url': 'https://images4-g.ravelrycache.com/uploads/karaeng/872512369/blink_of_an_eyelet_sweater_-_Sharmili_R_medium.JPG', 'thumbnail_url': 'https://images4-g.ravelrycache.com/uploads/karaeng/872512369/blink_of_an_eyelet_sweater_-_Sharmili_R_thumbnail.JPG', 'small_url': 'https://images4-g.ravelrycache.com/uploads/karaeng/872512369/blink_of_an_eyelet_sweater_-_Sharmili_R_small_best_fit.JPG', 'flickr_url': None, 'shelved_url': 'https://images4-f.ravelrycache.com/uploads/karaeng/872512369/blink_of_an_eyelet_sweater_-_Sharmili_R_shelved.JPG', 'medium2_url': 'https://images4-a.ravelrycache.com/uploads/karaeng/872512369/blink_of_an_eyelet_sweater_-_Sharmili_R_medium2.JPG', 'small2_url': 'https://images4-f.ravelrycache.com/uploads/karaeng/872512369/blink_of_an_eyelet_sweater_-_Sharmili_R_small2.JPG', 'caption': 'Knitter: @Whatsmilimaking\nYarn: Malabrigo lace (3 strands)  + Sandnes garn tynn silk mohair + hue loco silk mohair ', 'caption_html': 'Knitter: @Whatsmilimaking\nYarn: Malabrigo lace (3 strands)  + Sandnes garn tynn silk mohair + hue loco silk mohair ', 'copyright_holder': ''}, {'id': 114967966, 'sort_order': 5, 'user_id': 9540088, 'x_offset': 0, 'y_offset': -23, 'square_url': 'https://images4-f.ravelrycache.com/uploads/karaeng/872512367/1EACF6D5-FD61-4818-B533-A5D07077C108_-_clem_square.jpeg', 'medium_url': 'https://images4-f.ravelrycache.com/uploads/karaeng/872512367/1EACF6D5-FD61-4818-B533-A5D07077C108_-_clem_medium.jpeg', 'thumbnail_url': 'https://images4-g.ravelrycache.com/uploads/karaeng/872512367/1EACF6D5-FD61-4818-B533-A5D07077C108_-_clem_thumbnail.jpeg', 'small_url': 'https://images4-g.ravelrycache.com/uploads/karaeng/872512367/1EACF6D5-FD61-4818-B533-A5D07077C108_-_clem_small_best_fit.jpeg', 'flickr_url': None, 'shelved_url': 'https://images4-g.ravelrycache.com/uploads/karaeng/872512367/1EACF6D5-FD61-4818-B533-A5D07077C108_-_clem_shelved.jpeg', 'medium2_url': 'https://images4-a.ravelrycache.com/uploads/karaeng/872512367/1EACF6D5-FD61-4818-B533-A5D07077C108_-_clem_medium2.jpeg', 'small2_url': 'https://images4-g.ravelrycache.com/uploads/karaeng/872512367/1EACF6D5-FD61-4818-B533-A5D07077C108_-_clem_small2.jpeg', 'caption': 'Knitter: [Clemknits](/people/Clemknits) \nYarn: Merino from Katia Yarns', 'caption_html': 'Knitter: [Clemknits](/people/Clemknits) \nYarn: Merino from Katia Yarns', 'copyright_holder': ''}, {'id': 115067792, 'sort_order': 6, 'user_id': 9540088, 'x_offset': -11, 'y_offset': -1, 'square_url': 'https://images4-g.ravelrycache.com/uploads/karaeng/873316168/17B8353B-2C84-4C90-BD98-252B39C8836E_-_Kayla_Koch_square.jpeg', 'medium_url': 'https://images4-g.ravelrycache.com/uploads/karaeng/873316168/17B8353B-2C84-4C90-BD98-252B39C8836E_-_Kayla_Koch_medium.jpeg', 'thumbnail_url': 'https://images4-g.ravelrycache.com/uploads/karaeng/873316168/17B8353B-2C84-4C90-BD98-252B39C8836E_-_Kayla_Koch_thumbnail.jpeg', 'small_url': 'https://images4-g.ravelrycache.com/uploads/karaeng/873316168/17B8353B-2C84-4C90-BD98-252B39C8836E_-_Kayla_Koch_small_best_fit.jpeg', 'flickr_url': None, 'shelved_url': 'https://images4-f.ravelrycache.com/uploads/karaeng/873316168/17B8353B-2C84-4C90-BD98-252B39C8836E_-_Kayla_Koch_shelved.jpeg', 'medium2_url': 'https://images4-a.ravelrycache.com/uploads/karaeng/873316168/17B8353B-2C84-4C90-BD98-252B39C8836E_-_Kayla_Koch_medium2.jpeg', 'small2_url': 'https://images4-f.ravelrycache.com/uploads/karaeng/873316168/17B8353B-2C84-4C90-BD98-252B39C8836E_-_Kayla_Koch_small2.jpeg', 'caption': 'Knitter: @k.rochets\nYarn: Cascade 128 superwash', 'caption_html': 'Knitter: @k.rochets\nYarn: Cascade 128 superwash', 'copyright_holder': ''}, {'id': 114967952, 'sort_order': 7, 'user_id': 9540088, 'x_offset': -6, 'y_offset': 0, 'square_url': 'https://images4-f.ravelrycache.com/uploads/karaeng/872512229/97C25F3A-3EBB-4359-8449-7C538354392A_-_Kat_Treadaway_square.jpeg', 'medium_url': 'https://images4-f.ravelrycache.com/uploads/karaeng/872512229/97C25F3A-3EBB-4359-8449-7C538354392A_-_Kat_Treadaway_medium.jpeg', 'thumbnail_url': 'https://images4-g.ravelrycache.com/uploads/karaeng/872512229/97C25F3A-3EBB-4359-8449-7C538354392A_-_Kat_Treadaway_thumbnail.jpeg', 'small_url': 'https://images4-g.ravelrycache.com/uploads/karaeng/872512229/97C25F3A-3EBB-4359-8449-7C538354392A_-_Kat_Treadaway_small_best_fit.jpeg', 'flickr_url': None, 'shelved_url': 'https://images4-f.ravelrycache.com/uploads/karaeng/872512229/97C25F3A-3EBB-4359-8449-7C538354392A_-_Kat_Treadaway_shelved.jpeg', 'medium2_url': 'https://images4-a.ravelrycache.com/uploads/karaeng/872512229/97C25F3A-3EBB-4359-8449-7C538354392A_-_Kat_Treadaway_medium2.jpeg', 'small2_url': 'https://images4-g.ravelrycache.com/uploads/karaeng/872512229/97C25F3A-3EBB-4359-8449-7C538354392A_-_Kat_Treadaway_small2.jpeg', 'caption': 'Knitter: @see_kat_knit\nYarn: Katia Concepts Pluma', 'caption_html': 'Knitter: @see_kat_knit\nYarn: Katia Concepts Pluma', 'copyright_holder': ''}, {'id': 115067787, 'sort_order': 8, 'user_id': 9540088, 'x_offset': -5, 'y_offset': -35, 'square_url': 'https://images4-f.ravelrycache.com/uploads/karaeng/873316169/40192CE8-2756-4F83-9684-A4557578420F_-_Hailey_Arabie_square.jpeg', 'medium_url': 'https://images4-f.ravelrycache.com/uploads/karaeng/873316169/40192CE8-2756-4F83-9684-A4557578420F_-_Hailey_Arabie_medium.jpeg', 'thumbnail_url': 'https://images4-g.ravelrycache.com/uploads/karaeng/873316169/40192CE8-2756-4F83-9684-A4557578420F_-_Hailey_Arabie_thumbnail.jpeg', 'small_url': 'https://images4-g.ravelrycache.com/uploads/karaeng/873316169/40192CE8-2756-4F83-9684-A4557578420F_-_Hailey_Arabie_small.jpeg', 'flickr_url': None, 'shelved_url': 'https://images4-f.ravelrycache.com/uploads/karaeng/873316169/40192CE8-2756-4F83-9684-A4557578420F_-_Hailey_Arabie_shelved.jpeg', 'medium2_url': 'https://images4-a.ravelrycache.com/uploads/karaeng/873316169/40192CE8-2756-4F83-9684-A4557578420F_-_Hailey_Arabie_medium2.jpeg', 'small2_url': 'https://images4-g.ravelrycache.com/uploads/karaeng/873316169/40192CE8-2756-4F83-9684-A4557578420F_-_Hailey_Arabie_small2.jpeg', 'caption': 'Knitter: @haileyarabie\nYarn: Lion Brand Wool-Ease Thick & Quick Variegated Yarn in Dreamcatcher', 'caption_html': 'Knitter: @haileyarabie\nYarn: Lion Brand Wool-Ease Thick & Quick Variegated Yarn in Dreamcatcher', 'copyright_holder': ''}]"
Schlingel,Caroline Prange,1259154,https://www.ravelry.com/patterns/library/schlingel-2,False,https://images4-a.ravelrycache.com/uploads/CarosFummeley/867688135/Schlingel-Kinderpullover-stricken_medium2.jpg,Knitting,"['unisex', 'baby', 'toddler', 'child', 'sleeves', '3-4-sleeve', 'long-sleeve', 'short-sleeve', 'raglan-sleeve', 'one-piece', 'seamless', 'top-down', 'written-pattern', 'in-the-round', 'schematic', 'male', 'female']",30.0,0.0,True,4.0,glatt rechts in Runden,child,Fingering,7,0.0,"62/68, 74/80, 86/92, 98/104","[{'id': 114369515, 'sort_order': 1, 'user_id': 1298523, 'x_offset': 0, 'y_offset': 0, 'square_url': 'https://images4-f.ravelrycache.com/uploads/CarosFummeley/867688135/Schlingel-Kinderpullover-stricken_square.jpg', 'medium_url': 'https://images4-f.ravelrycache.com/uploads/CarosFummeley/867688135/Schlingel-Kinderpullover-stricken_medium.jpg', 'thumbnail_url': 'https://images4-g.ravelrycache.com/uploads/CarosFummeley/867688135/Schlingel-Kinderpullover-stricken_thumbnail.jpg', 'small_url': 'https://images4-g.ravelrycache.com/uploads/CarosFummeley/867688135/Schlingel-Kinderpullover-stricken_small_best_fit.jpg', 'flickr_url': None, 'shelved_url': 'https://images4-g.ravelrycache.com/uploads/CarosFummeley/867688135/Schlingel-Kinderpullover-stricken_shelved.jpg', 'medium2_url': 'https://images4-a.ravelrycache.com/uploads/CarosFummeley/867688135/Schlingel-Kinderpullover-stricken_medium2.jpg', 'small2_url': 'https://images4-f.ravelrycache.com/uploads/CarosFummeley/867688135/Schlingel-Kinderpullover-stricken_small2.jpg', 'caption': None, 'caption_html': None, 'copyright_holder': None}, {'id': 121048437, 'sort_order': 2, 'user_id': 1937320, 'x_offset': 0, 'y_offset': 0, 'square_url': 'https://images4-g.ravelrycache.com/uploads/ElleKnits2/910557449/20220717_113953_square.jpg', 'medium_url': 'https://images4-f.ravelrycache.com/uploads/ElleKnits2/910557449/20220717_113953_medium.jpg', 'thumbnail_url': 'https://images4-g.ravelrycache.com/uploads/ElleKnits2/910557449/20220717_113953_thumbnail.jpg', 'small_url': 'https://images4-f.ravelrycache.com/uploads/ElleKnits2/910557449/20220717_113953_small_best_fit.jpg', 'flickr_url': None, 'shelved_url': 'https://images4-f.ravelrycache.com/uploads/ElleKnits2/910557449/20220717_113953_shelved.jpg', 'medium2_url': 'https://images4-a.ravelrycache.com/uploads/ElleKnits2/910557449/20220717_113953_medium2.jpg', 'small2_url': 'https://images4-g.ravelrycache.com/uploads/ElleKnits2/910557449/20220717_113953_small2.jpg', 'caption': None, 'caption_html': None, 'copyright_holder': None}, {'id': 114369516, 'sort_order': 3, 'user_id': 1298523, 'x_offset': -17, 'y_offset': 0, 'square_url': 'https://images4-f.ravelrycache.com/uploads/CarosFummeley/867687911/maschenzirkus4_square.JPG', 'medium_url': 'https://images4-f.ravelrycache.com/uploads/CarosFummeley/867687911/maschenzirkus4_medium.JPG', 'thumbnail_url': 'https://images4-g.ravelrycache.com/uploads/CarosFummeley/867687911/maschenzirkus4_thumbnail.JPG', 'small_url': 'https://images4-f.ravelrycache.com/uploads/CarosFummeley/867687911/maschenzirkus4_small_best_fit.JPG', 'flickr_url': None, 'shelved_url': 'https://images4-g.ravelrycache.com/uploads/CarosFummeley/867687911/maschenzirkus4_shelved.JPG', 'medium2_url': 'https://images4-a.ravelrycache.com/uploads/CarosFummeley/867687911/maschenzirkus4_medium2.JPG', 'small2_url': 'https://images4-f.ravelrycache.com/uploads/CarosFummeley/867687911/maschenzirkus4_small2.JPG', 'caption': None, 'caption_html': None, 'copyright_holder': 'maschenzirkus'}, {'id': 114369517, 'sort_order': 4, 'user_id': 1298523, 'x_offset': -17, 'y_offset': 0, 'square_url': 'https://images4-g.ravelrycache.com/uploads/CarosFummeley/867687913/Steffi-Schwedenrot_Yarns_._6268_square.jpg', 'medium_url': 'https://images4-g.ravelrycache.com/uploads/CarosFummeley/867687913/Steffi-Schwedenrot_Yarns_._6268_medium.jpg', 'thumbnail_url': 'https://images4-g.ravelrycache.com/uploads/CarosFummeley/867687913/Steffi-Schwedenrot_Yarns_._6268_thumbnail.jpg', 'small_url': 'https://images4-f.ravelrycache.com/uploads/CarosFummeley/867687913/Steffi-Schwedenrot_Yarns_._6268_small_best_fit.jpg', 'flickr_url': None, 'shelved_url': 'https://images4-f.ravelrycache.com/uploads/CarosFummeley/867687913/Steffi-Schwedenrot_Yarns_._6268_shelved.jpg', 'medium2_url': 'https://images4-a.ravelrycache.com/uploads/CarosFummeley/867687913/Steffi-Schwedenrot_Yarns_._6268_medium2.jpg', 'small2_url': 'https://images4-g.ravelrycache.com/uploads/CarosFummeley/867687913/Steffi-Schwedenrot_Yarns_._6268_small2.jpg', 'caption': None, 'caption_html': None, 'copyright_holder': 'naturliebhaberinsteffi'}, {'id': 114369518, 'sort_order': 5, 'user_id': 1298523, 'x_offset': 0, 'y_offset': -4, 'square_url': 'https://images4-f.ravelrycache.com/uploads/CarosFummeley/867687912/maschenzirkus5_square.JPG', 'medium_url': 'https://images4-f.ravelrycache.com/uploads/CarosFummeley/867687912/maschenzirkus5_medium.JPG', 'thumbnail_url': 'https://images4-g.ravelrycache.com/uploads/CarosFummeley/867687912/maschenzirkus5_thumbnail.JPG', 'small_url': 'https://images4-g.ravelrycache.com/uploads/CarosFummeley/867687912/maschenzirkus5_small_best_fit.JPG', 'flickr_url': None, 'shelved_url': 'https://images4-f.ravelrycache.com/uploads/CarosFummeley/867687912/maschenzirkus5_shelved.JPG', 'medium2_url': 'https://images4-a.ravelrycache.com/uploads/CarosFummeley/867687912/maschenzirkus5_medium2.JPG', 'small2_url': 'https://images4-f.ravelrycache.com/uploads/CarosFummeley/867687912/maschenzirkus5_small2.JPG', 'caption': None, 'caption_html': None, 'copyright_holder': 'maschenzirkus'}]"
Cotton Crop,Annie Lupton,1259846,https://www.ravelry.com/patterns/library/cotton-crop,False,https://images4-a.ravelrycache.com/uploads/BohoChicFiberCo/866237964/Cotton_Crop_2_medium2.jpg,Knitting,"['female', 'unisex', 'teen', 'adult', 'crew-neck', 'long-sleeve', 'one-piece', 'short-rows', 'top-down', 'positive-ease', 'cropped', 'in-the-round']",15.0,2.0,True,4.0,stockinette st,pullover,Aran,13,5.0,"32 (35.25, 39.5, 42.5, 47) (50, 54.5, 57.5, 61.75,65)” / 81.5 (89.5, 100.5, 108, 119.5) (127, 138.5, 146, 157, 165) cm Bust circumference","[{'id': 114437803, 'sort_order': 1, 'user_id': 841030, 'x_offset': 0, 'y_offset': 0, 'square_url': 'https://images4-g.ravelrycache.com/uploads/BohoChicFiberCo/866237964/Cotton_Crop_2_square.jpg', 'medium_url': 'https://images4-g.ravelrycache.com/uploads/BohoChicFiberCo/866237964/Cotton_Crop_2_medium.jpg', 'thumbnail_url': 'https://images4-f.ravelrycache.com/uploads/BohoChicFiberCo/866237964/Cotton_Crop_2_thumbnail.jpg', 'small_url': 'https://images4-f.ravelrycache.com/uploads/BohoChicFiberCo/866237964/Cotton_Crop_2_small_best_fit.jpg', 'flickr_url': None, 'shelved_url': 'https://images4-g.ravelrycache.com/uploads/BohoChicFiberCo/866237964/Cotton_Crop_2_shelved.jpg', 'medium2_url': 'https://images4-a.ravelrycache.com/uploads/BohoChicFiberCo/866237964/Cotton_Crop_2_medium2.jpg', 'small2_url': 'https://images4-g.ravelrycache.com/uploads/BohoChicFiberCo/866237964/Cotton_Crop_2_small2.jpg', 'caption': None, 'caption_html': None, 'copyright_holder': None}, {'id': 114437804, 'sort_order': 2, 'user_id': 841030, 'x_offset': 0, 'y_offset': 0, 'square_url': 'https://images4-f.ravelrycache.com/uploads/BohoChicFiberCo/866237959/Cotton_Crop_6_square.jpg', 'medium_url': 'https://images4-f.ravelrycache.com/uploads/BohoChicFiberCo/866237959/Cotton_Crop_6_medium.jpg', 'thumbnail_url': 'https://images4-f.ravelrycache.com/uploads/BohoChicFiberCo/866237959/Cotton_Crop_6_thumbnail.jpg', 'small_url': 'https://images4-f.ravelrycache.com/uploads/BohoChicFiberCo/866237959/Cotton_Crop_6_small_best_fit.jpg', 'flickr_url': None, 'shelved_url': 'https://images4-g.ravelrycache.com/uploads/BohoChicFiberCo/866237959/Cotton_Crop_6_shelved.jpg', 'medium2_url': 'https://images4-a.ravelrycache.com/uploads/BohoChicFiberCo/866237959/Cotton_Crop_6_medium2.jpg', 'small2_url': 'https://images4-f.ravelrycache.com/uploads/BohoChicFiberCo/866237959/Cotton_Crop_6_small2.jpg', 'caption': None, 'caption_html': None, 'copyright_holder': None}, {'id': 114437805, 'sort_order': 3, 'user_id': 841030, 'x_offset': 0, 'y_offset': 0, 'square_url': 'https://images4-f.ravelrycache.com/uploads/BohoChicFiberCo/866237961/Cotton_Crop_1_square.jpg', 'medium_url': 'https://images4-f.ravelrycache.com/uploads/BohoChicFiberCo/866237961/Cotton_Crop_1_medium.jpg', 'thumbnail_url': 'https://images4-f.ravelrycache.com/uploads/BohoChicFiberCo/866237961/Cotton_Crop_1_thumbnail.jpg', 'small_url': 'https://images4-f.ravelrycache.com/uploads/BohoChicFiberCo/866237961/Cotton_Crop_1_small_best_fit.jpg', 'flickr_url': None, 'shelved_url': 'https://images4-f.ravelrycache.com/uploads/BohoChicFiberCo/866237961/Cotton_Crop_1_shelved.jpg', 'medium2_url': 'https://images4-a.ravelrycache.com/uploads/BohoChicFiberCo/866237961/Cotton_Crop_1_medium2.jpg', 'small2_url': 'https://images4-f.ravelrycache.com/uploads/BohoChicFiberCo/866237961/Cotton_Crop_1_small2.jpg', 'caption': None, 'caption_html': None, 'copyright_holder': None}, {'id': 114437806, 'sort_order': 4, 'user_id': 841030, 'x_offset': 0, 'y_offset': 0, 'square_url': 'https://images4-g.ravelrycache.com/uploads/BohoChicFiberCo/866237963/Cotton_Crop_3_square.jpg', 'medium_url': 'https://images4-g.ravelrycache.com/uploads/BohoChicFiberCo/866237963/Cotton_Crop_3_medium.jpg', 'thumbnail_url': 'https://images4-g.ravelrycache.com/uploads/BohoChicFiberCo/866237963/Cotton_Crop_3_thumbnail.jpg', 'small_url': 'https://images4-f.ravelrycache.com/uploads/BohoChicFiberCo/866237963/Cotton_Crop_3_small_best_fit.jpg', 'flickr_url': None, 'shelved_url': 'https://images4-g.ravelrycache.com/uploads/BohoChicFiberCo/866237963/Cotton_Crop_3_shelved.jpg', 'medium2_url': 'https://images4-a.ravelrycache.com/uploads/BohoChicFiberCo/866237963/Cotton_Crop_3_medium2.jpg', 'small2_url': 'https://images4-g.ravelrycache.com/uploads/BohoChicFiberCo/866237963/Cotton_Crop_3_small2.jpg', 'caption': None, 'caption_html': None, 'copyright_holder': None}, {'id': 114437807, 'sort_order': 5, 'user_id': 841030, 'x_offset': 0, 'y_offset': 0, 'square_url': 'https://images4-f.ravelrycache.com/uploads/BohoChicFiberCo/866237962/Cotton_Crop_7_square.jpg', 'medium_url': 'https://images4-f.ravelrycache.com/uploads/BohoChicFiberCo/866237962/Cotton_Crop_7_medium.jpg', 'thumbnail_url': 'https://images4-g.ravelrycache.com/uploads/BohoChicFiberCo/866237962/Cotton_Crop_7_thumbnail.jpg', 'small_url': 'https://images4-g.ravelrycache.com/uploads/BohoChicFiberCo/866237962/Cotton_Crop_7_small_best_fit.jpg', 'flickr_url': None, 'shelved_url': 'https://images4-g.ravelrycache.com/uploads/BohoChicFiberCo/866237962/Cotton_Crop_7_shelved.jpg', 'medium2_url': 'https://images4-a.ravelrycache.com/uploads/BohoChicFiberCo/866237962/Cotton_Crop_7_medium2.jpg', 'small2_url': 'https://images4-f.ravelrycache.com/uploads/BohoChicFiberCo/866237962/Cotton_Crop_7_small2.jpg', 'caption': None, 'caption_html': None, 'copyright_holder': None}, {'id': 114437808, 'sort_order': 6, 'user_id': 841030, 'x_offset': 0, 'y_offset': 0, 'square_url': 'https://images4-g.ravelrycache.com/uploads/BohoChicFiberCo/866237968/Cotton_Crop_4_square.jpg', 'medium_url': 'https://images4-g.ravelrycache.com/uploads/BohoChicFiberCo/866237968/Cotton_Crop_4_medium.jpg', 'thumbnail_url': 'https://images4-g.ravelrycache.com/uploads/BohoChicFiberCo/866237968/Cotton_Crop_4_thumbnail.jpg', 'small_url': 'https://images4-f.ravelrycache.com/uploads/BohoChicFiberCo/866237968/Cotton_Crop_4_small_best_fit.jpg', 'flickr_url': None, 'shelved_url': 'https://images4-f.ravelrycache.com/uploads/BohoChicFiberCo/866237968/Cotton_Crop_4_shelved.jpg', 'medium2_url': 'https://images4-a.ravelrycache.com/uploads/BohoChicFiberCo/866237968/Cotton_Crop_4_medium2.jpg', 'small2_url': 'https://images4-g.ravelrycache.com/uploads/BohoChicFiberCo/866237968/Cotton_Crop_4_small2.jpg', 'caption': None, 'caption_html': None, 'copyright_holder': None}]"
Simcoe,Åsa Buchta,1259899,https://www.ravelry.com/patterns/library/simcoe,True,https://images4-a.ravelrycache.com/uploads/alisonknits/868267266/Simcoe-1_medium2.jpg,Knitting,"['female', 'adult', 'plus', 'eyelets', 'lace', 'sleeves', 'short-sleeve', 'raglan-sleeve', 'one-piece', 'seamless', 'short-rows', 'written-pattern', 'in-the-round', 'schematic']",21.0,0.0,True,4.0,stockinette stitch,pullover,Worsted,6,0.0,"Bust: (36½, 40, 43½) [48, 52½, 56] {60½, 64, 68½}” / (92.5, 101.5, 110.5) [122, 133.5, 142] {153.5, 162.5, 174} cm","[{'id': 114440578, 'sort_order': 1, 'user_id': 8293, 'x_offset': -8, 'y_offset': -41, 'square_url': 'https://images4-g.ravelrycache.com/uploads/alisonknits/868267266/Simcoe-1_square.jpg', 'medium_url': 'https://images4-g.ravelrycache.com/uploads/alisonknits/868267266/Simcoe-1_medium.jpg', 'thumbnail_url': 'https://images4-g.ravelrycache.com/uploads/alisonknits/868267266/Simcoe-1_thumbnail.jpg', 'small_url': 'https://images4-g.ravelrycache.com/uploads/alisonknits/868267266/Simcoe-1_small.jpg', 'flickr_url': None, 'shelved_url': 'https://images4-g.ravelrycache.com/uploads/alisonknits/868267266/Simcoe-1_shelved.jpg', 'medium2_url': 'https://images4-a.ravelrycache.com/uploads/alisonknits/868267266/Simcoe-1_medium2.jpg', 'small2_url': 'https://images4-g.ravelrycache.com/uploads/alisonknits/868267266/Simcoe-1_small2.jpg', 'caption': None, 'caption_html': None, 'copyright_holder': None}, {'id': 114440579, 'sort_order': 2, 'user_id': 8293, 'x_offset': -5, 'y_offset': -35, 'square_url': 'https://images4-f.ravelrycache.com/uploads/alisonknits/868267290/Simcoe-2_square.jpg', 'medium_url': 'https://images4-f.ravelrycache.com/uploads/alisonknits/868267290/Simcoe-2_medium.jpg', 'thumbnail_url': 'https://images4-f.ravelrycache.com/uploads/alisonknits/868267290/Simcoe-2_thumbnail.jpg', 'small_url': 'https://images4-f.ravelrycache.com/uploads/alisonknits/868267290/Simcoe-2_small.jpg', 'flickr_url': None, 'shelved_url': 'https://images4-f.ravelrycache.com/uploads/alisonknits/868267290/Simcoe-2_shelved.jpg', 'medium2_url': 'https://images4-a.ravelrycache.com/uploads/alisonknits/868267290/Simcoe-2_medium2.jpg', 'small2_url': 'https://images4-f.ravelrycache.com/uploads/alisonknits/868267290/Simcoe-2_small2.jpg', 'caption': None, 'caption_html': None, 'copyright_holder': None}, {'id': 114440580, 'sort_order': 3, 'user_id': 8293, 'x_offset': -5, 'y_offset': -25, 'square_url': 'https://images4-g.ravelrycache.com/uploads/alisonknits/868267309/Simcoe-3_square.jpg', 'medium_url': 'https://images4-g.ravelrycache.com/uploads/alisonknits/868267309/Simcoe-3_medium.jpg', 'thumbnail_url': 'https://images4-f.ravelrycache.com/uploads/alisonknits/868267309/Simcoe-3_thumbnail.jpg', 'small_url': 'https://images4-g.ravelrycache.com/uploads/alisonknits/868267309/Simcoe-3_small.jpg', 'flickr_url': None, 'shelved_url': 'https://images4-f.ravelrycache.com/uploads/alisonknits/868267309/Simcoe-3_shelved.jpg', 'medium2_url': 'https://images4-a.ravelrycache.com/uploads/alisonknits/868267309/Simcoe-3_medium2.jpg', 'small2_url': 'https://images4-g.ravelrycache.com/uploads/alisonknits/868267309/Simcoe-3_small2.jpg', 'caption': None, 'caption_html': None, 'copyright_holder': None}, {'id': 114440581, 'sort_order': 4, 'user_id': 8293, 'x_offset': -5, 'y_offset': -35, 'square_url': 'https://images4-f.ravelrycache.com/uploads/alisonknits/868267321/Simcoe-4_square.jpg', 'medium_url': 'https://images4-f.ravelrycache.com/uploads/alisonknits/868267321/Simcoe-4_medium.jpg', 'thumbnail_url': 'https://images4-g.ravelrycache.com/uploads/alisonknits/868267321/Simcoe-4_thumbnail.jpg', 'small_url': 'https://images4-f.ravelrycache.com/uploads/alisonknits/868267321/Simcoe-4_small.jpg', 'flickr_url': None, 'shelved_url': 'https://images4-g.ravelrycache.com/uploads/alisonknits/868267321/Simcoe-4_shelved.jpg', 'medium2_url': 'https://images4-a.ravelrycache.com/uploads/alisonknits/868267321/Simcoe-4_medium2.jpg', 'small2_url': 'https://images4-f.ravelrycache.com/uploads/alisonknits/868267321/Simcoe-4_small2.jpg', 'caption': None, 'caption_html': None, 'copyright_holder': None}]"
Drifandi,Thorey Jonsdottir,1260241,https://www.ravelry.com/patterns/library/drifandi,False,https://images4-a.ravelrycache.com/uploads/ThoreyNina/868473734/DSC_0840_medium2.jpeg,Knitting,"['unisex', 'adult', 'plus', 'fitted', 'tall', 'stranded', 'bottom-up', 'aran', 'icelandic', 'positive-ease', 'chart', 'written-pattern', 'in-the-round', 'circular-yoke']",18.0,0.0,True,4.0,10X10 = 18 sts and 24 rows,pullover,Aran,2,0.0,XS - XXL,"[{'id': 114466208, 'sort_order': 1, 'user_id': 9541306, 'x_offset': -4, 'y_offset': -35, 'square_url': 'https://images4-g.ravelrycache.com/uploads/ThoreyNina/868473734/DSC_0840_square.jpeg', 'medium_url': 'https://images4-g.ravelrycache.com/uploads/ThoreyNina/868473734/DSC_0840_medium.jpeg', 'thumbnail_url': 'https://images4-g.ravelrycache.com/uploads/ThoreyNina/868473734/DSC_0840_thumbnail.jpeg', 'small_url': 'https://images4-f.ravelrycache.com/uploads/ThoreyNina/868473734/DSC_0840_small.jpeg', 'flickr_url': None, 'shelved_url': 'https://images4-f.ravelrycache.com/uploads/ThoreyNina/868473734/DSC_0840_shelved.jpeg', 'medium2_url': 'https://images4-a.ravelrycache.com/uploads/ThoreyNina/868473734/DSC_0840_medium2.jpeg', 'small2_url': 'https://images4-g.ravelrycache.com/uploads/ThoreyNina/868473734/DSC_0840_small2.jpeg', 'caption': None, 'caption_html': None, 'copyright_holder': None}, {'id': 114466209, 'sort_order': 2, 'user_id': 9541306, 'x_offset': 0, 'y_offset': -43, 'square_url': 'https://images4-g.ravelrycache.com/uploads/ThoreyNina/868473784/DSC_0831_square.jpg', 'medium_url': 'https://images4-g.ravelrycache.com/uploads/ThoreyNina/868473784/DSC_0831_medium.jpg', 'thumbnail_url': 'https://images4-g.ravelrycache.com/uploads/ThoreyNina/868473784/DSC_0831_thumbnail.jpg', 'small_url': 'https://images4-g.ravelrycache.com/uploads/ThoreyNina/868473784/DSC_0831_small_best_fit.jpg', 'flickr_url': None, 'shelved_url': 'https://images4-f.ravelrycache.com/uploads/ThoreyNina/868473784/DSC_0831_shelved.jpg', 'medium2_url': 'https://images4-a.ravelrycache.com/uploads/ThoreyNina/868473784/DSC_0831_medium2.jpg', 'small2_url': 'https://images4-g.ravelrycache.com/uploads/ThoreyNina/868473784/DSC_0831_small2.jpg', 'caption': None, 'caption_html': None, 'copyright_holder': None}, {'id': 114466210, 'sort_order': 3, 'user_id': 9541306, 'x_offset': 1, 'y_offset': -85, 'square_url': 'https://images4-g.ravelrycache.com/uploads/ThoreyNina/868473860/DSC_0837_square.jpg', 'medium_url': 'https://images4-g.ravelrycache.com/uploads/ThoreyNina/868473860/DSC_0837_medium.jpg', 'thumbnail_url': 'https://images4-f.ravelrycache.com/uploads/ThoreyNina/868473860/DSC_0837_thumbnail.jpg', 'small_url': 'https://images4-g.ravelrycache.com/uploads/ThoreyNina/868473860/DSC_0837_small_best_fit.jpg', 'flickr_url': None, 'shelved_url': 'https://images4-f.ravelrycache.com/uploads/ThoreyNina/868473860/DSC_0837_shelved.jpg', 'medium2_url': 'https://images4-a.ravelrycache.com/uploads/ThoreyNina/868473860/DSC_0837_medium2.jpg', 'small2_url': 'https://images4-g.ravelrycache.com/uploads/ThoreyNina/868473860/DSC_0837_small2.jpg', 'caption': None, 'caption_html': None, 'copyright_holder': None}, {'id': 114466211, 'sort_order': 4, 'user_id': 9541306, 'x_offset': 0, 'y_offset': -10, 'square_url': 'https://images4-g.ravelrycache.com/uploads/ThoreyNina/868474005/DSC_0848_square.jpeg', 'medium_url': 'https://images4-g.ravelrycache.com/uploads/ThoreyNina/868474005/DSC_0848_medium.jpeg', 'thumbnail_url': 'https://images4-g.ravelrycache.com/uploads/ThoreyNina/868474005/DSC_0848_thumbnail.jpeg', 'small_url': 'https://images4-f.ravelrycache.com/uploads/ThoreyNina/868474005/DSC_0848_small_best_fit.jpeg', 'flickr_url': None, 'shelved_url': 'https://images4-f.ravelrycache.com/uploads/ThoreyNina/868474005/DSC_0848_shelved.jpeg', 'medium2_url': 'https://images4-a.ravelrycache.com/uploads/ThoreyNina/868474005/DSC_0848_medium2.jpeg', 'small2_url': 'https://images4-g.ravelrycache.com/uploads/ThoreyNina/868474005/DSC_0848_small2.jpeg', 'caption': None, 'caption_html': None, 'copyright_holder': None}]"
Francis Pullover,Melinda Minton,1260381,https://www.ravelry.com/patterns/library/francis-pullover,False,https://images4-a.ravelrycache.com/uploads/Mintknitwear/868573242/IMG_3610_medium2.JPG,Knitting,"['female', 'adult', 'bobble-or-popcorn', 'cables', 'textured', 'collar', 'crew-neck', 'seamless', 'short-rows', 'top-down', 'positive-ease', 'written-pattern', 'in-the-round', 'twisted-stitches', 'schematic']",21.0,0.0,True,4.0,Stockinette,pullover,DK,5,0.0,"1 (2, 3, 4, 5) (6, 7, 8, 9) gives 32 (36, 40, 44, 48) (52, 56, 60, 64)” [81 (91, 102, 112, 122) (132, 142, 152, 163) cm]","[{'id': 114478420, 'sort_order': 1, 'user_id': 10945896, 'x_offset': -5, 'y_offset': -35, 'square_url': 'https://images4-g.ravelrycache.com/uploads/Mintknitwear/868573242/IMG_3610_square.JPG', 'medium_url': 'https://images4-g.ravelrycache.com/uploads/Mintknitwear/868573242/IMG_3610_medium.JPG', 'thumbnail_url': 'https://images4-f.ravelrycache.com/uploads/Mintknitwear/868573242/IMG_3610_thumbnail.JPG', 'small_url': 'https://images4-f.ravelrycache.com/uploads/Mintknitwear/868573242/IMG_3610_small.JPG', 'flickr_url': None, 'shelved_url': 'https://images4-f.ravelrycache.com/uploads/Mintknitwear/868573242/IMG_3610_shelved.JPG', 'medium2_url': 'https://images4-a.ravelrycache.com/uploads/Mintknitwear/868573242/IMG_3610_medium2.JPG', 'small2_url': 'https://images4-g.ravelrycache.com/uploads/Mintknitwear/868573242/IMG_3610_small2.JPG', 'caption': None, 'caption_html': None, 'copyright_holder': None}, {'id': 114478421, 'sort_order': 2, 'user_id': 10945896, 'x_offset': 0, 'y_offset': 0, 'square_url': 'https://images4-f.ravelrycache.com/uploads/Mintknitwear/868573266/IMG_3768_square.jpg', 'medium_url': 'https://images4-f.ravelrycache.com/uploads/Mintknitwear/868573266/IMG_3768_medium.jpg', 'thumbnail_url': 'https://images4-g.ravelrycache.com/uploads/Mintknitwear/868573266/IMG_3768_thumbnail.jpg', 'small_url': 'https://images4-g.ravelrycache.com/uploads/Mintknitwear/868573266/IMG_3768_small_best_fit.jpg', 'flickr_url': None, 'shelved_url': 'https://images4-g.ravelrycache.com/uploads/Mintknitwear/868573266/IMG_3768_shelved.jpg', 'medium2_url': 'https://images4-a.ravelrycache.com/uploads/Mintknitwear/868573266/IMG_3768_medium2.jpg', 'small2_url': 'https://images4-f.ravelrycache.com/uploads/Mintknitwear/868573266/IMG_3768_small2.jpg', 'caption': None, 'caption_html': None, 'copyright_holder': None}, {'id': 114478422, 'sort_order': 3, 'user_id': 10945896, 'x_offset': 0, 'y_offset': -22, 'square_url': 'https://images4-g.ravelrycache.com/uploads/Mintknitwear/868573241/BD7426E5-143F-4E89-8100-8EAE7196ECEB_square.JPG', 'medium_url': 'https://images4-g.ravelrycache.com/uploads/Mintknitwear/868573241/BD7426E5-143F-4E89-8100-8EAE7196ECEB_medium.JPG', 'thumbnail_url': 'https://images4-f.ravelrycache.com/uploads/Mintknitwear/868573241/BD7426E5-143F-4E89-8100-8EAE7196ECEB_thumbnail.JPG', 'small_url': 'https://images4-g.ravelrycache.com/uploads/Mintknitwear/868573241/BD7426E5-143F-4E89-8100-8EAE7196ECEB_small_best_fit.JPG', 'flickr_url': None, 'shelved_url': 'https://images4-g.ravelrycache.com/uploads/Mintknitwear/868573241/BD7426E5-143F-4E89-8100-8EAE7196ECEB_shelved.JPG', 'medium2_url': 'https://images4-a.ravelrycache.com/uploads/Mintknitwear/868573241/BD7426E5-143F-4E89-8100-8EAE7196ECEB_medium2.JPG', 'small2_url': 'https://images4-g.ravelrycache.com/uploads/Mintknitwear/868573241/BD7426E5-143F-4E89-8100-8EAE7196ECEB_small2.JPG', 'caption': None, 'caption_html': None, 'copyright_holder': None}]"
Allure,Kate Oates,1260466,https://www.ravelry.com/patterns/library/allure-9,False,https://images4-a.ravelrycache.com/uploads/tottopper/868621615/KateOates_august2022_183_medium2.jpeg,Knitting,"['female', 'teen', 'adult', 'negative-ease', 'petite', 'plus', 'no-ease', 'fitted', 'tall', 'v-neck', 'waist', 'sleeveless', 'icord', 'kitchener', 'selvedge', 'top-down', 'written-pattern', 'worked-flat', 'in-the-round', 'slipped-stitches', 'provisional', 'schematic']",25.0,3.8,True,4.0,stockinette on larger needles,pullover,Sport,16,4.833333333333333,"1, 2, 3, 4, 5, 6, 7, 8, 9, 10, 11, 12, 13","[{'id': 114484425, 'sort_order': 1, 'user_id': 227688, 'x_offset': 0, 'y_offset': -43, 'square_url': 'https://images4-g.ravelrycache.com/uploads/tottopper/868621615/KateOates_august2022_183_square.jpeg', 'medium_url': 'https://images4-g.ravelrycache.com/uploads/tottopper/868621615/KateOates_august2022_183_medium.jpeg', 'thumbnail_url': 'https://images4-g.ravelrycache.com/uploads/tottopper/868621615/KateOates_august2022_183_thumbnail.jpeg', 'small_url': 'https://images4-f.ravelrycache.com/uploads/tottopper/868621615/KateOates_august2022_183_small_best_fit.jpeg', 'flickr_url': None, 'shelved_url': 'https://images4-f.ravelrycache.com/uploads/tottopper/868621615/KateOates_august2022_183_shelved.jpeg', 'medium2_url': 'https://images4-a.ravelrycache.com/uploads/tottopper/868621615/KateOates_august2022_183_medium2.jpeg', 'small2_url': 'https://images4-g.ravelrycache.com/uploads/tottopper/868621615/KateOates_august2022_183_small2.jpeg', 'caption': None, 'caption_html': None, 'copyright_holder': None}, {'id': 114484427, 'sort_order': 2, 'user_id': 227688, 'x_offset': 0, 'y_offset': -3, 'square_url': 'https://images4-f.ravelrycache.com/uploads/tottopper/868620916/KateOates_august2022_176_square.jpeg', 'medium_url': 'https://images4-f.ravelrycache.com/uploads/tottopper/868620916/KateOates_august2022_176_medium.jpeg', 'thumbnail_url': 'https://images4-g.ravelrycache.com/uploads/tottopper/868620916/KateOates_august2022_176_thumbnail.jpeg', 'small_url': 'https://images4-f.ravelrycache.com/uploads/tottopper/868620916/KateOates_august2022_176_small_best_fit.jpeg', 'flickr_url': None, 'shelved_url': 'https://images4-g.ravelrycache.com/uploads/tottopper/868620916/KateOates_august2022_176_shelved.jpeg', 'medium2_url': 'https://images4-a.ravelrycache.com/uploads/tottopper/868620916/KateOates_august2022_176_medium2.jpeg', 'small2_url': 'https://images4-f.ravelrycache.com/uploads/tottopper/868620916/KateOates_august2022_176_small2.jpeg', 'caption': None, 'caption_html': None, 'copyright_holder': None}, {'id': 114484429, 'sort_order': 3, 'user_id': 227688, 'x_offset': 0, 'y_offset': -43, 'square_url': 'https://images4-g.ravelrycache.com/uploads/tottopper/868620921/KateOates_august2022_6_square.jpeg', 'medium_url': 'https://images4-g.ravelrycache.com/uploads/tottopper/868620921/KateOates_august2022_6_medium.jpeg', 'thumbnail_url': 'https://images4-f.ravelrycache.com/uploads/tottopper/868620921/KateOates_august2022_6_thumbnail.jpeg', 'small_url': 'https://images4-g.ravelrycache.com/uploads/tottopper/868620921/KateOates_august2022_6_small_best_fit.jpeg', 'flickr_url': None, 'shelved_url': 'https://images4-g.ravelrycache.com/uploads/tottopper/868620921/KateOates_august2022_6_shelved.jpeg', 'medium2_url': 'https://images4-a.ravelrycache.com/uploads/tottopper/868620921/KateOates_august2022_6_medium2.jpeg', 'small2_url': 'https://images4-g.ravelrycache.com/uploads/tottopper/868620921/KateOates_august2022_6_small2.jpeg', 'caption': None, 'caption_html': None, 'copyright_holder': None}, {'id': 114484430, 'sort_order': 4, 'user_id': 227688, 'x_offset': 0, 'y_offset': -43, 'square_url': 'https://images4-g.ravelrycache.com/uploads/tottopper/868620915/KateOates_august2022_355_square.jpeg', 'medium_url': 'https://images4-g.ravelrycache.com/uploads/tottopper/868620915/KateOates_august2022_355_medium.jpeg', 'thumbnail_url': 'https://images4-g.ravelrycache.com/uploads/tottopper/868620915/KateOates_august2022_355_thumbnail.jpeg', 'small_url': 'https://images4-f.ravelrycache.com/uploads/tottopper/868620915/KateOates_august2022_355_small_best_fit.jpeg', 'flickr_url': None, 'shelved_url': 'https://images4-f.ravelrycache.com/uploads/tottopper/868620915/KateOates_august2022_355_shelved.jpeg', 'medium2_url': 'https://images4-a.ravelrycache.com/uploads/tottopper/868620915/KateOates_august2022_355_medium2.jpeg', 'small2_url': 'https://images4-g.ravelrycache.com/uploads/tottopper/868620915/KateOates_august2022_355_small2.jpeg', 'caption': None, 'caption_html': None, 'copyright_holder': None}, {'id': 114503505, 'sort_order': 5, 'user_id': 227688, 'x_offset': -35, 'y_offset': -2, 'square_url': 'https://images4-f.ravelrycache.com/uploads/tottopper/868773619/Artboard_2_2x_square.png', 'medium_url': 'https://images4-g.ravelrycache.com/uploads/tottopper/868773619/Artboard_2_2x_medium.png', 'thumbnail_url': 'https://images4-f.ravelrycache.com/uploads/tottopper/868773619/Artboard_2_2x_thumbnail.png', 'small_url': 'https://images4-f.ravelrycache.com/uploads/tottopper/868773619/Artboard_2_2x_small.png', 'flickr_url': None, 'shelved_url': 'https://images4-f.ravelrycache.com/uploads/tottopper/868773619/Artboard_2_2x_shelved.png', 'medium2_url': 'https://images4-a.ravelrycache.com/uploads/tottopper/868773619/Artboard_2_2x_medium2.png', 'small2_url': 'https://images4-f.ravelrycache.com/uploads/tottopper/868773619/Artboard_2_2x_small2.png', 'caption': None, 'caption_html': None, 'copyright_holder': None}, {'id': 137787169, 'sort_order': 6, 'user_id': 227688, 'x_offset': 0, 'y_offset': -43, 'square_url': 'https://images4-f.ravelrycache.com/uploads/tottopper/1056930344/upload_square', 'medium_url': 'https://images4-g.ravelrycache.com/uploads/tottopper/1056930344/upload_medium', 'thumbnail_url': 'https://images4-g.ravelrycache.com/uploads/tottopper/1056930344/upload_thumbnail', 'small_url': 'https://images4-g.ravelrycache.com/uploads/tottopper/1056930344/upload_small_best_fit', 'flickr_url': None, 'shelved_url': 'https://images4-f.ravelrycache.com/uploads/tottopper/1056930344/upload_shelved', 'medium2_url': 'https://images4-a.ravelrycache.com/uploads/tottopper/1056930344/upload_medium2', 'small2_url': 'https://images4-f.ravelrycache.com/uploads/tottopper/1056930344/upload_small2', 'caption': None, 'caption_html': None, 'copyright_holder': None}, {'id': 139989985, 'sort_order': 7, 'user_id': 227688, 'x_offset': 0, 'y_offset': -43, 'square_url': 'https://images4-f.ravelrycache.com/uploads/tottopper/1074695445/upload_square', 'medium_url': 'https://images4-g.ravelrycache.com/uploads/tottopper/1074695445/upload_medium', 'thumbnail_url': 'https://images4-f.ravelrycache.com/uploads/tottopper/1074695445/upload_thumbnail', 'small_url': 'https://images4-f.ravelrycache.com/uploads/tottopper/1074695445/upload_small_best_fit', 'flickr_url': None, 'shelved_url': 'https://images4-g.ravelrycache.com/uploads/tottopper/1074695445/upload_shelved', 'medium2_url': 'https://images4-a.ravelrycache.com/uploads/tottopper/1074695445/upload_medium2', 'small2_url': 'https://images4-f.ravelrycache.com/uploads/tottopper/1074695445/upload_small2', 'caption': None, 'caption_html': None, 'copyright_holder': None}, {'id': 137787173, 'sort_order': 8, 'user_id': 227688, 'x_offset': 0, 'y_offset': -43, 'square_url': 'https://images4-f.ravelrycache.com/uploads/tottopper/1056930389/upload_square', 'medium_url': 'https://images4-g.ravelrycache.com/uploads/tottopper/1056930389/upload_medium', 'thumbnail_url': 'https://images4-g.ravelrycache.com/uploads/tottopper/1056930389/upload_thumbnail', 'small_url': 'https://images4-g.ravelrycache.com/uploads/tottopper/1056930389/upload_small_best_fit', 'flickr_url': None, 'shelved_url': 'https://images4-f.ravelrycache.com/uploads/tottopper/1056930389/upload_shelved', 'medium2_url': 'https://images4-a.ravelrycache.com/uploads/tottopper/1056930389/upload_medium2', 'small2_url': 'https://images4-f.ravelrycache.com/uploads/tottopper/1056930389/upload_small2', 'caption': None, 'caption_html': None, 'copyright_holder': None}, {'id': 137787174, 'sort_order': 9, 'user_id': 227688, 'x_offset': -2, 'y_offset': -1, 'square_url': 'https://images4-g.ravelrycache.com/uploads/tottopper/1056930398/upload_square', 'medium_url': 'https://images4-f.ravelrycache.com/uploads/tottopper/1056930398/upload_medium', 'thumbnail_url': 'https://images4-f.ravelrycache.com/uploads/tottopper/1056930398/upload_thumbnail', 'small_url': 'https://images4-g.ravelrycache.com/uploads/tottopper/1056930398/upload_small_best_fit', 'flickr_url': None, 'shelved_url': 'https://images4-g.ravelrycache.com/uploads/tottopper/1056930398/upload_shelved', 'medium2_url': 'https://images4-a.ravelrycache.com/uploads/tottopper/1056930398/upload_medium2', 'small2_url': 'https://images4-g.ravelrycache.com/uploads/tottopper/1056930398/upload_small2', 'caption': None, 'caption_html': None, 'copyright_holder': None}, {'id': 137787176, 'sort_order': 10, 'user_id': 227688, 'x_offset': 0, 'y_offset': -43, 'square_url': 'https://images4-g.ravelrycache.com/uploads/tottopper/1056930415/upload_square', 'medium_url': 'https://images4-f.ravelrycache.com/uploads/tottopper/1056930415/upload_medium', 'thumbnail_url': 'https://images4-g.ravelrycache.com/uploads/tottopper/1056930415/upload_thumbnail', 'small_url': 'https://images4-g.ravelrycache.com/uploads/tottopper/1056930415/upload_small_best_fit', 'flickr_url': None, 'shelved_url': 'https://images4-g.ravelrycache.com/uploads/tottopper/1056930415/upload_shelved', 'medium2_url': 'https://images4-a.ravelrycache.com/uploads/tottopper/1056930415/upload_medium2', 'small2_url': 'https://images4-g.ravelrycache.com/uploads/tottopper/1056930415/upload_small2', 'caption': None, 'caption_html': None, 'copyright_holder': None}, {'id': 137787179, 'sort_order': 11, 'user_id': 227688, 'x_offset': 0, 'y_offset': -43, 'square_url': 'https://images4-g.ravelrycache.com/uploads/tottopper/1056930435/upload_square', 'medium_url': 'https://images4-f.ravelrycache.com/uploads/tottopper/1056930435/upload_medium', 'thumbnail_url': 'https://images4-f.ravelrycache.com/uploads/tottopper/1056930435/upload_thumbnail', 'small_url': 'https://images4-g.ravelrycache.com/uploads/tottopper/1056930435/upload_small_best_fit', 'flickr_url': None, 'shelved_url': 'https://images4-g.ravelrycache.com/uploads/tottopper/1056930435/upload_shelved', 'medium2_url': 'https://images4-a.ravelrycache.com/uploads/tottopper/1056930435/upload_medium2', 'small2_url': 'https://images4-g.ravelrycache.com/uploads/tottopper/1056930435/upload_small2', 'caption': None, 'caption_html': None, 'copyright_holder': None}, {'id': 137787182, 'sort_order': 12, 'user_id': 227688, 'x_offset': 0, 'y_offset': -43, 'square_url': 'https://images4-f.ravelrycache.com/uploads/tottopper/1056930469/upload_square', 'medium_url': 'https://images4-g.ravelrycache.com/uploads/tottopper/1056930469/upload_medium', 'thumbnail_url': 'https://images4-f.ravelrycache.com/uploads/tottopper/1056930469/upload_thumbnail', 'small_url': 'https://images4-f.ravelrycache.com/uploads/tottopper/1056930469/upload_small_best_fit', 'flickr_url': None, 'shelved_url': 'https://images4-g.ravelrycache.com/uploads/tottopper/1056930469/upload_shelved', 'medium2_url': 'https://images4-a.ravelrycache.com/uploads/tottopper/1056930469/upload_medium2', 'small2_url': 'https://images4-f.ravelrycache.com/uploads/tottopper/1056930469/upload_small2', 'caption': None, 'caption_html': None, 'copyright_holder': None}, {'id': 137787183, 'sort_order': 13, 'user_id': 227688, 'x_offset': -43, 'y_offset': 0, 'square_url': 'https://images4-g.ravelrycache.com/uploads/tottopper/1056930478/upload_square', 'medium_url': 'https://images4-f.ravelrycache.com/uploads/tottopper/1056930478/upload_medium', 'thumbnail_url': 'https://images4-g.ravelrycache.com/uploads/tottopper/1056930478/upload_thumbnail', 'small_url': 'https://images4-f.ravelrycache.com/uploads/tottopper/1056930478/upload_small_best_fit', 'flickr_url': None, 'shelved_url': 'https://images4-f.ravelrycache.com/uploads/tottopper/1056930478/upload_shelved', 'medium2_url': 'https://images4-a.ravelrycache.com/uploads/tottopper/1056930478/upload_medium2', 'small2_url': 'https://images4-g.ravelrycache.com/uploads/tottopper/1056930478/upload_small2', 'caption': None, 'caption_html': None, 'copyright_holder': None}]"
FAMILIENRUNDE Pullover,Anja Matthes,1260500,https://www.ravelry.com/patterns/library/familienrunde-pullover,True,https://images4-a.ravelrycache.com/uploads/Anja1973/881151945/224A7776_medium2.jpg,Knitting,"['unisex', 'baby', 'toddler', 'child', 'teen', 'adult', 'circular-yoke', 'long-sleeve', 'stranded', 'one-piece', 'short-rows', 'top-down', 'positive-ease', 'chart', 'written-pattern', 'in-the-round', 'stripes-colorwork', 'male', 'female']",22.0,0.0,True,4.0,Glatt rechts - stockinette stitch,child,DK,24,0.0,"1-2, 2-4, 4-6, 6-8, 8-10, 10-12 Jahre S-M-L-XL-2XL","[{'id': 116047172, 'sort_order': 1, 'user_id': 747645, 'x_offset': -43, 'y_offset': 0, 'square_url': 'https://images4-f.ravelrycache.com/uploads/Anja1973/881151945/224A7776_square.jpg', 'medium_url': 'https://images4-g.ravelrycache.com/uploads/Anja1973/881151945/224A7776_medium.jpg', 'thumbnail_url': 'https://images4-f.ravelrycache.com/uploads/Anja1973/881151945/224A7776_thumbnail.jpg', 'small_url': 'https://images4-g.ravelrycache.com/uploads/Anja1973/881151945/224A7776_small_best_fit.jpg', 'flickr_url': None, 'shelved_url': 'https://images4-f.ravelrycache.com/uploads/Anja1973/881151945/224A7776_shelved.jpg', 'medium2_url': 'https://images4-a.ravelrycache.com/uploads/Anja1973/881151945/224A7776_medium2.jpg', 'small2_url': 'https://images4-f.ravelrycache.com/uploads/Anja1973/881151945/224A7776_small2.jpg', 'caption': None, 'caption_html': None, 'copyright_holder': None}, {'id': 116047202, 'sort_order': 2, 'user_id': 747645, 'x_offset': 0, 'y_offset': -43, 'square_url': 'https://images4-g.ravelrycache.com/uploads/Anja1973/881152195/224A7793_square.jpg', 'medium_url': 'https://images4-f.ravelrycache.com/uploads/Anja1973/881152195/224A7793_medium.jpg', 'thumbnail_url': 'https://images4-g.ravelrycache.com/uploads/Anja1973/881152195/224A7793_thumbnail.jpg', 'small_url': 'https://images4-f.ravelrycache.com/uploads/Anja1973/881152195/224A7793_small_best_fit.jpg', 'flickr_url': None, 'shelved_url': 'https://images4-f.ravelrycache.com/uploads/Anja1973/881152195/224A7793_shelved.jpg', 'medium2_url': 'https://images4-a.ravelrycache.com/uploads/Anja1973/881152195/224A7793_medium2.jpg', 'small2_url': 'https://images4-g.ravelrycache.com/uploads/Anja1973/881152195/224A7793_small2.jpg', 'caption': None, 'caption_html': None, 'copyright_holder': None}, {'id': 116047181, 'sort_order': 3, 'user_id': 747645, 'x_offset': -43, 'y_offset': 0, 'square_url': 'https://images4-f.ravelrycache.com/uploads/Anja1973/881152031/224A7780_square.jpg', 'medium_url': 'https://images4-g.ravelrycache.com/uploads/Anja1973/881152031/224A7780_medium.jpg', 'thumbnail_url': 'https://images4-f.ravelrycache.com/uploads/Anja1973/881152031/224A7780_thumbnail.jpg', 'small_url': 'https://images4-g.ravelrycache.com/uploads/Anja1973/881152031/224A7780_small_best_fit.jpg', 'flickr_url': None, 'shelved_url': 'https://images4-f.ravelrycache.com/uploads/Anja1973/881152031/224A7780_shelved.jpg', 'medium2_url': 'https://images4-a.ravelrycache.com/uploads/Anja1973/881152031/224A7780_medium2.jpg', 'small2_url': 'https://images4-f.ravelrycache.com/uploads/Anja1973/881152031/224A7780_small2.jpg', 'caption': None, 'caption_html': None, 'copyright_holder': None}, {'id': 116046988, 'sort_order': 4, 'user_id': 747645, 'x_offset': -43, 'y_offset': 0, 'square_url': 'https://images4-g.ravelrycache.com/uploads/Anja1973/881150549/224A7806_square.jpg', 'medium_url': 'https://images4-f.ravelrycache.com/uploads/Anja1973/881150549/224A7806_medium.jpg', 'thumbnail_url': 'https://images4-g.ravelrycache.com/uploads/Anja1973/881150549/224A7806_thumbnail.jpg', 'small_url': 'https://images4-f.ravelrycache.com/uploads/Anja1973/881150549/224A7806_small_best_fit.jpg', 'flickr_url': None, 'shelved_url': 'https://images4-g.ravelrycache.com/uploads/Anja1973/881150549/224A7806_shelved.jpg', 'medium2_url': 'https://images4-a.ravelrycache.com/uploads/Anja1973/881150549/224A7806_medium2.jpg', 'small2_url': 'https://images4-g.ravelrycache.com/uploads/Anja1973/881150549/224A7806_small2.jpg', 'caption': None, 'caption_html': None, 'copyright_holder': None}, {'id': 116046843, 'sort_order': 5, 'user_id': 747645, 'x_offset': -43, 'y_offset': 0, 'square_url': 'https://images4-g.ravelrycache.com/uploads/Anja1973/881149451/224A6246_square.jpg', 'medium_url': 'https://images4-f.ravelrycache.com/uploads/Anja1973/881149451/224A6246_medium.jpg', 'thumbnail_url': 'https://images4-f.ravelrycache.com/uploads/Anja1973/881149451/224A6246_thumbnail.jpg', 'small_url': 'https://images4-g.ravelrycache.com/uploads/Anja1973/881149451/224A6246_small_best_fit.jpg', 'flickr_url': None, 'shelved_url': 'https://images4-f.ravelrycache.com/uploads/Anja1973/881149451/224A6246_shelved.jpg', 'medium2_url': 'https://images4-a.ravelrycache.com/uploads/Anja1973/881149451/224A6246_medium2.jpg', 'small2_url': 'https://images4-g.ravelrycache.com/uploads/Anja1973/881149451/224A6246_small2.jpg', 'caption': None, 'caption_html': None, 'copyright_holder': None}, {'id': 114486832, 'sort_order': 6, 'user_id': 747645, 'x_offset': -35, 'y_offset': -5, 'square_url': 'https://images4-g.ravelrycache.com/uploads/Anja1973/868640105/359B79FD-4177-42AA-B6C6-F5249F9681F8_square.jpeg', 'medium_url': 'https://images4-g.ravelrycache.com/uploads/Anja1973/868640105/359B79FD-4177-42AA-B6C6-F5249F9681F8_medium.jpeg', 'thumbnail_url': 'https://images4-f.ravelrycache.com/uploads/Anja1973/868640105/359B79FD-4177-42AA-B6C6-F5249F9681F8_thumbnail.jpeg', 'small_url': 'https://images4-g.ravelrycache.com/uploads/Anja1973/868640105/359B79FD-4177-42AA-B6C6-F5249F9681F8_small.jpeg', 'flickr_url': None, 'shelved_url': 'https://images4-g.ravelrycache.com/uploads/Anja1973/868640105/359B79FD-4177-42AA-B6C6-F5249F9681F8_shelved.jpeg', 'medium2_url': 'https://images4-a.ravelrycache.com/uploads/Anja1973/868640105/359B79FD-4177-42AA-B6C6-F5249F9681F8_medium2.jpeg', 'small2_url': 'https://images4-g.ravelrycache.com/uploads/Anja1973/868640105/359B79FD-4177-42AA-B6C6-F5249F9681F8_small2.jpeg', 'caption': None, 'caption_html': None, 'copyright_holder': None}, {'id': 116045527, 'sort_order': 7, 'user_id': 747645, 'x_offset': -35, 'y_offset': -3, 'square_url': 'https://images4-f.ravelrycache.com/uploads/Anja1973/881139093/224A6237_square.jpg', 'medium_url': 'https://images4-g.ravelrycache.com/uploads/Anja1973/881139093/224A6237_medium.jpg', 'thumbnail_url': 'https://images4-f.ravelrycache.com/uploads/Anja1973/881139093/224A6237_thumbnail.jpg', 'small_url': 'https://images4-f.ravelrycache.com/uploads/Anja1973/881139093/224A6237_small.jpg', 'flickr_url': None, 'shelved_url': 'https://images4-g.ravelrycache.com/uploads/Anja1973/881139093/224A6237_shelved.jpg', 'medium2_url': 'https://images4-a.ravelrycache.com/uploads/Anja1973/881139093/224A6237_medium2.jpg', 'small2_url': 'https://images4-f.ravelrycache.com/uploads/Anja1973/881139093/224A6237_small2.jpg', 'caption': None, 'caption_html': None, 'copyright_holder': None}, {'id': 114512815, 'sort_order': 8, 'user_id': 2010480, 'x_offset': -35, 'y_offset': -5, 'square_url': 'https://images4-f.ravelrycache.com/uploads/kitchensock/856349561/P1020032_square.JPG', 'medium_url': 'https://images4-f.ravelrycache.com/uploads/kitchensock/856349561/P1020032_medium.JPG', 'thumbnail_url': 'https://images4-g.ravelrycache.com/uploads/kitchensock/856349561/P1020032_thumbnail.JPG', 'small_url': 'https://images4-g.ravelrycache.com/uploads/kitchensock/856349561/P1020032_small.JPG', 'flickr_url': None, 'shelved_url': 'https://images4-f.ravelrycache.com/uploads/kitchensock/856349561/P1020032_shelved.JPG', 'medium2_url': 'https://images4-a.ravelrycache.com/uploads/kitchensock/856349561/P1020032_medium2.JPG', 'small2_url': 'https://images4-f.ravelrycache.com/uploads/kitchensock/856349561/P1020032_small2.JPG', 'caption': None, 'caption_html': None, 'copyright_holder': None}, {'id': 114518257, 'sort_order': 9, 'user_id': 728094, 'x_offset': -5, 'y_offset': -35, 'square_url': 'https://images4-g.ravelrycache.com/uploads/4mama2008/854736695/16523658339411786031439437947833_square.jpg', 'medium_url': 'https://images4-g.ravelrycache.com/uploads/4mama2008/854736695/16523658339411786031439437947833_medium.jpg', 'thumbnail_url': 'https://images4-f.ravelrycache.com/uploads/4mama2008/854736695/16523658339411786031439437947833_thumbnail.jpg', 'small_url': 'https://images4-f.ravelrycache.com/uploads/4mama2008/854736695/16523658339411786031439437947833_small.jpg', 'flickr_url': None, 'shelved_url': 'https://images4-f.ravelrycache.com/uploads/4mama2008/854736695/16523658339411786031439437947833_shelved.jpg', 'medium2_url': 'https://images4-a.ravelrycache.com/uploads/4mama2008/854736695/16523658339411786031439437947833_medium2.jpg', 'small2_url': 'https://images4-g.ravelrycache.com/uploads/4mama2008/854736695/16523658339411786031439437947833_small2.jpg', 'caption': None, 'caption_html': None, 'copyright_holder': None}, {'id': 114513646, 'sort_order': 10, 'user_id': 2003859, 'x_offset': -35, 'y_offset': -5, 'square_url': 'https://images4-f.ravelrycache.com/uploads/Hemama/849293100/17107095-9F72-407C-9D76-95FEDAF27875_square.jpeg', 'medium_url': 'https://images4-f.ravelrycache.com/uploads/Hemama/849293100/17107095-9F72-407C-9D76-95FEDAF27875_medium.jpeg', 'thumbnail_url': 'https://images4-g.ravelrycache.com/uploads/Hemama/849293100/17107095-9F72-407C-9D76-95FEDAF27875_thumbnail.jpeg', 'small_url': 'https://images4-f.ravelrycache.com/uploads/Hemama/849293100/17107095-9F72-407C-9D76-95FEDAF27875_small.jpeg', 'flickr_url': None, 'shelved_url': 'https://images4-f.ravelrycache.com/uploads/Hemama/849293100/17107095-9F72-407C-9D76-95FEDAF27875_shelved.jpeg', 'medium2_url': 'https://images4-a.ravelrycache.com/uploads/Hemama/849293100/17107095-9F72-407C-9D76-95FEDAF27875_medium2.jpeg', 'small2_url': 'https://images4-f.ravelrycache.com/uploads/Hemama/849293100/17107095-9F72-407C-9D76-95FEDAF27875_small2.jpeg', 'caption': None, 'caption_html': None, 'copyright_holder': None}, {'id': 114544977, 'sort_order': 11, 'user_id': 3687381, 'x_offset': 0, 'y_offset': -85, 'square_url': 'https://images4-g.ravelrycache.com/uploads/elunira/855835803/20220519_145953_square.jpg', 'medium_url': 'https://images4-g.ravelrycache.com/uploads/elunira/855835803/20220519_145953_medium.jpg', 'thumbnail_url': 'https://images4-g.ravelrycache.com/uploads/elunira/855835803/20220519_145953_thumbnail.jpg', 'small_url': 'https://images4-g.ravelrycache.com/uploads/elunira/855835803/20220519_145953_small_best_fit.jpg', 'flickr_url': None, 'shelved_url': 'https://images4-g.ravelrycache.com/uploads/elunira/855835803/20220519_145953_shelved.jpg', 'medium2_url': 'https://images4-a.ravelrycache.com/uploads/elunira/855835803/20220519_145953_medium2.jpg', 'small2_url': 'https://images4-g.ravelrycache.com/uploads/elunira/855835803/20220519_145953_small2.jpg', 'caption': None, 'caption_html': None, 'copyright_holder': None}, {'id': 114512783, 'sort_order': 12, 'user_id': 2250525, 'x_offset': -4, 'y_offset': -21, 'square_url': 'https://images4-g.ravelrycache.com/uploads/Dajuma/861929709/705E544A-E592-42C8-850B-A7103934B5FE_square.jpeg', 'medium_url': 'https://images4-g.ravelrycache.com/uploads/Dajuma/861929709/705E544A-E592-42C8-850B-A7103934B5FE_medium.jpeg', 'thumbnail_url': 'https://images4-f.ravelrycache.com/uploads/Dajuma/861929709/705E544A-E592-42C8-850B-A7103934B5FE_thumbnail.jpeg', 'small_url': 'https://images4-g.ravelrycache.com/uploads/Dajuma/861929709/705E544A-E592-42C8-850B-A7103934B5FE_small.jpeg', 'flickr_url': None, 'shelved_url': 'https://images4-f.ravelrycache.com/uploads/Dajuma/861929709/705E544A-E592-42C8-850B-A7103934B5FE_shelved.jpeg', 'medium2_url': 'https://images4-a.ravelrycache.com/uploads/Dajuma/861929709/705E544A-E592-42C8-850B-A7103934B5FE_medium2.jpeg', 'small2_url': 'https://images4-g.ravelrycache.com/uploads/Dajuma/861929709/705E544A-E592-42C8-850B-A7103934B5FE_small2.jpeg', 'caption': None, 'caption_html': None, 'copyright_holder': ''}, {'id': 114510955, 'sort_order': 13, 'user_id': 1754523, 'x_offset': 0, 'y_offset': -16, 'square_url': 'https://images4-f.ravelrycache.com/uploads/baerchen97/858148104/20220602_092308_square.jpg', 'medium_url': 'https://images4-f.ravelrycache.com/uploads/baerchen97/858148104/20220602_092308_medium.jpg', 'thumbnail_url': 'https://images4-f.ravelrycache.com/uploads/baerchen97/858148104/20220602_092308_thumbnail.jpg', 'small_url': 'https://images4-f.ravelrycache.com/uploads/baerchen97/858148104/20220602_092308_small_best_fit.jpg', 'flickr_url': None, 'shelved_url': 'https://images4-g.ravelrycache.com/uploads/baerchen97/858148104/20220602_092308_shelved.jpg', 'medium2_url': 'https://images4-a.ravelrycache.com/uploads/baerchen97/858148104/20220602_092308_medium2.jpg', 'small2_url': 'https://images4-f.ravelrycache.com/uploads/baerchen97/858148104/20220602_092308_small2.jpg', 'caption': None, 'caption_html': None, 'copyright_holder': None}, {'id': 114507021, 'sort_order': 14, 'user_id': 747645, 'x_offset': -35, 'y_offset': -5, 'square_url': 'https://images4-g.ravelrycache.com/uploads/Anja1973/856775333/A788589F-EFAB-482A-A692-4F2CF1377FCA_square.jpeg', 'medium_url': 'https://images4-g.ravelrycache.com/uploads/Anja1973/856775333/A788589F-EFAB-482A-A692-4F2CF1377FCA_medium.jpeg', 'thumbnail_url': 'https://images4-g.ravelrycache.com/uploads/Anja1973/856775333/A788589F-EFAB-482A-A692-4F2CF1377FCA_thumbnail.jpeg', 'small_url': 'https://images4-f.ravelrycache.com/uploads/Anja1973/856775333/A788589F-EFAB-482A-A692-4F2CF1377FCA_small.jpeg', 'flickr_url': None, 'shelved_url': 'https://images4-f.ravelrycache.com/uploads/Anja1973/856775333/A788589F-EFAB-482A-A692-4F2CF1377FCA_shelved.jpeg', 'medium2_url': 'https://images4-a.ravelrycache.com/uploads/Anja1973/856775333/A788589F-EFAB-482A-A692-4F2CF1377FCA_medium2.jpeg', 'small2_url': 'https://images4-g.ravelrycache.com/uploads/Anja1973/856775333/A788589F-EFAB-482A-A692-4F2CF1377FCA_small2.jpeg', 'caption': None, 'caption_html': None, 'copyright_holder': None}, {'id': 114507291, 'sort_order': 15, 'user_id': 3015068, 'x_offset': -35, 'y_offset': -5, 'square_url': 'https://images4-f.ravelrycache.com/uploads/Susanne63/850190944/1B3FD6E2-FC06-4522-8BAA-512D0862DC05_square.jpeg', 'medium_url': 'https://images4-f.ravelrycache.com/uploads/Susanne63/850190944/1B3FD6E2-FC06-4522-8BAA-512D0862DC05_medium.jpeg', 'thumbnail_url': 'https://images4-g.ravelrycache.com/uploads/Susanne63/850190944/1B3FD6E2-FC06-4522-8BAA-512D0862DC05_thumbnail.jpeg', 'small_url': 'https://images4-g.ravelrycache.com/uploads/Susanne63/850190944/1B3FD6E2-FC06-4522-8BAA-512D0862DC05_small.jpeg', 'flickr_url': None, 'shelved_url': 'https://images4-f.ravelrycache.com/uploads/Susanne63/850190944/1B3FD6E2-FC06-4522-8BAA-512D0862DC05_shelved.jpeg', 'medium2_url': 'https://images4-a.ravelrycache.com/uploads/Susanne63/850190944/1B3FD6E2-FC06-4522-8BAA-512D0862DC05_medium2.jpeg', 'small2_url': 'https://images4-f.ravelrycache.com/uploads/Susanne63/850190944/1B3FD6E2-FC06-4522-8BAA-512D0862DC05_small2.jpeg', 'caption': None, 'caption_html': None, 'copyright_holder': None}, {'id': 114509072, 'sort_order': 16, 'user_id': 605849, 'x_offset': -5, 'y_offset': -35, 'square_url': 'https://images4-g.ravelrycache.com/uploads/Nordseefan/848278222/20220404_115112_square.jpg', 'medium_url': 'https://images4-g.ravelrycache.com/uploads/Nordseefan/848278222/20220404_115112_medium.jpg', 'thumbnail_url': 'https://images4-f.ravelrycache.com/uploads/Nordseefan/848278222/20220404_115112_thumbnail.jpg', 'small_url': 'https://images4-g.ravelrycache.com/uploads/Nordseefan/848278222/20220404_115112_small.jpg', 'flickr_url': None, 'shelved_url': 'https://images4-g.ravelrycache.com/uploads/Nordseefan/848278222/20220404_115112_shelved.jpg', 'medium2_url': 'https://images4-a.ravelrycache.com/uploads/Nordseefan/848278222/20220404_115112_medium2.jpg', 'small2_url': 'https://images4-g.ravelrycache.com/uploads/Nordseefan/848278222/20220404_115112_small2.jpg', 'caption': None, 'caption_html': None, 'copyright_holder': None}, {'id': 114507008, 'sort_order': 17, 'user_id': 808287, 'x_offset': -35, 'y_offset': -5, 'square_url': 'https://images4-g.ravelrycache.com/uploads/eddi88/851169771/IMG_20220421_123651_square.jpg', 'medium_url': 'https://images4-g.ravelrycache.com/uploads/eddi88/851169771/IMG_20220421_123651_medium.jpg', 'thumbnail_url': 'https://images4-g.ravelrycache.com/uploads/eddi88/851169771/IMG_20220421_123651_thumbnail.jpg', 'small_url': 'https://images4-f.ravelrycache.com/uploads/eddi88/851169771/IMG_20220421_123651_small.jpg', 'flickr_url': None, 'shelved_url': 'https://images4-f.ravelrycache.com/uploads/eddi88/851169771/IMG_20220421_123651_shelved.jpg', 'medium2_url': 'https://images4-a.ravelrycache.com/uploads/eddi88/851169771/IMG_20220421_123651_medium2.jpg', 'small2_url': 'https://images4-g.ravelrycache.com/uploads/eddi88/851169771/IMG_20220421_123651_small2.jpg', 'caption': None, 'caption_html': None, 'copyright_holder': None}, {'id': 114507004, 'sort_order': 18, 'user_id': 808287, 'x_offset': -35, 'y_offset': -5, 'square_url': 'https://images4-g.ravelrycache.com/uploads/eddi88/857250962/IMG_20220528_092554_square.jpg', 'medium_url': 'https://images4-g.ravelrycache.com/uploads/eddi88/857250962/IMG_20220528_092554_medium.jpg', 'thumbnail_url': 'https://images4-g.ravelrycache.com/uploads/eddi88/857250962/IMG_20220528_092554_thumbnail.jpg', 'small_url': 'https://images4-g.ravelrycache.com/uploads/eddi88/857250962/IMG_20220528_092554_small.jpg', 'flickr_url': None, 'shelved_url': 'https://images4-g.ravelrycache.com/uploads/eddi88/857250962/IMG_20220528_092554_shelved.jpg', 'medium2_url': 'https://images4-a.ravelrycache.com/uploads/eddi88/857250962/IMG_20220528_092554_medium2.jpg', 'small2_url': 'https://images4-g.ravelrycache.com/uploads/eddi88/857250962/IMG_20220528_092554_small2.jpg', 'caption': None, 'caption_html': None, 'copyright_holder': None}, {'id': 114509066, 'sort_order': 19, 'user_id': 605849, 'x_offset': 0, 'y_offset': -15, 'square_url': 'https://images4-g.ravelrycache.com/uploads/Nordseefan/851198446/20220421_154133_square.jpg', 'medium_url': 'https://images4-g.ravelrycache.com/uploads/Nordseefan/851198446/20220421_154133_medium.jpg', 'thumbnail_url': 'https://images4-f.ravelrycache.com/uploads/Nordseefan/851198446/20220421_154133_thumbnail.jpg', 'small_url': 'https://images4-f.ravelrycache.com/uploads/Nordseefan/851198446/20220421_154133_small_best_fit.jpg', 'flickr_url': None, 'shelved_url': 'https://images4-f.ravelrycache.com/uploads/Nordseefan/851198446/20220421_154133_shelved.jpg', 'medium2_url': 'https://images4-a.ravelrycache.com/uploads/Nordseefan/851198446/20220421_154133_medium2.jpg', 'small2_url': 'https://images4-g.ravelrycache.com/uploads/Nordseefan/851198446/20220421_154133_small2.jpg', 'caption': None, 'caption_html': None, 'copyright_holder': None}, {'id': 114486833, 'sort_order': 20, 'user_id': 747645, 'x_offset': -35, 'y_offset': -5, 'square_url': 'https://images4-f.ravelrycache.com/uploads/Anja1973/868640058/DE8DB3FF-4E8C-48EB-85BC-F0278721C048_square.jpeg', 'medium_url': 'https://images4-f.ravelrycache.com/uploads/Anja1973/868640058/DE8DB3FF-4E8C-48EB-85BC-F0278721C048_medium.jpeg', 'thumbnail_url': 'https://images4-g.ravelrycache.com/uploads/Anja1973/868640058/DE8DB3FF-4E8C-48EB-85BC-F0278721C048_thumbnail.jpeg', 'small_url': 'https://images4-f.ravelrycache.com/uploads/Anja1973/868640058/DE8DB3FF-4E8C-48EB-85BC-F0278721C048_small.jpeg', 'flickr_url': None, 'shelved_url': 'https://images4-f.ravelrycache.com/uploads/Anja1973/868640058/DE8DB3FF-4E8C-48EB-85BC-F0278721C048_shelved.jpeg', 'medium2_url': 'https://images4-a.ravelrycache.com/uploads/Anja1973/868640058/DE8DB3FF-4E8C-48EB-85BC-F0278721C048_medium2.jpeg', 'small2_url': 'https://images4-f.ravelrycache.com/uploads/Anja1973/868640058/DE8DB3FF-4E8C-48EB-85BC-F0278721C048_small2.jpeg', 'caption': None, 'caption_html': None, 'copyright_holder': None}, {'id': 114509070, 'sort_order': 21, 'user_id': 605849, 'x_offset': 0, 'y_offset': -16, 'square_url': 'https://images4-g.ravelrycache.com/uploads/Nordseefan/851198279/20220421_153932_square.jpg', 'medium_url': 'https://images4-g.ravelrycache.com/uploads/Nordseefan/851198279/20220421_153932_medium.jpg', 'thumbnail_url': 'https://images4-f.ravelrycache.com/uploads/Nordseefan/851198279/20220421_153932_thumbnail.jpg', 'small_url': 'https://images4-f.ravelrycache.com/uploads/Nordseefan/851198279/20220421_153932_small_best_fit.jpg', 'flickr_url': None, 'shelved_url': 'https://images4-g.ravelrycache.com/uploads/Nordseefan/851198279/20220421_153932_shelved.jpg', 'medium2_url': 'https://images4-a.ravelrycache.com/uploads/Nordseefan/851198279/20220421_153932_medium2.jpg', 'small2_url': 'https://images4-g.ravelrycache.com/uploads/Nordseefan/851198279/20220421_153932_small2.jpg', 'caption': None, 'caption_html': None, 'copyright_holder': None}, {'id': 116045523, 'sort_order': 22, 'user_id': 747645, 'x_offset': -35, 'y_offset': -2, 'square_url': 'https://images4-g.ravelrycache.com/uploads/Anja1973/881139061/224A6231_square.jpg', 'medium_url': 'https://images4-f.ravelrycache.com/uploads/Anja1973/881139061/224A6231_medium.jpg', 'thumbnail_url': 'https://images4-g.ravelrycache.com/uploads/Anja1973/881139061/224A6231_thumbnail.jpg', 'small_url': 'https://images4-g.ravelrycache.com/uploads/Anja1973/881139061/224A6231_small.jpg', 'flickr_url': None, 'shelved_url': 'https://images4-f.ravelrycache.com/uploads/Anja1973/881139061/224A6231_shelved.jpg', 'medium2_url': 'https://images4-a.ravelrycache.com/uploads/Anja1973/881139061/224A6231_medium2.jpg', 'small2_url': 'https://images4-g.ravelrycache.com/uploads/Anja1973/881139061/224A6231_small2.jpg', 'caption': None, 'caption_html': None, 'copyright_holder': None}, {'id': 116045532, 'sort_order': 23, 'user_id': 747645, 'x_offset': -35, 'y_offset': -2, 'square_url': 'https://images4-g.ravelrycache.com/uploads/Anja1973/881139130/224A6254_square.jpg', 'medium_url': 'https://images4-f.ravelrycache.com/uploads/Anja1973/881139130/224A6254_medium.jpg', 'thumbnail_url': 'https://images4-f.ravelrycache.com/uploads/Anja1973/881139130/224A6254_thumbnail.jpg', 'small_url': 'https://images4-f.ravelrycache.com/uploads/Anja1973/881139130/224A6254_small.jpg', 'flickr_url': None, 'shelved_url': 'https://images4-g.ravelrycache.com/uploads/Anja1973/881139130/224A6254_shelved.jpg', 'medium2_url': 'https://images4-a.ravelrycache.com/uploads/Anja1973/881139130/224A6254_medium2.jpg', 'small2_url': 'https://images4-g.ravelrycache.com/uploads/Anja1973/881139130/224A6254_small2.jpg', 'caption': None, 'caption_html': None, 'copyright_holder': None}, {'id': 116046895, 'sort_order': 24, 'user_id': 747645, 'x_offset': 0, 'y_offset': -15, 'square_url': 'https://images4-f.ravelrycache.com/uploads/Anja1973/881149879/224A6261_1__square.jpg', 'medium_url': 'https://images4-g.ravelrycache.com/uploads/Anja1973/881149879/224A6261_1__medium.jpg', 'thumbnail_url': 'https://images4-f.ravelrycache.com/uploads/Anja1973/881149879/224A6261_1__thumbnail.jpg', 'small_url': 'https://images4-f.ravelrycache.com/uploads/Anja1973/881149879/224A6261_1__small_best_fit.jpg', 'flickr_url': None, 'shelved_url': 'https://images4-f.ravelrycache.com/uploads/Anja1973/881149879/224A6261_1__shelved.jpg', 'medium2_url': 'https://images4-a.ravelrycache.com/uploads/Anja1973/881149879/224A6261_1__medium2.jpg', 'small2_url': 'https://images4-f.ravelrycache.com/uploads/Anja1973/881149879/224A6261_1__small2.jpg', 'caption': None, 'caption_html': None, 'copyright_holder': None}]"
PT 8616 Kids Classic Guernsey,Bendigo Woollen Mills,1260566,https://www.ravelry.com/patterns/library/pt-8616-kids-classic-guernsey,False,https://images4-a.ravelrycache.com/uploads/bwmvirginia/868684590/IMG_5067l_medium2.JPG,Knitting,"['textured', 'seamed', 'bottom-up', 'worked-flat', 'toddler', 'child', 'guernsey', 'crew-neck', 'long-sleeve', 'drop-sleeve']",22.0,0.0,True,4.0,Stocking stitch using 4mm needles,child,DK,2,0.0,"To fit ages 2, 3, 4, 6, 8 or 10 years","[{'id': 114492293, 'sort_order': 1, 'user_id': 9515685, 'x_offset': -5, 'y_offset': -35, 'square_url': 'https://images4-g.ravelrycache.com/uploads/bwmvirginia/868684590/IMG_5067l_square.JPG', 'medium_url': 'https://images4-g.ravelrycache.com/uploads/bwmvirginia/868684590/IMG_5067l_medium.JPG', 'thumbnail_url': 'https://images4-f.ravelrycache.com/uploads/bwmvirginia/868684590/IMG_5067l_thumbnail.JPG', 'small_url': 'https://images4-f.ravelrycache.com/uploads/bwmvirginia/868684590/IMG_5067l_small.JPG', 'flickr_url': None, 'shelved_url': 'https://images4-g.ravelrycache.com/uploads/bwmvirginia/868684590/IMG_5067l_shelved.JPG', 'medium2_url': 'https://images4-a.ravelrycache.com/uploads/bwmvirginia/868684590/IMG_5067l_medium2.JPG', 'small2_url': 'https://images4-g.ravelrycache.com/uploads/bwmvirginia/868684590/IMG_5067l_small2.JPG', 'caption': None, 'caption_html': None, 'copyright_holder': 'Bendigo Woollen Mills'}]"
Pokharagenser,Linka Neumann,1260589,https://www.ravelry.com/patterns/library/pokharagenser,False,https://images4-a.ravelrycache.com/uploads/linkaneumann/868693749/Unknown-4_medium2.jpeg,Knitting,"['adult', 'stranded', 'one-piece', 'bottom-up', 'worked-flat', 'in-the-round', 'three-needle-bind']",14.0,4.666666666666667,True,4.0,10 cm=14 stitches ,pullover,Bulky,9,5.0,XS-XXXL,"[{'id': 114493510, 'sort_order': 1, 'user_id': 7174045, 'x_offset': 0, 'y_offset': -43, 'square_url': 'https://images4-f.ravelrycache.com/uploads/linkaneumann/868693749/Unknown-4_square.jpeg', 'medium_url': 'https://images4-f.ravelrycache.com/uploads/linkaneumann/868693749/Unknown-4_medium.jpeg', 'thumbnail_url': 'https://images4-f.ravelrycache.com/uploads/linkaneumann/868693749/Unknown-4_thumbnail.jpeg', 'small_url': 'https://images4-f.ravelrycache.com/uploads/linkaneumann/868693749/Unknown-4_small_best_fit.jpeg', 'flickr_url': None, 'shelved_url': 'https://images4-g.ravelrycache.com/uploads/linkaneumann/868693749/Unknown-4_shelved.jpeg', 'medium2_url': 'https://images4-a.ravelrycache.com/uploads/linkaneumann/868693749/Unknown-4_medium2.jpeg', 'small2_url': 'https://images4-f.ravelrycache.com/uploads/linkaneumann/868693749/Unknown-4_small2.jpeg', 'caption': None, 'caption_html': None, 'copyright_holder': None}, {'id': 114493511, 'sort_order': 2, 'user_id': 7174045, 'x_offset': -5, 'y_offset': -35, 'square_url': 'https://images4-f.ravelrycache.com/uploads/linkaneumann/868693779/Unknown-1_square.jpeg', 'medium_url': 'https://images4-f.ravelrycache.com/uploads/linkaneumann/868693779/Unknown-1_medium.jpeg', 'thumbnail_url': 'https://images4-g.ravelrycache.com/uploads/linkaneumann/868693779/Unknown-1_thumbnail.jpeg', 'small_url': 'https://images4-f.ravelrycache.com/uploads/linkaneumann/868693779/Unknown-1_small.jpeg', 'flickr_url': None, 'shelved_url': 'https://images4-f.ravelrycache.com/uploads/linkaneumann/868693779/Unknown-1_shelved.jpeg', 'medium2_url': 'https://images4-a.ravelrycache.com/uploads/linkaneumann/868693779/Unknown-1_medium2.jpeg', 'small2_url': 'https://images4-f.ravelrycache.com/uploads/linkaneumann/868693779/Unknown-1_small2.jpeg', 'caption': None, 'caption_html': None, 'copyright_holder': None}, {'id': 114493512, 'sort_order': 3, 'user_id': 7174045, 'x_offset': 0, 'y_offset': -43, 'square_url': 'https://images4-g.ravelrycache.com/uploads/linkaneumann/868693841/Unknown-6_square.jpeg', 'medium_url': 'https://images4-g.ravelrycache.com/uploads/linkaneumann/868693841/Unknown-6_medium.jpeg', 'thumbnail_url': 'https://images4-f.ravelrycache.com/uploads/linkaneumann/868693841/Unknown-6_thumbnail.jpeg', 'small_url': 'https://images4-f.ravelrycache.com/uploads/linkaneumann/868693841/Unknown-6_small_best_fit.jpeg', 'flickr_url': None, 'shelved_url': 'https://images4-f.ravelrycache.com/uploads/linkaneumann/868693841/Unknown-6_shelved.jpeg', 'medium2_url': 'https://images4-a.ravelrycache.com/uploads/linkaneumann/868693841/Unknown-6_medium2.jpeg', 'small2_url': 'https://images4-g.ravelrycache.com/uploads/linkaneumann/868693841/Unknown-6_small2.jpeg', 'caption': None, 'caption_html': None, 'copyright_holder': None}, {'id': 114493513, 'sort_order': 4, 'user_id': 7174045, 'x_offset': -5, 'y_offset': -35, 'square_url': 'https://images4-f.ravelrycache.com/uploads/linkaneumann/868693756/Unknown_square.jpeg', 'medium_url': 'https://images4-f.ravelrycache.com/uploads/linkaneumann/868693756/Unknown_medium.jpeg', 'thumbnail_url': 'https://images4-f.ravelrycache.com/uploads/linkaneumann/868693756/Unknown_thumbnail.jpeg', 'small_url': 'https://images4-f.ravelrycache.com/uploads/linkaneumann/868693756/Unknown_small.jpeg', 'flickr_url': None, 'shelved_url': 'https://images4-g.ravelrycache.com/uploads/linkaneumann/868693756/Unknown_shelved.jpeg', 'medium2_url': 'https://images4-a.ravelrycache.com/uploads/linkaneumann/868693756/Unknown_medium2.jpeg', 'small2_url': 'https://images4-f.ravelrycache.com/uploads/linkaneumann/868693756/Unknown_small2.jpeg', 'caption': None, 'caption_html': None, 'copyright_holder': None}, {'id': 114493514, 'sort_order': 5, 'user_id': 7174045, 'x_offset': -43, 'y_offset': 0, 'square_url': 'https://images4-g.ravelrycache.com/uploads/linkaneumann/868693766/Unknown-2_square.jpeg', 'medium_url': 'https://images4-g.ravelrycache.com/uploads/linkaneumann/868693766/Unknown-2_medium.jpeg', 'thumbnail_url': 'https://images4-f.ravelrycache.com/uploads/linkaneumann/868693766/Unknown-2_thumbnail.jpeg', 'small_url': 'https://images4-g.ravelrycache.com/uploads/linkaneumann/868693766/Unknown-2_small_best_fit.jpeg', 'flickr_url': None, 'shelved_url': 'https://images4-f.ravelrycache.com/uploads/linkaneumann/868693766/Unknown-2_shelved.jpeg', 'medium2_url': 'https://images4-a.ravelrycache.com/uploads/linkaneumann/868693766/Unknown-2_medium2.jpeg', 'small2_url': 'https://images4-g.ravelrycache.com/uploads/linkaneumann/868693766/Unknown-2_small2.jpeg', 'caption': None, 'caption_html': None, 'copyright_holder': None}]"
Daisy,Debi Maige,1260609,https://www.ravelry.com/patterns/library/daisy-75,False,https://images4-a.ravelrycache.com/uploads/ExpressionFiber/867969464/unnamed-18_medium2.jpg,Knitting,"['textured', 'short-sleeve', 'short-rows', 'positive-ease', 'chart', 'written-pattern', 'in-the-round', 'lace-edging', 'provisional', 'schematic']",22.0,5.333333333333333,True,4.0,Daisy pattern in the round,pullover,Fingering,30,4.5,XS-5XL,"[{'id': 114495091, 'sort_order': 1, 'user_id': 1570279, 'x_offset': 0, 'y_offset': -58, 'square_url': 'https://images4-f.ravelrycache.com/uploads/ExpressionFiber/867969464/unnamed-18_square.jpg', 'medium_url': 'https://images4-f.ravelrycache.com/uploads/ExpressionFiber/867969464/unnamed-18_medium.jpg', 'thumbnail_url': 'https://images4-f.ravelrycache.com/uploads/ExpressionFiber/867969464/unnamed-18_thumbnail.jpg', 'small_url': 'https://images4-g.ravelrycache.com/uploads/ExpressionFiber/867969464/unnamed-18_small_best_fit.jpg', 'flickr_url': None, 'shelved_url': 'https://images4-f.ravelrycache.com/uploads/ExpressionFiber/867969464/unnamed-18_shelved.jpg', 'medium2_url': 'https://images4-a.ravelrycache.com/uploads/ExpressionFiber/867969464/unnamed-18_medium2.jpg', 'small2_url': 'https://images4-f.ravelrycache.com/uploads/ExpressionFiber/867969464/unnamed-18_small2.jpg', 'caption': None, 'caption_html': None, 'copyright_holder': 'Expression Fiber Arts'}, {'id': 114495092, 'sort_order': 2, 'user_id': 1570279, 'x_offset': -43, 'y_offset': 0, 'square_url': 'https://images4-f.ravelrycache.com/uploads/ExpressionFiber/867969459/unnamed-8_square.jpg', 'medium_url': 'https://images4-f.ravelrycache.com/uploads/ExpressionFiber/867969459/unnamed-8_medium.jpg', 'thumbnail_url': 'https://images4-g.ravelrycache.com/uploads/ExpressionFiber/867969459/unnamed-8_thumbnail.jpg', 'small_url': 'https://images4-g.ravelrycache.com/uploads/ExpressionFiber/867969459/unnamed-8_small_best_fit.jpg', 'flickr_url': None, 'shelved_url': 'https://images4-f.ravelrycache.com/uploads/ExpressionFiber/867969459/unnamed-8_shelved.jpg', 'medium2_url': 'https://images4-a.ravelrycache.com/uploads/ExpressionFiber/867969459/unnamed-8_medium2.jpg', 'small2_url': 'https://images4-f.ravelrycache.com/uploads/ExpressionFiber/867969459/unnamed-8_small2.jpg', 'caption': None, 'caption_html': None, 'copyright_holder': 'Expression Fiber Arts'}, {'id': 114495093, 'sort_order': 3, 'user_id': 1570279, 'x_offset': 0, 'y_offset': -43, 'square_url': 'https://images4-f.ravelrycache.com/uploads/ExpressionFiber/867969473/unnamed-21_square.jpg', 'medium_url': 'https://images4-f.ravelrycache.com/uploads/ExpressionFiber/867969473/unnamed-21_medium.jpg', 'thumbnail_url': 'https://images4-g.ravelrycache.com/uploads/ExpressionFiber/867969473/unnamed-21_thumbnail.jpg', 'small_url': 'https://images4-g.ravelrycache.com/uploads/ExpressionFiber/867969473/unnamed-21_small_best_fit.jpg', 'flickr_url': None, 'shelved_url': 'https://images4-g.ravelrycache.com/uploads/ExpressionFiber/867969473/unnamed-21_shelved.jpg', 'medium2_url': 'https://images4-a.ravelrycache.com/uploads/ExpressionFiber/867969473/unnamed-21_medium2.jpg', 'small2_url': 'https://images4-f.ravelrycache.com/uploads/ExpressionFiber/867969473/unnamed-21_small2.jpg', 'caption': None, 'caption_html': None, 'copyright_holder': 'Expression Fiber Arts'}, {'id': 114495094, 'sort_order': 4, 'user_id': 1570279, 'x_offset': -43, 'y_offset': 0, 'square_url': 'https://images4-g.ravelrycache.com/uploads/ExpressionFiber/867969470/unnamed-9_square.jpg', 'medium_url': 'https://images4-g.ravelrycache.com/uploads/ExpressionFiber/867969470/unnamed-9_medium.jpg', 'thumbnail_url': 'https://images4-f.ravelrycache.com/uploads/ExpressionFiber/867969470/unnamed-9_thumbnail.jpg', 'small_url': 'https://images4-g.ravelrycache.com/uploads/ExpressionFiber/867969470/unnamed-9_small_best_fit.jpg', 'flickr_url': None, 'shelved_url': 'https://images4-f.ravelrycache.com/uploads/ExpressionFiber/867969470/unnamed-9_shelved.jpg', 'medium2_url': 'https://images4-a.ravelrycache.com/uploads/ExpressionFiber/867969470/unnamed-9_medium2.jpg', 'small2_url': 'https://images4-g.ravelrycache.com/uploads/ExpressionFiber/867969470/unnamed-9_small2.jpg', 'caption': None, 'caption_html': None, 'copyright_holder': 'Expression Fiber Arts'}, {'id': 114495095, 'sort_order': 5, 'user_id': 1570279, 'x_offset': -3, 'y_offset': -18, 'square_url': 'https://images4-f.ravelrycache.com/uploads/ExpressionFiber/867969467/unnamed-20_square.jpg', 'medium_url': 'https://images4-f.ravelrycache.com/uploads/ExpressionFiber/867969467/unnamed-20_medium.jpg', 'thumbnail_url': 'https://images4-g.ravelrycache.com/uploads/ExpressionFiber/867969467/unnamed-20_thumbnail.jpg', 'small_url': 'https://images4-f.ravelrycache.com/uploads/ExpressionFiber/867969467/unnamed-20_small_best_fit.jpg', 'flickr_url': None, 'shelved_url': 'https://images4-g.ravelrycache.com/uploads/ExpressionFiber/867969467/unnamed-20_shelved.jpg', 'medium2_url': 'https://images4-a.ravelrycache.com/uploads/ExpressionFiber/867969467/unnamed-20_medium2.jpg', 'small2_url': 'https://images4-f.ravelrycache.com/uploads/ExpressionFiber/867969467/unnamed-20_small2.jpg', 'caption': None, 'caption_html': None, 'copyright_holder': 'Expression Fiber Arts'}, {'id': 114495096, 'sort_order': 6, 'user_id': 1570279, 'x_offset': -43, 'y_offset': 0, 'square_url': 'https://images4-f.ravelrycache.com/uploads/ExpressionFiber/867969468/unnamed-19_square.jpg', 'medium_url': 'https://images4-f.ravelrycache.com/uploads/ExpressionFiber/867969468/unnamed-19_medium.jpg', 'thumbnail_url': 'https://images4-g.ravelrycache.com/uploads/ExpressionFiber/867969468/unnamed-19_thumbnail.jpg', 'small_url': 'https://images4-g.ravelrycache.com/uploads/ExpressionFiber/867969468/unnamed-19_small_best_fit.jpg', 'flickr_url': None, 'shelved_url': 'https://images4-f.ravelrycache.com/uploads/ExpressionFiber/867969468/unnamed-19_shelved.jpg', 'medium2_url': 'https://images4-a.ravelrycache.com/uploads/ExpressionFiber/867969468/unnamed-19_medium2.jpg', 'small2_url': 'https://images4-f.ravelrycache.com/uploads/ExpressionFiber/867969468/unnamed-19_small2.jpg', 'caption': None, 'caption_html': None, 'copyright_holder': 'Expression Fiber Arts'}, {'id': 114495097, 'sort_order': 7, 'user_id': 1570279, 'x_offset': 0, 'y_offset': -43, 'square_url': 'https://images4-f.ravelrycache.com/uploads/ExpressionFiber/867969462/unnamed-17_square.jpg', 'medium_url': 'https://images4-f.ravelrycache.com/uploads/ExpressionFiber/867969462/unnamed-17_medium.jpg', 'thumbnail_url': 'https://images4-f.ravelrycache.com/uploads/ExpressionFiber/867969462/unnamed-17_thumbnail.jpg', 'small_url': 'https://images4-g.ravelrycache.com/uploads/ExpressionFiber/867969462/unnamed-17_small_best_fit.jpg', 'flickr_url': None, 'shelved_url': 'https://images4-g.ravelrycache.com/uploads/ExpressionFiber/867969462/unnamed-17_shelved.jpg', 'medium2_url': 'https://images4-a.ravelrycache.com/uploads/ExpressionFiber/867969462/unnamed-17_medium2.jpg', 'small2_url': 'https://images4-f.ravelrycache.com/uploads/ExpressionFiber/867969462/unnamed-17_small2.jpg', 'caption': None, 'caption_html': None, 'copyright_holder': 'Expression Fiber Arts'}, {'id': 114495098, 'sort_order': 8, 'user_id': 1570279, 'x_offset': -43, 'y_offset': 0, 'square_url': 'https://images4-f.ravelrycache.com/uploads/ExpressionFiber/867969471/unnamed-15_square.jpg', 'medium_url': 'https://images4-f.ravelrycache.com/uploads/ExpressionFiber/867969471/unnamed-15_medium.jpg', 'thumbnail_url': 'https://images4-f.ravelrycache.com/uploads/ExpressionFiber/867969471/unnamed-15_thumbnail.jpg', 'small_url': 'https://images4-g.ravelrycache.com/uploads/ExpressionFiber/867969471/unnamed-15_small_best_fit.jpg', 'flickr_url': None, 'shelved_url': 'https://images4-f.ravelrycache.com/uploads/ExpressionFiber/867969471/unnamed-15_shelved.jpg', 'medium2_url': 'https://images4-a.ravelrycache.com/uploads/ExpressionFiber/867969471/unnamed-15_medium2.jpg', 'small2_url': 'https://images4-f.ravelrycache.com/uploads/ExpressionFiber/867969471/unnamed-15_small2.jpg', 'caption': None, 'caption_html': None, 'copyright_holder': 'Expression Fiber Arts'}, {'id': 114495099, 'sort_order': 9, 'user_id': 1570279, 'x_offset': -43, 'y_offset': 0, 'square_url': 'https://images4-g.ravelrycache.com/uploads/ExpressionFiber/867969457/unnamed-12_square.jpg', 'medium_url': 'https://images4-g.ravelrycache.com/uploads/ExpressionFiber/867969457/unnamed-12_medium.jpg', 'thumbnail_url': 'https://images4-g.ravelrycache.com/uploads/ExpressionFiber/867969457/unnamed-12_thumbnail.jpg', 'small_url': 'https://images4-g.ravelrycache.com/uploads/ExpressionFiber/867969457/unnamed-12_small_best_fit.jpg', 'flickr_url': None, 'shelved_url': 'https://images4-g.ravelrycache.com/uploads/ExpressionFiber/867969457/unnamed-12_shelved.jpg', 'medium2_url': 'https://images4-a.ravelrycache.com/uploads/ExpressionFiber/867969457/unnamed-12_medium2.jpg', 'small2_url': 'https://images4-g.ravelrycache.com/uploads/ExpressionFiber/867969457/unnamed-12_small2.jpg', 'caption': None, 'caption_html': None, 'copyright_holder': 'Expression Fiber Arts'}, {'id': 114495100, 'sort_order': 10, 'user_id': 1570279, 'x_offset': -43, 'y_offset': 0, 'square_url': 'https://images4-f.ravelrycache.com/uploads/ExpressionFiber/867969469/unnamed-16_square.jpg', 'medium_url': 'https://images4-f.ravelrycache.com/uploads/ExpressionFiber/867969469/unnamed-16_medium.jpg', 'thumbnail_url': 'https://images4-f.ravelrycache.com/uploads/ExpressionFiber/867969469/unnamed-16_thumbnail.jpg', 'small_url': 'https://images4-f.ravelrycache.com/uploads/ExpressionFiber/867969469/unnamed-16_small_best_fit.jpg', 'flickr_url': None, 'shelved_url': 'https://images4-g.ravelrycache.com/uploads/ExpressionFiber/867969469/unnamed-16_shelved.jpg', 'medium2_url': 'https://images4-a.ravelrycache.com/uploads/ExpressionFiber/867969469/unnamed-16_medium2.jpg', 'small2_url': 'https://images4-f.ravelrycache.com/uploads/ExpressionFiber/867969469/unnamed-16_small2.jpg', 'caption': None, 'caption_html': None, 'copyright_holder': 'Expression Fiber Arts'}, {'id': 114495101, 'sort_order': 11, 'user_id': 1570279, 'x_offset': 0, 'y_offset': -43, 'square_url': 'https://images4-g.ravelrycache.com/uploads/ExpressionFiber/867969466/unnamed-4_square.jpg', 'medium_url': 'https://images4-g.ravelrycache.com/uploads/ExpressionFiber/867969466/unnamed-4_medium.jpg', 'thumbnail_url': 'https://images4-g.ravelrycache.com/uploads/ExpressionFiber/867969466/unnamed-4_thumbnail.jpg', 'small_url': 'https://images4-g.ravelrycache.com/uploads/ExpressionFiber/867969466/unnamed-4_small_best_fit.jpg', 'flickr_url': None, 'shelved_url': 'https://images4-f.ravelrycache.com/uploads/ExpressionFiber/867969466/unnamed-4_shelved.jpg', 'medium2_url': 'https://images4-a.ravelrycache.com/uploads/ExpressionFiber/867969466/unnamed-4_medium2.jpg', 'small2_url': 'https://images4-g.ravelrycache.com/uploads/ExpressionFiber/867969466/unnamed-4_small2.jpg', 'caption': None, 'caption_html': None, 'copyright_holder': 'Expression Fiber Arts'}, {'id': 114495102, 'sort_order': 12, 'user_id': 1570279, 'x_offset': -43, 'y_offset': 0, 'square_url': 'https://images4-f.ravelrycache.com/uploads/ExpressionFiber/867969472/unnamed-14_square.jpg', 'medium_url': 'https://images4-f.ravelrycache.com/uploads/ExpressionFiber/867969472/unnamed-14_medium.jpg', 'thumbnail_url': 'https://images4-f.ravelrycache.com/uploads/ExpressionFiber/867969472/unnamed-14_thumbnail.jpg', 'small_url': 'https://images4-g.ravelrycache.com/uploads/ExpressionFiber/867969472/unnamed-14_small_best_fit.jpg', 'flickr_url': None, 'shelved_url': 'https://images4-g.ravelrycache.com/uploads/ExpressionFiber/867969472/unnamed-14_shelved.jpg', 'medium2_url': 'https://images4-a.ravelrycache.com/uploads/ExpressionFiber/867969472/unnamed-14_medium2.jpg', 'small2_url': 'https://images4-f.ravelrycache.com/uploads/ExpressionFiber/867969472/unnamed-14_small2.jpg', 'caption': None, 'caption_html': None, 'copyright_holder': 'Expression Fiber Arts'}, {'id': 114495103, 'sort_order': 13, 'user_id': 1570279, 'x_offset': 0, 'y_offset': -43, 'square_url': 'https://images4-g.ravelrycache.com/uploads/ExpressionFiber/867969465/unnamed-7_square.jpg', 'medium_url': 'https://images4-g.ravelrycache.com/uploads/ExpressionFiber/867969465/unnamed-7_medium.jpg', 'thumbnail_url': 'https://images4-f.ravelrycache.com/uploads/ExpressionFiber/867969465/unnamed-7_thumbnail.jpg', 'small_url': 'https://images4-f.ravelrycache.com/uploads/ExpressionFiber/867969465/unnamed-7_small_best_fit.jpg', 'flickr_url': None, 'shelved_url': 'https://images4-f.ravelrycache.com/uploads/ExpressionFiber/867969465/unnamed-7_shelved.jpg', 'medium2_url': 'https://images4-a.ravelrycache.com/uploads/ExpressionFiber/867969465/unnamed-7_medium2.jpg', 'small2_url': 'https://images4-g.ravelrycache.com/uploads/ExpressionFiber/867969465/unnamed-7_small2.jpg', 'caption': None, 'caption_html': None, 'copyright_holder': 'Expression Fiber Arts'}, {'id': 114495104, 'sort_order': 14, 'user_id': 1570279, 'x_offset': -2, 'y_offset': -10, 'square_url': 'https://images4-f.ravelrycache.com/uploads/ExpressionFiber/867969461/unnamed-13_square.jpg', 'medium_url': 'https://images4-f.ravelrycache.com/uploads/ExpressionFiber/867969461/unnamed-13_medium.jpg', 'thumbnail_url': 'https://images4-f.ravelrycache.com/uploads/ExpressionFiber/867969461/unnamed-13_thumbnail.jpg', 'small_url': 'https://images4-f.ravelrycache.com/uploads/ExpressionFiber/867969461/unnamed-13_small_best_fit.jpg', 'flickr_url': None, 'shelved_url': 'https://images4-f.ravelrycache.com/uploads/ExpressionFiber/867969461/unnamed-13_shelved.jpg', 'medium2_url': 'https://images4-a.ravelrycache.com/uploads/ExpressionFiber/867969461/unnamed-13_medium2.jpg', 'small2_url': 'https://images4-f.ravelrycache.com/uploads/ExpressionFiber/867969461/unnamed-13_small2.jpg', 'caption': None, 'caption_html': None, 'copyright_holder': 'Expression Fiber Arts'}, {'id': 114495105, 'sort_order': 15, 'user_id': 1570279, 'x_offset': -43, 'y_offset': 0, 'square_url': 'https://images4-g.ravelrycache.com/uploads/ExpressionFiber/867969456/unnamed-6_square.jpg', 'medium_url': 'https://images4-g.ravelrycache.com/uploads/ExpressionFiber/867969456/unnamed-6_medium.jpg', 'thumbnail_url': 'https://images4-f.ravelrycache.com/uploads/ExpressionFiber/867969456/unnamed-6_thumbnail.jpg', 'small_url': 'https://images4-g.ravelrycache.com/uploads/ExpressionFiber/867969456/unnamed-6_small_best_fit.jpg', 'flickr_url': None, 'shelved_url': 'https://images4-f.ravelrycache.com/uploads/ExpressionFiber/867969456/unnamed-6_shelved.jpg', 'medium2_url': 'https://images4-a.ravelrycache.com/uploads/ExpressionFiber/867969456/unnamed-6_medium2.jpg', 'small2_url': 'https://images4-g.ravelrycache.com/uploads/ExpressionFiber/867969456/unnamed-6_small2.jpg', 'caption': None, 'caption_html': None, 'copyright_holder': 'Expression Fiber Arts'}, {'id': 114495106, 'sort_order': 16, 'user_id': 1570279, 'x_offset': 0, 'y_offset': -43, 'square_url': 'https://images4-g.ravelrycache.com/uploads/ExpressionFiber/867969460/unnamed-11_square.jpg', 'medium_url': 'https://images4-g.ravelrycache.com/uploads/ExpressionFiber/867969460/unnamed-11_medium.jpg', 'thumbnail_url': 'https://images4-g.ravelrycache.com/uploads/ExpressionFiber/867969460/unnamed-11_thumbnail.jpg', 'small_url': 'https://images4-f.ravelrycache.com/uploads/ExpressionFiber/867969460/unnamed-11_small_best_fit.jpg', 'flickr_url': None, 'shelved_url': 'https://images4-f.ravelrycache.com/uploads/ExpressionFiber/867969460/unnamed-11_shelved.jpg', 'medium2_url': 'https://images4-a.ravelrycache.com/uploads/ExpressionFiber/867969460/unnamed-11_medium2.jpg', 'small2_url': 'https://images4-g.ravelrycache.com/uploads/ExpressionFiber/867969460/unnamed-11_small2.jpg', 'caption': None, 'caption_html': None, 'copyright_holder': 'Expression Fiber Arts'}, {'id': 114495107, 'sort_order': 17, 'user_id': 1570279, 'x_offset': 0, 'y_offset': -43, 'square_url': 'https://images4-f.ravelrycache.com/uploads/ExpressionFiber/867969458/unnamed-5_square.jpg', 'medium_url': 'https://images4-f.ravelrycache.com/uploads/ExpressionFiber/867969458/unnamed-5_medium.jpg', 'thumbnail_url': 'https://images4-f.ravelrycache.com/uploads/ExpressionFiber/867969458/unnamed-5_thumbnail.jpg', 'small_url': 'https://images4-f.ravelrycache.com/uploads/ExpressionFiber/867969458/unnamed-5_small_best_fit.jpg', 'flickr_url': None, 'shelved_url': 'https://images4-g.ravelrycache.com/uploads/ExpressionFiber/867969458/unnamed-5_shelved.jpg', 'medium2_url': 'https://images4-a.ravelrycache.com/uploads/ExpressionFiber/867969458/unnamed-5_medium2.jpg', 'small2_url': 'https://images4-f.ravelrycache.com/uploads/ExpressionFiber/867969458/unnamed-5_small2.jpg', 'caption': None, 'caption_html': None, 'copyright_holder': 'Expression Fiber Arts'}, {'id': 114495108, 'sort_order': 18, 'user_id': 1570279, 'x_offset': 0, 'y_offset': -43, 'square_url': 'https://images4-g.ravelrycache.com/uploads/ExpressionFiber/867969463/unnamed-10_square.jpg', 'medium_url': 'https://images4-g.ravelrycache.com/uploads/ExpressionFiber/867969463/unnamed-10_medium.jpg', 'thumbnail_url': 'https://images4-g.ravelrycache.com/uploads/ExpressionFiber/867969463/unnamed-10_thumbnail.jpg', 'small_url': 'https://images4-f.ravelrycache.com/uploads/ExpressionFiber/867969463/unnamed-10_small_best_fit.jpg', 'flickr_url': None, 'shelved_url': 'https://images4-g.ravelrycache.com/uploads/ExpressionFiber/867969463/unnamed-10_shelved.jpg', 'medium2_url': 'https://images4-a.ravelrycache.com/uploads/ExpressionFiber/867969463/unnamed-10_medium2.jpg', 'small2_url': 'https://images4-g.ravelrycache.com/uploads/ExpressionFiber/867969463/unnamed-10_small2.jpg', 'caption': None, 'caption_html': None, 'copyright_holder': 'Expression Fiber Arts'}]"
Mia Sweater Mini,Cheryl Mokhtari,1260712,https://www.ravelry.com/patterns/library/mia-sweater-mini,False,https://images4-a.ravelrycache.com/uploads/cocoamourknitwear/868764518/IMG_2543_medium2.jpg,Knitting,"['unisex', 'toddler', 'child', 'oversized', 'short-rows', 'top-down', 'positive-ease', 'written-pattern', 'in-the-round', 'male', 'female']",21.0,0.0,True,4.0,stockinet,child,Fingering,14,4.666666666666667, 1-2 (2-3) 3-4 (4-5) 5-6 (6-7) 7-8 (8-9) years,"[{'id': 114502478, 'sort_order': 1, 'user_id': 10930909, 'x_offset': -10, 'y_offset': -1, 'square_url': 'https://images4-f.ravelrycache.com/uploads/cocoamourknitwear/868764518/IMG_2543_square.jpg', 'medium_url': 'https://images4-f.ravelrycache.com/uploads/cocoamourknitwear/868764518/IMG_2543_medium.jpg', 'thumbnail_url': 'https://images4-g.ravelrycache.com/uploads/cocoamourknitwear/868764518/IMG_2543_thumbnail.jpg', 'small_url': 'https://images4-g.ravelrycache.com/uploads/cocoamourknitwear/868764518/IMG_2543_small_best_fit.jpg', 'flickr_url': None, 'shelved_url': 'https://images4-f.ravelrycache.com/uploads/cocoamourknitwear/868764518/IMG_2543_shelved.jpg', 'medium2_url': 'https://images4-a.ravelrycache.com/uploads/cocoamourknitwear/868764518/IMG_2543_medium2.jpg', 'small2_url': 'https://images4-f.ravelrycache.com/uploads/cocoamourknitwear/868764518/IMG_2543_small2.jpg', 'caption': None, 'caption_html': None, 'copyright_holder': None}, {'id': 114502479, 'sort_order': 2, 'user_id': 10930909, 'x_offset': -12, 'y_offset': 0, 'square_url': 'https://images4-f.ravelrycache.com/uploads/cocoamourknitwear/868764523/IMG_2578_square.jpg', 'medium_url': 'https://images4-f.ravelrycache.com/uploads/cocoamourknitwear/868764523/IMG_2578_medium.jpg', 'thumbnail_url': 'https://images4-f.ravelrycache.com/uploads/cocoamourknitwear/868764523/IMG_2578_thumbnail.jpg', 'small_url': 'https://images4-f.ravelrycache.com/uploads/cocoamourknitwear/868764523/IMG_2578_small_best_fit.jpg', 'flickr_url': None, 'shelved_url': 'https://images4-g.ravelrycache.com/uploads/cocoamourknitwear/868764523/IMG_2578_shelved.jpg', 'medium2_url': 'https://images4-a.ravelrycache.com/uploads/cocoamourknitwear/868764523/IMG_2578_medium2.jpg', 'small2_url': 'https://images4-f.ravelrycache.com/uploads/cocoamourknitwear/868764523/IMG_2578_small2.jpg', 'caption': None, 'caption_html': None, 'copyright_holder': None}, {'id': 114502480, 'sort_order': 3, 'user_id': 10930909, 'x_offset': 0, 'y_offset': -5, 'square_url': 'https://images4-f.ravelrycache.com/uploads/cocoamourknitwear/868764513/IMG_2530_square.jpg', 'medium_url': 'https://images4-f.ravelrycache.com/uploads/cocoamourknitwear/868764513/IMG_2530_medium.jpg', 'thumbnail_url': 'https://images4-f.ravelrycache.com/uploads/cocoamourknitwear/868764513/IMG_2530_thumbnail.jpg', 'small_url': 'https://images4-f.ravelrycache.com/uploads/cocoamourknitwear/868764513/IMG_2530_small_best_fit.jpg', 'flickr_url': None, 'shelved_url': 'https://images4-g.ravelrycache.com/uploads/cocoamourknitwear/868764513/IMG_2530_shelved.jpg', 'medium2_url': 'https://images4-a.ravelrycache.com/uploads/cocoamourknitwear/868764513/IMG_2530_medium2.jpg', 'small2_url': 'https://images4-f.ravelrycache.com/uploads/cocoamourknitwear/868764513/IMG_2530_small2.jpg', 'caption': None, 'caption_html': None, 'copyright_holder': None}, {'id': 114502481, 'sort_order': 4, 'user_id': 10930909, 'x_offset': 0, 'y_offset': 0, 'square_url': 'https://images4-f.ravelrycache.com/uploads/cocoamourknitwear/868764520/IMG_2544_square.jpg', 'medium_url': 'https://images4-f.ravelrycache.com/uploads/cocoamourknitwear/868764520/IMG_2544_medium.jpg', 'thumbnail_url': 'https://images4-g.ravelrycache.com/uploads/cocoamourknitwear/868764520/IMG_2544_thumbnail.jpg', 'small_url': 'https://images4-g.ravelrycache.com/uploads/cocoamourknitwear/868764520/IMG_2544_small_best_fit.jpg', 'flickr_url': None, 'shelved_url': 'https://images4-g.ravelrycache.com/uploads/cocoamourknitwear/868764520/IMG_2544_shelved.jpg', 'medium2_url': 'https://images4-a.ravelrycache.com/uploads/cocoamourknitwear/868764520/IMG_2544_medium2.jpg', 'small2_url': 'https://images4-f.ravelrycache.com/uploads/cocoamourknitwear/868764520/IMG_2544_small2.jpg', 'caption': None, 'caption_html': None, 'copyright_holder': None}]"
Casper  child sweater,Anne B Hanssen,1260951,https://www.ravelry.com/patterns/library/casper-child-sweater,False,https://images4-a.ravelrycache.com/uploads/asmaloy/876845049/IMG_3356__1__medium2.jpg,Knitting,"['baby', 'toddler', 'child', 'cables', 'textured', 'crew-neck', 'long-sleeve', 'buttoned', 'straight', 'buttonholes', 'kitchener', 'seamless', 'bottom-up', 'in-the-round']",26.0,4.0,True,4.0,Garter and also the stitch-patterns,child,DK,14,4.333333333333333,"6 sizes available, from 0 months to 10 years.  Please read more below.","[{'id': 115508769, 'sort_order': 1, 'user_id': 1158678, 'x_offset': -5, 'y_offset': -35, 'square_url': 'https://images4-g.ravelrycache.com/uploads/asmaloy/876845049/IMG_3356__1__square.jpg', 'medium_url': 'https://images4-f.ravelrycache.com/uploads/asmaloy/876845049/IMG_3356__1__medium.jpg', 'thumbnail_url': 'https://images4-g.ravelrycache.com/uploads/asmaloy/876845049/IMG_3356__1__thumbnail.jpg', 'small_url': 'https://images4-g.ravelrycache.com/uploads/asmaloy/876845049/IMG_3356__1__small.jpg', 'flickr_url': None, 'shelved_url': 'https://images4-g.ravelrycache.com/uploads/asmaloy/876845049/IMG_3356__1__shelved.jpg', 'medium2_url': 'https://images4-a.ravelrycache.com/uploads/asmaloy/876845049/IMG_3356__1__medium2.jpg', 'small2_url': 'https://images4-g.ravelrycache.com/uploads/asmaloy/876845049/IMG_3356__1__small2.jpg', 'caption': None, 'caption_html': None, 'copyright_holder': None}, {'id': 118267717, 'sort_order': 2, 'user_id': 423153, 'x_offset': -35, 'y_offset': -5, 'square_url': 'https://images4-g.ravelrycache.com/uploads/HettydB/899047516/IMG-20221229-WA0000_square.jpg', 'medium_url': 'https://images4-f.ravelrycache.com/uploads/HettydB/899047516/IMG-20221229-WA0000_medium.jpg', 'thumbnail_url': 'https://images4-g.ravelrycache.com/uploads/HettydB/899047516/IMG-20221229-WA0000_thumbnail.jpg', 'small_url': 'https://images4-f.ravelrycache.com/uploads/HettydB/899047516/IMG-20221229-WA0000_small.jpg', 'flickr_url': None, 'shelved_url': 'https://images4-g.ravelrycache.com/uploads/HettydB/899047516/IMG-20221229-WA0000_shelved.jpg', 'medium2_url': 'https://images4-a.ravelrycache.com/uploads/HettydB/899047516/IMG-20221229-WA0000_medium2.jpg', 'small2_url': 'https://images4-g.ravelrycache.com/uploads/HettydB/899047516/IMG-20221229-WA0000_small2.jpg', 'caption': None, 'caption_html': None, 'copyright_holder': None}, {'id': 114535513, 'sort_order': 3, 'user_id': 1158678, 'x_offset': -5, 'y_offset': -35, 'square_url': 'https://images4-g.ravelrycache.com/uploads/asmaloy/869032830/IMG_3350_square.jpg', 'medium_url': 'https://images4-g.ravelrycache.com/uploads/asmaloy/869032830/IMG_3350_medium.jpg', 'thumbnail_url': 'https://images4-g.ravelrycache.com/uploads/asmaloy/869032830/IMG_3350_thumbnail.jpg', 'small_url': 'https://images4-g.ravelrycache.com/uploads/asmaloy/869032830/IMG_3350_small.jpg', 'flickr_url': None, 'shelved_url': 'https://images4-f.ravelrycache.com/uploads/asmaloy/869032830/IMG_3350_shelved.jpg', 'medium2_url': 'https://images4-a.ravelrycache.com/uploads/asmaloy/869032830/IMG_3350_medium2.jpg', 'small2_url': 'https://images4-g.ravelrycache.com/uploads/asmaloy/869032830/IMG_3350_small2.jpg', 'caption': None, 'caption_html': None, 'copyright_holder': None}, {'id': 114535517, 'sort_order': 4, 'user_id': 1158678, 'x_offset': -5, 'y_offset': -35, 'square_url': 'https://images4-f.ravelrycache.com/uploads/asmaloy/869032355/IMG_3397__1__square.jpg', 'medium_url': 'https://images4-f.ravelrycache.com/uploads/asmaloy/869032355/IMG_3397__1__medium.jpg', 'thumbnail_url': 'https://images4-g.ravelrycache.com/uploads/asmaloy/869032355/IMG_3397__1__thumbnail.jpg', 'small_url': 'https://images4-f.ravelrycache.com/uploads/asmaloy/869032355/IMG_3397__1__small.jpg', 'flickr_url': None, 'shelved_url': 'https://images4-f.ravelrycache.com/uploads/asmaloy/869032355/IMG_3397__1__shelved.jpg', 'medium2_url': 'https://images4-a.ravelrycache.com/uploads/asmaloy/869032355/IMG_3397__1__medium2.jpg', 'small2_url': 'https://images4-f.ravelrycache.com/uploads/asmaloy/869032355/IMG_3397__1__small2.jpg', 'caption': None, 'caption_html': None, 'copyright_holder': None}, {'id': 114535514, 'sort_order': 5, 'user_id': 1158678, 'x_offset': -5, 'y_offset': -35, 'square_url': 'https://images4-g.ravelrycache.com/uploads/asmaloy/869032789/IMG_3391_square.jpg', 'medium_url': 'https://images4-g.ravelrycache.com/uploads/asmaloy/869032789/IMG_3391_medium.jpg', 'thumbnail_url': 'https://images4-g.ravelrycache.com/uploads/asmaloy/869032789/IMG_3391_thumbnail.jpg', 'small_url': 'https://images4-f.ravelrycache.com/uploads/asmaloy/869032789/IMG_3391_small.jpg', 'flickr_url': None, 'shelved_url': 'https://images4-g.ravelrycache.com/uploads/asmaloy/869032789/IMG_3391_shelved.jpg', 'medium2_url': 'https://images4-a.ravelrycache.com/uploads/asmaloy/869032789/IMG_3391_medium2.jpg', 'small2_url': 'https://images4-g.ravelrycache.com/uploads/asmaloy/869032789/IMG_3391_small2.jpg', 'caption': None, 'caption_html': None, 'copyright_holder': None}, {'id': 114535512, 'sort_order': 6, 'user_id': 1158678, 'x_offset': -5, 'y_offset': -35, 'square_url': 'https://images4-g.ravelrycache.com/uploads/asmaloy/869032905/IMG_3349_square.jpg', 'medium_url': 'https://images4-g.ravelrycache.com/uploads/asmaloy/869032905/IMG_3349_medium.jpg', 'thumbnail_url': 'https://images4-f.ravelrycache.com/uploads/asmaloy/869032905/IMG_3349_thumbnail.jpg', 'small_url': 'https://images4-f.ravelrycache.com/uploads/asmaloy/869032905/IMG_3349_small.jpg', 'flickr_url': None, 'shelved_url': 'https://images4-f.ravelrycache.com/uploads/asmaloy/869032905/IMG_3349_shelved.jpg', 'medium2_url': 'https://images4-a.ravelrycache.com/uploads/asmaloy/869032905/IMG_3349_medium2.jpg', 'small2_url': 'https://images4-g.ravelrycache.com/uploads/asmaloy/869032905/IMG_3349_small2.jpg', 'caption': None, 'caption_html': None, 'copyright_holder': None}, {'id': 114535515, 'sort_order': 7, 'user_id': 1158678, 'x_offset': -5, 'y_offset': -35, 'square_url': 'https://images4-g.ravelrycache.com/uploads/asmaloy/869032703/IMG_3400_square.jpg', 'medium_url': 'https://images4-g.ravelrycache.com/uploads/asmaloy/869032703/IMG_3400_medium.jpg', 'thumbnail_url': 'https://images4-g.ravelrycache.com/uploads/asmaloy/869032703/IMG_3400_thumbnail.jpg', 'small_url': 'https://images4-g.ravelrycache.com/uploads/asmaloy/869032703/IMG_3400_small.jpg', 'flickr_url': None, 'shelved_url': 'https://images4-f.ravelrycache.com/uploads/asmaloy/869032703/IMG_3400_shelved.jpg', 'medium2_url': 'https://images4-a.ravelrycache.com/uploads/asmaloy/869032703/IMG_3400_medium2.jpg', 'small2_url': 'https://images4-g.ravelrycache.com/uploads/asmaloy/869032703/IMG_3400_small2.jpg', 'caption': None, 'caption_html': None, 'copyright_holder': None}, {'id': 114535516, 'sort_order': 8, 'user_id': 1158678, 'x_offset': -5, 'y_offset': -35, 'square_url': 'https://images4-f.ravelrycache.com/uploads/asmaloy/869032567/IMG_3393_square.jpg', 'medium_url': 'https://images4-f.ravelrycache.com/uploads/asmaloy/869032567/IMG_3393_medium.jpg', 'thumbnail_url': 'https://images4-f.ravelrycache.com/uploads/asmaloy/869032567/IMG_3393_thumbnail.jpg', 'small_url': 'https://images4-g.ravelrycache.com/uploads/asmaloy/869032567/IMG_3393_small.jpg', 'flickr_url': None, 'shelved_url': 'https://images4-g.ravelrycache.com/uploads/asmaloy/869032567/IMG_3393_shelved.jpg', 'medium2_url': 'https://images4-a.ravelrycache.com/uploads/asmaloy/869032567/IMG_3393_medium2.jpg', 'small2_url': 'https://images4-f.ravelrycache.com/uploads/asmaloy/869032567/IMG_3393_small2.jpg', 'caption': None, 'caption_html': None, 'copyright_holder': None}]"
Loimuneule Lite,Villahullu,1260993,https://www.ravelry.com/patterns/library/loimuneule-lite,False,https://images4-a.ravelrycache.com/uploads/villahullu/869075323/IMG_20220417_180931_688_medium2.jpg,Knitting,"['stranded', 'icord', 'bottom-up', 'in-the-round', 'circular-yoke']",18.0,0.0,True,4.0,,pullover,Aran,9,0.0,"XS, S, M , L, XL, XXL","[{'id': 114540455, 'sort_order': 1, 'user_id': 10021084, 'x_offset': 0, 'y_offset': -22, 'square_url': 'https://images4-g.ravelrycache.com/uploads/villahullu/869075323/IMG_20220417_180931_688_square.jpg', 'medium_url': 'https://images4-g.ravelrycache.com/uploads/villahullu/869075323/IMG_20220417_180931_688_medium.jpg', 'thumbnail_url': 'https://images4-f.ravelrycache.com/uploads/villahullu/869075323/IMG_20220417_180931_688_thumbnail.jpg', 'small_url': 'https://images4-f.ravelrycache.com/uploads/villahullu/869075323/IMG_20220417_180931_688_small_best_fit.jpg', 'flickr_url': None, 'shelved_url': 'https://images4-g.ravelrycache.com/uploads/villahullu/869075323/IMG_20220417_180931_688_shelved.jpg', 'medium2_url': 'https://images4-a.ravelrycache.com/uploads/villahullu/869075323/IMG_20220417_180931_688_medium2.jpg', 'small2_url': 'https://images4-g.ravelrycache.com/uploads/villahullu/869075323/IMG_20220417_180931_688_small2.jpg', 'caption': None, 'caption_html': None, 'copyright_holder': None}, {'id': 114540456, 'sort_order': 2, 'user_id': 10021084, 'x_offset': 0, 'y_offset': -22, 'square_url': 'https://images4-g.ravelrycache.com/uploads/villahullu/869075322/IMG_20220407_073030_621_square.jpg', 'medium_url': 'https://images4-g.ravelrycache.com/uploads/villahullu/869075322/IMG_20220407_073030_621_medium.jpg', 'thumbnail_url': 'https://images4-f.ravelrycache.com/uploads/villahullu/869075322/IMG_20220407_073030_621_thumbnail.jpg', 'small_url': 'https://images4-g.ravelrycache.com/uploads/villahullu/869075322/IMG_20220407_073030_621_small_best_fit.jpg', 'flickr_url': None, 'shelved_url': 'https://images4-g.ravelrycache.com/uploads/villahullu/869075322/IMG_20220407_073030_621_shelved.jpg', 'medium2_url': 'https://images4-a.ravelrycache.com/uploads/villahullu/869075322/IMG_20220407_073030_621_medium2.jpg', 'small2_url': 'https://images4-g.ravelrycache.com/uploads/villahullu/869075322/IMG_20220407_073030_621_small2.jpg', 'caption': None, 'caption_html': None, 'copyright_holder': None}, {'id': 114540457, 'sort_order': 3, 'user_id': 10021084, 'x_offset': -46, 'y_offset': 0, 'square_url': 'https://images4-g.ravelrycache.com/uploads/villahullu/869074856/264A3764_square.jpg', 'medium_url': 'https://images4-g.ravelrycache.com/uploads/villahullu/869074856/264A3764_medium.jpg', 'thumbnail_url': 'https://images4-f.ravelrycache.com/uploads/villahullu/869074856/264A3764_thumbnail.jpg', 'small_url': 'https://images4-g.ravelrycache.com/uploads/villahullu/869074856/264A3764_small_best_fit.jpg', 'flickr_url': None, 'shelved_url': 'https://images4-f.ravelrycache.com/uploads/villahullu/869074856/264A3764_shelved.jpg', 'medium2_url': 'https://images4-a.ravelrycache.com/uploads/villahullu/869074856/264A3764_medium2.jpg', 'small2_url': 'https://images4-g.ravelrycache.com/uploads/villahullu/869074856/264A3764_small2.jpg', 'caption': None, 'caption_html': None, 'copyright_holder': None}, {'id': 114540458, 'sort_order': 4, 'user_id': 10021084, 'x_offset': 0, 'y_offset': -14, 'square_url': 'https://images4-f.ravelrycache.com/uploads/villahullu/869075320/IMG_20220403_093114_845_square.jpg', 'medium_url': 'https://images4-f.ravelrycache.com/uploads/villahullu/869075320/IMG_20220403_093114_845_medium.jpg', 'thumbnail_url': 'https://images4-g.ravelrycache.com/uploads/villahullu/869075320/IMG_20220403_093114_845_thumbnail.jpg', 'small_url': 'https://images4-g.ravelrycache.com/uploads/villahullu/869075320/IMG_20220403_093114_845_small_best_fit.jpg', 'flickr_url': None, 'shelved_url': 'https://images4-f.ravelrycache.com/uploads/villahullu/869075320/IMG_20220403_093114_845_shelved.jpg', 'medium2_url': 'https://images4-a.ravelrycache.com/uploads/villahullu/869075320/IMG_20220403_093114_845_medium2.jpg', 'small2_url': 'https://images4-f.ravelrycache.com/uploads/villahullu/869075320/IMG_20220403_093114_845_small2.jpg', 'caption': None, 'caption_html': None, 'copyright_holder': None}, {'id': 114540459, 'sort_order': 5, 'user_id': 10021084, 'x_offset': -5, 'y_offset': -35, 'square_url': 'https://images4-f.ravelrycache.com/uploads/villahullu/869075466/F8462940-ABD6-4A3D-A657-65FBCA6A59D7_square.jpeg', 'medium_url': 'https://images4-f.ravelrycache.com/uploads/villahullu/869075466/F8462940-ABD6-4A3D-A657-65FBCA6A59D7_medium.jpeg', 'thumbnail_url': 'https://images4-f.ravelrycache.com/uploads/villahullu/869075466/F8462940-ABD6-4A3D-A657-65FBCA6A59D7_thumbnail.jpeg', 'small_url': 'https://images4-g.ravelrycache.com/uploads/villahullu/869075466/F8462940-ABD6-4A3D-A657-65FBCA6A59D7_small.jpeg', 'flickr_url': None, 'shelved_url': 'https://images4-f.ravelrycache.com/uploads/villahullu/869075466/F8462940-ABD6-4A3D-A657-65FBCA6A59D7_shelved.jpeg', 'medium2_url': 'https://images4-a.ravelrycache.com/uploads/villahullu/869075466/F8462940-ABD6-4A3D-A657-65FBCA6A59D7_medium2.jpeg', 'small2_url': 'https://images4-f.ravelrycache.com/uploads/villahullu/869075466/F8462940-ABD6-4A3D-A657-65FBCA6A59D7_small2.jpeg', 'caption': None, 'caption_html': None, 'copyright_holder': None}, {'id': 114540460, 'sort_order': 6, 'user_id': 10021084, 'x_offset': 0, 'y_offset': -22, 'square_url': 'https://images4-f.ravelrycache.com/uploads/villahullu/869074855/IMG_20211026_171900_687_square.jpg', 'medium_url': 'https://images4-f.ravelrycache.com/uploads/villahullu/869074855/IMG_20211026_171900_687_medium.jpg', 'thumbnail_url': 'https://images4-f.ravelrycache.com/uploads/villahullu/869074855/IMG_20211026_171900_687_thumbnail.jpg', 'small_url': 'https://images4-f.ravelrycache.com/uploads/villahullu/869074855/IMG_20211026_171900_687_small_best_fit.jpg', 'flickr_url': None, 'shelved_url': 'https://images4-g.ravelrycache.com/uploads/villahullu/869074855/IMG_20211026_171900_687_shelved.jpg', 'medium2_url': 'https://images4-a.ravelrycache.com/uploads/villahullu/869074855/IMG_20211026_171900_687_medium2.jpg', 'small2_url': 'https://images4-f.ravelrycache.com/uploads/villahullu/869074855/IMG_20211026_171900_687_small2.jpg', 'caption': None, 'caption_html': None, 'copyright_holder': None}, {'id': 114540461, 'sort_order': 7, 'user_id': 10021084, 'x_offset': 0, 'y_offset': -22, 'square_url': 'https://images4-f.ravelrycache.com/uploads/villahullu/869074866/IMG_20211019_180739_115_square.jpg', 'medium_url': 'https://images4-f.ravelrycache.com/uploads/villahullu/869074866/IMG_20211019_180739_115_medium.jpg', 'thumbnail_url': 'https://images4-g.ravelrycache.com/uploads/villahullu/869074866/IMG_20211019_180739_115_thumbnail.jpg', 'small_url': 'https://images4-f.ravelrycache.com/uploads/villahullu/869074866/IMG_20211019_180739_115_small_best_fit.jpg', 'flickr_url': None, 'shelved_url': 'https://images4-f.ravelrycache.com/uploads/villahullu/869074866/IMG_20211019_180739_115_shelved.jpg', 'medium2_url': 'https://images4-a.ravelrycache.com/uploads/villahullu/869074866/IMG_20211019_180739_115_medium2.jpg', 'small2_url': 'https://images4-f.ravelrycache.com/uploads/villahullu/869074866/IMG_20211019_180739_115_small2.jpg', 'caption': None, 'caption_html': None, 'copyright_holder': None}, {'id': 114540462, 'sort_order': 8, 'user_id': 10021084, 'x_offset': 0, 'y_offset': -17, 'square_url': 'https://images4-f.ravelrycache.com/uploads/villahullu/869074854/Screenshot_20211119_140845_square.jpg', 'medium_url': 'https://images4-f.ravelrycache.com/uploads/villahullu/869074854/Screenshot_20211119_140845_medium.jpg', 'thumbnail_url': 'https://images4-g.ravelrycache.com/uploads/villahullu/869074854/Screenshot_20211119_140845_thumbnail.jpg', 'small_url': 'https://images4-f.ravelrycache.com/uploads/villahullu/869074854/Screenshot_20211119_140845_small_best_fit.jpg', 'flickr_url': None, 'shelved_url': 'https://images4-g.ravelrycache.com/uploads/villahullu/869074854/Screenshot_20211119_140845_shelved.jpg', 'medium2_url': 'https://images4-a.ravelrycache.com/uploads/villahullu/869074854/Screenshot_20211119_140845_medium2.jpg', 'small2_url': 'https://images4-f.ravelrycache.com/uploads/villahullu/869074854/Screenshot_20211119_140845_small2.jpg', 'caption': None, 'caption_html': None, 'copyright_holder': None}, {'id': 114540463, 'sort_order': 9, 'user_id': 10021084, 'x_offset': 0, 'y_offset': -22, 'square_url': 'https://images4-g.ravelrycache.com/uploads/villahullu/869074861/IMG_20211127_084323_402_square.jpg', 'medium_url': 'https://images4-g.ravelrycache.com/uploads/villahullu/869074861/IMG_20211127_084323_402_medium.jpg', 'thumbnail_url': 'https://images4-g.ravelrycache.com/uploads/villahullu/869074861/IMG_20211127_084323_402_thumbnail.jpg', 'small_url': 'https://images4-g.ravelrycache.com/uploads/villahullu/869074861/IMG_20211127_084323_402_small_best_fit.jpg', 'flickr_url': None, 'shelved_url': 'https://images4-f.ravelrycache.com/uploads/villahullu/869074861/IMG_20211127_084323_402_shelved.jpg', 'medium2_url': 'https://images4-a.ravelrycache.com/uploads/villahullu/869074861/IMG_20211127_084323_402_medium2.jpg', 'small2_url': 'https://images4-g.ravelrycache.com/uploads/villahullu/869074861/IMG_20211127_084323_402_small2.jpg', 'caption': None, 'caption_html': None, 'copyright_holder': None}, {'id': 114540464, 'sort_order': 10, 'user_id': 10021084, 'x_offset': -5, 'y_offset': -35, 'square_url': 'https://images4-f.ravelrycache.com/uploads/villahullu/869074859/IMG_3699_square.jpg', 'medium_url': 'https://images4-f.ravelrycache.com/uploads/villahullu/869074859/IMG_3699_medium.jpg', 'thumbnail_url': 'https://images4-f.ravelrycache.com/uploads/villahullu/869074859/IMG_3699_thumbnail.jpg', 'small_url': 'https://images4-f.ravelrycache.com/uploads/villahullu/869074859/IMG_3699_small.jpg', 'flickr_url': None, 'shelved_url': 'https://images4-f.ravelrycache.com/uploads/villahullu/869074859/IMG_3699_shelved.jpg', 'medium2_url': 'https://images4-a.ravelrycache.com/uploads/villahullu/869074859/IMG_3699_medium2.jpg', 'small2_url': 'https://images4-f.ravelrycache.com/uploads/villahullu/869074859/IMG_3699_small2.jpg', 'caption': None, 'caption_html': None, 'copyright_holder': None}]"
#09 Doric Pullover,Lily M. Chin,1261216,https://www.ravelry.com/patterns/library/09-doric-pullover,False,https://images4-a.ravelrycache.com/uploads/VogueKnitting/858202410/11_VKF22_1889_medium2.jpg,Knitting,"['unisex', 'teen', 'adult', 'oversized', 'plus', 'cables', 'crew-neck', 'long-sleeve', 'bottom-up', 'positive-ease', 'chart', 'written-pattern', 'in-the-round', 'schematic', 'male', 'female']",25.0,5.8,False,4.0,Stockinette Stitch,pullover,Fingering,21,4.6,"Chest 32 (40, 48, 56, 64, 72)""","[{'id': 114561131, 'sort_order': 1, 'user_id': 1359700, 'x_offset': 0, 'y_offset': -17, 'square_url': 'https://images4-f.ravelrycache.com/uploads/VogueKnitting/858202410/11_VKF22_1889_square.jpg', 'medium_url': 'https://images4-f.ravelrycache.com/uploads/VogueKnitting/858202410/11_VKF22_1889_medium.jpg', 'thumbnail_url': 'https://images4-f.ravelrycache.com/uploads/VogueKnitting/858202410/11_VKF22_1889_thumbnail.jpg', 'small_url': 'https://images4-f.ravelrycache.com/uploads/VogueKnitting/858202410/11_VKF22_1889_small_best_fit.jpg', 'flickr_url': None, 'shelved_url': 'https://images4-g.ravelrycache.com/uploads/VogueKnitting/858202410/11_VKF22_1889_shelved.jpg', 'medium2_url': 'https://images4-a.ravelrycache.com/uploads/VogueKnitting/858202410/11_VKF22_1889_medium2.jpg', 'small2_url': 'https://images4-f.ravelrycache.com/uploads/VogueKnitting/858202410/11_VKF22_1889_small2.jpg', 'caption': None, 'caption_html': None, 'copyright_holder': None}, {'id': 114561132, 'sort_order': 2, 'user_id': 1359700, 'x_offset': 0, 'y_offset': -23, 'square_url': 'https://images4-f.ravelrycache.com/uploads/VogueKnitting/858202412/11_VKF22_1938_square.jpg', 'medium_url': 'https://images4-f.ravelrycache.com/uploads/VogueKnitting/858202412/11_VKF22_1938_medium.jpg', 'thumbnail_url': 'https://images4-g.ravelrycache.com/uploads/VogueKnitting/858202412/11_VKF22_1938_thumbnail.jpg', 'small_url': 'https://images4-g.ravelrycache.com/uploads/VogueKnitting/858202412/11_VKF22_1938_small_best_fit.jpg', 'flickr_url': None, 'shelved_url': 'https://images4-f.ravelrycache.com/uploads/VogueKnitting/858202412/11_VKF22_1938_shelved.jpg', 'medium2_url': 'https://images4-a.ravelrycache.com/uploads/VogueKnitting/858202412/11_VKF22_1938_medium2.jpg', 'small2_url': 'https://images4-f.ravelrycache.com/uploads/VogueKnitting/858202412/11_VKF22_1938_small2.jpg', 'caption': None, 'caption_html': None, 'copyright_holder': None}, {'id': 114561133, 'sort_order': 3, 'user_id': 1359700, 'x_offset': 0, 'y_offset': -43, 'square_url': 'https://images4-f.ravelrycache.com/uploads/VogueKnitting/858202409/11_VKF22_1943_square.jpg', 'medium_url': 'https://images4-f.ravelrycache.com/uploads/VogueKnitting/858202409/11_VKF22_1943_medium.jpg', 'thumbnail_url': 'https://images4-f.ravelrycache.com/uploads/VogueKnitting/858202409/11_VKF22_1943_thumbnail.jpg', 'small_url': 'https://images4-f.ravelrycache.com/uploads/VogueKnitting/858202409/11_VKF22_1943_small_best_fit.jpg', 'flickr_url': None, 'shelved_url': 'https://images4-f.ravelrycache.com/uploads/VogueKnitting/858202409/11_VKF22_1943_shelved.jpg', 'medium2_url': 'https://images4-a.ravelrycache.com/uploads/VogueKnitting/858202409/11_VKF22_1943_medium2.jpg', 'small2_url': 'https://images4-f.ravelrycache.com/uploads/VogueKnitting/858202409/11_VKF22_1943_small2.jpg', 'caption': None, 'caption_html': None, 'copyright_holder': None}, {'id': 114561134, 'sort_order': 4, 'user_id': 1359700, 'x_offset': -7, 'y_offset': -35, 'square_url': 'https://images4-f.ravelrycache.com/uploads/VogueKnitting/858202414/11_VKF22_1964_square.jpg', 'medium_url': 'https://images4-f.ravelrycache.com/uploads/VogueKnitting/858202414/11_VKF22_1964_medium.jpg', 'thumbnail_url': 'https://images4-g.ravelrycache.com/uploads/VogueKnitting/858202414/11_VKF22_1964_thumbnail.jpg', 'small_url': 'https://images4-f.ravelrycache.com/uploads/VogueKnitting/858202414/11_VKF22_1964_small.jpg', 'flickr_url': None, 'shelved_url': 'https://images4-g.ravelrycache.com/uploads/VogueKnitting/858202414/11_VKF22_1964_shelved.jpg', 'medium2_url': 'https://images4-a.ravelrycache.com/uploads/VogueKnitting/858202414/11_VKF22_1964_medium2.jpg', 'small2_url': 'https://images4-f.ravelrycache.com/uploads/VogueKnitting/858202414/11_VKF22_1964_small2.jpg', 'caption': None, 'caption_html': None, 'copyright_holder': None}]"
Top Down V Neck,Yarnspirations Design Studio,1261646,https://www.ravelry.com/patterns/library/top-down-v-neck,True,https://images4-a.ravelrycache.com/uploads/Yarnspirations/869578163/Top_Down_V_Neck_medium2.png,Knitting,"['unisex', 'teen', 'adult', 'petite', 'plus', 'ribbed', 'v-neck', 'long-sleeve', 'raglan-sleeve', 'seamless', 'top-down', 'positive-ease', 'written-pattern', 'worked-flat', 'in-the-round', 'stripes-colorwork', 'schematic', 'male', 'female']",18.0,0.0,True,4.0,stockinette with larger needles,pullover,Aran,6,0.0,"Adult XS/S, M, L, XL, 2/3XL, 4/5XL","[{'id': 114602581, 'sort_order': 1, 'user_id': 3524422, 'x_offset': -4, 'y_offset': -31, 'square_url': 'https://images4-g.ravelrycache.com/uploads/Yarnspirations/869578163/Top_Down_V_Neck_square.png', 'medium_url': 'https://images4-f.ravelrycache.com/uploads/Yarnspirations/869578163/Top_Down_V_Neck_medium.png', 'thumbnail_url': 'https://images4-f.ravelrycache.com/uploads/Yarnspirations/869578163/Top_Down_V_Neck_thumbnail.png', 'small_url': 'https://images4-f.ravelrycache.com/uploads/Yarnspirations/869578163/Top_Down_V_Neck_small_best_fit.png', 'flickr_url': None, 'shelved_url': 'https://images4-g.ravelrycache.com/uploads/Yarnspirations/869578163/Top_Down_V_Neck_shelved.png', 'medium2_url': 'https://images4-a.ravelrycache.com/uploads/Yarnspirations/869578163/Top_Down_V_Neck_medium2.png', 'small2_url': 'https://images4-g.ravelrycache.com/uploads/Yarnspirations/869578163/Top_Down_V_Neck_small2.png', 'caption': None, 'caption_html': None, 'copyright_holder': None}, {'id': 114602582, 'sort_order': 2, 'user_id': 3524422, 'x_offset': 0, 'y_offset': 0, 'square_url': 'https://images4-f.ravelrycache.com/uploads/Yarnspirations/869578047/upload_square', 'medium_url': 'https://images4-g.ravelrycache.com/uploads/Yarnspirations/869578047/upload_medium', 'thumbnail_url': 'https://images4-f.ravelrycache.com/uploads/Yarnspirations/869578047/upload_thumbnail', 'small_url': 'https://images4-f.ravelrycache.com/uploads/Yarnspirations/869578047/upload_small_best_fit', 'flickr_url': None, 'shelved_url': 'https://images4-f.ravelrycache.com/uploads/Yarnspirations/869578047/upload_shelved', 'medium2_url': 'https://images4-a.ravelrycache.com/uploads/Yarnspirations/869578047/upload_medium2', 'small2_url': 'https://images4-f.ravelrycache.com/uploads/Yarnspirations/869578047/upload_small2', 'caption': None, 'caption_html': None, 'copyright_holder': None}, {'id': 114602583, 'sort_order': 3, 'user_id': 3524422, 'x_offset': 0, 'y_offset': 0, 'square_url': 'https://images4-f.ravelrycache.com/uploads/Yarnspirations/869578038/upload_square', 'medium_url': 'https://images4-g.ravelrycache.com/uploads/Yarnspirations/869578038/upload_medium', 'thumbnail_url': 'https://images4-f.ravelrycache.com/uploads/Yarnspirations/869578038/upload_thumbnail', 'small_url': 'https://images4-f.ravelrycache.com/uploads/Yarnspirations/869578038/upload_small_best_fit', 'flickr_url': None, 'shelved_url': 'https://images4-g.ravelrycache.com/uploads/Yarnspirations/869578038/upload_shelved', 'medium2_url': 'https://images4-a.ravelrycache.com/uploads/Yarnspirations/869578038/upload_medium2', 'small2_url': 'https://images4-f.ravelrycache.com/uploads/Yarnspirations/869578038/upload_small2', 'caption': None, 'caption_html': None, 'copyright_holder': None}]"
The InbeTweed,This.Bird.Knits,1262233,https://www.ravelry.com/patterns/library/the-inbetweed,False,https://images4-a.ravelrycache.com/uploads/thisbirdknits/869749267/006C8A3E-07AC-4B56-B847-AF44AFD10C05_medium2.JPG,Knitting,"['textured', 'circular-yoke', 'one-piece', 'seamless', 'short-rows', 'top-down', 'positive-ease', 'chart', 'written-pattern', 'in-the-round', 'stripes-colorwork']",19.0,2.1,True,4.0,Pattern for body with larger needles,pullover,DK,39,4.818181818181818,"35.4 (37, 40, 42) (45.5, 48.8, 50.5) (53.9, 57.3, 60.6) (62.3, 65.7, 67.4) 69” / 90 (94, 102, 106.7) (114.3, 124, 128.3) (137, 146, 154) (158.2, 167, 172) 175.3 cm","[{'id': 114642018, 'sort_order': 1, 'user_id': 1139115, 'x_offset': -1, 'y_offset': -10, 'square_url': 'https://images4-g.ravelrycache.com/uploads/thisbirdknits/869749267/006C8A3E-07AC-4B56-B847-AF44AFD10C05_square.JPG', 'medium_url': 'https://images4-g.ravelrycache.com/uploads/thisbirdknits/869749267/006C8A3E-07AC-4B56-B847-AF44AFD10C05_medium.JPG', 'thumbnail_url': 'https://images4-g.ravelrycache.com/uploads/thisbirdknits/869749267/006C8A3E-07AC-4B56-B847-AF44AFD10C05_thumbnail.JPG', 'small_url': 'https://images4-f.ravelrycache.com/uploads/thisbirdknits/869749267/006C8A3E-07AC-4B56-B847-AF44AFD10C05_small_best_fit.JPG', 'flickr_url': None, 'shelved_url': 'https://images4-f.ravelrycache.com/uploads/thisbirdknits/869749267/006C8A3E-07AC-4B56-B847-AF44AFD10C05_shelved.JPG', 'medium2_url': 'https://images4-a.ravelrycache.com/uploads/thisbirdknits/869749267/006C8A3E-07AC-4B56-B847-AF44AFD10C05_medium2.JPG', 'small2_url': 'https://images4-g.ravelrycache.com/uploads/thisbirdknits/869749267/006C8A3E-07AC-4B56-B847-AF44AFD10C05_small2.JPG', 'caption': None, 'caption_html': None, 'copyright_holder': None}, {'id': 114887643, 'sort_order': 2, 'user_id': 501205, 'x_offset': -5, 'y_offset': -35, 'square_url': 'https://images4-g.ravelrycache.com/uploads/amyamesrose/869920981/6C13145F-00C2-48E2-9B39-4300E147E685_square.jpeg', 'medium_url': 'https://images4-g.ravelrycache.com/uploads/amyamesrose/869920981/6C13145F-00C2-48E2-9B39-4300E147E685_medium.jpeg', 'thumbnail_url': 'https://images4-g.ravelrycache.com/uploads/amyamesrose/869920981/6C13145F-00C2-48E2-9B39-4300E147E685_thumbnail.jpeg', 'small_url': 'https://images4-f.ravelrycache.com/uploads/amyamesrose/869920981/6C13145F-00C2-48E2-9B39-4300E147E685_small.jpeg', 'flickr_url': None, 'shelved_url': 'https://images4-g.ravelrycache.com/uploads/amyamesrose/869920981/6C13145F-00C2-48E2-9B39-4300E147E685_shelved.jpeg', 'medium2_url': 'https://images4-a.ravelrycache.com/uploads/amyamesrose/869920981/6C13145F-00C2-48E2-9B39-4300E147E685_medium2.jpeg', 'small2_url': 'https://images4-f.ravelrycache.com/uploads/amyamesrose/869920981/6C13145F-00C2-48E2-9B39-4300E147E685_small2.jpeg', 'caption': None, 'caption_html': None, 'copyright_holder': None}, {'id': 114728115, 'sort_order': 3, 'user_id': 7218479, 'x_offset': -5, 'y_offset': -35, 'square_url': 'https://images4-g.ravelrycache.com/uploads/Spinbike/864511586/546668AC-C2C8-453E-98F8-23A49AD25932_square.jpeg', 'medium_url': 'https://images4-g.ravelrycache.com/uploads/Spinbike/864511586/546668AC-C2C8-453E-98F8-23A49AD25932_medium.jpeg', 'thumbnail_url': 'https://images4-g.ravelrycache.com/uploads/Spinbike/864511586/546668AC-C2C8-453E-98F8-23A49AD25932_thumbnail.jpeg', 'small_url': 'https://images4-g.ravelrycache.com/uploads/Spinbike/864511586/546668AC-C2C8-453E-98F8-23A49AD25932_small.jpeg', 'flickr_url': None, 'shelved_url': 'https://images4-f.ravelrycache.com/uploads/Spinbike/864511586/546668AC-C2C8-453E-98F8-23A49AD25932_shelved.jpeg', 'medium2_url': 'https://images4-a.ravelrycache.com/uploads/Spinbike/864511586/546668AC-C2C8-453E-98F8-23A49AD25932_medium2.jpeg', 'small2_url': 'https://images4-f.ravelrycache.com/uploads/Spinbike/864511586/546668AC-C2C8-453E-98F8-23A49AD25932_small2.jpeg', 'caption': None, 'caption_html': None, 'copyright_holder': None}, {'id': 114713959, 'sort_order': 4, 'user_id': 6010151, 'x_offset': 0, 'y_offset': -7, 'square_url': 'https://images4-g.ravelrycache.com/uploads/cschlendorf/869914399/B7777AF5-1009-4760-B7EF-D4982F81DB6C_square.jpeg', 'medium_url': 'https://images4-g.ravelrycache.com/uploads/cschlendorf/869914399/B7777AF5-1009-4760-B7EF-D4982F81DB6C_medium.jpeg', 'thumbnail_url': 'https://images4-f.ravelrycache.com/uploads/cschlendorf/869914399/B7777AF5-1009-4760-B7EF-D4982F81DB6C_thumbnail.jpeg', 'small_url': 'https://images4-f.ravelrycache.com/uploads/cschlendorf/869914399/B7777AF5-1009-4760-B7EF-D4982F81DB6C_small_best_fit.jpeg', 'flickr_url': None, 'shelved_url': 'https://images4-f.ravelrycache.com/uploads/cschlendorf/869914399/B7777AF5-1009-4760-B7EF-D4982F81DB6C_shelved.jpeg', 'medium2_url': 'https://images4-a.ravelrycache.com/uploads/cschlendorf/869914399/B7777AF5-1009-4760-B7EF-D4982F81DB6C_medium2.jpeg', 'small2_url': 'https://images4-g.ravelrycache.com/uploads/cschlendorf/869914399/B7777AF5-1009-4760-B7EF-D4982F81DB6C_small2.jpeg', 'caption': None, 'caption_html': None, 'copyright_holder': None}, {'id': 114715319, 'sort_order': 5, 'user_id': 641692, 'x_offset': -5, 'y_offset': -35, 'square_url': 'https://images4-f.ravelrycache.com/uploads/jehamilton/862970929/20220701_143038_square.jpg', 'medium_url': 'https://images4-f.ravelrycache.com/uploads/jehamilton/862970929/20220701_143038_medium.jpg', 'thumbnail_url': 'https://images4-f.ravelrycache.com/uploads/jehamilton/862970929/20220701_143038_thumbnail.jpg', 'small_url': 'https://images4-f.ravelrycache.com/uploads/jehamilton/862970929/20220701_143038_small.jpg', 'flickr_url': None, 'shelved_url': 'https://images4-g.ravelrycache.com/uploads/jehamilton/862970929/20220701_143038_shelved.jpg', 'medium2_url': 'https://images4-a.ravelrycache.com/uploads/jehamilton/862970929/20220701_143038_medium2.jpg', 'small2_url': 'https://images4-f.ravelrycache.com/uploads/jehamilton/862970929/20220701_143038_small2.jpg', 'caption': None, 'caption_html': None, 'copyright_holder': None}, {'id': 114759470, 'sort_order': 6, 'user_id': 346977, 'x_offset': -5, 'y_offset': -35, 'square_url': 'https://images4-g.ravelrycache.com/uploads/BOWMANVILLE/856058751/20220520_121502_square.jpg', 'medium_url': 'https://images4-f.ravelrycache.com/uploads/BOWMANVILLE/856058751/20220520_121502_medium.jpg', 'thumbnail_url': 'https://images4-f.ravelrycache.com/uploads/BOWMANVILLE/856058751/20220520_121502_thumbnail.jpg', 'small_url': 'https://images4-f.ravelrycache.com/uploads/BOWMANVILLE/856058751/20220520_121502_small.jpg', 'flickr_url': None, 'shelved_url': 'https://images4-g.ravelrycache.com/uploads/BOWMANVILLE/856058751/20220520_121502_shelved.jpg', 'medium2_url': 'https://images4-a.ravelrycache.com/uploads/BOWMANVILLE/856058751/20220520_121502_medium2.jpg', 'small2_url': 'https://images4-g.ravelrycache.com/uploads/BOWMANVILLE/856058751/20220520_121502_small2.jpg', 'caption': None, 'caption_html': None, 'copyright_holder': None}, {'id': 114709260, 'sort_order': 7, 'user_id': 8656473, 'x_offset': -5, 'y_offset': -35, 'square_url': 'https://images4-f.ravelrycache.com/uploads/Highway11/869721797/6531D77E-6CA0-4FF8-BFBF-B0A4633EB4C9_square.jpeg', 'medium_url': 'https://images4-f.ravelrycache.com/uploads/Highway11/869721797/6531D77E-6CA0-4FF8-BFBF-B0A4633EB4C9_medium.jpeg', 'thumbnail_url': 'https://images4-f.ravelrycache.com/uploads/Highway11/869721797/6531D77E-6CA0-4FF8-BFBF-B0A4633EB4C9_thumbnail.jpeg', 'small_url': 'https://images4-f.ravelrycache.com/uploads/Highway11/869721797/6531D77E-6CA0-4FF8-BFBF-B0A4633EB4C9_small.jpeg', 'flickr_url': None, 'shelved_url': 'https://images4-g.ravelrycache.com/uploads/Highway11/869721797/6531D77E-6CA0-4FF8-BFBF-B0A4633EB4C9_shelved.jpeg', 'medium2_url': 'https://images4-a.ravelrycache.com/uploads/Highway11/869721797/6531D77E-6CA0-4FF8-BFBF-B0A4633EB4C9_medium2.jpeg', 'small2_url': 'https://images4-f.ravelrycache.com/uploads/Highway11/869721797/6531D77E-6CA0-4FF8-BFBF-B0A4633EB4C9_small2.jpeg', 'caption': None, 'caption_html': None, 'copyright_holder': None}, {'id': 114710481, 'sort_order': 8, 'user_id': 8562035, 'x_offset': 0, 'y_offset': -66, 'square_url': 'https://images4-g.ravelrycache.com/uploads/uhauke/862223580/20220626_150033_square.jpg', 'medium_url': 'https://images4-g.ravelrycache.com/uploads/uhauke/862223580/20220626_150033_medium.jpg', 'thumbnail_url': 'https://images4-g.ravelrycache.com/uploads/uhauke/862223580/20220626_150033_thumbnail.jpg', 'small_url': 'https://images4-f.ravelrycache.com/uploads/uhauke/862223580/20220626_150033_small_best_fit.jpg', 'flickr_url': None, 'shelved_url': 'https://images4-g.ravelrycache.com/uploads/uhauke/862223580/20220626_150033_shelved.jpg', 'medium2_url': 'https://images4-a.ravelrycache.com/uploads/uhauke/862223580/20220626_150033_medium2.jpg', 'small2_url': 'https://images4-g.ravelrycache.com/uploads/uhauke/862223580/20220626_150033_small2.jpg', 'caption': None, 'caption_html': None, 'copyright_holder': None}, {'id': 114713957, 'sort_order': 9, 'user_id': 6010151, 'x_offset': -5, 'y_offset': -35, 'square_url': 'https://images4-g.ravelrycache.com/uploads/cschlendorf/866025638/21CEB42D-8B56-4FA8-8C65-317FEE8B6A63_square.jpeg', 'medium_url': 'https://images4-g.ravelrycache.com/uploads/cschlendorf/866025638/21CEB42D-8B56-4FA8-8C65-317FEE8B6A63_medium.jpeg', 'thumbnail_url': 'https://images4-g.ravelrycache.com/uploads/cschlendorf/866025638/21CEB42D-8B56-4FA8-8C65-317FEE8B6A63_thumbnail.jpeg', 'small_url': 'https://images4-f.ravelrycache.com/uploads/cschlendorf/866025638/21CEB42D-8B56-4FA8-8C65-317FEE8B6A63_small.jpeg', 'flickr_url': None, 'shelved_url': 'https://images4-g.ravelrycache.com/uploads/cschlendorf/866025638/21CEB42D-8B56-4FA8-8C65-317FEE8B6A63_shelved.jpeg', 'medium2_url': 'https://images4-a.ravelrycache.com/uploads/cschlendorf/866025638/21CEB42D-8B56-4FA8-8C65-317FEE8B6A63_medium2.jpeg', 'small2_url': 'https://images4-g.ravelrycache.com/uploads/cschlendorf/866025638/21CEB42D-8B56-4FA8-8C65-317FEE8B6A63_small2.jpeg', 'caption': None, 'caption_html': None, 'copyright_holder': None}, {'id': 114642019, 'sort_order': 10, 'user_id': 1139115, 'x_offset': 1, 'y_offset': -6, 'square_url': 'https://images4-g.ravelrycache.com/uploads/thisbirdknits/869749262/IMG_2985_square.heic', 'medium_url': 'https://images4-g.ravelrycache.com/uploads/thisbirdknits/869749262/IMG_2985_medium.heic', 'thumbnail_url': 'https://images4-f.ravelrycache.com/uploads/thisbirdknits/869749262/IMG_2985_thumbnail.heic', 'small_url': 'https://images4-g.ravelrycache.com/uploads/thisbirdknits/869749262/IMG_2985_small_best_fit.heic', 'flickr_url': None, 'shelved_url': 'https://images4-g.ravelrycache.com/uploads/thisbirdknits/869749262/IMG_2985_shelved.heic', 'medium2_url': 'https://images4-a.ravelrycache.com/uploads/thisbirdknits/869749262/IMG_2985_medium2.heic', 'small2_url': 'https://images4-g.ravelrycache.com/uploads/thisbirdknits/869749262/IMG_2985_small2.heic', 'caption': None, 'caption_html': None, 'copyright_holder': None}, {'id': 114708867, 'sort_order': 11, 'user_id': 8787306, 'x_offset': -5, 'y_offset': -35, 'square_url': 'https://images4-g.ravelrycache.com/uploads/skjurey/862963970/D95B1181-DF7C-4A1D-942D-FBB357730043_square.jpeg', 'medium_url': 'https://images4-g.ravelrycache.com/uploads/skjurey/862963970/D95B1181-DF7C-4A1D-942D-FBB357730043_medium.jpeg', 'thumbnail_url': 'https://images4-g.ravelrycache.com/uploads/skjurey/862963970/D95B1181-DF7C-4A1D-942D-FBB357730043_thumbnail.jpeg', 'small_url': 'https://images4-f.ravelrycache.com/uploads/skjurey/862963970/D95B1181-DF7C-4A1D-942D-FBB357730043_small.jpeg', 'flickr_url': None, 'shelved_url': 'https://images4-g.ravelrycache.com/uploads/skjurey/862963970/D95B1181-DF7C-4A1D-942D-FBB357730043_shelved.jpeg', 'medium2_url': 'https://images4-a.ravelrycache.com/uploads/skjurey/862963970/D95B1181-DF7C-4A1D-942D-FBB357730043_medium2.jpeg', 'small2_url': 'https://images4-g.ravelrycache.com/uploads/skjurey/862963970/D95B1181-DF7C-4A1D-942D-FBB357730043_small2.jpeg', 'caption': None, 'caption_html': None, 'copyright_holder': None}, {'id': 114708710, 'sort_order': 12, 'user_id': 4995888, 'x_offset': -5, 'y_offset': -35, 'square_url': 'https://images4-g.ravelrycache.com/uploads/Inkyangel/859894673/27FCC7C4-3A5B-455C-A5B8-BFBCC2A7FA31_square.jpeg', 'medium_url': 'https://images4-g.ravelrycache.com/uploads/Inkyangel/859894673/27FCC7C4-3A5B-455C-A5B8-BFBCC2A7FA31_medium.jpeg', 'thumbnail_url': 'https://images4-f.ravelrycache.com/uploads/Inkyangel/859894673/27FCC7C4-3A5B-455C-A5B8-BFBCC2A7FA31_thumbnail.jpeg', 'small_url': 'https://images4-g.ravelrycache.com/uploads/Inkyangel/859894673/27FCC7C4-3A5B-455C-A5B8-BFBCC2A7FA31_small.jpeg', 'flickr_url': None, 'shelved_url': 'https://images4-f.ravelrycache.com/uploads/Inkyangel/859894673/27FCC7C4-3A5B-455C-A5B8-BFBCC2A7FA31_shelved.jpeg', 'medium2_url': 'https://images4-a.ravelrycache.com/uploads/Inkyangel/859894673/27FCC7C4-3A5B-455C-A5B8-BFBCC2A7FA31_medium2.jpeg', 'small2_url': 'https://images4-g.ravelrycache.com/uploads/Inkyangel/859894673/27FCC7C4-3A5B-455C-A5B8-BFBCC2A7FA31_small2.jpeg', 'caption': None, 'caption_html': None, 'copyright_holder': None}, {'id': 114642020, 'sort_order': 13, 'user_id': 1139115, 'x_offset': 0, 'y_offset': -11, 'square_url': 'https://images4-g.ravelrycache.com/uploads/thisbirdknits/869749266/IMG_2977_square.heic', 'medium_url': 'https://images4-g.ravelrycache.com/uploads/thisbirdknits/869749266/IMG_2977_medium.heic', 'thumbnail_url': 'https://images4-g.ravelrycache.com/uploads/thisbirdknits/869749266/IMG_2977_thumbnail.heic', 'small_url': 'https://images4-f.ravelrycache.com/uploads/thisbirdknits/869749266/IMG_2977_small_best_fit.heic', 'flickr_url': None, 'shelved_url': 'https://images4-g.ravelrycache.com/uploads/thisbirdknits/869749266/IMG_2977_shelved.heic', 'medium2_url': 'https://images4-a.ravelrycache.com/uploads/thisbirdknits/869749266/IMG_2977_medium2.heic', 'small2_url': 'https://images4-g.ravelrycache.com/uploads/thisbirdknits/869749266/IMG_2977_small2.heic', 'caption': None, 'caption_html': None, 'copyright_holder': None}, {'id': 114642021, 'sort_order': 14, 'user_id': 1139115, 'x_offset': -5, 'y_offset': -35, 'square_url': 'https://images4-g.ravelrycache.com/uploads/thisbirdknits/869749263/IMG_3019_square.heic', 'medium_url': 'https://images4-g.ravelrycache.com/uploads/thisbirdknits/869749263/IMG_3019_medium.heic', 'thumbnail_url': 'https://images4-g.ravelrycache.com/uploads/thisbirdknits/869749263/IMG_3019_thumbnail.heic', 'small_url': 'https://images4-f.ravelrycache.com/uploads/thisbirdknits/869749263/IMG_3019_small.heic', 'flickr_url': None, 'shelved_url': 'https://images4-g.ravelrycache.com/uploads/thisbirdknits/869749263/IMG_3019_shelved.heic', 'medium2_url': 'https://images4-a.ravelrycache.com/uploads/thisbirdknits/869749263/IMG_3019_medium2.heic', 'small2_url': 'https://images4-g.ravelrycache.com/uploads/thisbirdknits/869749263/IMG_3019_small2.heic', 'caption': None, 'caption_html': None, 'copyright_holder': None}, {'id': 114642022, 'sort_order': 15, 'user_id': 1139115, 'x_offset': -15, 'y_offset': 0, 'square_url': 'https://images4-f.ravelrycache.com/uploads/thisbirdknits/869749268/IMG_2949_square.heic', 'medium_url': 'https://images4-f.ravelrycache.com/uploads/thisbirdknits/869749268/IMG_2949_medium.heic', 'thumbnail_url': 'https://images4-f.ravelrycache.com/uploads/thisbirdknits/869749268/IMG_2949_thumbnail.heic', 'small_url': 'https://images4-f.ravelrycache.com/uploads/thisbirdknits/869749268/IMG_2949_small_best_fit.heic', 'flickr_url': None, 'shelved_url': 'https://images4-f.ravelrycache.com/uploads/thisbirdknits/869749268/IMG_2949_shelved.heic', 'medium2_url': 'https://images4-a.ravelrycache.com/uploads/thisbirdknits/869749268/IMG_2949_medium2.heic', 'small2_url': 'https://images4-f.ravelrycache.com/uploads/thisbirdknits/869749268/IMG_2949_small2.heic', 'caption': None, 'caption_html': None, 'copyright_holder': None}, {'id': 114642023, 'sort_order': 16, 'user_id': 1139115, 'x_offset': 0, 'y_offset': -7, 'square_url': 'https://images4-f.ravelrycache.com/uploads/thisbirdknits/869749271/IMG_2961_square.heic', 'medium_url': 'https://images4-f.ravelrycache.com/uploads/thisbirdknits/869749271/IMG_2961_medium.heic', 'thumbnail_url': 'https://images4-g.ravelrycache.com/uploads/thisbirdknits/869749271/IMG_2961_thumbnail.heic', 'small_url': 'https://images4-g.ravelrycache.com/uploads/thisbirdknits/869749271/IMG_2961_small_best_fit.heic', 'flickr_url': None, 'shelved_url': 'https://images4-g.ravelrycache.com/uploads/thisbirdknits/869749271/IMG_2961_shelved.heic', 'medium2_url': 'https://images4-a.ravelrycache.com/uploads/thisbirdknits/869749271/IMG_2961_medium2.heic', 'small2_url': 'https://images4-f.ravelrycache.com/uploads/thisbirdknits/869749271/IMG_2961_small2.heic', 'caption': None, 'caption_html': None, 'copyright_holder': None}, {'id': 114642024, 'sort_order': 17, 'user_id': 1139115, 'x_offset': -8, 'y_offset': 0, 'square_url': 'https://images4-f.ravelrycache.com/uploads/thisbirdknits/869749269/IMG_2964_square.heic', 'medium_url': 'https://images4-f.ravelrycache.com/uploads/thisbirdknits/869749269/IMG_2964_medium.heic', 'thumbnail_url': 'https://images4-f.ravelrycache.com/uploads/thisbirdknits/869749269/IMG_2964_thumbnail.heic', 'small_url': 'https://images4-f.ravelrycache.com/uploads/thisbirdknits/869749269/IMG_2964_small_best_fit.heic', 'flickr_url': None, 'shelved_url': 'https://images4-g.ravelrycache.com/uploads/thisbirdknits/869749269/IMG_2964_shelved.heic', 'medium2_url': 'https://images4-a.ravelrycache.com/uploads/thisbirdknits/869749269/IMG_2964_medium2.heic', 'small2_url': 'https://images4-f.ravelrycache.com/uploads/thisbirdknits/869749269/IMG_2964_small2.heic', 'caption': None, 'caption_html': None, 'copyright_holder': None}, {'id': 114642025, 'sort_order': 18, 'user_id': 1139115, 'x_offset': -6, 'y_offset': 0, 'square_url': 'https://images4-g.ravelrycache.com/uploads/thisbirdknits/869749265/IMG_2983_square.heic', 'medium_url': 'https://images4-g.ravelrycache.com/uploads/thisbirdknits/869749265/IMG_2983_medium.heic', 'thumbnail_url': 'https://images4-f.ravelrycache.com/uploads/thisbirdknits/869749265/IMG_2983_thumbnail.heic', 'small_url': 'https://images4-f.ravelrycache.com/uploads/thisbirdknits/869749265/IMG_2983_small_best_fit.heic', 'flickr_url': None, 'shelved_url': 'https://images4-g.ravelrycache.com/uploads/thisbirdknits/869749265/IMG_2983_shelved.heic', 'medium2_url': 'https://images4-a.ravelrycache.com/uploads/thisbirdknits/869749265/IMG_2983_medium2.heic', 'small2_url': 'https://images4-g.ravelrycache.com/uploads/thisbirdknits/869749265/IMG_2983_small2.heic', 'caption': None, 'caption_html': None, 'copyright_holder': None}]"
broccoli_sweater,Tomomi Yoshimoto,1262601,https://www.ravelry.com/patterns/library/broccolisweater,False,https://images4-a.ravelrycache.com/uploads/shimashima428/870167830/_medium2.jpg,Knitting,"['unisex', 'teen', 'adult', 'no-ease', 'eyelets', 'picots', 'circular-yoke', 'sleeves', 'aline', 'stranded', 'seamless', 'short-rows', 'top-down', 'positive-ease', 'chart', 'phototutorial', 'written-pattern', 'video-tutorial', 'in-the-round', 'other-edging', 'slipped-stitches', 'male', 'female']",26.5,3.7777777777777777,True,4.0,,pullover,Light Fingering,33,4.777777777777778,"S(M, L, XL, 2XL)","[{'id': 114676003, 'sort_order': 1, 'user_id': 6638389, 'x_offset': -1, 'y_offset': -22, 'square_url': 'https://images4-g.ravelrycache.com/uploads/shimashima428/870167830/_square.jpg', 'medium_url': 'https://images4-g.ravelrycache.com/uploads/shimashima428/870167830/_medium.jpg', 'thumbnail_url': 'https://images4-f.ravelrycache.com/uploads/shimashima428/870167830/_thumbnail.jpg', 'small_url': 'https://images4-f.ravelrycache.com/uploads/shimashima428/870167830/_small_best_fit.jpg', 'flickr_url': None, 'shelved_url': 'https://images4-f.ravelrycache.com/uploads/shimashima428/870167830/_shelved.jpg', 'medium2_url': 'https://images4-a.ravelrycache.com/uploads/shimashima428/870167830/_medium2.jpg', 'small2_url': 'https://images4-g.ravelrycache.com/uploads/shimashima428/870167830/_small2.jpg', 'caption': None, 'caption_html': None, 'copyright_holder': None}, {'id': 115892213, 'sort_order': 2, 'user_id': 7548114, 'x_offset': 0, 'y_offset': 0, 'square_url': 'https://images4-g.ravelrycache.com/uploads/lskynar/870172911/1659612746563-23_square.jpg', 'medium_url': 'https://images4-f.ravelrycache.com/uploads/lskynar/870172911/1659612746563-23_medium.jpg', 'thumbnail_url': 'https://images4-f.ravelrycache.com/uploads/lskynar/870172911/1659612746563-23_thumbnail.jpg', 'small_url': 'https://images4-g.ravelrycache.com/uploads/lskynar/870172911/1659612746563-23_small_best_fit.jpg', 'flickr_url': None, 'shelved_url': 'https://images4-f.ravelrycache.com/uploads/lskynar/870172911/1659612746563-23_shelved.jpg', 'medium2_url': 'https://images4-a.ravelrycache.com/uploads/lskynar/870172911/1659612746563-23_medium2.jpg', 'small2_url': 'https://images4-g.ravelrycache.com/uploads/lskynar/870172911/1659612746563-23_small2.jpg', 'caption': None, 'caption_html': None, 'copyright_holder': None}, {'id': 115892199, 'sort_order': 3, 'user_id': 7548114, 'x_offset': 0, 'y_offset': 0, 'square_url': 'https://images4-f.ravelrycache.com/uploads/lskynar/870174186/1659612462169-16_square.jpg', 'medium_url': 'https://images4-g.ravelrycache.com/uploads/lskynar/870174186/1659612462169-16_medium.jpg', 'thumbnail_url': 'https://images4-f.ravelrycache.com/uploads/lskynar/870174186/1659612462169-16_thumbnail.jpg', 'small_url': 'https://images4-g.ravelrycache.com/uploads/lskynar/870174186/1659612462169-16_small_best_fit.jpg', 'flickr_url': None, 'shelved_url': 'https://images4-f.ravelrycache.com/uploads/lskynar/870174186/1659612462169-16_shelved.jpg', 'medium2_url': 'https://images4-a.ravelrycache.com/uploads/lskynar/870174186/1659612462169-16_medium2.jpg', 'small2_url': 'https://images4-f.ravelrycache.com/uploads/lskynar/870174186/1659612462169-16_small2.jpg', 'caption': None, 'caption_html': None, 'copyright_holder': None}, {'id': 115892205, 'sort_order': 4, 'user_id': 7548114, 'x_offset': -5, 'y_offset': -35, 'square_url': 'https://images4-f.ravelrycache.com/uploads/lskynar/870174188/20220804_195308_square.jpg', 'medium_url': 'https://images4-g.ravelrycache.com/uploads/lskynar/870174188/20220804_195308_medium.jpg', 'thumbnail_url': 'https://images4-g.ravelrycache.com/uploads/lskynar/870174188/20220804_195308_thumbnail.jpg', 'small_url': 'https://images4-g.ravelrycache.com/uploads/lskynar/870174188/20220804_195308_small.jpg', 'flickr_url': None, 'shelved_url': 'https://images4-g.ravelrycache.com/uploads/lskynar/870174188/20220804_195308_shelved.jpg', 'medium2_url': 'https://images4-a.ravelrycache.com/uploads/lskynar/870174188/20220804_195308_medium2.jpg', 'small2_url': 'https://images4-f.ravelrycache.com/uploads/lskynar/870174188/20220804_195308_small2.jpg', 'caption': None, 'caption_html': None, 'copyright_holder': None}, {'id': 115416083, 'sort_order': 5, 'user_id': 4992336, 'x_offset': -35, 'y_offset': -1, 'square_url': 'https://images4-g.ravelrycache.com/uploads/jjungeunseon/870348715/3B6BBAEE-84B2-40E6-A3F3-47C314F005D8_square.jpeg', 'medium_url': 'https://images4-g.ravelrycache.com/uploads/jjungeunseon/870348715/3B6BBAEE-84B2-40E6-A3F3-47C314F005D8_medium.jpeg', 'thumbnail_url': 'https://images4-g.ravelrycache.com/uploads/jjungeunseon/870348715/3B6BBAEE-84B2-40E6-A3F3-47C314F005D8_thumbnail.jpeg', 'small_url': 'https://images4-f.ravelrycache.com/uploads/jjungeunseon/870348715/3B6BBAEE-84B2-40E6-A3F3-47C314F005D8_small.jpeg', 'flickr_url': None, 'shelved_url': 'https://images4-f.ravelrycache.com/uploads/jjungeunseon/870348715/3B6BBAEE-84B2-40E6-A3F3-47C314F005D8_shelved.jpeg', 'medium2_url': 'https://images4-a.ravelrycache.com/uploads/jjungeunseon/870348715/3B6BBAEE-84B2-40E6-A3F3-47C314F005D8_medium2.jpeg', 'small2_url': 'https://images4-f.ravelrycache.com/uploads/jjungeunseon/870348715/3B6BBAEE-84B2-40E6-A3F3-47C314F005D8_small2.jpeg', 'caption': None, 'caption_html': None, 'copyright_holder': None}, {'id': 114765790, 'sort_order': 6, 'user_id': 8055121, 'x_offset': -13, 'y_offset': 0, 'square_url': 'https://images4-f.ravelrycache.com/uploads/izumitoo/870357885/E66A14F2-6E67-47CE-8113-D2A88A7B0B75_small2_square.jpeg', 'medium_url': 'https://images4-f.ravelrycache.com/uploads/izumitoo/870357885/E66A14F2-6E67-47CE-8113-D2A88A7B0B75_small2_medium.jpeg', 'thumbnail_url': 'https://images4-g.ravelrycache.com/uploads/izumitoo/870357885/E66A14F2-6E67-47CE-8113-D2A88A7B0B75_small2_thumbnail.jpeg', 'small_url': 'https://images4-g.ravelrycache.com/uploads/izumitoo/870357885/E66A14F2-6E67-47CE-8113-D2A88A7B0B75_small2_small_best_fit.jpeg', 'flickr_url': None, 'shelved_url': 'https://images4-g.ravelrycache.com/uploads/izumitoo/870357885/E66A14F2-6E67-47CE-8113-D2A88A7B0B75_small2_shelved.jpeg', 'medium2_url': 'https://images4-f.ravelrycache.com/uploads/izumitoo/870357885/E66A14F2-6E67-47CE-8113-D2A88A7B0B75_small2_medium2.jpeg', 'small2_url': 'https://images4-g.ravelrycache.com/uploads/izumitoo/870357885/E66A14F2-6E67-47CE-8113-D2A88A7B0B75_small2_small2.jpeg', 'caption': None, 'caption_html': None, 'copyright_holder': None}, {'id': 114740036, 'sort_order': 7, 'user_id': 3110547, 'x_offset': -35, 'y_offset': -5, 'square_url': 'https://images4-g.ravelrycache.com/uploads/hagoromo/869398127/C9299C7C-BBBA-4910-931C-760AF665463D_square.jpeg', 'medium_url': 'https://images4-g.ravelrycache.com/uploads/hagoromo/869398127/C9299C7C-BBBA-4910-931C-760AF665463D_medium.jpeg', 'thumbnail_url': 'https://images4-f.ravelrycache.com/uploads/hagoromo/869398127/C9299C7C-BBBA-4910-931C-760AF665463D_thumbnail.jpeg', 'small_url': 'https://images4-g.ravelrycache.com/uploads/hagoromo/869398127/C9299C7C-BBBA-4910-931C-760AF665463D_small.jpeg', 'flickr_url': None, 'shelved_url': 'https://images4-f.ravelrycache.com/uploads/hagoromo/869398127/C9299C7C-BBBA-4910-931C-760AF665463D_shelved.jpeg', 'medium2_url': 'https://images4-a.ravelrycache.com/uploads/hagoromo/869398127/C9299C7C-BBBA-4910-931C-760AF665463D_medium2.jpeg', 'small2_url': 'https://images4-f.ravelrycache.com/uploads/hagoromo/869398127/C9299C7C-BBBA-4910-931C-760AF665463D_small2.jpeg', 'caption': None, 'caption_html': None, 'copyright_holder': None}, {'id': 114765779, 'sort_order': 8, 'user_id': 8055121, 'x_offset': 0, 'y_offset': -20, 'square_url': 'https://images4-f.ravelrycache.com/uploads/izumitoo/870357910/6CD5C157-8A55-47F2-B4F8-9CF1E00DCF69_small2_square.jpeg', 'medium_url': 'https://images4-f.ravelrycache.com/uploads/izumitoo/870357910/6CD5C157-8A55-47F2-B4F8-9CF1E00DCF69_small2_medium.jpeg', 'thumbnail_url': 'https://images4-g.ravelrycache.com/uploads/izumitoo/870357910/6CD5C157-8A55-47F2-B4F8-9CF1E00DCF69_small2_thumbnail.jpeg', 'small_url': 'https://images4-g.ravelrycache.com/uploads/izumitoo/870357910/6CD5C157-8A55-47F2-B4F8-9CF1E00DCF69_small2_small_best_fit.jpeg', 'flickr_url': None, 'shelved_url': 'https://images4-g.ravelrycache.com/uploads/izumitoo/870357910/6CD5C157-8A55-47F2-B4F8-9CF1E00DCF69_small2_shelved.jpeg', 'medium2_url': 'https://images4-f.ravelrycache.com/uploads/izumitoo/870357910/6CD5C157-8A55-47F2-B4F8-9CF1E00DCF69_small2_medium2.jpeg', 'small2_url': 'https://images4-g.ravelrycache.com/uploads/izumitoo/870357910/6CD5C157-8A55-47F2-B4F8-9CF1E00DCF69_small2_small2.jpeg', 'caption': None, 'caption_html': None, 'copyright_holder': None}, {'id': 114739867, 'sort_order': 9, 'user_id': 5574396, 'x_offset': -10, 'y_offset': 0, 'square_url': 'https://images4-f.ravelrycache.com/uploads/Miegg/870176538/F6A38BB8-67A3-4637-BA08-794590E490CF_square.jpeg', 'medium_url': 'https://images4-f.ravelrycache.com/uploads/Miegg/870176538/F6A38BB8-67A3-4637-BA08-794590E490CF_medium.jpeg', 'thumbnail_url': 'https://images4-g.ravelrycache.com/uploads/Miegg/870176538/F6A38BB8-67A3-4637-BA08-794590E490CF_thumbnail.jpeg', 'small_url': 'https://images4-f.ravelrycache.com/uploads/Miegg/870176538/F6A38BB8-67A3-4637-BA08-794590E490CF_small_best_fit.jpeg', 'flickr_url': None, 'shelved_url': 'https://images4-g.ravelrycache.com/uploads/Miegg/870176538/F6A38BB8-67A3-4637-BA08-794590E490CF_shelved.jpeg', 'medium2_url': 'https://images4-a.ravelrycache.com/uploads/Miegg/870176538/F6A38BB8-67A3-4637-BA08-794590E490CF_medium2.jpeg', 'small2_url': 'https://images4-g.ravelrycache.com/uploads/Miegg/870176538/F6A38BB8-67A3-4637-BA08-794590E490CF_small2.jpeg', 'caption': None, 'caption_html': None, 'copyright_holder': None}, {'id': 114733269, 'sort_order': 10, 'user_id': 6049461, 'x_offset': 0, 'y_offset': 0, 'square_url': 'https://images4-f.ravelrycache.com/uploads/grankaG/869351587/DSC_1007_square.JPG', 'medium_url': 'https://images4-g.ravelrycache.com/uploads/grankaG/869351587/DSC_1007_medium.JPG', 'thumbnail_url': 'https://images4-f.ravelrycache.com/uploads/grankaG/869351587/DSC_1007_thumbnail.JPG', 'small_url': 'https://images4-f.ravelrycache.com/uploads/grankaG/869351587/DSC_1007_small_best_fit.JPG', 'flickr_url': None, 'shelved_url': 'https://images4-g.ravelrycache.com/uploads/grankaG/869351587/DSC_1007_shelved.JPG', 'medium2_url': 'https://images4-a.ravelrycache.com/uploads/grankaG/869351587/DSC_1007_medium2.JPG', 'small2_url': 'https://images4-f.ravelrycache.com/uploads/grankaG/869351587/DSC_1007_small2.JPG', 'caption': None, 'caption_html': None, 'copyright_holder': None}, {'id': 114725458, 'sort_order': 11, 'user_id': 582464, 'x_offset': 1, 'y_offset': -20, 'square_url': 'https://images4-f.ravelrycache.com/uploads/cityraccon/869730321/094D168B-3925-4F07-83FC-42B2336CD71A_square.jpeg', 'medium_url': 'https://images4-f.ravelrycache.com/uploads/cityraccon/869730321/094D168B-3925-4F07-83FC-42B2336CD71A_medium.jpeg', 'thumbnail_url': 'https://images4-g.ravelrycache.com/uploads/cityraccon/869730321/094D168B-3925-4F07-83FC-42B2336CD71A_thumbnail.jpeg', 'small_url': 'https://images4-f.ravelrycache.com/uploads/cityraccon/869730321/094D168B-3925-4F07-83FC-42B2336CD71A_small_best_fit.jpeg', 'flickr_url': None, 'shelved_url': 'https://images4-f.ravelrycache.com/uploads/cityraccon/869730321/094D168B-3925-4F07-83FC-42B2336CD71A_shelved.jpeg', 'medium2_url': 'https://images4-a.ravelrycache.com/uploads/cityraccon/869730321/094D168B-3925-4F07-83FC-42B2336CD71A_medium2.jpeg', 'small2_url': 'https://images4-f.ravelrycache.com/uploads/cityraccon/869730321/094D168B-3925-4F07-83FC-42B2336CD71A_small2.jpeg', 'caption': None, 'caption_html': None, 'copyright_holder': None}, {'id': 114725991, 'sort_order': 12, 'user_id': 8172220, 'x_offset': 0, 'y_offset': 0, 'square_url': 'https://images4-g.ravelrycache.com/uploads/marimarinrin/869566830/361D4D3A-F686-4D77-9FF7-B82498C23007_square.jpeg', 'medium_url': 'https://images4-g.ravelrycache.com/uploads/marimarinrin/869566830/361D4D3A-F686-4D77-9FF7-B82498C23007_medium.jpeg', 'thumbnail_url': 'https://images4-g.ravelrycache.com/uploads/marimarinrin/869566830/361D4D3A-F686-4D77-9FF7-B82498C23007_thumbnail.jpeg', 'small_url': 'https://images4-f.ravelrycache.com/uploads/marimarinrin/869566830/361D4D3A-F686-4D77-9FF7-B82498C23007_small_best_fit.jpeg', 'flickr_url': None, 'shelved_url': 'https://images4-g.ravelrycache.com/uploads/marimarinrin/869566830/361D4D3A-F686-4D77-9FF7-B82498C23007_shelved.jpeg', 'medium2_url': 'https://images4-a.ravelrycache.com/uploads/marimarinrin/869566830/361D4D3A-F686-4D77-9FF7-B82498C23007_medium2.jpeg', 'small2_url': 'https://images4-g.ravelrycache.com/uploads/marimarinrin/869566830/361D4D3A-F686-4D77-9FF7-B82498C23007_small2.jpeg', 'caption': None, 'caption_html': None, 'copyright_holder': None}, {'id': 114740035, 'sort_order': 13, 'user_id': 3110547, 'x_offset': -35, 'y_offset': -5, 'square_url': 'https://images4-f.ravelrycache.com/uploads/hagoromo/866855602/F8E7E861-362E-49DD-9DF3-630E7C221D8F_square.jpeg', 'medium_url': 'https://images4-f.ravelrycache.com/uploads/hagoromo/866855602/F8E7E861-362E-49DD-9DF3-630E7C221D8F_medium.jpeg', 'thumbnail_url': 'https://images4-g.ravelrycache.com/uploads/hagoromo/866855602/F8E7E861-362E-49DD-9DF3-630E7C221D8F_thumbnail.jpeg', 'small_url': 'https://images4-f.ravelrycache.com/uploads/hagoromo/866855602/F8E7E861-362E-49DD-9DF3-630E7C221D8F_small.jpeg', 'flickr_url': None, 'shelved_url': 'https://images4-f.ravelrycache.com/uploads/hagoromo/866855602/F8E7E861-362E-49DD-9DF3-630E7C221D8F_shelved.jpeg', 'medium2_url': 'https://images4-a.ravelrycache.com/uploads/hagoromo/866855602/F8E7E861-362E-49DD-9DF3-630E7C221D8F_medium2.jpeg', 'small2_url': 'https://images4-g.ravelrycache.com/uploads/hagoromo/866855602/F8E7E861-362E-49DD-9DF3-630E7C221D8F_small2.jpeg', 'caption': None, 'caption_html': None, 'copyright_holder': None}, {'id': 114733284, 'sort_order': 14, 'user_id': 6049461, 'x_offset': 0, 'y_offset': 0, 'square_url': 'https://images4-f.ravelrycache.com/uploads/grankaG/868045593/DSC_1005_square.JPG', 'medium_url': 'https://images4-g.ravelrycache.com/uploads/grankaG/868045593/DSC_1005_medium.JPG', 'thumbnail_url': 'https://images4-f.ravelrycache.com/uploads/grankaG/868045593/DSC_1005_thumbnail.JPG', 'small_url': 'https://images4-g.ravelrycache.com/uploads/grankaG/868045593/DSC_1005_small_best_fit.JPG', 'flickr_url': None, 'shelved_url': 'https://images4-f.ravelrycache.com/uploads/grankaG/868045593/DSC_1005_shelved.JPG', 'medium2_url': 'https://images4-a.ravelrycache.com/uploads/grankaG/868045593/DSC_1005_medium2.JPG', 'small2_url': 'https://images4-f.ravelrycache.com/uploads/grankaG/868045593/DSC_1005_small2.JPG', 'caption': None, 'caption_html': None, 'copyright_holder': None}, {'id': 114725455, 'sort_order': 15, 'user_id': 582464, 'x_offset': 0, 'y_offset': 0, 'square_url': 'https://images4-g.ravelrycache.com/uploads/cityraccon/870360776/DSC02888_square.jpg', 'medium_url': 'https://images4-g.ravelrycache.com/uploads/cityraccon/870360776/DSC02888_medium.jpg', 'thumbnail_url': 'https://images4-f.ravelrycache.com/uploads/cityraccon/870360776/DSC02888_thumbnail.jpg', 'small_url': 'https://images4-f.ravelrycache.com/uploads/cityraccon/870360776/DSC02888_small_best_fit.jpg', 'flickr_url': None, 'shelved_url': 'https://images4-g.ravelrycache.com/uploads/cityraccon/870360776/DSC02888_shelved.jpg', 'medium2_url': 'https://images4-a.ravelrycache.com/uploads/cityraccon/870360776/DSC02888_medium2.jpg', 'small2_url': 'https://images4-g.ravelrycache.com/uploads/cityraccon/870360776/DSC02888_small2.jpg', 'caption': None, 'caption_html': None, 'copyright_holder': None}, {'id': 114725997, 'sort_order': 16, 'user_id': 8172220, 'x_offset': 0, 'y_offset': 0, 'square_url': 'https://images4-g.ravelrycache.com/uploads/marimarinrin/868899762/CED56A7A-75C5-4287-963F-2590DC761A89_square.jpeg', 'medium_url': 'https://images4-g.ravelrycache.com/uploads/marimarinrin/868899762/CED56A7A-75C5-4287-963F-2590DC761A89_medium.jpeg', 'thumbnail_url': 'https://images4-g.ravelrycache.com/uploads/marimarinrin/868899762/CED56A7A-75C5-4287-963F-2590DC761A89_thumbnail.jpeg', 'small_url': 'https://images4-f.ravelrycache.com/uploads/marimarinrin/868899762/CED56A7A-75C5-4287-963F-2590DC761A89_small_best_fit.jpeg', 'flickr_url': None, 'shelved_url': 'https://images4-g.ravelrycache.com/uploads/marimarinrin/868899762/CED56A7A-75C5-4287-963F-2590DC761A89_shelved.jpeg', 'medium2_url': 'https://images4-a.ravelrycache.com/uploads/marimarinrin/868899762/CED56A7A-75C5-4287-963F-2590DC761A89_medium2.jpeg', 'small2_url': 'https://images4-g.ravelrycache.com/uploads/marimarinrin/868899762/CED56A7A-75C5-4287-963F-2590DC761A89_small2.jpeg', 'caption': None, 'caption_html': None, 'copyright_holder': None}, {'id': 114676004, 'sort_order': 17, 'user_id': 6638389, 'x_offset': 0, 'y_offset': -9, 'square_url': 'https://images4-g.ravelrycache.com/uploads/shimashima428/870168269/bro12_square.jpg', 'medium_url': 'https://images4-g.ravelrycache.com/uploads/shimashima428/870168269/bro12_medium.jpg', 'thumbnail_url': 'https://images4-g.ravelrycache.com/uploads/shimashima428/870168269/bro12_thumbnail.jpg', 'small_url': 'https://images4-g.ravelrycache.com/uploads/shimashima428/870168269/bro12_small_best_fit.jpg', 'flickr_url': None, 'shelved_url': 'https://images4-g.ravelrycache.com/uploads/shimashima428/870168269/bro12_shelved.jpg', 'medium2_url': 'https://images4-a.ravelrycache.com/uploads/shimashima428/870168269/bro12_medium2.jpg', 'small2_url': 'https://images4-g.ravelrycache.com/uploads/shimashima428/870168269/bro12_small2.jpg', 'caption': 'Sample1, size S', 'caption_html': 'Sample1, size S', 'copyright_holder': ''}, {'id': 114676005, 'sort_order': 18, 'user_id': 6638389, 'x_offset': 0, 'y_offset': -13, 'square_url': 'https://images4-f.ravelrycache.com/uploads/shimashima428/870168260/bro11_square.jpg', 'medium_url': 'https://images4-f.ravelrycache.com/uploads/shimashima428/870168260/bro11_medium.jpg', 'thumbnail_url': 'https://images4-f.ravelrycache.com/uploads/shimashima428/870168260/bro11_thumbnail.jpg', 'small_url': 'https://images4-f.ravelrycache.com/uploads/shimashima428/870168260/bro11_small_best_fit.jpg', 'flickr_url': None, 'shelved_url': 'https://images4-g.ravelrycache.com/uploads/shimashima428/870168260/bro11_shelved.jpg', 'medium2_url': 'https://images4-a.ravelrycache.com/uploads/shimashima428/870168260/bro11_medium2.jpg', 'small2_url': 'https://images4-f.ravelrycache.com/uploads/shimashima428/870168260/bro11_small2.jpg', 'caption': 'size S', 'caption_html': 'size S', 'copyright_holder': ''}, {'id': 114676006, 'sort_order': 19, 'user_id': 6638389, 'x_offset': 0, 'y_offset': -8, 'square_url': 'https://images4-g.ravelrycache.com/uploads/shimashima428/870167797/IMG_6127_square.jpg', 'medium_url': 'https://images4-g.ravelrycache.com/uploads/shimashima428/870167797/IMG_6127_medium.jpg', 'thumbnail_url': 'https://images4-f.ravelrycache.com/uploads/shimashima428/870167797/IMG_6127_thumbnail.jpg', 'small_url': 'https://images4-g.ravelrycache.com/uploads/shimashima428/870167797/IMG_6127_small_best_fit.jpg', 'flickr_url': None, 'shelved_url': 'https://images4-f.ravelrycache.com/uploads/shimashima428/870167797/IMG_6127_shelved.jpg', 'medium2_url': 'https://images4-a.ravelrycache.com/uploads/shimashima428/870167797/IMG_6127_medium2.jpg', 'small2_url': 'https://images4-g.ravelrycache.com/uploads/shimashima428/870167797/IMG_6127_small2.jpg', 'caption': 'size S', 'caption_html': 'size S', 'copyright_holder': ''}, {'id': 114676007, 'sort_order': 20, 'user_id': 6638389, 'x_offset': -37, 'y_offset': 1, 'square_url': 'https://images4-f.ravelrycache.com/uploads/shimashima428/870167738/bro9_square.jpg', 'medium_url': 'https://images4-f.ravelrycache.com/uploads/shimashima428/870167738/bro9_medium.jpg', 'thumbnail_url': 'https://images4-f.ravelrycache.com/uploads/shimashima428/870167738/bro9_thumbnail.jpg', 'small_url': 'https://images4-f.ravelrycache.com/uploads/shimashima428/870167738/bro9_small_best_fit.jpg', 'flickr_url': None, 'shelved_url': 'https://images4-f.ravelrycache.com/uploads/shimashima428/870167738/bro9_shelved.jpg', 'medium2_url': 'https://images4-a.ravelrycache.com/uploads/shimashima428/870167738/bro9_medium2.jpg', 'small2_url': 'https://images4-f.ravelrycache.com/uploads/shimashima428/870167738/bro9_small2.jpg', 'caption': None, 'caption_html': None, 'copyright_holder': None}, {'id': 114676008, 'sort_order': 21, 'user_id': 6638389, 'x_offset': -5, 'y_offset': -35, 'square_url': 'https://images4-g.ravelrycache.com/uploads/shimashima428/870167697/bro10_square.jpg', 'medium_url': 'https://images4-g.ravelrycache.com/uploads/shimashima428/870167697/bro10_medium.jpg', 'thumbnail_url': 'https://images4-g.ravelrycache.com/uploads/shimashima428/870167697/bro10_thumbnail.jpg', 'small_url': 'https://images4-f.ravelrycache.com/uploads/shimashima428/870167697/bro10_small.jpg', 'flickr_url': None, 'shelved_url': 'https://images4-g.ravelrycache.com/uploads/shimashima428/870167697/bro10_shelved.jpg', 'medium2_url': 'https://images4-a.ravelrycache.com/uploads/shimashima428/870167697/bro10_medium2.jpg', 'small2_url': 'https://images4-g.ravelrycache.com/uploads/shimashima428/870167697/bro10_small2.jpg', 'caption': None, 'caption_html': None, 'copyright_holder': None}, {'id': 114676009, 'sort_order': 22, 'user_id': 6638389, 'x_offset': 0, 'y_offset': -11, 'square_url': 'https://images4-g.ravelrycache.com/uploads/shimashima428/870167664/bro6_square.jpg', 'medium_url': 'https://images4-g.ravelrycache.com/uploads/shimashima428/870167664/bro6_medium.jpg', 'thumbnail_url': 'https://images4-f.ravelrycache.com/uploads/shimashima428/870167664/bro6_thumbnail.jpg', 'small_url': 'https://images4-g.ravelrycache.com/uploads/shimashima428/870167664/bro6_small_best_fit.jpg', 'flickr_url': None, 'shelved_url': 'https://images4-f.ravelrycache.com/uploads/shimashima428/870167664/bro6_shelved.jpg', 'medium2_url': 'https://images4-a.ravelrycache.com/uploads/shimashima428/870167664/bro6_medium2.jpg', 'small2_url': 'https://images4-g.ravelrycache.com/uploads/shimashima428/870167664/bro6_small2.jpg', 'caption': 'Sample2, size S', 'caption_html': 'Sample2, size S', 'copyright_holder': ''}, {'id': 114676010, 'sort_order': 23, 'user_id': 6638389, 'x_offset': -2, 'y_offset': 0, 'square_url': 'https://images4-f.ravelrycache.com/uploads/shimashima428/870167654/bro5_square.jpg', 'medium_url': 'https://images4-f.ravelrycache.com/uploads/shimashima428/870167654/bro5_medium.jpg', 'thumbnail_url': 'https://images4-g.ravelrycache.com/uploads/shimashima428/870167654/bro5_thumbnail.jpg', 'small_url': 'https://images4-g.ravelrycache.com/uploads/shimashima428/870167654/bro5_small_best_fit.jpg', 'flickr_url': None, 'shelved_url': 'https://images4-f.ravelrycache.com/uploads/shimashima428/870167654/bro5_shelved.jpg', 'medium2_url': 'https://images4-a.ravelrycache.com/uploads/shimashima428/870167654/bro5_medium2.jpg', 'small2_url': 'https://images4-f.ravelrycache.com/uploads/shimashima428/870167654/bro5_small2.jpg', 'caption': None, 'caption_html': None, 'copyright_holder': None}, {'id': 114676011, 'sort_order': 24, 'user_id': 6638389, 'x_offset': 0, 'y_offset': -7, 'square_url': 'https://images4-g.ravelrycache.com/uploads/shimashima428/870167628/bro1_square.jpg', 'medium_url': 'https://images4-g.ravelrycache.com/uploads/shimashima428/870167628/bro1_medium.jpg', 'thumbnail_url': 'https://images4-g.ravelrycache.com/uploads/shimashima428/870167628/bro1_thumbnail.jpg', 'small_url': 'https://images4-f.ravelrycache.com/uploads/shimashima428/870167628/bro1_small_best_fit.jpg', 'flickr_url': None, 'shelved_url': 'https://images4-f.ravelrycache.com/uploads/shimashima428/870167628/bro1_shelved.jpg', 'medium2_url': 'https://images4-a.ravelrycache.com/uploads/shimashima428/870167628/bro1_medium2.jpg', 'small2_url': 'https://images4-g.ravelrycache.com/uploads/shimashima428/870167628/bro1_small2.jpg', 'caption': 'Sample3, size S', 'caption_html': 'Sample3, size S', 'copyright_holder': ''}, {'id': 114676012, 'sort_order': 25, 'user_id': 6638389, 'x_offset': -3, 'y_offset': 0, 'square_url': 'https://images4-f.ravelrycache.com/uploads/shimashima428/870167606/bro2_square.jpg', 'medium_url': 'https://images4-f.ravelrycache.com/uploads/shimashima428/870167606/bro2_medium.jpg', 'thumbnail_url': 'https://images4-g.ravelrycache.com/uploads/shimashima428/870167606/bro2_thumbnail.jpg', 'small_url': 'https://images4-f.ravelrycache.com/uploads/shimashima428/870167606/bro2_small_best_fit.jpg', 'flickr_url': None, 'shelved_url': 'https://images4-g.ravelrycache.com/uploads/shimashima428/870167606/bro2_shelved.jpg', 'medium2_url': 'https://images4-a.ravelrycache.com/uploads/shimashima428/870167606/bro2_medium2.jpg', 'small2_url': 'https://images4-f.ravelrycache.com/uploads/shimashima428/870167606/bro2_small2.jpg', 'caption': None, 'caption_html': None, 'copyright_holder': None}]"
I'll cat you,Svetlana Pakhomova,1262660,https://www.ravelry.com/patterns/library/ill-cat-you,True,https://images4-a.ravelrycache.com/uploads/svetlanaknitesign/870197416/2021-01-25_13-22-33_1__medium2.PNG,Knitting,"['unisex', 'adult', 'bottom-up', 'positive-ease', 'stranded', 'chart', 'written-pattern']",23.0,0.0,True,4.0,st-st,pullover,Fingering,7,0.0,S/M/L/XL ,"[{'id': 114679738, 'sort_order': 1, 'user_id': 7429637, 'x_offset': 0, 'y_offset': -43, 'square_url': 'https://images4-g.ravelrycache.com/uploads/svetlanaknitesign/870197416/2021-01-25_13-22-33_1__square.PNG', 'medium_url': 'https://images4-f.ravelrycache.com/uploads/svetlanaknitesign/870197416/2021-01-25_13-22-33_1__medium.PNG', 'thumbnail_url': 'https://images4-f.ravelrycache.com/uploads/svetlanaknitesign/870197416/2021-01-25_13-22-33_1__thumbnail.PNG', 'small_url': 'https://images4-g.ravelrycache.com/uploads/svetlanaknitesign/870197416/2021-01-25_13-22-33_1__small_best_fit.PNG', 'flickr_url': None, 'shelved_url': 'https://images4-g.ravelrycache.com/uploads/svetlanaknitesign/870197416/2021-01-25_13-22-33_1__shelved.PNG', 'medium2_url': 'https://images4-a.ravelrycache.com/uploads/svetlanaknitesign/870197416/2021-01-25_13-22-33_1__medium2.PNG', 'small2_url': 'https://images4-g.ravelrycache.com/uploads/svetlanaknitesign/870197416/2021-01-25_13-22-33_1__small2.PNG', 'caption': None, 'caption_html': None, 'copyright_holder': None}, {'id': 114679739, 'sort_order': 2, 'user_id': 7429637, 'x_offset': 0, 'y_offset': -43, 'square_url': 'https://images4-g.ravelrycache.com/uploads/svetlanaknitesign/870197424/2021-01-25_12-58-26_square.PNG', 'medium_url': 'https://images4-f.ravelrycache.com/uploads/svetlanaknitesign/870197424/2021-01-25_12-58-26_medium.PNG', 'thumbnail_url': 'https://images4-g.ravelrycache.com/uploads/svetlanaknitesign/870197424/2021-01-25_12-58-26_thumbnail.PNG', 'small_url': 'https://images4-g.ravelrycache.com/uploads/svetlanaknitesign/870197424/2021-01-25_12-58-26_small_best_fit.PNG', 'flickr_url': None, 'shelved_url': 'https://images4-g.ravelrycache.com/uploads/svetlanaknitesign/870197424/2021-01-25_12-58-26_shelved.PNG', 'medium2_url': 'https://images4-a.ravelrycache.com/uploads/svetlanaknitesign/870197424/2021-01-25_12-58-26_medium2.PNG', 'small2_url': 'https://images4-g.ravelrycache.com/uploads/svetlanaknitesign/870197424/2021-01-25_12-58-26_small2.PNG', 'caption': None, 'caption_html': None, 'copyright_holder': None}]"
AME Sweater,Beatrice Mase,1262968,https://www.ravelry.com/patterns/library/ame-sweater,False,https://images4-a.ravelrycache.com/uploads/BeatriceMase/870203051/_DSC0021_medium2.jpg,Knitting,"['female', 'adult', 'no-ease', 'one-piece', 'seamless', 'short-rows', 'top-down', 'phototutorial', 'written-pattern', 'video-tutorial', 'in-the-round', 'stripes-colorwork']",23.0,4.6,True,4.0,Stockinette stitch blocked with 2 yarns held together,pullover,DK,21,5.0,a. b. c. d. e. f. g. h. i.,"[{'id': 114702865, 'sort_order': 1, 'user_id': 9287926, 'x_offset': -43, 'y_offset': 0, 'square_url': 'https://images4-f.ravelrycache.com/uploads/BeatriceMase/870203051/_DSC0021_square.jpg', 'medium_url': 'https://images4-f.ravelrycache.com/uploads/BeatriceMase/870203051/_DSC0021_medium.jpg', 'thumbnail_url': 'https://images4-f.ravelrycache.com/uploads/BeatriceMase/870203051/_DSC0021_thumbnail.jpg', 'small_url': 'https://images4-g.ravelrycache.com/uploads/BeatriceMase/870203051/_DSC0021_small_best_fit.jpg', 'flickr_url': None, 'shelved_url': 'https://images4-g.ravelrycache.com/uploads/BeatriceMase/870203051/_DSC0021_shelved.jpg', 'medium2_url': 'https://images4-a.ravelrycache.com/uploads/BeatriceMase/870203051/_DSC0021_medium2.jpg', 'small2_url': 'https://images4-f.ravelrycache.com/uploads/BeatriceMase/870203051/_DSC0021_small2.jpg', 'caption': None, 'caption_html': None, 'copyright_holder': None}, {'id': 114702866, 'sort_order': 2, 'user_id': 9287926, 'x_offset': -43, 'y_offset': 0, 'square_url': 'https://images4-f.ravelrycache.com/uploads/BeatriceMase/870203069/_DSC0024_square.jpg', 'medium_url': 'https://images4-f.ravelrycache.com/uploads/BeatriceMase/870203069/_DSC0024_medium.jpg', 'thumbnail_url': 'https://images4-g.ravelrycache.com/uploads/BeatriceMase/870203069/_DSC0024_thumbnail.jpg', 'small_url': 'https://images4-f.ravelrycache.com/uploads/BeatriceMase/870203069/_DSC0024_small_best_fit.jpg', 'flickr_url': None, 'shelved_url': 'https://images4-f.ravelrycache.com/uploads/BeatriceMase/870203069/_DSC0024_shelved.jpg', 'medium2_url': 'https://images4-a.ravelrycache.com/uploads/BeatriceMase/870203069/_DSC0024_medium2.jpg', 'small2_url': 'https://images4-f.ravelrycache.com/uploads/BeatriceMase/870203069/_DSC0024_small2.jpg', 'caption': None, 'caption_html': None, 'copyright_holder': None}, {'id': 114702867, 'sort_order': 3, 'user_id': 9287926, 'x_offset': 0, 'y_offset': -43, 'square_url': 'https://images4-g.ravelrycache.com/uploads/BeatriceMase/870203094/_DSC0053_square.jpg', 'medium_url': 'https://images4-g.ravelrycache.com/uploads/BeatriceMase/870203094/_DSC0053_medium.jpg', 'thumbnail_url': 'https://images4-f.ravelrycache.com/uploads/BeatriceMase/870203094/_DSC0053_thumbnail.jpg', 'small_url': 'https://images4-f.ravelrycache.com/uploads/BeatriceMase/870203094/_DSC0053_small_best_fit.jpg', 'flickr_url': None, 'shelved_url': 'https://images4-f.ravelrycache.com/uploads/BeatriceMase/870203094/_DSC0053_shelved.jpg', 'medium2_url': 'https://images4-a.ravelrycache.com/uploads/BeatriceMase/870203094/_DSC0053_medium2.jpg', 'small2_url': 'https://images4-g.ravelrycache.com/uploads/BeatriceMase/870203094/_DSC0053_small2.jpg', 'caption': None, 'caption_html': None, 'copyright_holder': None}, {'id': 114702868, 'sort_order': 4, 'user_id': 9287926, 'x_offset': 0, 'y_offset': -43, 'square_url': 'https://images4-g.ravelrycache.com/uploads/BeatriceMase/870203057/_DSC0055_square.jpg', 'medium_url': 'https://images4-g.ravelrycache.com/uploads/BeatriceMase/870203057/_DSC0055_medium.jpg', 'thumbnail_url': 'https://images4-g.ravelrycache.com/uploads/BeatriceMase/870203057/_DSC0055_thumbnail.jpg', 'small_url': 'https://images4-f.ravelrycache.com/uploads/BeatriceMase/870203057/_DSC0055_small_best_fit.jpg', 'flickr_url': None, 'shelved_url': 'https://images4-f.ravelrycache.com/uploads/BeatriceMase/870203057/_DSC0055_shelved.jpg', 'medium2_url': 'https://images4-a.ravelrycache.com/uploads/BeatriceMase/870203057/_DSC0055_medium2.jpg', 'small2_url': 'https://images4-g.ravelrycache.com/uploads/BeatriceMase/870203057/_DSC0055_small2.jpg', 'caption': None, 'caption_html': None, 'copyright_holder': None}, {'id': 114702869, 'sort_order': 5, 'user_id': 9287926, 'x_offset': 0, 'y_offset': -43, 'square_url': 'https://images4-f.ravelrycache.com/uploads/BeatriceMase/870203068/_DSC0057_square.jpg', 'medium_url': 'https://images4-f.ravelrycache.com/uploads/BeatriceMase/870203068/_DSC0057_medium.jpg', 'thumbnail_url': 'https://images4-g.ravelrycache.com/uploads/BeatriceMase/870203068/_DSC0057_thumbnail.jpg', 'small_url': 'https://images4-f.ravelrycache.com/uploads/BeatriceMase/870203068/_DSC0057_small_best_fit.jpg', 'flickr_url': None, 'shelved_url': 'https://images4-g.ravelrycache.com/uploads/BeatriceMase/870203068/_DSC0057_shelved.jpg', 'medium2_url': 'https://images4-a.ravelrycache.com/uploads/BeatriceMase/870203068/_DSC0057_medium2.jpg', 'small2_url': 'https://images4-f.ravelrycache.com/uploads/BeatriceMase/870203068/_DSC0057_small2.jpg', 'caption': None, 'caption_html': None, 'copyright_holder': None}, {'id': 114702870, 'sort_order': 6, 'user_id': 9287926, 'x_offset': 0, 'y_offset': -43, 'square_url': 'https://images4-g.ravelrycache.com/uploads/BeatriceMase/870203056/_DSC0076_square.jpg', 'medium_url': 'https://images4-g.ravelrycache.com/uploads/BeatriceMase/870203056/_DSC0076_medium.jpg', 'thumbnail_url': 'https://images4-f.ravelrycache.com/uploads/BeatriceMase/870203056/_DSC0076_thumbnail.jpg', 'small_url': 'https://images4-g.ravelrycache.com/uploads/BeatriceMase/870203056/_DSC0076_small_best_fit.jpg', 'flickr_url': None, 'shelved_url': 'https://images4-f.ravelrycache.com/uploads/BeatriceMase/870203056/_DSC0076_shelved.jpg', 'medium2_url': 'https://images4-a.ravelrycache.com/uploads/BeatriceMase/870203056/_DSC0076_medium2.jpg', 'small2_url': 'https://images4-g.ravelrycache.com/uploads/BeatriceMase/870203056/_DSC0076_small2.jpg', 'caption': None, 'caption_html': None, 'copyright_holder': None}, {'id': 114702871, 'sort_order': 7, 'user_id': 9287926, 'x_offset': 0, 'y_offset': -43, 'square_url': 'https://images4-f.ravelrycache.com/uploads/BeatriceMase/870203065/_DSC0078_square.jpg', 'medium_url': 'https://images4-f.ravelrycache.com/uploads/BeatriceMase/870203065/_DSC0078_medium.jpg', 'thumbnail_url': 'https://images4-g.ravelrycache.com/uploads/BeatriceMase/870203065/_DSC0078_thumbnail.jpg', 'small_url': 'https://images4-f.ravelrycache.com/uploads/BeatriceMase/870203065/_DSC0078_small_best_fit.jpg', 'flickr_url': None, 'shelved_url': 'https://images4-g.ravelrycache.com/uploads/BeatriceMase/870203065/_DSC0078_shelved.jpg', 'medium2_url': 'https://images4-a.ravelrycache.com/uploads/BeatriceMase/870203065/_DSC0078_medium2.jpg', 'small2_url': 'https://images4-f.ravelrycache.com/uploads/BeatriceMase/870203065/_DSC0078_small2.jpg', 'caption': None, 'caption_html': None, 'copyright_holder': None}, {'id': 114702872, 'sort_order': 8, 'user_id': 9287926, 'x_offset': 0, 'y_offset': -43, 'square_url': 'https://images4-f.ravelrycache.com/uploads/BeatriceMase/870203061/_DSC0087_square.jpg', 'medium_url': 'https://images4-f.ravelrycache.com/uploads/BeatriceMase/870203061/_DSC0087_medium.jpg', 'thumbnail_url': 'https://images4-g.ravelrycache.com/uploads/BeatriceMase/870203061/_DSC0087_thumbnail.jpg', 'small_url': 'https://images4-g.ravelrycache.com/uploads/BeatriceMase/870203061/_DSC0087_small_best_fit.jpg', 'flickr_url': None, 'shelved_url': 'https://images4-g.ravelrycache.com/uploads/BeatriceMase/870203061/_DSC0087_shelved.jpg', 'medium2_url': 'https://images4-a.ravelrycache.com/uploads/BeatriceMase/870203061/_DSC0087_medium2.jpg', 'small2_url': 'https://images4-f.ravelrycache.com/uploads/BeatriceMase/870203061/_DSC0087_small2.jpg', 'caption': None, 'caption_html': None, 'copyright_holder': None}, {'id': 114702873, 'sort_order': 9, 'user_id': 9287926, 'x_offset': 0, 'y_offset': -43, 'square_url': 'https://images4-g.ravelrycache.com/uploads/BeatriceMase/870203060/_DSC0091_square.jpg', 'medium_url': 'https://images4-g.ravelrycache.com/uploads/BeatriceMase/870203060/_DSC0091_medium.jpg', 'thumbnail_url': 'https://images4-g.ravelrycache.com/uploads/BeatriceMase/870203060/_DSC0091_thumbnail.jpg', 'small_url': 'https://images4-g.ravelrycache.com/uploads/BeatriceMase/870203060/_DSC0091_small_best_fit.jpg', 'flickr_url': None, 'shelved_url': 'https://images4-g.ravelrycache.com/uploads/BeatriceMase/870203060/_DSC0091_shelved.jpg', 'medium2_url': 'https://images4-a.ravelrycache.com/uploads/BeatriceMase/870203060/_DSC0091_medium2.jpg', 'small2_url': 'https://images4-g.ravelrycache.com/uploads/BeatriceMase/870203060/_DSC0091_small2.jpg', 'caption': None, 'caption_html': None, 'copyright_holder': None}, {'id': 114702874, 'sort_order': 10, 'user_id': 9287926, 'x_offset': 0, 'y_offset': -43, 'square_url': 'https://images4-g.ravelrycache.com/uploads/BeatriceMase/870203049/_DSC0102_square.jpg', 'medium_url': 'https://images4-g.ravelrycache.com/uploads/BeatriceMase/870203049/_DSC0102_medium.jpg', 'thumbnail_url': 'https://images4-g.ravelrycache.com/uploads/BeatriceMase/870203049/_DSC0102_thumbnail.jpg', 'small_url': 'https://images4-g.ravelrycache.com/uploads/BeatriceMase/870203049/_DSC0102_small_best_fit.jpg', 'flickr_url': None, 'shelved_url': 'https://images4-g.ravelrycache.com/uploads/BeatriceMase/870203049/_DSC0102_shelved.jpg', 'medium2_url': 'https://images4-a.ravelrycache.com/uploads/BeatriceMase/870203049/_DSC0102_medium2.jpg', 'small2_url': 'https://images4-g.ravelrycache.com/uploads/BeatriceMase/870203049/_DSC0102_small2.jpg', 'caption': None, 'caption_html': None, 'copyright_holder': None}, {'id': 114702875, 'sort_order': 11, 'user_id': 9287926, 'x_offset': 0, 'y_offset': -43, 'square_url': 'https://images4-g.ravelrycache.com/uploads/BeatriceMase/870203074/_DSC0110_square.jpg', 'medium_url': 'https://images4-g.ravelrycache.com/uploads/BeatriceMase/870203074/_DSC0110_medium.jpg', 'thumbnail_url': 'https://images4-f.ravelrycache.com/uploads/BeatriceMase/870203074/_DSC0110_thumbnail.jpg', 'small_url': 'https://images4-g.ravelrycache.com/uploads/BeatriceMase/870203074/_DSC0110_small_best_fit.jpg', 'flickr_url': None, 'shelved_url': 'https://images4-g.ravelrycache.com/uploads/BeatriceMase/870203074/_DSC0110_shelved.jpg', 'medium2_url': 'https://images4-a.ravelrycache.com/uploads/BeatriceMase/870203074/_DSC0110_medium2.jpg', 'small2_url': 'https://images4-g.ravelrycache.com/uploads/BeatriceMase/870203074/_DSC0110_small2.jpg', 'caption': None, 'caption_html': None, 'copyright_holder': None}, {'id': 114702946, 'sort_order': 12, 'user_id': 9287926, 'x_offset': 0, 'y_offset': -22, 'square_url': 'https://images4-f.ravelrycache.com/uploads/adventuristyarn/870377384/SCB_8631_square.jpg', 'medium_url': 'https://images4-f.ravelrycache.com/uploads/adventuristyarn/870377384/SCB_8631_medium.jpg', 'thumbnail_url': 'https://images4-g.ravelrycache.com/uploads/adventuristyarn/870377384/SCB_8631_thumbnail.jpg', 'small_url': 'https://images4-f.ravelrycache.com/uploads/adventuristyarn/870377384/SCB_8631_small_best_fit.jpg', 'flickr_url': None, 'shelved_url': 'https://images4-f.ravelrycache.com/uploads/adventuristyarn/870377384/SCB_8631_shelved.jpg', 'medium2_url': 'https://images4-a.ravelrycache.com/uploads/adventuristyarn/870377384/SCB_8631_medium2.jpg', 'small2_url': 'https://images4-f.ravelrycache.com/uploads/adventuristyarn/870377384/SCB_8631_small2.jpg', 'caption': None, 'caption_html': None, 'copyright_holder': 'adventuristyarn'}, {'id': 114702876, 'sort_order': 13, 'user_id': 9287926, 'x_offset': -40, 'y_offset': 0, 'square_url': 'https://images4-g.ravelrycache.com/uploads/THCrafts/869411258/PSX_20220809_150050_square.jpg', 'medium_url': 'https://images4-g.ravelrycache.com/uploads/THCrafts/869411258/PSX_20220809_150050_medium.jpg', 'thumbnail_url': 'https://images4-g.ravelrycache.com/uploads/THCrafts/869411258/PSX_20220809_150050_thumbnail.jpg', 'small_url': 'https://images4-g.ravelrycache.com/uploads/THCrafts/869411258/PSX_20220809_150050_small_best_fit.jpg', 'flickr_url': None, 'shelved_url': 'https://images4-f.ravelrycache.com/uploads/THCrafts/869411258/PSX_20220809_150050_shelved.jpg', 'medium2_url': 'https://images4-a.ravelrycache.com/uploads/THCrafts/869411258/PSX_20220809_150050_medium2.jpg', 'small2_url': 'https://images4-g.ravelrycache.com/uploads/THCrafts/869411258/PSX_20220809_150050_small2.jpg', 'caption': None, 'caption_html': None, 'copyright_holder': 'THCrafts'}, {'id': 114702877, 'sort_order': 14, 'user_id': 9287926, 'x_offset': -5, 'y_offset': -35, 'square_url': 'https://images4-g.ravelrycache.com/uploads/SvitlanaRoos/867405826/81103520-5826-49E2-8939-D6F486F5218A_square.jpeg', 'medium_url': 'https://images4-g.ravelrycache.com/uploads/SvitlanaRoos/867405826/81103520-5826-49E2-8939-D6F486F5218A_medium.jpeg', 'thumbnail_url': 'https://images4-g.ravelrycache.com/uploads/SvitlanaRoos/867405826/81103520-5826-49E2-8939-D6F486F5218A_thumbnail.jpeg', 'small_url': 'https://images4-f.ravelrycache.com/uploads/SvitlanaRoos/867405826/81103520-5826-49E2-8939-D6F486F5218A_small.jpeg', 'flickr_url': None, 'shelved_url': 'https://images4-f.ravelrycache.com/uploads/SvitlanaRoos/867405826/81103520-5826-49E2-8939-D6F486F5218A_shelved.jpeg', 'medium2_url': 'https://images4-a.ravelrycache.com/uploads/SvitlanaRoos/867405826/81103520-5826-49E2-8939-D6F486F5218A_medium2.jpeg', 'small2_url': 'https://images4-g.ravelrycache.com/uploads/SvitlanaRoos/867405826/81103520-5826-49E2-8939-D6F486F5218A_small2.jpeg', 'caption': None, 'caption_html': None, 'copyright_holder': 'SvitlanaRoos'}, {'id': 114702878, 'sort_order': 15, 'user_id': 9287926, 'x_offset': -66, 'y_offset': 0, 'square_url': 'https://images4-g.ravelrycache.com/uploads/uhauke/868945137/20220806_130435_square.jpg', 'medium_url': 'https://images4-g.ravelrycache.com/uploads/uhauke/868945137/20220806_130435_medium.jpg', 'thumbnail_url': 'https://images4-g.ravelrycache.com/uploads/uhauke/868945137/20220806_130435_thumbnail.jpg', 'small_url': 'https://images4-g.ravelrycache.com/uploads/uhauke/868945137/20220806_130435_small_best_fit.jpg', 'flickr_url': None, 'shelved_url': 'https://images4-f.ravelrycache.com/uploads/uhauke/868945137/20220806_130435_shelved.jpg', 'medium2_url': 'https://images4-a.ravelrycache.com/uploads/uhauke/868945137/20220806_130435_medium2.jpg', 'small2_url': 'https://images4-g.ravelrycache.com/uploads/uhauke/868945137/20220806_130435_small2.jpg', 'caption': None, 'caption_html': None, 'copyright_holder': 'uhauke'}, {'id': 114702879, 'sort_order': 16, 'user_id': 9287926, 'x_offset': -5, 'y_offset': -35, 'square_url': 'https://images4-f.ravelrycache.com/uploads/pedrn2/864524257/F26E91B8-B04D-4FF0-A1ED-34F5B993B042_square.jpeg', 'medium_url': 'https://images4-f.ravelrycache.com/uploads/pedrn2/864524257/F26E91B8-B04D-4FF0-A1ED-34F5B993B042_medium.jpeg', 'thumbnail_url': 'https://images4-f.ravelrycache.com/uploads/pedrn2/864524257/F26E91B8-B04D-4FF0-A1ED-34F5B993B042_thumbnail.jpeg', 'small_url': 'https://images4-g.ravelrycache.com/uploads/pedrn2/864524257/F26E91B8-B04D-4FF0-A1ED-34F5B993B042_small.jpeg', 'flickr_url': None, 'shelved_url': 'https://images4-g.ravelrycache.com/uploads/pedrn2/864524257/F26E91B8-B04D-4FF0-A1ED-34F5B993B042_shelved.jpeg', 'medium2_url': 'https://images4-a.ravelrycache.com/uploads/pedrn2/864524257/F26E91B8-B04D-4FF0-A1ED-34F5B993B042_medium2.jpeg', 'small2_url': 'https://images4-f.ravelrycache.com/uploads/pedrn2/864524257/F26E91B8-B04D-4FF0-A1ED-34F5B993B042_small2.jpeg', 'caption': None, 'caption_html': None, 'copyright_holder': 'pedrn2'}, {'id': 114702880, 'sort_order': 17, 'user_id': 9287926, 'x_offset': 0, 'y_offset': -52, 'square_url': 'https://images4-g.ravelrycache.com/uploads/Agneska77/869391240/297645678_600152111696494_6711621928874861784_n__1__square.jpg', 'medium_url': 'https://images4-g.ravelrycache.com/uploads/Agneska77/869391240/297645678_600152111696494_6711621928874861784_n__1__medium.jpg', 'thumbnail_url': 'https://images4-g.ravelrycache.com/uploads/Agneska77/869391240/297645678_600152111696494_6711621928874861784_n__1__thumbnail.jpg', 'small_url': 'https://images4-f.ravelrycache.com/uploads/Agneska77/869391240/297645678_600152111696494_6711621928874861784_n__1__small_best_fit.jpg', 'flickr_url': None, 'shelved_url': 'https://images4-g.ravelrycache.com/uploads/Agneska77/869391240/297645678_600152111696494_6711621928874861784_n__1__shelved.jpg', 'medium2_url': 'https://images4-a.ravelrycache.com/uploads/Agneska77/869391240/297645678_600152111696494_6711621928874861784_n__1__medium2.jpg', 'small2_url': 'https://images4-g.ravelrycache.com/uploads/Agneska77/869391240/297645678_600152111696494_6711621928874861784_n__1__small2.jpg', 'caption': None, 'caption_html': None, 'copyright_holder': 'Agneska77'}, {'id': 114702881, 'sort_order': 18, 'user_id': 9287926, 'x_offset': 0, 'y_offset': -22, 'square_url': 'https://images4-f.ravelrycache.com/uploads/Victoine/866706744/99130065-9023-4E10-A92D-E1DF5F8D3BD9_square.jpeg', 'medium_url': 'https://images4-f.ravelrycache.com/uploads/Victoine/866706744/99130065-9023-4E10-A92D-E1DF5F8D3BD9_medium.jpeg', 'thumbnail_url': 'https://images4-f.ravelrycache.com/uploads/Victoine/866706744/99130065-9023-4E10-A92D-E1DF5F8D3BD9_thumbnail.jpeg', 'small_url': 'https://images4-f.ravelrycache.com/uploads/Victoine/866706744/99130065-9023-4E10-A92D-E1DF5F8D3BD9_small_best_fit.jpeg', 'flickr_url': None, 'shelved_url': 'https://images4-f.ravelrycache.com/uploads/Victoine/866706744/99130065-9023-4E10-A92D-E1DF5F8D3BD9_shelved.jpeg', 'medium2_url': 'https://images4-a.ravelrycache.com/uploads/Victoine/866706744/99130065-9023-4E10-A92D-E1DF5F8D3BD9_medium2.jpeg', 'small2_url': 'https://images4-f.ravelrycache.com/uploads/Victoine/866706744/99130065-9023-4E10-A92D-E1DF5F8D3BD9_small2.jpeg', 'caption': None, 'caption_html': None, 'copyright_holder': 'Victoine'}, {'id': 114702882, 'sort_order': 19, 'user_id': 9287926, 'x_offset': 0, 'y_offset': -53, 'square_url': 'https://images4-g.ravelrycache.com/uploads/v3rknits/866399396/20220722_215446_square.jpg', 'medium_url': 'https://images4-g.ravelrycache.com/uploads/v3rknits/866399396/20220722_215446_medium.jpg', 'thumbnail_url': 'https://images4-f.ravelrycache.com/uploads/v3rknits/866399396/20220722_215446_thumbnail.jpg', 'small_url': 'https://images4-f.ravelrycache.com/uploads/v3rknits/866399396/20220722_215446_small_best_fit.jpg', 'flickr_url': None, 'shelved_url': 'https://images4-g.ravelrycache.com/uploads/v3rknits/866399396/20220722_215446_shelved.jpg', 'medium2_url': 'https://images4-a.ravelrycache.com/uploads/v3rknits/866399396/20220722_215446_medium2.jpg', 'small2_url': 'https://images4-g.ravelrycache.com/uploads/v3rknits/866399396/20220722_215446_small2.jpg', 'caption': None, 'caption_html': None, 'copyright_holder': ' v3rknits'}, {'id': 114702883, 'sort_order': 20, 'user_id': 9287926, 'x_offset': 0, 'y_offset': 0, 'square_url': 'https://images4-f.ravelrycache.com/uploads/folkiSK/861900788/IMG_20220625_183421_639_square.jpg', 'medium_url': 'https://images4-f.ravelrycache.com/uploads/folkiSK/861900788/IMG_20220625_183421_639_medium.jpg', 'thumbnail_url': 'https://images4-f.ravelrycache.com/uploads/folkiSK/861900788/IMG_20220625_183421_639_thumbnail.jpg', 'small_url': 'https://images4-f.ravelrycache.com/uploads/folkiSK/861900788/IMG_20220625_183421_639_small_best_fit.jpg', 'flickr_url': None, 'shelved_url': 'https://images4-f.ravelrycache.com/uploads/folkiSK/861900788/IMG_20220625_183421_639_shelved.jpg', 'medium2_url': 'https://images4-a.ravelrycache.com/uploads/folkiSK/861900788/IMG_20220625_183421_639_medium2.jpg', 'small2_url': 'https://images4-f.ravelrycache.com/uploads/folkiSK/861900788/IMG_20220625_183421_639_small2.jpg', 'caption': None, 'caption_html': None, 'copyright_holder': 'folkiSK'}, {'id': 114702884, 'sort_order': 21, 'user_id': 9287926, 'x_offset': -5, 'y_offset': -35, 'square_url': 'https://images4-f.ravelrycache.com/uploads/Polona78/868924281/IMG_20220806_182519_square.jpg', 'medium_url': 'https://images4-f.ravelrycache.com/uploads/Polona78/868924281/IMG_20220806_182519_medium.jpg', 'thumbnail_url': 'https://images4-g.ravelrycache.com/uploads/Polona78/868924281/IMG_20220806_182519_thumbnail.jpg', 'small_url': 'https://images4-f.ravelrycache.com/uploads/Polona78/868924281/IMG_20220806_182519_small.jpg', 'flickr_url': None, 'shelved_url': 'https://images4-g.ravelrycache.com/uploads/Polona78/868924281/IMG_20220806_182519_shelved.jpg', 'medium2_url': 'https://images4-a.ravelrycache.com/uploads/Polona78/868924281/IMG_20220806_182519_medium2.jpg', 'small2_url': 'https://images4-f.ravelrycache.com/uploads/Polona78/868924281/IMG_20220806_182519_small2.jpg', 'caption': None, 'caption_html': None, 'copyright_holder': 'Polona78'}, {'id': 114702885, 'sort_order': 22, 'user_id': 9287926, 'x_offset': -35, 'y_offset': -5, 'square_url': 'https://images4-g.ravelrycache.com/uploads/Planetalanar/868236803/IMG_20220802_120523_772_square.jpg', 'medium_url': 'https://images4-g.ravelrycache.com/uploads/Planetalanar/868236803/IMG_20220802_120523_772_medium.jpg', 'thumbnail_url': 'https://images4-g.ravelrycache.com/uploads/Planetalanar/868236803/IMG_20220802_120523_772_thumbnail.jpg', 'small_url': 'https://images4-g.ravelrycache.com/uploads/Planetalanar/868236803/IMG_20220802_120523_772_small.jpg', 'flickr_url': None, 'shelved_url': 'https://images4-g.ravelrycache.com/uploads/Planetalanar/868236803/IMG_20220802_120523_772_shelved.jpg', 'medium2_url': 'https://images4-a.ravelrycache.com/uploads/Planetalanar/868236803/IMG_20220802_120523_772_medium2.jpg', 'small2_url': 'https://images4-g.ravelrycache.com/uploads/Planetalanar/868236803/IMG_20220802_120523_772_small2.jpg', 'caption': None, 'caption_html': None, 'copyright_holder': 'Planetalanar'}, {'id': 114702886, 'sort_order': 23, 'user_id': 9287926, 'x_offset': 0, 'y_offset': -12, 'square_url': 'https://images4-f.ravelrycache.com/uploads/PearlKnitPurlShop/869787729/upload_square', 'medium_url': 'https://images4-g.ravelrycache.com/uploads/PearlKnitPurlShop/869787729/upload_medium', 'thumbnail_url': 'https://images4-f.ravelrycache.com/uploads/PearlKnitPurlShop/869787729/upload_thumbnail', 'small_url': 'https://images4-f.ravelrycache.com/uploads/PearlKnitPurlShop/869787729/upload_small_best_fit', 'flickr_url': None, 'shelved_url': 'https://images4-f.ravelrycache.com/uploads/PearlKnitPurlShop/869787729/upload_shelved', 'medium2_url': 'https://images4-a.ravelrycache.com/uploads/PearlKnitPurlShop/869787729/upload_medium2', 'small2_url': 'https://images4-f.ravelrycache.com/uploads/PearlKnitPurlShop/869787729/upload_small2', 'caption': None, 'caption_html': None, 'copyright_holder': ' PearlKnitPurlShop'}, {'id': 114702887, 'sort_order': 24, 'user_id': 9287926, 'x_offset': -1, 'y_offset': -23, 'square_url': 'https://images4-f.ravelrycache.com/uploads/Simoom/867889289/FC202F07-E562-4862-A99A-662478A7B10D_square.jpeg', 'medium_url': 'https://images4-f.ravelrycache.com/uploads/Simoom/867889289/FC202F07-E562-4862-A99A-662478A7B10D_medium.jpeg', 'thumbnail_url': 'https://images4-f.ravelrycache.com/uploads/Simoom/867889289/FC202F07-E562-4862-A99A-662478A7B10D_thumbnail.jpeg', 'small_url': 'https://images4-f.ravelrycache.com/uploads/Simoom/867889289/FC202F07-E562-4862-A99A-662478A7B10D_small_best_fit.jpeg', 'flickr_url': None, 'shelved_url': 'https://images4-f.ravelrycache.com/uploads/Simoom/867889289/FC202F07-E562-4862-A99A-662478A7B10D_shelved.jpeg', 'medium2_url': 'https://images4-a.ravelrycache.com/uploads/Simoom/867889289/FC202F07-E562-4862-A99A-662478A7B10D_medium2.jpeg', 'small2_url': 'https://images4-f.ravelrycache.com/uploads/Simoom/867889289/FC202F07-E562-4862-A99A-662478A7B10D_small2.jpeg', 'caption': None, 'caption_html': None, 'copyright_holder': 'Simoom'}, {'id': 115840159, 'sort_order': 25, 'user_id': 9287926, 'x_offset': -5, 'y_offset': -35, 'square_url': 'https://images4-g.ravelrycache.com/uploads/aKnittingTale/879247707/IMG_2175_square.jpeg', 'medium_url': 'https://images4-g.ravelrycache.com/uploads/aKnittingTale/879247707/IMG_2175_medium.jpeg', 'thumbnail_url': 'https://images4-g.ravelrycache.com/uploads/aKnittingTale/879247707/IMG_2175_thumbnail.jpeg', 'small_url': 'https://images4-g.ravelrycache.com/uploads/aKnittingTale/879247707/IMG_2175_small.jpeg', 'flickr_url': None, 'shelved_url': 'https://images4-f.ravelrycache.com/uploads/aKnittingTale/879247707/IMG_2175_shelved.jpeg', 'medium2_url': 'https://images4-a.ravelrycache.com/uploads/aKnittingTale/879247707/IMG_2175_medium2.jpeg', 'small2_url': 'https://images4-f.ravelrycache.com/uploads/aKnittingTale/879247707/IMG_2175_small2.jpeg', 'caption': None, 'caption_html': None, 'copyright_holder': 'aKnittingTale'}]"
Skanseparken,Susie Haumann,1262982,https://www.ravelry.com/patterns/library/skanseparken,False,https://images4-a.ravelrycache.com/uploads/susiehaumannstrik/869964720/653602B6-39E3-448B-B47E-BC11BB9E04DE_medium2.jpeg,Knitting,"['female', 'adult', 'turtleneck', 'raglan-sleeve', 'stranded', 'seamless', 'short-rows', 'bottom-up', 'chart', 'written-pattern', 'in-the-round']",23.0,0.0,True,4.0,,pullover,Fingering,10,4.666666666666667,S(M)L(XL),"[{'id': 114703286, 'sort_order': 1, 'user_id': 7571466, 'x_offset': 0, 'y_offset': 0, 'square_url': 'https://images4-f.ravelrycache.com/uploads/susiehaumannstrik/869964720/653602B6-39E3-448B-B47E-BC11BB9E04DE_square.jpeg', 'medium_url': 'https://images4-f.ravelrycache.com/uploads/susiehaumannstrik/869964720/653602B6-39E3-448B-B47E-BC11BB9E04DE_medium.jpeg', 'thumbnail_url': 'https://images4-g.ravelrycache.com/uploads/susiehaumannstrik/869964720/653602B6-39E3-448B-B47E-BC11BB9E04DE_thumbnail.jpeg', 'small_url': 'https://images4-f.ravelrycache.com/uploads/susiehaumannstrik/869964720/653602B6-39E3-448B-B47E-BC11BB9E04DE_small_best_fit.jpeg', 'flickr_url': None, 'shelved_url': 'https://images4-f.ravelrycache.com/uploads/susiehaumannstrik/869964720/653602B6-39E3-448B-B47E-BC11BB9E04DE_shelved.jpeg', 'medium2_url': 'https://images4-a.ravelrycache.com/uploads/susiehaumannstrik/869964720/653602B6-39E3-448B-B47E-BC11BB9E04DE_medium2.jpeg', 'small2_url': 'https://images4-f.ravelrycache.com/uploads/susiehaumannstrik/869964720/653602B6-39E3-448B-B47E-BC11BB9E04DE_small2.jpeg', 'caption': None, 'caption_html': None, 'copyright_holder': None}, {'id': 134504051, 'sort_order': 2, 'user_id': 7571466, 'x_offset': -43, 'y_offset': 0, 'square_url': 'https://images4-g.ravelrycache.com/uploads/susiehaumannstrik/1030277001/Skanseparken_-_nr_square.jpg', 'medium_url': 'https://images4-f.ravelrycache.com/uploads/susiehaumannstrik/1030277001/Skanseparken_-_nr_medium.jpg', 'thumbnail_url': 'https://images4-f.ravelrycache.com/uploads/susiehaumannstrik/1030277001/Skanseparken_-_nr_thumbnail.jpg', 'small_url': 'https://images4-f.ravelrycache.com/uploads/susiehaumannstrik/1030277001/Skanseparken_-_nr_small_best_fit.jpg', 'flickr_url': None, 'shelved_url': 'https://images4-f.ravelrycache.com/uploads/susiehaumannstrik/1030277001/Skanseparken_-_nr_shelved.jpg', 'medium2_url': 'https://images4-a.ravelrycache.com/uploads/susiehaumannstrik/1030277001/Skanseparken_-_nr_medium2.jpg', 'small2_url': 'https://images4-g.ravelrycache.com/uploads/susiehaumannstrik/1030277001/Skanseparken_-_nr_small2.jpg', 'caption': None, 'caption_html': None, 'copyright_holder': None}, {'id': 134504057, 'sort_order': 3, 'user_id': 7571466, 'x_offset': -5, 'y_offset': -35, 'square_url': 'https://images4-g.ravelrycache.com/uploads/susiehaumannstrik/1030277054/IMG_9733_square.jpeg', 'medium_url': 'https://images4-g.ravelrycache.com/uploads/susiehaumannstrik/1030277054/IMG_9733_medium.jpeg', 'thumbnail_url': 'https://images4-f.ravelrycache.com/uploads/susiehaumannstrik/1030277054/IMG_9733_thumbnail.jpeg', 'small_url': 'https://images4-f.ravelrycache.com/uploads/susiehaumannstrik/1030277054/IMG_9733_small.jpeg', 'flickr_url': None, 'shelved_url': 'https://images4-f.ravelrycache.com/uploads/susiehaumannstrik/1030277054/IMG_9733_shelved.jpeg', 'medium2_url': 'https://images4-a.ravelrycache.com/uploads/susiehaumannstrik/1030277054/IMG_9733_medium2.jpeg', 'small2_url': 'https://images4-f.ravelrycache.com/uploads/susiehaumannstrik/1030277054/IMG_9733_small2.jpeg', 'caption': None, 'caption_html': None, 'copyright_holder': None}, {'id': 134504054, 'sort_order': 4, 'user_id': 7571466, 'x_offset': -3, 'y_offset': 0, 'square_url': 'https://images4-g.ravelrycache.com/uploads/susiehaumannstrik/1030277028/IMG_2199_square.jpeg', 'medium_url': 'https://images4-g.ravelrycache.com/uploads/susiehaumannstrik/1030277028/IMG_2199_medium.jpeg', 'thumbnail_url': 'https://images4-g.ravelrycache.com/uploads/susiehaumannstrik/1030277028/IMG_2199_thumbnail.jpeg', 'small_url': 'https://images4-g.ravelrycache.com/uploads/susiehaumannstrik/1030277028/IMG_2199_small_best_fit.jpeg', 'flickr_url': None, 'shelved_url': 'https://images4-g.ravelrycache.com/uploads/susiehaumannstrik/1030277028/IMG_2199_shelved.jpeg', 'medium2_url': 'https://images4-a.ravelrycache.com/uploads/susiehaumannstrik/1030277028/IMG_2199_medium2.jpeg', 'small2_url': 'https://images4-f.ravelrycache.com/uploads/susiehaumannstrik/1030277028/IMG_2199_small2.jpeg', 'caption': None, 'caption_html': None, 'copyright_holder': None}]"
Møllestien,Susie Haumann,1262984,https://www.ravelry.com/patterns/library/mllestien,False,https://images4-a.ravelrycache.com/uploads/susiehaumannstrik/868623457/9727B054-CFF8-46B8-ADA5-401616408EA8_medium2.jpeg,Knitting,"['female', 'adult', 'seamless', 'bottom-up', 'worked-flat', 'in-the-round']",21.0,0.0,True,4.0,glatstrik,pullover,DK,10,0.0,S(M)L(XL),"[{'id': 114703311, 'sort_order': 1, 'user_id': 7571466, 'x_offset': 0, 'y_offset': 0, 'square_url': 'https://images4-f.ravelrycache.com/uploads/susiehaumannstrik/868623457/9727B054-CFF8-46B8-ADA5-401616408EA8_square.jpeg', 'medium_url': 'https://images4-f.ravelrycache.com/uploads/susiehaumannstrik/868623457/9727B054-CFF8-46B8-ADA5-401616408EA8_medium.jpeg', 'thumbnail_url': 'https://images4-f.ravelrycache.com/uploads/susiehaumannstrik/868623457/9727B054-CFF8-46B8-ADA5-401616408EA8_thumbnail.jpeg', 'small_url': 'https://images4-g.ravelrycache.com/uploads/susiehaumannstrik/868623457/9727B054-CFF8-46B8-ADA5-401616408EA8_small_best_fit.jpeg', 'flickr_url': None, 'shelved_url': 'https://images4-f.ravelrycache.com/uploads/susiehaumannstrik/868623457/9727B054-CFF8-46B8-ADA5-401616408EA8_shelved.jpeg', 'medium2_url': 'https://images4-a.ravelrycache.com/uploads/susiehaumannstrik/868623457/9727B054-CFF8-46B8-ADA5-401616408EA8_medium2.jpeg', 'small2_url': 'https://images4-f.ravelrycache.com/uploads/susiehaumannstrik/868623457/9727B054-CFF8-46B8-ADA5-401616408EA8_small2.jpeg', 'caption': None, 'caption_html': None, 'copyright_holder': None}, {'id': 135197462, 'sort_order': 2, 'user_id': 7571466, 'x_offset': -43, 'y_offset': 0, 'square_url': 'https://images4-f.ravelrycache.com/uploads/susiehaumannstrik/1035905561/Mllestien_-_nr_square.jpg', 'medium_url': 'https://images4-g.ravelrycache.com/uploads/susiehaumannstrik/1035905561/Mllestien_-_nr_medium.jpg', 'thumbnail_url': 'https://images4-f.ravelrycache.com/uploads/susiehaumannstrik/1035905561/Mllestien_-_nr_thumbnail.jpg', 'small_url': 'https://images4-f.ravelrycache.com/uploads/susiehaumannstrik/1035905561/Mllestien_-_nr_small_best_fit.jpg', 'flickr_url': None, 'shelved_url': 'https://images4-f.ravelrycache.com/uploads/susiehaumannstrik/1035905561/Mllestien_-_nr_shelved.jpg', 'medium2_url': 'https://images4-a.ravelrycache.com/uploads/susiehaumannstrik/1035905561/Mllestien_-_nr_medium2.jpg', 'small2_url': 'https://images4-f.ravelrycache.com/uploads/susiehaumannstrik/1035905561/Mllestien_-_nr_small2.jpg', 'caption': None, 'caption_html': None, 'copyright_holder': None}, {'id': 135197454, 'sort_order': 3, 'user_id': 7571466, 'x_offset': 0, 'y_offset': -1, 'square_url': 'https://images4-g.ravelrycache.com/uploads/susiehaumannstrik/1035905489/IMG_9998_square.jpeg', 'medium_url': 'https://images4-g.ravelrycache.com/uploads/susiehaumannstrik/1035905489/IMG_9998_medium.jpeg', 'thumbnail_url': 'https://images4-f.ravelrycache.com/uploads/susiehaumannstrik/1035905489/IMG_9998_thumbnail.jpeg', 'small_url': 'https://images4-g.ravelrycache.com/uploads/susiehaumannstrik/1035905489/IMG_9998_small_best_fit.jpeg', 'flickr_url': None, 'shelved_url': 'https://images4-f.ravelrycache.com/uploads/susiehaumannstrik/1035905489/IMG_9998_shelved.jpeg', 'medium2_url': 'https://images4-a.ravelrycache.com/uploads/susiehaumannstrik/1035905489/IMG_9998_medium2.jpeg', 'small2_url': 'https://images4-f.ravelrycache.com/uploads/susiehaumannstrik/1035905489/IMG_9998_small2.jpeg', 'caption': None, 'caption_html': None, 'copyright_holder': None}, {'id': 135197446, 'sort_order': 4, 'user_id': 7571466, 'x_offset': 0, 'y_offset': -20, 'square_url': 'https://images4-f.ravelrycache.com/uploads/susiehaumannstrik/1035905444/IMG_9919_square.jpeg', 'medium_url': 'https://images4-f.ravelrycache.com/uploads/susiehaumannstrik/1035905444/IMG_9919_medium.jpeg', 'thumbnail_url': 'https://images4-f.ravelrycache.com/uploads/susiehaumannstrik/1035905444/IMG_9919_thumbnail.jpeg', 'small_url': 'https://images4-g.ravelrycache.com/uploads/susiehaumannstrik/1035905444/IMG_9919_small_best_fit.jpeg', 'flickr_url': None, 'shelved_url': 'https://images4-g.ravelrycache.com/uploads/susiehaumannstrik/1035905444/IMG_9919_shelved.jpeg', 'medium2_url': 'https://images4-a.ravelrycache.com/uploads/susiehaumannstrik/1035905444/IMG_9919_medium2.jpeg', 'small2_url': 'https://images4-g.ravelrycache.com/uploads/susiehaumannstrik/1035905444/IMG_9919_small2.jpeg', 'caption': None, 'caption_html': None, 'copyright_holder': None}]"
JUBEL,Susanna Kaartinen,1263156,https://www.ravelry.com/patterns/library/jubel,False,https://images4-a.ravelrycache.com/uploads/woolfolkyarn/870484874/Woolfolk_Luft_VI-9274_WEB_medium2.jpg,Knitting,"['adult', 'oversized', 'seamless', 'bottom-up', 'positive-ease', 'written-pattern', 'in-the-round', 'schematic']",14.0,3.0,True,4.0,Seed stitch,pullover,Bulky,20,4.25,"1 (2, 3, 4, 5, 6)(7, 8, 9, 10, 11)","[{'id': 114715515, 'sort_order': 1, 'user_id': 4353389, 'x_offset': 2, 'y_offset': -74, 'square_url': 'https://images4-g.ravelrycache.com/uploads/woolfolkyarn/870484874/Woolfolk_Luft_VI-9274_WEB_square.jpg', 'medium_url': 'https://images4-g.ravelrycache.com/uploads/woolfolkyarn/870484874/Woolfolk_Luft_VI-9274_WEB_medium.jpg', 'thumbnail_url': 'https://images4-f.ravelrycache.com/uploads/woolfolkyarn/870484874/Woolfolk_Luft_VI-9274_WEB_thumbnail.jpg', 'small_url': 'https://images4-f.ravelrycache.com/uploads/woolfolkyarn/870484874/Woolfolk_Luft_VI-9274_WEB_small_best_fit.jpg', 'flickr_url': None, 'shelved_url': 'https://images4-g.ravelrycache.com/uploads/woolfolkyarn/870484874/Woolfolk_Luft_VI-9274_WEB_shelved.jpg', 'medium2_url': 'https://images4-a.ravelrycache.com/uploads/woolfolkyarn/870484874/Woolfolk_Luft_VI-9274_WEB_medium2.jpg', 'small2_url': 'https://images4-g.ravelrycache.com/uploads/woolfolkyarn/870484874/Woolfolk_Luft_VI-9274_WEB_small2.jpg', 'caption': None, 'caption_html': None, 'copyright_holder': 'woolfolk yarn'}, {'id': 114715516, 'sort_order': 2, 'user_id': 4353389, 'x_offset': -2, 'y_offset': -57, 'square_url': 'https://images4-f.ravelrycache.com/uploads/woolfolkyarn/870484873/Woolfolk_Luft_VI-9292_WEB_square.jpg', 'medium_url': 'https://images4-f.ravelrycache.com/uploads/woolfolkyarn/870484873/Woolfolk_Luft_VI-9292_WEB_medium.jpg', 'thumbnail_url': 'https://images4-f.ravelrycache.com/uploads/woolfolkyarn/870484873/Woolfolk_Luft_VI-9292_WEB_thumbnail.jpg', 'small_url': 'https://images4-g.ravelrycache.com/uploads/woolfolkyarn/870484873/Woolfolk_Luft_VI-9292_WEB_small_best_fit.jpg', 'flickr_url': None, 'shelved_url': 'https://images4-g.ravelrycache.com/uploads/woolfolkyarn/870484873/Woolfolk_Luft_VI-9292_WEB_shelved.jpg', 'medium2_url': 'https://images4-a.ravelrycache.com/uploads/woolfolkyarn/870484873/Woolfolk_Luft_VI-9292_WEB_medium2.jpg', 'small2_url': 'https://images4-f.ravelrycache.com/uploads/woolfolkyarn/870484873/Woolfolk_Luft_VI-9292_WEB_small2.jpg', 'caption': None, 'caption_html': None, 'copyright_holder': 'woolfolk yarn'}, {'id': 114715517, 'sort_order': 3, 'user_id': 4353389, 'x_offset': 0, 'y_offset': -43, 'square_url': 'https://images4-f.ravelrycache.com/uploads/woolfolkyarn/870484872/Woolfolk_Luft_VI-9266_WEB_square.jpg', 'medium_url': 'https://images4-f.ravelrycache.com/uploads/woolfolkyarn/870484872/Woolfolk_Luft_VI-9266_WEB_medium.jpg', 'thumbnail_url': 'https://images4-g.ravelrycache.com/uploads/woolfolkyarn/870484872/Woolfolk_Luft_VI-9266_WEB_thumbnail.jpg', 'small_url': 'https://images4-g.ravelrycache.com/uploads/woolfolkyarn/870484872/Woolfolk_Luft_VI-9266_WEB_small_best_fit.jpg', 'flickr_url': None, 'shelved_url': 'https://images4-f.ravelrycache.com/uploads/woolfolkyarn/870484872/Woolfolk_Luft_VI-9266_WEB_shelved.jpg', 'medium2_url': 'https://images4-a.ravelrycache.com/uploads/woolfolkyarn/870484872/Woolfolk_Luft_VI-9266_WEB_medium2.jpg', 'small2_url': 'https://images4-f.ravelrycache.com/uploads/woolfolkyarn/870484872/Woolfolk_Luft_VI-9266_WEB_small2.jpg', 'caption': 'size 2, color no. L1', 'caption_html': 'size 2, color no. L1', 'copyright_holder': 'woolfolk yarn'}, {'id': 114715518, 'sort_order': 4, 'user_id': 4353389, 'x_offset': -3, 'y_offset': -4, 'square_url': 'https://images4-f.ravelrycache.com/uploads/woolfolkyarn/870484875/Woolfolk_Luft_VI-8739-1_WEB_square.jpg', 'medium_url': 'https://images4-f.ravelrycache.com/uploads/woolfolkyarn/870484875/Woolfolk_Luft_VI-8739-1_WEB_medium.jpg', 'thumbnail_url': 'https://images4-g.ravelrycache.com/uploads/woolfolkyarn/870484875/Woolfolk_Luft_VI-8739-1_WEB_thumbnail.jpg', 'small_url': 'https://images4-g.ravelrycache.com/uploads/woolfolkyarn/870484875/Woolfolk_Luft_VI-8739-1_WEB_small_best_fit.jpg', 'flickr_url': None, 'shelved_url': 'https://images4-g.ravelrycache.com/uploads/woolfolkyarn/870484875/Woolfolk_Luft_VI-8739-1_WEB_shelved.jpg', 'medium2_url': 'https://images4-a.ravelrycache.com/uploads/woolfolkyarn/870484875/Woolfolk_Luft_VI-8739-1_WEB_medium2.jpg', 'small2_url': 'https://images4-f.ravelrycache.com/uploads/woolfolkyarn/870484875/Woolfolk_Luft_VI-8739-1_WEB_small2.jpg', 'caption': 'size 2, color no. L22', 'caption_html': 'size 2, color no. L22', 'copyright_holder': 'woolfolk yarn'}, {'id': 114715519, 'sort_order': 5, 'user_id': 4353389, 'x_offset': 0, 'y_offset': -43, 'square_url': 'https://images4-g.ravelrycache.com/uploads/woolfolkyarn/870484876/Woolfolk_Luft_VI-8731_WEB_square.jpg', 'medium_url': 'https://images4-g.ravelrycache.com/uploads/woolfolkyarn/870484876/Woolfolk_Luft_VI-8731_WEB_medium.jpg', 'thumbnail_url': 'https://images4-g.ravelrycache.com/uploads/woolfolkyarn/870484876/Woolfolk_Luft_VI-8731_WEB_thumbnail.jpg', 'small_url': 'https://images4-g.ravelrycache.com/uploads/woolfolkyarn/870484876/Woolfolk_Luft_VI-8731_WEB_small_best_fit.jpg', 'flickr_url': None, 'shelved_url': 'https://images4-g.ravelrycache.com/uploads/woolfolkyarn/870484876/Woolfolk_Luft_VI-8731_WEB_shelved.jpg', 'medium2_url': 'https://images4-a.ravelrycache.com/uploads/woolfolkyarn/870484876/Woolfolk_Luft_VI-8731_WEB_medium2.jpg', 'small2_url': 'https://images4-g.ravelrycache.com/uploads/woolfolkyarn/870484876/Woolfolk_Luft_VI-8731_WEB_small2.jpg', 'caption': None, 'caption_html': None, 'copyright_holder': 'woolfolk yarn'}, {'id': 114715520, 'sort_order': 6, 'user_id': 4353389, 'x_offset': -2, 'y_offset': -7, 'square_url': 'https://images4-f.ravelrycache.com/uploads/woolfolkyarn/870484877/Woolfolk_Luft_VI-8725-1_WEB_square.jpg', 'medium_url': 'https://images4-f.ravelrycache.com/uploads/woolfolkyarn/870484877/Woolfolk_Luft_VI-8725-1_WEB_medium.jpg', 'thumbnail_url': 'https://images4-g.ravelrycache.com/uploads/woolfolkyarn/870484877/Woolfolk_Luft_VI-8725-1_WEB_thumbnail.jpg', 'small_url': 'https://images4-f.ravelrycache.com/uploads/woolfolkyarn/870484877/Woolfolk_Luft_VI-8725-1_WEB_small.jpg', 'flickr_url': None, 'shelved_url': 'https://images4-f.ravelrycache.com/uploads/woolfolkyarn/870484877/Woolfolk_Luft_VI-8725-1_WEB_shelved.jpg', 'medium2_url': 'https://images4-a.ravelrycache.com/uploads/woolfolkyarn/870484877/Woolfolk_Luft_VI-8725-1_WEB_medium2.jpg', 'small2_url': 'https://images4-f.ravelrycache.com/uploads/woolfolkyarn/870484877/Woolfolk_Luft_VI-8725-1_WEB_small2.jpg', 'caption': None, 'caption_html': None, 'copyright_holder': 'woolfolk yarn'}]"
Tulip Route,Susanna Winter,1263344,https://www.ravelry.com/patterns/library/tulip-route,False,https://images4-a.ravelrycache.com/uploads/Talvi/870419718/tulip_route13_medium2.jpg,Knitting,"['female', 'petite', 'plus', 'ribbed', 'circular-yoke', 'crew-neck', 'waist', 'sleeves', 'long-sleeve', 'raglan-sleeve', 'stranded', 'one-piece', 'seamless', 'short-rows', 'top-down', 'positive-ease', 'chart', 'in-the-round', 'schematic']",19.5,3.6666666666666665,True,4.0,"stockinette and stranded stockinette on larger needles, blocked",pullover,DK,24,4.666666666666667,"XS (S, M, L, XL) [2X, 3X, 4X, 5X, 6X] — see sizing information below","[{'id': 114726664, 'sort_order': 1, 'user_id': 1868, 'x_offset': -47, 'y_offset': 0, 'square_url': 'https://images4-f.ravelrycache.com/uploads/Talvi/870419718/tulip_route13_square.jpg', 'medium_url': 'https://images4-f.ravelrycache.com/uploads/Talvi/870419718/tulip_route13_medium.jpg', 'thumbnail_url': 'https://images4-g.ravelrycache.com/uploads/Talvi/870419718/tulip_route13_thumbnail.jpg', 'small_url': 'https://images4-f.ravelrycache.com/uploads/Talvi/870419718/tulip_route13_small_best_fit.jpg', 'flickr_url': None, 'shelved_url': 'https://images4-f.ravelrycache.com/uploads/Talvi/870419718/tulip_route13_shelved.jpg', 'medium2_url': 'https://images4-a.ravelrycache.com/uploads/Talvi/870419718/tulip_route13_medium2.jpg', 'small2_url': 'https://images4-f.ravelrycache.com/uploads/Talvi/870419718/tulip_route13_small2.jpg', 'caption': None, 'caption_html': None, 'copyright_holder': 'talvi knits.'}, {'id': 114726665, 'sort_order': 2, 'user_id': 1868, 'x_offset': 1, 'y_offset': -42, 'square_url': 'https://images4-f.ravelrycache.com/uploads/Talvi/870419709/tulip_route7_square.jpg', 'medium_url': 'https://images4-f.ravelrycache.com/uploads/Talvi/870419709/tulip_route7_medium.jpg', 'thumbnail_url': 'https://images4-f.ravelrycache.com/uploads/Talvi/870419709/tulip_route7_thumbnail.jpg', 'small_url': 'https://images4-f.ravelrycache.com/uploads/Talvi/870419709/tulip_route7_small_best_fit.jpg', 'flickr_url': None, 'shelved_url': 'https://images4-f.ravelrycache.com/uploads/Talvi/870419709/tulip_route7_shelved.jpg', 'medium2_url': 'https://images4-a.ravelrycache.com/uploads/Talvi/870419709/tulip_route7_medium2.jpg', 'small2_url': 'https://images4-f.ravelrycache.com/uploads/Talvi/870419709/tulip_route7_small2.jpg', 'caption': None, 'caption_html': None, 'copyright_holder': 'talvi knits.'}, {'id': 114726666, 'sort_order': 3, 'user_id': 1868, 'x_offset': 1, 'y_offset': -42, 'square_url': 'https://images4-g.ravelrycache.com/uploads/Talvi/870419721/tulip_route10_square.jpg', 'medium_url': 'https://images4-g.ravelrycache.com/uploads/Talvi/870419721/tulip_route10_medium.jpg', 'thumbnail_url': 'https://images4-g.ravelrycache.com/uploads/Talvi/870419721/tulip_route10_thumbnail.jpg', 'small_url': 'https://images4-g.ravelrycache.com/uploads/Talvi/870419721/tulip_route10_small_best_fit.jpg', 'flickr_url': None, 'shelved_url': 'https://images4-g.ravelrycache.com/uploads/Talvi/870419721/tulip_route10_shelved.jpg', 'medium2_url': 'https://images4-a.ravelrycache.com/uploads/Talvi/870419721/tulip_route10_medium2.jpg', 'small2_url': 'https://images4-g.ravelrycache.com/uploads/Talvi/870419721/tulip_route10_small2.jpg', 'caption': None, 'caption_html': None, 'copyright_holder': 'talvi knits.'}, {'id': 114726667, 'sort_order': 4, 'user_id': 1868, 'x_offset': 1, 'y_offset': -42, 'square_url': 'https://images4-g.ravelrycache.com/uploads/Talvi/870419704/tulip_route9_small_square.jpg', 'medium_url': 'https://images4-g.ravelrycache.com/uploads/Talvi/870419704/tulip_route9_small_medium.jpg', 'thumbnail_url': 'https://images4-g.ravelrycache.com/uploads/Talvi/870419704/tulip_route9_small_thumbnail.jpg', 'small_url': 'https://images4-f.ravelrycache.com/uploads/Talvi/870419704/tulip_route9_small_small_best_fit.jpg', 'flickr_url': None, 'shelved_url': 'https://images4-g.ravelrycache.com/uploads/Talvi/870419704/tulip_route9_small_shelved.jpg', 'medium2_url': 'https://images4-f.ravelrycache.com/uploads/Talvi/870419704/tulip_route9_small_medium2.jpg', 'small2_url': 'https://images4-g.ravelrycache.com/uploads/Talvi/870419704/tulip_route9_small_small2.jpg', 'caption': None, 'caption_html': None, 'copyright_holder': 'talvi knits.'}, {'id': 114726668, 'sort_order': 5, 'user_id': 1868, 'x_offset': 0, 'y_offset': -53, 'square_url': 'https://images4-g.ravelrycache.com/uploads/Talvi/870419703/tulip_route6_square.jpg', 'medium_url': 'https://images4-g.ravelrycache.com/uploads/Talvi/870419703/tulip_route6_medium.jpg', 'thumbnail_url': 'https://images4-g.ravelrycache.com/uploads/Talvi/870419703/tulip_route6_thumbnail.jpg', 'small_url': 'https://images4-g.ravelrycache.com/uploads/Talvi/870419703/tulip_route6_small_best_fit.jpg', 'flickr_url': None, 'shelved_url': 'https://images4-g.ravelrycache.com/uploads/Talvi/870419703/tulip_route6_shelved.jpg', 'medium2_url': 'https://images4-a.ravelrycache.com/uploads/Talvi/870419703/tulip_route6_medium2.jpg', 'small2_url': 'https://images4-g.ravelrycache.com/uploads/Talvi/870419703/tulip_route6_small2.jpg', 'caption': None, 'caption_html': None, 'copyright_holder': 'talvi knits.'}, {'id': 114726669, 'sort_order': 6, 'user_id': 1868, 'x_offset': 0, 'y_offset': -59, 'square_url': 'https://images4-g.ravelrycache.com/uploads/Talvi/870419702/tulip_route4_square.jpg', 'medium_url': 'https://images4-g.ravelrycache.com/uploads/Talvi/870419702/tulip_route4_medium.jpg', 'thumbnail_url': 'https://images4-g.ravelrycache.com/uploads/Talvi/870419702/tulip_route4_thumbnail.jpg', 'small_url': 'https://images4-g.ravelrycache.com/uploads/Talvi/870419702/tulip_route4_small_best_fit.jpg', 'flickr_url': None, 'shelved_url': 'https://images4-g.ravelrycache.com/uploads/Talvi/870419702/tulip_route4_shelved.jpg', 'medium2_url': 'https://images4-a.ravelrycache.com/uploads/Talvi/870419702/tulip_route4_medium2.jpg', 'small2_url': 'https://images4-g.ravelrycache.com/uploads/Talvi/870419702/tulip_route4_small2.jpg', 'caption': None, 'caption_html': None, 'copyright_holder': 'talvi knits.'}, {'id': 114726670, 'sort_order': 7, 'user_id': 1868, 'x_offset': -37, 'y_offset': 0, 'square_url': 'https://images4-f.ravelrycache.com/uploads/Talvi/870419720/tulip_route12_square.jpg', 'medium_url': 'https://images4-f.ravelrycache.com/uploads/Talvi/870419720/tulip_route12_medium.jpg', 'thumbnail_url': 'https://images4-f.ravelrycache.com/uploads/Talvi/870419720/tulip_route12_thumbnail.jpg', 'small_url': 'https://images4-g.ravelrycache.com/uploads/Talvi/870419720/tulip_route12_small_best_fit.jpg', 'flickr_url': None, 'shelved_url': 'https://images4-f.ravelrycache.com/uploads/Talvi/870419720/tulip_route12_shelved.jpg', 'medium2_url': 'https://images4-a.ravelrycache.com/uploads/Talvi/870419720/tulip_route12_medium2.jpg', 'small2_url': 'https://images4-f.ravelrycache.com/uploads/Talvi/870419720/tulip_route12_small2.jpg', 'caption': None, 'caption_html': None, 'copyright_holder': 'talvi knits.'}, {'id': 114726671, 'sort_order': 8, 'user_id': 1868, 'x_offset': -1, 'y_offset': -52, 'square_url': 'https://images4-g.ravelrycache.com/uploads/Talvi/870419707/tulip_route5_square.jpg', 'medium_url': 'https://images4-g.ravelrycache.com/uploads/Talvi/870419707/tulip_route5_medium.jpg', 'thumbnail_url': 'https://images4-f.ravelrycache.com/uploads/Talvi/870419707/tulip_route5_thumbnail.jpg', 'small_url': 'https://images4-g.ravelrycache.com/uploads/Talvi/870419707/tulip_route5_small_best_fit.jpg', 'flickr_url': None, 'shelved_url': 'https://images4-g.ravelrycache.com/uploads/Talvi/870419707/tulip_route5_shelved.jpg', 'medium2_url': 'https://images4-a.ravelrycache.com/uploads/Talvi/870419707/tulip_route5_medium2.jpg', 'small2_url': 'https://images4-g.ravelrycache.com/uploads/Talvi/870419707/tulip_route5_small2.jpg', 'caption': None, 'caption_html': None, 'copyright_holder': 'talvi knits.'}, {'id': 114726672, 'sort_order': 9, 'user_id': 1868, 'x_offset': -42, 'y_offset': 1, 'square_url': 'https://images4-g.ravelrycache.com/uploads/Talvi/870419712/tulip_route11_square.jpg', 'medium_url': 'https://images4-g.ravelrycache.com/uploads/Talvi/870419712/tulip_route11_medium.jpg', 'thumbnail_url': 'https://images4-g.ravelrycache.com/uploads/Talvi/870419712/tulip_route11_thumbnail.jpg', 'small_url': 'https://images4-f.ravelrycache.com/uploads/Talvi/870419712/tulip_route11_small_best_fit.jpg', 'flickr_url': None, 'shelved_url': 'https://images4-f.ravelrycache.com/uploads/Talvi/870419712/tulip_route11_shelved.jpg', 'medium2_url': 'https://images4-a.ravelrycache.com/uploads/Talvi/870419712/tulip_route11_medium2.jpg', 'small2_url': 'https://images4-g.ravelrycache.com/uploads/Talvi/870419712/tulip_route11_small2.jpg', 'caption': None, 'caption_html': None, 'copyright_holder': 'talvi knits.'}, {'id': 114726673, 'sort_order': 10, 'user_id': 1868, 'x_offset': 1, 'y_offset': -57, 'square_url': 'https://images4-f.ravelrycache.com/uploads/Talvi/870419705/tulip_route8_square.jpg', 'medium_url': 'https://images4-f.ravelrycache.com/uploads/Talvi/870419705/tulip_route8_medium.jpg', 'thumbnail_url': 'https://images4-g.ravelrycache.com/uploads/Talvi/870419705/tulip_route8_thumbnail.jpg', 'small_url': 'https://images4-g.ravelrycache.com/uploads/Talvi/870419705/tulip_route8_small_best_fit.jpg', 'flickr_url': None, 'shelved_url': 'https://images4-f.ravelrycache.com/uploads/Talvi/870419705/tulip_route8_shelved.jpg', 'medium2_url': 'https://images4-a.ravelrycache.com/uploads/Talvi/870419705/tulip_route8_medium2.jpg', 'small2_url': 'https://images4-f.ravelrycache.com/uploads/Talvi/870419705/tulip_route8_small2.jpg', 'caption': None, 'caption_html': None, 'copyright_holder': 'talvi knits.'}, {'id': 114726674, 'sort_order': 11, 'user_id': 1868, 'x_offset': -37, 'y_offset': 0, 'square_url': 'https://images4-f.ravelrycache.com/uploads/Talvi/869317543/tulip_route2_square.jpg', 'medium_url': 'https://images4-f.ravelrycache.com/uploads/Talvi/869317543/tulip_route2_medium.jpg', 'thumbnail_url': 'https://images4-f.ravelrycache.com/uploads/Talvi/869317543/tulip_route2_thumbnail.jpg', 'small_url': 'https://images4-g.ravelrycache.com/uploads/Talvi/869317543/tulip_route2_small_best_fit.jpg', 'flickr_url': None, 'shelved_url': 'https://images4-g.ravelrycache.com/uploads/Talvi/869317543/tulip_route2_shelved.jpg', 'medium2_url': 'https://images4-a.ravelrycache.com/uploads/Talvi/869317543/tulip_route2_medium2.jpg', 'small2_url': 'https://images4-f.ravelrycache.com/uploads/Talvi/869317543/tulip_route2_small2.jpg', 'caption': None, 'caption_html': None, 'copyright_holder': 'talvi knits.'}, {'id': 114726675, 'sort_order': 12, 'user_id': 1868, 'x_offset': -44, 'y_offset': 0, 'square_url': 'https://images4-f.ravelrycache.com/uploads/Talvi/869317547/tulip_route3_square.jpg', 'medium_url': 'https://images4-f.ravelrycache.com/uploads/Talvi/869317547/tulip_route3_medium.jpg', 'thumbnail_url': 'https://images4-f.ravelrycache.com/uploads/Talvi/869317547/tulip_route3_thumbnail.jpg', 'small_url': 'https://images4-f.ravelrycache.com/uploads/Talvi/869317547/tulip_route3_small_best_fit.jpg', 'flickr_url': None, 'shelved_url': 'https://images4-g.ravelrycache.com/uploads/Talvi/869317547/tulip_route3_shelved.jpg', 'medium2_url': 'https://images4-a.ravelrycache.com/uploads/Talvi/869317547/tulip_route3_medium2.jpg', 'small2_url': 'https://images4-f.ravelrycache.com/uploads/Talvi/869317547/tulip_route3_small2.jpg', 'caption': None, 'caption_html': None, 'copyright_holder': 'talvi knits.'}, {'id': 114726676, 'sort_order': 13, 'user_id': 1868, 'x_offset': -94, 'y_offset': 0, 'square_url': 'https://images4-g.ravelrycache.com/uploads/Talvi/869110907/tulip_route_schematic_ENG_2022-06-28_square.jpg', 'medium_url': 'https://images4-g.ravelrycache.com/uploads/Talvi/869110907/tulip_route_schematic_ENG_2022-06-28_medium.jpg', 'thumbnail_url': 'https://images4-f.ravelrycache.com/uploads/Talvi/869110907/tulip_route_schematic_ENG_2022-06-28_thumbnail.jpg', 'small_url': 'https://images4-f.ravelrycache.com/uploads/Talvi/869110907/tulip_route_schematic_ENG_2022-06-28_small_best_fit.jpg', 'flickr_url': None, 'shelved_url': 'https://images4-f.ravelrycache.com/uploads/Talvi/869110907/tulip_route_schematic_ENG_2022-06-28_shelved.jpg', 'medium2_url': 'https://images4-a.ravelrycache.com/uploads/Talvi/869110907/tulip_route_schematic_ENG_2022-06-28_medium2.jpg', 'small2_url': 'https://images4-g.ravelrycache.com/uploads/Talvi/869110907/tulip_route_schematic_ENG_2022-06-28_small2.jpg', 'caption': 'Schematic of finished measurements', 'caption_html': 'Schematic of finished measurements', 'copyright_holder': 'talvi knits.'}, {'id': 114732487, 'sort_order': 14, 'user_id': 6489263, 'x_offset': -5, 'y_offset': -35, 'square_url': 'https://images4-f.ravelrycache.com/uploads/rabbsonja/866788667/20220724_224021_square.jpg', 'medium_url': 'https://images4-g.ravelrycache.com/uploads/rabbsonja/866788667/20220724_224021_medium.jpg', 'thumbnail_url': 'https://images4-f.ravelrycache.com/uploads/rabbsonja/866788667/20220724_224021_thumbnail.jpg', 'small_url': 'https://images4-f.ravelrycache.com/uploads/rabbsonja/866788667/20220724_224021_small.jpg', 'flickr_url': None, 'shelved_url': 'https://images4-f.ravelrycache.com/uploads/rabbsonja/866788667/20220724_224021_shelved.jpg', 'medium2_url': 'https://images4-a.ravelrycache.com/uploads/rabbsonja/866788667/20220724_224021_medium2.jpg', 'small2_url': 'https://images4-f.ravelrycache.com/uploads/rabbsonja/866788667/20220724_224021_small2.jpg', 'caption': None, 'caption_html': None, 'copyright_holder': None}, {'id': 114727922, 'sort_order': 15, 'user_id': 5848287, 'x_offset': 1, 'y_offset': -37, 'square_url': 'https://images4-g.ravelrycache.com/uploads/kitusca/866753023/BCBF9D64-48CF-4307-963F-8F1219A535F6_square.jpeg', 'medium_url': 'https://images4-g.ravelrycache.com/uploads/kitusca/866753023/BCBF9D64-48CF-4307-963F-8F1219A535F6_medium.jpeg', 'thumbnail_url': 'https://images4-g.ravelrycache.com/uploads/kitusca/866753023/BCBF9D64-48CF-4307-963F-8F1219A535F6_thumbnail.jpeg', 'small_url': 'https://images4-g.ravelrycache.com/uploads/kitusca/866753023/BCBF9D64-48CF-4307-963F-8F1219A535F6_small_best_fit.jpeg', 'flickr_url': None, 'shelved_url': 'https://images4-g.ravelrycache.com/uploads/kitusca/866753023/BCBF9D64-48CF-4307-963F-8F1219A535F6_shelved.jpeg', 'medium2_url': 'https://images4-a.ravelrycache.com/uploads/kitusca/866753023/BCBF9D64-48CF-4307-963F-8F1219A535F6_medium2.jpeg', 'small2_url': 'https://images4-f.ravelrycache.com/uploads/kitusca/866753023/BCBF9D64-48CF-4307-963F-8F1219A535F6_small2.jpeg', 'caption': None, 'caption_html': None, 'copyright_holder': None}, {'id': 114727687, 'sort_order': 16, 'user_id': 649521, 'x_offset': -5, 'y_offset': -35, 'square_url': 'https://images4-f.ravelrycache.com/uploads/TheZippyZebra/863333319/20220703_162402_square.jpg', 'medium_url': 'https://images4-g.ravelrycache.com/uploads/TheZippyZebra/863333319/20220703_162402_medium.jpg', 'thumbnail_url': 'https://images4-f.ravelrycache.com/uploads/TheZippyZebra/863333319/20220703_162402_thumbnail.jpg', 'small_url': 'https://images4-g.ravelrycache.com/uploads/TheZippyZebra/863333319/20220703_162402_small.jpg', 'flickr_url': None, 'shelved_url': 'https://images4-g.ravelrycache.com/uploads/TheZippyZebra/863333319/20220703_162402_shelved.jpg', 'medium2_url': 'https://images4-a.ravelrycache.com/uploads/TheZippyZebra/863333319/20220703_162402_medium2.jpg', 'small2_url': 'https://images4-f.ravelrycache.com/uploads/TheZippyZebra/863333319/20220703_162402_small2.jpg', 'caption': None, 'caption_html': None, 'copyright_holder': None}, {'id': 114754501, 'sort_order': 17, 'user_id': 622939, 'x_offset': -2, 'y_offset': -59, 'square_url': 'https://images4-f.ravelrycache.com/uploads/SJMitch/860030071/0D7663B9-1EDC-4827-AA5C-4A5E3E06DA14_square.jpeg', 'medium_url': 'https://images4-f.ravelrycache.com/uploads/SJMitch/860030071/0D7663B9-1EDC-4827-AA5C-4A5E3E06DA14_medium.jpeg', 'thumbnail_url': 'https://images4-g.ravelrycache.com/uploads/SJMitch/860030071/0D7663B9-1EDC-4827-AA5C-4A5E3E06DA14_thumbnail.jpeg', 'small_url': 'https://images4-g.ravelrycache.com/uploads/SJMitch/860030071/0D7663B9-1EDC-4827-AA5C-4A5E3E06DA14_small.jpeg', 'flickr_url': None, 'shelved_url': 'https://images4-f.ravelrycache.com/uploads/SJMitch/860030071/0D7663B9-1EDC-4827-AA5C-4A5E3E06DA14_shelved.jpeg', 'medium2_url': 'https://images4-a.ravelrycache.com/uploads/SJMitch/860030071/0D7663B9-1EDC-4827-AA5C-4A5E3E06DA14_medium2.jpeg', 'small2_url': 'https://images4-g.ravelrycache.com/uploads/SJMitch/860030071/0D7663B9-1EDC-4827-AA5C-4A5E3E06DA14_small2.jpeg', 'caption': None, 'caption_html': None, 'copyright_holder': None}, {'id': 114731951, 'sort_order': 18, 'user_id': 316555, 'x_offset': -2, 'y_offset': -12, 'square_url': 'https://images4-f.ravelrycache.com/uploads/houndsmum/862093183/156A2475_square.JPG', 'medium_url': 'https://images4-g.ravelrycache.com/uploads/houndsmum/862093183/156A2475_medium.JPG', 'thumbnail_url': 'https://images4-g.ravelrycache.com/uploads/houndsmum/862093183/156A2475_thumbnail.JPG', 'small_url': 'https://images4-f.ravelrycache.com/uploads/houndsmum/862093183/156A2475_small_best_fit.JPG', 'flickr_url': None, 'shelved_url': 'https://images4-g.ravelrycache.com/uploads/houndsmum/862093183/156A2475_shelved.JPG', 'medium2_url': 'https://images4-a.ravelrycache.com/uploads/houndsmum/862093183/156A2475_medium2.JPG', 'small2_url': 'https://images4-f.ravelrycache.com/uploads/houndsmum/862093183/156A2475_small2.JPG', 'caption': None, 'caption_html': None, 'copyright_holder': None}, {'id': 114730667, 'sort_order': 19, 'user_id': 1713354, 'x_offset': -2, 'y_offset': -72, 'square_url': 'https://images4-g.ravelrycache.com/uploads/KahlanAmnell/865639154/20220714_154240_square.jpg', 'medium_url': 'https://images4-f.ravelrycache.com/uploads/KahlanAmnell/865639154/20220714_154240_medium.jpg', 'thumbnail_url': 'https://images4-f.ravelrycache.com/uploads/KahlanAmnell/865639154/20220714_154240_thumbnail.jpg', 'small_url': 'https://images4-g.ravelrycache.com/uploads/KahlanAmnell/865639154/20220714_154240_small_best_fit.jpg', 'flickr_url': None, 'shelved_url': 'https://images4-f.ravelrycache.com/uploads/KahlanAmnell/865639154/20220714_154240_shelved.jpg', 'medium2_url': 'https://images4-a.ravelrycache.com/uploads/KahlanAmnell/865639154/20220714_154240_medium2.jpg', 'small2_url': 'https://images4-g.ravelrycache.com/uploads/KahlanAmnell/865639154/20220714_154240_small2.jpg', 'caption': None, 'caption_html': None, 'copyright_holder': None}, {'id': 131170167, 'sort_order': 20, 'user_id': 3892410, 'x_offset': 0, 'y_offset': -5, 'square_url': 'https://images4-g.ravelrycache.com/uploads/ColoradoLight/886598025/Tulip_Route-Done_5Nov2022_square.jpg', 'medium_url': 'https://images4-f.ravelrycache.com/uploads/ColoradoLight/886598025/Tulip_Route-Done_5Nov2022_medium.jpg', 'thumbnail_url': 'https://images4-f.ravelrycache.com/uploads/ColoradoLight/886598025/Tulip_Route-Done_5Nov2022_thumbnail.jpg', 'small_url': 'https://images4-g.ravelrycache.com/uploads/ColoradoLight/886598025/Tulip_Route-Done_5Nov2022_small_best_fit.jpg', 'flickr_url': None, 'shelved_url': 'https://images4-g.ravelrycache.com/uploads/ColoradoLight/886598025/Tulip_Route-Done_5Nov2022_shelved.jpg', 'medium2_url': 'https://images4-a.ravelrycache.com/uploads/ColoradoLight/886598025/Tulip_Route-Done_5Nov2022_medium2.jpg', 'small2_url': 'https://images4-g.ravelrycache.com/uploads/ColoradoLight/886598025/Tulip_Route-Done_5Nov2022_small2.jpg', 'caption': None, 'caption_html': None, 'copyright_holder': None}, {'id': 114727620, 'sort_order': 21, 'user_id': 1039464, 'x_offset': -5, 'y_offset': -35, 'square_url': 'https://images4-f.ravelrycache.com/uploads/kettavern/866566508/thumbnail__70__square.jpg', 'medium_url': 'https://images4-g.ravelrycache.com/uploads/kettavern/866566508/thumbnail__70__medium.jpg', 'thumbnail_url': 'https://images4-g.ravelrycache.com/uploads/kettavern/866566508/thumbnail__70__thumbnail.jpg', 'small_url': 'https://images4-f.ravelrycache.com/uploads/kettavern/866566508/thumbnail__70__small.jpg', 'flickr_url': None, 'shelved_url': 'https://images4-g.ravelrycache.com/uploads/kettavern/866566508/thumbnail__70__shelved.jpg', 'medium2_url': 'https://images4-a.ravelrycache.com/uploads/kettavern/866566508/thumbnail__70__medium2.jpg', 'small2_url': 'https://images4-f.ravelrycache.com/uploads/kettavern/866566508/thumbnail__70__small2.jpg', 'caption': None, 'caption_html': None, 'copyright_holder': None}, {'id': 114728904, 'sort_order': 22, 'user_id': 123953, 'x_offset': 0, 'y_offset': 0, 'square_url': 'https://images4-g.ravelrycache.com/uploads/krumel/860903144/P1800028_square.JPG', 'medium_url': 'https://images4-f.ravelrycache.com/uploads/krumel/860903144/P1800028_medium.JPG', 'thumbnail_url': 'https://images4-g.ravelrycache.com/uploads/krumel/860903144/P1800028_thumbnail.JPG', 'small_url': 'https://images4-g.ravelrycache.com/uploads/krumel/860903144/P1800028_small_best_fit.JPG', 'flickr_url': None, 'shelved_url': 'https://images4-f.ravelrycache.com/uploads/krumel/860903144/P1800028_shelved.JPG', 'medium2_url': 'https://images4-a.ravelrycache.com/uploads/krumel/860903144/P1800028_medium2.JPG', 'small2_url': 'https://images4-g.ravelrycache.com/uploads/krumel/860903144/P1800028_small2.JPG', 'caption': None, 'caption_html': None, 'copyright_holder': None}, {'id': 114729805, 'sort_order': 23, 'user_id': 9139050, 'x_offset': -5, 'y_offset': -35, 'square_url': 'https://images4-g.ravelrycache.com/uploads/emmaheidi/866735141/IMG_20220724_185553_square.jpg', 'medium_url': 'https://images4-f.ravelrycache.com/uploads/emmaheidi/866735141/IMG_20220724_185553_medium.jpg', 'thumbnail_url': 'https://images4-f.ravelrycache.com/uploads/emmaheidi/866735141/IMG_20220724_185553_thumbnail.jpg', 'small_url': 'https://images4-g.ravelrycache.com/uploads/emmaheidi/866735141/IMG_20220724_185553_small.jpg', 'flickr_url': None, 'shelved_url': 'https://images4-f.ravelrycache.com/uploads/emmaheidi/866735141/IMG_20220724_185553_shelved.jpg', 'medium2_url': 'https://images4-a.ravelrycache.com/uploads/emmaheidi/866735141/IMG_20220724_185553_medium2.jpg', 'small2_url': 'https://images4-g.ravelrycache.com/uploads/emmaheidi/866735141/IMG_20220724_185553_small2.jpg', 'caption': None, 'caption_html': None, 'copyright_holder': None}, {'id': 114800159, 'sort_order': 24, 'user_id': 9050, 'x_offset': -35, 'y_offset': -5, 'square_url': 'https://images4-f.ravelrycache.com/uploads/KnittingKnut/866807434/881BE56D-F41F-4C79-9AFF-E815C4F9DD6B_square.jpeg', 'medium_url': 'https://images4-f.ravelrycache.com/uploads/KnittingKnut/866807434/881BE56D-F41F-4C79-9AFF-E815C4F9DD6B_medium.jpeg', 'thumbnail_url': 'https://images4-f.ravelrycache.com/uploads/KnittingKnut/866807434/881BE56D-F41F-4C79-9AFF-E815C4F9DD6B_thumbnail.jpeg', 'small_url': 'https://images4-f.ravelrycache.com/uploads/KnittingKnut/866807434/881BE56D-F41F-4C79-9AFF-E815C4F9DD6B_small.jpeg', 'flickr_url': None, 'shelved_url': 'https://images4-g.ravelrycache.com/uploads/KnittingKnut/866807434/881BE56D-F41F-4C79-9AFF-E815C4F9DD6B_shelved.jpeg', 'medium2_url': 'https://images4-a.ravelrycache.com/uploads/KnittingKnut/866807434/881BE56D-F41F-4C79-9AFF-E815C4F9DD6B_medium2.jpeg', 'small2_url': 'https://images4-g.ravelrycache.com/uploads/KnittingKnut/866807434/881BE56D-F41F-4C79-9AFF-E815C4F9DD6B_small2.jpeg', 'caption': None, 'caption_html': None, 'copyright_holder': None}, {'id': 114730245, 'sort_order': 25, 'user_id': 6719816, 'x_offset': -3, 'y_offset': 0, 'square_url': 'https://images4-f.ravelrycache.com/uploads/black14jeep/865325167/IMG_20220715_153208348_HDR_2_square.jpg', 'medium_url': 'https://images4-g.ravelrycache.com/uploads/black14jeep/865325167/IMG_20220715_153208348_HDR_2_medium.jpg', 'thumbnail_url': 'https://images4-g.ravelrycache.com/uploads/black14jeep/865325167/IMG_20220715_153208348_HDR_2_thumbnail.jpg', 'small_url': 'https://images4-g.ravelrycache.com/uploads/black14jeep/865325167/IMG_20220715_153208348_HDR_2_small_best_fit.jpg', 'flickr_url': None, 'shelved_url': 'https://images4-g.ravelrycache.com/uploads/black14jeep/865325167/IMG_20220715_153208348_HDR_2_shelved.jpg', 'medium2_url': 'https://images4-a.ravelrycache.com/uploads/black14jeep/865325167/IMG_20220715_153208348_HDR_2_medium2.jpg', 'small2_url': 'https://images4-f.ravelrycache.com/uploads/black14jeep/865325167/IMG_20220715_153208348_HDR_2_small2.jpg', 'caption': None, 'caption_html': None, 'copyright_holder': None}, {'id': 114750563, 'sort_order': 26, 'user_id': 2279166, 'x_offset': 0, 'y_offset': -6, 'square_url': 'https://images4-f.ravelrycache.com/uploads/sipuri/865768552/IMG_20220718_183751_square.jpg', 'medium_url': 'https://images4-g.ravelrycache.com/uploads/sipuri/865768552/IMG_20220718_183751_medium.jpg', 'thumbnail_url': 'https://images4-f.ravelrycache.com/uploads/sipuri/865768552/IMG_20220718_183751_thumbnail.jpg', 'small_url': 'https://images4-f.ravelrycache.com/uploads/sipuri/865768552/IMG_20220718_183751_small_best_fit.jpg', 'flickr_url': None, 'shelved_url': 'https://images4-g.ravelrycache.com/uploads/sipuri/865768552/IMG_20220718_183751_shelved.jpg', 'medium2_url': 'https://images4-a.ravelrycache.com/uploads/sipuri/865768552/IMG_20220718_183751_medium2.jpg', 'small2_url': 'https://images4-f.ravelrycache.com/uploads/sipuri/865768552/IMG_20220718_183751_small2.jpg', 'caption': None, 'caption_html': None, 'copyright_holder': None}, {'id': 114764085, 'sort_order': 27, 'user_id': 8153066, 'x_offset': -1, 'y_offset': -35, 'square_url': 'https://images4-g.ravelrycache.com/uploads/Guntrad/866898875/B9A0C198-CBA7-4FB6-B301-FE9B11853D91_square.jpeg', 'medium_url': 'https://images4-g.ravelrycache.com/uploads/Guntrad/866898875/B9A0C198-CBA7-4FB6-B301-FE9B11853D91_medium.jpeg', 'thumbnail_url': 'https://images4-f.ravelrycache.com/uploads/Guntrad/866898875/B9A0C198-CBA7-4FB6-B301-FE9B11853D91_thumbnail.jpeg', 'small_url': 'https://images4-g.ravelrycache.com/uploads/Guntrad/866898875/B9A0C198-CBA7-4FB6-B301-FE9B11853D91_small.jpeg', 'flickr_url': None, 'shelved_url': 'https://images4-f.ravelrycache.com/uploads/Guntrad/866898875/B9A0C198-CBA7-4FB6-B301-FE9B11853D91_shelved.jpeg', 'medium2_url': 'https://images4-a.ravelrycache.com/uploads/Guntrad/866898875/B9A0C198-CBA7-4FB6-B301-FE9B11853D91_medium2.jpeg', 'small2_url': 'https://images4-f.ravelrycache.com/uploads/Guntrad/866898875/B9A0C198-CBA7-4FB6-B301-FE9B11853D91_small2.jpeg', 'caption': None, 'caption_html': None, 'copyright_holder': None}, {'id': 114734541, 'sort_order': 28, 'user_id': 2249077, 'x_offset': 0, 'y_offset': -40, 'square_url': 'https://images4-g.ravelrycache.com/uploads/ryhowell/861314666/EBB7B70D-1BC5-4B2C-966E-530EA19F6DF9_square.jpeg', 'medium_url': 'https://images4-g.ravelrycache.com/uploads/ryhowell/861314666/EBB7B70D-1BC5-4B2C-966E-530EA19F6DF9_medium.jpeg', 'thumbnail_url': 'https://images4-f.ravelrycache.com/uploads/ryhowell/861314666/EBB7B70D-1BC5-4B2C-966E-530EA19F6DF9_thumbnail.jpeg', 'small_url': 'https://images4-f.ravelrycache.com/uploads/ryhowell/861314666/EBB7B70D-1BC5-4B2C-966E-530EA19F6DF9_small_best_fit.jpeg', 'flickr_url': None, 'shelved_url': 'https://images4-g.ravelrycache.com/uploads/ryhowell/861314666/EBB7B70D-1BC5-4B2C-966E-530EA19F6DF9_shelved.jpeg', 'medium2_url': 'https://images4-a.ravelrycache.com/uploads/ryhowell/861314666/EBB7B70D-1BC5-4B2C-966E-530EA19F6DF9_medium2.jpeg', 'small2_url': 'https://images4-f.ravelrycache.com/uploads/ryhowell/861314666/EBB7B70D-1BC5-4B2C-966E-530EA19F6DF9_small2.jpeg', 'caption': None, 'caption_html': None, 'copyright_holder': None}]"
Silver Birch,Jessica McDonald,1263460,https://www.ravelry.com/patterns/library/silver-birch-9,False,https://images4-a.ravelrycache.com/uploads/Jessicamknits/870523477/DSC_0939__1__medium2.jpg,Knitting,"['unisex', 'adult', 'cables', 'textured', 'crew-neck', 'long-sleeve', 'seamless', 'bottom-up', 'positive-ease', 'chart', 'written-pattern', 'modified-drop-sleeve', 'worked-flat', 'in-the-round', 'three-needle-bind']",24.0,4.75,True,4.0,Stockinette,pullover,Sport,26,5.0,"(36.5, 40.5, 44.5, 48.5, 51) (56, 60, 64, 69, 71.5)","[{'id': 114733938, 'sort_order': 1, 'user_id': 6503927, 'x_offset': -43, 'y_offset': 0, 'square_url': 'https://images4-f.ravelrycache.com/uploads/Jessicamknits/870523477/DSC_0939__1__square.jpg', 'medium_url': 'https://images4-g.ravelrycache.com/uploads/Jessicamknits/870523477/DSC_0939__1__medium.jpg', 'thumbnail_url': 'https://images4-g.ravelrycache.com/uploads/Jessicamknits/870523477/DSC_0939__1__thumbnail.jpg', 'small_url': 'https://images4-g.ravelrycache.com/uploads/Jessicamknits/870523477/DSC_0939__1__small_best_fit.jpg', 'flickr_url': None, 'shelved_url': 'https://images4-f.ravelrycache.com/uploads/Jessicamknits/870523477/DSC_0939__1__shelved.jpg', 'medium2_url': 'https://images4-a.ravelrycache.com/uploads/Jessicamknits/870523477/DSC_0939__1__medium2.jpg', 'small2_url': 'https://images4-f.ravelrycache.com/uploads/Jessicamknits/870523477/DSC_0939__1__small2.jpg', 'caption': None, 'caption_html': None, 'copyright_holder': None}, {'id': 114733943, 'sort_order': 2, 'user_id': 6503927, 'x_offset': -43, 'y_offset': 0, 'square_url': 'https://images4-g.ravelrycache.com/uploads/Jessicamknits/870523469/DSC_0915__1__square.jpg', 'medium_url': 'https://images4-f.ravelrycache.com/uploads/Jessicamknits/870523469/DSC_0915__1__medium.jpg', 'thumbnail_url': 'https://images4-f.ravelrycache.com/uploads/Jessicamknits/870523469/DSC_0915__1__thumbnail.jpg', 'small_url': 'https://images4-f.ravelrycache.com/uploads/Jessicamknits/870523469/DSC_0915__1__small_best_fit.jpg', 'flickr_url': None, 'shelved_url': 'https://images4-g.ravelrycache.com/uploads/Jessicamknits/870523469/DSC_0915__1__shelved.jpg', 'medium2_url': 'https://images4-a.ravelrycache.com/uploads/Jessicamknits/870523469/DSC_0915__1__medium2.jpg', 'small2_url': 'https://images4-g.ravelrycache.com/uploads/Jessicamknits/870523469/DSC_0915__1__small2.jpg', 'caption': None, 'caption_html': None, 'copyright_holder': None}, {'id': 114733942, 'sort_order': 3, 'user_id': 6503927, 'x_offset': -43, 'y_offset': 0, 'square_url': 'https://images4-g.ravelrycache.com/uploads/Jessicamknits/870523481/DSC_0922__1__square.jpg', 'medium_url': 'https://images4-f.ravelrycache.com/uploads/Jessicamknits/870523481/DSC_0922__1__medium.jpg', 'thumbnail_url': 'https://images4-g.ravelrycache.com/uploads/Jessicamknits/870523481/DSC_0922__1__thumbnail.jpg', 'small_url': 'https://images4-f.ravelrycache.com/uploads/Jessicamknits/870523481/DSC_0922__1__small_best_fit.jpg', 'flickr_url': None, 'shelved_url': 'https://images4-g.ravelrycache.com/uploads/Jessicamknits/870523481/DSC_0922__1__shelved.jpg', 'medium2_url': 'https://images4-a.ravelrycache.com/uploads/Jessicamknits/870523481/DSC_0922__1__medium2.jpg', 'small2_url': 'https://images4-g.ravelrycache.com/uploads/Jessicamknits/870523481/DSC_0922__1__small2.jpg', 'caption': None, 'caption_html': None, 'copyright_holder': None}, {'id': 114733937, 'sort_order': 4, 'user_id': 6503927, 'x_offset': 0, 'y_offset': -43, 'square_url': 'https://images4-g.ravelrycache.com/uploads/Jessicamknits/870523478/DSC_0926__1__square.jpg', 'medium_url': 'https://images4-f.ravelrycache.com/uploads/Jessicamknits/870523478/DSC_0926__1__medium.jpg', 'thumbnail_url': 'https://images4-g.ravelrycache.com/uploads/Jessicamknits/870523478/DSC_0926__1__thumbnail.jpg', 'small_url': 'https://images4-g.ravelrycache.com/uploads/Jessicamknits/870523478/DSC_0926__1__small_best_fit.jpg', 'flickr_url': None, 'shelved_url': 'https://images4-g.ravelrycache.com/uploads/Jessicamknits/870523478/DSC_0926__1__shelved.jpg', 'medium2_url': 'https://images4-a.ravelrycache.com/uploads/Jessicamknits/870523478/DSC_0926__1__medium2.jpg', 'small2_url': 'https://images4-g.ravelrycache.com/uploads/Jessicamknits/870523478/DSC_0926__1__small2.jpg', 'caption': None, 'caption_html': None, 'copyright_holder': None}, {'id': 114733939, 'sort_order': 5, 'user_id': 6503927, 'x_offset': 0, 'y_offset': -43, 'square_url': 'https://images4-f.ravelrycache.com/uploads/Jessicamknits/870523465/DSC_0979_square.jpg', 'medium_url': 'https://images4-g.ravelrycache.com/uploads/Jessicamknits/870523465/DSC_0979_medium.jpg', 'thumbnail_url': 'https://images4-f.ravelrycache.com/uploads/Jessicamknits/870523465/DSC_0979_thumbnail.jpg', 'small_url': 'https://images4-f.ravelrycache.com/uploads/Jessicamknits/870523465/DSC_0979_small_best_fit.jpg', 'flickr_url': None, 'shelved_url': 'https://images4-g.ravelrycache.com/uploads/Jessicamknits/870523465/DSC_0979_shelved.jpg', 'medium2_url': 'https://images4-a.ravelrycache.com/uploads/Jessicamknits/870523465/DSC_0979_medium2.jpg', 'small2_url': 'https://images4-f.ravelrycache.com/uploads/Jessicamknits/870523465/DSC_0979_small2.jpg', 'caption': None, 'caption_html': None, 'copyright_holder': None}, {'id': 114733940, 'sort_order': 6, 'user_id': 6503927, 'x_offset': 0, 'y_offset': -43, 'square_url': 'https://images4-f.ravelrycache.com/uploads/Jessicamknits/870523472/DSC_1100_square.jpg', 'medium_url': 'https://images4-g.ravelrycache.com/uploads/Jessicamknits/870523472/DSC_1100_medium.jpg', 'thumbnail_url': 'https://images4-f.ravelrycache.com/uploads/Jessicamknits/870523472/DSC_1100_thumbnail.jpg', 'small_url': 'https://images4-g.ravelrycache.com/uploads/Jessicamknits/870523472/DSC_1100_small_best_fit.jpg', 'flickr_url': None, 'shelved_url': 'https://images4-f.ravelrycache.com/uploads/Jessicamknits/870523472/DSC_1100_shelved.jpg', 'medium2_url': 'https://images4-a.ravelrycache.com/uploads/Jessicamknits/870523472/DSC_1100_medium2.jpg', 'small2_url': 'https://images4-f.ravelrycache.com/uploads/Jessicamknits/870523472/DSC_1100_small2.jpg', 'caption': None, 'caption_html': None, 'copyright_holder': None}, {'id': 114733941, 'sort_order': 7, 'user_id': 6503927, 'x_offset': 0, 'y_offset': -43, 'square_url': 'https://images4-f.ravelrycache.com/uploads/Jessicamknits/870523466/DSC_1121_square.jpg', 'medium_url': 'https://images4-g.ravelrycache.com/uploads/Jessicamknits/870523466/DSC_1121_medium.jpg', 'thumbnail_url': 'https://images4-g.ravelrycache.com/uploads/Jessicamknits/870523466/DSC_1121_thumbnail.jpg', 'small_url': 'https://images4-f.ravelrycache.com/uploads/Jessicamknits/870523466/DSC_1121_small_best_fit.jpg', 'flickr_url': None, 'shelved_url': 'https://images4-f.ravelrycache.com/uploads/Jessicamknits/870523466/DSC_1121_shelved.jpg', 'medium2_url': 'https://images4-a.ravelrycache.com/uploads/Jessicamknits/870523466/DSC_1121_medium2.jpg', 'small2_url': 'https://images4-f.ravelrycache.com/uploads/Jessicamknits/870523466/DSC_1121_small2.jpg', 'caption': None, 'caption_html': None, 'copyright_holder': None}]"
Bert Raglan,Lindsay Degen,1263694,https://www.ravelry.com/patterns/library/bert-raglan,False,https://images4-a.ravelrycache.com/uploads/ManosYarnsUSA/870425939/2022LD-2-07_medium2.jpg,Knitting,"['adult', 'ribbed', 'seamed', 'crew-neck', 'long-sleeve', 'raglan-sleeve', 'selvedge', 'bottom-up', 'positive-ease', 'chart', 'written-pattern', 'worked-flat', 'in-the-round', 'provisional', 'stripes-colorwork', 'schematic']",18.0,0.0,True,4.0,St st using larger needles,pullover,Worsted,4,0.0,"Finished Chest Circumference: 33¼ (37¾, 42¼, 46¾) (51, 55½, 60, 64½)”","[{'id': 114752769, 'sort_order': 1, 'user_id': 857330, 'x_offset': 0, 'y_offset': -43, 'square_url': 'https://images4-g.ravelrycache.com/uploads/ManosYarnsUSA/870425939/2022LD-2-07_square.jpg', 'medium_url': 'https://images4-f.ravelrycache.com/uploads/ManosYarnsUSA/870425939/2022LD-2-07_medium.jpg', 'thumbnail_url': 'https://images4-f.ravelrycache.com/uploads/ManosYarnsUSA/870425939/2022LD-2-07_thumbnail.jpg', 'small_url': 'https://images4-g.ravelrycache.com/uploads/ManosYarnsUSA/870425939/2022LD-2-07_small_best_fit.jpg', 'flickr_url': None, 'shelved_url': 'https://images4-g.ravelrycache.com/uploads/ManosYarnsUSA/870425939/2022LD-2-07_shelved.jpg', 'medium2_url': 'https://images4-a.ravelrycache.com/uploads/ManosYarnsUSA/870425939/2022LD-2-07_medium2.jpg', 'small2_url': 'https://images4-g.ravelrycache.com/uploads/ManosYarnsUSA/870425939/2022LD-2-07_small2.jpg', 'caption': None, 'caption_html': None, 'copyright_holder': 'Fairmount Fibers'}, {'id': 114752770, 'sort_order': 2, 'user_id': 857330, 'x_offset': 0, 'y_offset': -43, 'square_url': 'https://images4-f.ravelrycache.com/uploads/ManosYarnsUSA/870425947/2022LD-2-05_square.jpg', 'medium_url': 'https://images4-g.ravelrycache.com/uploads/ManosYarnsUSA/870425947/2022LD-2-05_medium.jpg', 'thumbnail_url': 'https://images4-f.ravelrycache.com/uploads/ManosYarnsUSA/870425947/2022LD-2-05_thumbnail.jpg', 'small_url': 'https://images4-f.ravelrycache.com/uploads/ManosYarnsUSA/870425947/2022LD-2-05_small_best_fit.jpg', 'flickr_url': None, 'shelved_url': 'https://images4-g.ravelrycache.com/uploads/ManosYarnsUSA/870425947/2022LD-2-05_shelved.jpg', 'medium2_url': 'https://images4-a.ravelrycache.com/uploads/ManosYarnsUSA/870425947/2022LD-2-05_medium2.jpg', 'small2_url': 'https://images4-f.ravelrycache.com/uploads/ManosYarnsUSA/870425947/2022LD-2-05_small2.jpg', 'caption': None, 'caption_html': None, 'copyright_holder': 'Fairmount Fibers'}, {'id': 114752771, 'sort_order': 3, 'user_id': 857330, 'x_offset': 0, 'y_offset': -43, 'square_url': 'https://images4-g.ravelrycache.com/uploads/ManosYarnsUSA/870426050/2022LD-2-20_square.jpg', 'medium_url': 'https://images4-f.ravelrycache.com/uploads/ManosYarnsUSA/870426050/2022LD-2-20_medium.jpg', 'thumbnail_url': 'https://images4-g.ravelrycache.com/uploads/ManosYarnsUSA/870426050/2022LD-2-20_thumbnail.jpg', 'small_url': 'https://images4-g.ravelrycache.com/uploads/ManosYarnsUSA/870426050/2022LD-2-20_small_best_fit.jpg', 'flickr_url': None, 'shelved_url': 'https://images4-f.ravelrycache.com/uploads/ManosYarnsUSA/870426050/2022LD-2-20_shelved.jpg', 'medium2_url': 'https://images4-a.ravelrycache.com/uploads/ManosYarnsUSA/870426050/2022LD-2-20_medium2.jpg', 'small2_url': 'https://images4-g.ravelrycache.com/uploads/ManosYarnsUSA/870426050/2022LD-2-20_small2.jpg', 'caption': None, 'caption_html': None, 'copyright_holder': 'Fairmount Fibers'}, {'id': 114752772, 'sort_order': 4, 'user_id': 857330, 'x_offset': 0, 'y_offset': -43, 'square_url': 'https://images4-g.ravelrycache.com/uploads/ManosYarnsUSA/870426019/2022LD-2-13_square.jpg', 'medium_url': 'https://images4-f.ravelrycache.com/uploads/ManosYarnsUSA/870426019/2022LD-2-13_medium.jpg', 'thumbnail_url': 'https://images4-g.ravelrycache.com/uploads/ManosYarnsUSA/870426019/2022LD-2-13_thumbnail.jpg', 'small_url': 'https://images4-g.ravelrycache.com/uploads/ManosYarnsUSA/870426019/2022LD-2-13_small_best_fit.jpg', 'flickr_url': None, 'shelved_url': 'https://images4-g.ravelrycache.com/uploads/ManosYarnsUSA/870426019/2022LD-2-13_shelved.jpg', 'medium2_url': 'https://images4-a.ravelrycache.com/uploads/ManosYarnsUSA/870426019/2022LD-2-13_medium2.jpg', 'small2_url': 'https://images4-g.ravelrycache.com/uploads/ManosYarnsUSA/870426019/2022LD-2-13_small2.jpg', 'caption': None, 'caption_html': None, 'copyright_holder': 'Fairmount Fibers'}, {'id': 114752773, 'sort_order': 5, 'user_id': 857330, 'x_offset': 0, 'y_offset': -43, 'square_url': 'https://images4-g.ravelrycache.com/uploads/ManosYarnsUSA/870426036/2022LD-2-15_square.jpg', 'medium_url': 'https://images4-f.ravelrycache.com/uploads/ManosYarnsUSA/870426036/2022LD-2-15_medium.jpg', 'thumbnail_url': 'https://images4-g.ravelrycache.com/uploads/ManosYarnsUSA/870426036/2022LD-2-15_thumbnail.jpg', 'small_url': 'https://images4-f.ravelrycache.com/uploads/ManosYarnsUSA/870426036/2022LD-2-15_small_best_fit.jpg', 'flickr_url': None, 'shelved_url': 'https://images4-f.ravelrycache.com/uploads/ManosYarnsUSA/870426036/2022LD-2-15_shelved.jpg', 'medium2_url': 'https://images4-a.ravelrycache.com/uploads/ManosYarnsUSA/870426036/2022LD-2-15_medium2.jpg', 'small2_url': 'https://images4-g.ravelrycache.com/uploads/ManosYarnsUSA/870426036/2022LD-2-15_small2.jpg', 'caption': None, 'caption_html': None, 'copyright_holder': 'Fairmount Fibers'}, {'id': 114752774, 'sort_order': 6, 'user_id': 857330, 'x_offset': 0, 'y_offset': -43, 'square_url': 'https://images4-f.ravelrycache.com/uploads/ManosYarnsUSA/870425968/2022LD-2-03_square.jpg', 'medium_url': 'https://images4-g.ravelrycache.com/uploads/ManosYarnsUSA/870425968/2022LD-2-03_medium.jpg', 'thumbnail_url': 'https://images4-f.ravelrycache.com/uploads/ManosYarnsUSA/870425968/2022LD-2-03_thumbnail.jpg', 'small_url': 'https://images4-g.ravelrycache.com/uploads/ManosYarnsUSA/870425968/2022LD-2-03_small_best_fit.jpg', 'flickr_url': None, 'shelved_url': 'https://images4-f.ravelrycache.com/uploads/ManosYarnsUSA/870425968/2022LD-2-03_shelved.jpg', 'medium2_url': 'https://images4-a.ravelrycache.com/uploads/ManosYarnsUSA/870425968/2022LD-2-03_medium2.jpg', 'small2_url': 'https://images4-f.ravelrycache.com/uploads/ManosYarnsUSA/870425968/2022LD-2-03_small2.jpg', 'caption': None, 'caption_html': None, 'copyright_holder': 'Fairmount Fibers'}, {'id': 114752775, 'sort_order': 7, 'user_id': 857330, 'x_offset': -43, 'y_offset': 0, 'square_url': 'https://images4-g.ravelrycache.com/uploads/ManosYarnsUSA/870426520/2022LD-2-11_square.jpg', 'medium_url': 'https://images4-f.ravelrycache.com/uploads/ManosYarnsUSA/870426520/2022LD-2-11_medium.jpg', 'thumbnail_url': 'https://images4-g.ravelrycache.com/uploads/ManosYarnsUSA/870426520/2022LD-2-11_thumbnail.jpg', 'small_url': 'https://images4-f.ravelrycache.com/uploads/ManosYarnsUSA/870426520/2022LD-2-11_small_best_fit.jpg', 'flickr_url': None, 'shelved_url': 'https://images4-f.ravelrycache.com/uploads/ManosYarnsUSA/870426520/2022LD-2-11_shelved.jpg', 'medium2_url': 'https://images4-a.ravelrycache.com/uploads/ManosYarnsUSA/870426520/2022LD-2-11_medium2.jpg', 'small2_url': 'https://images4-g.ravelrycache.com/uploads/ManosYarnsUSA/870426520/2022LD-2-11_small2.jpg', 'caption': None, 'caption_html': None, 'copyright_holder': None}]"
Fernanda Pullover,Claudia Quintanilla - EweKnit Toronto,1263749,https://www.ravelry.com/patterns/library/fernanda-pullover,False,https://images4-a.ravelrycache.com/uploads/EweKnitToronto/870954500/IMG_2122_medium2.jpg,Knitting,"['female', 'unisex', 'adult', 'one-piece', 'seamless', 'short-rows', 'bottom-up', 'positive-ease', 'written-pattern', 'in-the-round', 'stripes-colorwork']",22.25,0.0,True,4.0,"Stockinette, blocked",pullover,Lace,10,0.0,"XS (S, M, L, XL, 2X, 3X, 4X)","[{'id': 114774339, 'sort_order': 1, 'user_id': 2351681, 'x_offset': -2, 'y_offset': 0, 'square_url': 'https://images4-f.ravelrycache.com/uploads/EweKnitToronto/870954500/IMG_2122_square.jpg', 'medium_url': 'https://images4-g.ravelrycache.com/uploads/EweKnitToronto/870954500/IMG_2122_medium.jpg', 'thumbnail_url': 'https://images4-f.ravelrycache.com/uploads/EweKnitToronto/870954500/IMG_2122_thumbnail.jpg', 'small_url': 'https://images4-g.ravelrycache.com/uploads/EweKnitToronto/870954500/IMG_2122_small.jpg', 'flickr_url': None, 'shelved_url': 'https://images4-f.ravelrycache.com/uploads/EweKnitToronto/870954500/IMG_2122_shelved.jpg', 'medium2_url': 'https://images4-a.ravelrycache.com/uploads/EweKnitToronto/870954500/IMG_2122_medium2.jpg', 'small2_url': 'https://images4-f.ravelrycache.com/uploads/EweKnitToronto/870954500/IMG_2122_small2.jpg', 'caption': None, 'caption_html': None, 'copyright_holder': None}, {'id': 114774333, 'sort_order': 2, 'user_id': 2351681, 'x_offset': -5, 'y_offset': -35, 'square_url': 'https://images4-f.ravelrycache.com/uploads/EweKnitToronto/870954478/IMG_2228_square.jpg', 'medium_url': 'https://images4-g.ravelrycache.com/uploads/EweKnitToronto/870954478/IMG_2228_medium.jpg', 'thumbnail_url': 'https://images4-f.ravelrycache.com/uploads/EweKnitToronto/870954478/IMG_2228_thumbnail.jpg', 'small_url': 'https://images4-g.ravelrycache.com/uploads/EweKnitToronto/870954478/IMG_2228_small.jpg', 'flickr_url': None, 'shelved_url': 'https://images4-g.ravelrycache.com/uploads/EweKnitToronto/870954478/IMG_2228_shelved.jpg', 'medium2_url': 'https://images4-a.ravelrycache.com/uploads/EweKnitToronto/870954478/IMG_2228_medium2.jpg', 'small2_url': 'https://images4-f.ravelrycache.com/uploads/EweKnitToronto/870954478/IMG_2228_small2.jpg', 'caption': None, 'caption_html': None, 'copyright_holder': None}, {'id': 114774334, 'sort_order': 3, 'user_id': 2351681, 'x_offset': -5, 'y_offset': -35, 'square_url': 'https://images4-f.ravelrycache.com/uploads/EweKnitToronto/870954477/IMG_2138_square.jpg', 'medium_url': 'https://images4-g.ravelrycache.com/uploads/EweKnitToronto/870954477/IMG_2138_medium.jpg', 'thumbnail_url': 'https://images4-f.ravelrycache.com/uploads/EweKnitToronto/870954477/IMG_2138_thumbnail.jpg', 'small_url': 'https://images4-g.ravelrycache.com/uploads/EweKnitToronto/870954477/IMG_2138_small.jpg', 'flickr_url': None, 'shelved_url': 'https://images4-g.ravelrycache.com/uploads/EweKnitToronto/870954477/IMG_2138_shelved.jpg', 'medium2_url': 'https://images4-a.ravelrycache.com/uploads/EweKnitToronto/870954477/IMG_2138_medium2.jpg', 'small2_url': 'https://images4-f.ravelrycache.com/uploads/EweKnitToronto/870954477/IMG_2138_small2.jpg', 'caption': None, 'caption_html': None, 'copyright_holder': None}, {'id': 114774336, 'sort_order': 4, 'user_id': 2351681, 'x_offset': -7, 'y_offset': -6, 'square_url': 'https://images4-g.ravelrycache.com/uploads/EweKnitToronto/870954482/IMG_2100_square.jpg', 'medium_url': 'https://images4-f.ravelrycache.com/uploads/EweKnitToronto/870954482/IMG_2100_medium.jpg', 'thumbnail_url': 'https://images4-g.ravelrycache.com/uploads/EweKnitToronto/870954482/IMG_2100_thumbnail.jpg', 'small_url': 'https://images4-g.ravelrycache.com/uploads/EweKnitToronto/870954482/IMG_2100_small.jpg', 'flickr_url': None, 'shelved_url': 'https://images4-f.ravelrycache.com/uploads/EweKnitToronto/870954482/IMG_2100_shelved.jpg', 'medium2_url': 'https://images4-a.ravelrycache.com/uploads/EweKnitToronto/870954482/IMG_2100_medium2.jpg', 'small2_url': 'https://images4-g.ravelrycache.com/uploads/EweKnitToronto/870954482/IMG_2100_small2.jpg', 'caption': None, 'caption_html': None, 'copyright_holder': None}, {'id': 114774337, 'sort_order': 5, 'user_id': 2351681, 'x_offset': -6, 'y_offset': -4, 'square_url': 'https://images4-g.ravelrycache.com/uploads/EweKnitToronto/870954481/IMG_2123_square.jpg', 'medium_url': 'https://images4-f.ravelrycache.com/uploads/EweKnitToronto/870954481/IMG_2123_medium.jpg', 'thumbnail_url': 'https://images4-f.ravelrycache.com/uploads/EweKnitToronto/870954481/IMG_2123_thumbnail.jpg', 'small_url': 'https://images4-g.ravelrycache.com/uploads/EweKnitToronto/870954481/IMG_2123_small.jpg', 'flickr_url': None, 'shelved_url': 'https://images4-f.ravelrycache.com/uploads/EweKnitToronto/870954481/IMG_2123_shelved.jpg', 'medium2_url': 'https://images4-a.ravelrycache.com/uploads/EweKnitToronto/870954481/IMG_2123_medium2.jpg', 'small2_url': 'https://images4-g.ravelrycache.com/uploads/EweKnitToronto/870954481/IMG_2123_small2.jpg', 'caption': None, 'caption_html': None, 'copyright_holder': None}, {'id': 114774332, 'sort_order': 6, 'user_id': 2351681, 'x_offset': -5, 'y_offset': -35, 'square_url': 'https://images4-g.ravelrycache.com/uploads/EweKnitToronto/870954479/IMG_2229_square.jpg', 'medium_url': 'https://images4-f.ravelrycache.com/uploads/EweKnitToronto/870954479/IMG_2229_medium.jpg', 'thumbnail_url': 'https://images4-f.ravelrycache.com/uploads/EweKnitToronto/870954479/IMG_2229_thumbnail.jpg', 'small_url': 'https://images4-f.ravelrycache.com/uploads/EweKnitToronto/870954479/IMG_2229_small.jpg', 'flickr_url': None, 'shelved_url': 'https://images4-f.ravelrycache.com/uploads/EweKnitToronto/870954479/IMG_2229_shelved.jpg', 'medium2_url': 'https://images4-a.ravelrycache.com/uploads/EweKnitToronto/870954479/IMG_2229_medium2.jpg', 'small2_url': 'https://images4-g.ravelrycache.com/uploads/EweKnitToronto/870954479/IMG_2229_small2.jpg', 'caption': None, 'caption_html': None, 'copyright_holder': None}, {'id': 114774601, 'sort_order': 7, 'user_id': 2351681, 'x_offset': -5, 'y_offset': -35, 'square_url': 'https://images4-g.ravelrycache.com/uploads/EweKnitToronto/870956711/IMG_2186_square.jpg', 'medium_url': 'https://images4-f.ravelrycache.com/uploads/EweKnitToronto/870956711/IMG_2186_medium.jpg', 'thumbnail_url': 'https://images4-f.ravelrycache.com/uploads/EweKnitToronto/870956711/IMG_2186_thumbnail.jpg', 'small_url': 'https://images4-f.ravelrycache.com/uploads/EweKnitToronto/870956711/IMG_2186_small.jpg', 'flickr_url': None, 'shelved_url': 'https://images4-f.ravelrycache.com/uploads/EweKnitToronto/870956711/IMG_2186_shelved.jpg', 'medium2_url': 'https://images4-a.ravelrycache.com/uploads/EweKnitToronto/870956711/IMG_2186_medium2.jpg', 'small2_url': 'https://images4-g.ravelrycache.com/uploads/EweKnitToronto/870956711/IMG_2186_small2.jpg', 'caption': None, 'caption_html': None, 'copyright_holder': None}, {'id': 114774340, 'sort_order': 8, 'user_id': 2351681, 'x_offset': -7, 'y_offset': -15, 'square_url': 'https://images4-f.ravelrycache.com/uploads/EweKnitToronto/870954499/IMG_2219_square.jpg', 'medium_url': 'https://images4-g.ravelrycache.com/uploads/EweKnitToronto/870954499/IMG_2219_medium.jpg', 'thumbnail_url': 'https://images4-f.ravelrycache.com/uploads/EweKnitToronto/870954499/IMG_2219_thumbnail.jpg', 'small_url': 'https://images4-f.ravelrycache.com/uploads/EweKnitToronto/870954499/IMG_2219_small.jpg', 'flickr_url': None, 'shelved_url': 'https://images4-f.ravelrycache.com/uploads/EweKnitToronto/870954499/IMG_2219_shelved.jpg', 'medium2_url': 'https://images4-a.ravelrycache.com/uploads/EweKnitToronto/870954499/IMG_2219_medium2.jpg', 'small2_url': 'https://images4-f.ravelrycache.com/uploads/EweKnitToronto/870954499/IMG_2219_small2.jpg', 'caption': None, 'caption_html': None, 'copyright_holder': None}, {'id': 114774335, 'sort_order': 9, 'user_id': 2351681, 'x_offset': -6, 'y_offset': -11, 'square_url': 'https://images4-g.ravelrycache.com/uploads/EweKnitToronto/870954480/IMG_2146_square.jpg', 'medium_url': 'https://images4-f.ravelrycache.com/uploads/EweKnitToronto/870954480/IMG_2146_medium.jpg', 'thumbnail_url': 'https://images4-f.ravelrycache.com/uploads/EweKnitToronto/870954480/IMG_2146_thumbnail.jpg', 'small_url': 'https://images4-g.ravelrycache.com/uploads/EweKnitToronto/870954480/IMG_2146_small.jpg', 'flickr_url': None, 'shelved_url': 'https://images4-g.ravelrycache.com/uploads/EweKnitToronto/870954480/IMG_2146_shelved.jpg', 'medium2_url': 'https://images4-a.ravelrycache.com/uploads/EweKnitToronto/870954480/IMG_2146_medium2.jpg', 'small2_url': 'https://images4-g.ravelrycache.com/uploads/EweKnitToronto/870954480/IMG_2146_small2.jpg', 'caption': None, 'caption_html': None, 'copyright_holder': None}, {'id': 114756840, 'sort_order': 10, 'user_id': 2351681, 'x_offset': -4, 'y_offset': -49, 'square_url': 'https://images4-f.ravelrycache.com/uploads/EweKnitToronto/870813665/IMG_1992_square.jpg', 'medium_url': 'https://images4-g.ravelrycache.com/uploads/EweKnitToronto/870813665/IMG_1992_medium.jpg', 'thumbnail_url': 'https://images4-g.ravelrycache.com/uploads/EweKnitToronto/870813665/IMG_1992_thumbnail.jpg', 'small_url': 'https://images4-f.ravelrycache.com/uploads/EweKnitToronto/870813665/IMG_1992_small.jpg', 'flickr_url': None, 'shelved_url': 'https://images4-g.ravelrycache.com/uploads/EweKnitToronto/870813665/IMG_1992_shelved.jpg', 'medium2_url': 'https://images4-a.ravelrycache.com/uploads/EweKnitToronto/870813665/IMG_1992_medium2.jpg', 'small2_url': 'https://images4-f.ravelrycache.com/uploads/EweKnitToronto/870813665/IMG_1992_small2.jpg', 'caption': None, 'caption_html': None, 'copyright_holder': None}, {'id': 114756842, 'sort_order': 11, 'user_id': 2351681, 'x_offset': -6, 'y_offset': 0, 'square_url': 'https://images4-g.ravelrycache.com/uploads/EweKnitToronto/870804275/IMG_2089_1__square.jpg', 'medium_url': 'https://images4-f.ravelrycache.com/uploads/EweKnitToronto/870804275/IMG_2089_1__medium.jpg', 'thumbnail_url': 'https://images4-f.ravelrycache.com/uploads/EweKnitToronto/870804275/IMG_2089_1__thumbnail.jpg', 'small_url': 'https://images4-g.ravelrycache.com/uploads/EweKnitToronto/870804275/IMG_2089_1__small_best_fit.jpg', 'flickr_url': None, 'shelved_url': 'https://images4-g.ravelrycache.com/uploads/EweKnitToronto/870804275/IMG_2089_1__shelved.jpg', 'medium2_url': 'https://images4-a.ravelrycache.com/uploads/EweKnitToronto/870804275/IMG_2089_1__medium2.jpg', 'small2_url': 'https://images4-g.ravelrycache.com/uploads/EweKnitToronto/870804275/IMG_2089_1__small2.jpg', 'caption': None, 'caption_html': None, 'copyright_holder': None}, {'id': 114756841, 'sort_order': 12, 'user_id': 2351681, 'x_offset': -4, 'y_offset': -41, 'square_url': 'https://images4-g.ravelrycache.com/uploads/EweKnitToronto/870804276/IMG_1991_square.jpg', 'medium_url': 'https://images4-f.ravelrycache.com/uploads/EweKnitToronto/870804276/IMG_1991_medium.jpg', 'thumbnail_url': 'https://images4-f.ravelrycache.com/uploads/EweKnitToronto/870804276/IMG_1991_thumbnail.jpg', 'small_url': 'https://images4-f.ravelrycache.com/uploads/EweKnitToronto/870804276/IMG_1991_small.jpg', 'flickr_url': None, 'shelved_url': 'https://images4-f.ravelrycache.com/uploads/EweKnitToronto/870804276/IMG_1991_shelved.jpg', 'medium2_url': 'https://images4-a.ravelrycache.com/uploads/EweKnitToronto/870804276/IMG_1991_medium2.jpg', 'small2_url': 'https://images4-g.ravelrycache.com/uploads/EweKnitToronto/870804276/IMG_1991_small2.jpg', 'caption': None, 'caption_html': None, 'copyright_holder': None}, {'id': 114756845, 'sort_order': 13, 'user_id': 2351681, 'x_offset': 0, 'y_offset': -17, 'square_url': 'https://images4-g.ravelrycache.com/uploads/EweKnitToronto/870813664/IMG_2009_square.jpg', 'medium_url': 'https://images4-f.ravelrycache.com/uploads/EweKnitToronto/870813664/IMG_2009_medium.jpg', 'thumbnail_url': 'https://images4-g.ravelrycache.com/uploads/EweKnitToronto/870813664/IMG_2009_thumbnail.jpg', 'small_url': 'https://images4-f.ravelrycache.com/uploads/EweKnitToronto/870813664/IMG_2009_small_best_fit.jpg', 'flickr_url': None, 'shelved_url': 'https://images4-f.ravelrycache.com/uploads/EweKnitToronto/870813664/IMG_2009_shelved.jpg', 'medium2_url': 'https://images4-a.ravelrycache.com/uploads/EweKnitToronto/870813664/IMG_2009_medium2.jpg', 'small2_url': 'https://images4-g.ravelrycache.com/uploads/EweKnitToronto/870813664/IMG_2009_small2.jpg', 'caption': None, 'caption_html': None, 'copyright_holder': None}, {'id': 114756843, 'sort_order': 14, 'user_id': 2351681, 'x_offset': -5, 'y_offset': -35, 'square_url': 'https://images4-f.ravelrycache.com/uploads/EweKnitToronto/870804277/IMG_2043_small2.jpg', 'medium_url': 'https://images4-f.ravelrycache.com/uploads/EweKnitToronto/870804277/IMG_2043_small2.jpg', 'thumbnail_url': 'https://images4-f.ravelrycache.com/uploads/EweKnitToronto/870804277/IMG_2043_small2.jpg', 'small_url': 'https://images4-g.ravelrycache.com/uploads/EweKnitToronto/870804277/IMG_2043_small.jpg', 'flickr_url': None, 'shelved_url': 'https://images4-g.ravelrycache.com/uploads/EweKnitToronto/870804277/IMG_2043_shelved.jpg', 'medium2_url': 'https://images4-f.ravelrycache.com/uploads/EweKnitToronto/870804277/IMG_2043_small2.jpg', 'small2_url': 'https://images4-f.ravelrycache.com/uploads/EweKnitToronto/870804277/IMG_2043_small2.jpg', 'caption': None, 'caption_html': None, 'copyright_holder': None}, {'id': 114756844, 'sort_order': 15, 'user_id': 2351681, 'x_offset': 0, 'y_offset': -64, 'square_url': 'https://images4-g.ravelrycache.com/uploads/EweKnitToronto/870813675/IMG_2011_1__square.jpg', 'medium_url': 'https://images4-f.ravelrycache.com/uploads/EweKnitToronto/870813675/IMG_2011_1__medium.jpg', 'thumbnail_url': 'https://images4-g.ravelrycache.com/uploads/EweKnitToronto/870813675/IMG_2011_1__thumbnail.jpg', 'small_url': 'https://images4-f.ravelrycache.com/uploads/EweKnitToronto/870813675/IMG_2011_1__small_best_fit.jpg', 'flickr_url': None, 'shelved_url': 'https://images4-g.ravelrycache.com/uploads/EweKnitToronto/870813675/IMG_2011_1__shelved.jpg', 'medium2_url': 'https://images4-a.ravelrycache.com/uploads/EweKnitToronto/870813675/IMG_2011_1__medium2.jpg', 'small2_url': 'https://images4-g.ravelrycache.com/uploads/EweKnitToronto/870813675/IMG_2011_1__small2.jpg', 'caption': None, 'caption_html': None, 'copyright_holder': None}]"
Ekubo,Ririko,1264002,https://www.ravelry.com/patterns/library/ekubo,False,https://images4-a.ravelrycache.com/uploads/Handknitlife/861727202/Ekubo_27_medium2.jpg,Knitting,"['female', 'teen', 'adult', 'oversized', 'petite', 'plus', 'textured', 'boat-neck', 'sleeves', '3-4-sleeve', 'icord', 'seamless', 'short-rows', 'top-down', 'positive-ease', 'chart', 'written-pattern', 'worked-flat', 'in-the-round', 'icord-edging', 'provisional', 'schematic']",27.0,4.0,True,4.0,in Stockinette stitch,pullover,Light Fingering,17,5.0,"1 (2, 3, 4, 5)(6, 7, 8, 9) : see below","[{'id': 114779893, 'sort_order': 1, 'user_id': 640889, 'x_offset': -35, 'y_offset': -2, 'square_url': 'https://images4-f.ravelrycache.com/uploads/Handknitlife/861727202/Ekubo_27_square.jpg', 'medium_url': 'https://images4-g.ravelrycache.com/uploads/Handknitlife/861727202/Ekubo_27_medium.jpg', 'thumbnail_url': 'https://images4-f.ravelrycache.com/uploads/Handknitlife/861727202/Ekubo_27_thumbnail.jpg', 'small_url': 'https://images4-f.ravelrycache.com/uploads/Handknitlife/861727202/Ekubo_27_small_best_fit.jpg', 'flickr_url': None, 'shelved_url': 'https://images4-g.ravelrycache.com/uploads/Handknitlife/861727202/Ekubo_27_shelved.jpg', 'medium2_url': 'https://images4-a.ravelrycache.com/uploads/Handknitlife/861727202/Ekubo_27_medium2.jpg', 'small2_url': 'https://images4-f.ravelrycache.com/uploads/Handknitlife/861727202/Ekubo_27_small2.jpg', 'caption': None, 'caption_html': None, 'copyright_holder': None}, {'id': 114779887, 'sort_order': 2, 'user_id': 640889, 'x_offset': -43, 'y_offset': 0, 'square_url': 'https://images4-g.ravelrycache.com/uploads/Handknitlife/861726374/Ekubo_3_square.jpg', 'medium_url': 'https://images4-f.ravelrycache.com/uploads/Handknitlife/861726374/Ekubo_3_medium.jpg', 'thumbnail_url': 'https://images4-f.ravelrycache.com/uploads/Handknitlife/861726374/Ekubo_3_thumbnail.jpg', 'small_url': 'https://images4-g.ravelrycache.com/uploads/Handknitlife/861726374/Ekubo_3_small_best_fit.jpg', 'flickr_url': None, 'shelved_url': 'https://images4-f.ravelrycache.com/uploads/Handknitlife/861726374/Ekubo_3_shelved.jpg', 'medium2_url': 'https://images4-a.ravelrycache.com/uploads/Handknitlife/861726374/Ekubo_3_medium2.jpg', 'small2_url': 'https://images4-g.ravelrycache.com/uploads/Handknitlife/861726374/Ekubo_3_small2.jpg', 'caption': None, 'caption_html': None, 'copyright_holder': None}, {'id': 114779888, 'sort_order': 3, 'user_id': 640889, 'x_offset': -43, 'y_offset': 0, 'square_url': 'https://images4-f.ravelrycache.com/uploads/Handknitlife/861727201/Ekubo_23_square.jpg', 'medium_url': 'https://images4-g.ravelrycache.com/uploads/Handknitlife/861727201/Ekubo_23_medium.jpg', 'thumbnail_url': 'https://images4-f.ravelrycache.com/uploads/Handknitlife/861727201/Ekubo_23_thumbnail.jpg', 'small_url': 'https://images4-g.ravelrycache.com/uploads/Handknitlife/861727201/Ekubo_23_small_best_fit.jpg', 'flickr_url': None, 'shelved_url': 'https://images4-f.ravelrycache.com/uploads/Handknitlife/861727201/Ekubo_23_shelved.jpg', 'medium2_url': 'https://images4-a.ravelrycache.com/uploads/Handknitlife/861727201/Ekubo_23_medium2.jpg', 'small2_url': 'https://images4-f.ravelrycache.com/uploads/Handknitlife/861727201/Ekubo_23_small2.jpg', 'caption': None, 'caption_html': None, 'copyright_holder': None}, {'id': 114779891, 'sort_order': 4, 'user_id': 640889, 'x_offset': -43, 'y_offset': 0, 'square_url': 'https://images4-f.ravelrycache.com/uploads/Handknitlife/861726732/Ekubo_7_square.jpg', 'medium_url': 'https://images4-g.ravelrycache.com/uploads/Handknitlife/861726732/Ekubo_7_medium.jpg', 'thumbnail_url': 'https://images4-g.ravelrycache.com/uploads/Handknitlife/861726732/Ekubo_7_thumbnail.jpg', 'small_url': 'https://images4-f.ravelrycache.com/uploads/Handknitlife/861726732/Ekubo_7_small_best_fit.jpg', 'flickr_url': None, 'shelved_url': 'https://images4-f.ravelrycache.com/uploads/Handknitlife/861726732/Ekubo_7_shelved.jpg', 'medium2_url': 'https://images4-a.ravelrycache.com/uploads/Handknitlife/861726732/Ekubo_7_medium2.jpg', 'small2_url': 'https://images4-f.ravelrycache.com/uploads/Handknitlife/861726732/Ekubo_7_small2.jpg', 'caption': None, 'caption_html': None, 'copyright_holder': None}, {'id': 114779889, 'sort_order': 5, 'user_id': 640889, 'x_offset': -43, 'y_offset': 0, 'square_url': 'https://images4-g.ravelrycache.com/uploads/Handknitlife/861726734/Ekubo_20_square.jpg', 'medium_url': 'https://images4-f.ravelrycache.com/uploads/Handknitlife/861726734/Ekubo_20_medium.jpg', 'thumbnail_url': 'https://images4-g.ravelrycache.com/uploads/Handknitlife/861726734/Ekubo_20_thumbnail.jpg', 'small_url': 'https://images4-g.ravelrycache.com/uploads/Handknitlife/861726734/Ekubo_20_small_best_fit.jpg', 'flickr_url': None, 'shelved_url': 'https://images4-g.ravelrycache.com/uploads/Handknitlife/861726734/Ekubo_20_shelved.jpg', 'medium2_url': 'https://images4-a.ravelrycache.com/uploads/Handknitlife/861726734/Ekubo_20_medium2.jpg', 'small2_url': 'https://images4-g.ravelrycache.com/uploads/Handknitlife/861726734/Ekubo_20_small2.jpg', 'caption': None, 'caption_html': None, 'copyright_holder': None}, {'id': 114779890, 'sort_order': 6, 'user_id': 640889, 'x_offset': -43, 'y_offset': 0, 'square_url': 'https://images4-g.ravelrycache.com/uploads/Handknitlife/861727205/Ekubo_65_square.jpg', 'medium_url': 'https://images4-f.ravelrycache.com/uploads/Handknitlife/861727205/Ekubo_65_medium.jpg', 'thumbnail_url': 'https://images4-g.ravelrycache.com/uploads/Handknitlife/861727205/Ekubo_65_thumbnail.jpg', 'small_url': 'https://images4-g.ravelrycache.com/uploads/Handknitlife/861727205/Ekubo_65_small_best_fit.jpg', 'flickr_url': None, 'shelved_url': 'https://images4-g.ravelrycache.com/uploads/Handknitlife/861727205/Ekubo_65_shelved.jpg', 'medium2_url': 'https://images4-a.ravelrycache.com/uploads/Handknitlife/861727205/Ekubo_65_medium2.jpg', 'small2_url': 'https://images4-g.ravelrycache.com/uploads/Handknitlife/861727205/Ekubo_65_small2.jpg', 'caption': None, 'caption_html': None, 'copyright_holder': None}, {'id': 114779892, 'sort_order': 7, 'user_id': 640889, 'x_offset': -43, 'y_offset': 0, 'square_url': 'https://images4-f.ravelrycache.com/uploads/Handknitlife/861727197/Ekubo_26_square.jpg', 'medium_url': 'https://images4-g.ravelrycache.com/uploads/Handknitlife/861727197/Ekubo_26_medium.jpg', 'thumbnail_url': 'https://images4-g.ravelrycache.com/uploads/Handknitlife/861727197/Ekubo_26_thumbnail.jpg', 'small_url': 'https://images4-g.ravelrycache.com/uploads/Handknitlife/861727197/Ekubo_26_small_best_fit.jpg', 'flickr_url': None, 'shelved_url': 'https://images4-g.ravelrycache.com/uploads/Handknitlife/861727197/Ekubo_26_shelved.jpg', 'medium2_url': 'https://images4-a.ravelrycache.com/uploads/Handknitlife/861727197/Ekubo_26_medium2.jpg', 'small2_url': 'https://images4-f.ravelrycache.com/uploads/Handknitlife/861727197/Ekubo_26_small2.jpg', 'caption': None, 'caption_html': None, 'copyright_holder': None}, {'id': 114779894, 'sort_order': 8, 'user_id': 640889, 'x_offset': -43, 'y_offset': 0, 'square_url': 'https://images4-f.ravelrycache.com/uploads/Handknitlife/861727198/Ekubo_28_square.jpg', 'medium_url': 'https://images4-g.ravelrycache.com/uploads/Handknitlife/861727198/Ekubo_28_medium.jpg', 'thumbnail_url': 'https://images4-g.ravelrycache.com/uploads/Handknitlife/861727198/Ekubo_28_thumbnail.jpg', 'small_url': 'https://images4-g.ravelrycache.com/uploads/Handknitlife/861727198/Ekubo_28_small_best_fit.jpg', 'flickr_url': None, 'shelved_url': 'https://images4-g.ravelrycache.com/uploads/Handknitlife/861727198/Ekubo_28_shelved.jpg', 'medium2_url': 'https://images4-a.ravelrycache.com/uploads/Handknitlife/861727198/Ekubo_28_medium2.jpg', 'small2_url': 'https://images4-f.ravelrycache.com/uploads/Handknitlife/861727198/Ekubo_28_small2.jpg', 'caption': None, 'caption_html': None, 'copyright_holder': None}, {'id': 114779895, 'sort_order': 9, 'user_id': 640889, 'x_offset': -43, 'y_offset': 0, 'square_url': 'https://images4-f.ravelrycache.com/uploads/Handknitlife/861727196/Ekubo_35_square.jpg', 'medium_url': 'https://images4-g.ravelrycache.com/uploads/Handknitlife/861727196/Ekubo_35_medium.jpg', 'thumbnail_url': 'https://images4-g.ravelrycache.com/uploads/Handknitlife/861727196/Ekubo_35_thumbnail.jpg', 'small_url': 'https://images4-g.ravelrycache.com/uploads/Handknitlife/861727196/Ekubo_35_small_best_fit.jpg', 'flickr_url': None, 'shelved_url': 'https://images4-g.ravelrycache.com/uploads/Handknitlife/861727196/Ekubo_35_shelved.jpg', 'medium2_url': 'https://images4-a.ravelrycache.com/uploads/Handknitlife/861727196/Ekubo_35_medium2.jpg', 'small2_url': 'https://images4-f.ravelrycache.com/uploads/Handknitlife/861727196/Ekubo_35_small2.jpg', 'caption': None, 'caption_html': None, 'copyright_holder': None}, {'id': 114779896, 'sort_order': 10, 'user_id': 640889, 'x_offset': -43, 'y_offset': 0, 'square_url': 'https://images4-g.ravelrycache.com/uploads/Handknitlife/861727199/Ekubo_64_square.jpg', 'medium_url': 'https://images4-f.ravelrycache.com/uploads/Handknitlife/861727199/Ekubo_64_medium.jpg', 'thumbnail_url': 'https://images4-g.ravelrycache.com/uploads/Handknitlife/861727199/Ekubo_64_thumbnail.jpg', 'small_url': 'https://images4-g.ravelrycache.com/uploads/Handknitlife/861727199/Ekubo_64_small_best_fit.jpg', 'flickr_url': None, 'shelved_url': 'https://images4-g.ravelrycache.com/uploads/Handknitlife/861727199/Ekubo_64_shelved.jpg', 'medium2_url': 'https://images4-a.ravelrycache.com/uploads/Handknitlife/861727199/Ekubo_64_medium2.jpg', 'small2_url': 'https://images4-g.ravelrycache.com/uploads/Handknitlife/861727199/Ekubo_64_small2.jpg', 'caption': None, 'caption_html': None, 'copyright_holder': None}]"
Corner Brook,Jennifer Beale,1264107,https://www.ravelry.com/patterns/library/corner-brook-2,False,https://images4-a.ravelrycache.com/uploads/knitjbeale/870470647/filler_medium2.JPG,Knitting,"['oversized', 'cables', 'textured', 'stranded', 'bias', 'one-piece', 'short-rows', 'funnel-neck', 'in-the-round', 'fairisle']",23.0,5.333333333333333,True,4.0,Stockinette worked flat,pullover,Sport,13,4.666666666666667,"(1, 2, 3, 4, 5)","[{'id': 114784727, 'sort_order': 1, 'user_id': 5070261, 'x_offset': -86, 'y_offset': -1, 'square_url': 'https://images4-f.ravelrycache.com/uploads/knitjbeale/870470647/filler_square.JPG', 'medium_url': 'https://images4-g.ravelrycache.com/uploads/knitjbeale/870470647/filler_medium.JPG', 'thumbnail_url': 'https://images4-g.ravelrycache.com/uploads/knitjbeale/870470647/filler_thumbnail.JPG', 'small_url': 'https://images4-f.ravelrycache.com/uploads/knitjbeale/870470647/filler_small_best_fit.JPG', 'flickr_url': None, 'shelved_url': 'https://images4-g.ravelrycache.com/uploads/knitjbeale/870470647/filler_shelved.JPG', 'medium2_url': 'https://images4-a.ravelrycache.com/uploads/knitjbeale/870470647/filler_medium2.JPG', 'small2_url': 'https://images4-f.ravelrycache.com/uploads/knitjbeale/870470647/filler_small2.JPG', 'caption': None, 'caption_html': None, 'copyright_holder': None}, {'id': 120158232, 'sort_order': 2, 'user_id': 4249712, 'x_offset': -5, 'y_offset': -35, 'square_url': 'https://images4-f.ravelrycache.com/uploads/J-M-M/881750880/IMG_20221017_155847_square.jpg', 'medium_url': 'https://images4-g.ravelrycache.com/uploads/J-M-M/881750880/IMG_20221017_155847_medium.jpg', 'thumbnail_url': 'https://images4-g.ravelrycache.com/uploads/J-M-M/881750880/IMG_20221017_155847_thumbnail.jpg', 'small_url': 'https://images4-f.ravelrycache.com/uploads/J-M-M/881750880/IMG_20221017_155847_small.jpg', 'flickr_url': None, 'shelved_url': 'https://images4-f.ravelrycache.com/uploads/J-M-M/881750880/IMG_20221017_155847_shelved.jpg', 'medium2_url': 'https://images4-a.ravelrycache.com/uploads/J-M-M/881750880/IMG_20221017_155847_medium2.jpg', 'small2_url': 'https://images4-f.ravelrycache.com/uploads/J-M-M/881750880/IMG_20221017_155847_small2.jpg', 'caption': None, 'caption_html': None, 'copyright_holder': None}, {'id': 115014326, 'sort_order': 3, 'user_id': 7759902, 'x_offset': -5, 'y_offset': -35, 'square_url': 'https://images4-g.ravelrycache.com/uploads/Katinat/869205182/B08BC514-33FA-4583-94F3-BD923CAE7C47_square.jpeg', 'medium_url': 'https://images4-g.ravelrycache.com/uploads/Katinat/869205182/B08BC514-33FA-4583-94F3-BD923CAE7C47_medium.jpeg', 'thumbnail_url': 'https://images4-f.ravelrycache.com/uploads/Katinat/869205182/B08BC514-33FA-4583-94F3-BD923CAE7C47_thumbnail.jpeg', 'small_url': 'https://images4-f.ravelrycache.com/uploads/Katinat/869205182/B08BC514-33FA-4583-94F3-BD923CAE7C47_small.jpeg', 'flickr_url': None, 'shelved_url': 'https://images4-f.ravelrycache.com/uploads/Katinat/869205182/B08BC514-33FA-4583-94F3-BD923CAE7C47_shelved.jpeg', 'medium2_url': 'https://images4-a.ravelrycache.com/uploads/Katinat/869205182/B08BC514-33FA-4583-94F3-BD923CAE7C47_medium2.jpeg', 'small2_url': 'https://images4-f.ravelrycache.com/uploads/Katinat/869205182/B08BC514-33FA-4583-94F3-BD923CAE7C47_small2.jpeg', 'caption': None, 'caption_html': None, 'copyright_holder': None}, {'id': 114784726, 'sort_order': 4, 'user_id': 5070261, 'x_offset': -3, 'y_offset': -1, 'square_url': 'https://images4-f.ravelrycache.com/uploads/knitjbeale/870470651/front_square.JPG', 'medium_url': 'https://images4-g.ravelrycache.com/uploads/knitjbeale/870470651/front_medium.JPG', 'thumbnail_url': 'https://images4-f.ravelrycache.com/uploads/knitjbeale/870470651/front_thumbnail.JPG', 'small_url': 'https://images4-g.ravelrycache.com/uploads/knitjbeale/870470651/front_small_best_fit.JPG', 'flickr_url': None, 'shelved_url': 'https://images4-g.ravelrycache.com/uploads/knitjbeale/870470651/front_shelved.JPG', 'medium2_url': 'https://images4-a.ravelrycache.com/uploads/knitjbeale/870470651/front_medium2.JPG', 'small2_url': 'https://images4-f.ravelrycache.com/uploads/knitjbeale/870470651/front_small2.JPG', 'caption': None, 'caption_html': None, 'copyright_holder': None}, {'id': 114872681, 'sort_order': 5, 'user_id': 6238504, 'x_offset': -5, 'y_offset': -35, 'square_url': 'https://images4-f.ravelrycache.com/uploads/JudeTheGoatFish/871044016/670532AE-9807-4B1B-9223-D8E2E379C5D9_square.jpeg', 'medium_url': 'https://images4-f.ravelrycache.com/uploads/JudeTheGoatFish/871044016/670532AE-9807-4B1B-9223-D8E2E379C5D9_medium.jpeg', 'thumbnail_url': 'https://images4-f.ravelrycache.com/uploads/JudeTheGoatFish/871044016/670532AE-9807-4B1B-9223-D8E2E379C5D9_thumbnail.jpeg', 'small_url': 'https://images4-f.ravelrycache.com/uploads/JudeTheGoatFish/871044016/670532AE-9807-4B1B-9223-D8E2E379C5D9_small.jpeg', 'flickr_url': None, 'shelved_url': 'https://images4-g.ravelrycache.com/uploads/JudeTheGoatFish/871044016/670532AE-9807-4B1B-9223-D8E2E379C5D9_shelved.jpeg', 'medium2_url': 'https://images4-a.ravelrycache.com/uploads/JudeTheGoatFish/871044016/670532AE-9807-4B1B-9223-D8E2E379C5D9_medium2.jpeg', 'small2_url': 'https://images4-g.ravelrycache.com/uploads/JudeTheGoatFish/871044016/670532AE-9807-4B1B-9223-D8E2E379C5D9_small2.jpeg', 'caption': None, 'caption_html': None, 'copyright_holder': None}, {'id': 114872217, 'sort_order': 6, 'user_id': 4596722, 'x_offset': -15, 'y_offset': 0, 'square_url': 'https://images4-g.ravelrycache.com/uploads/claudetango/868715782/DSCF2291_square.jpg', 'medium_url': 'https://images4-f.ravelrycache.com/uploads/claudetango/868715782/DSCF2291_medium.jpg', 'thumbnail_url': 'https://images4-f.ravelrycache.com/uploads/claudetango/868715782/DSCF2291_thumbnail.jpg', 'small_url': 'https://images4-f.ravelrycache.com/uploads/claudetango/868715782/DSCF2291_small_best_fit.jpg', 'flickr_url': None, 'shelved_url': 'https://images4-g.ravelrycache.com/uploads/claudetango/868715782/DSCF2291_shelved.jpg', 'medium2_url': 'https://images4-a.ravelrycache.com/uploads/claudetango/868715782/DSCF2291_medium2.jpg', 'small2_url': 'https://images4-g.ravelrycache.com/uploads/claudetango/868715782/DSCF2291_small2.jpg', 'caption': None, 'caption_html': None, 'copyright_holder': None}, {'id': 114852901, 'sort_order': 7, 'user_id': 1559188, 'x_offset': -3, 'y_offset': -35, 'square_url': 'https://images4-g.ravelrycache.com/uploads/buzzaknits/869353044/C55B6AE6-EE3F-4826-8128-19593D05CCFA_square.jpeg', 'medium_url': 'https://images4-g.ravelrycache.com/uploads/buzzaknits/869353044/C55B6AE6-EE3F-4826-8128-19593D05CCFA_medium.jpeg', 'thumbnail_url': 'https://images4-f.ravelrycache.com/uploads/buzzaknits/869353044/C55B6AE6-EE3F-4826-8128-19593D05CCFA_thumbnail.jpeg', 'small_url': 'https://images4-g.ravelrycache.com/uploads/buzzaknits/869353044/C55B6AE6-EE3F-4826-8128-19593D05CCFA_small.jpeg', 'flickr_url': None, 'shelved_url': 'https://images4-f.ravelrycache.com/uploads/buzzaknits/869353044/C55B6AE6-EE3F-4826-8128-19593D05CCFA_shelved.jpeg', 'medium2_url': 'https://images4-a.ravelrycache.com/uploads/buzzaknits/869353044/C55B6AE6-EE3F-4826-8128-19593D05CCFA_medium2.jpeg', 'small2_url': 'https://images4-f.ravelrycache.com/uploads/buzzaknits/869353044/C55B6AE6-EE3F-4826-8128-19593D05CCFA_small2.jpeg', 'caption': None, 'caption_html': None, 'copyright_holder': None}, {'id': 114784731, 'sort_order': 8, 'user_id': 5070261, 'x_offset': -79, 'y_offset': -4, 'square_url': 'https://images4-f.ravelrycache.com/uploads/knitjbeale/870470650/DSC_0871_square.JPG', 'medium_url': 'https://images4-g.ravelrycache.com/uploads/knitjbeale/870470650/DSC_0871_medium.JPG', 'thumbnail_url': 'https://images4-f.ravelrycache.com/uploads/knitjbeale/870470650/DSC_0871_thumbnail.JPG', 'small_url': 'https://images4-g.ravelrycache.com/uploads/knitjbeale/870470650/DSC_0871_small_best_fit.JPG', 'flickr_url': None, 'shelved_url': 'https://images4-f.ravelrycache.com/uploads/knitjbeale/870470650/DSC_0871_shelved.JPG', 'medium2_url': 'https://images4-a.ravelrycache.com/uploads/knitjbeale/870470650/DSC_0871_medium2.JPG', 'small2_url': 'https://images4-f.ravelrycache.com/uploads/knitjbeale/870470650/DSC_0871_small2.JPG', 'caption': None, 'caption_html': None, 'copyright_holder': None}, {'id': 114784728, 'sort_order': 9, 'user_id': 5070261, 'x_offset': -3, 'y_offset': -35, 'square_url': 'https://images4-f.ravelrycache.com/uploads/knitjbeale/870470649/DSC_0821_square.JPG', 'medium_url': 'https://images4-g.ravelrycache.com/uploads/knitjbeale/870470649/DSC_0821_medium.JPG', 'thumbnail_url': 'https://images4-g.ravelrycache.com/uploads/knitjbeale/870470649/DSC_0821_thumbnail.JPG', 'small_url': 'https://images4-f.ravelrycache.com/uploads/knitjbeale/870470649/DSC_0821_small.JPG', 'flickr_url': None, 'shelved_url': 'https://images4-g.ravelrycache.com/uploads/knitjbeale/870470649/DSC_0821_shelved.JPG', 'medium2_url': 'https://images4-a.ravelrycache.com/uploads/knitjbeale/870470649/DSC_0821_medium2.JPG', 'small2_url': 'https://images4-f.ravelrycache.com/uploads/knitjbeale/870470649/DSC_0821_small2.JPG', 'caption': None, 'caption_html': None, 'copyright_holder': None}, {'id': 114784729, 'sort_order': 10, 'user_id': 5070261, 'x_offset': -4, 'y_offset': -4, 'square_url': 'https://images4-g.ravelrycache.com/uploads/knitjbeale/870470646/back_square.JPG', 'medium_url': 'https://images4-f.ravelrycache.com/uploads/knitjbeale/870470646/back_medium.JPG', 'thumbnail_url': 'https://images4-f.ravelrycache.com/uploads/knitjbeale/870470646/back_thumbnail.JPG', 'small_url': 'https://images4-f.ravelrycache.com/uploads/knitjbeale/870470646/back_small_best_fit.JPG', 'flickr_url': None, 'shelved_url': 'https://images4-f.ravelrycache.com/uploads/knitjbeale/870470646/back_shelved.JPG', 'medium2_url': 'https://images4-a.ravelrycache.com/uploads/knitjbeale/870470646/back_medium2.JPG', 'small2_url': 'https://images4-g.ravelrycache.com/uploads/knitjbeale/870470646/back_small2.JPG', 'caption': None, 'caption_html': None, 'copyright_holder': None}, {'id': 114784730, 'sort_order': 11, 'user_id': 5070261, 'x_offset': 1, 'y_offset': 0, 'square_url': 'https://images4-f.ravelrycache.com/uploads/knitjbeale/870470643/DSC_0782_square.JPG', 'medium_url': 'https://images4-g.ravelrycache.com/uploads/knitjbeale/870470643/DSC_0782_medium.JPG', 'thumbnail_url': 'https://images4-f.ravelrycache.com/uploads/knitjbeale/870470643/DSC_0782_thumbnail.JPG', 'small_url': 'https://images4-g.ravelrycache.com/uploads/knitjbeale/870470643/DSC_0782_small_best_fit.JPG', 'flickr_url': None, 'shelved_url': 'https://images4-g.ravelrycache.com/uploads/knitjbeale/870470643/DSC_0782_shelved.JPG', 'medium2_url': 'https://images4-a.ravelrycache.com/uploads/knitjbeale/870470643/DSC_0782_medium2.JPG', 'small2_url': 'https://images4-f.ravelrycache.com/uploads/knitjbeale/870470643/DSC_0782_small2.JPG', 'caption': None, 'caption_html': None, 'copyright_holder': None}, {'id': 114784732, 'sort_order': 12, 'user_id': 5070261, 'x_offset': -2, 'y_offset': -12, 'square_url': 'https://images4-f.ravelrycache.com/uploads/knitjbeale/870472977/DSC_0928_square.JPG', 'medium_url': 'https://images4-g.ravelrycache.com/uploads/knitjbeale/870472977/DSC_0928_medium.JPG', 'thumbnail_url': 'https://images4-f.ravelrycache.com/uploads/knitjbeale/870472977/DSC_0928_thumbnail.JPG', 'small_url': 'https://images4-f.ravelrycache.com/uploads/knitjbeale/870472977/DSC_0928_small_best_fit.JPG', 'flickr_url': None, 'shelved_url': 'https://images4-f.ravelrycache.com/uploads/knitjbeale/870472977/DSC_0928_shelved.JPG', 'medium2_url': 'https://images4-a.ravelrycache.com/uploads/knitjbeale/870472977/DSC_0928_medium2.JPG', 'small2_url': 'https://images4-f.ravelrycache.com/uploads/knitjbeale/870472977/DSC_0928_small2.JPG', 'caption': None, 'caption_html': None, 'copyright_holder': None}, {'id': 114784733, 'sort_order': 13, 'user_id': 5070261, 'x_offset': -5, 'y_offset': -3, 'square_url': 'https://images4-g.ravelrycache.com/uploads/knitjbeale/870470645/DSC_0935_square.JPG', 'medium_url': 'https://images4-f.ravelrycache.com/uploads/knitjbeale/870470645/DSC_0935_medium.JPG', 'thumbnail_url': 'https://images4-g.ravelrycache.com/uploads/knitjbeale/870470645/DSC_0935_thumbnail.JPG', 'small_url': 'https://images4-g.ravelrycache.com/uploads/knitjbeale/870470645/DSC_0935_small_best_fit.JPG', 'flickr_url': None, 'shelved_url': 'https://images4-g.ravelrycache.com/uploads/knitjbeale/870470645/DSC_0935_shelved.JPG', 'medium2_url': 'https://images4-a.ravelrycache.com/uploads/knitjbeale/870470645/DSC_0935_medium2.JPG', 'small2_url': 'https://images4-g.ravelrycache.com/uploads/knitjbeale/870470645/DSC_0935_small2.JPG', 'caption': None, 'caption_html': None, 'copyright_holder': None}, {'id': 114784734, 'sort_order': 14, 'user_id': 5070261, 'x_offset': 0, 'y_offset': -10, 'square_url': 'https://images4-f.ravelrycache.com/uploads/knitjbeale/870470644/DSC_0942_square.JPG', 'medium_url': 'https://images4-g.ravelrycache.com/uploads/knitjbeale/870470644/DSC_0942_medium.JPG', 'thumbnail_url': 'https://images4-g.ravelrycache.com/uploads/knitjbeale/870470644/DSC_0942_thumbnail.JPG', 'small_url': 'https://images4-g.ravelrycache.com/uploads/knitjbeale/870470644/DSC_0942_small_best_fit.JPG', 'flickr_url': None, 'shelved_url': 'https://images4-g.ravelrycache.com/uploads/knitjbeale/870470644/DSC_0942_shelved.JPG', 'medium2_url': 'https://images4-a.ravelrycache.com/uploads/knitjbeale/870470644/DSC_0942_medium2.JPG', 'small2_url': 'https://images4-f.ravelrycache.com/uploads/knitjbeale/870470644/DSC_0942_small2.JPG', 'caption': None, 'caption_html': None, 'copyright_holder': None}, {'id': 114784735, 'sort_order': 15, 'user_id': 5070261, 'x_offset': -3, 'y_offset': 0, 'square_url': 'https://images4-f.ravelrycache.com/uploads/knitjbeale/870470648/DSC_0950_square.JPG', 'medium_url': 'https://images4-g.ravelrycache.com/uploads/knitjbeale/870470648/DSC_0950_medium.JPG', 'thumbnail_url': 'https://images4-f.ravelrycache.com/uploads/knitjbeale/870470648/DSC_0950_thumbnail.JPG', 'small_url': 'https://images4-f.ravelrycache.com/uploads/knitjbeale/870470648/DSC_0950_small_best_fit.JPG', 'flickr_url': None, 'shelved_url': 'https://images4-f.ravelrycache.com/uploads/knitjbeale/870470648/DSC_0950_shelved.JPG', 'medium2_url': 'https://images4-a.ravelrycache.com/uploads/knitjbeale/870470648/DSC_0950_medium2.JPG', 'small2_url': 'https://images4-f.ravelrycache.com/uploads/knitjbeale/870470648/DSC_0950_small2.JPG', 'caption': None, 'caption_html': None, 'copyright_holder': None}]"
Sweater Almendra Kids,Paula Muñoz,1264148,https://www.ravelry.com/patterns/library/sweater-almendra-kids,True,https://images4-a.ravelrycache.com/uploads/paumunozo/870899018/IMG-6825_medium2.jpg,Knitting,"['unisex', 'child', 'long-sleeve', 'one-piece', 'seamless', 'short-rows', 'top-down', 'positive-ease', 'written-pattern', 'in-the-round']",20.0,0.0,True,4.0,Punto Jersey tejido tubular después de bloquear,child,DK,14,5.0,"2 (3, 4, 6, 8, 10) años","[{'id': 114786438, 'sort_order': 1, 'user_id': 6153463, 'x_offset': 0, 'y_offset': 0, 'square_url': 'https://images4-g.ravelrycache.com/uploads/paumunozo/870899018/IMG-6825_square.jpg', 'medium_url': 'https://images4-f.ravelrycache.com/uploads/paumunozo/870899018/IMG-6825_medium.jpg', 'thumbnail_url': 'https://images4-f.ravelrycache.com/uploads/paumunozo/870899018/IMG-6825_thumbnail.jpg', 'small_url': 'https://images4-f.ravelrycache.com/uploads/paumunozo/870899018/IMG-6825_small_best_fit.jpg', 'flickr_url': None, 'shelved_url': 'https://images4-f.ravelrycache.com/uploads/paumunozo/870899018/IMG-6825_shelved.jpg', 'medium2_url': 'https://images4-a.ravelrycache.com/uploads/paumunozo/870899018/IMG-6825_medium2.jpg', 'small2_url': 'https://images4-g.ravelrycache.com/uploads/paumunozo/870899018/IMG-6825_small2.jpg', 'caption': None, 'caption_html': None, 'copyright_holder': None}, {'id': 114786439, 'sort_order': 2, 'user_id': 6153463, 'x_offset': 0, 'y_offset': 0, 'square_url': 'https://images4-f.ravelrycache.com/uploads/paumunozo/870899020/IMG-6802_square.jpg', 'medium_url': 'https://images4-g.ravelrycache.com/uploads/paumunozo/870899020/IMG-6802_medium.jpg', 'thumbnail_url': 'https://images4-f.ravelrycache.com/uploads/paumunozo/870899020/IMG-6802_thumbnail.jpg', 'small_url': 'https://images4-f.ravelrycache.com/uploads/paumunozo/870899020/IMG-6802_small_best_fit.jpg', 'flickr_url': None, 'shelved_url': 'https://images4-f.ravelrycache.com/uploads/paumunozo/870899020/IMG-6802_shelved.jpg', 'medium2_url': 'https://images4-a.ravelrycache.com/uploads/paumunozo/870899020/IMG-6802_medium2.jpg', 'small2_url': 'https://images4-f.ravelrycache.com/uploads/paumunozo/870899020/IMG-6802_small2.jpg', 'caption': None, 'caption_html': None, 'copyright_holder': None}, {'id': 114786440, 'sort_order': 3, 'user_id': 6153463, 'x_offset': 0, 'y_offset': 0, 'square_url': 'https://images4-f.ravelrycache.com/uploads/paumunozo/870899015/IMG-4653_square.jpg', 'medium_url': 'https://images4-g.ravelrycache.com/uploads/paumunozo/870899015/IMG-4653_medium.jpg', 'thumbnail_url': 'https://images4-f.ravelrycache.com/uploads/paumunozo/870899015/IMG-4653_thumbnail.jpg', 'small_url': 'https://images4-f.ravelrycache.com/uploads/paumunozo/870899015/IMG-4653_small_best_fit.jpg', 'flickr_url': None, 'shelved_url': 'https://images4-f.ravelrycache.com/uploads/paumunozo/870899015/IMG-4653_shelved.jpg', 'medium2_url': 'https://images4-a.ravelrycache.com/uploads/paumunozo/870899015/IMG-4653_medium2.jpg', 'small2_url': 'https://images4-f.ravelrycache.com/uploads/paumunozo/870899015/IMG-4653_small2.jpg', 'caption': None, 'caption_html': None, 'copyright_holder': None}]"
Juliet Ruffle Cardigan,Lily Steeple,1264342,https://www.ravelry.com/patterns/library/juliet-ruffle-cardigan,False,https://images4-a.ravelrycache.com/uploads/LilyJaneRavelry/1029640763/IMG_0580_medium2.jpeg,Knitting,"['baby', 'seamed', 'ruffles', 'bottom-up', 'written-pattern', 'child']",21.0,0.0,True,4.0,stocking stitch,child,Worsted,2,0.0,0-8 years,"[{'id': 134424694, 'sort_order': 1, 'user_id': 8759065, 'x_offset': -35, 'y_offset': -5, 'square_url': 'https://images4-g.ravelrycache.com/uploads/LilyJaneRavelry/1029640763/IMG_0580_square.jpeg', 'medium_url': 'https://images4-g.ravelrycache.com/uploads/LilyJaneRavelry/1029640763/IMG_0580_medium.jpeg', 'thumbnail_url': 'https://images4-f.ravelrycache.com/uploads/LilyJaneRavelry/1029640763/IMG_0580_thumbnail.jpeg', 'small_url': 'https://images4-g.ravelrycache.com/uploads/LilyJaneRavelry/1029640763/IMG_0580_small.jpeg', 'flickr_url': None, 'shelved_url': 'https://images4-g.ravelrycache.com/uploads/LilyJaneRavelry/1029640763/IMG_0580_shelved.jpeg', 'medium2_url': 'https://images4-a.ravelrycache.com/uploads/LilyJaneRavelry/1029640763/IMG_0580_medium2.jpeg', 'small2_url': 'https://images4-f.ravelrycache.com/uploads/LilyJaneRavelry/1029640763/IMG_0580_small2.jpeg', 'caption': None, 'caption_html': None, 'copyright_holder': None}, {'id': 123592428, 'sort_order': 2, 'user_id': 8759065, 'x_offset': 0, 'y_offset': -15, 'square_url': 'https://images4-g.ravelrycache.com/uploads/LilyJaneRavelry/942195215/P1330999_square.JPG', 'medium_url': 'https://images4-f.ravelrycache.com/uploads/LilyJaneRavelry/942195215/P1330999_medium.JPG', 'thumbnail_url': 'https://images4-f.ravelrycache.com/uploads/LilyJaneRavelry/942195215/P1330999_thumbnail.JPG', 'small_url': 'https://images4-f.ravelrycache.com/uploads/LilyJaneRavelry/942195215/P1330999_small_best_fit.JPG', 'flickr_url': None, 'shelved_url': 'https://images4-f.ravelrycache.com/uploads/LilyJaneRavelry/942195215/P1330999_shelved.JPG', 'medium2_url': 'https://images4-a.ravelrycache.com/uploads/LilyJaneRavelry/942195215/P1330999_medium2.JPG', 'small2_url': 'https://images4-g.ravelrycache.com/uploads/LilyJaneRavelry/942195215/P1330999_small2.JPG', 'caption': None, 'caption_html': None, 'copyright_holder': None}, {'id': 123592423, 'sort_order': 3, 'user_id': 8759065, 'x_offset': -35, 'y_offset': -5, 'square_url': 'https://images4-f.ravelrycache.com/uploads/LilyJaneRavelry/942195214/P1340003_square.JPG', 'medium_url': 'https://images4-g.ravelrycache.com/uploads/LilyJaneRavelry/942195214/P1340003_medium.JPG', 'thumbnail_url': 'https://images4-g.ravelrycache.com/uploads/LilyJaneRavelry/942195214/P1340003_thumbnail.JPG', 'small_url': 'https://images4-f.ravelrycache.com/uploads/LilyJaneRavelry/942195214/P1340003_small.JPG', 'flickr_url': None, 'shelved_url': 'https://images4-g.ravelrycache.com/uploads/LilyJaneRavelry/942195214/P1340003_shelved.JPG', 'medium2_url': 'https://images4-a.ravelrycache.com/uploads/LilyJaneRavelry/942195214/P1340003_medium2.JPG', 'small2_url': 'https://images4-f.ravelrycache.com/uploads/LilyJaneRavelry/942195214/P1340003_small2.JPG', 'caption': None, 'caption_html': None, 'copyright_holder': None}, {'id': 123592424, 'sort_order': 4, 'user_id': 8759065, 'x_offset': -5, 'y_offset': -35, 'square_url': 'https://images4-g.ravelrycache.com/uploads/LilyJaneRavelry/942195216/P1340001_square.JPG', 'medium_url': 'https://images4-f.ravelrycache.com/uploads/LilyJaneRavelry/942195216/P1340001_medium.JPG', 'thumbnail_url': 'https://images4-f.ravelrycache.com/uploads/LilyJaneRavelry/942195216/P1340001_thumbnail.JPG', 'small_url': 'https://images4-g.ravelrycache.com/uploads/LilyJaneRavelry/942195216/P1340001_small.JPG', 'flickr_url': None, 'shelved_url': 'https://images4-g.ravelrycache.com/uploads/LilyJaneRavelry/942195216/P1340001_shelved.JPG', 'medium2_url': 'https://images4-a.ravelrycache.com/uploads/LilyJaneRavelry/942195216/P1340001_medium2.JPG', 'small2_url': 'https://images4-g.ravelrycache.com/uploads/LilyJaneRavelry/942195216/P1340001_small2.JPG', 'caption': None, 'caption_html': None, 'copyright_holder': None}, {'id': 123592426, 'sort_order': 5, 'user_id': 8759065, 'x_offset': -35, 'y_offset': -5, 'square_url': 'https://images4-g.ravelrycache.com/uploads/LilyJaneRavelry/942195218/P1340002_square.JPG', 'medium_url': 'https://images4-f.ravelrycache.com/uploads/LilyJaneRavelry/942195218/P1340002_medium.JPG', 'thumbnail_url': 'https://images4-f.ravelrycache.com/uploads/LilyJaneRavelry/942195218/P1340002_thumbnail.JPG', 'small_url': 'https://images4-f.ravelrycache.com/uploads/LilyJaneRavelry/942195218/P1340002_small.JPG', 'flickr_url': None, 'shelved_url': 'https://images4-f.ravelrycache.com/uploads/LilyJaneRavelry/942195218/P1340002_shelved.JPG', 'medium2_url': 'https://images4-a.ravelrycache.com/uploads/LilyJaneRavelry/942195218/P1340002_medium2.JPG', 'small2_url': 'https://images4-g.ravelrycache.com/uploads/LilyJaneRavelry/942195218/P1340002_small2.JPG', 'caption': None, 'caption_html': None, 'copyright_holder': None}, {'id': 123592427, 'sort_order': 6, 'user_id': 8759065, 'x_offset': -21, 'y_offset': 0, 'square_url': 'https://images4-g.ravelrycache.com/uploads/LilyJaneRavelry/942195212/P1340004_-_Copy_square.JPG', 'medium_url': 'https://images4-f.ravelrycache.com/uploads/LilyJaneRavelry/942195212/P1340004_-_Copy_medium.JPG', 'thumbnail_url': 'https://images4-f.ravelrycache.com/uploads/LilyJaneRavelry/942195212/P1340004_-_Copy_thumbnail.JPG', 'small_url': 'https://images4-f.ravelrycache.com/uploads/LilyJaneRavelry/942195212/P1340004_-_Copy_small_best_fit.JPG', 'flickr_url': None, 'shelved_url': 'https://images4-g.ravelrycache.com/uploads/LilyJaneRavelry/942195212/P1340004_-_Copy_shelved.JPG', 'medium2_url': 'https://images4-a.ravelrycache.com/uploads/LilyJaneRavelry/942195212/P1340004_-_Copy_medium2.JPG', 'small2_url': 'https://images4-g.ravelrycache.com/uploads/LilyJaneRavelry/942195212/P1340004_-_Copy_small2.JPG', 'caption': None, 'caption_html': None, 'copyright_holder': None}]"
Scrappy Little Raglan,Erin Kostashuk,1264460,https://www.ravelry.com/patterns/library/scrappy-little-raglan,False,https://images4-a.ravelrycache.com/uploads/TuffCityKnits/872112890/39CC0E1D-47FF-4A99-9A37-42389C0F95D9_medium2.jpeg,Knitting,"['child', 'stranded', 'one-piece', 'top-down', 'in-the-round']",20.0,0.0,True,4.0,,child,Worsted,9,0.0,"Children's 4 (6, 8, 10, 12)","[{'id': 114918377, 'sort_order': 1, 'user_id': 2648803, 'x_offset': -5, 'y_offset': -35, 'square_url': 'https://images4-f.ravelrycache.com/uploads/TuffCityKnits/872112890/39CC0E1D-47FF-4A99-9A37-42389C0F95D9_square.jpeg', 'medium_url': 'https://images4-f.ravelrycache.com/uploads/TuffCityKnits/872112890/39CC0E1D-47FF-4A99-9A37-42389C0F95D9_medium.jpeg', 'thumbnail_url': 'https://images4-f.ravelrycache.com/uploads/TuffCityKnits/872112890/39CC0E1D-47FF-4A99-9A37-42389C0F95D9_thumbnail.jpeg', 'small_url': 'https://images4-f.ravelrycache.com/uploads/TuffCityKnits/872112890/39CC0E1D-47FF-4A99-9A37-42389C0F95D9_small.jpeg', 'flickr_url': None, 'shelved_url': 'https://images4-f.ravelrycache.com/uploads/TuffCityKnits/872112890/39CC0E1D-47FF-4A99-9A37-42389C0F95D9_shelved.jpeg', 'medium2_url': 'https://images4-a.ravelrycache.com/uploads/TuffCityKnits/872112890/39CC0E1D-47FF-4A99-9A37-42389C0F95D9_medium2.jpeg', 'small2_url': 'https://images4-g.ravelrycache.com/uploads/TuffCityKnits/872112890/39CC0E1D-47FF-4A99-9A37-42389C0F95D9_small2.jpeg', 'caption': None, 'caption_html': None, 'copyright_holder': None}, {'id': 114918374, 'sort_order': 2, 'user_id': 2648803, 'x_offset': -5, 'y_offset': -35, 'square_url': 'https://images4-f.ravelrycache.com/uploads/TuffCityKnits/872112885/4101458A-B9A9-4CBC-92D9-70D078D6F10D_square.jpeg', 'medium_url': 'https://images4-f.ravelrycache.com/uploads/TuffCityKnits/872112885/4101458A-B9A9-4CBC-92D9-70D078D6F10D_medium.jpeg', 'thumbnail_url': 'https://images4-f.ravelrycache.com/uploads/TuffCityKnits/872112885/4101458A-B9A9-4CBC-92D9-70D078D6F10D_thumbnail.jpeg', 'small_url': 'https://images4-g.ravelrycache.com/uploads/TuffCityKnits/872112885/4101458A-B9A9-4CBC-92D9-70D078D6F10D_small.jpeg', 'flickr_url': None, 'shelved_url': 'https://images4-g.ravelrycache.com/uploads/TuffCityKnits/872112885/4101458A-B9A9-4CBC-92D9-70D078D6F10D_shelved.jpeg', 'medium2_url': 'https://images4-a.ravelrycache.com/uploads/TuffCityKnits/872112885/4101458A-B9A9-4CBC-92D9-70D078D6F10D_medium2.jpeg', 'small2_url': 'https://images4-g.ravelrycache.com/uploads/TuffCityKnits/872112885/4101458A-B9A9-4CBC-92D9-70D078D6F10D_small2.jpeg', 'caption': None, 'caption_html': None, 'copyright_holder': None}, {'id': 114922736, 'sort_order': 3, 'user_id': 2648803, 'x_offset': -5, 'y_offset': -35, 'square_url': 'https://images4-g.ravelrycache.com/uploads/TuffCityKnits/872147768/7B61D2F5-7EBE-44E2-910A-7F2D0A11D897_square.jpeg', 'medium_url': 'https://images4-g.ravelrycache.com/uploads/TuffCityKnits/872147768/7B61D2F5-7EBE-44E2-910A-7F2D0A11D897_medium.jpeg', 'thumbnail_url': 'https://images4-f.ravelrycache.com/uploads/TuffCityKnits/872147768/7B61D2F5-7EBE-44E2-910A-7F2D0A11D897_thumbnail.jpeg', 'small_url': 'https://images4-f.ravelrycache.com/uploads/TuffCityKnits/872147768/7B61D2F5-7EBE-44E2-910A-7F2D0A11D897_small.jpeg', 'flickr_url': None, 'shelved_url': 'https://images4-f.ravelrycache.com/uploads/TuffCityKnits/872147768/7B61D2F5-7EBE-44E2-910A-7F2D0A11D897_shelved.jpeg', 'medium2_url': 'https://images4-a.ravelrycache.com/uploads/TuffCityKnits/872147768/7B61D2F5-7EBE-44E2-910A-7F2D0A11D897_medium2.jpeg', 'small2_url': 'https://images4-f.ravelrycache.com/uploads/TuffCityKnits/872147768/7B61D2F5-7EBE-44E2-910A-7F2D0A11D897_small2.jpeg', 'caption': None, 'caption_html': None, 'copyright_holder': None}, {'id': 114922735, 'sort_order': 4, 'user_id': 2648803, 'x_offset': -3, 'y_offset': -35, 'square_url': 'https://images4-g.ravelrycache.com/uploads/TuffCityKnits/872147769/326BEA0D-8118-4778-AE57-29EE1F5AF28F_square.jpeg', 'medium_url': 'https://images4-g.ravelrycache.com/uploads/TuffCityKnits/872147769/326BEA0D-8118-4778-AE57-29EE1F5AF28F_medium.jpeg', 'thumbnail_url': 'https://images4-g.ravelrycache.com/uploads/TuffCityKnits/872147769/326BEA0D-8118-4778-AE57-29EE1F5AF28F_thumbnail.jpeg', 'small_url': 'https://images4-g.ravelrycache.com/uploads/TuffCityKnits/872147769/326BEA0D-8118-4778-AE57-29EE1F5AF28F_small.jpeg', 'flickr_url': None, 'shelved_url': 'https://images4-f.ravelrycache.com/uploads/TuffCityKnits/872147769/326BEA0D-8118-4778-AE57-29EE1F5AF28F_shelved.jpeg', 'medium2_url': 'https://images4-a.ravelrycache.com/uploads/TuffCityKnits/872147769/326BEA0D-8118-4778-AE57-29EE1F5AF28F_medium2.jpeg', 'small2_url': 'https://images4-f.ravelrycache.com/uploads/TuffCityKnits/872147769/326BEA0D-8118-4778-AE57-29EE1F5AF28F_small2.jpeg', 'caption': None, 'caption_html': None, 'copyright_holder': None}, {'id': 114922738, 'sort_order': 5, 'user_id': 2648803, 'x_offset': -1, 'y_offset': -41, 'square_url': 'https://images4-f.ravelrycache.com/uploads/TuffCityKnits/872147770/7B7D3360-BDD1-435F-9B2D-AA4050A238D5_square.jpeg', 'medium_url': 'https://images4-f.ravelrycache.com/uploads/TuffCityKnits/872147770/7B7D3360-BDD1-435F-9B2D-AA4050A238D5_medium.jpeg', 'thumbnail_url': 'https://images4-f.ravelrycache.com/uploads/TuffCityKnits/872147770/7B7D3360-BDD1-435F-9B2D-AA4050A238D5_thumbnail.jpeg', 'small_url': 'https://images4-f.ravelrycache.com/uploads/TuffCityKnits/872147770/7B7D3360-BDD1-435F-9B2D-AA4050A238D5_small_best_fit.jpeg', 'flickr_url': None, 'shelved_url': 'https://images4-f.ravelrycache.com/uploads/TuffCityKnits/872147770/7B7D3360-BDD1-435F-9B2D-AA4050A238D5_shelved.jpeg', 'medium2_url': 'https://images4-a.ravelrycache.com/uploads/TuffCityKnits/872147770/7B7D3360-BDD1-435F-9B2D-AA4050A238D5_medium2.jpeg', 'small2_url': 'https://images4-g.ravelrycache.com/uploads/TuffCityKnits/872147770/7B7D3360-BDD1-435F-9B2D-AA4050A238D5_small2.jpeg', 'caption': None, 'caption_html': None, 'copyright_holder': None}, {'id': 114922737, 'sort_order': 6, 'user_id': 2648803, 'x_offset': 0, 'y_offset': -41, 'square_url': 'https://images4-g.ravelrycache.com/uploads/TuffCityKnits/872147764/44379D3A-8650-49ED-A72D-346AA08DE279_square.jpeg', 'medium_url': 'https://images4-g.ravelrycache.com/uploads/TuffCityKnits/872147764/44379D3A-8650-49ED-A72D-346AA08DE279_medium.jpeg', 'thumbnail_url': 'https://images4-g.ravelrycache.com/uploads/TuffCityKnits/872147764/44379D3A-8650-49ED-A72D-346AA08DE279_thumbnail.jpeg', 'small_url': 'https://images4-g.ravelrycache.com/uploads/TuffCityKnits/872147764/44379D3A-8650-49ED-A72D-346AA08DE279_small_best_fit.jpeg', 'flickr_url': None, 'shelved_url': 'https://images4-f.ravelrycache.com/uploads/TuffCityKnits/872147764/44379D3A-8650-49ED-A72D-346AA08DE279_shelved.jpeg', 'medium2_url': 'https://images4-a.ravelrycache.com/uploads/TuffCityKnits/872147764/44379D3A-8650-49ED-A72D-346AA08DE279_medium2.jpeg', 'small2_url': 'https://images4-f.ravelrycache.com/uploads/TuffCityKnits/872147764/44379D3A-8650-49ED-A72D-346AA08DE279_small2.jpeg', 'caption': None, 'caption_html': None, 'copyright_holder': None}, {'id': 114818724, 'sort_order': 7, 'user_id': 2648803, 'x_offset': -1, 'y_offset': -63, 'square_url': 'https://images4-g.ravelrycache.com/uploads/TuffCityKnits/867647098/IMG_2603_square.jpg', 'medium_url': 'https://images4-f.ravelrycache.com/uploads/TuffCityKnits/867647098/IMG_2603_medium.jpg', 'thumbnail_url': 'https://images4-f.ravelrycache.com/uploads/TuffCityKnits/867647098/IMG_2603_thumbnail.jpg', 'small_url': 'https://images4-g.ravelrycache.com/uploads/TuffCityKnits/867647098/IMG_2603_small_best_fit.jpg', 'flickr_url': None, 'shelved_url': 'https://images4-f.ravelrycache.com/uploads/TuffCityKnits/867647098/IMG_2603_shelved.jpg', 'medium2_url': 'https://images4-a.ravelrycache.com/uploads/TuffCityKnits/867647098/IMG_2603_medium2.jpg', 'small2_url': 'https://images4-g.ravelrycache.com/uploads/TuffCityKnits/867647098/IMG_2603_small2.jpg', 'caption': None, 'caption_html': None, 'copyright_holder': None}, {'id': 114818731, 'sort_order': 8, 'user_id': 2648803, 'x_offset': 0, 'y_offset': -22, 'square_url': 'https://images4-g.ravelrycache.com/uploads/TuffCityKnits/867647102/053337C9-B771-4EC1-83DC-BC3137E2173F_square.JPG', 'medium_url': 'https://images4-f.ravelrycache.com/uploads/TuffCityKnits/867647102/053337C9-B771-4EC1-83DC-BC3137E2173F_medium.JPG', 'thumbnail_url': 'https://images4-g.ravelrycache.com/uploads/TuffCityKnits/867647102/053337C9-B771-4EC1-83DC-BC3137E2173F_thumbnail.JPG', 'small_url': 'https://images4-g.ravelrycache.com/uploads/TuffCityKnits/867647102/053337C9-B771-4EC1-83DC-BC3137E2173F_small_best_fit.JPG', 'flickr_url': None, 'shelved_url': 'https://images4-g.ravelrycache.com/uploads/TuffCityKnits/867647102/053337C9-B771-4EC1-83DC-BC3137E2173F_shelved.JPG', 'medium2_url': 'https://images4-a.ravelrycache.com/uploads/TuffCityKnits/867647102/053337C9-B771-4EC1-83DC-BC3137E2173F_medium2.JPG', 'small2_url': 'https://images4-g.ravelrycache.com/uploads/TuffCityKnits/867647102/053337C9-B771-4EC1-83DC-BC3137E2173F_small2.JPG', 'caption': None, 'caption_html': None, 'copyright_holder': None}]"
TENT SWEATER,Lindsay Degen,1264534,https://www.ravelry.com/patterns/library/tent-sweater,False,https://images4-a.ravelrycache.com/uploads/DEGENus/871386250/22.8.2_DEGEN_0341_medium2.jpg,Knitting,"['bottom-up', 'written-pattern', 'provisional', 'stripes-colorwork']",5.0,1.8,True,1.0,,pullover,Worsted,8,4.8,1 (2),"[{'id': 114827764, 'sort_order': 1, 'user_id': 7051444, 'x_offset': -5, 'y_offset': -35, 'square_url': 'https://images4-g.ravelrycache.com/uploads/DEGENus/871386250/22.8.2_DEGEN_0341_square.jpg', 'medium_url': 'https://images4-f.ravelrycache.com/uploads/DEGENus/871386250/22.8.2_DEGEN_0341_medium.jpg', 'thumbnail_url': 'https://images4-f.ravelrycache.com/uploads/DEGENus/871386250/22.8.2_DEGEN_0341_thumbnail.jpg', 'small_url': 'https://images4-g.ravelrycache.com/uploads/DEGENus/871386250/22.8.2_DEGEN_0341_small.jpg', 'flickr_url': None, 'shelved_url': 'https://images4-g.ravelrycache.com/uploads/DEGENus/871386250/22.8.2_DEGEN_0341_shelved.jpg', 'medium2_url': 'https://images4-a.ravelrycache.com/uploads/DEGENus/871386250/22.8.2_DEGEN_0341_medium2.jpg', 'small2_url': 'https://images4-g.ravelrycache.com/uploads/DEGENus/871386250/22.8.2_DEGEN_0341_small2.jpg', 'caption': None, 'caption_html': None, 'copyright_holder': None}, {'id': 140499702, 'sort_order': 2, 'user_id': 632034, 'x_offset': -5, 'y_offset': -35, 'square_url': 'https://images4-g.ravelrycache.com/uploads/snootsie/996613704/IMG_0120_square.jpeg', 'medium_url': 'https://images4-g.ravelrycache.com/uploads/snootsie/996613704/IMG_0120_medium.jpeg', 'thumbnail_url': 'https://images4-g.ravelrycache.com/uploads/snootsie/996613704/IMG_0120_thumbnail.jpeg', 'small_url': 'https://images4-g.ravelrycache.com/uploads/snootsie/996613704/IMG_0120_small.jpeg', 'flickr_url': None, 'shelved_url': 'https://images4-f.ravelrycache.com/uploads/snootsie/996613704/IMG_0120_shelved.jpeg', 'medium2_url': 'https://images4-a.ravelrycache.com/uploads/snootsie/996613704/IMG_0120_medium2.jpeg', 'small2_url': 'https://images4-f.ravelrycache.com/uploads/snootsie/996613704/IMG_0120_small2.jpeg', 'caption': None, 'caption_html': None, 'copyright_holder': None}, {'id': 114827765, 'sort_order': 3, 'user_id': 7051444, 'x_offset': -5, 'y_offset': -35, 'square_url': 'https://images4-g.ravelrycache.com/uploads/DEGENus/871386300/22.8.2_DEGEN_0378_square.jpg', 'medium_url': 'https://images4-f.ravelrycache.com/uploads/DEGENus/871386300/22.8.2_DEGEN_0378_medium.jpg', 'thumbnail_url': 'https://images4-f.ravelrycache.com/uploads/DEGENus/871386300/22.8.2_DEGEN_0378_thumbnail.jpg', 'small_url': 'https://images4-g.ravelrycache.com/uploads/DEGENus/871386300/22.8.2_DEGEN_0378_small.jpg', 'flickr_url': None, 'shelved_url': 'https://images4-g.ravelrycache.com/uploads/DEGENus/871386300/22.8.2_DEGEN_0378_shelved.jpg', 'medium2_url': 'https://images4-a.ravelrycache.com/uploads/DEGENus/871386300/22.8.2_DEGEN_0378_medium2.jpg', 'small2_url': 'https://images4-g.ravelrycache.com/uploads/DEGENus/871386300/22.8.2_DEGEN_0378_small2.jpg', 'caption': None, 'caption_html': None, 'copyright_holder': None}, {'id': 114827766, 'sort_order': 4, 'user_id': 7051444, 'x_offset': -5, 'y_offset': -35, 'square_url': 'https://images4-g.ravelrycache.com/uploads/DEGENus/871386497/22.8.2_DEGEN_0695_square.jpg', 'medium_url': 'https://images4-f.ravelrycache.com/uploads/DEGENus/871386497/22.8.2_DEGEN_0695_medium.jpg', 'thumbnail_url': 'https://images4-g.ravelrycache.com/uploads/DEGENus/871386497/22.8.2_DEGEN_0695_thumbnail.jpg', 'small_url': 'https://images4-f.ravelrycache.com/uploads/DEGENus/871386497/22.8.2_DEGEN_0695_small.jpg', 'flickr_url': None, 'shelved_url': 'https://images4-f.ravelrycache.com/uploads/DEGENus/871386497/22.8.2_DEGEN_0695_shelved.jpg', 'medium2_url': 'https://images4-a.ravelrycache.com/uploads/DEGENus/871386497/22.8.2_DEGEN_0695_medium2.jpg', 'small2_url': 'https://images4-g.ravelrycache.com/uploads/DEGENus/871386497/22.8.2_DEGEN_0695_small2.jpg', 'caption': None, 'caption_html': None, 'copyright_holder': None}, {'id': 114827767, 'sort_order': 5, 'user_id': 7051444, 'x_offset': -5, 'y_offset': -35, 'square_url': 'https://images4-g.ravelrycache.com/uploads/DEGENus/871386380/22.8.2_DEGEN_0851_square.jpg', 'medium_url': 'https://images4-f.ravelrycache.com/uploads/DEGENus/871386380/22.8.2_DEGEN_0851_medium.jpg', 'thumbnail_url': 'https://images4-f.ravelrycache.com/uploads/DEGENus/871386380/22.8.2_DEGEN_0851_thumbnail.jpg', 'small_url': 'https://images4-g.ravelrycache.com/uploads/DEGENus/871386380/22.8.2_DEGEN_0851_small.jpg', 'flickr_url': None, 'shelved_url': 'https://images4-g.ravelrycache.com/uploads/DEGENus/871386380/22.8.2_DEGEN_0851_shelved.jpg', 'medium2_url': 'https://images4-a.ravelrycache.com/uploads/DEGENus/871386380/22.8.2_DEGEN_0851_medium2.jpg', 'small2_url': 'https://images4-g.ravelrycache.com/uploads/DEGENus/871386380/22.8.2_DEGEN_0851_small2.jpg', 'caption': None, 'caption_html': None, 'copyright_holder': None}, {'id': 114827763, 'sort_order': 6, 'user_id': 7051444, 'x_offset': 0, 'y_offset': 0, 'square_url': 'https://images4-g.ravelrycache.com/uploads/DEGENus/871386404/on_white_square_square.jpg', 'medium_url': 'https://images4-f.ravelrycache.com/uploads/DEGENus/871386404/on_white_square_medium.jpg', 'thumbnail_url': 'https://images4-g.ravelrycache.com/uploads/DEGENus/871386404/on_white_square_thumbnail.jpg', 'small_url': 'https://images4-f.ravelrycache.com/uploads/DEGENus/871386404/on_white_square_small_best_fit.jpg', 'flickr_url': None, 'shelved_url': 'https://images4-f.ravelrycache.com/uploads/DEGENus/871386404/on_white_square_shelved.jpg', 'medium2_url': 'https://images4-g.ravelrycache.com/uploads/DEGENus/871386404/on_white_square_medium2.jpg', 'small2_url': 'https://images4-g.ravelrycache.com/uploads/DEGENus/871386404/on_white_square_small2.jpg', 'caption': None, 'caption_html': None, 'copyright_holder': None}]"
Mameko,Yoko Johnston,1264576,https://www.ravelry.com/patterns/library/mameko,False,https://images4-a.ravelrycache.com/uploads/miyayo/978749776/mameko_brown_medium2.png,Knitting,"['female', 'adult', 'oversized', 'selvedge', 'one-piece', 'seamless', 'short-rows', 'top-down', 'positive-ease', 'worked-flat', 'in-the-round', 'provisional', 'video-tutorial', 'ribbed', 'crew-neck', 'long-sleeve', 'hems', 'chart', 'written-pattern', 'slipped-stitches', 'schematic']",16.0,4.0,True,4.0,,pullover,Aran,41,4.875,"1 (2, 3, 4, 5)","[{'id': 128116275, 'sort_order': 1, 'user_id': 247464, 'x_offset': -35, 'y_offset': -6, 'square_url': 'https://images4-g.ravelrycache.com/uploads/miyayo/978749776/mameko_brown_square.png', 'medium_url': 'https://images4-f.ravelrycache.com/uploads/miyayo/978749776/mameko_brown_medium.png', 'thumbnail_url': 'https://images4-g.ravelrycache.com/uploads/miyayo/978749776/mameko_brown_thumbnail.png', 'small_url': 'https://images4-f.ravelrycache.com/uploads/miyayo/978749776/mameko_brown_small.png', 'flickr_url': None, 'shelved_url': 'https://images4-g.ravelrycache.com/uploads/miyayo/978749776/mameko_brown_shelved.png', 'medium2_url': 'https://images4-a.ravelrycache.com/uploads/miyayo/978749776/mameko_brown_medium2.png', 'small2_url': 'https://images4-g.ravelrycache.com/uploads/miyayo/978749776/mameko_brown_small2.png', 'caption': None, 'caption_html': None, 'copyright_holder': ''}, {'id': 128116519, 'sort_order': 2, 'user_id': 247464, 'x_offset': -43, 'y_offset': 0, 'square_url': 'https://images4-g.ravelrycache.com/uploads/miyayo/978751776/20240222_161404932_iOS_square.png', 'medium_url': 'https://images4-f.ravelrycache.com/uploads/miyayo/978751776/20240222_161404932_iOS_medium.png', 'thumbnail_url': 'https://images4-g.ravelrycache.com/uploads/miyayo/978751776/20240222_161404932_iOS_thumbnail.png', 'small_url': 'https://images4-f.ravelrycache.com/uploads/miyayo/978751776/20240222_161404932_iOS_small_best_fit.png', 'flickr_url': None, 'shelved_url': 'https://images4-g.ravelrycache.com/uploads/miyayo/978751776/20240222_161404932_iOS_shelved.png', 'medium2_url': 'https://images4-a.ravelrycache.com/uploads/miyayo/978751776/20240222_161404932_iOS_medium2.png', 'small2_url': 'https://images4-g.ravelrycache.com/uploads/miyayo/978751776/20240222_161404932_iOS_small2.png', 'caption': None, 'caption_html': None, 'copyright_holder': ''}, {'id': 128116124, 'sort_order': 3, 'user_id': 247464, 'x_offset': -35, 'y_offset': -6, 'square_url': 'https://images4-f.ravelrycache.com/uploads/miyayo/978748684/20240222_155316412_iOS_square.png', 'medium_url': 'https://images4-g.ravelrycache.com/uploads/miyayo/978748684/20240222_155316412_iOS_medium.png', 'thumbnail_url': 'https://images4-g.ravelrycache.com/uploads/miyayo/978748684/20240222_155316412_iOS_thumbnail.png', 'small_url': 'https://images4-g.ravelrycache.com/uploads/miyayo/978748684/20240222_155316412_iOS_small.png', 'flickr_url': None, 'shelved_url': 'https://images4-g.ravelrycache.com/uploads/miyayo/978748684/20240222_155316412_iOS_shelved.png', 'medium2_url': 'https://images4-a.ravelrycache.com/uploads/miyayo/978748684/20240222_155316412_iOS_medium2.png', 'small2_url': 'https://images4-f.ravelrycache.com/uploads/miyayo/978748684/20240222_155316412_iOS_small2.png', 'caption': None, 'caption_html': None, 'copyright_holder': ''}, {'id': 127127945, 'sort_order': 4, 'user_id': 247464, 'x_offset': -1, 'y_offset': -44, 'square_url': 'https://images4-f.ravelrycache.com/uploads/miyayo/970778148/Mameko_square.PNG', 'medium_url': 'https://images4-g.ravelrycache.com/uploads/miyayo/970778148/Mameko_medium.PNG', 'thumbnail_url': 'https://images4-g.ravelrycache.com/uploads/miyayo/970778148/Mameko_thumbnail.PNG', 'small_url': 'https://images4-g.ravelrycache.com/uploads/miyayo/970778148/Mameko_small_best_fit.PNG', 'flickr_url': None, 'shelved_url': 'https://images4-g.ravelrycache.com/uploads/miyayo/970778148/Mameko_shelved.PNG', 'medium2_url': 'https://images4-a.ravelrycache.com/uploads/miyayo/970778148/Mameko_medium2.PNG', 'small2_url': 'https://images4-f.ravelrycache.com/uploads/miyayo/970778148/Mameko_small2.PNG', 'caption': None, 'caption_html': None, 'copyright_holder': ''}, {'id': 114832283, 'sort_order': 5, 'user_id': 247464, 'x_offset': -43, 'y_offset': 0, 'square_url': 'https://images4-g.ravelrycache.com/uploads/miyayo/871345398/DSC_02501_square.JPG', 'medium_url': 'https://images4-f.ravelrycache.com/uploads/miyayo/871345398/DSC_02501_medium.JPG', 'thumbnail_url': 'https://images4-g.ravelrycache.com/uploads/miyayo/871345398/DSC_02501_thumbnail.JPG', 'small_url': 'https://images4-g.ravelrycache.com/uploads/miyayo/871345398/DSC_02501_small_best_fit.JPG', 'flickr_url': None, 'shelved_url': 'https://images4-f.ravelrycache.com/uploads/miyayo/871345398/DSC_02501_shelved.JPG', 'medium2_url': 'https://images4-a.ravelrycache.com/uploads/miyayo/871345398/DSC_02501_medium2.JPG', 'small2_url': 'https://images4-g.ravelrycache.com/uploads/miyayo/871345398/DSC_02501_small2.JPG', 'caption': None, 'caption_html': None, 'copyright_holder': None}, {'id': 139216639, 'sort_order': 6, 'user_id': 247464, 'x_offset': -14, 'y_offset': 0, 'square_url': 'https://images4-f.ravelrycache.com/uploads/miyayo/1068461675/TDAL7671_square.JPG', 'medium_url': 'https://images4-g.ravelrycache.com/uploads/miyayo/1068461675/TDAL7671_medium.JPG', 'thumbnail_url': 'https://images4-g.ravelrycache.com/uploads/miyayo/1068461675/TDAL7671_thumbnail.JPG', 'small_url': 'https://images4-g.ravelrycache.com/uploads/miyayo/1068461675/TDAL7671_small_best_fit.JPG', 'flickr_url': None, 'shelved_url': 'https://images4-g.ravelrycache.com/uploads/miyayo/1068461675/TDAL7671_shelved.JPG', 'medium2_url': 'https://images4-a.ravelrycache.com/uploads/miyayo/1068461675/TDAL7671_medium2.JPG', 'small2_url': 'https://images4-f.ravelrycache.com/uploads/miyayo/1068461675/TDAL7671_small2.JPG', 'caption': None, 'caption_html': None, 'copyright_holder': ''}, {'id': 114832273, 'sort_order': 7, 'user_id': 247464, 'x_offset': -35, 'y_offset': -5, 'square_url': 'https://images4-g.ravelrycache.com/uploads/miyayo/862814715/IMG_47291_square.JPG', 'medium_url': 'https://images4-f.ravelrycache.com/uploads/miyayo/862814715/IMG_47291_medium.JPG', 'thumbnail_url': 'https://images4-g.ravelrycache.com/uploads/miyayo/862814715/IMG_47291_thumbnail.JPG', 'small_url': 'https://images4-g.ravelrycache.com/uploads/miyayo/862814715/IMG_47291_small.JPG', 'flickr_url': None, 'shelved_url': 'https://images4-f.ravelrycache.com/uploads/miyayo/862814715/IMG_47291_shelved.JPG', 'medium2_url': 'https://images4-a.ravelrycache.com/uploads/miyayo/862814715/IMG_47291_medium2.JPG', 'small2_url': 'https://images4-g.ravelrycache.com/uploads/miyayo/862814715/IMG_47291_small2.JPG', 'caption': None, 'caption_html': None, 'copyright_holder': None}, {'id': 114832274, 'sort_order': 8, 'user_id': 247464, 'x_offset': -11, 'y_offset': -2, 'square_url': 'https://images4-f.ravelrycache.com/uploads/miyayo/862814787/IMG_448012_square.JPG', 'medium_url': 'https://images4-g.ravelrycache.com/uploads/miyayo/862814787/IMG_448012_medium.JPG', 'thumbnail_url': 'https://images4-g.ravelrycache.com/uploads/miyayo/862814787/IMG_448012_thumbnail.JPG', 'small_url': 'https://images4-f.ravelrycache.com/uploads/miyayo/862814787/IMG_448012_small_best_fit.JPG', 'flickr_url': None, 'shelved_url': 'https://images4-f.ravelrycache.com/uploads/miyayo/862814787/IMG_448012_shelved.JPG', 'medium2_url': 'https://images4-a.ravelrycache.com/uploads/miyayo/862814787/IMG_448012_medium2.JPG', 'small2_url': 'https://images4-f.ravelrycache.com/uploads/miyayo/862814787/IMG_448012_small2.JPG', 'caption': None, 'caption_html': None, 'copyright_holder': None}, {'id': 114832275, 'sort_order': 9, 'user_id': 247464, 'x_offset': -41, 'y_offset': 0, 'square_url': 'https://images4-f.ravelrycache.com/uploads/miyayo/862815044/IMG_46481_square.JPG', 'medium_url': 'https://images4-g.ravelrycache.com/uploads/miyayo/862815044/IMG_46481_medium.JPG', 'thumbnail_url': 'https://images4-g.ravelrycache.com/uploads/miyayo/862815044/IMG_46481_thumbnail.JPG', 'small_url': 'https://images4-f.ravelrycache.com/uploads/miyayo/862815044/IMG_46481_small_best_fit.JPG', 'flickr_url': None, 'shelved_url': 'https://images4-g.ravelrycache.com/uploads/miyayo/862815044/IMG_46481_shelved.JPG', 'medium2_url': 'https://images4-a.ravelrycache.com/uploads/miyayo/862815044/IMG_46481_medium2.JPG', 'small2_url': 'https://images4-f.ravelrycache.com/uploads/miyayo/862815044/IMG_46481_small2.JPG', 'caption': None, 'caption_html': None, 'copyright_holder': None}, {'id': 114832280, 'sort_order': 10, 'user_id': 247464, 'x_offset': -35, 'y_offset': -1, 'square_url': 'https://images4-g.ravelrycache.com/uploads/miyayo/862815513/IMG_46531_square.JPG', 'medium_url': 'https://images4-f.ravelrycache.com/uploads/miyayo/862815513/IMG_46531_medium.JPG', 'thumbnail_url': 'https://images4-g.ravelrycache.com/uploads/miyayo/862815513/IMG_46531_thumbnail.JPG', 'small_url': 'https://images4-g.ravelrycache.com/uploads/miyayo/862815513/IMG_46531_small.JPG', 'flickr_url': None, 'shelved_url': 'https://images4-f.ravelrycache.com/uploads/miyayo/862815513/IMG_46531_shelved.JPG', 'medium2_url': 'https://images4-a.ravelrycache.com/uploads/miyayo/862815513/IMG_46531_medium2.JPG', 'small2_url': 'https://images4-g.ravelrycache.com/uploads/miyayo/862815513/IMG_46531_small2.JPG', 'caption': None, 'caption_html': None, 'copyright_holder': None}, {'id': 114832278, 'sort_order': 11, 'user_id': 247464, 'x_offset': -35, 'y_offset': -5, 'square_url': 'https://images4-f.ravelrycache.com/uploads/miyayo/862814958/IMG_48581_square.JPG', 'medium_url': 'https://images4-g.ravelrycache.com/uploads/miyayo/862814958/IMG_48581_medium.JPG', 'thumbnail_url': 'https://images4-g.ravelrycache.com/uploads/miyayo/862814958/IMG_48581_thumbnail.JPG', 'small_url': 'https://images4-f.ravelrycache.com/uploads/miyayo/862814958/IMG_48581_small.JPG', 'flickr_url': None, 'shelved_url': 'https://images4-g.ravelrycache.com/uploads/miyayo/862814958/IMG_48581_shelved.JPG', 'medium2_url': 'https://images4-a.ravelrycache.com/uploads/miyayo/862814958/IMG_48581_medium2.JPG', 'small2_url': 'https://images4-f.ravelrycache.com/uploads/miyayo/862814958/IMG_48581_small2.JPG', 'caption': None, 'caption_html': None, 'copyright_holder': None}, {'id': 114832282, 'sort_order': 12, 'user_id': 247464, 'x_offset': -20, 'y_offset': 0, 'square_url': 'https://images4-f.ravelrycache.com/uploads/miyayo/871345457/IMG_50931_square.JPG', 'medium_url': 'https://images4-g.ravelrycache.com/uploads/miyayo/871345457/IMG_50931_medium.JPG', 'thumbnail_url': 'https://images4-f.ravelrycache.com/uploads/miyayo/871345457/IMG_50931_thumbnail.JPG', 'small_url': 'https://images4-f.ravelrycache.com/uploads/miyayo/871345457/IMG_50931_small_best_fit.JPG', 'flickr_url': None, 'shelved_url': 'https://images4-g.ravelrycache.com/uploads/miyayo/871345457/IMG_50931_shelved.JPG', 'medium2_url': 'https://images4-a.ravelrycache.com/uploads/miyayo/871345457/IMG_50931_medium2.JPG', 'small2_url': 'https://images4-f.ravelrycache.com/uploads/miyayo/871345457/IMG_50931_small2.JPG', 'caption': None, 'caption_html': None, 'copyright_holder': None}, {'id': 114832279, 'sort_order': 13, 'user_id': 247464, 'x_offset': -36, 'y_offset': -13, 'square_url': 'https://images4-g.ravelrycache.com/uploads/miyayo/862816368/IMG_49841_square.JPG', 'medium_url': 'https://images4-f.ravelrycache.com/uploads/miyayo/862816368/IMG_49841_medium.JPG', 'thumbnail_url': 'https://images4-f.ravelrycache.com/uploads/miyayo/862816368/IMG_49841_thumbnail.JPG', 'small_url': 'https://images4-g.ravelrycache.com/uploads/miyayo/862816368/IMG_49841_small.JPG', 'flickr_url': None, 'shelved_url': 'https://images4-f.ravelrycache.com/uploads/miyayo/862816368/IMG_49841_shelved.JPG', 'medium2_url': 'https://images4-a.ravelrycache.com/uploads/miyayo/862816368/IMG_49841_medium2.JPG', 'small2_url': 'https://images4-g.ravelrycache.com/uploads/miyayo/862816368/IMG_49841_small2.JPG', 'caption': None, 'caption_html': None, 'copyright_holder': None}, {'id': 114832281, 'sort_order': 14, 'user_id': 247464, 'x_offset': -20, 'y_offset': -1, 'square_url': 'https://images4-g.ravelrycache.com/uploads/miyayo/862815186/IMG_4423121_square.JPG', 'medium_url': 'https://images4-f.ravelrycache.com/uploads/miyayo/862815186/IMG_4423121_medium.JPG', 'thumbnail_url': 'https://images4-f.ravelrycache.com/uploads/miyayo/862815186/IMG_4423121_thumbnail.JPG', 'small_url': 'https://images4-f.ravelrycache.com/uploads/miyayo/862815186/IMG_4423121_small_best_fit.JPG', 'flickr_url': None, 'shelved_url': 'https://images4-g.ravelrycache.com/uploads/miyayo/862815186/IMG_4423121_shelved.JPG', 'medium2_url': 'https://images4-a.ravelrycache.com/uploads/miyayo/862815186/IMG_4423121_medium2.JPG', 'small2_url': 'https://images4-g.ravelrycache.com/uploads/miyayo/862815186/IMG_4423121_small2.JPG', 'caption': None, 'caption_html': None, 'copyright_holder': None}, {'id': 114832284, 'sort_order': 15, 'user_id': 247464, 'x_offset': -35, 'y_offset': -5, 'square_url': 'https://images4-f.ravelrycache.com/uploads/miyayo/871345501/IMG_51411_square.JPG', 'medium_url': 'https://images4-g.ravelrycache.com/uploads/miyayo/871345501/IMG_51411_medium.JPG', 'thumbnail_url': 'https://images4-g.ravelrycache.com/uploads/miyayo/871345501/IMG_51411_thumbnail.JPG', 'small_url': 'https://images4-g.ravelrycache.com/uploads/miyayo/871345501/IMG_51411_small.JPG', 'flickr_url': None, 'shelved_url': 'https://images4-g.ravelrycache.com/uploads/miyayo/871345501/IMG_51411_shelved.JPG', 'medium2_url': 'https://images4-a.ravelrycache.com/uploads/miyayo/871345501/IMG_51411_medium2.JPG', 'small2_url': 'https://images4-f.ravelrycache.com/uploads/miyayo/871345501/IMG_51411_small2.JPG', 'caption': None, 'caption_html': None, 'copyright_holder': None}, {'id': 114832285, 'sort_order': 16, 'user_id': 247464, 'x_offset': -40, 'y_offset': -6, 'square_url': 'https://images4-f.ravelrycache.com/uploads/miyayo/862816736/IMG_4342_square.JPG', 'medium_url': 'https://images4-g.ravelrycache.com/uploads/miyayo/862816736/IMG_4342_medium.JPG', 'thumbnail_url': 'https://images4-g.ravelrycache.com/uploads/miyayo/862816736/IMG_4342_thumbnail.JPG', 'small_url': 'https://images4-g.ravelrycache.com/uploads/miyayo/862816736/IMG_4342_small.JPG', 'flickr_url': None, 'shelved_url': 'https://images4-f.ravelrycache.com/uploads/miyayo/862816736/IMG_4342_shelved.JPG', 'medium2_url': 'https://images4-a.ravelrycache.com/uploads/miyayo/862816736/IMG_4342_medium2.JPG', 'small2_url': 'https://images4-f.ravelrycache.com/uploads/miyayo/862816736/IMG_4342_small2.JPG', 'caption': None, 'caption_html': None, 'copyright_holder': None}, {'id': 114832271, 'sort_order': 17, 'user_id': 247464, 'x_offset': -43, 'y_offset': -11, 'square_url': 'https://images4-f.ravelrycache.com/uploads/miyayo/862814314/IMG_4342-cutout1_square.png', 'medium_url': 'https://images4-g.ravelrycache.com/uploads/miyayo/862814314/IMG_4342-cutout1_medium.png', 'thumbnail_url': 'https://images4-f.ravelrycache.com/uploads/miyayo/862814314/IMG_4342-cutout1_thumbnail.png', 'small_url': 'https://images4-f.ravelrycache.com/uploads/miyayo/862814314/IMG_4342-cutout1_small.png', 'flickr_url': None, 'shelved_url': 'https://images4-g.ravelrycache.com/uploads/miyayo/862814314/IMG_4342-cutout1_shelved.png', 'medium2_url': 'https://images4-a.ravelrycache.com/uploads/miyayo/862814314/IMG_4342-cutout1_medium2.png', 'small2_url': 'https://images4-f.ravelrycache.com/uploads/miyayo/862814314/IMG_4342-cutout1_small2.png', 'caption': None, 'caption_html': None, 'copyright_holder': None}, {'id': 114832286, 'sort_order': 18, 'user_id': 247464, 'x_offset': -86, 'y_offset': -1, 'square_url': 'https://images4-g.ravelrycache.com/uploads/miyayo/862818574/mame_square.png', 'medium_url': 'https://images4-f.ravelrycache.com/uploads/miyayo/862818574/mame_medium.png', 'thumbnail_url': 'https://images4-f.ravelrycache.com/uploads/miyayo/862818574/mame_thumbnail.png', 'small_url': 'https://images4-g.ravelrycache.com/uploads/miyayo/862818574/mame_small_best_fit.png', 'flickr_url': None, 'shelved_url': 'https://images4-f.ravelrycache.com/uploads/miyayo/862818574/mame_shelved.png', 'medium2_url': 'https://images4-a.ravelrycache.com/uploads/miyayo/862818574/mame_medium2.png', 'small2_url': 'https://images4-g.ravelrycache.com/uploads/miyayo/862818574/mame_small2.png', 'caption': None, 'caption_html': None, 'copyright_holder': ''}, {'id': 114832272, 'sort_order': 19, 'user_id': 247464, 'x_offset': -43, 'y_offset': 0, 'square_url': 'https://images4-f.ravelrycache.com/uploads/miyayo/862814405/IMG_47511_square.JPG', 'medium_url': 'https://images4-g.ravelrycache.com/uploads/miyayo/862814405/IMG_47511_medium.JPG', 'thumbnail_url': 'https://images4-g.ravelrycache.com/uploads/miyayo/862814405/IMG_47511_thumbnail.JPG', 'small_url': 'https://images4-g.ravelrycache.com/uploads/miyayo/862814405/IMG_47511_small_best_fit.JPG', 'flickr_url': None, 'shelved_url': 'https://images4-f.ravelrycache.com/uploads/miyayo/862814405/IMG_47511_shelved.JPG', 'medium2_url': 'https://images4-a.ravelrycache.com/uploads/miyayo/862814405/IMG_47511_medium2.JPG', 'small2_url': 'https://images4-f.ravelrycache.com/uploads/miyayo/862814405/IMG_47511_small2.JPG', 'caption': None, 'caption_html': None, 'copyright_holder': None}]"
Retro V-Neck Sweater,Bethany Mulcahy,1264637,https://www.ravelry.com/patterns/library/retro-v-neck-sweater,False,https://images4-a.ravelrycache.com/uploads/adyst/871489262/upload_medium2,Knitting,"['unisex', 'adult', 'v-neck', 'backfastening']",17.0,2.5,True,4.0,Stockinette,pullover,Sport,28,4.666666666666667,XS (S) M (L) XL (2XL) 3XL (4XL),"[{'id': 114840459, 'sort_order': 1, 'user_id': 661737, 'x_offset': 0, 'y_offset': 0, 'square_url': 'https://images4-g.ravelrycache.com/uploads/adyst/871489262/upload_square', 'medium_url': 'https://images4-f.ravelrycache.com/uploads/adyst/871489262/upload_medium', 'thumbnail_url': 'https://images4-f.ravelrycache.com/uploads/adyst/871489262/upload_thumbnail', 'small_url': 'https://images4-g.ravelrycache.com/uploads/adyst/871489262/upload_small_best_fit', 'flickr_url': None, 'shelved_url': 'https://images4-f.ravelrycache.com/uploads/adyst/871489262/upload_shelved', 'medium2_url': 'https://images4-a.ravelrycache.com/uploads/adyst/871489262/upload_medium2', 'small2_url': 'https://images4-g.ravelrycache.com/uploads/adyst/871489262/upload_small2', 'caption': None, 'caption_html': None, 'copyright_holder': None}, {'id': 114840460, 'sort_order': 2, 'user_id': 661737, 'x_offset': 0, 'y_offset': 0, 'square_url': 'https://images4-f.ravelrycache.com/uploads/adyst/871489236/upload_square', 'medium_url': 'https://images4-g.ravelrycache.com/uploads/adyst/871489236/upload_medium', 'thumbnail_url': 'https://images4-f.ravelrycache.com/uploads/adyst/871489236/upload_thumbnail', 'small_url': 'https://images4-g.ravelrycache.com/uploads/adyst/871489236/upload_small_best_fit', 'flickr_url': None, 'shelved_url': 'https://images4-f.ravelrycache.com/uploads/adyst/871489236/upload_shelved', 'medium2_url': 'https://images4-a.ravelrycache.com/uploads/adyst/871489236/upload_medium2', 'small2_url': 'https://images4-f.ravelrycache.com/uploads/adyst/871489236/upload_small2', 'caption': None, 'caption_html': None, 'copyright_holder': None}, {'id': 114840461, 'sort_order': 3, 'user_id': 661737, 'x_offset': 0, 'y_offset': 0, 'square_url': 'https://images4-f.ravelrycache.com/uploads/adyst/871488956/upload_square', 'medium_url': 'https://images4-g.ravelrycache.com/uploads/adyst/871488956/upload_medium', 'thumbnail_url': 'https://images4-g.ravelrycache.com/uploads/adyst/871488956/upload_thumbnail', 'small_url': 'https://images4-g.ravelrycache.com/uploads/adyst/871488956/upload_small_best_fit', 'flickr_url': None, 'shelved_url': 'https://images4-g.ravelrycache.com/uploads/adyst/871488956/upload_shelved', 'medium2_url': 'https://images4-a.ravelrycache.com/uploads/adyst/871488956/upload_medium2', 'small2_url': 'https://images4-f.ravelrycache.com/uploads/adyst/871488956/upload_small2', 'caption': None, 'caption_html': None, 'copyright_holder': None}, {'id': 114840458, 'sort_order': 4, 'user_id': 661737, 'x_offset': 0, 'y_offset': 0, 'square_url': 'https://images4-g.ravelrycache.com/uploads/adyst/871489127/upload_square', 'medium_url': 'https://images4-f.ravelrycache.com/uploads/adyst/871489127/upload_medium', 'thumbnail_url': 'https://images4-f.ravelrycache.com/uploads/adyst/871489127/upload_thumbnail', 'small_url': 'https://images4-g.ravelrycache.com/uploads/adyst/871489127/upload_small_best_fit', 'flickr_url': None, 'shelved_url': 'https://images4-f.ravelrycache.com/uploads/adyst/871489127/upload_shelved', 'medium2_url': 'https://images4-a.ravelrycache.com/uploads/adyst/871489127/upload_medium2', 'small2_url': 'https://images4-g.ravelrycache.com/uploads/adyst/871489127/upload_small2', 'caption': None, 'caption_html': None, 'copyright_holder': None}]"
Arabesque,Knitting For Breakfast,1264810,https://www.ravelry.com/patterns/library/arabesque-26,False,https://images4-a.ravelrycache.com/uploads/knitforbreakfast/873340453/IMG_20220901_190029_064_medium2.jpg,Knitting,"['female', 'adult', 'plus', 'crew-neck', 'sleeves', 'straight', 'stranded', 'one-piece', 'seamless', 'short-rows', 'top-down', 'positive-ease', 'chart', 'written-pattern', 'in-the-round', 'circular-yoke']",21.0,0.0,True,4.0,stockings st.,pullover,DK,9,5.0,,"[{'id': 115070950, 'sort_order': 1, 'user_id': 6528756, 'x_offset': 0, 'y_offset': -30, 'square_url': 'https://images4-f.ravelrycache.com/uploads/knitforbreakfast/873340453/IMG_20220901_190029_064_square.jpg', 'medium_url': 'https://images4-g.ravelrycache.com/uploads/knitforbreakfast/873340453/IMG_20220901_190029_064_medium.jpg', 'thumbnail_url': 'https://images4-f.ravelrycache.com/uploads/knitforbreakfast/873340453/IMG_20220901_190029_064_thumbnail.jpg', 'small_url': 'https://images4-f.ravelrycache.com/uploads/knitforbreakfast/873340453/IMG_20220901_190029_064_small_best_fit.jpg', 'flickr_url': None, 'shelved_url': 'https://images4-f.ravelrycache.com/uploads/knitforbreakfast/873340453/IMG_20220901_190029_064_shelved.jpg', 'medium2_url': 'https://images4-a.ravelrycache.com/uploads/knitforbreakfast/873340453/IMG_20220901_190029_064_medium2.jpg', 'small2_url': 'https://images4-f.ravelrycache.com/uploads/knitforbreakfast/873340453/IMG_20220901_190029_064_small2.jpg', 'caption': None, 'caption_html': None, 'copyright_holder': None}, {'id': 115070969, 'sort_order': 2, 'user_id': 6528756, 'x_offset': 0, 'y_offset': -22, 'square_url': 'https://images4-f.ravelrycache.com/uploads/knitforbreakfast/873340607/IMG_20220901_190031_547_square.jpg', 'medium_url': 'https://images4-g.ravelrycache.com/uploads/knitforbreakfast/873340607/IMG_20220901_190031_547_medium.jpg', 'thumbnail_url': 'https://images4-f.ravelrycache.com/uploads/knitforbreakfast/873340607/IMG_20220901_190031_547_thumbnail.jpg', 'small_url': 'https://images4-g.ravelrycache.com/uploads/knitforbreakfast/873340607/IMG_20220901_190031_547_small_best_fit.jpg', 'flickr_url': None, 'shelved_url': 'https://images4-f.ravelrycache.com/uploads/knitforbreakfast/873340607/IMG_20220901_190031_547_shelved.jpg', 'medium2_url': 'https://images4-a.ravelrycache.com/uploads/knitforbreakfast/873340607/IMG_20220901_190031_547_medium2.jpg', 'small2_url': 'https://images4-f.ravelrycache.com/uploads/knitforbreakfast/873340607/IMG_20220901_190031_547_small2.jpg', 'caption': None, 'caption_html': None, 'copyright_holder': None}, {'id': 114855301, 'sort_order': 3, 'user_id': 6528756, 'x_offset': 1, 'y_offset': -3, 'square_url': 'https://images4-g.ravelrycache.com/uploads/knitforbreakfast/871605984/IMG_20220822_164615_281_square.jpg', 'medium_url': 'https://images4-f.ravelrycache.com/uploads/knitforbreakfast/871605984/IMG_20220822_164615_281_medium.jpg', 'thumbnail_url': 'https://images4-g.ravelrycache.com/uploads/knitforbreakfast/871605984/IMG_20220822_164615_281_thumbnail.jpg', 'small_url': 'https://images4-g.ravelrycache.com/uploads/knitforbreakfast/871605984/IMG_20220822_164615_281_small_best_fit.jpg', 'flickr_url': None, 'shelved_url': 'https://images4-g.ravelrycache.com/uploads/knitforbreakfast/871605984/IMG_20220822_164615_281_shelved.jpg', 'medium2_url': 'https://images4-a.ravelrycache.com/uploads/knitforbreakfast/871605984/IMG_20220822_164615_281_medium2.jpg', 'small2_url': 'https://images4-g.ravelrycache.com/uploads/knitforbreakfast/871605984/IMG_20220822_164615_281_small2.jpg', 'caption': None, 'caption_html': None, 'copyright_holder': None}, {'id': 114855302, 'sort_order': 4, 'user_id': 6528756, 'x_offset': 2, 'y_offset': -8, 'square_url': 'https://images4-f.ravelrycache.com/uploads/knitforbreakfast/871608046/IMG_20220822_170214_354_square.jpg', 'medium_url': 'https://images4-g.ravelrycache.com/uploads/knitforbreakfast/871608046/IMG_20220822_170214_354_medium.jpg', 'thumbnail_url': 'https://images4-g.ravelrycache.com/uploads/knitforbreakfast/871608046/IMG_20220822_170214_354_thumbnail.jpg', 'small_url': 'https://images4-f.ravelrycache.com/uploads/knitforbreakfast/871608046/IMG_20220822_170214_354_small_best_fit.jpg', 'flickr_url': None, 'shelved_url': 'https://images4-f.ravelrycache.com/uploads/knitforbreakfast/871608046/IMG_20220822_170214_354_shelved.jpg', 'medium2_url': 'https://images4-a.ravelrycache.com/uploads/knitforbreakfast/871608046/IMG_20220822_170214_354_medium2.jpg', 'small2_url': 'https://images4-f.ravelrycache.com/uploads/knitforbreakfast/871608046/IMG_20220822_170214_354_small2.jpg', 'caption': None, 'caption_html': None, 'copyright_holder': None}, {'id': 114855303, 'sort_order': 5, 'user_id': 6528756, 'x_offset': 0, 'y_offset': -16, 'square_url': 'https://images4-g.ravelrycache.com/uploads/knitforbreakfast/871606167/IMG_20220822_164210_627_square.jpg', 'medium_url': 'https://images4-f.ravelrycache.com/uploads/knitforbreakfast/871606167/IMG_20220822_164210_627_medium.jpg', 'thumbnail_url': 'https://images4-g.ravelrycache.com/uploads/knitforbreakfast/871606167/IMG_20220822_164210_627_thumbnail.jpg', 'small_url': 'https://images4-f.ravelrycache.com/uploads/knitforbreakfast/871606167/IMG_20220822_164210_627_small_best_fit.jpg', 'flickr_url': None, 'shelved_url': 'https://images4-g.ravelrycache.com/uploads/knitforbreakfast/871606167/IMG_20220822_164210_627_shelved.jpg', 'medium2_url': 'https://images4-a.ravelrycache.com/uploads/knitforbreakfast/871606167/IMG_20220822_164210_627_medium2.jpg', 'small2_url': 'https://images4-g.ravelrycache.com/uploads/knitforbreakfast/871606167/IMG_20220822_164210_627_small2.jpg', 'caption': None, 'caption_html': None, 'copyright_holder': None}, {'id': 114855300, 'sort_order': 6, 'user_id': 6528756, 'x_offset': -1, 'y_offset': -33, 'square_url': 'https://images4-f.ravelrycache.com/uploads/knitforbreakfast/871606209/IMG_20220822_164201_739_square.jpg', 'medium_url': 'https://images4-g.ravelrycache.com/uploads/knitforbreakfast/871606209/IMG_20220822_164201_739_medium.jpg', 'thumbnail_url': 'https://images4-g.ravelrycache.com/uploads/knitforbreakfast/871606209/IMG_20220822_164201_739_thumbnail.jpg', 'small_url': 'https://images4-g.ravelrycache.com/uploads/knitforbreakfast/871606209/IMG_20220822_164201_739_small_best_fit.jpg', 'flickr_url': None, 'shelved_url': 'https://images4-g.ravelrycache.com/uploads/knitforbreakfast/871606209/IMG_20220822_164201_739_shelved.jpg', 'medium2_url': 'https://images4-a.ravelrycache.com/uploads/knitforbreakfast/871606209/IMG_20220822_164201_739_medium2.jpg', 'small2_url': 'https://images4-f.ravelrycache.com/uploads/knitforbreakfast/871606209/IMG_20220822_164201_739_small2.jpg', 'caption': None, 'caption_html': None, 'copyright_holder': None}, {'id': 114855304, 'sort_order': 7, 'user_id': 6528756, 'x_offset': 5, 'y_offset': -36, 'square_url': 'https://images4-f.ravelrycache.com/uploads/knitforbreakfast/871606061/IMG_20220822_164205_658_square.jpg', 'medium_url': 'https://images4-g.ravelrycache.com/uploads/knitforbreakfast/871606061/IMG_20220822_164205_658_medium.jpg', 'thumbnail_url': 'https://images4-f.ravelrycache.com/uploads/knitforbreakfast/871606061/IMG_20220822_164205_658_thumbnail.jpg', 'small_url': 'https://images4-f.ravelrycache.com/uploads/knitforbreakfast/871606061/IMG_20220822_164205_658_small_best_fit.jpg', 'flickr_url': None, 'shelved_url': 'https://images4-f.ravelrycache.com/uploads/knitforbreakfast/871606061/IMG_20220822_164205_658_shelved.jpg', 'medium2_url': 'https://images4-a.ravelrycache.com/uploads/knitforbreakfast/871606061/IMG_20220822_164205_658_medium2.jpg', 'small2_url': 'https://images4-f.ravelrycache.com/uploads/knitforbreakfast/871606061/IMG_20220822_164205_658_small2.jpg', 'caption': None, 'caption_html': None, 'copyright_holder': None}, {'id': 114855305, 'sort_order': 8, 'user_id': 6528756, 'x_offset': -5, 'y_offset': -35, 'square_url': 'https://images4-f.ravelrycache.com/uploads/knitforbreakfast/871608565/IMG_20220822_170436_838_square.jpg', 'medium_url': 'https://images4-g.ravelrycache.com/uploads/knitforbreakfast/871608565/IMG_20220822_170436_838_medium.jpg', 'thumbnail_url': 'https://images4-f.ravelrycache.com/uploads/knitforbreakfast/871608565/IMG_20220822_170436_838_thumbnail.jpg', 'small_url': 'https://images4-f.ravelrycache.com/uploads/knitforbreakfast/871608565/IMG_20220822_170436_838_small.jpg', 'flickr_url': None, 'shelved_url': 'https://images4-g.ravelrycache.com/uploads/knitforbreakfast/871608565/IMG_20220822_170436_838_shelved.jpg', 'medium2_url': 'https://images4-a.ravelrycache.com/uploads/knitforbreakfast/871608565/IMG_20220822_170436_838_medium2.jpg', 'small2_url': 'https://images4-f.ravelrycache.com/uploads/knitforbreakfast/871608565/IMG_20220822_170436_838_small2.jpg', 'caption': None, 'caption_html': None, 'copyright_holder': None}, {'id': 114855306, 'sort_order': 9, 'user_id': 6528756, 'x_offset': -5, 'y_offset': -35, 'square_url': 'https://images4-g.ravelrycache.com/uploads/knitforbreakfast/871608469/IMG_20220822_170433_273_square.jpg', 'medium_url': 'https://images4-f.ravelrycache.com/uploads/knitforbreakfast/871608469/IMG_20220822_170433_273_medium.jpg', 'thumbnail_url': 'https://images4-g.ravelrycache.com/uploads/knitforbreakfast/871608469/IMG_20220822_170433_273_thumbnail.jpg', 'small_url': 'https://images4-g.ravelrycache.com/uploads/knitforbreakfast/871608469/IMG_20220822_170433_273_small.jpg', 'flickr_url': None, 'shelved_url': 'https://images4-f.ravelrycache.com/uploads/knitforbreakfast/871608469/IMG_20220822_170433_273_shelved.jpg', 'medium2_url': 'https://images4-a.ravelrycache.com/uploads/knitforbreakfast/871608469/IMG_20220822_170433_273_medium2.jpg', 'small2_url': 'https://images4-g.ravelrycache.com/uploads/knitforbreakfast/871608469/IMG_20220822_170433_273_small2.jpg', 'caption': None, 'caption_html': None, 'copyright_holder': None}, {'id': 114855307, 'sort_order': 10, 'user_id': 6528756, 'x_offset': -6, 'y_offset': -35, 'square_url': 'https://images4-f.ravelrycache.com/uploads/knitforbreakfast/871609023/IMG_20220822_170623_770_square.jpg', 'medium_url': 'https://images4-g.ravelrycache.com/uploads/knitforbreakfast/871609023/IMG_20220822_170623_770_medium.jpg', 'thumbnail_url': 'https://images4-g.ravelrycache.com/uploads/knitforbreakfast/871609023/IMG_20220822_170623_770_thumbnail.jpg', 'small_url': 'https://images4-f.ravelrycache.com/uploads/knitforbreakfast/871609023/IMG_20220822_170623_770_small.jpg', 'flickr_url': None, 'shelved_url': 'https://images4-g.ravelrycache.com/uploads/knitforbreakfast/871609023/IMG_20220822_170623_770_shelved.jpg', 'medium2_url': 'https://images4-a.ravelrycache.com/uploads/knitforbreakfast/871609023/IMG_20220822_170623_770_medium2.jpg', 'small2_url': 'https://images4-f.ravelrycache.com/uploads/knitforbreakfast/871609023/IMG_20220822_170623_770_small2.jpg', 'caption': None, 'caption_html': None, 'copyright_holder': None}, {'id': 114855308, 'sort_order': 11, 'user_id': 6528756, 'x_offset': 0, 'y_offset': -22, 'square_url': 'https://images4-g.ravelrycache.com/uploads/knitforbreakfast/871606331/IMG_20220822_164214_183_square.jpg', 'medium_url': 'https://images4-f.ravelrycache.com/uploads/knitforbreakfast/871606331/IMG_20220822_164214_183_medium.jpg', 'thumbnail_url': 'https://images4-f.ravelrycache.com/uploads/knitforbreakfast/871606331/IMG_20220822_164214_183_thumbnail.jpg', 'small_url': 'https://images4-f.ravelrycache.com/uploads/knitforbreakfast/871606331/IMG_20220822_164214_183_small_best_fit.jpg', 'flickr_url': None, 'shelved_url': 'https://images4-g.ravelrycache.com/uploads/knitforbreakfast/871606331/IMG_20220822_164214_183_shelved.jpg', 'medium2_url': 'https://images4-a.ravelrycache.com/uploads/knitforbreakfast/871606331/IMG_20220822_164214_183_medium2.jpg', 'small2_url': 'https://images4-g.ravelrycache.com/uploads/knitforbreakfast/871606331/IMG_20220822_164214_183_small2.jpg', 'caption': None, 'caption_html': None, 'copyright_holder': None}, {'id': 114855309, 'sort_order': 12, 'user_id': 6528756, 'x_offset': -5, 'y_offset': -35, 'square_url': 'https://images4-f.ravelrycache.com/uploads/knitforbreakfast/871608605/IMG_20220822_170430_652_square.jpg', 'medium_url': 'https://images4-g.ravelrycache.com/uploads/knitforbreakfast/871608605/IMG_20220822_170430_652_medium.jpg', 'thumbnail_url': 'https://images4-g.ravelrycache.com/uploads/knitforbreakfast/871608605/IMG_20220822_170430_652_thumbnail.jpg', 'small_url': 'https://images4-g.ravelrycache.com/uploads/knitforbreakfast/871608605/IMG_20220822_170430_652_small.jpg', 'flickr_url': None, 'shelved_url': 'https://images4-g.ravelrycache.com/uploads/knitforbreakfast/871608605/IMG_20220822_170430_652_shelved.jpg', 'medium2_url': 'https://images4-a.ravelrycache.com/uploads/knitforbreakfast/871608605/IMG_20220822_170430_652_medium2.jpg', 'small2_url': 'https://images4-f.ravelrycache.com/uploads/knitforbreakfast/871608605/IMG_20220822_170430_652_small2.jpg', 'caption': None, 'caption_html': None, 'copyright_holder': None}, {'id': 114855310, 'sort_order': 13, 'user_id': 6528756, 'x_offset': 0, 'y_offset': -22, 'square_url': 'https://images4-g.ravelrycache.com/uploads/knitforbreakfast/871609128/IMG_20220822_170639_754_square.jpg', 'medium_url': 'https://images4-f.ravelrycache.com/uploads/knitforbreakfast/871609128/IMG_20220822_170639_754_medium.jpg', 'thumbnail_url': 'https://images4-g.ravelrycache.com/uploads/knitforbreakfast/871609128/IMG_20220822_170639_754_thumbnail.jpg', 'small_url': 'https://images4-f.ravelrycache.com/uploads/knitforbreakfast/871609128/IMG_20220822_170639_754_small_best_fit.jpg', 'flickr_url': None, 'shelved_url': 'https://images4-g.ravelrycache.com/uploads/knitforbreakfast/871609128/IMG_20220822_170639_754_shelved.jpg', 'medium2_url': 'https://images4-a.ravelrycache.com/uploads/knitforbreakfast/871609128/IMG_20220822_170639_754_medium2.jpg', 'small2_url': 'https://images4-g.ravelrycache.com/uploads/knitforbreakfast/871609128/IMG_20220822_170639_754_small2.jpg', 'caption': None, 'caption_html': None, 'copyright_holder': None}, {'id': 114855311, 'sort_order': 14, 'user_id': 6528756, 'x_offset': 0, 'y_offset': -22, 'square_url': 'https://images4-g.ravelrycache.com/uploads/knitforbreakfast/871609186/IMG_20220822_170642_965_square.jpg', 'medium_url': 'https://images4-f.ravelrycache.com/uploads/knitforbreakfast/871609186/IMG_20220822_170642_965_medium.jpg', 'thumbnail_url': 'https://images4-g.ravelrycache.com/uploads/knitforbreakfast/871609186/IMG_20220822_170642_965_thumbnail.jpg', 'small_url': 'https://images4-f.ravelrycache.com/uploads/knitforbreakfast/871609186/IMG_20220822_170642_965_small_best_fit.jpg', 'flickr_url': None, 'shelved_url': 'https://images4-g.ravelrycache.com/uploads/knitforbreakfast/871609186/IMG_20220822_170642_965_shelved.jpg', 'medium2_url': 'https://images4-a.ravelrycache.com/uploads/knitforbreakfast/871609186/IMG_20220822_170642_965_medium2.jpg', 'small2_url': 'https://images4-g.ravelrycache.com/uploads/knitforbreakfast/871609186/IMG_20220822_170642_965_small2.jpg', 'caption': None, 'caption_html': None, 'copyright_holder': None}]"
Bryce,Afifa,1264812,https://www.ravelry.com/patterns/library/bryce-4,False,https://images4-a.ravelrycache.com/uploads/WeAreNomadicKnits/871265288/Bryce_5_medium2.jpg,Knitting,"['adult', 'cap-sleeve', 'one-piece', 'seamless', 'bottom-up', 'mock-turtleneck', 'positive-ease', 'chart', 'written-pattern', 'in-the-round', 'schematic']",12.0,2.0,False,4.0,Stockinette stitch,pullover,Bulky,21,4.75,"28-64"" bust","[{'id': 114855374, 'sort_order': 1, 'user_id': 8024870, 'x_offset': -37, 'y_offset': -1, 'square_url': 'https://images4-g.ravelrycache.com/uploads/WeAreNomadicKnits/871265288/Bryce_5_square.jpg', 'medium_url': 'https://images4-f.ravelrycache.com/uploads/WeAreNomadicKnits/871265288/Bryce_5_medium.jpg', 'thumbnail_url': 'https://images4-f.ravelrycache.com/uploads/WeAreNomadicKnits/871265288/Bryce_5_thumbnail.jpg', 'small_url': 'https://images4-f.ravelrycache.com/uploads/WeAreNomadicKnits/871265288/Bryce_5_small_best_fit.jpg', 'flickr_url': None, 'shelved_url': 'https://images4-f.ravelrycache.com/uploads/WeAreNomadicKnits/871265288/Bryce_5_shelved.jpg', 'medium2_url': 'https://images4-a.ravelrycache.com/uploads/WeAreNomadicKnits/871265288/Bryce_5_medium2.jpg', 'small2_url': 'https://images4-g.ravelrycache.com/uploads/WeAreNomadicKnits/871265288/Bryce_5_small2.jpg', 'caption': None, 'caption_html': None, 'copyright_holder': None}, {'id': 114855373, 'sort_order': 2, 'user_id': 8024870, 'x_offset': -4, 'y_offset': -16, 'square_url': 'https://images4-f.ravelrycache.com/uploads/WeAreNomadicKnits/871265285/Bryce_square.jpg', 'medium_url': 'https://images4-g.ravelrycache.com/uploads/WeAreNomadicKnits/871265285/Bryce_medium.jpg', 'thumbnail_url': 'https://images4-f.ravelrycache.com/uploads/WeAreNomadicKnits/871265285/Bryce_thumbnail.jpg', 'small_url': 'https://images4-g.ravelrycache.com/uploads/WeAreNomadicKnits/871265285/Bryce_small.jpg', 'flickr_url': None, 'shelved_url': 'https://images4-f.ravelrycache.com/uploads/WeAreNomadicKnits/871265285/Bryce_shelved.jpg', 'medium2_url': 'https://images4-a.ravelrycache.com/uploads/WeAreNomadicKnits/871265285/Bryce_medium2.jpg', 'small2_url': 'https://images4-f.ravelrycache.com/uploads/WeAreNomadicKnits/871265285/Bryce_small2.jpg', 'caption': None, 'caption_html': None, 'copyright_holder': None}, {'id': 114855375, 'sort_order': 3, 'user_id': 8024870, 'x_offset': -6, 'y_offset': -35, 'square_url': 'https://images4-g.ravelrycache.com/uploads/WeAreNomadicKnits/871265292/Bryce_4_square.jpg', 'medium_url': 'https://images4-f.ravelrycache.com/uploads/WeAreNomadicKnits/871265292/Bryce_4_medium.jpg', 'thumbnail_url': 'https://images4-f.ravelrycache.com/uploads/WeAreNomadicKnits/871265292/Bryce_4_thumbnail.jpg', 'small_url': 'https://images4-f.ravelrycache.com/uploads/WeAreNomadicKnits/871265292/Bryce_4_small.jpg', 'flickr_url': None, 'shelved_url': 'https://images4-g.ravelrycache.com/uploads/WeAreNomadicKnits/871265292/Bryce_4_shelved.jpg', 'medium2_url': 'https://images4-a.ravelrycache.com/uploads/WeAreNomadicKnits/871265292/Bryce_4_medium2.jpg', 'small2_url': 'https://images4-g.ravelrycache.com/uploads/WeAreNomadicKnits/871265292/Bryce_4_small2.jpg', 'caption': None, 'caption_html': None, 'copyright_holder': None}, {'id': 114855376, 'sort_order': 4, 'user_id': 8024870, 'x_offset': 0, 'y_offset': -43, 'square_url': 'https://images4-g.ravelrycache.com/uploads/WeAreNomadicKnits/871265286/Bryce_3_square.jpg', 'medium_url': 'https://images4-f.ravelrycache.com/uploads/WeAreNomadicKnits/871265286/Bryce_3_medium.jpg', 'thumbnail_url': 'https://images4-g.ravelrycache.com/uploads/WeAreNomadicKnits/871265286/Bryce_3_thumbnail.jpg', 'small_url': 'https://images4-f.ravelrycache.com/uploads/WeAreNomadicKnits/871265286/Bryce_3_small_best_fit.jpg', 'flickr_url': None, 'shelved_url': 'https://images4-g.ravelrycache.com/uploads/WeAreNomadicKnits/871265286/Bryce_3_shelved.jpg', 'medium2_url': 'https://images4-a.ravelrycache.com/uploads/WeAreNomadicKnits/871265286/Bryce_3_medium2.jpg', 'small2_url': 'https://images4-g.ravelrycache.com/uploads/WeAreNomadicKnits/871265286/Bryce_3_small2.jpg', 'caption': None, 'caption_html': None, 'copyright_holder': None}, {'id': 114855377, 'sort_order': 5, 'user_id': 8024870, 'x_offset': 0, 'y_offset': -3, 'square_url': 'https://images4-f.ravelrycache.com/uploads/WeAreNomadicKnits/871265287/Bryce_2_square.jpg', 'medium_url': 'https://images4-g.ravelrycache.com/uploads/WeAreNomadicKnits/871265287/Bryce_2_medium.jpg', 'thumbnail_url': 'https://images4-g.ravelrycache.com/uploads/WeAreNomadicKnits/871265287/Bryce_2_thumbnail.jpg', 'small_url': 'https://images4-f.ravelrycache.com/uploads/WeAreNomadicKnits/871265287/Bryce_2_small_best_fit.jpg', 'flickr_url': None, 'shelved_url': 'https://images4-g.ravelrycache.com/uploads/WeAreNomadicKnits/871265287/Bryce_2_shelved.jpg', 'medium2_url': 'https://images4-a.ravelrycache.com/uploads/WeAreNomadicKnits/871265287/Bryce_2_medium2.jpg', 'small2_url': 'https://images4-f.ravelrycache.com/uploads/WeAreNomadicKnits/871265287/Bryce_2_small2.jpg', 'caption': None, 'caption_html': None, 'copyright_holder': None}, {'id': 114855378, 'sort_order': 6, 'user_id': 8024870, 'x_offset': 0, 'y_offset': 0, 'square_url': 'https://images4-g.ravelrycache.com/uploads/WeAreNomadicKnits/871610537/Bryce_Ill_square.png', 'medium_url': 'https://images4-f.ravelrycache.com/uploads/WeAreNomadicKnits/871610537/Bryce_Ill_medium.png', 'thumbnail_url': 'https://images4-g.ravelrycache.com/uploads/WeAreNomadicKnits/871610537/Bryce_Ill_thumbnail.png', 'small_url': 'https://images4-f.ravelrycache.com/uploads/WeAreNomadicKnits/871610537/Bryce_Ill_small_best_fit.png', 'flickr_url': None, 'shelved_url': 'https://images4-g.ravelrycache.com/uploads/WeAreNomadicKnits/871610537/Bryce_Ill_shelved.png', 'medium2_url': 'https://images4-a.ravelrycache.com/uploads/WeAreNomadicKnits/871610537/Bryce_Ill_medium2.png', 'small2_url': 'https://images4-g.ravelrycache.com/uploads/WeAreNomadicKnits/871610537/Bryce_Ill_small2.png', 'caption': None, 'caption_html': None, 'copyright_holder': None}]"
Silver State,Noma Ndlovu,1264830,https://www.ravelry.com/patterns/library/silver-state,False,https://images4-a.ravelrycache.com/uploads/WeAreNomadicKnits/871279448/Silver_State_2_medium2.jpg,Knitting,"['adult', 'long-sleeve', 'raglan-sleeve', 'one-piece', 'seamless', 'top-down', 'positive-ease', 'written-pattern', 'in-the-round', 'stripes-colorwork', 'schematic']",28.0,0.0,False,4.0,Stockinette stitch,pullover,Fingering,7,0.0,"to fit 28 - 72"" bust","[{'id': 114856228, 'sort_order': 1, 'user_id': 8024870, 'x_offset': 0, 'y_offset': -17, 'square_url': 'https://images4-g.ravelrycache.com/uploads/WeAreNomadicKnits/871279448/Silver_State_2_square.jpg', 'medium_url': 'https://images4-f.ravelrycache.com/uploads/WeAreNomadicKnits/871279448/Silver_State_2_medium.jpg', 'thumbnail_url': 'https://images4-f.ravelrycache.com/uploads/WeAreNomadicKnits/871279448/Silver_State_2_thumbnail.jpg', 'small_url': 'https://images4-f.ravelrycache.com/uploads/WeAreNomadicKnits/871279448/Silver_State_2_small_best_fit.jpg', 'flickr_url': None, 'shelved_url': 'https://images4-g.ravelrycache.com/uploads/WeAreNomadicKnits/871279448/Silver_State_2_shelved.jpg', 'medium2_url': 'https://images4-a.ravelrycache.com/uploads/WeAreNomadicKnits/871279448/Silver_State_2_medium2.jpg', 'small2_url': 'https://images4-g.ravelrycache.com/uploads/WeAreNomadicKnits/871279448/Silver_State_2_small2.jpg', 'caption': None, 'caption_html': None, 'copyright_holder': None}, {'id': 114856229, 'sort_order': 2, 'user_id': 8024870, 'x_offset': -1, 'y_offset': -70, 'square_url': 'https://images4-g.ravelrycache.com/uploads/WeAreNomadicKnits/871279449/Silver_State_8_square.jpg', 'medium_url': 'https://images4-f.ravelrycache.com/uploads/WeAreNomadicKnits/871279449/Silver_State_8_medium.jpg', 'thumbnail_url': 'https://images4-g.ravelrycache.com/uploads/WeAreNomadicKnits/871279449/Silver_State_8_thumbnail.jpg', 'small_url': 'https://images4-g.ravelrycache.com/uploads/WeAreNomadicKnits/871279449/Silver_State_8_small_best_fit.jpg', 'flickr_url': None, 'shelved_url': 'https://images4-g.ravelrycache.com/uploads/WeAreNomadicKnits/871279449/Silver_State_8_shelved.jpg', 'medium2_url': 'https://images4-a.ravelrycache.com/uploads/WeAreNomadicKnits/871279449/Silver_State_8_medium2.jpg', 'small2_url': 'https://images4-g.ravelrycache.com/uploads/WeAreNomadicKnits/871279449/Silver_State_8_small2.jpg', 'caption': None, 'caption_html': None, 'copyright_holder': None}, {'id': 114856230, 'sort_order': 3, 'user_id': 8024870, 'x_offset': -43, 'y_offset': 0, 'square_url': 'https://images4-f.ravelrycache.com/uploads/WeAreNomadicKnits/871279453/Silver_STate_5_square.jpg', 'medium_url': 'https://images4-g.ravelrycache.com/uploads/WeAreNomadicKnits/871279453/Silver_STate_5_medium.jpg', 'thumbnail_url': 'https://images4-g.ravelrycache.com/uploads/WeAreNomadicKnits/871279453/Silver_STate_5_thumbnail.jpg', 'small_url': 'https://images4-g.ravelrycache.com/uploads/WeAreNomadicKnits/871279453/Silver_STate_5_small_best_fit.jpg', 'flickr_url': None, 'shelved_url': 'https://images4-g.ravelrycache.com/uploads/WeAreNomadicKnits/871279453/Silver_STate_5_shelved.jpg', 'medium2_url': 'https://images4-a.ravelrycache.com/uploads/WeAreNomadicKnits/871279453/Silver_STate_5_medium2.jpg', 'small2_url': 'https://images4-f.ravelrycache.com/uploads/WeAreNomadicKnits/871279453/Silver_STate_5_small2.jpg', 'caption': None, 'caption_html': None, 'copyright_holder': None}, {'id': 114856231, 'sort_order': 4, 'user_id': 8024870, 'x_offset': 0, 'y_offset': -43, 'square_url': 'https://images4-g.ravelrycache.com/uploads/WeAreNomadicKnits/871279447/Silver_State_4_square.jpg', 'medium_url': 'https://images4-f.ravelrycache.com/uploads/WeAreNomadicKnits/871279447/Silver_State_4_medium.jpg', 'thumbnail_url': 'https://images4-f.ravelrycache.com/uploads/WeAreNomadicKnits/871279447/Silver_State_4_thumbnail.jpg', 'small_url': 'https://images4-f.ravelrycache.com/uploads/WeAreNomadicKnits/871279447/Silver_State_4_small_best_fit.jpg', 'flickr_url': None, 'shelved_url': 'https://images4-f.ravelrycache.com/uploads/WeAreNomadicKnits/871279447/Silver_State_4_shelved.jpg', 'medium2_url': 'https://images4-a.ravelrycache.com/uploads/WeAreNomadicKnits/871279447/Silver_State_4_medium2.jpg', 'small2_url': 'https://images4-g.ravelrycache.com/uploads/WeAreNomadicKnits/871279447/Silver_State_4_small2.jpg', 'caption': None, 'caption_html': None, 'copyright_holder': None}, {'id': 114856232, 'sort_order': 5, 'user_id': 8024870, 'x_offset': -43, 'y_offset': 0, 'square_url': 'https://images4-g.ravelrycache.com/uploads/WeAreNomadicKnits/871279456/Silver_State_3_square.jpg', 'medium_url': 'https://images4-f.ravelrycache.com/uploads/WeAreNomadicKnits/871279456/Silver_State_3_medium.jpg', 'thumbnail_url': 'https://images4-f.ravelrycache.com/uploads/WeAreNomadicKnits/871279456/Silver_State_3_thumbnail.jpg', 'small_url': 'https://images4-g.ravelrycache.com/uploads/WeAreNomadicKnits/871279456/Silver_State_3_small_best_fit.jpg', 'flickr_url': None, 'shelved_url': 'https://images4-g.ravelrycache.com/uploads/WeAreNomadicKnits/871279456/Silver_State_3_shelved.jpg', 'medium2_url': 'https://images4-a.ravelrycache.com/uploads/WeAreNomadicKnits/871279456/Silver_State_3_medium2.jpg', 'small2_url': 'https://images4-g.ravelrycache.com/uploads/WeAreNomadicKnits/871279456/Silver_State_3_small2.jpg', 'caption': None, 'caption_html': None, 'copyright_holder': None}, {'id': 114856233, 'sort_order': 6, 'user_id': 8024870, 'x_offset': 0, 'y_offset': -43, 'square_url': 'https://images4-f.ravelrycache.com/uploads/WeAreNomadicKnits/871279445/Silver_State_6_square.jpg', 'medium_url': 'https://images4-g.ravelrycache.com/uploads/WeAreNomadicKnits/871279445/Silver_State_6_medium.jpg', 'thumbnail_url': 'https://images4-g.ravelrycache.com/uploads/WeAreNomadicKnits/871279445/Silver_State_6_thumbnail.jpg', 'small_url': 'https://images4-g.ravelrycache.com/uploads/WeAreNomadicKnits/871279445/Silver_State_6_small_best_fit.jpg', 'flickr_url': None, 'shelved_url': 'https://images4-g.ravelrycache.com/uploads/WeAreNomadicKnits/871279445/Silver_State_6_shelved.jpg', 'medium2_url': 'https://images4-a.ravelrycache.com/uploads/WeAreNomadicKnits/871279445/Silver_State_6_medium2.jpg', 'small2_url': 'https://images4-f.ravelrycache.com/uploads/WeAreNomadicKnits/871279445/Silver_State_6_small2.jpg', 'caption': None, 'caption_html': None, 'copyright_holder': None}, {'id': 114856234, 'sort_order': 7, 'user_id': 8024870, 'x_offset': -43, 'y_offset': 0, 'square_url': 'https://images4-f.ravelrycache.com/uploads/WeAreNomadicKnits/871279443/Silver_State_7_square.jpg', 'medium_url': 'https://images4-g.ravelrycache.com/uploads/WeAreNomadicKnits/871279443/Silver_State_7_medium.jpg', 'thumbnail_url': 'https://images4-g.ravelrycache.com/uploads/WeAreNomadicKnits/871279443/Silver_State_7_thumbnail.jpg', 'small_url': 'https://images4-f.ravelrycache.com/uploads/WeAreNomadicKnits/871279443/Silver_State_7_small_best_fit.jpg', 'flickr_url': None, 'shelved_url': 'https://images4-g.ravelrycache.com/uploads/WeAreNomadicKnits/871279443/Silver_State_7_shelved.jpg', 'medium2_url': 'https://images4-a.ravelrycache.com/uploads/WeAreNomadicKnits/871279443/Silver_State_7_medium2.jpg', 'small2_url': 'https://images4-f.ravelrycache.com/uploads/WeAreNomadicKnits/871279443/Silver_State_7_small2.jpg', 'caption': None, 'caption_html': None, 'copyright_holder': None}, {'id': 114856235, 'sort_order': 8, 'user_id': 8024870, 'x_offset': 0, 'y_offset': 0, 'square_url': 'https://images4-f.ravelrycache.com/uploads/WeAreNomadicKnits/871610100/Silver_State_Ill_square.png', 'medium_url': 'https://images4-g.ravelrycache.com/uploads/WeAreNomadicKnits/871610100/Silver_State_Ill_medium.png', 'thumbnail_url': 'https://images4-g.ravelrycache.com/uploads/WeAreNomadicKnits/871610100/Silver_State_Ill_thumbnail.png', 'small_url': 'https://images4-f.ravelrycache.com/uploads/WeAreNomadicKnits/871610100/Silver_State_Ill_small_best_fit.png', 'flickr_url': None, 'shelved_url': 'https://images4-f.ravelrycache.com/uploads/WeAreNomadicKnits/871610100/Silver_State_Ill_shelved.png', 'medium2_url': 'https://images4-a.ravelrycache.com/uploads/WeAreNomadicKnits/871610100/Silver_State_Ill_medium2.png', 'small2_url': 'https://images4-f.ravelrycache.com/uploads/WeAreNomadicKnits/871610100/Silver_State_Ill_small2.png', 'caption': None, 'caption_html': None, 'copyright_holder': None}]"
Stratosphere,Sierra Morningstar,1264832,https://www.ravelry.com/patterns/library/stratosphere-5,False,https://images4-a.ravelrycache.com/uploads/WeAreNomadicKnits/871283254/Stratosphere_5_medium2.jpg,Knitting,"['unisex', 'adult', 'ribbed', 'long-sleeve', 'raglan-sleeve', 'one-piece', 'seamless', 'top-down', 'positive-ease', 'in-the-round', 'crew-neck']",20.0,2.4,False,4.0,Stockinette stitch,pullover,DK,23,5.0,"to fit 26 - 68"" bust size","[{'id': 114856268, 'sort_order': 1, 'user_id': 8024870, 'x_offset': -17, 'y_offset': 0, 'square_url': 'https://images4-f.ravelrycache.com/uploads/WeAreNomadicKnits/871283254/Stratosphere_5_square.jpg', 'medium_url': 'https://images4-g.ravelrycache.com/uploads/WeAreNomadicKnits/871283254/Stratosphere_5_medium.jpg', 'thumbnail_url': 'https://images4-f.ravelrycache.com/uploads/WeAreNomadicKnits/871283254/Stratosphere_5_thumbnail.jpg', 'small_url': 'https://images4-g.ravelrycache.com/uploads/WeAreNomadicKnits/871283254/Stratosphere_5_small_best_fit.jpg', 'flickr_url': None, 'shelved_url': 'https://images4-g.ravelrycache.com/uploads/WeAreNomadicKnits/871283254/Stratosphere_5_shelved.jpg', 'medium2_url': 'https://images4-a.ravelrycache.com/uploads/WeAreNomadicKnits/871283254/Stratosphere_5_medium2.jpg', 'small2_url': 'https://images4-f.ravelrycache.com/uploads/WeAreNomadicKnits/871283254/Stratosphere_5_small2.jpg', 'caption': None, 'caption_html': None, 'copyright_holder': None}, {'id': 114856269, 'sort_order': 2, 'user_id': 8024870, 'x_offset': -1, 'y_offset': 0, 'square_url': 'https://images4-f.ravelrycache.com/uploads/WeAreNomadicKnits/871283267/Stratosphere_6_square.jpg', 'medium_url': 'https://images4-g.ravelrycache.com/uploads/WeAreNomadicKnits/871283267/Stratosphere_6_medium.jpg', 'thumbnail_url': 'https://images4-g.ravelrycache.com/uploads/WeAreNomadicKnits/871283267/Stratosphere_6_thumbnail.jpg', 'small_url': 'https://images4-f.ravelrycache.com/uploads/WeAreNomadicKnits/871283267/Stratosphere_6_small_best_fit.jpg', 'flickr_url': None, 'shelved_url': 'https://images4-f.ravelrycache.com/uploads/WeAreNomadicKnits/871283267/Stratosphere_6_shelved.jpg', 'medium2_url': 'https://images4-a.ravelrycache.com/uploads/WeAreNomadicKnits/871283267/Stratosphere_6_medium2.jpg', 'small2_url': 'https://images4-f.ravelrycache.com/uploads/WeAreNomadicKnits/871283267/Stratosphere_6_small2.jpg', 'caption': None, 'caption_html': None, 'copyright_holder': None}, {'id': 114856270, 'sort_order': 3, 'user_id': 8024870, 'x_offset': -59, 'y_offset': 1, 'square_url': 'https://images4-f.ravelrycache.com/uploads/WeAreNomadicKnits/871283262/Stratosphere_7_square.jpg', 'medium_url': 'https://images4-g.ravelrycache.com/uploads/WeAreNomadicKnits/871283262/Stratosphere_7_medium.jpg', 'thumbnail_url': 'https://images4-g.ravelrycache.com/uploads/WeAreNomadicKnits/871283262/Stratosphere_7_thumbnail.jpg', 'small_url': 'https://images4-f.ravelrycache.com/uploads/WeAreNomadicKnits/871283262/Stratosphere_7_small_best_fit.jpg', 'flickr_url': None, 'shelved_url': 'https://images4-f.ravelrycache.com/uploads/WeAreNomadicKnits/871283262/Stratosphere_7_shelved.jpg', 'medium2_url': 'https://images4-a.ravelrycache.com/uploads/WeAreNomadicKnits/871283262/Stratosphere_7_medium2.jpg', 'small2_url': 'https://images4-f.ravelrycache.com/uploads/WeAreNomadicKnits/871283262/Stratosphere_7_small2.jpg', 'caption': None, 'caption_html': None, 'copyright_holder': None}, {'id': 114856271, 'sort_order': 4, 'user_id': 8024870, 'x_offset': 0, 'y_offset': -43, 'square_url': 'https://images4-g.ravelrycache.com/uploads/WeAreNomadicKnits/871283251/Stratosphere_8_square.jpg', 'medium_url': 'https://images4-f.ravelrycache.com/uploads/WeAreNomadicKnits/871283251/Stratosphere_8_medium.jpg', 'thumbnail_url': 'https://images4-f.ravelrycache.com/uploads/WeAreNomadicKnits/871283251/Stratosphere_8_thumbnail.jpg', 'small_url': 'https://images4-g.ravelrycache.com/uploads/WeAreNomadicKnits/871283251/Stratosphere_8_small_best_fit.jpg', 'flickr_url': None, 'shelved_url': 'https://images4-g.ravelrycache.com/uploads/WeAreNomadicKnits/871283251/Stratosphere_8_shelved.jpg', 'medium2_url': 'https://images4-a.ravelrycache.com/uploads/WeAreNomadicKnits/871283251/Stratosphere_8_medium2.jpg', 'small2_url': 'https://images4-g.ravelrycache.com/uploads/WeAreNomadicKnits/871283251/Stratosphere_8_small2.jpg', 'caption': None, 'caption_html': None, 'copyright_holder': None}, {'id': 114856272, 'sort_order': 5, 'user_id': 8024870, 'x_offset': 0, 'y_offset': -43, 'square_url': 'https://images4-f.ravelrycache.com/uploads/WeAreNomadicKnits/871283250/Stratosphere_9_square.jpg', 'medium_url': 'https://images4-g.ravelrycache.com/uploads/WeAreNomadicKnits/871283250/Stratosphere_9_medium.jpg', 'thumbnail_url': 'https://images4-f.ravelrycache.com/uploads/WeAreNomadicKnits/871283250/Stratosphere_9_thumbnail.jpg', 'small_url': 'https://images4-f.ravelrycache.com/uploads/WeAreNomadicKnits/871283250/Stratosphere_9_small_best_fit.jpg', 'flickr_url': None, 'shelved_url': 'https://images4-g.ravelrycache.com/uploads/WeAreNomadicKnits/871283250/Stratosphere_9_shelved.jpg', 'medium2_url': 'https://images4-a.ravelrycache.com/uploads/WeAreNomadicKnits/871283250/Stratosphere_9_medium2.jpg', 'small2_url': 'https://images4-f.ravelrycache.com/uploads/WeAreNomadicKnits/871283250/Stratosphere_9_small2.jpg', 'caption': None, 'caption_html': None, 'copyright_holder': None}, {'id': 114856273, 'sort_order': 6, 'user_id': 8024870, 'x_offset': 0, 'y_offset': -43, 'square_url': 'https://images4-f.ravelrycache.com/uploads/WeAreNomadicKnits/871283273/Stratosphere_10_square.jpg', 'medium_url': 'https://images4-g.ravelrycache.com/uploads/WeAreNomadicKnits/871283273/Stratosphere_10_medium.jpg', 'thumbnail_url': 'https://images4-g.ravelrycache.com/uploads/WeAreNomadicKnits/871283273/Stratosphere_10_thumbnail.jpg', 'small_url': 'https://images4-g.ravelrycache.com/uploads/WeAreNomadicKnits/871283273/Stratosphere_10_small_best_fit.jpg', 'flickr_url': None, 'shelved_url': 'https://images4-g.ravelrycache.com/uploads/WeAreNomadicKnits/871283273/Stratosphere_10_shelved.jpg', 'medium2_url': 'https://images4-a.ravelrycache.com/uploads/WeAreNomadicKnits/871283273/Stratosphere_10_medium2.jpg', 'small2_url': 'https://images4-f.ravelrycache.com/uploads/WeAreNomadicKnits/871283273/Stratosphere_10_small2.jpg', 'caption': None, 'caption_html': None, 'copyright_holder': None}, {'id': 114856274, 'sort_order': 7, 'user_id': 8024870, 'x_offset': 0, 'y_offset': -43, 'square_url': 'https://images4-g.ravelrycache.com/uploads/WeAreNomadicKnits/871283256/Stratosphere_3_square.jpg', 'medium_url': 'https://images4-f.ravelrycache.com/uploads/WeAreNomadicKnits/871283256/Stratosphere_3_medium.jpg', 'thumbnail_url': 'https://images4-g.ravelrycache.com/uploads/WeAreNomadicKnits/871283256/Stratosphere_3_thumbnail.jpg', 'small_url': 'https://images4-g.ravelrycache.com/uploads/WeAreNomadicKnits/871283256/Stratosphere_3_small_best_fit.jpg', 'flickr_url': None, 'shelved_url': 'https://images4-g.ravelrycache.com/uploads/WeAreNomadicKnits/871283256/Stratosphere_3_shelved.jpg', 'medium2_url': 'https://images4-a.ravelrycache.com/uploads/WeAreNomadicKnits/871283256/Stratosphere_3_medium2.jpg', 'small2_url': 'https://images4-g.ravelrycache.com/uploads/WeAreNomadicKnits/871283256/Stratosphere_3_small2.jpg', 'caption': None, 'caption_html': None, 'copyright_holder': None}, {'id': 114856275, 'sort_order': 8, 'user_id': 8024870, 'x_offset': -43, 'y_offset': 0, 'square_url': 'https://images4-g.ravelrycache.com/uploads/WeAreNomadicKnits/871283255/Stratosphere_11_square.jpg', 'medium_url': 'https://images4-f.ravelrycache.com/uploads/WeAreNomadicKnits/871283255/Stratosphere_11_medium.jpg', 'thumbnail_url': 'https://images4-g.ravelrycache.com/uploads/WeAreNomadicKnits/871283255/Stratosphere_11_thumbnail.jpg', 'small_url': 'https://images4-f.ravelrycache.com/uploads/WeAreNomadicKnits/871283255/Stratosphere_11_small_best_fit.jpg', 'flickr_url': None, 'shelved_url': 'https://images4-g.ravelrycache.com/uploads/WeAreNomadicKnits/871283255/Stratosphere_11_shelved.jpg', 'medium2_url': 'https://images4-a.ravelrycache.com/uploads/WeAreNomadicKnits/871283255/Stratosphere_11_medium2.jpg', 'small2_url': 'https://images4-g.ravelrycache.com/uploads/WeAreNomadicKnits/871283255/Stratosphere_11_small2.jpg', 'caption': None, 'caption_html': None, 'copyright_holder': None}, {'id': 114856276, 'sort_order': 9, 'user_id': 8024870, 'x_offset': 0, 'y_offset': -13, 'square_url': 'https://images4-f.ravelrycache.com/uploads/WeAreNomadicKnits/871283261/Stratosphere_square.jpg', 'medium_url': 'https://images4-g.ravelrycache.com/uploads/WeAreNomadicKnits/871283261/Stratosphere_medium.jpg', 'thumbnail_url': 'https://images4-f.ravelrycache.com/uploads/WeAreNomadicKnits/871283261/Stratosphere_thumbnail.jpg', 'small_url': 'https://images4-g.ravelrycache.com/uploads/WeAreNomadicKnits/871283261/Stratosphere_small_best_fit.jpg', 'flickr_url': None, 'shelved_url': 'https://images4-g.ravelrycache.com/uploads/WeAreNomadicKnits/871283261/Stratosphere_shelved.jpg', 'medium2_url': 'https://images4-a.ravelrycache.com/uploads/WeAreNomadicKnits/871283261/Stratosphere_medium2.jpg', 'small2_url': 'https://images4-f.ravelrycache.com/uploads/WeAreNomadicKnits/871283261/Stratosphere_small2.jpg', 'caption': None, 'caption_html': None, 'copyright_holder': None}, {'id': 114856277, 'sort_order': 10, 'user_id': 8024870, 'x_offset': 0, 'y_offset': -43, 'square_url': 'https://images4-g.ravelrycache.com/uploads/WeAreNomadicKnits/871283259/Stratosphere_4_square.jpg', 'medium_url': 'https://images4-f.ravelrycache.com/uploads/WeAreNomadicKnits/871283259/Stratosphere_4_medium.jpg', 'thumbnail_url': 'https://images4-g.ravelrycache.com/uploads/WeAreNomadicKnits/871283259/Stratosphere_4_thumbnail.jpg', 'small_url': 'https://images4-f.ravelrycache.com/uploads/WeAreNomadicKnits/871283259/Stratosphere_4_small_best_fit.jpg', 'flickr_url': None, 'shelved_url': 'https://images4-g.ravelrycache.com/uploads/WeAreNomadicKnits/871283259/Stratosphere_4_shelved.jpg', 'medium2_url': 'https://images4-a.ravelrycache.com/uploads/WeAreNomadicKnits/871283259/Stratosphere_4_medium2.jpg', 'small2_url': 'https://images4-g.ravelrycache.com/uploads/WeAreNomadicKnits/871283259/Stratosphere_4_small2.jpg', 'caption': None, 'caption_html': None, 'copyright_holder': None}, {'id': 114856278, 'sort_order': 11, 'user_id': 8024870, 'x_offset': 0, 'y_offset': 0, 'square_url': 'https://images4-f.ravelrycache.com/uploads/WeAreNomadicKnits/871609817/Stratosphere_Ill_square.png', 'medium_url': 'https://images4-g.ravelrycache.com/uploads/WeAreNomadicKnits/871609817/Stratosphere_Ill_medium.png', 'thumbnail_url': 'https://images4-g.ravelrycache.com/uploads/WeAreNomadicKnits/871609817/Stratosphere_Ill_thumbnail.png', 'small_url': 'https://images4-f.ravelrycache.com/uploads/WeAreNomadicKnits/871609817/Stratosphere_Ill_small_best_fit.png', 'flickr_url': None, 'shelved_url': 'https://images4-g.ravelrycache.com/uploads/WeAreNomadicKnits/871609817/Stratosphere_Ill_shelved.png', 'medium2_url': 'https://images4-a.ravelrycache.com/uploads/WeAreNomadicKnits/871609817/Stratosphere_Ill_medium2.png', 'small2_url': 'https://images4-f.ravelrycache.com/uploads/WeAreNomadicKnits/871609817/Stratosphere_Ill_small2.png', 'caption': None, 'caption_html': None, 'copyright_holder': None}]"
Lille Diva,Carrie Rasmussen,1264970,https://www.ravelry.com/patterns/library/lille-diva,True,https://images4-a.ravelrycache.com/uploads/SanneB/871730854/CR_LilleDiva01_medium2.jpg,Knitting,"['child', 'teen', 'raglan-sleeve', 'seamless', 'top-down', 'written-pattern', 'in-the-round']",17.0,0.0,True,4.0,Stockinette,child,Fingering,5,0.0,4 (6) 8 (10) 12 (14) years,"[{'id': 114870360, 'sort_order': 1, 'user_id': 39290, 'x_offset': -35, 'y_offset': -5, 'square_url': 'https://images4-g.ravelrycache.com/uploads/SanneB/871730854/CR_LilleDiva01_square.jpg', 'medium_url': 'https://images4-f.ravelrycache.com/uploads/SanneB/871730854/CR_LilleDiva01_medium.jpg', 'thumbnail_url': 'https://images4-g.ravelrycache.com/uploads/SanneB/871730854/CR_LilleDiva01_thumbnail.jpg', 'small_url': 'https://images4-g.ravelrycache.com/uploads/SanneB/871730854/CR_LilleDiva01_small.jpg', 'flickr_url': None, 'shelved_url': 'https://images4-g.ravelrycache.com/uploads/SanneB/871730854/CR_LilleDiva01_shelved.jpg', 'medium2_url': 'https://images4-a.ravelrycache.com/uploads/SanneB/871730854/CR_LilleDiva01_medium2.jpg', 'small2_url': 'https://images4-g.ravelrycache.com/uploads/SanneB/871730854/CR_LilleDiva01_small2.jpg', 'caption': None, 'caption_html': None, 'copyright_holder': 'Filcolana'}, {'id': 114870361, 'sort_order': 2, 'user_id': 39290, 'x_offset': -35, 'y_offset': -5, 'square_url': 'https://images4-f.ravelrycache.com/uploads/SanneB/871730853/CR_LilleDiva03_square.jpg', 'medium_url': 'https://images4-g.ravelrycache.com/uploads/SanneB/871730853/CR_LilleDiva03_medium.jpg', 'thumbnail_url': 'https://images4-f.ravelrycache.com/uploads/SanneB/871730853/CR_LilleDiva03_thumbnail.jpg', 'small_url': 'https://images4-g.ravelrycache.com/uploads/SanneB/871730853/CR_LilleDiva03_small.jpg', 'flickr_url': None, 'shelved_url': 'https://images4-g.ravelrycache.com/uploads/SanneB/871730853/CR_LilleDiva03_shelved.jpg', 'medium2_url': 'https://images4-a.ravelrycache.com/uploads/SanneB/871730853/CR_LilleDiva03_medium2.jpg', 'small2_url': 'https://images4-f.ravelrycache.com/uploads/SanneB/871730853/CR_LilleDiva03_small2.jpg', 'caption': None, 'caption_html': None, 'copyright_holder': 'Filcolana'}, {'id': 114870362, 'sort_order': 3, 'user_id': 39290, 'x_offset': -35, 'y_offset': -5, 'square_url': 'https://images4-g.ravelrycache.com/uploads/SanneB/871730852/CR_LilleDiva02_square.jpg', 'medium_url': 'https://images4-f.ravelrycache.com/uploads/SanneB/871730852/CR_LilleDiva02_medium.jpg', 'thumbnail_url': 'https://images4-f.ravelrycache.com/uploads/SanneB/871730852/CR_LilleDiva02_thumbnail.jpg', 'small_url': 'https://images4-g.ravelrycache.com/uploads/SanneB/871730852/CR_LilleDiva02_small.jpg', 'flickr_url': None, 'shelved_url': 'https://images4-g.ravelrycache.com/uploads/SanneB/871730852/CR_LilleDiva02_shelved.jpg', 'medium2_url': 'https://images4-a.ravelrycache.com/uploads/SanneB/871730852/CR_LilleDiva02_medium2.jpg', 'small2_url': 'https://images4-g.ravelrycache.com/uploads/SanneB/871730852/CR_LilleDiva02_small2.jpg', 'caption': None, 'caption_html': None, 'copyright_holder': 'Filcolana'}, {'id': 114870363, 'sort_order': 4, 'user_id': 39290, 'x_offset': -35, 'y_offset': -5, 'square_url': 'https://images4-f.ravelrycache.com/uploads/SanneB/871730855/CR_LilleDiva04_square.jpg', 'medium_url': 'https://images4-g.ravelrycache.com/uploads/SanneB/871730855/CR_LilleDiva04_medium.jpg', 'thumbnail_url': 'https://images4-g.ravelrycache.com/uploads/SanneB/871730855/CR_LilleDiva04_thumbnail.jpg', 'small_url': 'https://images4-f.ravelrycache.com/uploads/SanneB/871730855/CR_LilleDiva04_small.jpg', 'flickr_url': None, 'shelved_url': 'https://images4-f.ravelrycache.com/uploads/SanneB/871730855/CR_LilleDiva04_shelved.jpg', 'medium2_url': 'https://images4-a.ravelrycache.com/uploads/SanneB/871730855/CR_LilleDiva04_medium2.jpg', 'small2_url': 'https://images4-f.ravelrycache.com/uploads/SanneB/871730855/CR_LilleDiva04_small2.jpg', 'caption': None, 'caption_html': None, 'copyright_holder': 'Filcolana'}]"
Miles,Sanne Fjalland,1265000,https://www.ravelry.com/patterns/library/miles-5,True,https://images4-a.ravelrycache.com/uploads/SanneB/871744729/SF_Miles02_medium2.jpg,Knitting,"['adult', 'bottom-up', 'written-pattern', 'worked-flat', 'in-the-round', 'stripes-colorwork']",26.0,0.0,True,4.0,Stockinette,pullover,Lace,20,0.0,S (M) L (XL),"[{'id': 114872137, 'sort_order': 1, 'user_id': 39290, 'x_offset': -57, 'y_offset': -9, 'square_url': 'https://images4-f.ravelrycache.com/uploads/SanneB/871744729/SF_Miles02_square.jpg', 'medium_url': 'https://images4-g.ravelrycache.com/uploads/SanneB/871744729/SF_Miles02_medium.jpg', 'thumbnail_url': 'https://images4-f.ravelrycache.com/uploads/SanneB/871744729/SF_Miles02_thumbnail.jpg', 'small_url': 'https://images4-g.ravelrycache.com/uploads/SanneB/871744729/SF_Miles02_small.jpg', 'flickr_url': None, 'shelved_url': 'https://images4-g.ravelrycache.com/uploads/SanneB/871744729/SF_Miles02_shelved.jpg', 'medium2_url': 'https://images4-a.ravelrycache.com/uploads/SanneB/871744729/SF_Miles02_medium2.jpg', 'small2_url': 'https://images4-f.ravelrycache.com/uploads/SanneB/871744729/SF_Miles02_small2.jpg', 'caption': None, 'caption_html': None, 'copyright_holder': 'Filcolana'}, {'id': 114872138, 'sort_order': 2, 'user_id': 39290, 'x_offset': -35, 'y_offset': -5, 'square_url': 'https://images4-g.ravelrycache.com/uploads/SanneB/871744730/SF_Miles03_square.jpg', 'medium_url': 'https://images4-f.ravelrycache.com/uploads/SanneB/871744730/SF_Miles03_medium.jpg', 'thumbnail_url': 'https://images4-g.ravelrycache.com/uploads/SanneB/871744730/SF_Miles03_thumbnail.jpg', 'small_url': 'https://images4-g.ravelrycache.com/uploads/SanneB/871744730/SF_Miles03_small.jpg', 'flickr_url': None, 'shelved_url': 'https://images4-f.ravelrycache.com/uploads/SanneB/871744730/SF_Miles03_shelved.jpg', 'medium2_url': 'https://images4-a.ravelrycache.com/uploads/SanneB/871744730/SF_Miles03_medium2.jpg', 'small2_url': 'https://images4-g.ravelrycache.com/uploads/SanneB/871744730/SF_Miles03_small2.jpg', 'caption': None, 'caption_html': None, 'copyright_holder': 'Filcolana'}, {'id': 114872139, 'sort_order': 3, 'user_id': 39290, 'x_offset': -68, 'y_offset': -11, 'square_url': 'https://images4-f.ravelrycache.com/uploads/SanneB/871744732/SF_Miles01_square.jpg', 'medium_url': 'https://images4-g.ravelrycache.com/uploads/SanneB/871744732/SF_Miles01_medium.jpg', 'thumbnail_url': 'https://images4-f.ravelrycache.com/uploads/SanneB/871744732/SF_Miles01_thumbnail.jpg', 'small_url': 'https://images4-f.ravelrycache.com/uploads/SanneB/871744732/SF_Miles01_small.jpg', 'flickr_url': None, 'shelved_url': 'https://images4-f.ravelrycache.com/uploads/SanneB/871744732/SF_Miles01_shelved.jpg', 'medium2_url': 'https://images4-a.ravelrycache.com/uploads/SanneB/871744732/SF_Miles01_medium2.jpg', 'small2_url': 'https://images4-f.ravelrycache.com/uploads/SanneB/871744732/SF_Miles01_small2.jpg', 'caption': None, 'caption_html': None, 'copyright_holder': 'Filcolana'}, {'id': 114872140, 'sort_order': 4, 'user_id': 39290, 'x_offset': -35, 'y_offset': -5, 'square_url': 'https://images4-g.ravelrycache.com/uploads/SanneB/871744731/SF_Miles04_square.jpg', 'medium_url': 'https://images4-f.ravelrycache.com/uploads/SanneB/871744731/SF_Miles04_medium.jpg', 'thumbnail_url': 'https://images4-f.ravelrycache.com/uploads/SanneB/871744731/SF_Miles04_thumbnail.jpg', 'small_url': 'https://images4-g.ravelrycache.com/uploads/SanneB/871744731/SF_Miles04_small.jpg', 'flickr_url': None, 'shelved_url': 'https://images4-f.ravelrycache.com/uploads/SanneB/871744731/SF_Miles04_shelved.jpg', 'medium2_url': 'https://images4-a.ravelrycache.com/uploads/SanneB/871744731/SF_Miles04_medium2.jpg', 'small2_url': 'https://images4-g.ravelrycache.com/uploads/SanneB/871744731/SF_Miles04_small2.jpg', 'caption': None, 'caption_html': None, 'copyright_holder': 'Filcolana'}]"
Night And Day,Katja Dyrberg // Popknit,1265031,https://www.ravelry.com/patterns/library/night-and-day-4,True,https://images4-a.ravelrycache.com/uploads/SanneB/871763109/KD_NightandDay01_medium2.jpg,Knitting,"['adult', 'raglan-sleeve', 'stranded', 'seamless', 'top-down', 'chart', 'written-pattern', 'in-the-round']",21.0,0.0,True,4.0,Stockinette,pullover,Fingering,13,4.0,S (M) L (XL),"[{'id': 114874440, 'sort_order': 1, 'user_id': 39290, 'x_offset': -47, 'y_offset': -5, 'square_url': 'https://images4-f.ravelrycache.com/uploads/SanneB/871763109/KD_NightandDay01_square.jpg', 'medium_url': 'https://images4-g.ravelrycache.com/uploads/SanneB/871763109/KD_NightandDay01_medium.jpg', 'thumbnail_url': 'https://images4-g.ravelrycache.com/uploads/SanneB/871763109/KD_NightandDay01_thumbnail.jpg', 'small_url': 'https://images4-f.ravelrycache.com/uploads/SanneB/871763109/KD_NightandDay01_small.jpg', 'flickr_url': None, 'shelved_url': 'https://images4-g.ravelrycache.com/uploads/SanneB/871763109/KD_NightandDay01_shelved.jpg', 'medium2_url': 'https://images4-a.ravelrycache.com/uploads/SanneB/871763109/KD_NightandDay01_medium2.jpg', 'small2_url': 'https://images4-f.ravelrycache.com/uploads/SanneB/871763109/KD_NightandDay01_small2.jpg', 'caption': None, 'caption_html': None, 'copyright_holder': 'Filcolana'}, {'id': 114874441, 'sort_order': 2, 'user_id': 39290, 'x_offset': -35, 'y_offset': -5, 'square_url': 'https://images4-f.ravelrycache.com/uploads/SanneB/871763107/KD_NightandDay02_square.jpg', 'medium_url': 'https://images4-g.ravelrycache.com/uploads/SanneB/871763107/KD_NightandDay02_medium.jpg', 'thumbnail_url': 'https://images4-f.ravelrycache.com/uploads/SanneB/871763107/KD_NightandDay02_thumbnail.jpg', 'small_url': 'https://images4-f.ravelrycache.com/uploads/SanneB/871763107/KD_NightandDay02_small.jpg', 'flickr_url': None, 'shelved_url': 'https://images4-g.ravelrycache.com/uploads/SanneB/871763107/KD_NightandDay02_shelved.jpg', 'medium2_url': 'https://images4-a.ravelrycache.com/uploads/SanneB/871763107/KD_NightandDay02_medium2.jpg', 'small2_url': 'https://images4-f.ravelrycache.com/uploads/SanneB/871763107/KD_NightandDay02_small2.jpg', 'caption': None, 'caption_html': None, 'copyright_holder': 'Filcolana'}, {'id': 114874442, 'sort_order': 3, 'user_id': 39290, 'x_offset': -35, 'y_offset': -5, 'square_url': 'https://images4-f.ravelrycache.com/uploads/SanneB/871763106/KD_NightandDay04_square.jpg', 'medium_url': 'https://images4-g.ravelrycache.com/uploads/SanneB/871763106/KD_NightandDay04_medium.jpg', 'thumbnail_url': 'https://images4-f.ravelrycache.com/uploads/SanneB/871763106/KD_NightandDay04_thumbnail.jpg', 'small_url': 'https://images4-g.ravelrycache.com/uploads/SanneB/871763106/KD_NightandDay04_small.jpg', 'flickr_url': None, 'shelved_url': 'https://images4-f.ravelrycache.com/uploads/SanneB/871763106/KD_NightandDay04_shelved.jpg', 'medium2_url': 'https://images4-a.ravelrycache.com/uploads/SanneB/871763106/KD_NightandDay04_medium2.jpg', 'small2_url': 'https://images4-f.ravelrycache.com/uploads/SanneB/871763106/KD_NightandDay04_small2.jpg', 'caption': None, 'caption_html': None, 'copyright_holder': 'Filcolana'}, {'id': 114874443, 'sort_order': 4, 'user_id': 39290, 'x_offset': -35, 'y_offset': -5, 'square_url': 'https://images4-f.ravelrycache.com/uploads/SanneB/871763108/KD_NightandDay03_square.jpg', 'medium_url': 'https://images4-g.ravelrycache.com/uploads/SanneB/871763108/KD_NightandDay03_medium.jpg', 'thumbnail_url': 'https://images4-g.ravelrycache.com/uploads/SanneB/871763108/KD_NightandDay03_thumbnail.jpg', 'small_url': 'https://images4-f.ravelrycache.com/uploads/SanneB/871763108/KD_NightandDay03_small.jpg', 'flickr_url': None, 'shelved_url': 'https://images4-g.ravelrycache.com/uploads/SanneB/871763108/KD_NightandDay03_shelved.jpg', 'medium2_url': 'https://images4-a.ravelrycache.com/uploads/SanneB/871763108/KD_NightandDay03_medium2.jpg', 'small2_url': 'https://images4-f.ravelrycache.com/uploads/SanneB/871763108/KD_NightandDay03_small2.jpg', 'caption': None, 'caption_html': None, 'copyright_holder': 'Filcolana'}]"
Basket Weave (NEW),Rachel Søgaard,1265039,https://www.ravelry.com/patterns/library/basket-weave-new,True,https://images4-a.ravelrycache.com/uploads/SanneB/871765781/RS_Basketweave01_medium2.jpg,Knitting,"['adult', 'textured', 'raglan-sleeve', 'seamless', 'bottom-up', 'chart', 'written-pattern', 'in-the-round', 'oversized', 'plus', 'fitted']",15.0,3.0,True,4.0,Stockinette,pullover,Aran,12,5.0,14 years (XS) S (M) L (XL) 2XL,"[{'id': 114874788, 'sort_order': 1, 'user_id': 39290, 'x_offset': -35, 'y_offset': -5, 'square_url': 'https://images4-g.ravelrycache.com/uploads/SanneB/871765781/RS_Basketweave01_square.jpg', 'medium_url': 'https://images4-f.ravelrycache.com/uploads/SanneB/871765781/RS_Basketweave01_medium.jpg', 'thumbnail_url': 'https://images4-f.ravelrycache.com/uploads/SanneB/871765781/RS_Basketweave01_thumbnail.jpg', 'small_url': 'https://images4-g.ravelrycache.com/uploads/SanneB/871765781/RS_Basketweave01_small.jpg', 'flickr_url': None, 'shelved_url': 'https://images4-g.ravelrycache.com/uploads/SanneB/871765781/RS_Basketweave01_shelved.jpg', 'medium2_url': 'https://images4-a.ravelrycache.com/uploads/SanneB/871765781/RS_Basketweave01_medium2.jpg', 'small2_url': 'https://images4-g.ravelrycache.com/uploads/SanneB/871765781/RS_Basketweave01_small2.jpg', 'caption': None, 'caption_html': None, 'copyright_holder': 'Filcolana'}, {'id': 114874789, 'sort_order': 2, 'user_id': 39290, 'x_offset': -35, 'y_offset': -5, 'square_url': 'https://images4-g.ravelrycache.com/uploads/SanneB/871765780/RS_Basketweave03_square.jpg', 'medium_url': 'https://images4-f.ravelrycache.com/uploads/SanneB/871765780/RS_Basketweave03_medium.jpg', 'thumbnail_url': 'https://images4-f.ravelrycache.com/uploads/SanneB/871765780/RS_Basketweave03_thumbnail.jpg', 'small_url': 'https://images4-g.ravelrycache.com/uploads/SanneB/871765780/RS_Basketweave03_small.jpg', 'flickr_url': None, 'shelved_url': 'https://images4-g.ravelrycache.com/uploads/SanneB/871765780/RS_Basketweave03_shelved.jpg', 'medium2_url': 'https://images4-a.ravelrycache.com/uploads/SanneB/871765780/RS_Basketweave03_medium2.jpg', 'small2_url': 'https://images4-g.ravelrycache.com/uploads/SanneB/871765780/RS_Basketweave03_small2.jpg', 'caption': None, 'caption_html': None, 'copyright_holder': 'Filcolana'}, {'id': 114874790, 'sort_order': 3, 'user_id': 39290, 'x_offset': -35, 'y_offset': -5, 'square_url': 'https://images4-g.ravelrycache.com/uploads/SanneB/871765778/RS_Basketweave04_square.jpg', 'medium_url': 'https://images4-f.ravelrycache.com/uploads/SanneB/871765778/RS_Basketweave04_medium.jpg', 'thumbnail_url': 'https://images4-g.ravelrycache.com/uploads/SanneB/871765778/RS_Basketweave04_thumbnail.jpg', 'small_url': 'https://images4-g.ravelrycache.com/uploads/SanneB/871765778/RS_Basketweave04_small.jpg', 'flickr_url': None, 'shelved_url': 'https://images4-f.ravelrycache.com/uploads/SanneB/871765778/RS_Basketweave04_shelved.jpg', 'medium2_url': 'https://images4-a.ravelrycache.com/uploads/SanneB/871765778/RS_Basketweave04_medium2.jpg', 'small2_url': 'https://images4-g.ravelrycache.com/uploads/SanneB/871765778/RS_Basketweave04_small2.jpg', 'caption': None, 'caption_html': None, 'copyright_holder': 'Filcolana'}, {'id': 114874791, 'sort_order': 4, 'user_id': 39290, 'x_offset': -35, 'y_offset': -5, 'square_url': 'https://images4-g.ravelrycache.com/uploads/SanneB/871765779/RS_Basketweave02_square.jpg', 'medium_url': 'https://images4-f.ravelrycache.com/uploads/SanneB/871765779/RS_Basketweave02_medium.jpg', 'thumbnail_url': 'https://images4-g.ravelrycache.com/uploads/SanneB/871765779/RS_Basketweave02_thumbnail.jpg', 'small_url': 'https://images4-f.ravelrycache.com/uploads/SanneB/871765779/RS_Basketweave02_small.jpg', 'flickr_url': None, 'shelved_url': 'https://images4-g.ravelrycache.com/uploads/SanneB/871765779/RS_Basketweave02_shelved.jpg', 'medium2_url': 'https://images4-a.ravelrycache.com/uploads/SanneB/871765779/RS_Basketweave02_medium2.jpg', 'small2_url': 'https://images4-g.ravelrycache.com/uploads/SanneB/871765779/RS_Basketweave02_small2.jpg', 'caption': None, 'caption_html': None, 'copyright_holder': 'Filcolana'}]"
Audrey,Nanna Gudmand-Høyer,1265045,https://www.ravelry.com/patterns/library/audrey-48,True,https://images4-a.ravelrycache.com/uploads/SanneB/871767700/NGH_audrey02_medium2.jpg,Knitting,"['adult', 'short-rows', 'bottom-up', 'written-pattern', 'worked-flat', 'in-the-round']",14.0,0.0,True,4.0,Stockinette,pullover,Light Fingering,6,0.0,S (M) L (XL),"[{'id': 114875044, 'sort_order': 1, 'user_id': 39290, 'x_offset': -35, 'y_offset': -5, 'square_url': 'https://images4-g.ravelrycache.com/uploads/SanneB/871767700/NGH_audrey02_square.jpg', 'medium_url': 'https://images4-f.ravelrycache.com/uploads/SanneB/871767700/NGH_audrey02_medium.jpg', 'thumbnail_url': 'https://images4-f.ravelrycache.com/uploads/SanneB/871767700/NGH_audrey02_thumbnail.jpg', 'small_url': 'https://images4-f.ravelrycache.com/uploads/SanneB/871767700/NGH_audrey02_small.jpg', 'flickr_url': None, 'shelved_url': 'https://images4-f.ravelrycache.com/uploads/SanneB/871767700/NGH_audrey02_shelved.jpg', 'medium2_url': 'https://images4-a.ravelrycache.com/uploads/SanneB/871767700/NGH_audrey02_medium2.jpg', 'small2_url': 'https://images4-g.ravelrycache.com/uploads/SanneB/871767700/NGH_audrey02_small2.jpg', 'caption': None, 'caption_html': None, 'copyright_holder': 'Filcolana'}, {'id': 114875045, 'sort_order': 2, 'user_id': 39290, 'x_offset': -35, 'y_offset': -5, 'square_url': 'https://images4-f.ravelrycache.com/uploads/SanneB/871767697/NGH_audrey04_square.jpg', 'medium_url': 'https://images4-g.ravelrycache.com/uploads/SanneB/871767697/NGH_audrey04_medium.jpg', 'thumbnail_url': 'https://images4-f.ravelrycache.com/uploads/SanneB/871767697/NGH_audrey04_thumbnail.jpg', 'small_url': 'https://images4-g.ravelrycache.com/uploads/SanneB/871767697/NGH_audrey04_small.jpg', 'flickr_url': None, 'shelved_url': 'https://images4-g.ravelrycache.com/uploads/SanneB/871767697/NGH_audrey04_shelved.jpg', 'medium2_url': 'https://images4-a.ravelrycache.com/uploads/SanneB/871767697/NGH_audrey04_medium2.jpg', 'small2_url': 'https://images4-f.ravelrycache.com/uploads/SanneB/871767697/NGH_audrey04_small2.jpg', 'caption': None, 'caption_html': None, 'copyright_holder': 'Filcolana'}, {'id': 114875046, 'sort_order': 3, 'user_id': 39290, 'x_offset': -35, 'y_offset': -5, 'square_url': 'https://images4-g.ravelrycache.com/uploads/SanneB/871767699/NGH_audrey03_square.jpg', 'medium_url': 'https://images4-f.ravelrycache.com/uploads/SanneB/871767699/NGH_audrey03_medium.jpg', 'thumbnail_url': 'https://images4-f.ravelrycache.com/uploads/SanneB/871767699/NGH_audrey03_thumbnail.jpg', 'small_url': 'https://images4-f.ravelrycache.com/uploads/SanneB/871767699/NGH_audrey03_small.jpg', 'flickr_url': None, 'shelved_url': 'https://images4-f.ravelrycache.com/uploads/SanneB/871767699/NGH_audrey03_shelved.jpg', 'medium2_url': 'https://images4-a.ravelrycache.com/uploads/SanneB/871767699/NGH_audrey03_medium2.jpg', 'small2_url': 'https://images4-g.ravelrycache.com/uploads/SanneB/871767699/NGH_audrey03_small2.jpg', 'caption': None, 'caption_html': None, 'copyright_holder': 'Filcolana'}, {'id': 114875047, 'sort_order': 4, 'user_id': 39290, 'x_offset': -35, 'y_offset': -5, 'square_url': 'https://images4-f.ravelrycache.com/uploads/SanneB/871767698/NGH_audrey01_square.jpg', 'medium_url': 'https://images4-g.ravelrycache.com/uploads/SanneB/871767698/NGH_audrey01_medium.jpg', 'thumbnail_url': 'https://images4-f.ravelrycache.com/uploads/SanneB/871767698/NGH_audrey01_thumbnail.jpg', 'small_url': 'https://images4-g.ravelrycache.com/uploads/SanneB/871767698/NGH_audrey01_small.jpg', 'flickr_url': None, 'shelved_url': 'https://images4-f.ravelrycache.com/uploads/SanneB/871767698/NGH_audrey01_shelved.jpg', 'medium2_url': 'https://images4-a.ravelrycache.com/uploads/SanneB/871767698/NGH_audrey01_medium2.jpg', 'small2_url': 'https://images4-f.ravelrycache.com/uploads/SanneB/871767698/NGH_audrey01_small2.jpg', 'caption': None, 'caption_html': None, 'copyright_holder': 'Filcolana'}]"
London,June Thomsen,1265048,https://www.ravelry.com/patterns/library/london-8,True,https://images4-a.ravelrycache.com/uploads/SanneB/871768807/JT_London01_medium2.jpg,Knitting,"['adult', 'set-in-sleeve', 'ruffles', 'bottom-up', 'written-pattern', 'puffed-sleeve', 'worked-flat', 'in-the-round']",20.0,0.0,True,4.0,pattern,pullover,Lace,6,0.0,XS (S) M (L) XL (2XL) 3XL,"[{'id': 114875176, 'sort_order': 1, 'user_id': 39290, 'x_offset': -35, 'y_offset': -5, 'square_url': 'https://images4-f.ravelrycache.com/uploads/SanneB/871768807/JT_London01_square.jpg', 'medium_url': 'https://images4-g.ravelrycache.com/uploads/SanneB/871768807/JT_London01_medium.jpg', 'thumbnail_url': 'https://images4-f.ravelrycache.com/uploads/SanneB/871768807/JT_London01_thumbnail.jpg', 'small_url': 'https://images4-g.ravelrycache.com/uploads/SanneB/871768807/JT_London01_small.jpg', 'flickr_url': None, 'shelved_url': 'https://images4-g.ravelrycache.com/uploads/SanneB/871768807/JT_London01_shelved.jpg', 'medium2_url': 'https://images4-a.ravelrycache.com/uploads/SanneB/871768807/JT_London01_medium2.jpg', 'small2_url': 'https://images4-f.ravelrycache.com/uploads/SanneB/871768807/JT_London01_small2.jpg', 'caption': None, 'caption_html': None, 'copyright_holder': 'Filcolana'}, {'id': 114875177, 'sort_order': 2, 'user_id': 39290, 'x_offset': -35, 'y_offset': -5, 'square_url': 'https://images4-f.ravelrycache.com/uploads/SanneB/871768806/JT_London03_square.jpg', 'medium_url': 'https://images4-g.ravelrycache.com/uploads/SanneB/871768806/JT_London03_medium.jpg', 'thumbnail_url': 'https://images4-f.ravelrycache.com/uploads/SanneB/871768806/JT_London03_thumbnail.jpg', 'small_url': 'https://images4-f.ravelrycache.com/uploads/SanneB/871768806/JT_London03_small.jpg', 'flickr_url': None, 'shelved_url': 'https://images4-f.ravelrycache.com/uploads/SanneB/871768806/JT_London03_shelved.jpg', 'medium2_url': 'https://images4-a.ravelrycache.com/uploads/SanneB/871768806/JT_London03_medium2.jpg', 'small2_url': 'https://images4-f.ravelrycache.com/uploads/SanneB/871768806/JT_London03_small2.jpg', 'caption': None, 'caption_html': None, 'copyright_holder': 'Filcolana'}, {'id': 114875178, 'sort_order': 3, 'user_id': 39290, 'x_offset': -35, 'y_offset': -5, 'square_url': 'https://images4-g.ravelrycache.com/uploads/SanneB/871768809/JT_London04_square.jpg', 'medium_url': 'https://images4-f.ravelrycache.com/uploads/SanneB/871768809/JT_London04_medium.jpg', 'thumbnail_url': 'https://images4-g.ravelrycache.com/uploads/SanneB/871768809/JT_London04_thumbnail.jpg', 'small_url': 'https://images4-f.ravelrycache.com/uploads/SanneB/871768809/JT_London04_small.jpg', 'flickr_url': None, 'shelved_url': 'https://images4-f.ravelrycache.com/uploads/SanneB/871768809/JT_London04_shelved.jpg', 'medium2_url': 'https://images4-a.ravelrycache.com/uploads/SanneB/871768809/JT_London04_medium2.jpg', 'small2_url': 'https://images4-g.ravelrycache.com/uploads/SanneB/871768809/JT_London04_small2.jpg', 'caption': None, 'caption_html': None, 'copyright_holder': 'Filcolana'}, {'id': 114875179, 'sort_order': 4, 'user_id': 39290, 'x_offset': -35, 'y_offset': -5, 'square_url': 'https://images4-g.ravelrycache.com/uploads/SanneB/871768810/JT_London02_square.jpg', 'medium_url': 'https://images4-f.ravelrycache.com/uploads/SanneB/871768810/JT_London02_medium.jpg', 'thumbnail_url': 'https://images4-g.ravelrycache.com/uploads/SanneB/871768810/JT_London02_thumbnail.jpg', 'small_url': 'https://images4-g.ravelrycache.com/uploads/SanneB/871768810/JT_London02_small.jpg', 'flickr_url': None, 'shelved_url': 'https://images4-f.ravelrycache.com/uploads/SanneB/871768810/JT_London02_shelved.jpg', 'medium2_url': 'https://images4-a.ravelrycache.com/uploads/SanneB/871768810/JT_London02_medium2.jpg', 'small2_url': 'https://images4-g.ravelrycache.com/uploads/SanneB/871768810/JT_London02_small2.jpg', 'caption': None, 'caption_html': None, 'copyright_holder': 'Filcolana'}]"
Feeling Good,Ditte Lerche,1265056,https://www.ravelry.com/patterns/library/feeling-good-2,True,https://images4-a.ravelrycache.com/uploads/SanneB/871772869/DL_FeelingGood_01_medium2.jpg,Knitting,"['adult', 'oversized', 'bobble-or-popcorn', 'ribbed', 'top-down', 'written-pattern', 'worked-flat', 'in-the-round']",12.0,2.3333333333333335,True,4.0,pattern,pullover,Bulky,12,3.75,XS (S) M (L) XL,"[{'id': 114875667, 'sort_order': 1, 'user_id': 39290, 'x_offset': -35, 'y_offset': -5, 'square_url': 'https://images4-g.ravelrycache.com/uploads/SanneB/871772869/DL_FeelingGood_01_square.jpg', 'medium_url': 'https://images4-f.ravelrycache.com/uploads/SanneB/871772869/DL_FeelingGood_01_medium.jpg', 'thumbnail_url': 'https://images4-f.ravelrycache.com/uploads/SanneB/871772869/DL_FeelingGood_01_thumbnail.jpg', 'small_url': 'https://images4-g.ravelrycache.com/uploads/SanneB/871772869/DL_FeelingGood_01_small.jpg', 'flickr_url': None, 'shelved_url': 'https://images4-f.ravelrycache.com/uploads/SanneB/871772869/DL_FeelingGood_01_shelved.jpg', 'medium2_url': 'https://images4-a.ravelrycache.com/uploads/SanneB/871772869/DL_FeelingGood_01_medium2.jpg', 'small2_url': 'https://images4-g.ravelrycache.com/uploads/SanneB/871772869/DL_FeelingGood_01_small2.jpg', 'caption': None, 'caption_html': None, 'copyright_holder': 'Filcolana'}, {'id': 114875668, 'sort_order': 2, 'user_id': 39290, 'x_offset': -35, 'y_offset': -5, 'square_url': 'https://images4-g.ravelrycache.com/uploads/SanneB/871772871/DL_FeelingGood_03_square.jpg', 'medium_url': 'https://images4-f.ravelrycache.com/uploads/SanneB/871772871/DL_FeelingGood_03_medium.jpg', 'thumbnail_url': 'https://images4-g.ravelrycache.com/uploads/SanneB/871772871/DL_FeelingGood_03_thumbnail.jpg', 'small_url': 'https://images4-g.ravelrycache.com/uploads/SanneB/871772871/DL_FeelingGood_03_small.jpg', 'flickr_url': None, 'shelved_url': 'https://images4-g.ravelrycache.com/uploads/SanneB/871772871/DL_FeelingGood_03_shelved.jpg', 'medium2_url': 'https://images4-a.ravelrycache.com/uploads/SanneB/871772871/DL_FeelingGood_03_medium2.jpg', 'small2_url': 'https://images4-g.ravelrycache.com/uploads/SanneB/871772871/DL_FeelingGood_03_small2.jpg', 'caption': None, 'caption_html': None, 'copyright_holder': 'Filcolana'}, {'id': 114875669, 'sort_order': 3, 'user_id': 39290, 'x_offset': -35, 'y_offset': -5, 'square_url': 'https://images4-g.ravelrycache.com/uploads/SanneB/871772868/DL_FeelingGood_02_square.jpg', 'medium_url': 'https://images4-f.ravelrycache.com/uploads/SanneB/871772868/DL_FeelingGood_02_medium.jpg', 'thumbnail_url': 'https://images4-g.ravelrycache.com/uploads/SanneB/871772868/DL_FeelingGood_02_thumbnail.jpg', 'small_url': 'https://images4-f.ravelrycache.com/uploads/SanneB/871772868/DL_FeelingGood_02_small.jpg', 'flickr_url': None, 'shelved_url': 'https://images4-f.ravelrycache.com/uploads/SanneB/871772868/DL_FeelingGood_02_shelved.jpg', 'medium2_url': 'https://images4-a.ravelrycache.com/uploads/SanneB/871772868/DL_FeelingGood_02_medium2.jpg', 'small2_url': 'https://images4-g.ravelrycache.com/uploads/SanneB/871772868/DL_FeelingGood_02_small2.jpg', 'caption': None, 'caption_html': None, 'copyright_holder': 'Filcolana'}, {'id': 114875670, 'sort_order': 4, 'user_id': 39290, 'x_offset': -35, 'y_offset': -5, 'square_url': 'https://images4-g.ravelrycache.com/uploads/SanneB/871772870/DL_FeelingGood_04_square.jpg', 'medium_url': 'https://images4-f.ravelrycache.com/uploads/SanneB/871772870/DL_FeelingGood_04_medium.jpg', 'thumbnail_url': 'https://images4-f.ravelrycache.com/uploads/SanneB/871772870/DL_FeelingGood_04_thumbnail.jpg', 'small_url': 'https://images4-g.ravelrycache.com/uploads/SanneB/871772870/DL_FeelingGood_04_small.jpg', 'flickr_url': None, 'shelved_url': 'https://images4-f.ravelrycache.com/uploads/SanneB/871772870/DL_FeelingGood_04_shelved.jpg', 'medium2_url': 'https://images4-a.ravelrycache.com/uploads/SanneB/871772870/DL_FeelingGood_04_medium2.jpg', 'small2_url': 'https://images4-g.ravelrycache.com/uploads/SanneB/871772870/DL_FeelingGood_04_small2.jpg', 'caption': None, 'caption_html': None, 'copyright_holder': 'Filcolana'}]"
Diva,Carrie Rasmussen,1265057,https://www.ravelry.com/patterns/library/diva-11,True,https://images4-a.ravelrycache.com/uploads/SanneB/871773317/CR_Diva02_medium2.jpg,Knitting,"['adult', 'raglan-sleeve', 'seamless', 'top-down', 'written-pattern', 'puffed-sleeve', 'in-the-round']",16.0,0.0,True,4.0,Stockinette,pullover,Light Fingering,11,0.0,XS (S) M (L) XL,"[{'id': 114875730, 'sort_order': 1, 'user_id': 39290, 'x_offset': -69, 'y_offset': -5, 'square_url': 'https://images4-f.ravelrycache.com/uploads/SanneB/871773317/CR_Diva02_square.jpg', 'medium_url': 'https://images4-g.ravelrycache.com/uploads/SanneB/871773317/CR_Diva02_medium.jpg', 'thumbnail_url': 'https://images4-g.ravelrycache.com/uploads/SanneB/871773317/CR_Diva02_thumbnail.jpg', 'small_url': 'https://images4-g.ravelrycache.com/uploads/SanneB/871773317/CR_Diva02_small.jpg', 'flickr_url': None, 'shelved_url': 'https://images4-f.ravelrycache.com/uploads/SanneB/871773317/CR_Diva02_shelved.jpg', 'medium2_url': 'https://images4-a.ravelrycache.com/uploads/SanneB/871773317/CR_Diva02_medium2.jpg', 'small2_url': 'https://images4-f.ravelrycache.com/uploads/SanneB/871773317/CR_Diva02_small2.jpg', 'caption': None, 'caption_html': None, 'copyright_holder': 'Filcolana'}, {'id': 114875728, 'sort_order': 2, 'user_id': 39290, 'x_offset': -35, 'y_offset': -5, 'square_url': 'https://images4-g.ravelrycache.com/uploads/SanneB/871773321/CR_Diva01_square.jpg', 'medium_url': 'https://images4-f.ravelrycache.com/uploads/SanneB/871773321/CR_Diva01_medium.jpg', 'thumbnail_url': 'https://images4-g.ravelrycache.com/uploads/SanneB/871773321/CR_Diva01_thumbnail.jpg', 'small_url': 'https://images4-g.ravelrycache.com/uploads/SanneB/871773321/CR_Diva01_small.jpg', 'flickr_url': None, 'shelved_url': 'https://images4-f.ravelrycache.com/uploads/SanneB/871773321/CR_Diva01_shelved.jpg', 'medium2_url': 'https://images4-a.ravelrycache.com/uploads/SanneB/871773321/CR_Diva01_medium2.jpg', 'small2_url': 'https://images4-g.ravelrycache.com/uploads/SanneB/871773321/CR_Diva01_small2.jpg', 'caption': None, 'caption_html': None, 'copyright_holder': 'Filcolana'}, {'id': 114875729, 'sort_order': 3, 'user_id': 39290, 'x_offset': -35, 'y_offset': -5, 'square_url': 'https://images4-f.ravelrycache.com/uploads/SanneB/871773318/CR_Diva04_square.jpg', 'medium_url': 'https://images4-g.ravelrycache.com/uploads/SanneB/871773318/CR_Diva04_medium.jpg', 'thumbnail_url': 'https://images4-f.ravelrycache.com/uploads/SanneB/871773318/CR_Diva04_thumbnail.jpg', 'small_url': 'https://images4-f.ravelrycache.com/uploads/SanneB/871773318/CR_Diva04_small.jpg', 'flickr_url': None, 'shelved_url': 'https://images4-g.ravelrycache.com/uploads/SanneB/871773318/CR_Diva04_shelved.jpg', 'medium2_url': 'https://images4-a.ravelrycache.com/uploads/SanneB/871773318/CR_Diva04_medium2.jpg', 'small2_url': 'https://images4-f.ravelrycache.com/uploads/SanneB/871773318/CR_Diva04_small2.jpg', 'caption': None, 'caption_html': None, 'copyright_holder': 'Filcolana'}, {'id': 114875731, 'sort_order': 4, 'user_id': 39290, 'x_offset': -35, 'y_offset': -5, 'square_url': 'https://images4-f.ravelrycache.com/uploads/SanneB/871773319/CR_Diva03_square.jpg', 'medium_url': 'https://images4-g.ravelrycache.com/uploads/SanneB/871773319/CR_Diva03_medium.jpg', 'thumbnail_url': 'https://images4-f.ravelrycache.com/uploads/SanneB/871773319/CR_Diva03_thumbnail.jpg', 'small_url': 'https://images4-g.ravelrycache.com/uploads/SanneB/871773319/CR_Diva03_small.jpg', 'flickr_url': None, 'shelved_url': 'https://images4-g.ravelrycache.com/uploads/SanneB/871773319/CR_Diva03_shelved.jpg', 'medium2_url': 'https://images4-a.ravelrycache.com/uploads/SanneB/871773319/CR_Diva03_medium2.jpg', 'small2_url': 'https://images4-f.ravelrycache.com/uploads/SanneB/871773319/CR_Diva03_small2.jpg', 'caption': None, 'caption_html': None, 'copyright_holder': 'Filcolana'}]"
Wishbone Sweater,Caitlyn Turowski,1265283,https://www.ravelry.com/patterns/library/wishbone-sweater-2,False,https://images4-a.ravelrycache.com/uploads/wanderlustknitter/870592049/Wishbonesweater__9__medium2.JPG,Knitting,"['adult', 'eyelets', 'ribbed', 'circular-yoke', 'one-piece', 'seamless', 'short-rows', 'top-down', 'chart', 'written-pattern', 'in-the-round', 'slipped-stitches', 'provisional', 'schematic']",25.0,3.75,True,4.0," Garter stitch, Wishbone Chart, and Eyelet Ribbing Chart, worked in the round and blocked.",pullover,Fingering,17,5.0,"1 (2, 3, 4, 5, 6, 7, 8, 9, 10)","[{'id': 114892771, 'sort_order': 1, 'user_id': 74066, 'x_offset': -5, 'y_offset': -54, 'square_url': 'https://images4-f.ravelrycache.com/uploads/wanderlustknitter/870592049/Wishbonesweater__9__square.JPG', 'medium_url': 'https://images4-g.ravelrycache.com/uploads/wanderlustknitter/870592049/Wishbonesweater__9__medium.JPG', 'thumbnail_url': 'https://images4-f.ravelrycache.com/uploads/wanderlustknitter/870592049/Wishbonesweater__9__thumbnail.JPG', 'small_url': 'https://images4-g.ravelrycache.com/uploads/wanderlustknitter/870592049/Wishbonesweater__9__small.JPG', 'flickr_url': None, 'shelved_url': 'https://images4-f.ravelrycache.com/uploads/wanderlustknitter/870592049/Wishbonesweater__9__shelved.JPG', 'medium2_url': 'https://images4-a.ravelrycache.com/uploads/wanderlustknitter/870592049/Wishbonesweater__9__medium2.JPG', 'small2_url': 'https://images4-f.ravelrycache.com/uploads/wanderlustknitter/870592049/Wishbonesweater__9__small2.JPG', 'caption': None, 'caption_html': None, 'copyright_holder': None}, {'id': 114892772, 'sort_order': 2, 'user_id': 74066, 'x_offset': -5, 'y_offset': -35, 'square_url': 'https://images4-f.ravelrycache.com/uploads/wanderlustknitter/870592048/Wishbonesweater_square.JPG', 'medium_url': 'https://images4-g.ravelrycache.com/uploads/wanderlustknitter/870592048/Wishbonesweater_medium.JPG', 'thumbnail_url': 'https://images4-g.ravelrycache.com/uploads/wanderlustknitter/870592048/Wishbonesweater_thumbnail.JPG', 'small_url': 'https://images4-f.ravelrycache.com/uploads/wanderlustknitter/870592048/Wishbonesweater_small.JPG', 'flickr_url': None, 'shelved_url': 'https://images4-f.ravelrycache.com/uploads/wanderlustknitter/870592048/Wishbonesweater_shelved.JPG', 'medium2_url': 'https://images4-a.ravelrycache.com/uploads/wanderlustknitter/870592048/Wishbonesweater_medium2.JPG', 'small2_url': 'https://images4-f.ravelrycache.com/uploads/wanderlustknitter/870592048/Wishbonesweater_small2.JPG', 'caption': None, 'caption_html': None, 'copyright_holder': None}, {'id': 114892773, 'sort_order': 3, 'user_id': 74066, 'x_offset': -5, 'y_offset': -35, 'square_url': 'https://images4-f.ravelrycache.com/uploads/wanderlustknitter/870592056/COVERPHOTO_square.JPG', 'medium_url': 'https://images4-g.ravelrycache.com/uploads/wanderlustknitter/870592056/COVERPHOTO_medium.JPG', 'thumbnail_url': 'https://images4-f.ravelrycache.com/uploads/wanderlustknitter/870592056/COVERPHOTO_thumbnail.JPG', 'small_url': 'https://images4-f.ravelrycache.com/uploads/wanderlustknitter/870592056/COVERPHOTO_small.JPG', 'flickr_url': None, 'shelved_url': 'https://images4-g.ravelrycache.com/uploads/wanderlustknitter/870592056/COVERPHOTO_shelved.JPG', 'medium2_url': 'https://images4-a.ravelrycache.com/uploads/wanderlustknitter/870592056/COVERPHOTO_medium2.JPG', 'small2_url': 'https://images4-f.ravelrycache.com/uploads/wanderlustknitter/870592056/COVERPHOTO_small2.JPG', 'caption': None, 'caption_html': None, 'copyright_holder': None}, {'id': 114892774, 'sort_order': 4, 'user_id': 74066, 'x_offset': -1, 'y_offset': -48, 'square_url': 'https://images4-f.ravelrycache.com/uploads/wanderlustknitter/870592047/Wishbonesweater__5__square.JPG', 'medium_url': 'https://images4-g.ravelrycache.com/uploads/wanderlustknitter/870592047/Wishbonesweater__5__medium.JPG', 'thumbnail_url': 'https://images4-g.ravelrycache.com/uploads/wanderlustknitter/870592047/Wishbonesweater__5__thumbnail.JPG', 'small_url': 'https://images4-g.ravelrycache.com/uploads/wanderlustknitter/870592047/Wishbonesweater__5__small.JPG', 'flickr_url': None, 'shelved_url': 'https://images4-g.ravelrycache.com/uploads/wanderlustknitter/870592047/Wishbonesweater__5__shelved.JPG', 'medium2_url': 'https://images4-a.ravelrycache.com/uploads/wanderlustknitter/870592047/Wishbonesweater__5__medium2.JPG', 'small2_url': 'https://images4-f.ravelrycache.com/uploads/wanderlustknitter/870592047/Wishbonesweater__5__small2.JPG', 'caption': None, 'caption_html': None, 'copyright_holder': None}, {'id': 114892775, 'sort_order': 5, 'user_id': 74066, 'x_offset': -5, 'y_offset': -35, 'square_url': 'https://images4-g.ravelrycache.com/uploads/wanderlustknitter/870592060/Wishbonesweater__3__square.JPG', 'medium_url': 'https://images4-f.ravelrycache.com/uploads/wanderlustknitter/870592060/Wishbonesweater__3__medium.JPG', 'thumbnail_url': 'https://images4-g.ravelrycache.com/uploads/wanderlustknitter/870592060/Wishbonesweater__3__thumbnail.JPG', 'small_url': 'https://images4-f.ravelrycache.com/uploads/wanderlustknitter/870592060/Wishbonesweater__3__small.JPG', 'flickr_url': None, 'shelved_url': 'https://images4-g.ravelrycache.com/uploads/wanderlustknitter/870592060/Wishbonesweater__3__shelved.JPG', 'medium2_url': 'https://images4-a.ravelrycache.com/uploads/wanderlustknitter/870592060/Wishbonesweater__3__medium2.JPG', 'small2_url': 'https://images4-g.ravelrycache.com/uploads/wanderlustknitter/870592060/Wishbonesweater__3__small2.JPG', 'caption': None, 'caption_html': None, 'copyright_holder': None}, {'id': 114892776, 'sort_order': 6, 'user_id': 74066, 'x_offset': -5, 'y_offset': -43, 'square_url': 'https://images4-f.ravelrycache.com/uploads/wanderlustknitter/870592051/Wishbonesweater__10__square.JPG', 'medium_url': 'https://images4-g.ravelrycache.com/uploads/wanderlustknitter/870592051/Wishbonesweater__10__medium.JPG', 'thumbnail_url': 'https://images4-g.ravelrycache.com/uploads/wanderlustknitter/870592051/Wishbonesweater__10__thumbnail.JPG', 'small_url': 'https://images4-f.ravelrycache.com/uploads/wanderlustknitter/870592051/Wishbonesweater__10__small.JPG', 'flickr_url': None, 'shelved_url': 'https://images4-g.ravelrycache.com/uploads/wanderlustknitter/870592051/Wishbonesweater__10__shelved.JPG', 'medium2_url': 'https://images4-a.ravelrycache.com/uploads/wanderlustknitter/870592051/Wishbonesweater__10__medium2.JPG', 'small2_url': 'https://images4-f.ravelrycache.com/uploads/wanderlustknitter/870592051/Wishbonesweater__10__small2.JPG', 'caption': None, 'caption_html': None, 'copyright_holder': None}, {'id': 114892777, 'sort_order': 7, 'user_id': 74066, 'x_offset': -5, 'y_offset': -35, 'square_url': 'https://images4-g.ravelrycache.com/uploads/wanderlustknitter/870592055/Wishbonesweater__7__square.JPG', 'medium_url': 'https://images4-f.ravelrycache.com/uploads/wanderlustknitter/870592055/Wishbonesweater__7__medium.JPG', 'thumbnail_url': 'https://images4-g.ravelrycache.com/uploads/wanderlustknitter/870592055/Wishbonesweater__7__thumbnail.JPG', 'small_url': 'https://images4-g.ravelrycache.com/uploads/wanderlustknitter/870592055/Wishbonesweater__7__small.JPG', 'flickr_url': None, 'shelved_url': 'https://images4-f.ravelrycache.com/uploads/wanderlustknitter/870592055/Wishbonesweater__7__shelved.JPG', 'medium2_url': 'https://images4-a.ravelrycache.com/uploads/wanderlustknitter/870592055/Wishbonesweater__7__medium2.JPG', 'small2_url': 'https://images4-g.ravelrycache.com/uploads/wanderlustknitter/870592055/Wishbonesweater__7__small2.JPG', 'caption': None, 'caption_html': None, 'copyright_holder': None}, {'id': 114892778, 'sort_order': 8, 'user_id': 74066, 'x_offset': -5, 'y_offset': -42, 'square_url': 'https://images4-g.ravelrycache.com/uploads/wanderlustknitter/870592059/Wishbonesweater__8__square.JPG', 'medium_url': 'https://images4-f.ravelrycache.com/uploads/wanderlustknitter/870592059/Wishbonesweater__8__medium.JPG', 'thumbnail_url': 'https://images4-f.ravelrycache.com/uploads/wanderlustknitter/870592059/Wishbonesweater__8__thumbnail.JPG', 'small_url': 'https://images4-f.ravelrycache.com/uploads/wanderlustknitter/870592059/Wishbonesweater__8__small.JPG', 'flickr_url': None, 'shelved_url': 'https://images4-f.ravelrycache.com/uploads/wanderlustknitter/870592059/Wishbonesweater__8__shelved.JPG', 'medium2_url': 'https://images4-a.ravelrycache.com/uploads/wanderlustknitter/870592059/Wishbonesweater__8__medium2.JPG', 'small2_url': 'https://images4-g.ravelrycache.com/uploads/wanderlustknitter/870592059/Wishbonesweater__8__small2.JPG', 'caption': None, 'caption_html': None, 'copyright_holder': None}, {'id': 114892779, 'sort_order': 9, 'user_id': 74066, 'x_offset': -5, 'y_offset': -35, 'square_url': 'https://images4-g.ravelrycache.com/uploads/wanderlustknitter/870592054/Wishbonesweater__6__square.JPG', 'medium_url': 'https://images4-f.ravelrycache.com/uploads/wanderlustknitter/870592054/Wishbonesweater__6__medium.JPG', 'thumbnail_url': 'https://images4-f.ravelrycache.com/uploads/wanderlustknitter/870592054/Wishbonesweater__6__thumbnail.JPG', 'small_url': 'https://images4-f.ravelrycache.com/uploads/wanderlustknitter/870592054/Wishbonesweater__6__small.JPG', 'flickr_url': None, 'shelved_url': 'https://images4-g.ravelrycache.com/uploads/wanderlustknitter/870592054/Wishbonesweater__6__shelved.JPG', 'medium2_url': 'https://images4-a.ravelrycache.com/uploads/wanderlustknitter/870592054/Wishbonesweater__6__medium2.JPG', 'small2_url': 'https://images4-g.ravelrycache.com/uploads/wanderlustknitter/870592054/Wishbonesweater__6__small2.JPG', 'caption': None, 'caption_html': None, 'copyright_holder': None}, {'id': 114892780, 'sort_order': 10, 'user_id': 74066, 'x_offset': -3, 'y_offset': -57, 'square_url': 'https://images4-f.ravelrycache.com/uploads/wanderlustknitter/870592061/Wishbonesweater__4__square.JPG', 'medium_url': 'https://images4-g.ravelrycache.com/uploads/wanderlustknitter/870592061/Wishbonesweater__4__medium.JPG', 'thumbnail_url': 'https://images4-f.ravelrycache.com/uploads/wanderlustknitter/870592061/Wishbonesweater__4__thumbnail.JPG', 'small_url': 'https://images4-g.ravelrycache.com/uploads/wanderlustknitter/870592061/Wishbonesweater__4__small.JPG', 'flickr_url': None, 'shelved_url': 'https://images4-g.ravelrycache.com/uploads/wanderlustknitter/870592061/Wishbonesweater__4__shelved.JPG', 'medium2_url': 'https://images4-a.ravelrycache.com/uploads/wanderlustknitter/870592061/Wishbonesweater__4__medium2.JPG', 'small2_url': 'https://images4-f.ravelrycache.com/uploads/wanderlustknitter/870592061/Wishbonesweater__4__small2.JPG', 'caption': None, 'caption_html': None, 'copyright_holder': None}, {'id': 114892781, 'sort_order': 11, 'user_id': 74066, 'x_offset': -5, 'y_offset': -35, 'square_url': 'https://images4-g.ravelrycache.com/uploads/wanderlustknitter/870592050/Wishbonesweater__2__square.JPG', 'medium_url': 'https://images4-f.ravelrycache.com/uploads/wanderlustknitter/870592050/Wishbonesweater__2__medium.JPG', 'thumbnail_url': 'https://images4-g.ravelrycache.com/uploads/wanderlustknitter/870592050/Wishbonesweater__2__thumbnail.JPG', 'small_url': 'https://images4-f.ravelrycache.com/uploads/wanderlustknitter/870592050/Wishbonesweater__2__small.JPG', 'flickr_url': None, 'shelved_url': 'https://images4-g.ravelrycache.com/uploads/wanderlustknitter/870592050/Wishbonesweater__2__shelved.JPG', 'medium2_url': 'https://images4-a.ravelrycache.com/uploads/wanderlustknitter/870592050/Wishbonesweater__2__medium2.JPG', 'small2_url': 'https://images4-g.ravelrycache.com/uploads/wanderlustknitter/870592050/Wishbonesweater__2__small2.JPG', 'caption': None, 'caption_html': None, 'copyright_holder': None}]"
Hawthorn Sweater,Carol Feller,1265473,https://www.ravelry.com/patterns/library/hawthorn-sweater,False,https://images4-a.ravelrycache.com/uploads/Littlefellers/871742009/hawthorn_back_med_medium2.jpeg,Knitting,"['female', 'teen', 'adult', 'plus', 'ribbed', 'textured', 'cowl-neck', 'long-sleeve', 'one-piece', 'seamless', 'bottom-up', 'positive-ease', 'chart', 'written-pattern', 'video-tutorial', 'drop-sleeve', 'in-the-round', 'schematic', 'captioned-video']",20.0,3.3333333333333335,True,4.0,Sand Stitch & Mistake Rib,pullover,Worsted,45,4.7,"Finished Bust Circumference: 36.75 (40, 43.25, 46.5, 48.75, 52, 55.25, 58.5, 60.75, 64)"" / 93.5 (101.5, 110, 118, 124, 132, 140.5, 148.5, 154.5, 162.5) cm","[{'id': 114909149, 'sort_order': 1, 'user_id': 41508, 'x_offset': -43, 'y_offset': 0, 'square_url': 'https://images4-g.ravelrycache.com/uploads/Littlefellers/871742009/hawthorn_back_med_square.jpeg', 'medium_url': 'https://images4-g.ravelrycache.com/uploads/Littlefellers/871742009/hawthorn_back_med_medium.jpeg', 'thumbnail_url': 'https://images4-g.ravelrycache.com/uploads/Littlefellers/871742009/hawthorn_back_med_thumbnail.jpeg', 'small_url': 'https://images4-f.ravelrycache.com/uploads/Littlefellers/871742009/hawthorn_back_med_small_best_fit.jpeg', 'flickr_url': None, 'shelved_url': 'https://images4-g.ravelrycache.com/uploads/Littlefellers/871742009/hawthorn_back_med_shelved.jpeg', 'medium2_url': 'https://images4-a.ravelrycache.com/uploads/Littlefellers/871742009/hawthorn_back_med_medium2.jpeg', 'small2_url': 'https://images4-f.ravelrycache.com/uploads/Littlefellers/871742009/hawthorn_back_med_small2.jpeg', 'caption': None, 'caption_html': None, 'copyright_holder': None}, {'id': 114909150, 'sort_order': 2, 'user_id': 41508, 'x_offset': 0, 'y_offset': -43, 'square_url': 'https://images4-g.ravelrycache.com/uploads/Littlefellers/871742011/hawthorn_split_medium_square.jpeg', 'medium_url': 'https://images4-g.ravelrycache.com/uploads/Littlefellers/871742011/hawthorn_split_medium_medium.jpeg', 'thumbnail_url': 'https://images4-f.ravelrycache.com/uploads/Littlefellers/871742011/hawthorn_split_medium_thumbnail.jpeg', 'small_url': 'https://images4-g.ravelrycache.com/uploads/Littlefellers/871742011/hawthorn_split_medium_small_best_fit.jpeg', 'flickr_url': None, 'shelved_url': 'https://images4-g.ravelrycache.com/uploads/Littlefellers/871742011/hawthorn_split_medium_shelved.jpeg', 'medium2_url': 'https://images4-a.ravelrycache.com/uploads/Littlefellers/871742011/hawthorn_split_medium_medium2.jpeg', 'small2_url': 'https://images4-f.ravelrycache.com/uploads/Littlefellers/871742011/hawthorn_split_medium_small2.jpeg', 'caption': None, 'caption_html': None, 'copyright_holder': None}, {'id': 114909151, 'sort_order': 3, 'user_id': 41508, 'x_offset': 0, 'y_offset': -43, 'square_url': 'https://images4-g.ravelrycache.com/uploads/Littlefellers/871742012/hawthorn_front_med_square.jpeg', 'medium_url': 'https://images4-g.ravelrycache.com/uploads/Littlefellers/871742012/hawthorn_front_med_medium.jpeg', 'thumbnail_url': 'https://images4-g.ravelrycache.com/uploads/Littlefellers/871742012/hawthorn_front_med_thumbnail.jpeg', 'small_url': 'https://images4-g.ravelrycache.com/uploads/Littlefellers/871742012/hawthorn_front_med_small_best_fit.jpeg', 'flickr_url': None, 'shelved_url': 'https://images4-g.ravelrycache.com/uploads/Littlefellers/871742012/hawthorn_front_med_shelved.jpeg', 'medium2_url': 'https://images4-a.ravelrycache.com/uploads/Littlefellers/871742012/hawthorn_front_med_medium2.jpeg', 'small2_url': 'https://images4-f.ravelrycache.com/uploads/Littlefellers/871742012/hawthorn_front_med_small2.jpeg', 'caption': None, 'caption_html': None, 'copyright_holder': None}, {'id': 114909152, 'sort_order': 4, 'user_id': 41508, 'x_offset': -43, 'y_offset': 0, 'square_url': 'https://images4-g.ravelrycache.com/uploads/Littlefellers/871742010/hawthorn.shoulder.med_square.jpeg', 'medium_url': 'https://images4-g.ravelrycache.com/uploads/Littlefellers/871742010/hawthorn.shoulder.med_medium.jpeg', 'thumbnail_url': 'https://images4-g.ravelrycache.com/uploads/Littlefellers/871742010/hawthorn.shoulder.med_thumbnail.jpeg', 'small_url': 'https://images4-f.ravelrycache.com/uploads/Littlefellers/871742010/hawthorn.shoulder.med_small_best_fit.jpeg', 'flickr_url': None, 'shelved_url': 'https://images4-g.ravelrycache.com/uploads/Littlefellers/871742010/hawthorn.shoulder.med_shelved.jpeg', 'medium2_url': 'https://images4-a.ravelrycache.com/uploads/Littlefellers/871742010/hawthorn.shoulder.med_medium2.jpeg', 'small2_url': 'https://images4-f.ravelrycache.com/uploads/Littlefellers/871742010/hawthorn.shoulder.med_small2.jpeg', 'caption': None, 'caption_html': None, 'copyright_holder': None}, {'id': 114909153, 'sort_order': 5, 'user_id': 41508, 'x_offset': -43, 'y_offset': 0, 'square_url': 'https://images4-f.ravelrycache.com/uploads/Littlefellers/871742281/IMG_0970_square.jpeg', 'medium_url': 'https://images4-f.ravelrycache.com/uploads/Littlefellers/871742281/IMG_0970_medium.jpeg', 'thumbnail_url': 'https://images4-g.ravelrycache.com/uploads/Littlefellers/871742281/IMG_0970_thumbnail.jpeg', 'small_url': 'https://images4-f.ravelrycache.com/uploads/Littlefellers/871742281/IMG_0970_small_best_fit.jpeg', 'flickr_url': None, 'shelved_url': 'https://images4-g.ravelrycache.com/uploads/Littlefellers/871742281/IMG_0970_shelved.jpeg', 'medium2_url': 'https://images4-a.ravelrycache.com/uploads/Littlefellers/871742281/IMG_0970_medium2.jpeg', 'small2_url': 'https://images4-g.ravelrycache.com/uploads/Littlefellers/871742281/IMG_0970_small2.jpeg', 'caption': None, 'caption_html': None, 'copyright_holder': None}, {'id': 114909154, 'sort_order': 6, 'user_id': 41508, 'x_offset': -43, 'y_offset': 0, 'square_url': 'https://images4-g.ravelrycache.com/uploads/Littlefellers/871742278/IMG_0891_square.jpeg', 'medium_url': 'https://images4-g.ravelrycache.com/uploads/Littlefellers/871742278/IMG_0891_medium.jpeg', 'thumbnail_url': 'https://images4-f.ravelrycache.com/uploads/Littlefellers/871742278/IMG_0891_thumbnail.jpeg', 'small_url': 'https://images4-f.ravelrycache.com/uploads/Littlefellers/871742278/IMG_0891_small_best_fit.jpeg', 'flickr_url': None, 'shelved_url': 'https://images4-f.ravelrycache.com/uploads/Littlefellers/871742278/IMG_0891_shelved.jpeg', 'medium2_url': 'https://images4-a.ravelrycache.com/uploads/Littlefellers/871742278/IMG_0891_medium2.jpeg', 'small2_url': 'https://images4-f.ravelrycache.com/uploads/Littlefellers/871742278/IMG_0891_small2.jpeg', 'caption': None, 'caption_html': None, 'copyright_holder': None}, {'id': 114909155, 'sort_order': 7, 'user_id': 41508, 'x_offset': 0, 'y_offset': -43, 'square_url': 'https://images4-f.ravelrycache.com/uploads/Littlefellers/871742279/IMG_0942_square.jpeg', 'medium_url': 'https://images4-f.ravelrycache.com/uploads/Littlefellers/871742279/IMG_0942_medium.jpeg', 'thumbnail_url': 'https://images4-f.ravelrycache.com/uploads/Littlefellers/871742279/IMG_0942_thumbnail.jpeg', 'small_url': 'https://images4-f.ravelrycache.com/uploads/Littlefellers/871742279/IMG_0942_small_best_fit.jpeg', 'flickr_url': None, 'shelved_url': 'https://images4-g.ravelrycache.com/uploads/Littlefellers/871742279/IMG_0942_shelved.jpeg', 'medium2_url': 'https://images4-a.ravelrycache.com/uploads/Littlefellers/871742279/IMG_0942_medium2.jpeg', 'small2_url': 'https://images4-g.ravelrycache.com/uploads/Littlefellers/871742279/IMG_0942_small2.jpeg', 'caption': None, 'caption_html': None, 'copyright_holder': None}]"
Laceback Motyle,Hanna Maciejewska,1265519,https://www.ravelry.com/patterns/library/laceback-motyle,False,https://images4-a.ravelrycache.com/uploads/hada131/871754135/IMG_2758_medium2.JPG,Knitting,"['female', 'plus', 'eyelets', 'lace', 'ballet-neck', 'darts', 'waist', '3-4-sleeve', 'raglan-sleeve', 'one-piece', 'seamless', 'short-rows', 'top-down', 'positive-ease', 'chart', 'written-pattern', 'in-the-round', 'schematic']",22.0,4.666666666666667,True,4.0,"stockinette st with larger needles, washed and blocked",pullover,Fingering,21,4.75,"1 (2, 3, [4, 5, 6], 7, 8, 9)","[{'id': 114911296, 'sort_order': 1, 'user_id': 72288, 'x_offset': -43, 'y_offset': 0, 'square_url': 'https://images4-g.ravelrycache.com/uploads/hada131/871754135/IMG_2758_square.JPG', 'medium_url': 'https://images4-f.ravelrycache.com/uploads/hada131/871754135/IMG_2758_medium.JPG', 'thumbnail_url': 'https://images4-f.ravelrycache.com/uploads/hada131/871754135/IMG_2758_thumbnail.JPG', 'small_url': 'https://images4-g.ravelrycache.com/uploads/hada131/871754135/IMG_2758_small_best_fit.JPG', 'flickr_url': None, 'shelved_url': 'https://images4-g.ravelrycache.com/uploads/hada131/871754135/IMG_2758_shelved.JPG', 'medium2_url': 'https://images4-a.ravelrycache.com/uploads/hada131/871754135/IMG_2758_medium2.JPG', 'small2_url': 'https://images4-g.ravelrycache.com/uploads/hada131/871754135/IMG_2758_small2.JPG', 'caption': None, 'caption_html': None, 'copyright_holder': 'Danhan'}, {'id': 114911297, 'sort_order': 2, 'user_id': 72288, 'x_offset': 0, 'y_offset': -43, 'square_url': 'https://images4-g.ravelrycache.com/uploads/hada131/871754131/IMG_2767_square.JPG', 'medium_url': 'https://images4-f.ravelrycache.com/uploads/hada131/871754131/IMG_2767_medium.JPG', 'thumbnail_url': 'https://images4-f.ravelrycache.com/uploads/hada131/871754131/IMG_2767_thumbnail.JPG', 'small_url': 'https://images4-g.ravelrycache.com/uploads/hada131/871754131/IMG_2767_small_best_fit.JPG', 'flickr_url': None, 'shelved_url': 'https://images4-f.ravelrycache.com/uploads/hada131/871754131/IMG_2767_shelved.JPG', 'medium2_url': 'https://images4-a.ravelrycache.com/uploads/hada131/871754131/IMG_2767_medium2.JPG', 'small2_url': 'https://images4-g.ravelrycache.com/uploads/hada131/871754131/IMG_2767_small2.JPG', 'caption': None, 'caption_html': None, 'copyright_holder': 'Danhan'}, {'id': 114911298, 'sort_order': 3, 'user_id': 72288, 'x_offset': 0, 'y_offset': -43, 'square_url': 'https://images4-f.ravelrycache.com/uploads/hada131/871754137/IMG_2737_square.JPG', 'medium_url': 'https://images4-g.ravelrycache.com/uploads/hada131/871754137/IMG_2737_medium.JPG', 'thumbnail_url': 'https://images4-g.ravelrycache.com/uploads/hada131/871754137/IMG_2737_thumbnail.JPG', 'small_url': 'https://images4-g.ravelrycache.com/uploads/hada131/871754137/IMG_2737_small_best_fit.JPG', 'flickr_url': None, 'shelved_url': 'https://images4-g.ravelrycache.com/uploads/hada131/871754137/IMG_2737_shelved.JPG', 'medium2_url': 'https://images4-a.ravelrycache.com/uploads/hada131/871754137/IMG_2737_medium2.JPG', 'small2_url': 'https://images4-f.ravelrycache.com/uploads/hada131/871754137/IMG_2737_small2.JPG', 'caption': None, 'caption_html': None, 'copyright_holder': 'Danhan'}, {'id': 114911299, 'sort_order': 4, 'user_id': 72288, 'x_offset': 0, 'y_offset': -43, 'square_url': 'https://images4-g.ravelrycache.com/uploads/hada131/871753765/IMG_2721_square.JPG', 'medium_url': 'https://images4-f.ravelrycache.com/uploads/hada131/871753765/IMG_2721_medium.JPG', 'thumbnail_url': 'https://images4-f.ravelrycache.com/uploads/hada131/871753765/IMG_2721_thumbnail.JPG', 'small_url': 'https://images4-g.ravelrycache.com/uploads/hada131/871753765/IMG_2721_small_best_fit.JPG', 'flickr_url': None, 'shelved_url': 'https://images4-g.ravelrycache.com/uploads/hada131/871753765/IMG_2721_shelved.JPG', 'medium2_url': 'https://images4-a.ravelrycache.com/uploads/hada131/871753765/IMG_2721_medium2.JPG', 'small2_url': 'https://images4-g.ravelrycache.com/uploads/hada131/871753765/IMG_2721_small2.JPG', 'caption': None, 'caption_html': None, 'copyright_holder': 'Danhan'}, {'id': 114911300, 'sort_order': 5, 'user_id': 72288, 'x_offset': 0, 'y_offset': -43, 'square_url': 'https://images4-g.ravelrycache.com/uploads/hada131/871754136/IMG_2736_square.JPG', 'medium_url': 'https://images4-f.ravelrycache.com/uploads/hada131/871754136/IMG_2736_medium.JPG', 'thumbnail_url': 'https://images4-g.ravelrycache.com/uploads/hada131/871754136/IMG_2736_thumbnail.JPG', 'small_url': 'https://images4-f.ravelrycache.com/uploads/hada131/871754136/IMG_2736_small_best_fit.JPG', 'flickr_url': None, 'shelved_url': 'https://images4-f.ravelrycache.com/uploads/hada131/871754136/IMG_2736_shelved.JPG', 'medium2_url': 'https://images4-a.ravelrycache.com/uploads/hada131/871754136/IMG_2736_medium2.JPG', 'small2_url': 'https://images4-g.ravelrycache.com/uploads/hada131/871754136/IMG_2736_small2.JPG', 'caption': None, 'caption_html': None, 'copyright_holder': 'Danhan'}, {'id': 114911301, 'sort_order': 6, 'user_id': 72288, 'x_offset': 0, 'y_offset': -43, 'square_url': 'https://images4-f.ravelrycache.com/uploads/hada131/871754130/IMG_2731_square.JPG', 'medium_url': 'https://images4-g.ravelrycache.com/uploads/hada131/871754130/IMG_2731_medium.JPG', 'thumbnail_url': 'https://images4-f.ravelrycache.com/uploads/hada131/871754130/IMG_2731_thumbnail.JPG', 'small_url': 'https://images4-g.ravelrycache.com/uploads/hada131/871754130/IMG_2731_small_best_fit.JPG', 'flickr_url': None, 'shelved_url': 'https://images4-f.ravelrycache.com/uploads/hada131/871754130/IMG_2731_shelved.JPG', 'medium2_url': 'https://images4-a.ravelrycache.com/uploads/hada131/871754130/IMG_2731_medium2.JPG', 'small2_url': 'https://images4-f.ravelrycache.com/uploads/hada131/871754130/IMG_2731_small2.JPG', 'caption': None, 'caption_html': None, 'copyright_holder': 'Danhan'}, {'id': 114911302, 'sort_order': 7, 'user_id': 72288, 'x_offset': -43, 'y_offset': 0, 'square_url': 'https://images4-f.ravelrycache.com/uploads/hada131/871754132/IMG_2726_square.JPG', 'medium_url': 'https://images4-g.ravelrycache.com/uploads/hada131/871754132/IMG_2726_medium.JPG', 'thumbnail_url': 'https://images4-f.ravelrycache.com/uploads/hada131/871754132/IMG_2726_thumbnail.JPG', 'small_url': 'https://images4-f.ravelrycache.com/uploads/hada131/871754132/IMG_2726_small_best_fit.JPG', 'flickr_url': None, 'shelved_url': 'https://images4-g.ravelrycache.com/uploads/hada131/871754132/IMG_2726_shelved.JPG', 'medium2_url': 'https://images4-a.ravelrycache.com/uploads/hada131/871754132/IMG_2726_medium2.JPG', 'small2_url': 'https://images4-f.ravelrycache.com/uploads/hada131/871754132/IMG_2726_small2.JPG', 'caption': None, 'caption_html': None, 'copyright_holder': 'Danhan'}, {'id': 114911303, 'sort_order': 8, 'user_id': 72288, 'x_offset': -43, 'y_offset': 0, 'square_url': 'https://images4-g.ravelrycache.com/uploads/hada131/871754134/IMG_2723_square.JPG', 'medium_url': 'https://images4-f.ravelrycache.com/uploads/hada131/871754134/IMG_2723_medium.JPG', 'thumbnail_url': 'https://images4-f.ravelrycache.com/uploads/hada131/871754134/IMG_2723_thumbnail.JPG', 'small_url': 'https://images4-g.ravelrycache.com/uploads/hada131/871754134/IMG_2723_small_best_fit.JPG', 'flickr_url': None, 'shelved_url': 'https://images4-g.ravelrycache.com/uploads/hada131/871754134/IMG_2723_shelved.JPG', 'medium2_url': 'https://images4-a.ravelrycache.com/uploads/hada131/871754134/IMG_2723_medium2.JPG', 'small2_url': 'https://images4-g.ravelrycache.com/uploads/hada131/871754134/IMG_2723_small2.JPG', 'caption': None, 'caption_html': None, 'copyright_holder': 'Danhan'}, {'id': 114911304, 'sort_order': 9, 'user_id': 72288, 'x_offset': 0, 'y_offset': -43, 'square_url': 'https://images4-f.ravelrycache.com/uploads/hada131/871753766/IMG_2717_square.JPG', 'medium_url': 'https://images4-g.ravelrycache.com/uploads/hada131/871753766/IMG_2717_medium.JPG', 'thumbnail_url': 'https://images4-f.ravelrycache.com/uploads/hada131/871753766/IMG_2717_thumbnail.JPG', 'small_url': 'https://images4-f.ravelrycache.com/uploads/hada131/871753766/IMG_2717_small_best_fit.JPG', 'flickr_url': None, 'shelved_url': 'https://images4-f.ravelrycache.com/uploads/hada131/871753766/IMG_2717_shelved.JPG', 'medium2_url': 'https://images4-a.ravelrycache.com/uploads/hada131/871753766/IMG_2717_medium2.JPG', 'small2_url': 'https://images4-f.ravelrycache.com/uploads/hada131/871753766/IMG_2717_small2.JPG', 'caption': None, 'caption_html': None, 'copyright_holder': 'Danhan'}]"
Silvertärna - sweater,Ronja Hakalehto,1265544,https://www.ravelry.com/patterns/library/silvertarna---sweater,True,https://images4-a.ravelrycache.com/uploads/JarboGarn/872068366/92796-09_low_medium2.jpg,Knitting,"['unisex', 'teen', 'adult', 'stranded', 'positive-ease', 'long-sleeve', 'buttoned', 'straight', 'seamless', 'bottom-up', 'chart', 'written-pattern', 'in-the-round', 'male', 'female']",17.0,0.0,True,4.0,,pullover,Worsted,8,0.0,XS (S) M (L) XL (2XL) 3XL (4XL),"[{'id': 114912656, 'sort_order': 1, 'user_id': 6610818, 'x_offset': 0, 'y_offset': -43, 'square_url': 'https://images4-g.ravelrycache.com/uploads/JarboGarn/872068366/92796-09_low_square.jpg', 'medium_url': 'https://images4-f.ravelrycache.com/uploads/JarboGarn/872068366/92796-09_low_medium.jpg', 'thumbnail_url': 'https://images4-g.ravelrycache.com/uploads/JarboGarn/872068366/92796-09_low_thumbnail.jpg', 'small_url': 'https://images4-f.ravelrycache.com/uploads/JarboGarn/872068366/92796-09_low_small_best_fit.jpg', 'flickr_url': None, 'shelved_url': 'https://images4-f.ravelrycache.com/uploads/JarboGarn/872068366/92796-09_low_shelved.jpg', 'medium2_url': 'https://images4-a.ravelrycache.com/uploads/JarboGarn/872068366/92796-09_low_medium2.jpg', 'small2_url': 'https://images4-g.ravelrycache.com/uploads/JarboGarn/872068366/92796-09_low_small2.jpg', 'caption': None, 'caption_html': None, 'copyright_holder': None}, {'id': 114912657, 'sort_order': 2, 'user_id': 6610818, 'x_offset': 0, 'y_offset': -43, 'square_url': 'https://images4-g.ravelrycache.com/uploads/JarboGarn/872068364/92796-02_low_square.jpg', 'medium_url': 'https://images4-f.ravelrycache.com/uploads/JarboGarn/872068364/92796-02_low_medium.jpg', 'thumbnail_url': 'https://images4-f.ravelrycache.com/uploads/JarboGarn/872068364/92796-02_low_thumbnail.jpg', 'small_url': 'https://images4-f.ravelrycache.com/uploads/JarboGarn/872068364/92796-02_low_small_best_fit.jpg', 'flickr_url': None, 'shelved_url': 'https://images4-g.ravelrycache.com/uploads/JarboGarn/872068364/92796-02_low_shelved.jpg', 'medium2_url': 'https://images4-a.ravelrycache.com/uploads/JarboGarn/872068364/92796-02_low_medium2.jpg', 'small2_url': 'https://images4-g.ravelrycache.com/uploads/JarboGarn/872068364/92796-02_low_small2.jpg', 'caption': None, 'caption_html': None, 'copyright_holder': None}, {'id': 114912658, 'sort_order': 3, 'user_id': 6610818, 'x_offset': 0, 'y_offset': -43, 'square_url': 'https://images4-f.ravelrycache.com/uploads/JarboGarn/872068374/92796-03_low_square.jpg', 'medium_url': 'https://images4-g.ravelrycache.com/uploads/JarboGarn/872068374/92796-03_low_medium.jpg', 'thumbnail_url': 'https://images4-f.ravelrycache.com/uploads/JarboGarn/872068374/92796-03_low_thumbnail.jpg', 'small_url': 'https://images4-g.ravelrycache.com/uploads/JarboGarn/872068374/92796-03_low_small_best_fit.jpg', 'flickr_url': None, 'shelved_url': 'https://images4-f.ravelrycache.com/uploads/JarboGarn/872068374/92796-03_low_shelved.jpg', 'medium2_url': 'https://images4-a.ravelrycache.com/uploads/JarboGarn/872068374/92796-03_low_medium2.jpg', 'small2_url': 'https://images4-f.ravelrycache.com/uploads/JarboGarn/872068374/92796-03_low_small2.jpg', 'caption': None, 'caption_html': None, 'copyright_holder': None}, {'id': 114912659, 'sort_order': 4, 'user_id': 6610818, 'x_offset': 0, 'y_offset': -43, 'square_url': 'https://images4-g.ravelrycache.com/uploads/JarboGarn/872068370/92796-08_low_square.jpg', 'medium_url': 'https://images4-f.ravelrycache.com/uploads/JarboGarn/872068370/92796-08_low_medium.jpg', 'thumbnail_url': 'https://images4-f.ravelrycache.com/uploads/JarboGarn/872068370/92796-08_low_thumbnail.jpg', 'small_url': 'https://images4-f.ravelrycache.com/uploads/JarboGarn/872068370/92796-08_low_small_best_fit.jpg', 'flickr_url': None, 'shelved_url': 'https://images4-f.ravelrycache.com/uploads/JarboGarn/872068370/92796-08_low_shelved.jpg', 'medium2_url': 'https://images4-a.ravelrycache.com/uploads/JarboGarn/872068370/92796-08_low_medium2.jpg', 'small2_url': 'https://images4-g.ravelrycache.com/uploads/JarboGarn/872068370/92796-08_low_small2.jpg', 'caption': None, 'caption_html': None, 'copyright_holder': None}, {'id': 114912660, 'sort_order': 5, 'user_id': 6610818, 'x_offset': 0, 'y_offset': -43, 'square_url': 'https://images4-g.ravelrycache.com/uploads/JarboGarn/872068372/92796-11_low_square.jpg', 'medium_url': 'https://images4-f.ravelrycache.com/uploads/JarboGarn/872068372/92796-11_low_medium.jpg', 'thumbnail_url': 'https://images4-g.ravelrycache.com/uploads/JarboGarn/872068372/92796-11_low_thumbnail.jpg', 'small_url': 'https://images4-g.ravelrycache.com/uploads/JarboGarn/872068372/92796-11_low_small_best_fit.jpg', 'flickr_url': None, 'shelved_url': 'https://images4-f.ravelrycache.com/uploads/JarboGarn/872068372/92796-11_low_shelved.jpg', 'medium2_url': 'https://images4-a.ravelrycache.com/uploads/JarboGarn/872068372/92796-11_low_medium2.jpg', 'small2_url': 'https://images4-g.ravelrycache.com/uploads/JarboGarn/872068372/92796-11_low_small2.jpg', 'caption': None, 'caption_html': None, 'copyright_holder': None}, {'id': 114912661, 'sort_order': 6, 'user_id': 6610818, 'x_offset': 0, 'y_offset': -43, 'square_url': 'https://images4-f.ravelrycache.com/uploads/JarboGarn/872068365/92796-10_low_square.jpg', 'medium_url': 'https://images4-g.ravelrycache.com/uploads/JarboGarn/872068365/92796-10_low_medium.jpg', 'thumbnail_url': 'https://images4-g.ravelrycache.com/uploads/JarboGarn/872068365/92796-10_low_thumbnail.jpg', 'small_url': 'https://images4-g.ravelrycache.com/uploads/JarboGarn/872068365/92796-10_low_small_best_fit.jpg', 'flickr_url': None, 'shelved_url': 'https://images4-f.ravelrycache.com/uploads/JarboGarn/872068365/92796-10_low_shelved.jpg', 'medium2_url': 'https://images4-a.ravelrycache.com/uploads/JarboGarn/872068365/92796-10_low_medium2.jpg', 'small2_url': 'https://images4-f.ravelrycache.com/uploads/JarboGarn/872068365/92796-10_low_small2.jpg', 'caption': None, 'caption_html': None, 'copyright_holder': None}, {'id': 114912662, 'sort_order': 7, 'user_id': 6610818, 'x_offset': 0, 'y_offset': -43, 'square_url': 'https://images4-g.ravelrycache.com/uploads/JarboGarn/872068376/92796-07_low_square.jpg', 'medium_url': 'https://images4-f.ravelrycache.com/uploads/JarboGarn/872068376/92796-07_low_medium.jpg', 'thumbnail_url': 'https://images4-f.ravelrycache.com/uploads/JarboGarn/872068376/92796-07_low_thumbnail.jpg', 'small_url': 'https://images4-f.ravelrycache.com/uploads/JarboGarn/872068376/92796-07_low_small_best_fit.jpg', 'flickr_url': None, 'shelved_url': 'https://images4-f.ravelrycache.com/uploads/JarboGarn/872068376/92796-07_low_shelved.jpg', 'medium2_url': 'https://images4-a.ravelrycache.com/uploads/JarboGarn/872068376/92796-07_low_medium2.jpg', 'small2_url': 'https://images4-g.ravelrycache.com/uploads/JarboGarn/872068376/92796-07_low_small2.jpg', 'caption': None, 'caption_html': None, 'copyright_holder': None}, {'id': 114912663, 'sort_order': 8, 'user_id': 6610818, 'x_offset': -2, 'y_offset': -55, 'square_url': 'https://images4-f.ravelrycache.com/uploads/JarboGarn/872068375/92796-06_low_square.jpg', 'medium_url': 'https://images4-g.ravelrycache.com/uploads/JarboGarn/872068375/92796-06_low_medium.jpg', 'thumbnail_url': 'https://images4-f.ravelrycache.com/uploads/JarboGarn/872068375/92796-06_low_thumbnail.jpg', 'small_url': 'https://images4-g.ravelrycache.com/uploads/JarboGarn/872068375/92796-06_low_small_best_fit.jpg', 'flickr_url': None, 'shelved_url': 'https://images4-f.ravelrycache.com/uploads/JarboGarn/872068375/92796-06_low_shelved.jpg', 'medium2_url': 'https://images4-a.ravelrycache.com/uploads/JarboGarn/872068375/92796-06_low_medium2.jpg', 'small2_url': 'https://images4-f.ravelrycache.com/uploads/JarboGarn/872068375/92796-06_low_small2.jpg', 'caption': None, 'caption_html': None, 'copyright_holder': None}, {'id': 114912664, 'sort_order': 9, 'user_id': 6610818, 'x_offset': -2, 'y_offset': -76, 'square_url': 'https://images4-f.ravelrycache.com/uploads/JarboGarn/872068377/92796-05_low_square.jpg', 'medium_url': 'https://images4-g.ravelrycache.com/uploads/JarboGarn/872068377/92796-05_low_medium.jpg', 'thumbnail_url': 'https://images4-f.ravelrycache.com/uploads/JarboGarn/872068377/92796-05_low_thumbnail.jpg', 'small_url': 'https://images4-f.ravelrycache.com/uploads/JarboGarn/872068377/92796-05_low_small_best_fit.jpg', 'flickr_url': None, 'shelved_url': 'https://images4-f.ravelrycache.com/uploads/JarboGarn/872068377/92796-05_low_shelved.jpg', 'medium2_url': 'https://images4-a.ravelrycache.com/uploads/JarboGarn/872068377/92796-05_low_medium2.jpg', 'small2_url': 'https://images4-f.ravelrycache.com/uploads/JarboGarn/872068377/92796-05_low_small2.jpg', 'caption': None, 'caption_html': None, 'copyright_holder': None}, {'id': 114912665, 'sort_order': 10, 'user_id': 6610818, 'x_offset': 1, 'y_offset': -16, 'square_url': 'https://images4-g.ravelrycache.com/uploads/JarboGarn/872068373/92796-04_low_square.jpg', 'medium_url': 'https://images4-f.ravelrycache.com/uploads/JarboGarn/872068373/92796-04_low_medium.jpg', 'thumbnail_url': 'https://images4-f.ravelrycache.com/uploads/JarboGarn/872068373/92796-04_low_thumbnail.jpg', 'small_url': 'https://images4-f.ravelrycache.com/uploads/JarboGarn/872068373/92796-04_low_small_best_fit.jpg', 'flickr_url': None, 'shelved_url': 'https://images4-g.ravelrycache.com/uploads/JarboGarn/872068373/92796-04_low_shelved.jpg', 'medium2_url': 'https://images4-a.ravelrycache.com/uploads/JarboGarn/872068373/92796-04_low_medium2.jpg', 'small2_url': 'https://images4-g.ravelrycache.com/uploads/JarboGarn/872068373/92796-04_low_small2.jpg', 'caption': None, 'caption_html': None, 'copyright_holder': None}, {'id': 114912666, 'sort_order': 11, 'user_id': 6610818, 'x_offset': 0, 'y_offset': -25, 'square_url': 'https://images4-g.ravelrycache.com/uploads/JarboGarn/872068363/92796_92797-03_low_square.jpg', 'medium_url': 'https://images4-f.ravelrycache.com/uploads/JarboGarn/872068363/92796_92797-03_low_medium.jpg', 'thumbnail_url': 'https://images4-g.ravelrycache.com/uploads/JarboGarn/872068363/92796_92797-03_low_thumbnail.jpg', 'small_url': 'https://images4-g.ravelrycache.com/uploads/JarboGarn/872068363/92796_92797-03_low_small_best_fit.jpg', 'flickr_url': None, 'shelved_url': 'https://images4-g.ravelrycache.com/uploads/JarboGarn/872068363/92796_92797-03_low_shelved.jpg', 'medium2_url': 'https://images4-a.ravelrycache.com/uploads/JarboGarn/872068363/92796_92797-03_low_medium2.jpg', 'small2_url': 'https://images4-g.ravelrycache.com/uploads/JarboGarn/872068363/92796_92797-03_low_small2.jpg', 'caption': None, 'caption_html': None, 'copyright_holder': None}, {'id': 114912667, 'sort_order': 12, 'user_id': 6610818, 'x_offset': -85, 'y_offset': -1, 'square_url': 'https://images4-f.ravelrycache.com/uploads/JarboGarn/872068367/92796_92797-02_low_square.jpg', 'medium_url': 'https://images4-g.ravelrycache.com/uploads/JarboGarn/872068367/92796_92797-02_low_medium.jpg', 'thumbnail_url': 'https://images4-g.ravelrycache.com/uploads/JarboGarn/872068367/92796_92797-02_low_thumbnail.jpg', 'small_url': 'https://images4-f.ravelrycache.com/uploads/JarboGarn/872068367/92796_92797-02_low_small_best_fit.jpg', 'flickr_url': None, 'shelved_url': 'https://images4-f.ravelrycache.com/uploads/JarboGarn/872068367/92796_92797-02_low_shelved.jpg', 'medium2_url': 'https://images4-a.ravelrycache.com/uploads/JarboGarn/872068367/92796_92797-02_low_medium2.jpg', 'small2_url': 'https://images4-f.ravelrycache.com/uploads/JarboGarn/872068367/92796_92797-02_low_small2.jpg', 'caption': None, 'caption_html': None, 'copyright_holder': None}, {'id': 114912668, 'sort_order': 13, 'user_id': 6610818, 'x_offset': 0, 'y_offset': -43, 'square_url': 'https://images4-g.ravelrycache.com/uploads/JarboGarn/872068368/92796_92797-01_low_square.jpg', 'medium_url': 'https://images4-f.ravelrycache.com/uploads/JarboGarn/872068368/92796_92797-01_low_medium.jpg', 'thumbnail_url': 'https://images4-f.ravelrycache.com/uploads/JarboGarn/872068368/92796_92797-01_low_thumbnail.jpg', 'small_url': 'https://images4-g.ravelrycache.com/uploads/JarboGarn/872068368/92796_92797-01_low_small_best_fit.jpg', 'flickr_url': None, 'shelved_url': 'https://images4-g.ravelrycache.com/uploads/JarboGarn/872068368/92796_92797-01_low_shelved.jpg', 'medium2_url': 'https://images4-a.ravelrycache.com/uploads/JarboGarn/872068368/92796_92797-01_low_medium2.jpg', 'small2_url': 'https://images4-g.ravelrycache.com/uploads/JarboGarn/872068368/92796_92797-01_low_small2.jpg', 'caption': None, 'caption_html': None, 'copyright_holder': None}, {'id': 114912669, 'sort_order': 14, 'user_id': 6610818, 'x_offset': 0, 'y_offset': -43, 'square_url': 'https://images4-g.ravelrycache.com/uploads/JarboGarn/872068369/92796_92797_92798_92803_low_square.jpg', 'medium_url': 'https://images4-f.ravelrycache.com/uploads/JarboGarn/872068369/92796_92797_92798_92803_low_medium.jpg', 'thumbnail_url': 'https://images4-g.ravelrycache.com/uploads/JarboGarn/872068369/92796_92797_92798_92803_low_thumbnail.jpg', 'small_url': 'https://images4-f.ravelrycache.com/uploads/JarboGarn/872068369/92796_92797_92798_92803_low_small_best_fit.jpg', 'flickr_url': None, 'shelved_url': 'https://images4-f.ravelrycache.com/uploads/JarboGarn/872068369/92796_92797_92798_92803_low_shelved.jpg', 'medium2_url': 'https://images4-a.ravelrycache.com/uploads/JarboGarn/872068369/92796_92797_92798_92803_low_medium2.jpg', 'small2_url': 'https://images4-g.ravelrycache.com/uploads/JarboGarn/872068369/92796_92797_92798_92803_low_small2.jpg', 'caption': None, 'caption_html': None, 'copyright_holder': None}, {'id': 114912670, 'sort_order': 15, 'user_id': 6610818, 'x_offset': 0, 'y_offset': -43, 'square_url': 'https://images4-g.ravelrycache.com/uploads/JarboGarn/872068380/92796_92797_92799_92800_low_square.jpg', 'medium_url': 'https://images4-f.ravelrycache.com/uploads/JarboGarn/872068380/92796_92797_92799_92800_low_medium.jpg', 'thumbnail_url': 'https://images4-f.ravelrycache.com/uploads/JarboGarn/872068380/92796_92797_92799_92800_low_thumbnail.jpg', 'small_url': 'https://images4-f.ravelrycache.com/uploads/JarboGarn/872068380/92796_92797_92799_92800_low_small_best_fit.jpg', 'flickr_url': None, 'shelved_url': 'https://images4-f.ravelrycache.com/uploads/JarboGarn/872068380/92796_92797_92799_92800_low_shelved.jpg', 'medium2_url': 'https://images4-a.ravelrycache.com/uploads/JarboGarn/872068380/92796_92797_92799_92800_low_medium2.jpg', 'small2_url': 'https://images4-g.ravelrycache.com/uploads/JarboGarn/872068380/92796_92797_92799_92800_low_small2.jpg', 'caption': None, 'caption_html': None, 'copyright_holder': None}, {'id': 114912671, 'sort_order': 16, 'user_id': 6610818, 'x_offset': 0, 'y_offset': -43, 'square_url': 'https://images4-f.ravelrycache.com/uploads/JarboGarn/872068371/92796-12_low_square.jpg', 'medium_url': 'https://images4-g.ravelrycache.com/uploads/JarboGarn/872068371/92796-12_low_medium.jpg', 'thumbnail_url': 'https://images4-f.ravelrycache.com/uploads/JarboGarn/872068371/92796-12_low_thumbnail.jpg', 'small_url': 'https://images4-f.ravelrycache.com/uploads/JarboGarn/872068371/92796-12_low_small_best_fit.jpg', 'flickr_url': None, 'shelved_url': 'https://images4-f.ravelrycache.com/uploads/JarboGarn/872068371/92796-12_low_shelved.jpg', 'medium2_url': 'https://images4-a.ravelrycache.com/uploads/JarboGarn/872068371/92796-12_low_medium2.jpg', 'small2_url': 'https://images4-f.ravelrycache.com/uploads/JarboGarn/872068371/92796-12_low_small2.jpg', 'caption': None, 'caption_html': None, 'copyright_holder': None}, {'id': 114912672, 'sort_order': 17, 'user_id': 6610818, 'x_offset': -43, 'y_offset': 0, 'square_url': 'https://images4-f.ravelrycache.com/uploads/JarboGarn/872068378/92796-01_low_square.jpg', 'medium_url': 'https://images4-g.ravelrycache.com/uploads/JarboGarn/872068378/92796-01_low_medium.jpg', 'thumbnail_url': 'https://images4-g.ravelrycache.com/uploads/JarboGarn/872068378/92796-01_low_thumbnail.jpg', 'small_url': 'https://images4-f.ravelrycache.com/uploads/JarboGarn/872068378/92796-01_low_small_best_fit.jpg', 'flickr_url': None, 'shelved_url': 'https://images4-g.ravelrycache.com/uploads/JarboGarn/872068378/92796-01_low_shelved.jpg', 'medium2_url': 'https://images4-a.ravelrycache.com/uploads/JarboGarn/872068378/92796-01_low_medium2.jpg', 'small2_url': 'https://images4-f.ravelrycache.com/uploads/JarboGarn/872068378/92796-01_low_small2.jpg', 'caption': None, 'caption_html': None, 'copyright_holder': None}]"
Urbän Sweater,LE PULL,1265613,https://www.ravelry.com/patterns/library/urban-sweater-2,False,https://images4-a.ravelrycache.com/uploads/LePull/873134045/CC8E9343-2889-4F24-A2BC-C143C01C9432_medium2.jpeg,Knitting,"['unisex', 'adult', 'oversized', 'petite', 'plus', 'ribbed', 'stripes', 'shirt-collar', 'short-sleeve', 'buttoned', 'one-piece', 'seamless', 'top-down', 'positive-ease', 'written-pattern', 'worked-flat', 'in-the-round', 'other-edging', 'stripes-colorwork', 'male', 'female']",21.0,0.0,True,4.0,"nstockinette, 2 threads held  together, 4 mm needles",pullover,Light Fingering,5,0.0,UNIQUE,"[{'id': 115044726, 'sort_order': 1, 'user_id': 10206261, 'x_offset': -4, 'y_offset': 0, 'square_url': 'https://images4-g.ravelrycache.com/uploads/LePull/873134045/CC8E9343-2889-4F24-A2BC-C143C01C9432_square.jpeg', 'medium_url': 'https://images4-g.ravelrycache.com/uploads/LePull/873134045/CC8E9343-2889-4F24-A2BC-C143C01C9432_medium.jpeg', 'thumbnail_url': 'https://images4-f.ravelrycache.com/uploads/LePull/873134045/CC8E9343-2889-4F24-A2BC-C143C01C9432_thumbnail.jpeg', 'small_url': 'https://images4-g.ravelrycache.com/uploads/LePull/873134045/CC8E9343-2889-4F24-A2BC-C143C01C9432_small_best_fit.jpeg', 'flickr_url': None, 'shelved_url': 'https://images4-f.ravelrycache.com/uploads/LePull/873134045/CC8E9343-2889-4F24-A2BC-C143C01C9432_shelved.jpeg', 'medium2_url': 'https://images4-a.ravelrycache.com/uploads/LePull/873134045/CC8E9343-2889-4F24-A2BC-C143C01C9432_medium2.jpeg', 'small2_url': 'https://images4-f.ravelrycache.com/uploads/LePull/873134045/CC8E9343-2889-4F24-A2BC-C143C01C9432_small2.jpeg', 'caption': None, 'caption_html': None, 'copyright_holder': None}, {'id': 114917370, 'sort_order': 2, 'user_id': 10206261, 'x_offset': -5, 'y_offset': -62, 'square_url': 'https://images4-g.ravelrycache.com/uploads/LePull/872104634/IMG-6293_square.jpg', 'medium_url': 'https://images4-f.ravelrycache.com/uploads/LePull/872104634/IMG-6293_medium.jpg', 'thumbnail_url': 'https://images4-g.ravelrycache.com/uploads/LePull/872104634/IMG-6293_thumbnail.jpg', 'small_url': 'https://images4-f.ravelrycache.com/uploads/LePull/872104634/IMG-6293_small.jpg', 'flickr_url': None, 'shelved_url': 'https://images4-f.ravelrycache.com/uploads/LePull/872104634/IMG-6293_shelved.jpg', 'medium2_url': 'https://images4-a.ravelrycache.com/uploads/LePull/872104634/IMG-6293_medium2.jpg', 'small2_url': 'https://images4-g.ravelrycache.com/uploads/LePull/872104634/IMG-6293_small2.jpg', 'caption': None, 'caption_html': None, 'copyright_holder': None}, {'id': 114917371, 'sort_order': 3, 'user_id': 10206261, 'x_offset': -9, 'y_offset': -73, 'square_url': 'https://images4-f.ravelrycache.com/uploads/LePull/872104636/IMG-6270_square.jpg', 'medium_url': 'https://images4-g.ravelrycache.com/uploads/LePull/872104636/IMG-6270_medium.jpg', 'thumbnail_url': 'https://images4-f.ravelrycache.com/uploads/LePull/872104636/IMG-6270_thumbnail.jpg', 'small_url': 'https://images4-f.ravelrycache.com/uploads/LePull/872104636/IMG-6270_small.jpg', 'flickr_url': None, 'shelved_url': 'https://images4-g.ravelrycache.com/uploads/LePull/872104636/IMG-6270_shelved.jpg', 'medium2_url': 'https://images4-a.ravelrycache.com/uploads/LePull/872104636/IMG-6270_medium2.jpg', 'small2_url': 'https://images4-f.ravelrycache.com/uploads/LePull/872104636/IMG-6270_small2.jpg', 'caption': None, 'caption_html': None, 'copyright_holder': None}, {'id': 114917372, 'sort_order': 4, 'user_id': 10206261, 'x_offset': -6, 'y_offset': -57, 'square_url': 'https://images4-g.ravelrycache.com/uploads/LePull/872104647/IMG-6292_square.jpg', 'medium_url': 'https://images4-f.ravelrycache.com/uploads/LePull/872104647/IMG-6292_medium.jpg', 'thumbnail_url': 'https://images4-g.ravelrycache.com/uploads/LePull/872104647/IMG-6292_thumbnail.jpg', 'small_url': 'https://images4-g.ravelrycache.com/uploads/LePull/872104647/IMG-6292_small.jpg', 'flickr_url': None, 'shelved_url': 'https://images4-f.ravelrycache.com/uploads/LePull/872104647/IMG-6292_shelved.jpg', 'medium2_url': 'https://images4-a.ravelrycache.com/uploads/LePull/872104647/IMG-6292_medium2.jpg', 'small2_url': 'https://images4-g.ravelrycache.com/uploads/LePull/872104647/IMG-6292_small2.jpg', 'caption': None, 'caption_html': None, 'copyright_holder': None}, {'id': 114917373, 'sort_order': 5, 'user_id': 10206261, 'x_offset': -6, 'y_offset': -57, 'square_url': 'https://images4-f.ravelrycache.com/uploads/LePull/872104638/IMG-6191_square.jpg', 'medium_url': 'https://images4-g.ravelrycache.com/uploads/LePull/872104638/IMG-6191_medium.jpg', 'thumbnail_url': 'https://images4-g.ravelrycache.com/uploads/LePull/872104638/IMG-6191_thumbnail.jpg', 'small_url': 'https://images4-f.ravelrycache.com/uploads/LePull/872104638/IMG-6191_small.jpg', 'flickr_url': None, 'shelved_url': 'https://images4-g.ravelrycache.com/uploads/LePull/872104638/IMG-6191_shelved.jpg', 'medium2_url': 'https://images4-a.ravelrycache.com/uploads/LePull/872104638/IMG-6191_medium2.jpg', 'small2_url': 'https://images4-f.ravelrycache.com/uploads/LePull/872104638/IMG-6191_small2.jpg', 'caption': None, 'caption_html': None, 'copyright_holder': None}, {'id': 114917374, 'sort_order': 6, 'user_id': 10206261, 'x_offset': -5, 'y_offset': -48, 'square_url': 'https://images4-g.ravelrycache.com/uploads/LePull/872104635/IMG-6280_square.jpg', 'medium_url': 'https://images4-f.ravelrycache.com/uploads/LePull/872104635/IMG-6280_medium.jpg', 'thumbnail_url': 'https://images4-g.ravelrycache.com/uploads/LePull/872104635/IMG-6280_thumbnail.jpg', 'small_url': 'https://images4-f.ravelrycache.com/uploads/LePull/872104635/IMG-6280_small.jpg', 'flickr_url': None, 'shelved_url': 'https://images4-f.ravelrycache.com/uploads/LePull/872104635/IMG-6280_shelved.jpg', 'medium2_url': 'https://images4-a.ravelrycache.com/uploads/LePull/872104635/IMG-6280_medium2.jpg', 'small2_url': 'https://images4-g.ravelrycache.com/uploads/LePull/872104635/IMG-6280_small2.jpg', 'caption': None, 'caption_html': None, 'copyright_holder': None}, {'id': 114917375, 'sort_order': 7, 'user_id': 10206261, 'x_offset': -3, 'y_offset': -3, 'square_url': 'https://images4-g.ravelrycache.com/uploads/LePull/872104441/IMG-0923_square.jpg', 'medium_url': 'https://images4-f.ravelrycache.com/uploads/LePull/872104441/IMG-0923_medium.jpg', 'thumbnail_url': 'https://images4-f.ravelrycache.com/uploads/LePull/872104441/IMG-0923_thumbnail.jpg', 'small_url': 'https://images4-f.ravelrycache.com/uploads/LePull/872104441/IMG-0923_small.jpg', 'flickr_url': None, 'shelved_url': 'https://images4-g.ravelrycache.com/uploads/LePull/872104441/IMG-0923_shelved.jpg', 'medium2_url': 'https://images4-a.ravelrycache.com/uploads/LePull/872104441/IMG-0923_medium2.jpg', 'small2_url': 'https://images4-g.ravelrycache.com/uploads/LePull/872104441/IMG-0923_small2.jpg', 'caption': None, 'caption_html': None, 'copyright_holder': None}]"
FAMILIENRUNDE Babyversion,Anja Matthes,1265673,https://www.ravelry.com/patterns/library/familienrunde-babyversion,True,https://images4-a.ravelrycache.com/uploads/Anja1973/881129063/224A6211_medium2.jpg,Knitting,"['unisex', 'baby', 'newborn-size', 'stranded', 'buttonholes', 'one-piece', 'seamless', 'short-rows', 'top-down', 'in-the-round', 'circular-yoke']",22.0,0.0,True,4.0,Glatt rechts,baby,DK,17,0.0,1-2 Monat/bis 6 Monate/ bis 12 Monate,"[{'id': 116044270, 'sort_order': 1, 'user_id': 747645, 'x_offset': -43, 'y_offset': 0, 'square_url': 'https://images4-g.ravelrycache.com/uploads/Anja1973/881129063/224A6211_square.jpg', 'medium_url': 'https://images4-f.ravelrycache.com/uploads/Anja1973/881129063/224A6211_medium.jpg', 'thumbnail_url': 'https://images4-f.ravelrycache.com/uploads/Anja1973/881129063/224A6211_thumbnail.jpg', 'small_url': 'https://images4-g.ravelrycache.com/uploads/Anja1973/881129063/224A6211_small_best_fit.jpg', 'flickr_url': None, 'shelved_url': 'https://images4-g.ravelrycache.com/uploads/Anja1973/881129063/224A6211_shelved.jpg', 'medium2_url': 'https://images4-a.ravelrycache.com/uploads/Anja1973/881129063/224A6211_medium2.jpg', 'small2_url': 'https://images4-g.ravelrycache.com/uploads/Anja1973/881129063/224A6211_small2.jpg', 'caption': None, 'caption_html': None, 'copyright_holder': None}, {'id': 116056508, 'sort_order': 2, 'user_id': 1979023, 'x_offset': -35, 'y_offset': -5, 'square_url': 'https://images4-f.ravelrycache.com/uploads/osla/865559494/IMG_8356_square.JPG', 'medium_url': 'https://images4-g.ravelrycache.com/uploads/osla/865559494/IMG_8356_medium.JPG', 'thumbnail_url': 'https://images4-f.ravelrycache.com/uploads/osla/865559494/IMG_8356_thumbnail.JPG', 'small_url': 'https://images4-g.ravelrycache.com/uploads/osla/865559494/IMG_8356_small.JPG', 'flickr_url': None, 'shelved_url': 'https://images4-g.ravelrycache.com/uploads/osla/865559494/IMG_8356_shelved.JPG', 'medium2_url': 'https://images4-a.ravelrycache.com/uploads/osla/865559494/IMG_8356_medium2.JPG', 'small2_url': 'https://images4-f.ravelrycache.com/uploads/osla/865559494/IMG_8356_small2.JPG', 'caption': None, 'caption_html': None, 'copyright_holder': None}, {'id': 116045388, 'sort_order': 3, 'user_id': 251503, 'x_offset': -5, 'y_offset': -35, 'square_url': 'https://images4-f.ravelrycache.com/uploads/Wundergarn/865057065/IMG_20220714_085952461_HDR_square.jpg', 'medium_url': 'https://images4-g.ravelrycache.com/uploads/Wundergarn/865057065/IMG_20220714_085952461_HDR_medium.jpg', 'thumbnail_url': 'https://images4-g.ravelrycache.com/uploads/Wundergarn/865057065/IMG_20220714_085952461_HDR_thumbnail.jpg', 'small_url': 'https://images4-g.ravelrycache.com/uploads/Wundergarn/865057065/IMG_20220714_085952461_HDR_small.jpg', 'flickr_url': None, 'shelved_url': 'https://images4-g.ravelrycache.com/uploads/Wundergarn/865057065/IMG_20220714_085952461_HDR_shelved.jpg', 'medium2_url': 'https://images4-a.ravelrycache.com/uploads/Wundergarn/865057065/IMG_20220714_085952461_HDR_medium2.jpg', 'small2_url': 'https://images4-f.ravelrycache.com/uploads/Wundergarn/865057065/IMG_20220714_085952461_HDR_small2.jpg', 'caption': None, 'caption_html': None, 'copyright_holder': None}, {'id': 116045100, 'sort_order': 4, 'user_id': 670012, 'x_offset': -5, 'y_offset': -35, 'square_url': 'https://images4-g.ravelrycache.com/uploads/hadya/867225778/IMG_20220727_165210_square.jpg', 'medium_url': 'https://images4-f.ravelrycache.com/uploads/hadya/867225778/IMG_20220727_165210_medium.jpg', 'thumbnail_url': 'https://images4-g.ravelrycache.com/uploads/hadya/867225778/IMG_20220727_165210_thumbnail.jpg', 'small_url': 'https://images4-g.ravelrycache.com/uploads/hadya/867225778/IMG_20220727_165210_small.jpg', 'flickr_url': None, 'shelved_url': 'https://images4-g.ravelrycache.com/uploads/hadya/867225778/IMG_20220727_165210_shelved.jpg', 'medium2_url': 'https://images4-a.ravelrycache.com/uploads/hadya/867225778/IMG_20220727_165210_medium2.jpg', 'small2_url': 'https://images4-g.ravelrycache.com/uploads/hadya/867225778/IMG_20220727_165210_small2.jpg', 'caption': None, 'caption_html': None, 'copyright_holder': None}, {'id': 116044449, 'sort_order': 5, 'user_id': 1754523, 'x_offset': -35, 'y_offset': -1, 'square_url': 'https://images4-g.ravelrycache.com/uploads/baerchen97/871207107/20220820_142620_square.jpg', 'medium_url': 'https://images4-f.ravelrycache.com/uploads/baerchen97/871207107/20220820_142620_medium.jpg', 'thumbnail_url': 'https://images4-g.ravelrycache.com/uploads/baerchen97/871207107/20220820_142620_thumbnail.jpg', 'small_url': 'https://images4-g.ravelrycache.com/uploads/baerchen97/871207107/20220820_142620_small.jpg', 'flickr_url': None, 'shelved_url': 'https://images4-g.ravelrycache.com/uploads/baerchen97/871207107/20220820_142620_shelved.jpg', 'medium2_url': 'https://images4-a.ravelrycache.com/uploads/baerchen97/871207107/20220820_142620_medium2.jpg', 'small2_url': 'https://images4-g.ravelrycache.com/uploads/baerchen97/871207107/20220820_142620_small2.jpg', 'caption': None, 'caption_html': None, 'copyright_holder': None}, {'id': 116044377, 'sort_order': 6, 'user_id': 747645, 'x_offset': -35, 'y_offset': -5, 'square_url': 'https://images4-g.ravelrycache.com/uploads/Anja1973/873068776/E568708C-E089-472D-952B-F08FF104AAFE_square.jpeg', 'medium_url': 'https://images4-g.ravelrycache.com/uploads/Anja1973/873068776/E568708C-E089-472D-952B-F08FF104AAFE_medium.jpeg', 'thumbnail_url': 'https://images4-f.ravelrycache.com/uploads/Anja1973/873068776/E568708C-E089-472D-952B-F08FF104AAFE_thumbnail.jpeg', 'small_url': 'https://images4-g.ravelrycache.com/uploads/Anja1973/873068776/E568708C-E089-472D-952B-F08FF104AAFE_small.jpeg', 'flickr_url': None, 'shelved_url': 'https://images4-g.ravelrycache.com/uploads/Anja1973/873068776/E568708C-E089-472D-952B-F08FF104AAFE_shelved.jpeg', 'medium2_url': 'https://images4-a.ravelrycache.com/uploads/Anja1973/873068776/E568708C-E089-472D-952B-F08FF104AAFE_medium2.jpeg', 'small2_url': 'https://images4-f.ravelrycache.com/uploads/Anja1973/873068776/E568708C-E089-472D-952B-F08FF104AAFE_small2.jpeg', 'caption': None, 'caption_html': None, 'copyright_holder': None}, {'id': 116044330, 'sort_order': 7, 'user_id': 747645, 'x_offset': 0, 'y_offset': -17, 'square_url': 'https://images4-g.ravelrycache.com/uploads/Anja1973/881129548/224A6293_square.jpg', 'medium_url': 'https://images4-f.ravelrycache.com/uploads/Anja1973/881129548/224A6293_medium.jpg', 'thumbnail_url': 'https://images4-f.ravelrycache.com/uploads/Anja1973/881129548/224A6293_thumbnail.jpg', 'small_url': 'https://images4-f.ravelrycache.com/uploads/Anja1973/881129548/224A6293_small_best_fit.jpg', 'flickr_url': None, 'shelved_url': 'https://images4-g.ravelrycache.com/uploads/Anja1973/881129548/224A6293_shelved.jpg', 'medium2_url': 'https://images4-a.ravelrycache.com/uploads/Anja1973/881129548/224A6293_medium2.jpg', 'small2_url': 'https://images4-g.ravelrycache.com/uploads/Anja1973/881129548/224A6293_small2.jpg', 'caption': None, 'caption_html': None, 'copyright_holder': None}, {'id': 116044276, 'sort_order': 8, 'user_id': 747645, 'x_offset': -45, 'y_offset': 0, 'square_url': 'https://images4-g.ravelrycache.com/uploads/Anja1973/881129110/224A6208_1__square.jpg', 'medium_url': 'https://images4-f.ravelrycache.com/uploads/Anja1973/881129110/224A6208_1__medium.jpg', 'thumbnail_url': 'https://images4-f.ravelrycache.com/uploads/Anja1973/881129110/224A6208_1__thumbnail.jpg', 'small_url': 'https://images4-g.ravelrycache.com/uploads/Anja1973/881129110/224A6208_1__small_best_fit.jpg', 'flickr_url': None, 'shelved_url': 'https://images4-f.ravelrycache.com/uploads/Anja1973/881129110/224A6208_1__shelved.jpg', 'medium2_url': 'https://images4-a.ravelrycache.com/uploads/Anja1973/881129110/224A6208_1__medium2.jpg', 'small2_url': 'https://images4-g.ravelrycache.com/uploads/Anja1973/881129110/224A6208_1__small2.jpg', 'caption': None, 'caption_html': None, 'copyright_holder': None}, {'id': 116044271, 'sort_order': 9, 'user_id': 747645, 'x_offset': -37, 'y_offset': 0, 'square_url': 'https://images4-g.ravelrycache.com/uploads/Anja1973/881129080/224A6210_square.jpg', 'medium_url': 'https://images4-f.ravelrycache.com/uploads/Anja1973/881129080/224A6210_medium.jpg', 'thumbnail_url': 'https://images4-g.ravelrycache.com/uploads/Anja1973/881129080/224A6210_thumbnail.jpg', 'small_url': 'https://images4-g.ravelrycache.com/uploads/Anja1973/881129080/224A6210_small_best_fit.jpg', 'flickr_url': None, 'shelved_url': 'https://images4-f.ravelrycache.com/uploads/Anja1973/881129080/224A6210_shelved.jpg', 'medium2_url': 'https://images4-a.ravelrycache.com/uploads/Anja1973/881129080/224A6210_medium2.jpg', 'small2_url': 'https://images4-g.ravelrycache.com/uploads/Anja1973/881129080/224A6210_small2.jpg', 'caption': None, 'caption_html': None, 'copyright_holder': None}, {'id': 114920786, 'sort_order': 10, 'user_id': 747645, 'x_offset': -35, 'y_offset': -5, 'square_url': 'https://images4-g.ravelrycache.com/uploads/Anja1973/871913783/Familienrunde_Baby_square.jpeg', 'medium_url': 'https://images4-g.ravelrycache.com/uploads/Anja1973/871913783/Familienrunde_Baby_medium.jpeg', 'thumbnail_url': 'https://images4-g.ravelrycache.com/uploads/Anja1973/871913783/Familienrunde_Baby_thumbnail.jpeg', 'small_url': 'https://images4-f.ravelrycache.com/uploads/Anja1973/871913783/Familienrunde_Baby_small.jpeg', 'flickr_url': None, 'shelved_url': 'https://images4-f.ravelrycache.com/uploads/Anja1973/871913783/Familienrunde_Baby_shelved.jpeg', 'medium2_url': 'https://images4-a.ravelrycache.com/uploads/Anja1973/871913783/Familienrunde_Baby_medium2.jpeg', 'small2_url': 'https://images4-f.ravelrycache.com/uploads/Anja1973/871913783/Familienrunde_Baby_small2.jpeg', 'caption': None, 'caption_html': None, 'copyright_holder': None}]"
Ridgeland Pullover,Tamy  Gore,1265716,https://www.ravelry.com/patterns/library/ridgeland-pullover,False,https://images4-a.ravelrycache.com/uploads/TamyGore/872217643/20220826_072941_medium2.jpg,Knitting,"['adult', 'ribbed', 'stranded', 'seamless', 'short-rows', 'top-down', 'positive-ease', 'chart', 'written-pattern', 'in-the-round', 'twisted-stitches', 'schematic', 'circular-yoke']",19.0,4.142857142857143,True,4.0,blocked st st. on larger needles. ,pullover,DK,25,5.0,,"[{'id': 114931757, 'sort_order': 1, 'user_id': 4036872, 'x_offset': 0, 'y_offset': -1, 'square_url': 'https://images4-f.ravelrycache.com/uploads/TamyGore/872217643/20220826_072941_square.jpg', 'medium_url': 'https://images4-g.ravelrycache.com/uploads/TamyGore/872217643/20220826_072941_medium.jpg', 'thumbnail_url': 'https://images4-g.ravelrycache.com/uploads/TamyGore/872217643/20220826_072941_thumbnail.jpg', 'small_url': 'https://images4-g.ravelrycache.com/uploads/TamyGore/872217643/20220826_072941_small_best_fit.jpg', 'flickr_url': None, 'shelved_url': 'https://images4-g.ravelrycache.com/uploads/TamyGore/872217643/20220826_072941_shelved.jpg', 'medium2_url': 'https://images4-a.ravelrycache.com/uploads/TamyGore/872217643/20220826_072941_medium2.jpg', 'small2_url': 'https://images4-f.ravelrycache.com/uploads/TamyGore/872217643/20220826_072941_small2.jpg', 'caption': None, 'caption_html': None, 'copyright_holder': None}, {'id': 114926170, 'sort_order': 2, 'user_id': 4036872, 'x_offset': 0, 'y_offset': -23, 'square_url': 'https://images4-g.ravelrycache.com/uploads/TamyGore/872175275/20220825_192754_square.jpg', 'medium_url': 'https://images4-f.ravelrycache.com/uploads/TamyGore/872175275/20220825_192754_medium.jpg', 'thumbnail_url': 'https://images4-g.ravelrycache.com/uploads/TamyGore/872175275/20220825_192754_thumbnail.jpg', 'small_url': 'https://images4-f.ravelrycache.com/uploads/TamyGore/872175275/20220825_192754_small_best_fit.jpg', 'flickr_url': None, 'shelved_url': 'https://images4-f.ravelrycache.com/uploads/TamyGore/872175275/20220825_192754_shelved.jpg', 'medium2_url': 'https://images4-a.ravelrycache.com/uploads/TamyGore/872175275/20220825_192754_medium2.jpg', 'small2_url': 'https://images4-g.ravelrycache.com/uploads/TamyGore/872175275/20220825_192754_small2.jpg', 'caption': None, 'caption_html': None, 'copyright_holder': None}, {'id': 114938370, 'sort_order': 3, 'user_id': 8886820, 'x_offset': -35, 'y_offset': -5, 'square_url': 'https://images4-f.ravelrycache.com/uploads/wandercatalogue/872243548/3049B20F-9514-4E61-91F5-F0935ABF78BD_1_201_a_square.heic', 'medium_url': 'https://images4-f.ravelrycache.com/uploads/wandercatalogue/872243548/3049B20F-9514-4E61-91F5-F0935ABF78BD_1_201_a_medium.heic', 'thumbnail_url': 'https://images4-f.ravelrycache.com/uploads/wandercatalogue/872243548/3049B20F-9514-4E61-91F5-F0935ABF78BD_1_201_a_thumbnail.heic', 'small_url': 'https://images4-f.ravelrycache.com/uploads/wandercatalogue/872243548/3049B20F-9514-4E61-91F5-F0935ABF78BD_1_201_a_small.heic', 'flickr_url': None, 'shelved_url': 'https://images4-f.ravelrycache.com/uploads/wandercatalogue/872243548/3049B20F-9514-4E61-91F5-F0935ABF78BD_1_201_a_shelved.heic', 'medium2_url': 'https://images4-a.ravelrycache.com/uploads/wandercatalogue/872243548/3049B20F-9514-4E61-91F5-F0935ABF78BD_1_201_a_medium2.heic', 'small2_url': 'https://images4-g.ravelrycache.com/uploads/wandercatalogue/872243548/3049B20F-9514-4E61-91F5-F0935ABF78BD_1_201_a_small2.heic', 'caption': None, 'caption_html': None, 'copyright_holder': None}, {'id': 114935005, 'sort_order': 4, 'user_id': 129812, 'x_offset': 0, 'y_offset': 0, 'square_url': 'https://images4-f.ravelrycache.com/uploads/lilalu/859253543/B3D5BC17-57BA-4DA7-AEC8-700D98083910_1_201_a_square.jpeg', 'medium_url': 'https://images4-f.ravelrycache.com/uploads/lilalu/859253543/B3D5BC17-57BA-4DA7-AEC8-700D98083910_1_201_a_medium.jpeg', 'thumbnail_url': 'https://images4-g.ravelrycache.com/uploads/lilalu/859253543/B3D5BC17-57BA-4DA7-AEC8-700D98083910_1_201_a_thumbnail.jpeg', 'small_url': 'https://images4-g.ravelrycache.com/uploads/lilalu/859253543/B3D5BC17-57BA-4DA7-AEC8-700D98083910_1_201_a_small_best_fit.jpeg', 'flickr_url': None, 'shelved_url': 'https://images4-f.ravelrycache.com/uploads/lilalu/859253543/B3D5BC17-57BA-4DA7-AEC8-700D98083910_1_201_a_shelved.jpeg', 'medium2_url': 'https://images4-a.ravelrycache.com/uploads/lilalu/859253543/B3D5BC17-57BA-4DA7-AEC8-700D98083910_1_201_a_medium2.jpeg', 'small2_url': 'https://images4-g.ravelrycache.com/uploads/lilalu/859253543/B3D5BC17-57BA-4DA7-AEC8-700D98083910_1_201_a_small2.jpeg', 'caption': None, 'caption_html': None, 'copyright_holder': None}, {'id': 114926175, 'sort_order': 5, 'user_id': 4036872, 'x_offset': 0, 'y_offset': -52, 'square_url': 'https://images4-f.ravelrycache.com/uploads/TamyGore/872175272/20220825_205503_square.jpg', 'medium_url': 'https://images4-g.ravelrycache.com/uploads/TamyGore/872175272/20220825_205503_medium.jpg', 'thumbnail_url': 'https://images4-g.ravelrycache.com/uploads/TamyGore/872175272/20220825_205503_thumbnail.jpg', 'small_url': 'https://images4-f.ravelrycache.com/uploads/TamyGore/872175272/20220825_205503_small_best_fit.jpg', 'flickr_url': None, 'shelved_url': 'https://images4-f.ravelrycache.com/uploads/TamyGore/872175272/20220825_205503_shelved.jpg', 'medium2_url': 'https://images4-a.ravelrycache.com/uploads/TamyGore/872175272/20220825_205503_medium2.jpg', 'small2_url': 'https://images4-f.ravelrycache.com/uploads/TamyGore/872175272/20220825_205503_small2.jpg', 'caption': None, 'caption_html': None, 'copyright_holder': None}, {'id': 114962442, 'sort_order': 6, 'user_id': 2859149, 'x_offset': -5, 'y_offset': -35, 'square_url': 'https://images4-f.ravelrycache.com/uploads/AstyKnits/858111104/4C0238B0-C44B-4AF4-863F-721785F867FA_square.jpeg', 'medium_url': 'https://images4-f.ravelrycache.com/uploads/AstyKnits/858111104/4C0238B0-C44B-4AF4-863F-721785F867FA_medium.jpeg', 'thumbnail_url': 'https://images4-f.ravelrycache.com/uploads/AstyKnits/858111104/4C0238B0-C44B-4AF4-863F-721785F867FA_thumbnail.jpeg', 'small_url': 'https://images4-f.ravelrycache.com/uploads/AstyKnits/858111104/4C0238B0-C44B-4AF4-863F-721785F867FA_small.jpeg', 'flickr_url': None, 'shelved_url': 'https://images4-g.ravelrycache.com/uploads/AstyKnits/858111104/4C0238B0-C44B-4AF4-863F-721785F867FA_shelved.jpeg', 'medium2_url': 'https://images4-a.ravelrycache.com/uploads/AstyKnits/858111104/4C0238B0-C44B-4AF4-863F-721785F867FA_medium2.jpeg', 'small2_url': 'https://images4-g.ravelrycache.com/uploads/AstyKnits/858111104/4C0238B0-C44B-4AF4-863F-721785F867FA_small2.jpeg', 'caption': None, 'caption_html': None, 'copyright_holder': None}, {'id': 114961685, 'sort_order': 7, 'user_id': 6701626, 'x_offset': -5, 'y_offset': -35, 'square_url': 'https://images4-g.ravelrycache.com/uploads/BooksWoolandTea/858642995/20220604_175954_square.jpg', 'medium_url': 'https://images4-f.ravelrycache.com/uploads/BooksWoolandTea/858642995/20220604_175954_medium.jpg', 'thumbnail_url': 'https://images4-f.ravelrycache.com/uploads/BooksWoolandTea/858642995/20220604_175954_thumbnail.jpg', 'small_url': 'https://images4-g.ravelrycache.com/uploads/BooksWoolandTea/858642995/20220604_175954_small.jpg', 'flickr_url': None, 'shelved_url': 'https://images4-g.ravelrycache.com/uploads/BooksWoolandTea/858642995/20220604_175954_shelved.jpg', 'medium2_url': 'https://images4-a.ravelrycache.com/uploads/BooksWoolandTea/858642995/20220604_175954_medium2.jpg', 'small2_url': 'https://images4-g.ravelrycache.com/uploads/BooksWoolandTea/858642995/20220604_175954_small2.jpg', 'caption': None, 'caption_html': None, 'copyright_holder': None}, {'id': 114940476, 'sort_order': 8, 'user_id': 336679, 'x_offset': -50, 'y_offset': 1, 'square_url': 'https://images4-g.ravelrycache.com/uploads/Pilatesgal56/872216594/92C57130-8AB4-4A55-AEBC-A6A7EE4AE637_square.jpeg', 'medium_url': 'https://images4-g.ravelrycache.com/uploads/Pilatesgal56/872216594/92C57130-8AB4-4A55-AEBC-A6A7EE4AE637_medium.jpeg', 'thumbnail_url': 'https://images4-f.ravelrycache.com/uploads/Pilatesgal56/872216594/92C57130-8AB4-4A55-AEBC-A6A7EE4AE637_thumbnail.jpeg', 'small_url': 'https://images4-g.ravelrycache.com/uploads/Pilatesgal56/872216594/92C57130-8AB4-4A55-AEBC-A6A7EE4AE637_small_best_fit.jpeg', 'flickr_url': None, 'shelved_url': 'https://images4-g.ravelrycache.com/uploads/Pilatesgal56/872216594/92C57130-8AB4-4A55-AEBC-A6A7EE4AE637_shelved.jpeg', 'medium2_url': 'https://images4-a.ravelrycache.com/uploads/Pilatesgal56/872216594/92C57130-8AB4-4A55-AEBC-A6A7EE4AE637_medium2.jpeg', 'small2_url': 'https://images4-f.ravelrycache.com/uploads/Pilatesgal56/872216594/92C57130-8AB4-4A55-AEBC-A6A7EE4AE637_small2.jpeg', 'caption': None, 'caption_html': None, 'copyright_holder': None}, {'id': 114932442, 'sort_order': 9, 'user_id': 1318752, 'x_offset': -5, 'y_offset': -35, 'square_url': 'https://images4-f.ravelrycache.com/uploads/thlang/864384488/78A8956D-C124-4670-B9B1-C0D7ED4DFDF7_square.jpeg', 'medium_url': 'https://images4-f.ravelrycache.com/uploads/thlang/864384488/78A8956D-C124-4670-B9B1-C0D7ED4DFDF7_medium.jpeg', 'thumbnail_url': 'https://images4-f.ravelrycache.com/uploads/thlang/864384488/78A8956D-C124-4670-B9B1-C0D7ED4DFDF7_thumbnail.jpeg', 'small_url': 'https://images4-f.ravelrycache.com/uploads/thlang/864384488/78A8956D-C124-4670-B9B1-C0D7ED4DFDF7_small.jpeg', 'flickr_url': None, 'shelved_url': 'https://images4-g.ravelrycache.com/uploads/thlang/864384488/78A8956D-C124-4670-B9B1-C0D7ED4DFDF7_shelved.jpeg', 'medium2_url': 'https://images4-a.ravelrycache.com/uploads/thlang/864384488/78A8956D-C124-4670-B9B1-C0D7ED4DFDF7_medium2.jpeg', 'small2_url': 'https://images4-g.ravelrycache.com/uploads/thlang/864384488/78A8956D-C124-4670-B9B1-C0D7ED4DFDF7_small2.jpeg', 'caption': None, 'caption_html': None, 'copyright_holder': None}, {'id': 114938493, 'sort_order': 10, 'user_id': 244717, 'x_offset': -35, 'y_offset': -5, 'square_url': 'https://images4-g.ravelrycache.com/uploads/sarasmithknits/867600083/B184A6C2-C7BA-4B8E-9A0C-60F320B31856_square.jpeg', 'medium_url': 'https://images4-g.ravelrycache.com/uploads/sarasmithknits/867600083/B184A6C2-C7BA-4B8E-9A0C-60F320B31856_medium.jpeg', 'thumbnail_url': 'https://images4-g.ravelrycache.com/uploads/sarasmithknits/867600083/B184A6C2-C7BA-4B8E-9A0C-60F320B31856_thumbnail.jpeg', 'small_url': 'https://images4-g.ravelrycache.com/uploads/sarasmithknits/867600083/B184A6C2-C7BA-4B8E-9A0C-60F320B31856_small.jpeg', 'flickr_url': None, 'shelved_url': 'https://images4-g.ravelrycache.com/uploads/sarasmithknits/867600083/B184A6C2-C7BA-4B8E-9A0C-60F320B31856_shelved.jpeg', 'medium2_url': 'https://images4-a.ravelrycache.com/uploads/sarasmithknits/867600083/B184A6C2-C7BA-4B8E-9A0C-60F320B31856_medium2.jpeg', 'small2_url': 'https://images4-f.ravelrycache.com/uploads/sarasmithknits/867600083/B184A6C2-C7BA-4B8E-9A0C-60F320B31856_small2.jpeg', 'caption': None, 'caption_html': None, 'copyright_holder': None}, {'id': 114938367, 'sort_order': 11, 'user_id': 8886820, 'x_offset': -35, 'y_offset': -5, 'square_url': 'https://images4-g.ravelrycache.com/uploads/wandercatalogue/872243593/6E1D771A-B38D-4BBB-8B30-AE92D2219AE6_1_201_a_square.heic', 'medium_url': 'https://images4-g.ravelrycache.com/uploads/wandercatalogue/872243593/6E1D771A-B38D-4BBB-8B30-AE92D2219AE6_1_201_a_medium.heic', 'thumbnail_url': 'https://images4-g.ravelrycache.com/uploads/wandercatalogue/872243593/6E1D771A-B38D-4BBB-8B30-AE92D2219AE6_1_201_a_thumbnail.heic', 'small_url': 'https://images4-g.ravelrycache.com/uploads/wandercatalogue/872243593/6E1D771A-B38D-4BBB-8B30-AE92D2219AE6_1_201_a_small.heic', 'flickr_url': None, 'shelved_url': 'https://images4-f.ravelrycache.com/uploads/wandercatalogue/872243593/6E1D771A-B38D-4BBB-8B30-AE92D2219AE6_1_201_a_shelved.heic', 'medium2_url': 'https://images4-a.ravelrycache.com/uploads/wandercatalogue/872243593/6E1D771A-B38D-4BBB-8B30-AE92D2219AE6_1_201_a_medium2.heic', 'small2_url': 'https://images4-f.ravelrycache.com/uploads/wandercatalogue/872243593/6E1D771A-B38D-4BBB-8B30-AE92D2219AE6_1_201_a_small2.heic', 'caption': None, 'caption_html': None, 'copyright_holder': None}, {'id': 114933786, 'sort_order': 12, 'user_id': 44191, 'x_offset': -6, 'y_offset': -35, 'square_url': 'https://images4-f.ravelrycache.com/uploads/knitnpurlen/855895133/88020BF0-45CB-4B39-87CA-5EA26FBE5872_square.jpeg', 'medium_url': 'https://images4-f.ravelrycache.com/uploads/knitnpurlen/855895133/88020BF0-45CB-4B39-87CA-5EA26FBE5872_medium.jpeg', 'thumbnail_url': 'https://images4-g.ravelrycache.com/uploads/knitnpurlen/855895133/88020BF0-45CB-4B39-87CA-5EA26FBE5872_thumbnail.jpeg', 'small_url': 'https://images4-f.ravelrycache.com/uploads/knitnpurlen/855895133/88020BF0-45CB-4B39-87CA-5EA26FBE5872_small.jpeg', 'flickr_url': None, 'shelved_url': 'https://images4-g.ravelrycache.com/uploads/knitnpurlen/855895133/88020BF0-45CB-4B39-87CA-5EA26FBE5872_shelved.jpeg', 'medium2_url': 'https://images4-a.ravelrycache.com/uploads/knitnpurlen/855895133/88020BF0-45CB-4B39-87CA-5EA26FBE5872_medium2.jpeg', 'small2_url': 'https://images4-g.ravelrycache.com/uploads/knitnpurlen/855895133/88020BF0-45CB-4B39-87CA-5EA26FBE5872_small2.jpeg', 'caption': None, 'caption_html': None, 'copyright_holder': None}, {'id': 114926174, 'sort_order': 13, 'user_id': 4036872, 'x_offset': -6, 'y_offset': -35, 'square_url': 'https://images4-g.ravelrycache.com/uploads/TamyGore/872175278/20220822_101827_square.jpg', 'medium_url': 'https://images4-f.ravelrycache.com/uploads/TamyGore/872175278/20220822_101827_medium.jpg', 'thumbnail_url': 'https://images4-g.ravelrycache.com/uploads/TamyGore/872175278/20220822_101827_thumbnail.jpg', 'small_url': 'https://images4-f.ravelrycache.com/uploads/TamyGore/872175278/20220822_101827_small.jpg', 'flickr_url': None, 'shelved_url': 'https://images4-f.ravelrycache.com/uploads/TamyGore/872175278/20220822_101827_shelved.jpg', 'medium2_url': 'https://images4-a.ravelrycache.com/uploads/TamyGore/872175278/20220822_101827_medium2.jpg', 'small2_url': 'https://images4-g.ravelrycache.com/uploads/TamyGore/872175278/20220822_101827_small2.jpg', 'caption': None, 'caption_html': None, 'copyright_holder': None}, {'id': 114926172, 'sort_order': 14, 'user_id': 4036872, 'x_offset': -5, 'y_offset': -35, 'square_url': 'https://images4-f.ravelrycache.com/uploads/TamyGore/872175276/20211016_213944_square.jpg', 'medium_url': 'https://images4-g.ravelrycache.com/uploads/TamyGore/872175276/20211016_213944_medium.jpg', 'thumbnail_url': 'https://images4-g.ravelrycache.com/uploads/TamyGore/872175276/20211016_213944_thumbnail.jpg', 'small_url': 'https://images4-g.ravelrycache.com/uploads/TamyGore/872175276/20211016_213944_small.jpg', 'flickr_url': None, 'shelved_url': 'https://images4-f.ravelrycache.com/uploads/TamyGore/872175276/20211016_213944_shelved.jpg', 'medium2_url': 'https://images4-a.ravelrycache.com/uploads/TamyGore/872175276/20211016_213944_medium2.jpg', 'small2_url': 'https://images4-f.ravelrycache.com/uploads/TamyGore/872175276/20211016_213944_small2.jpg', 'caption': None, 'caption_html': None, 'copyright_holder': None}, {'id': 114926177, 'sort_order': 15, 'user_id': 4036872, 'x_offset': 0, 'y_offset': -16, 'square_url': 'https://images4-f.ravelrycache.com/uploads/TamyGore/872175274/20220825_220613_square.jpg', 'medium_url': 'https://images4-g.ravelrycache.com/uploads/TamyGore/872175274/20220825_220613_medium.jpg', 'thumbnail_url': 'https://images4-f.ravelrycache.com/uploads/TamyGore/872175274/20220825_220613_thumbnail.jpg', 'small_url': 'https://images4-g.ravelrycache.com/uploads/TamyGore/872175274/20220825_220613_small_best_fit.jpg', 'flickr_url': None, 'shelved_url': 'https://images4-f.ravelrycache.com/uploads/TamyGore/872175274/20220825_220613_shelved.jpg', 'medium2_url': 'https://images4-a.ravelrycache.com/uploads/TamyGore/872175274/20220825_220613_medium2.jpg', 'small2_url': 'https://images4-f.ravelrycache.com/uploads/TamyGore/872175274/20220825_220613_small2.jpg', 'caption': None, 'caption_html': None, 'copyright_holder': None}, {'id': 114926173, 'sort_order': 16, 'user_id': 4036872, 'x_offset': 0, 'y_offset': -3, 'square_url': 'https://images4-f.ravelrycache.com/uploads/TamyGore/872175273/20220825_170606_square.jpg', 'medium_url': 'https://images4-g.ravelrycache.com/uploads/TamyGore/872175273/20220825_170606_medium.jpg', 'thumbnail_url': 'https://images4-g.ravelrycache.com/uploads/TamyGore/872175273/20220825_170606_thumbnail.jpg', 'small_url': 'https://images4-g.ravelrycache.com/uploads/TamyGore/872175273/20220825_170606_small_best_fit.jpg', 'flickr_url': None, 'shelved_url': 'https://images4-g.ravelrycache.com/uploads/TamyGore/872175273/20220825_170606_shelved.jpg', 'medium2_url': 'https://images4-a.ravelrycache.com/uploads/TamyGore/872175273/20220825_170606_medium2.jpg', 'small2_url': 'https://images4-f.ravelrycache.com/uploads/TamyGore/872175273/20220825_170606_small2.jpg', 'caption': None, 'caption_html': None, 'copyright_holder': None}, {'id': 114926171, 'sort_order': 17, 'user_id': 4036872, 'x_offset': 0, 'y_offset': -58, 'square_url': 'https://images4-f.ravelrycache.com/uploads/TamyGore/872175277/20220420_090522_square.jpg', 'medium_url': 'https://images4-g.ravelrycache.com/uploads/TamyGore/872175277/20220420_090522_medium.jpg', 'thumbnail_url': 'https://images4-f.ravelrycache.com/uploads/TamyGore/872175277/20220420_090522_thumbnail.jpg', 'small_url': 'https://images4-g.ravelrycache.com/uploads/TamyGore/872175277/20220420_090522_small_best_fit.jpg', 'flickr_url': None, 'shelved_url': 'https://images4-g.ravelrycache.com/uploads/TamyGore/872175277/20220420_090522_shelved.jpg', 'medium2_url': 'https://images4-a.ravelrycache.com/uploads/TamyGore/872175277/20220420_090522_medium2.jpg', 'small2_url': 'https://images4-f.ravelrycache.com/uploads/TamyGore/872175277/20220420_090522_small2.jpg', 'caption': None, 'caption_html': None, 'copyright_holder': None}, {'id': 114926176, 'sort_order': 18, 'user_id': 4036872, 'x_offset': -6, 'y_offset': 0, 'square_url': 'https://images4-g.ravelrycache.com/uploads/TamyGore/872175280/20220825_171236_square.jpg', 'medium_url': 'https://images4-f.ravelrycache.com/uploads/TamyGore/872175280/20220825_171236_medium.jpg', 'thumbnail_url': 'https://images4-f.ravelrycache.com/uploads/TamyGore/872175280/20220825_171236_thumbnail.jpg', 'small_url': 'https://images4-g.ravelrycache.com/uploads/TamyGore/872175280/20220825_171236_small_best_fit.jpg', 'flickr_url': None, 'shelved_url': 'https://images4-g.ravelrycache.com/uploads/TamyGore/872175280/20220825_171236_shelved.jpg', 'medium2_url': 'https://images4-a.ravelrycache.com/uploads/TamyGore/872175280/20220825_171236_medium2.jpg', 'small2_url': 'https://images4-g.ravelrycache.com/uploads/TamyGore/872175280/20220825_171236_small2.jpg', 'caption': None, 'caption_html': None, 'copyright_holder': None}, {'id': 114926178, 'sort_order': 19, 'user_id': 4036872, 'x_offset': 0, 'y_offset': -16, 'square_url': 'https://images4-f.ravelrycache.com/uploads/TamyGore/872175271/20220825_171457_square.jpg', 'medium_url': 'https://images4-g.ravelrycache.com/uploads/TamyGore/872175271/20220825_171457_medium.jpg', 'thumbnail_url': 'https://images4-f.ravelrycache.com/uploads/TamyGore/872175271/20220825_171457_thumbnail.jpg', 'small_url': 'https://images4-g.ravelrycache.com/uploads/TamyGore/872175271/20220825_171457_small_best_fit.jpg', 'flickr_url': None, 'shelved_url': 'https://images4-g.ravelrycache.com/uploads/TamyGore/872175271/20220825_171457_shelved.jpg', 'medium2_url': 'https://images4-a.ravelrycache.com/uploads/TamyGore/872175271/20220825_171457_medium2.jpg', 'small2_url': 'https://images4-f.ravelrycache.com/uploads/TamyGore/872175271/20220825_171457_small2.jpg', 'caption': None, 'caption_html': None, 'copyright_holder': None}]"
トライアングルツリーのヨーク模様セーター〈M・L size〉,Mariko Oka (岡まり子),1265802,https://www.ravelry.com/patterns/library/ml-size,False,https://images4-a.ravelrycache.com/uploads/yokota-daruma/872205140/pattern_pb7_160_medium2.jpg,Knitting,"['female', 'adult']",,0.0,False,4.0,,pullover,Sport,11,0.0,〈Mサイズ〉 胸囲104cm、着丈55.5cm、ゆき丈71cm    〈Lサイズ〉 胸囲116cm、着丈60.5cm、ゆき丈75cm,"[{'id': 114930092, 'sort_order': 1, 'user_id': 2544082, 'x_offset': 1, 'y_offset': -24, 'square_url': 'https://images4-f.ravelrycache.com/uploads/yokota-daruma/872205140/pattern_pb7_160_square.jpg', 'medium_url': 'https://images4-g.ravelrycache.com/uploads/yokota-daruma/872205140/pattern_pb7_160_medium.jpg', 'thumbnail_url': 'https://images4-g.ravelrycache.com/uploads/yokota-daruma/872205140/pattern_pb7_160_thumbnail.jpg', 'small_url': 'https://images4-g.ravelrycache.com/uploads/yokota-daruma/872205140/pattern_pb7_160_small_best_fit.jpg', 'flickr_url': None, 'shelved_url': 'https://images4-g.ravelrycache.com/uploads/yokota-daruma/872205140/pattern_pb7_160_shelved.jpg', 'medium2_url': 'https://images4-a.ravelrycache.com/uploads/yokota-daruma/872205140/pattern_pb7_160_medium2.jpg', 'small2_url': 'https://images4-f.ravelrycache.com/uploads/yokota-daruma/872205140/pattern_pb7_160_small2.jpg', 'caption': None, 'caption_html': None, 'copyright_holder': None}, {'id': 114930093, 'sort_order': 2, 'user_id': 2544082, 'x_offset': 0, 'y_offset': -43, 'square_url': 'https://images4-f.ravelrycache.com/uploads/yokota-daruma/872205149/cut_745_l_square.jpg', 'medium_url': 'https://images4-g.ravelrycache.com/uploads/yokota-daruma/872205149/cut_745_l_medium.jpg', 'thumbnail_url': 'https://images4-g.ravelrycache.com/uploads/yokota-daruma/872205149/cut_745_l_thumbnail.jpg', 'small_url': 'https://images4-f.ravelrycache.com/uploads/yokota-daruma/872205149/cut_745_l_small_best_fit.jpg', 'flickr_url': None, 'shelved_url': 'https://images4-g.ravelrycache.com/uploads/yokota-daruma/872205149/cut_745_l_shelved.jpg', 'medium2_url': 'https://images4-a.ravelrycache.com/uploads/yokota-daruma/872205149/cut_745_l_medium2.jpg', 'small2_url': 'https://images4-f.ravelrycache.com/uploads/yokota-daruma/872205149/cut_745_l_small2.jpg', 'caption': None, 'caption_html': None, 'copyright_holder': None}, {'id': 114930094, 'sort_order': 3, 'user_id': 2544082, 'x_offset': 0, 'y_offset': -43, 'square_url': 'https://images4-f.ravelrycache.com/uploads/yokota-daruma/872205305/cut_825_l_square.jpg', 'medium_url': 'https://images4-g.ravelrycache.com/uploads/yokota-daruma/872205305/cut_825_l_medium.jpg', 'thumbnail_url': 'https://images4-g.ravelrycache.com/uploads/yokota-daruma/872205305/cut_825_l_thumbnail.jpg', 'small_url': 'https://images4-f.ravelrycache.com/uploads/yokota-daruma/872205305/cut_825_l_small_best_fit.jpg', 'flickr_url': None, 'shelved_url': 'https://images4-f.ravelrycache.com/uploads/yokota-daruma/872205305/cut_825_l_shelved.jpg', 'medium2_url': 'https://images4-a.ravelrycache.com/uploads/yokota-daruma/872205305/cut_825_l_medium2.jpg', 'small2_url': 'https://images4-f.ravelrycache.com/uploads/yokota-daruma/872205305/cut_825_l_small2.jpg', 'caption': None, 'caption_html': None, 'copyright_holder': None}, {'id': 114930095, 'sort_order': 4, 'user_id': 2544082, 'x_offset': 0, 'y_offset': -43, 'square_url': 'https://images4-f.ravelrycache.com/uploads/yokota-daruma/872205118/pattern_pb7_170_square.jpg', 'medium_url': 'https://images4-g.ravelrycache.com/uploads/yokota-daruma/872205118/pattern_pb7_170_medium.jpg', 'thumbnail_url': 'https://images4-f.ravelrycache.com/uploads/yokota-daruma/872205118/pattern_pb7_170_thumbnail.jpg', 'small_url': 'https://images4-g.ravelrycache.com/uploads/yokota-daruma/872205118/pattern_pb7_170_small_best_fit.jpg', 'flickr_url': None, 'shelved_url': 'https://images4-g.ravelrycache.com/uploads/yokota-daruma/872205118/pattern_pb7_170_shelved.jpg', 'medium2_url': 'https://images4-a.ravelrycache.com/uploads/yokota-daruma/872205118/pattern_pb7_170_medium2.jpg', 'small2_url': 'https://images4-f.ravelrycache.com/uploads/yokota-daruma/872205118/pattern_pb7_170_small2.jpg', 'caption': None, 'caption_html': None, 'copyright_holder': None}]"
Pull Beige Bébé Jacquard Moutons Ingrid - M2682,Bergère de France,1265825,https://www.ravelry.com/patterns/library/pull-beige-bebe-jacquard-moutons-ingrid---m2682,False,https://images4-a.ravelrycache.com/uploads/Bergeredefrance/872210948/M2682-02_02_20221697-a_medium2.jpg,Knitting,"['unisex', 'baby', 'newborn-size', 'toddler', 'fitted', 'chart', 'schematic']",21.0,0.0,True,4.0,,baby,DK,7,0.0,"6, 12, 18, 24, 36 mois","[{'id': 114930842, 'sort_order': 1, 'user_id': 1548345, 'x_offset': -3, 'y_offset': -35, 'square_url': 'https://images4-f.ravelrycache.com/uploads/Bergeredefrance/872210948/M2682-02_02_20221697-a_square.jpg', 'medium_url': 'https://images4-g.ravelrycache.com/uploads/Bergeredefrance/872210948/M2682-02_02_20221697-a_medium.jpg', 'thumbnail_url': 'https://images4-f.ravelrycache.com/uploads/Bergeredefrance/872210948/M2682-02_02_20221697-a_thumbnail.jpg', 'small_url': 'https://images4-f.ravelrycache.com/uploads/Bergeredefrance/872210948/M2682-02_02_20221697-a_small.jpg', 'flickr_url': None, 'shelved_url': 'https://images4-f.ravelrycache.com/uploads/Bergeredefrance/872210948/M2682-02_02_20221697-a_shelved.jpg', 'medium2_url': 'https://images4-a.ravelrycache.com/uploads/Bergeredefrance/872210948/M2682-02_02_20221697-a_medium2.jpg', 'small2_url': 'https://images4-f.ravelrycache.com/uploads/Bergeredefrance/872210948/M2682-02_02_20221697-a_small2.jpg', 'caption': None, 'caption_html': None, 'copyright_holder': None}, {'id': 114930843, 'sort_order': 2, 'user_id': 1548345, 'x_offset': -3, 'y_offset': -35, 'square_url': 'https://images4-f.ravelrycache.com/uploads/Bergeredefrance/872210949/M2682-02_02_20221672-g_square.jpg', 'medium_url': 'https://images4-g.ravelrycache.com/uploads/Bergeredefrance/872210949/M2682-02_02_20221672-g_medium.jpg', 'thumbnail_url': 'https://images4-g.ravelrycache.com/uploads/Bergeredefrance/872210949/M2682-02_02_20221672-g_thumbnail.jpg', 'small_url': 'https://images4-g.ravelrycache.com/uploads/Bergeredefrance/872210949/M2682-02_02_20221672-g_small.jpg', 'flickr_url': None, 'shelved_url': 'https://images4-f.ravelrycache.com/uploads/Bergeredefrance/872210949/M2682-02_02_20221672-g_shelved.jpg', 'medium2_url': 'https://images4-a.ravelrycache.com/uploads/Bergeredefrance/872210949/M2682-02_02_20221672-g_medium2.jpg', 'small2_url': 'https://images4-f.ravelrycache.com/uploads/Bergeredefrance/872210949/M2682-02_02_20221672-g_small2.jpg', 'caption': None, 'caption_html': None, 'copyright_holder': None}]"
Polar Bear Sweater | Christmas Winter Design,Rose Marinne,1265851,https://www.ravelry.com/patterns/library/polar-bear-sweater--christmas-winter-design,False,https://images4-a.ravelrycache.com/uploads/rosemarinne/872228009/IMG_5015_medium2.JPG,Knitting,"['unisex', 'teen', 'adult', 'long-sleeve', 'stranded', 'one-piece', 'top-down', 'chart', 'written-pattern', 'in-the-round', 'stripes-colorwork', 'oversized', 'circular-yoke', 'mock-turtleneck', 'seamless', 'male', 'female']",20.0,0.0,True,4.0,,pullover,Worsted,4,4.0,S (M) L (XL),"[{'id': 114933034, 'sort_order': 1, 'user_id': 9857627, 'x_offset': 0, 'y_offset': -34, 'square_url': 'https://images4-g.ravelrycache.com/uploads/rosemarinne/872228009/IMG_5015_square.JPG', 'medium_url': 'https://images4-f.ravelrycache.com/uploads/rosemarinne/872228009/IMG_5015_medium.JPG', 'thumbnail_url': 'https://images4-g.ravelrycache.com/uploads/rosemarinne/872228009/IMG_5015_thumbnail.JPG', 'small_url': 'https://images4-g.ravelrycache.com/uploads/rosemarinne/872228009/IMG_5015_small_best_fit.JPG', 'flickr_url': None, 'shelved_url': 'https://images4-g.ravelrycache.com/uploads/rosemarinne/872228009/IMG_5015_shelved.JPG', 'medium2_url': 'https://images4-a.ravelrycache.com/uploads/rosemarinne/872228009/IMG_5015_medium2.JPG', 'small2_url': 'https://images4-g.ravelrycache.com/uploads/rosemarinne/872228009/IMG_5015_small2.JPG', 'caption': None, 'caption_html': None, 'copyright_holder': None}, {'id': 136334355, 'sort_order': 2, 'user_id': 233236, 'x_offset': -5, 'y_offset': -35, 'square_url': 'https://images4-g.ravelrycache.com/uploads/cvlunn/1038203871/IMG_2567_square.jpeg', 'medium_url': 'https://images4-g.ravelrycache.com/uploads/cvlunn/1038203871/IMG_2567_medium.jpeg', 'thumbnail_url': 'https://images4-g.ravelrycache.com/uploads/cvlunn/1038203871/IMG_2567_thumbnail.jpeg', 'small_url': 'https://images4-f.ravelrycache.com/uploads/cvlunn/1038203871/IMG_2567_small.jpeg', 'flickr_url': None, 'shelved_url': 'https://images4-f.ravelrycache.com/uploads/cvlunn/1038203871/IMG_2567_shelved.jpeg', 'medium2_url': 'https://images4-a.ravelrycache.com/uploads/cvlunn/1038203871/IMG_2567_medium2.jpeg', 'small2_url': 'https://images4-f.ravelrycache.com/uploads/cvlunn/1038203871/IMG_2567_small2.jpeg', 'caption': None, 'caption_html': None, 'copyright_holder': None}, {'id': 117885664, 'sort_order': 3, 'user_id': 9857627, 'x_offset': 1, 'y_offset': -34, 'square_url': 'https://images4-f.ravelrycache.com/uploads/rosemarinne/895989419/IMG_1104_square.JPG', 'medium_url': 'https://images4-g.ravelrycache.com/uploads/rosemarinne/895989419/IMG_1104_medium.JPG', 'thumbnail_url': 'https://images4-g.ravelrycache.com/uploads/rosemarinne/895989419/IMG_1104_thumbnail.JPG', 'small_url': 'https://images4-g.ravelrycache.com/uploads/rosemarinne/895989419/IMG_1104_small_best_fit.JPG', 'flickr_url': None, 'shelved_url': 'https://images4-g.ravelrycache.com/uploads/rosemarinne/895989419/IMG_1104_shelved.JPG', 'medium2_url': 'https://images4-a.ravelrycache.com/uploads/rosemarinne/895989419/IMG_1104_medium2.JPG', 'small2_url': 'https://images4-f.ravelrycache.com/uploads/rosemarinne/895989419/IMG_1104_small2.JPG', 'caption': None, 'caption_html': None, 'copyright_holder': None}, {'id': 114933209, 'sort_order': 4, 'user_id': 9857627, 'x_offset': -3, 'y_offset': -1, 'square_url': 'https://images4-f.ravelrycache.com/uploads/rosemarinne/872229216/IMG_0902_square.JPG', 'medium_url': 'https://images4-g.ravelrycache.com/uploads/rosemarinne/872229216/IMG_0902_medium.JPG', 'thumbnail_url': 'https://images4-g.ravelrycache.com/uploads/rosemarinne/872229216/IMG_0902_thumbnail.JPG', 'small_url': 'https://images4-f.ravelrycache.com/uploads/rosemarinne/872229216/IMG_0902_small_best_fit.JPG', 'flickr_url': None, 'shelved_url': 'https://images4-f.ravelrycache.com/uploads/rosemarinne/872229216/IMG_0902_shelved.JPG', 'medium2_url': 'https://images4-a.ravelrycache.com/uploads/rosemarinne/872229216/IMG_0902_medium2.JPG', 'small2_url': 'https://images4-f.ravelrycache.com/uploads/rosemarinne/872229216/IMG_0902_small2.JPG', 'caption': None, 'caption_html': None, 'copyright_holder': None}, {'id': 114933033, 'sort_order': 5, 'user_id': 9857627, 'x_offset': -1, 'y_offset': -22, 'square_url': 'https://images4-g.ravelrycache.com/uploads/rosemarinne/872228010/IMG_5016_square.JPG', 'medium_url': 'https://images4-f.ravelrycache.com/uploads/rosemarinne/872228010/IMG_5016_medium.JPG', 'thumbnail_url': 'https://images4-f.ravelrycache.com/uploads/rosemarinne/872228010/IMG_5016_thumbnail.JPG', 'small_url': 'https://images4-g.ravelrycache.com/uploads/rosemarinne/872228010/IMG_5016_small_best_fit.JPG', 'flickr_url': None, 'shelved_url': 'https://images4-f.ravelrycache.com/uploads/rosemarinne/872228010/IMG_5016_shelved.JPG', 'medium2_url': 'https://images4-a.ravelrycache.com/uploads/rosemarinne/872228010/IMG_5016_medium2.JPG', 'small2_url': 'https://images4-g.ravelrycache.com/uploads/rosemarinne/872228010/IMG_5016_small2.JPG', 'caption': None, 'caption_html': None, 'copyright_holder': None}, {'id': 114933032, 'sort_order': 6, 'user_id': 9857627, 'x_offset': -5, 'y_offset': -35, 'square_url': 'https://images4-g.ravelrycache.com/uploads/rosemarinne/872227310/IMG_5013_square.JPG', 'medium_url': 'https://images4-f.ravelrycache.com/uploads/rosemarinne/872227310/IMG_5013_medium.JPG', 'thumbnail_url': 'https://images4-f.ravelrycache.com/uploads/rosemarinne/872227310/IMG_5013_thumbnail.JPG', 'small_url': 'https://images4-f.ravelrycache.com/uploads/rosemarinne/872227310/IMG_5013_small.JPG', 'flickr_url': None, 'shelved_url': 'https://images4-f.ravelrycache.com/uploads/rosemarinne/872227310/IMG_5013_shelved.JPG', 'medium2_url': 'https://images4-a.ravelrycache.com/uploads/rosemarinne/872227310/IMG_5013_medium2.JPG', 'small2_url': 'https://images4-g.ravelrycache.com/uploads/rosemarinne/872227310/IMG_5013_small2.JPG', 'caption': None, 'caption_html': None, 'copyright_holder': None}, {'id': 114933035, 'sort_order': 7, 'user_id': 9857627, 'x_offset': -1, 'y_offset': -22, 'square_url': 'https://images4-f.ravelrycache.com/uploads/rosemarinne/872228012/IMG_5017_square.JPG', 'medium_url': 'https://images4-g.ravelrycache.com/uploads/rosemarinne/872228012/IMG_5017_medium.JPG', 'thumbnail_url': 'https://images4-f.ravelrycache.com/uploads/rosemarinne/872228012/IMG_5017_thumbnail.JPG', 'small_url': 'https://images4-f.ravelrycache.com/uploads/rosemarinne/872228012/IMG_5017_small_best_fit.JPG', 'flickr_url': None, 'shelved_url': 'https://images4-g.ravelrycache.com/uploads/rosemarinne/872228012/IMG_5017_shelved.JPG', 'medium2_url': 'https://images4-a.ravelrycache.com/uploads/rosemarinne/872228012/IMG_5017_medium2.JPG', 'small2_url': 'https://images4-f.ravelrycache.com/uploads/rosemarinne/872228012/IMG_5017_small2.JPG', 'caption': None, 'caption_html': None, 'copyright_holder': None}, {'id': 114933036, 'sort_order': 8, 'user_id': 9857627, 'x_offset': -1, 'y_offset': -22, 'square_url': 'https://images4-g.ravelrycache.com/uploads/rosemarinne/872228007/IMG_5014_square.JPG', 'medium_url': 'https://images4-f.ravelrycache.com/uploads/rosemarinne/872228007/IMG_5014_medium.JPG', 'thumbnail_url': 'https://images4-f.ravelrycache.com/uploads/rosemarinne/872228007/IMG_5014_thumbnail.JPG', 'small_url': 'https://images4-f.ravelrycache.com/uploads/rosemarinne/872228007/IMG_5014_small_best_fit.JPG', 'flickr_url': None, 'shelved_url': 'https://images4-f.ravelrycache.com/uploads/rosemarinne/872228007/IMG_5014_shelved.JPG', 'medium2_url': 'https://images4-a.ravelrycache.com/uploads/rosemarinne/872228007/IMG_5014_medium2.JPG', 'small2_url': 'https://images4-g.ravelrycache.com/uploads/rosemarinne/872228007/IMG_5014_small2.JPG', 'caption': None, 'caption_html': None, 'copyright_holder': None}, {'id': 114933208, 'sort_order': 9, 'user_id': 9857627, 'x_offset': -1, 'y_offset': 1, 'square_url': 'https://images4-g.ravelrycache.com/uploads/rosemarinne/872229214/IMG_0716_square.PNG', 'medium_url': 'https://images4-f.ravelrycache.com/uploads/rosemarinne/872229214/IMG_0716_medium.PNG', 'thumbnail_url': 'https://images4-f.ravelrycache.com/uploads/rosemarinne/872229214/IMG_0716_thumbnail.PNG', 'small_url': 'https://images4-g.ravelrycache.com/uploads/rosemarinne/872229214/IMG_0716_small_best_fit.PNG', 'flickr_url': None, 'shelved_url': 'https://images4-f.ravelrycache.com/uploads/rosemarinne/872229214/IMG_0716_shelved.PNG', 'medium2_url': 'https://images4-a.ravelrycache.com/uploads/rosemarinne/872229214/IMG_0716_medium2.PNG', 'small2_url': 'https://images4-g.ravelrycache.com/uploads/rosemarinne/872229214/IMG_0716_small2.PNG', 'caption': None, 'caption_html': None, 'copyright_holder': None}]"
Ígulker,"Guðlaug Svala Kristjánsdóttir, gkdottir",1265955,https://www.ravelry.com/patterns/library/igulker,False,https://images4-a.ravelrycache.com/uploads/gkdottirknits/872292217/Kapella_medium2.png,Knitting,"['female', 'teen', 'adult', 'textured', 'circular-yoke', 'scoop-neck', '3-4-sleeve', 'stranded', 'one-piece', 'seamless', 'top-down', 'latvian', 'positive-ease', 'chart', 'written-pattern', 'video-tutorial', 'in-the-round', 'twisted-stitches', 'slipped-stitches', 'other-colorwork', 'braids-plaiting']",24.0,0.0,True,4.0,Yoke pattern in the round,pullover,Lace,9,0.0,"1-7 (bust 103, 113, 123, 133, 143, 153, 163 cm)","[{'id': 114941306, 'sort_order': 1, 'user_id': 466789, 'x_offset': 0, 'y_offset': -8, 'square_url': 'https://images4-g.ravelrycache.com/uploads/gkdottirknits/872292217/Kapella_square.png', 'medium_url': 'https://images4-f.ravelrycache.com/uploads/gkdottirknits/872292217/Kapella_medium.png', 'thumbnail_url': 'https://images4-g.ravelrycache.com/uploads/gkdottirknits/872292217/Kapella_thumbnail.png', 'small_url': 'https://images4-g.ravelrycache.com/uploads/gkdottirknits/872292217/Kapella_small.png', 'flickr_url': None, 'shelved_url': 'https://images4-g.ravelrycache.com/uploads/gkdottirknits/872292217/Kapella_shelved.png', 'medium2_url': 'https://images4-a.ravelrycache.com/uploads/gkdottirknits/872292217/Kapella_medium2.png', 'small2_url': 'https://images4-g.ravelrycache.com/uploads/gkdottirknits/872292217/Kapella_small2.png', 'caption': None, 'caption_html': None, 'copyright_holder': None}, {'id': 114941307, 'sort_order': 2, 'user_id': 466789, 'x_offset': 0, 'y_offset': -8, 'square_url': 'https://images4-g.ravelrycache.com/uploads/gkdottirknits/872292295/051D0B83-3DE7-4B9E-829C-182C27FF62C5_square.jpg', 'medium_url': 'https://images4-f.ravelrycache.com/uploads/gkdottirknits/872292295/051D0B83-3DE7-4B9E-829C-182C27FF62C5_medium.jpg', 'thumbnail_url': 'https://images4-g.ravelrycache.com/uploads/gkdottirknits/872292295/051D0B83-3DE7-4B9E-829C-182C27FF62C5_thumbnail.jpg', 'small_url': 'https://images4-g.ravelrycache.com/uploads/gkdottirknits/872292295/051D0B83-3DE7-4B9E-829C-182C27FF62C5_small_best_fit.jpg', 'flickr_url': None, 'shelved_url': 'https://images4-g.ravelrycache.com/uploads/gkdottirknits/872292295/051D0B83-3DE7-4B9E-829C-182C27FF62C5_shelved.jpg', 'medium2_url': 'https://images4-a.ravelrycache.com/uploads/gkdottirknits/872292295/051D0B83-3DE7-4B9E-829C-182C27FF62C5_medium2.jpg', 'small2_url': 'https://images4-g.ravelrycache.com/uploads/gkdottirknits/872292295/051D0B83-3DE7-4B9E-829C-182C27FF62C5_small2.jpg', 'caption': None, 'caption_html': None, 'copyright_holder': None}, {'id': 114941308, 'sort_order': 3, 'user_id': 466789, 'x_offset': -5, 'y_offset': -35, 'square_url': 'https://images4-g.ravelrycache.com/uploads/gkdottirknits/872292867/IMG_6452__2__square.jpg', 'medium_url': 'https://images4-f.ravelrycache.com/uploads/gkdottirknits/872292867/IMG_6452__2__medium.jpg', 'thumbnail_url': 'https://images4-g.ravelrycache.com/uploads/gkdottirknits/872292867/IMG_6452__2__thumbnail.jpg', 'small_url': 'https://images4-f.ravelrycache.com/uploads/gkdottirknits/872292867/IMG_6452__2__small.jpg', 'flickr_url': None, 'shelved_url': 'https://images4-g.ravelrycache.com/uploads/gkdottirknits/872292867/IMG_6452__2__shelved.jpg', 'medium2_url': 'https://images4-a.ravelrycache.com/uploads/gkdottirknits/872292867/IMG_6452__2__medium2.jpg', 'small2_url': 'https://images4-g.ravelrycache.com/uploads/gkdottirknits/872292867/IMG_6452__2__small2.jpg', 'caption': None, 'caption_html': None, 'copyright_holder': None}, {'id': 114941309, 'sort_order': 4, 'user_id': 466789, 'x_offset': -5, 'y_offset': -35, 'square_url': 'https://images4-g.ravelrycache.com/uploads/gkdottirknits/872292498/IMG_6542_square.jpeg', 'medium_url': 'https://images4-g.ravelrycache.com/uploads/gkdottirknits/872292498/IMG_6542_medium.jpeg', 'thumbnail_url': 'https://images4-f.ravelrycache.com/uploads/gkdottirknits/872292498/IMG_6542_thumbnail.jpeg', 'small_url': 'https://images4-f.ravelrycache.com/uploads/gkdottirknits/872292498/IMG_6542_small.jpeg', 'flickr_url': None, 'shelved_url': 'https://images4-g.ravelrycache.com/uploads/gkdottirknits/872292498/IMG_6542_shelved.jpeg', 'medium2_url': 'https://images4-a.ravelrycache.com/uploads/gkdottirknits/872292498/IMG_6542_medium2.jpeg', 'small2_url': 'https://images4-f.ravelrycache.com/uploads/gkdottirknits/872292498/IMG_6542_small2.jpeg', 'caption': None, 'caption_html': None, 'copyright_holder': None}, {'id': 114941310, 'sort_order': 5, 'user_id': 466789, 'x_offset': -5, 'y_offset': -35, 'square_url': 'https://images4-f.ravelrycache.com/uploads/gkdottirknits/872292499/IMG_7535_square.jpeg', 'medium_url': 'https://images4-f.ravelrycache.com/uploads/gkdottirknits/872292499/IMG_7535_medium.jpeg', 'thumbnail_url': 'https://images4-f.ravelrycache.com/uploads/gkdottirknits/872292499/IMG_7535_thumbnail.jpeg', 'small_url': 'https://images4-g.ravelrycache.com/uploads/gkdottirknits/872292499/IMG_7535_small.jpeg', 'flickr_url': None, 'shelved_url': 'https://images4-f.ravelrycache.com/uploads/gkdottirknits/872292499/IMG_7535_shelved.jpeg', 'medium2_url': 'https://images4-a.ravelrycache.com/uploads/gkdottirknits/872292499/IMG_7535_medium2.jpeg', 'small2_url': 'https://images4-g.ravelrycache.com/uploads/gkdottirknits/872292499/IMG_7535_small2.jpeg', 'caption': None, 'caption_html': None, 'copyright_holder': None}, {'id': 114941311, 'sort_order': 6, 'user_id': 466789, 'x_offset': -35, 'y_offset': -5, 'square_url': 'https://images4-g.ravelrycache.com/uploads/gkdottirknits/872292296/IMG_5971_square.JPEG', 'medium_url': 'https://images4-g.ravelrycache.com/uploads/gkdottirknits/872292296/IMG_5971_medium.JPEG', 'thumbnail_url': 'https://images4-f.ravelrycache.com/uploads/gkdottirknits/872292296/IMG_5971_thumbnail.JPEG', 'small_url': 'https://images4-f.ravelrycache.com/uploads/gkdottirknits/872292296/IMG_5971_small.JPEG', 'flickr_url': None, 'shelved_url': 'https://images4-g.ravelrycache.com/uploads/gkdottirknits/872292296/IMG_5971_shelved.JPEG', 'medium2_url': 'https://images4-a.ravelrycache.com/uploads/gkdottirknits/872292296/IMG_5971_medium2.JPEG', 'small2_url': 'https://images4-f.ravelrycache.com/uploads/gkdottirknits/872292296/IMG_5971_small2.JPEG', 'caption': None, 'caption_html': None, 'copyright_holder': None}, {'id': 114941312, 'sort_order': 7, 'user_id': 466789, 'x_offset': 0, 'y_offset': -66, 'square_url': 'https://images4-f.ravelrycache.com/uploads/gkdottirknits/872292497/CCA5113B-C57A-41E2-8691-63C8621B199E_square.jpg', 'medium_url': 'https://images4-g.ravelrycache.com/uploads/gkdottirknits/872292497/CCA5113B-C57A-41E2-8691-63C8621B199E_medium.jpg', 'thumbnail_url': 'https://images4-g.ravelrycache.com/uploads/gkdottirknits/872292497/CCA5113B-C57A-41E2-8691-63C8621B199E_thumbnail.jpg', 'small_url': 'https://images4-g.ravelrycache.com/uploads/gkdottirknits/872292497/CCA5113B-C57A-41E2-8691-63C8621B199E_small_best_fit.jpg', 'flickr_url': None, 'shelved_url': 'https://images4-g.ravelrycache.com/uploads/gkdottirknits/872292497/CCA5113B-C57A-41E2-8691-63C8621B199E_shelved.jpg', 'medium2_url': 'https://images4-a.ravelrycache.com/uploads/gkdottirknits/872292497/CCA5113B-C57A-41E2-8691-63C8621B199E_medium2.jpg', 'small2_url': 'https://images4-f.ravelrycache.com/uploads/gkdottirknits/872292497/CCA5113B-C57A-41E2-8691-63C8621B199E_small2.jpg', 'caption': None, 'caption_html': None, 'copyright_holder': None}, {'id': 114941313, 'sort_order': 8, 'user_id': 466789, 'x_offset': 0, 'y_offset': -7, 'square_url': 'https://images4-g.ravelrycache.com/uploads/gkdottirknits/872292294/725A4AAD-278D-4569-8A1D-91C603B124D2_square.jpg', 'medium_url': 'https://images4-f.ravelrycache.com/uploads/gkdottirknits/872292294/725A4AAD-278D-4569-8A1D-91C603B124D2_medium.jpg', 'thumbnail_url': 'https://images4-f.ravelrycache.com/uploads/gkdottirknits/872292294/725A4AAD-278D-4569-8A1D-91C603B124D2_thumbnail.jpg', 'small_url': 'https://images4-f.ravelrycache.com/uploads/gkdottirknits/872292294/725A4AAD-278D-4569-8A1D-91C603B124D2_small_best_fit.jpg', 'flickr_url': None, 'shelved_url': 'https://images4-f.ravelrycache.com/uploads/gkdottirknits/872292294/725A4AAD-278D-4569-8A1D-91C603B124D2_shelved.jpg', 'medium2_url': 'https://images4-a.ravelrycache.com/uploads/gkdottirknits/872292294/725A4AAD-278D-4569-8A1D-91C603B124D2_medium2.jpg', 'small2_url': 'https://images4-g.ravelrycache.com/uploads/gkdottirknits/872292294/725A4AAD-278D-4569-8A1D-91C603B124D2_small2.jpg', 'caption': None, 'caption_html': None, 'copyright_holder': None}]"
"""Vanessa"" Blouse",Olga Grishina,1266107,https://www.ravelry.com/patterns/library/vanessa-blouse,False,https://images4-a.ravelrycache.com/uploads/oMalica/872397915/____7__medium2.JPG,Knitting,"['female', 'adult', 'fitted', 'v-neck', 'long-sleeve', 'top-down', 'cropped', 'petite']",20.0,0.0,True,4.0,,pullover,DK,8,0.0,"XS, S, M, L","[{'id': 114954341, 'sort_order': 1, 'user_id': 7600031, 'x_offset': 0, 'y_offset': -22, 'square_url': 'https://images4-g.ravelrycache.com/uploads/oMalica/872397915/____7__square.JPG', 'medium_url': 'https://images4-f.ravelrycache.com/uploads/oMalica/872397915/____7__medium.JPG', 'thumbnail_url': 'https://images4-g.ravelrycache.com/uploads/oMalica/872397915/____7__thumbnail.JPG', 'small_url': 'https://images4-g.ravelrycache.com/uploads/oMalica/872397915/____7__small_best_fit.JPG', 'flickr_url': None, 'shelved_url': 'https://images4-f.ravelrycache.com/uploads/oMalica/872397915/____7__shelved.JPG', 'medium2_url': 'https://images4-a.ravelrycache.com/uploads/oMalica/872397915/____7__medium2.JPG', 'small2_url': 'https://images4-g.ravelrycache.com/uploads/oMalica/872397915/____7__small2.JPG', 'caption': 'Size S', 'caption_html': 'Size S', 'copyright_holder': ''}, {'id': 114954342, 'sort_order': 2, 'user_id': 7600031, 'x_offset': -5, 'y_offset': -35, 'square_url': 'https://images4-f.ravelrycache.com/uploads/oMalica/872398181/____6__square.JPG', 'medium_url': 'https://images4-g.ravelrycache.com/uploads/oMalica/872398181/____6__medium.JPG', 'thumbnail_url': 'https://images4-f.ravelrycache.com/uploads/oMalica/872398181/____6__thumbnail.JPG', 'small_url': 'https://images4-f.ravelrycache.com/uploads/oMalica/872398181/____6__small.JPG', 'flickr_url': None, 'shelved_url': 'https://images4-f.ravelrycache.com/uploads/oMalica/872398181/____6__shelved.JPG', 'medium2_url': 'https://images4-a.ravelrycache.com/uploads/oMalica/872398181/____6__medium2.JPG', 'small2_url': 'https://images4-f.ravelrycache.com/uploads/oMalica/872398181/____6__small2.JPG', 'caption': 'Size S', 'caption_html': 'Size S', 'copyright_holder': ''}, {'id': 114954343, 'sort_order': 3, 'user_id': 7600031, 'x_offset': 0, 'y_offset': -22, 'square_url': 'https://images4-f.ravelrycache.com/uploads/oMalica/872397912/____4__square.JPG', 'medium_url': 'https://images4-g.ravelrycache.com/uploads/oMalica/872397912/____4__medium.JPG', 'thumbnail_url': 'https://images4-f.ravelrycache.com/uploads/oMalica/872397912/____4__thumbnail.JPG', 'small_url': 'https://images4-f.ravelrycache.com/uploads/oMalica/872397912/____4__small_best_fit.JPG', 'flickr_url': None, 'shelved_url': 'https://images4-f.ravelrycache.com/uploads/oMalica/872397912/____4__shelved.JPG', 'medium2_url': 'https://images4-a.ravelrycache.com/uploads/oMalica/872397912/____4__medium2.JPG', 'small2_url': 'https://images4-f.ravelrycache.com/uploads/oMalica/872397912/____4__small2.JPG', 'caption': 'Size S', 'caption_html': 'Size S', 'copyright_holder': ''}, {'id': 114954344, 'sort_order': 4, 'user_id': 7600031, 'x_offset': 0, 'y_offset': -22, 'square_url': 'https://images4-g.ravelrycache.com/uploads/oMalica/872397919/____5__square.JPG', 'medium_url': 'https://images4-f.ravelrycache.com/uploads/oMalica/872397919/____5__medium.JPG', 'thumbnail_url': 'https://images4-g.ravelrycache.com/uploads/oMalica/872397919/____5__thumbnail.JPG', 'small_url': 'https://images4-f.ravelrycache.com/uploads/oMalica/872397919/____5__small_best_fit.JPG', 'flickr_url': None, 'shelved_url': 'https://images4-g.ravelrycache.com/uploads/oMalica/872397919/____5__shelved.JPG', 'medium2_url': 'https://images4-a.ravelrycache.com/uploads/oMalica/872397919/____5__medium2.JPG', 'small2_url': 'https://images4-g.ravelrycache.com/uploads/oMalica/872397919/____5__small2.JPG', 'caption': 'Size S', 'caption_html': 'Size S', 'copyright_holder': ''}, {'id': 114954345, 'sort_order': 5, 'user_id': 7600031, 'x_offset': -5, 'y_offset': -35, 'square_url': 'https://images4-g.ravelrycache.com/uploads/oMalica/872397916/___PDF__2__square.JPG', 'medium_url': 'https://images4-f.ravelrycache.com/uploads/oMalica/872397916/___PDF__2__medium.JPG', 'thumbnail_url': 'https://images4-g.ravelrycache.com/uploads/oMalica/872397916/___PDF__2__thumbnail.JPG', 'small_url': 'https://images4-f.ravelrycache.com/uploads/oMalica/872397916/___PDF__2__small.JPG', 'flickr_url': None, 'shelved_url': 'https://images4-f.ravelrycache.com/uploads/oMalica/872397916/___PDF__2__shelved.JPG', 'medium2_url': 'https://images4-a.ravelrycache.com/uploads/oMalica/872397916/___PDF__2__medium2.JPG', 'small2_url': 'https://images4-g.ravelrycache.com/uploads/oMalica/872397916/___PDF__2__small2.JPG', 'caption': 'Size M (Model size S)', 'caption_html': 'Size M (Model size S)', 'copyright_holder': '@rusal_ka_knitting'}, {'id': 114954346, 'sort_order': 6, 'user_id': 7600031, 'x_offset': -5, 'y_offset': -35, 'square_url': 'https://images4-g.ravelrycache.com/uploads/oMalica/872398185/___PDF__4__square.JPG', 'medium_url': 'https://images4-f.ravelrycache.com/uploads/oMalica/872398185/___PDF__4__medium.JPG', 'thumbnail_url': 'https://images4-g.ravelrycache.com/uploads/oMalica/872398185/___PDF__4__thumbnail.JPG', 'small_url': 'https://images4-f.ravelrycache.com/uploads/oMalica/872398185/___PDF__4__small.JPG', 'flickr_url': None, 'shelved_url': 'https://images4-f.ravelrycache.com/uploads/oMalica/872398185/___PDF__4__shelved.JPG', 'medium2_url': 'https://images4-a.ravelrycache.com/uploads/oMalica/872398185/___PDF__4__medium2.JPG', 'small2_url': 'https://images4-g.ravelrycache.com/uploads/oMalica/872398185/___PDF__4__small2.JPG', 'caption': 'Size S', 'caption_html': 'Size S', 'copyright_holder': '@amirhanovabeth'}, {'id': 114954347, 'sort_order': 7, 'user_id': 7600031, 'x_offset': 0, 'y_offset': -22, 'square_url': 'https://images4-g.ravelrycache.com/uploads/oMalica/872398182/___PDF__13__square.JPG', 'medium_url': 'https://images4-f.ravelrycache.com/uploads/oMalica/872398182/___PDF__13__medium.JPG', 'thumbnail_url': 'https://images4-g.ravelrycache.com/uploads/oMalica/872398182/___PDF__13__thumbnail.JPG', 'small_url': 'https://images4-g.ravelrycache.com/uploads/oMalica/872398182/___PDF__13__small_best_fit.JPG', 'flickr_url': None, 'shelved_url': 'https://images4-g.ravelrycache.com/uploads/oMalica/872398182/___PDF__13__shelved.JPG', 'medium2_url': 'https://images4-a.ravelrycache.com/uploads/oMalica/872398182/___PDF__13__medium2.JPG', 'small2_url': 'https://images4-g.ravelrycache.com/uploads/oMalica/872398182/___PDF__13__small2.JPG', 'caption': 'Size XS', 'caption_html': 'Size XS', 'copyright_holder': '@leysan_atay_knitting'}, {'id': 114954348, 'sort_order': 8, 'user_id': 7600031, 'x_offset': 0, 'y_offset': -22, 'square_url': 'https://images4-f.ravelrycache.com/uploads/oMalica/872397911/___PDF__24__square.JPG', 'medium_url': 'https://images4-g.ravelrycache.com/uploads/oMalica/872397911/___PDF__24__medium.JPG', 'thumbnail_url': 'https://images4-g.ravelrycache.com/uploads/oMalica/872397911/___PDF__24__thumbnail.JPG', 'small_url': 'https://images4-f.ravelrycache.com/uploads/oMalica/872397911/___PDF__24__small_best_fit.JPG', 'flickr_url': None, 'shelved_url': 'https://images4-g.ravelrycache.com/uploads/oMalica/872397911/___PDF__24__shelved.JPG', 'medium2_url': 'https://images4-a.ravelrycache.com/uploads/oMalica/872397911/___PDF__24__medium2.JPG', 'small2_url': 'https://images4-f.ravelrycache.com/uploads/oMalica/872397911/___PDF__24__small2.JPG', 'caption': 'Size M', 'caption_html': 'Size M', 'copyright_holder': '@divyazhet'}, {'id': 114954349, 'sort_order': 9, 'user_id': 7600031, 'x_offset': 0, 'y_offset': -22, 'square_url': 'https://images4-f.ravelrycache.com/uploads/oMalica/872399469/___PDF__22__square.JPG', 'medium_url': 'https://images4-g.ravelrycache.com/uploads/oMalica/872399469/___PDF__22__medium.JPG', 'thumbnail_url': 'https://images4-g.ravelrycache.com/uploads/oMalica/872399469/___PDF__22__thumbnail.JPG', 'small_url': 'https://images4-g.ravelrycache.com/uploads/oMalica/872399469/___PDF__22__small_best_fit.JPG', 'flickr_url': None, 'shelved_url': 'https://images4-g.ravelrycache.com/uploads/oMalica/872399469/___PDF__22__shelved.JPG', 'medium2_url': 'https://images4-a.ravelrycache.com/uploads/oMalica/872399469/___PDF__22__medium2.JPG', 'small2_url': 'https://images4-f.ravelrycache.com/uploads/oMalica/872399469/___PDF__22__small2.JPG', 'caption': 'Size L', 'caption_html': 'Size L', 'copyright_holder': '@galina050571'}, {'id': 114954350, 'sort_order': 10, 'user_id': 7600031, 'x_offset': -5, 'y_offset': -35, 'square_url': 'https://images4-f.ravelrycache.com/uploads/oMalica/872397913/___PDF__20__square.jpeg', 'medium_url': 'https://images4-f.ravelrycache.com/uploads/oMalica/872397913/___PDF__20__medium.jpeg', 'thumbnail_url': 'https://images4-f.ravelrycache.com/uploads/oMalica/872397913/___PDF__20__thumbnail.jpeg', 'small_url': 'https://images4-f.ravelrycache.com/uploads/oMalica/872397913/___PDF__20__small.jpeg', 'flickr_url': None, 'shelved_url': 'https://images4-f.ravelrycache.com/uploads/oMalica/872397913/___PDF__20__shelved.jpeg', 'medium2_url': 'https://images4-a.ravelrycache.com/uploads/oMalica/872397913/___PDF__20__medium2.jpeg', 'small2_url': 'https://images4-g.ravelrycache.com/uploads/oMalica/872397913/___PDF__20__small2.jpeg', 'caption': 'Size S', 'caption_html': 'Size S', 'copyright_holder': '@annabelka_'}, {'id': 114954351, 'sort_order': 11, 'user_id': 7600031, 'x_offset': -5, 'y_offset': -35, 'square_url': 'https://images4-f.ravelrycache.com/uploads/oMalica/872397914/___PDF__16__square.JPG', 'medium_url': 'https://images4-g.ravelrycache.com/uploads/oMalica/872397914/___PDF__16__medium.JPG', 'thumbnail_url': 'https://images4-g.ravelrycache.com/uploads/oMalica/872397914/___PDF__16__thumbnail.JPG', 'small_url': 'https://images4-f.ravelrycache.com/uploads/oMalica/872397914/___PDF__16__small.JPG', 'flickr_url': None, 'shelved_url': 'https://images4-f.ravelrycache.com/uploads/oMalica/872397914/___PDF__16__shelved.JPG', 'medium2_url': 'https://images4-a.ravelrycache.com/uploads/oMalica/872397914/___PDF__16__medium2.JPG', 'small2_url': 'https://images4-f.ravelrycache.com/uploads/oMalica/872397914/___PDF__16__small2.JPG', 'caption': 'Size S', 'caption_html': 'Size S', 'copyright_holder': '@milena_vyazhet'}, {'id': 114954352, 'sort_order': 12, 'user_id': 7600031, 'x_offset': -5, 'y_offset': -35, 'square_url': 'https://images4-f.ravelrycache.com/uploads/oMalica/872397918/___PDF__6__square.JPG', 'medium_url': 'https://images4-g.ravelrycache.com/uploads/oMalica/872397918/___PDF__6__medium.JPG', 'thumbnail_url': 'https://images4-f.ravelrycache.com/uploads/oMalica/872397918/___PDF__6__thumbnail.JPG', 'small_url': 'https://images4-f.ravelrycache.com/uploads/oMalica/872397918/___PDF__6__small.JPG', 'flickr_url': None, 'shelved_url': 'https://images4-g.ravelrycache.com/uploads/oMalica/872397918/___PDF__6__shelved.JPG', 'medium2_url': 'https://images4-a.ravelrycache.com/uploads/oMalica/872397918/___PDF__6__medium2.JPG', 'small2_url': 'https://images4-f.ravelrycache.com/uploads/oMalica/872397918/___PDF__6__small2.JPG', 'caption': 'Size XS', 'caption_html': 'Size XS', 'copyright_holder': '@lilu.18'}]"
Saunter Poncho,Tatsiana Matsiuk,1266129,https://www.ravelry.com/patterns/library/saunter-poncho,False,https://images4-a.ravelrycache.com/uploads/ViTalinaCraft/872432409/DSC_4801_cr_medium2.jpg,Knitting,"['female', 'toddler', 'child', 'teen', 'cables', 'ribbed', 'textured', 'hood', 'seamed', 'short-sleeve', 'raglan-sleeve', 'bottom-up', 'positive-ease', 'chart', 'written-pattern', 'worked-flat', 'in-the-round', 'other-edging']",19.0,3.6666666666666665,True,4.0,stockinette,child,Worsted,19,5.0,2-3 years (4-5 years; 6-7 years; 8-10 years) [11-13 years; 14-16 years],"[{'id': 114958371, 'sort_order': 1, 'user_id': 67842, 'x_offset': -5, 'y_offset': -24, 'square_url': 'https://images4-g.ravelrycache.com/uploads/ViTalinaCraft/872432409/DSC_4801_cr_square.jpg', 'medium_url': 'https://images4-f.ravelrycache.com/uploads/ViTalinaCraft/872432409/DSC_4801_cr_medium.jpg', 'thumbnail_url': 'https://images4-f.ravelrycache.com/uploads/ViTalinaCraft/872432409/DSC_4801_cr_thumbnail.jpg', 'small_url': 'https://images4-f.ravelrycache.com/uploads/ViTalinaCraft/872432409/DSC_4801_cr_small.jpg', 'flickr_url': None, 'shelved_url': 'https://images4-f.ravelrycache.com/uploads/ViTalinaCraft/872432409/DSC_4801_cr_shelved.jpg', 'medium2_url': 'https://images4-a.ravelrycache.com/uploads/ViTalinaCraft/872432409/DSC_4801_cr_medium2.jpg', 'small2_url': 'https://images4-g.ravelrycache.com/uploads/ViTalinaCraft/872432409/DSC_4801_cr_small2.jpg', 'caption': None, 'caption_html': None, 'copyright_holder': None}, {'id': 116733065, 'sort_order': 2, 'user_id': 161622, 'x_offset': -5, 'y_offset': -35, 'square_url': 'https://images4-f.ravelrycache.com/uploads/susanet/885296221/IMG_7729_square.jpeg', 'medium_url': 'https://images4-f.ravelrycache.com/uploads/susanet/885296221/IMG_7729_medium.jpeg', 'thumbnail_url': 'https://images4-f.ravelrycache.com/uploads/susanet/885296221/IMG_7729_thumbnail.jpeg', 'small_url': 'https://images4-f.ravelrycache.com/uploads/susanet/885296221/IMG_7729_small.jpeg', 'flickr_url': None, 'shelved_url': 'https://images4-g.ravelrycache.com/uploads/susanet/885296221/IMG_7729_shelved.jpeg', 'medium2_url': 'https://images4-a.ravelrycache.com/uploads/susanet/885296221/IMG_7729_medium2.jpeg', 'small2_url': 'https://images4-g.ravelrycache.com/uploads/susanet/885296221/IMG_7729_small2.jpeg', 'caption': None, 'caption_html': None, 'copyright_holder': None}, {'id': 115645471, 'sort_order': 3, 'user_id': 307463, 'x_offset': -5, 'y_offset': -35, 'square_url': 'https://images4-g.ravelrycache.com/uploads/DebMR/876933316/31E03A9E-B2D8-4D8D-9871-1BC11A03CFF0_small2_square.jpeg', 'medium_url': 'https://images4-g.ravelrycache.com/uploads/DebMR/876933316/31E03A9E-B2D8-4D8D-9871-1BC11A03CFF0_small2_medium.jpeg', 'thumbnail_url': 'https://images4-f.ravelrycache.com/uploads/DebMR/876933316/31E03A9E-B2D8-4D8D-9871-1BC11A03CFF0_small2_thumbnail.jpeg', 'small_url': 'https://images4-g.ravelrycache.com/uploads/DebMR/876933316/31E03A9E-B2D8-4D8D-9871-1BC11A03CFF0_small2_small.jpeg', 'flickr_url': None, 'shelved_url': 'https://images4-f.ravelrycache.com/uploads/DebMR/876933316/31E03A9E-B2D8-4D8D-9871-1BC11A03CFF0_small2_shelved.jpeg', 'medium2_url': 'https://images4-g.ravelrycache.com/uploads/DebMR/876933316/31E03A9E-B2D8-4D8D-9871-1BC11A03CFF0_small2_medium2.jpeg', 'small2_url': 'https://images4-f.ravelrycache.com/uploads/DebMR/876933316/31E03A9E-B2D8-4D8D-9871-1BC11A03CFF0_small2_small2.jpeg', 'caption': None, 'caption_html': None, 'copyright_holder': None}, {'id': 115715355, 'sort_order': 4, 'user_id': 5527479, 'x_offset': 0, 'y_offset': -19, 'square_url': 'https://images4-f.ravelrycache.com/uploads/labedz/878086897/20220928_101044_square.jpg', 'medium_url': 'https://images4-g.ravelrycache.com/uploads/labedz/878086897/20220928_101044_medium.jpg', 'thumbnail_url': 'https://images4-f.ravelrycache.com/uploads/labedz/878086897/20220928_101044_thumbnail.jpg', 'small_url': 'https://images4-f.ravelrycache.com/uploads/labedz/878086897/20220928_101044_small_best_fit.jpg', 'flickr_url': None, 'shelved_url': 'https://images4-g.ravelrycache.com/uploads/labedz/878086897/20220928_101044_shelved.jpg', 'medium2_url': 'https://images4-a.ravelrycache.com/uploads/labedz/878086897/20220928_101044_medium2.jpg', 'small2_url': 'https://images4-f.ravelrycache.com/uploads/labedz/878086897/20220928_101044_small2.jpg', 'caption': None, 'caption_html': None, 'copyright_holder': None}, {'id': 116162165, 'sort_order': 5, 'user_id': 5527479, 'x_offset': -5, 'y_offset': -35, 'square_url': 'https://images4-f.ravelrycache.com/uploads/labedz/880367404/IMG-20221010-WA0001_square.jpg', 'medium_url': 'https://images4-g.ravelrycache.com/uploads/labedz/880367404/IMG-20221010-WA0001_medium.jpg', 'thumbnail_url': 'https://images4-f.ravelrycache.com/uploads/labedz/880367404/IMG-20221010-WA0001_thumbnail.jpg', 'small_url': 'https://images4-g.ravelrycache.com/uploads/labedz/880367404/IMG-20221010-WA0001_small.jpg', 'flickr_url': None, 'shelved_url': 'https://images4-g.ravelrycache.com/uploads/labedz/880367404/IMG-20221010-WA0001_shelved.jpg', 'medium2_url': 'https://images4-a.ravelrycache.com/uploads/labedz/880367404/IMG-20221010-WA0001_medium2.jpg', 'small2_url': 'https://images4-f.ravelrycache.com/uploads/labedz/880367404/IMG-20221010-WA0001_small2.jpg', 'caption': None, 'caption_html': None, 'copyright_holder': None}, {'id': 115508721, 'sort_order': 6, 'user_id': 2408180, 'x_offset': -43, 'y_offset': 0, 'square_url': 'https://images4-g.ravelrycache.com/uploads/Catherinesm/876045953/IMG_8432_square.JPG', 'medium_url': 'https://images4-f.ravelrycache.com/uploads/Catherinesm/876045953/IMG_8432_medium.JPG', 'thumbnail_url': 'https://images4-g.ravelrycache.com/uploads/Catherinesm/876045953/IMG_8432_thumbnail.JPG', 'small_url': 'https://images4-g.ravelrycache.com/uploads/Catherinesm/876045953/IMG_8432_small_best_fit.JPG', 'flickr_url': None, 'shelved_url': 'https://images4-f.ravelrycache.com/uploads/Catherinesm/876045953/IMG_8432_shelved.JPG', 'medium2_url': 'https://images4-a.ravelrycache.com/uploads/Catherinesm/876045953/IMG_8432_medium2.JPG', 'small2_url': 'https://images4-g.ravelrycache.com/uploads/Catherinesm/876045953/IMG_8432_small2.JPG', 'caption': None, 'caption_html': None, 'copyright_holder': None}, {'id': 115593402, 'sort_order': 7, 'user_id': 7222584, 'x_offset': -5, 'y_offset': -35, 'square_url': 'https://images4-g.ravelrycache.com/uploads/CherylDyer/877406207/C223B368-4445-426E-B3AD-EA34E5145765_square.jpeg', 'medium_url': 'https://images4-g.ravelrycache.com/uploads/CherylDyer/877406207/C223B368-4445-426E-B3AD-EA34E5145765_medium.jpeg', 'thumbnail_url': 'https://images4-f.ravelrycache.com/uploads/CherylDyer/877406207/C223B368-4445-426E-B3AD-EA34E5145765_thumbnail.jpeg', 'small_url': 'https://images4-f.ravelrycache.com/uploads/CherylDyer/877406207/C223B368-4445-426E-B3AD-EA34E5145765_small.jpeg', 'flickr_url': None, 'shelved_url': 'https://images4-f.ravelrycache.com/uploads/CherylDyer/877406207/C223B368-4445-426E-B3AD-EA34E5145765_shelved.jpeg', 'medium2_url': 'https://images4-a.ravelrycache.com/uploads/CherylDyer/877406207/C223B368-4445-426E-B3AD-EA34E5145765_medium2.jpeg', 'small2_url': 'https://images4-f.ravelrycache.com/uploads/CherylDyer/877406207/C223B368-4445-426E-B3AD-EA34E5145765_small2.jpeg', 'caption': None, 'caption_html': None, 'copyright_holder': None}, {'id': 114958373, 'sort_order': 8, 'user_id': 67842, 'x_offset': -5, 'y_offset': -35, 'square_url': 'https://images4-f.ravelrycache.com/uploads/ViTalinaCraft/872432405/DSC_4743_cr_square.jpg', 'medium_url': 'https://images4-g.ravelrycache.com/uploads/ViTalinaCraft/872432405/DSC_4743_cr_medium.jpg', 'thumbnail_url': 'https://images4-f.ravelrycache.com/uploads/ViTalinaCraft/872432405/DSC_4743_cr_thumbnail.jpg', 'small_url': 'https://images4-g.ravelrycache.com/uploads/ViTalinaCraft/872432405/DSC_4743_cr_small.jpg', 'flickr_url': None, 'shelved_url': 'https://images4-f.ravelrycache.com/uploads/ViTalinaCraft/872432405/DSC_4743_cr_shelved.jpg', 'medium2_url': 'https://images4-a.ravelrycache.com/uploads/ViTalinaCraft/872432405/DSC_4743_cr_medium2.jpg', 'small2_url': 'https://images4-f.ravelrycache.com/uploads/ViTalinaCraft/872432405/DSC_4743_cr_small2.jpg', 'caption': None, 'caption_html': None, 'copyright_holder': None}, {'id': 115593401, 'sort_order': 9, 'user_id': 7222584, 'x_offset': -5, 'y_offset': -35, 'square_url': 'https://images4-f.ravelrycache.com/uploads/CherylDyer/877406210/90896389-33B8-4CA1-8539-CAC100A405F1_square.jpeg', 'medium_url': 'https://images4-f.ravelrycache.com/uploads/CherylDyer/877406210/90896389-33B8-4CA1-8539-CAC100A405F1_medium.jpeg', 'thumbnail_url': 'https://images4-g.ravelrycache.com/uploads/CherylDyer/877406210/90896389-33B8-4CA1-8539-CAC100A405F1_thumbnail.jpeg', 'small_url': 'https://images4-g.ravelrycache.com/uploads/CherylDyer/877406210/90896389-33B8-4CA1-8539-CAC100A405F1_small.jpeg', 'flickr_url': None, 'shelved_url': 'https://images4-f.ravelrycache.com/uploads/CherylDyer/877406210/90896389-33B8-4CA1-8539-CAC100A405F1_shelved.jpeg', 'medium2_url': 'https://images4-a.ravelrycache.com/uploads/CherylDyer/877406210/90896389-33B8-4CA1-8539-CAC100A405F1_medium2.jpeg', 'small2_url': 'https://images4-g.ravelrycache.com/uploads/CherylDyer/877406210/90896389-33B8-4CA1-8539-CAC100A405F1_small2.jpeg', 'caption': None, 'caption_html': None, 'copyright_holder': None}, {'id': 115508716, 'sort_order': 10, 'user_id': 2408180, 'x_offset': 2, 'y_offset': -14, 'square_url': 'https://images4-f.ravelrycache.com/uploads/Catherinesm/876046214/IMG_8423_square.JPG', 'medium_url': 'https://images4-g.ravelrycache.com/uploads/Catherinesm/876046214/IMG_8423_medium.JPG', 'thumbnail_url': 'https://images4-f.ravelrycache.com/uploads/Catherinesm/876046214/IMG_8423_thumbnail.JPG', 'small_url': 'https://images4-f.ravelrycache.com/uploads/Catherinesm/876046214/IMG_8423_small_best_fit.JPG', 'flickr_url': None, 'shelved_url': 'https://images4-g.ravelrycache.com/uploads/Catherinesm/876046214/IMG_8423_shelved.JPG', 'medium2_url': 'https://images4-a.ravelrycache.com/uploads/Catherinesm/876046214/IMG_8423_medium2.JPG', 'small2_url': 'https://images4-f.ravelrycache.com/uploads/Catherinesm/876046214/IMG_8423_small2.JPG', 'caption': None, 'caption_html': None, 'copyright_holder': None}, {'id': 115508720, 'sort_order': 11, 'user_id': 2408180, 'x_offset': -4, 'y_offset': -22, 'square_url': 'https://images4-g.ravelrycache.com/uploads/Catherinesm/876045954/IMG_8429_square.JPG', 'medium_url': 'https://images4-f.ravelrycache.com/uploads/Catherinesm/876045954/IMG_8429_medium.JPG', 'thumbnail_url': 'https://images4-g.ravelrycache.com/uploads/Catherinesm/876045954/IMG_8429_thumbnail.JPG', 'small_url': 'https://images4-g.ravelrycache.com/uploads/Catherinesm/876045954/IMG_8429_small_best_fit.JPG', 'flickr_url': None, 'shelved_url': 'https://images4-g.ravelrycache.com/uploads/Catherinesm/876045954/IMG_8429_shelved.JPG', 'medium2_url': 'https://images4-a.ravelrycache.com/uploads/Catherinesm/876045954/IMG_8429_medium2.JPG', 'small2_url': 'https://images4-g.ravelrycache.com/uploads/Catherinesm/876045954/IMG_8429_small2.JPG', 'caption': None, 'caption_html': None, 'copyright_holder': None}, {'id': 114958372, 'sort_order': 12, 'user_id': 67842, 'x_offset': -5, 'y_offset': -35, 'square_url': 'https://images4-g.ravelrycache.com/uploads/ViTalinaCraft/872432416/DSC_4730_cr_square.jpg', 'medium_url': 'https://images4-f.ravelrycache.com/uploads/ViTalinaCraft/872432416/DSC_4730_cr_medium.jpg', 'thumbnail_url': 'https://images4-f.ravelrycache.com/uploads/ViTalinaCraft/872432416/DSC_4730_cr_thumbnail.jpg', 'small_url': 'https://images4-g.ravelrycache.com/uploads/ViTalinaCraft/872432416/DSC_4730_cr_small.jpg', 'flickr_url': None, 'shelved_url': 'https://images4-g.ravelrycache.com/uploads/ViTalinaCraft/872432416/DSC_4730_cr_shelved.jpg', 'medium2_url': 'https://images4-a.ravelrycache.com/uploads/ViTalinaCraft/872432416/DSC_4730_cr_medium2.jpg', 'small2_url': 'https://images4-g.ravelrycache.com/uploads/ViTalinaCraft/872432416/DSC_4730_cr_small2.jpg', 'caption': None, 'caption_html': None, 'copyright_holder': None}, {'id': 115508719, 'sort_order': 13, 'user_id': 2408180, 'x_offset': -6, 'y_offset': -14, 'square_url': 'https://images4-f.ravelrycache.com/uploads/Catherinesm/876046456/IMG_8421_square.JPG', 'medium_url': 'https://images4-g.ravelrycache.com/uploads/Catherinesm/876046456/IMG_8421_medium.JPG', 'thumbnail_url': 'https://images4-f.ravelrycache.com/uploads/Catherinesm/876046456/IMG_8421_thumbnail.JPG', 'small_url': 'https://images4-g.ravelrycache.com/uploads/Catherinesm/876046456/IMG_8421_small_best_fit.JPG', 'flickr_url': None, 'shelved_url': 'https://images4-g.ravelrycache.com/uploads/Catherinesm/876046456/IMG_8421_shelved.JPG', 'medium2_url': 'https://images4-a.ravelrycache.com/uploads/Catherinesm/876046456/IMG_8421_medium2.JPG', 'small2_url': 'https://images4-f.ravelrycache.com/uploads/Catherinesm/876046456/IMG_8421_small2.JPG', 'caption': None, 'caption_html': None, 'copyright_holder': None}, {'id': 115507062, 'sort_order': 14, 'user_id': 7222584, 'x_offset': -5, 'y_offset': -35, 'square_url': 'https://images4-g.ravelrycache.com/uploads/CherylDyer/876057517/39FAA54D-859D-44DC-8216-05103FCC2519_square.jpeg', 'medium_url': 'https://images4-g.ravelrycache.com/uploads/CherylDyer/876057517/39FAA54D-859D-44DC-8216-05103FCC2519_medium.jpeg', 'thumbnail_url': 'https://images4-g.ravelrycache.com/uploads/CherylDyer/876057517/39FAA54D-859D-44DC-8216-05103FCC2519_thumbnail.jpeg', 'small_url': 'https://images4-f.ravelrycache.com/uploads/CherylDyer/876057517/39FAA54D-859D-44DC-8216-05103FCC2519_small.jpeg', 'flickr_url': None, 'shelved_url': 'https://images4-f.ravelrycache.com/uploads/CherylDyer/876057517/39FAA54D-859D-44DC-8216-05103FCC2519_shelved.jpeg', 'medium2_url': 'https://images4-a.ravelrycache.com/uploads/CherylDyer/876057517/39FAA54D-859D-44DC-8216-05103FCC2519_medium2.jpeg', 'small2_url': 'https://images4-f.ravelrycache.com/uploads/CherylDyer/876057517/39FAA54D-859D-44DC-8216-05103FCC2519_small2.jpeg', 'caption': None, 'caption_html': None, 'copyright_holder': None}, {'id': 115507059, 'sort_order': 15, 'user_id': 7222584, 'x_offset': -5, 'y_offset': -35, 'square_url': 'https://images4-g.ravelrycache.com/uploads/CherylDyer/874283719/06F66C38-641A-44E7-8366-7341E4A3BB9F_square.jpeg', 'medium_url': 'https://images4-g.ravelrycache.com/uploads/CherylDyer/874283719/06F66C38-641A-44E7-8366-7341E4A3BB9F_medium.jpeg', 'thumbnail_url': 'https://images4-g.ravelrycache.com/uploads/CherylDyer/874283719/06F66C38-641A-44E7-8366-7341E4A3BB9F_thumbnail.jpeg', 'small_url': 'https://images4-f.ravelrycache.com/uploads/CherylDyer/874283719/06F66C38-641A-44E7-8366-7341E4A3BB9F_small.jpeg', 'flickr_url': None, 'shelved_url': 'https://images4-g.ravelrycache.com/uploads/CherylDyer/874283719/06F66C38-641A-44E7-8366-7341E4A3BB9F_shelved.jpeg', 'medium2_url': 'https://images4-a.ravelrycache.com/uploads/CherylDyer/874283719/06F66C38-641A-44E7-8366-7341E4A3BB9F_medium2.jpeg', 'small2_url': 'https://images4-f.ravelrycache.com/uploads/CherylDyer/874283719/06F66C38-641A-44E7-8366-7341E4A3BB9F_small2.jpeg', 'caption': None, 'caption_html': None, 'copyright_holder': None}, {'id': 114958374, 'sort_order': 16, 'user_id': 67842, 'x_offset': -5, 'y_offset': -35, 'square_url': 'https://images4-f.ravelrycache.com/uploads/ViTalinaCraft/872432411/DSC_4760_cr_square.jpg', 'medium_url': 'https://images4-g.ravelrycache.com/uploads/ViTalinaCraft/872432411/DSC_4760_cr_medium.jpg', 'thumbnail_url': 'https://images4-f.ravelrycache.com/uploads/ViTalinaCraft/872432411/DSC_4760_cr_thumbnail.jpg', 'small_url': 'https://images4-f.ravelrycache.com/uploads/ViTalinaCraft/872432411/DSC_4760_cr_small.jpg', 'flickr_url': None, 'shelved_url': 'https://images4-g.ravelrycache.com/uploads/ViTalinaCraft/872432411/DSC_4760_cr_shelved.jpg', 'medium2_url': 'https://images4-a.ravelrycache.com/uploads/ViTalinaCraft/872432411/DSC_4760_cr_medium2.jpg', 'small2_url': 'https://images4-f.ravelrycache.com/uploads/ViTalinaCraft/872432411/DSC_4760_cr_small2.jpg', 'caption': None, 'caption_html': None, 'copyright_holder': None}, {'id': 114958375, 'sort_order': 17, 'user_id': 67842, 'x_offset': -5, 'y_offset': -35, 'square_url': 'https://images4-f.ravelrycache.com/uploads/ViTalinaCraft/872432419/DSC_4817_cr_square.jpg', 'medium_url': 'https://images4-g.ravelrycache.com/uploads/ViTalinaCraft/872432419/DSC_4817_cr_medium.jpg', 'thumbnail_url': 'https://images4-f.ravelrycache.com/uploads/ViTalinaCraft/872432419/DSC_4817_cr_thumbnail.jpg', 'small_url': 'https://images4-g.ravelrycache.com/uploads/ViTalinaCraft/872432419/DSC_4817_cr_small.jpg', 'flickr_url': None, 'shelved_url': 'https://images4-f.ravelrycache.com/uploads/ViTalinaCraft/872432419/DSC_4817_cr_shelved.jpg', 'medium2_url': 'https://images4-a.ravelrycache.com/uploads/ViTalinaCraft/872432419/DSC_4817_cr_medium2.jpg', 'small2_url': 'https://images4-f.ravelrycache.com/uploads/ViTalinaCraft/872432419/DSC_4817_cr_small2.jpg', 'caption': None, 'caption_html': None, 'copyright_holder': None}, {'id': 114958376, 'sort_order': 18, 'user_id': 67842, 'x_offset': -5, 'y_offset': -35, 'square_url': 'https://images4-g.ravelrycache.com/uploads/ViTalinaCraft/872432414/DSC_4805_cr_square.jpg', 'medium_url': 'https://images4-f.ravelrycache.com/uploads/ViTalinaCraft/872432414/DSC_4805_cr_medium.jpg', 'thumbnail_url': 'https://images4-g.ravelrycache.com/uploads/ViTalinaCraft/872432414/DSC_4805_cr_thumbnail.jpg', 'small_url': 'https://images4-g.ravelrycache.com/uploads/ViTalinaCraft/872432414/DSC_4805_cr_small.jpg', 'flickr_url': None, 'shelved_url': 'https://images4-g.ravelrycache.com/uploads/ViTalinaCraft/872432414/DSC_4805_cr_shelved.jpg', 'medium2_url': 'https://images4-a.ravelrycache.com/uploads/ViTalinaCraft/872432414/DSC_4805_cr_medium2.jpg', 'small2_url': 'https://images4-g.ravelrycache.com/uploads/ViTalinaCraft/872432414/DSC_4805_cr_small2.jpg', 'caption': None, 'caption_html': None, 'copyright_holder': None}, {'id': 114958377, 'sort_order': 19, 'user_id': 67842, 'x_offset': -5, 'y_offset': -35, 'square_url': 'https://images4-f.ravelrycache.com/uploads/ViTalinaCraft/872432418/DSC_4759_cr_square.jpg', 'medium_url': 'https://images4-g.ravelrycache.com/uploads/ViTalinaCraft/872432418/DSC_4759_cr_medium.jpg', 'thumbnail_url': 'https://images4-f.ravelrycache.com/uploads/ViTalinaCraft/872432418/DSC_4759_cr_thumbnail.jpg', 'small_url': 'https://images4-f.ravelrycache.com/uploads/ViTalinaCraft/872432418/DSC_4759_cr_small.jpg', 'flickr_url': None, 'shelved_url': 'https://images4-g.ravelrycache.com/uploads/ViTalinaCraft/872432418/DSC_4759_cr_shelved.jpg', 'medium2_url': 'https://images4-a.ravelrycache.com/uploads/ViTalinaCraft/872432418/DSC_4759_cr_medium2.jpg', 'small2_url': 'https://images4-f.ravelrycache.com/uploads/ViTalinaCraft/872432418/DSC_4759_cr_small2.jpg', 'caption': None, 'caption_html': None, 'copyright_holder': None}, {'id': 114958378, 'sort_order': 20, 'user_id': 67842, 'x_offset': -5, 'y_offset': -35, 'square_url': 'https://images4-g.ravelrycache.com/uploads/ViTalinaCraft/872432407/DSC_4748_cr_square.jpg', 'medium_url': 'https://images4-f.ravelrycache.com/uploads/ViTalinaCraft/872432407/DSC_4748_cr_medium.jpg', 'thumbnail_url': 'https://images4-f.ravelrycache.com/uploads/ViTalinaCraft/872432407/DSC_4748_cr_thumbnail.jpg', 'small_url': 'https://images4-g.ravelrycache.com/uploads/ViTalinaCraft/872432407/DSC_4748_cr_small.jpg', 'flickr_url': None, 'shelved_url': 'https://images4-f.ravelrycache.com/uploads/ViTalinaCraft/872432407/DSC_4748_cr_shelved.jpg', 'medium2_url': 'https://images4-a.ravelrycache.com/uploads/ViTalinaCraft/872432407/DSC_4748_cr_medium2.jpg', 'small2_url': 'https://images4-g.ravelrycache.com/uploads/ViTalinaCraft/872432407/DSC_4748_cr_small2.jpg', 'caption': None, 'caption_html': None, 'copyright_holder': None}]"
Pullover Numo,Pascuali Collezioni,1266288,https://www.ravelry.com/patterns/library/pullover-numo,False,https://images4-a.ravelrycache.com/uploads/Masterica74/870805678/NUMO1_medium2.jpg,Knitting,"['male', 'adult', 'ribbed', 'circular-yoke', 'raglan-sleeve', 'bottom-up', 'positive-ease', 'written-pattern', 'in-the-round']",27.0,5.666666666666667,True,4.0,,pullover,Light Fingering,8,0.0,S (M; L; XL; XXL; XXXL),"[{'id': 114980459, 'sort_order': 1, 'user_id': 9319938, 'x_offset': 0, 'y_offset': 0, 'square_url': 'https://images4-g.ravelrycache.com/uploads/Masterica74/870805678/NUMO1_square.jpg', 'medium_url': 'https://images4-f.ravelrycache.com/uploads/Masterica74/870805678/NUMO1_medium.jpg', 'thumbnail_url': 'https://images4-g.ravelrycache.com/uploads/Masterica74/870805678/NUMO1_thumbnail.jpg', 'small_url': 'https://images4-g.ravelrycache.com/uploads/Masterica74/870805678/NUMO1_small_best_fit.jpg', 'flickr_url': None, 'shelved_url': 'https://images4-f.ravelrycache.com/uploads/Masterica74/870805678/NUMO1_shelved.jpg', 'medium2_url': 'https://images4-a.ravelrycache.com/uploads/Masterica74/870805678/NUMO1_medium2.jpg', 'small2_url': 'https://images4-g.ravelrycache.com/uploads/Masterica74/870805678/NUMO1_small2.jpg', 'caption': None, 'caption_html': None, 'copyright_holder': None}, {'id': 114980460, 'sort_order': 2, 'user_id': 9319938, 'x_offset': 0, 'y_offset': 0, 'square_url': 'https://images4-g.ravelrycache.com/uploads/Masterica74/870805675/NUMO5_square.jpg', 'medium_url': 'https://images4-f.ravelrycache.com/uploads/Masterica74/870805675/NUMO5_medium.jpg', 'thumbnail_url': 'https://images4-g.ravelrycache.com/uploads/Masterica74/870805675/NUMO5_thumbnail.jpg', 'small_url': 'https://images4-g.ravelrycache.com/uploads/Masterica74/870805675/NUMO5_small_best_fit.jpg', 'flickr_url': None, 'shelved_url': 'https://images4-g.ravelrycache.com/uploads/Masterica74/870805675/NUMO5_shelved.jpg', 'medium2_url': 'https://images4-a.ravelrycache.com/uploads/Masterica74/870805675/NUMO5_medium2.jpg', 'small2_url': 'https://images4-g.ravelrycache.com/uploads/Masterica74/870805675/NUMO5_small2.jpg', 'caption': None, 'caption_html': None, 'copyright_holder': None}, {'id': 114980461, 'sort_order': 3, 'user_id': 9319938, 'x_offset': 0, 'y_offset': 0, 'square_url': 'https://images4-f.ravelrycache.com/uploads/Masterica74/870805674/NUMO7_square.jpg', 'medium_url': 'https://images4-g.ravelrycache.com/uploads/Masterica74/870805674/NUMO7_medium.jpg', 'thumbnail_url': 'https://images4-g.ravelrycache.com/uploads/Masterica74/870805674/NUMO7_thumbnail.jpg', 'small_url': 'https://images4-g.ravelrycache.com/uploads/Masterica74/870805674/NUMO7_small_best_fit.jpg', 'flickr_url': None, 'shelved_url': 'https://images4-g.ravelrycache.com/uploads/Masterica74/870805674/NUMO7_shelved.jpg', 'medium2_url': 'https://images4-a.ravelrycache.com/uploads/Masterica74/870805674/NUMO7_medium2.jpg', 'small2_url': 'https://images4-f.ravelrycache.com/uploads/Masterica74/870805674/NUMO7_small2.jpg', 'caption': None, 'caption_html': None, 'copyright_holder': None}, {'id': 114980462, 'sort_order': 4, 'user_id': 9319938, 'x_offset': 0, 'y_offset': 0, 'square_url': 'https://images4-f.ravelrycache.com/uploads/Masterica74/870805676/NUMO3_square.jpg', 'medium_url': 'https://images4-g.ravelrycache.com/uploads/Masterica74/870805676/NUMO3_medium.jpg', 'thumbnail_url': 'https://images4-f.ravelrycache.com/uploads/Masterica74/870805676/NUMO3_thumbnail.jpg', 'small_url': 'https://images4-f.ravelrycache.com/uploads/Masterica74/870805676/NUMO3_small_best_fit.jpg', 'flickr_url': None, 'shelved_url': 'https://images4-g.ravelrycache.com/uploads/Masterica74/870805676/NUMO3_shelved.jpg', 'medium2_url': 'https://images4-a.ravelrycache.com/uploads/Masterica74/870805676/NUMO3_medium2.jpg', 'small2_url': 'https://images4-f.ravelrycache.com/uploads/Masterica74/870805676/NUMO3_small2.jpg', 'caption': None, 'caption_html': None, 'copyright_holder': None}, {'id': 114980463, 'sort_order': 5, 'user_id': 9319938, 'x_offset': 0, 'y_offset': 0, 'square_url': 'https://images4-f.ravelrycache.com/uploads/Masterica74/870805673/NUMO2_square.jpg', 'medium_url': 'https://images4-g.ravelrycache.com/uploads/Masterica74/870805673/NUMO2_medium.jpg', 'thumbnail_url': 'https://images4-g.ravelrycache.com/uploads/Masterica74/870805673/NUMO2_thumbnail.jpg', 'small_url': 'https://images4-f.ravelrycache.com/uploads/Masterica74/870805673/NUMO2_small_best_fit.jpg', 'flickr_url': None, 'shelved_url': 'https://images4-g.ravelrycache.com/uploads/Masterica74/870805673/NUMO2_shelved.jpg', 'medium2_url': 'https://images4-a.ravelrycache.com/uploads/Masterica74/870805673/NUMO2_medium2.jpg', 'small2_url': 'https://images4-f.ravelrycache.com/uploads/Masterica74/870805673/NUMO2_small2.jpg', 'caption': None, 'caption_html': None, 'copyright_holder': None}, {'id': 114980464, 'sort_order': 6, 'user_id': 9319938, 'x_offset': 0, 'y_offset': 0, 'square_url': 'https://images4-g.ravelrycache.com/uploads/Masterica74/870805677/NUMO12_square.jpg', 'medium_url': 'https://images4-f.ravelrycache.com/uploads/Masterica74/870805677/NUMO12_medium.jpg', 'thumbnail_url': 'https://images4-g.ravelrycache.com/uploads/Masterica74/870805677/NUMO12_thumbnail.jpg', 'small_url': 'https://images4-f.ravelrycache.com/uploads/Masterica74/870805677/NUMO12_small_best_fit.jpg', 'flickr_url': None, 'shelved_url': 'https://images4-f.ravelrycache.com/uploads/Masterica74/870805677/NUMO12_shelved.jpg', 'medium2_url': 'https://images4-a.ravelrycache.com/uploads/Masterica74/870805677/NUMO12_medium2.jpg', 'small2_url': 'https://images4-g.ravelrycache.com/uploads/Masterica74/870805677/NUMO12_small2.jpg', 'caption': None, 'caption_html': None, 'copyright_holder': None}, {'id': 114980465, 'sort_order': 7, 'user_id': 9319938, 'x_offset': 0, 'y_offset': 0, 'square_url': 'https://images4-g.ravelrycache.com/uploads/Masterica74/870805679/NUMO9_square.jpg', 'medium_url': 'https://images4-f.ravelrycache.com/uploads/Masterica74/870805679/NUMO9_medium.jpg', 'thumbnail_url': 'https://images4-f.ravelrycache.com/uploads/Masterica74/870805679/NUMO9_thumbnail.jpg', 'small_url': 'https://images4-f.ravelrycache.com/uploads/Masterica74/870805679/NUMO9_small_best_fit.jpg', 'flickr_url': None, 'shelved_url': 'https://images4-g.ravelrycache.com/uploads/Masterica74/870805679/NUMO9_shelved.jpg', 'medium2_url': 'https://images4-a.ravelrycache.com/uploads/Masterica74/870805679/NUMO9_medium2.jpg', 'small2_url': 'https://images4-g.ravelrycache.com/uploads/Masterica74/870805679/NUMO9_small2.jpg', 'caption': None, 'caption_html': None, 'copyright_holder': None}]"
Koeda to Sumile,eri shimizu,1266397,https://www.ravelry.com/patterns/library/koeda-to-sumile,False,https://images4-a.ravelrycache.com/uploads/eritml/872743120/C0BFBE42-037C-4B57-912E-634292B2097A_medium2.jpeg,Knitting,['top-down'],19.0,4.0,True,4.0,Stockinette stitch,pullover,,11,5.0,"1 (2, 3, 4, 5) (6, 7, 8, 9)","[{'id': 114996330, 'sort_order': 1, 'user_id': 4016917, 'x_offset': 0, 'y_offset': 0, 'square_url': 'https://images4-g.ravelrycache.com/uploads/eritml/872743120/C0BFBE42-037C-4B57-912E-634292B2097A_square.jpeg', 'medium_url': 'https://images4-g.ravelrycache.com/uploads/eritml/872743120/C0BFBE42-037C-4B57-912E-634292B2097A_medium.jpeg', 'thumbnail_url': 'https://images4-g.ravelrycache.com/uploads/eritml/872743120/C0BFBE42-037C-4B57-912E-634292B2097A_thumbnail.jpeg', 'small_url': 'https://images4-g.ravelrycache.com/uploads/eritml/872743120/C0BFBE42-037C-4B57-912E-634292B2097A_small_best_fit.jpeg', 'flickr_url': None, 'shelved_url': 'https://images4-f.ravelrycache.com/uploads/eritml/872743120/C0BFBE42-037C-4B57-912E-634292B2097A_shelved.jpeg', 'medium2_url': 'https://images4-a.ravelrycache.com/uploads/eritml/872743120/C0BFBE42-037C-4B57-912E-634292B2097A_medium2.jpeg', 'small2_url': 'https://images4-f.ravelrycache.com/uploads/eritml/872743120/C0BFBE42-037C-4B57-912E-634292B2097A_small2.jpeg', 'caption': 'V-neck in Front, Boat neck in Back', 'caption_html': 'V-neck in Front, Boat neck in Back', 'copyright_holder': ''}, {'id': 114993607, 'sort_order': 2, 'user_id': 4016917, 'x_offset': -10, 'y_offset': -1, 'square_url': 'https://images4-g.ravelrycache.com/uploads/eritml/872720308/471CF4D8-DF62-4090-B250-2D4F59D09CB1_square.jpeg', 'medium_url': 'https://images4-g.ravelrycache.com/uploads/eritml/872720308/471CF4D8-DF62-4090-B250-2D4F59D09CB1_medium.jpeg', 'thumbnail_url': 'https://images4-f.ravelrycache.com/uploads/eritml/872720308/471CF4D8-DF62-4090-B250-2D4F59D09CB1_thumbnail.jpeg', 'small_url': 'https://images4-f.ravelrycache.com/uploads/eritml/872720308/471CF4D8-DF62-4090-B250-2D4F59D09CB1_small_best_fit.jpeg', 'flickr_url': None, 'shelved_url': 'https://images4-f.ravelrycache.com/uploads/eritml/872720308/471CF4D8-DF62-4090-B250-2D4F59D09CB1_shelved.jpeg', 'medium2_url': 'https://images4-a.ravelrycache.com/uploads/eritml/872720308/471CF4D8-DF62-4090-B250-2D4F59D09CB1_medium2.jpeg', 'small2_url': 'https://images4-f.ravelrycache.com/uploads/eritml/872720308/471CF4D8-DF62-4090-B250-2D4F59D09CB1_small2.jpeg', 'caption': None, 'caption_html': None, 'copyright_holder': None}, {'id': 114993608, 'sort_order': 3, 'user_id': 4016917, 'x_offset': 0, 'y_offset': -2, 'square_url': 'https://images4-g.ravelrycache.com/uploads/eritml/872720314/86B3562C-753C-47D6-BF4A-0DBD30004F20_square.jpeg', 'medium_url': 'https://images4-g.ravelrycache.com/uploads/eritml/872720314/86B3562C-753C-47D6-BF4A-0DBD30004F20_medium.jpeg', 'thumbnail_url': 'https://images4-g.ravelrycache.com/uploads/eritml/872720314/86B3562C-753C-47D6-BF4A-0DBD30004F20_thumbnail.jpeg', 'small_url': 'https://images4-f.ravelrycache.com/uploads/eritml/872720314/86B3562C-753C-47D6-BF4A-0DBD30004F20_small_best_fit.jpeg', 'flickr_url': None, 'shelved_url': 'https://images4-f.ravelrycache.com/uploads/eritml/872720314/86B3562C-753C-47D6-BF4A-0DBD30004F20_shelved.jpeg', 'medium2_url': 'https://images4-a.ravelrycache.com/uploads/eritml/872720314/86B3562C-753C-47D6-BF4A-0DBD30004F20_medium2.jpeg', 'small2_url': 'https://images4-f.ravelrycache.com/uploads/eritml/872720314/86B3562C-753C-47D6-BF4A-0DBD30004F20_small2.jpeg', 'caption': None, 'caption_html': None, 'copyright_holder': None}, {'id': 114993609, 'sort_order': 4, 'user_id': 4016917, 'x_offset': -3, 'y_offset': -2, 'square_url': 'https://images4-g.ravelrycache.com/uploads/eritml/872720318/534D0EF6-327A-4945-8711-69925AAFF65B_square.jpeg', 'medium_url': 'https://images4-g.ravelrycache.com/uploads/eritml/872720318/534D0EF6-327A-4945-8711-69925AAFF65B_medium.jpeg', 'thumbnail_url': 'https://images4-g.ravelrycache.com/uploads/eritml/872720318/534D0EF6-327A-4945-8711-69925AAFF65B_thumbnail.jpeg', 'small_url': 'https://images4-g.ravelrycache.com/uploads/eritml/872720318/534D0EF6-327A-4945-8711-69925AAFF65B_small_best_fit.jpeg', 'flickr_url': None, 'shelved_url': 'https://images4-f.ravelrycache.com/uploads/eritml/872720318/534D0EF6-327A-4945-8711-69925AAFF65B_shelved.jpeg', 'medium2_url': 'https://images4-a.ravelrycache.com/uploads/eritml/872720318/534D0EF6-327A-4945-8711-69925AAFF65B_medium2.jpeg', 'small2_url': 'https://images4-f.ravelrycache.com/uploads/eritml/872720318/534D0EF6-327A-4945-8711-69925AAFF65B_small2.jpeg', 'caption': None, 'caption_html': None, 'copyright_holder': None}, {'id': 114993610, 'sort_order': 5, 'user_id': 4016917, 'x_offset': 0, 'y_offset': -1, 'square_url': 'https://images4-f.ravelrycache.com/uploads/eritml/872720312/5572BDB9-DA2C-4487-AFBD-9F5AFA4CDFE2_square.jpeg', 'medium_url': 'https://images4-f.ravelrycache.com/uploads/eritml/872720312/5572BDB9-DA2C-4487-AFBD-9F5AFA4CDFE2_medium.jpeg', 'thumbnail_url': 'https://images4-f.ravelrycache.com/uploads/eritml/872720312/5572BDB9-DA2C-4487-AFBD-9F5AFA4CDFE2_thumbnail.jpeg', 'small_url': 'https://images4-f.ravelrycache.com/uploads/eritml/872720312/5572BDB9-DA2C-4487-AFBD-9F5AFA4CDFE2_small_best_fit.jpeg', 'flickr_url': None, 'shelved_url': 'https://images4-g.ravelrycache.com/uploads/eritml/872720312/5572BDB9-DA2C-4487-AFBD-9F5AFA4CDFE2_shelved.jpeg', 'medium2_url': 'https://images4-a.ravelrycache.com/uploads/eritml/872720312/5572BDB9-DA2C-4487-AFBD-9F5AFA4CDFE2_medium2.jpeg', 'small2_url': 'https://images4-g.ravelrycache.com/uploads/eritml/872720312/5572BDB9-DA2C-4487-AFBD-9F5AFA4CDFE2_small2.jpeg', 'caption': None, 'caption_html': None, 'copyright_holder': None}, {'id': 114993611, 'sort_order': 6, 'user_id': 4016917, 'x_offset': -35, 'y_offset': -3, 'square_url': 'https://images4-g.ravelrycache.com/uploads/eritml/872720306/B8AB39FD-1E95-4457-9C01-CF4A75DFF1CB_square.jpeg', 'medium_url': 'https://images4-g.ravelrycache.com/uploads/eritml/872720306/B8AB39FD-1E95-4457-9C01-CF4A75DFF1CB_medium.jpeg', 'thumbnail_url': 'https://images4-g.ravelrycache.com/uploads/eritml/872720306/B8AB39FD-1E95-4457-9C01-CF4A75DFF1CB_thumbnail.jpeg', 'small_url': 'https://images4-g.ravelrycache.com/uploads/eritml/872720306/B8AB39FD-1E95-4457-9C01-CF4A75DFF1CB_small.jpeg', 'flickr_url': None, 'shelved_url': 'https://images4-g.ravelrycache.com/uploads/eritml/872720306/B8AB39FD-1E95-4457-9C01-CF4A75DFF1CB_shelved.jpeg', 'medium2_url': 'https://images4-a.ravelrycache.com/uploads/eritml/872720306/B8AB39FD-1E95-4457-9C01-CF4A75DFF1CB_medium2.jpeg', 'small2_url': 'https://images4-f.ravelrycache.com/uploads/eritml/872720306/B8AB39FD-1E95-4457-9C01-CF4A75DFF1CB_small2.jpeg', 'caption': None, 'caption_html': None, 'copyright_holder': None}, {'id': 114993612, 'sort_order': 7, 'user_id': 4016917, 'x_offset': 0, 'y_offset': -7, 'square_url': 'https://images4-g.ravelrycache.com/uploads/eritml/872720309/0B419792-5F9D-4312-B498-6C923C5E35FD_square.jpeg', 'medium_url': 'https://images4-g.ravelrycache.com/uploads/eritml/872720309/0B419792-5F9D-4312-B498-6C923C5E35FD_medium.jpeg', 'thumbnail_url': 'https://images4-g.ravelrycache.com/uploads/eritml/872720309/0B419792-5F9D-4312-B498-6C923C5E35FD_thumbnail.jpeg', 'small_url': 'https://images4-g.ravelrycache.com/uploads/eritml/872720309/0B419792-5F9D-4312-B498-6C923C5E35FD_small.jpeg', 'flickr_url': None, 'shelved_url': 'https://images4-f.ravelrycache.com/uploads/eritml/872720309/0B419792-5F9D-4312-B498-6C923C5E35FD_shelved.jpeg', 'medium2_url': 'https://images4-a.ravelrycache.com/uploads/eritml/872720309/0B419792-5F9D-4312-B498-6C923C5E35FD_medium2.jpeg', 'small2_url': 'https://images4-f.ravelrycache.com/uploads/eritml/872720309/0B419792-5F9D-4312-B498-6C923C5E35FD_small2.jpeg', 'caption': None, 'caption_html': None, 'copyright_holder': None}, {'id': 114993613, 'sort_order': 8, 'user_id': 4016917, 'x_offset': -9, 'y_offset': 0, 'square_url': 'https://images4-g.ravelrycache.com/uploads/eritml/872720311/DD03A4DE-CB26-4E03-B2DA-9F55EDED2C5A_square.jpeg', 'medium_url': 'https://images4-g.ravelrycache.com/uploads/eritml/872720311/DD03A4DE-CB26-4E03-B2DA-9F55EDED2C5A_medium.jpeg', 'thumbnail_url': 'https://images4-f.ravelrycache.com/uploads/eritml/872720311/DD03A4DE-CB26-4E03-B2DA-9F55EDED2C5A_thumbnail.jpeg', 'small_url': 'https://images4-f.ravelrycache.com/uploads/eritml/872720311/DD03A4DE-CB26-4E03-B2DA-9F55EDED2C5A_small_best_fit.jpeg', 'flickr_url': None, 'shelved_url': 'https://images4-f.ravelrycache.com/uploads/eritml/872720311/DD03A4DE-CB26-4E03-B2DA-9F55EDED2C5A_shelved.jpeg', 'medium2_url': 'https://images4-a.ravelrycache.com/uploads/eritml/872720311/DD03A4DE-CB26-4E03-B2DA-9F55EDED2C5A_medium2.jpeg', 'small2_url': 'https://images4-f.ravelrycache.com/uploads/eritml/872720311/DD03A4DE-CB26-4E03-B2DA-9F55EDED2C5A_small2.jpeg', 'caption': None, 'caption_html': None, 'copyright_holder': None}, {'id': 114996333, 'sort_order': 9, 'user_id': 4016917, 'x_offset': 0, 'y_offset': 0, 'square_url': 'https://images4-f.ravelrycache.com/uploads/eritml/872743122/FCF28D71-6C3B-4B20-9C5F-3EA169942014_square.jpeg', 'medium_url': 'https://images4-f.ravelrycache.com/uploads/eritml/872743122/FCF28D71-6C3B-4B20-9C5F-3EA169942014_medium.jpeg', 'thumbnail_url': 'https://images4-g.ravelrycache.com/uploads/eritml/872743122/FCF28D71-6C3B-4B20-9C5F-3EA169942014_thumbnail.jpeg', 'small_url': 'https://images4-f.ravelrycache.com/uploads/eritml/872743122/FCF28D71-6C3B-4B20-9C5F-3EA169942014_small_best_fit.jpeg', 'flickr_url': None, 'shelved_url': 'https://images4-f.ravelrycache.com/uploads/eritml/872743122/FCF28D71-6C3B-4B20-9C5F-3EA169942014_shelved.jpeg', 'medium2_url': 'https://images4-a.ravelrycache.com/uploads/eritml/872743122/FCF28D71-6C3B-4B20-9C5F-3EA169942014_medium2.jpeg', 'small2_url': 'https://images4-g.ravelrycache.com/uploads/eritml/872743122/FCF28D71-6C3B-4B20-9C5F-3EA169942014_small2.jpeg', 'caption': 'Boat neck in Front, v in Back', 'caption_html': 'Boat neck in Front, v in Back', 'copyright_holder': ''}, {'id': 114996332, 'sort_order': 10, 'user_id': 4016917, 'x_offset': 0, 'y_offset': 0, 'square_url': 'https://images4-g.ravelrycache.com/uploads/eritml/872743123/47FFC8B3-BC48-44EA-8A72-1D7A8A81CFF4_square.jpeg', 'medium_url': 'https://images4-g.ravelrycache.com/uploads/eritml/872743123/47FFC8B3-BC48-44EA-8A72-1D7A8A81CFF4_medium.jpeg', 'thumbnail_url': 'https://images4-f.ravelrycache.com/uploads/eritml/872743123/47FFC8B3-BC48-44EA-8A72-1D7A8A81CFF4_thumbnail.jpeg', 'small_url': 'https://images4-g.ravelrycache.com/uploads/eritml/872743123/47FFC8B3-BC48-44EA-8A72-1D7A8A81CFF4_small_best_fit.jpeg', 'flickr_url': None, 'shelved_url': 'https://images4-g.ravelrycache.com/uploads/eritml/872743123/47FFC8B3-BC48-44EA-8A72-1D7A8A81CFF4_shelved.jpeg', 'medium2_url': 'https://images4-a.ravelrycache.com/uploads/eritml/872743123/47FFC8B3-BC48-44EA-8A72-1D7A8A81CFF4_medium2.jpeg', 'small2_url': 'https://images4-f.ravelrycache.com/uploads/eritml/872743123/47FFC8B3-BC48-44EA-8A72-1D7A8A81CFF4_small2.jpeg', 'caption': None, 'caption_html': None, 'copyright_holder': None}, {'id': 114993616, 'sort_order': 11, 'user_id': 4016917, 'x_offset': -2, 'y_offset': -7, 'square_url': 'https://images4-f.ravelrycache.com/uploads/eritml/872720307/CF9973F4-617A-4E83-8784-83DE8B606F34_square.jpeg', 'medium_url': 'https://images4-f.ravelrycache.com/uploads/eritml/872720307/CF9973F4-617A-4E83-8784-83DE8B606F34_medium.jpeg', 'thumbnail_url': 'https://images4-f.ravelrycache.com/uploads/eritml/872720307/CF9973F4-617A-4E83-8784-83DE8B606F34_thumbnail.jpeg', 'small_url': 'https://images4-g.ravelrycache.com/uploads/eritml/872720307/CF9973F4-617A-4E83-8784-83DE8B606F34_small_best_fit.jpeg', 'flickr_url': None, 'shelved_url': 'https://images4-f.ravelrycache.com/uploads/eritml/872720307/CF9973F4-617A-4E83-8784-83DE8B606F34_shelved.jpeg', 'medium2_url': 'https://images4-a.ravelrycache.com/uploads/eritml/872720307/CF9973F4-617A-4E83-8784-83DE8B606F34_medium2.jpeg', 'small2_url': 'https://images4-g.ravelrycache.com/uploads/eritml/872720307/CF9973F4-617A-4E83-8784-83DE8B606F34_small2.jpeg', 'caption': None, 'caption_html': None, 'copyright_holder': None}, {'id': 114993617, 'sort_order': 12, 'user_id': 4016917, 'x_offset': -22, 'y_offset': 0, 'square_url': 'https://images4-g.ravelrycache.com/uploads/eritml/872720319/973BF29C-78A0-4BDB-B68A-F660259BBABC_square.jpeg', 'medium_url': 'https://images4-g.ravelrycache.com/uploads/eritml/872720319/973BF29C-78A0-4BDB-B68A-F660259BBABC_medium.jpeg', 'thumbnail_url': 'https://images4-g.ravelrycache.com/uploads/eritml/872720319/973BF29C-78A0-4BDB-B68A-F660259BBABC_thumbnail.jpeg', 'small_url': 'https://images4-g.ravelrycache.com/uploads/eritml/872720319/973BF29C-78A0-4BDB-B68A-F660259BBABC_small_best_fit.jpeg', 'flickr_url': None, 'shelved_url': 'https://images4-g.ravelrycache.com/uploads/eritml/872720319/973BF29C-78A0-4BDB-B68A-F660259BBABC_shelved.jpeg', 'medium2_url': 'https://images4-a.ravelrycache.com/uploads/eritml/872720319/973BF29C-78A0-4BDB-B68A-F660259BBABC_medium2.jpeg', 'small2_url': 'https://images4-f.ravelrycache.com/uploads/eritml/872720319/973BF29C-78A0-4BDB-B68A-F660259BBABC_small2.jpeg', 'caption': None, 'caption_html': None, 'copyright_holder': None}]"
235-1 Cracked Walnuts Sweater,DROPS design,1266412,https://www.ravelry.com/patterns/library/235-1-cracked-walnuts-sweater,True,https://images4-a.ravelrycache.com/uploads/Drops/872729159/1b-2_medium2.jpg,Knitting,"['female', 'teen', 'adult', 'petite', 'plus', 'cables', 'textured', 'seamed', 'long-sleeve', 'hems', 'bottom-up', 'chart', 'video-tutorial', 'drop-sleeve', 'cuffed-sleeve', 'worked-flat', 'in-the-round', 'schematic', 'mock-turtleneck']",16.0,0.0,True,4.0,stocking stitch with larger needles and 1 strand Puna/Merino Extra fine + 1 strand Kid-Silk,pullover,Aran,5,0.0, XS - S - M - L - XL - XXL,"[{'id': 114994472, 'sort_order': 1, 'user_id': 32910, 'x_offset': -2, 'y_offset': -53, 'square_url': 'https://images4-f.ravelrycache.com/uploads/Drops/872729159/1b-2_square.jpg', 'medium_url': 'https://images4-g.ravelrycache.com/uploads/Drops/872729159/1b-2_medium.jpg', 'thumbnail_url': 'https://images4-g.ravelrycache.com/uploads/Drops/872729159/1b-2_thumbnail.jpg', 'small_url': 'https://images4-f.ravelrycache.com/uploads/Drops/872729159/1b-2_small_best_fit.jpg', 'flickr_url': None, 'shelved_url': 'https://images4-g.ravelrycache.com/uploads/Drops/872729159/1b-2_shelved.jpg', 'medium2_url': 'https://images4-a.ravelrycache.com/uploads/Drops/872729159/1b-2_medium2.jpg', 'small2_url': 'https://images4-f.ravelrycache.com/uploads/Drops/872729159/1b-2_small2.jpg', 'caption': None, 'caption_html': None, 'copyright_holder': None}, {'id': 114994471, 'sort_order': 2, 'user_id': 32910, 'x_offset': -3, 'y_offset': -34, 'square_url': 'https://images4-f.ravelrycache.com/uploads/Drops/872729158/1-2_square.jpg', 'medium_url': 'https://images4-g.ravelrycache.com/uploads/Drops/872729158/1-2_medium.jpg', 'thumbnail_url': 'https://images4-g.ravelrycache.com/uploads/Drops/872729158/1-2_thumbnail.jpg', 'small_url': 'https://images4-g.ravelrycache.com/uploads/Drops/872729158/1-2_small_best_fit.jpg', 'flickr_url': None, 'shelved_url': 'https://images4-f.ravelrycache.com/uploads/Drops/872729158/1-2_shelved.jpg', 'medium2_url': 'https://images4-a.ravelrycache.com/uploads/Drops/872729158/1-2_medium2.jpg', 'small2_url': 'https://images4-f.ravelrycache.com/uploads/Drops/872729158/1-2_small2.jpg', 'caption': None, 'caption_html': None, 'copyright_holder': None}, {'id': 114994473, 'sort_order': 3, 'user_id': 32910, 'x_offset': 0, 'y_offset': -47, 'square_url': 'https://images4-f.ravelrycache.com/uploads/Drops/872729155/1c-2_square.jpg', 'medium_url': 'https://images4-g.ravelrycache.com/uploads/Drops/872729155/1c-2_medium.jpg', 'thumbnail_url': 'https://images4-g.ravelrycache.com/uploads/Drops/872729155/1c-2_thumbnail.jpg', 'small_url': 'https://images4-f.ravelrycache.com/uploads/Drops/872729155/1c-2_small_best_fit.jpg', 'flickr_url': None, 'shelved_url': 'https://images4-f.ravelrycache.com/uploads/Drops/872729155/1c-2_shelved.jpg', 'medium2_url': 'https://images4-a.ravelrycache.com/uploads/Drops/872729155/1c-2_medium2.jpg', 'small2_url': 'https://images4-f.ravelrycache.com/uploads/Drops/872729155/1c-2_small2.jpg', 'caption': None, 'caption_html': None, 'copyright_holder': None}, {'id': 114994474, 'sort_order': 4, 'user_id': 32910, 'x_offset': 0, 'y_offset': -43, 'square_url': 'https://images4-f.ravelrycache.com/uploads/Drops/872729156/1d-2_square.jpg', 'medium_url': 'https://images4-g.ravelrycache.com/uploads/Drops/872729156/1d-2_medium.jpg', 'thumbnail_url': 'https://images4-f.ravelrycache.com/uploads/Drops/872729156/1d-2_thumbnail.jpg', 'small_url': 'https://images4-f.ravelrycache.com/uploads/Drops/872729156/1d-2_small_best_fit.jpg', 'flickr_url': None, 'shelved_url': 'https://images4-f.ravelrycache.com/uploads/Drops/872729156/1d-2_shelved.jpg', 'medium2_url': 'https://images4-a.ravelrycache.com/uploads/Drops/872729156/1d-2_medium2.jpg', 'small2_url': 'https://images4-f.ravelrycache.com/uploads/Drops/872729156/1d-2_small2.jpg', 'caption': None, 'caption_html': None, 'copyright_holder': None}, {'id': 114994475, 'sort_order': 5, 'user_id': 32910, 'x_offset': 0, 'y_offset': -47, 'square_url': 'https://images4-g.ravelrycache.com/uploads/Drops/872729157/1e-2_square.jpg', 'medium_url': 'https://images4-f.ravelrycache.com/uploads/Drops/872729157/1e-2_medium.jpg', 'thumbnail_url': 'https://images4-g.ravelrycache.com/uploads/Drops/872729157/1e-2_thumbnail.jpg', 'small_url': 'https://images4-g.ravelrycache.com/uploads/Drops/872729157/1e-2_small_best_fit.jpg', 'flickr_url': None, 'shelved_url': 'https://images4-g.ravelrycache.com/uploads/Drops/872729157/1e-2_shelved.jpg', 'medium2_url': 'https://images4-a.ravelrycache.com/uploads/Drops/872729157/1e-2_medium2.jpg', 'small2_url': 'https://images4-g.ravelrycache.com/uploads/Drops/872729157/1e-2_small2.jpg', 'caption': None, 'caption_html': None, 'copyright_holder': None}]"
Cerignola,Espace Tricot,1266508,https://www.ravelry.com/patterns/library/cerignola,False,https://images4-a.ravelrycache.com/uploads/EspaceTricot/872277121/cerignola_main_medium2.jpg,Knitting,"['female', 'teen', 'adult', 'crew-neck', '3-4-sleeve', 'straight', 'stranded', 'seamless', 'bottom-up', 'positive-ease', 'written-pattern', 'drop-sleeve', 'cropped', 'worked-flat', 'in-the-round', 'schematic']",20.0,0.0,True,4.0,Stockinette & colourwork,pullover,DK,12,0.0,"1 (2, 3, 4) (5, 6, 7) Chest circumference: 37.5 (40.75, 44.75, 49.5) (54.5, 58.5, 61.5)""","[{'id': 114999259, 'sort_order': 1, 'user_id': 211652, 'x_offset': 0, 'y_offset': 0, 'square_url': 'https://images4-g.ravelrycache.com/uploads/EspaceTricot/872277121/cerignola_main_square.jpg', 'medium_url': 'https://images4-f.ravelrycache.com/uploads/EspaceTricot/872277121/cerignola_main_medium.jpg', 'thumbnail_url': 'https://images4-g.ravelrycache.com/uploads/EspaceTricot/872277121/cerignola_main_thumbnail.jpg', 'small_url': 'https://images4-f.ravelrycache.com/uploads/EspaceTricot/872277121/cerignola_main_small_best_fit.jpg', 'flickr_url': None, 'shelved_url': 'https://images4-f.ravelrycache.com/uploads/EspaceTricot/872277121/cerignola_main_shelved.jpg', 'medium2_url': 'https://images4-a.ravelrycache.com/uploads/EspaceTricot/872277121/cerignola_main_medium2.jpg', 'small2_url': 'https://images4-g.ravelrycache.com/uploads/EspaceTricot/872277121/cerignola_main_small2.jpg', 'caption': None, 'caption_html': None, 'copyright_holder': None}, {'id': 114999260, 'sort_order': 2, 'user_id': 211652, 'x_offset': 0, 'y_offset': 0, 'square_url': 'https://images4-g.ravelrycache.com/uploads/EspaceTricot/872277119/cerignola_detail_square.jpg', 'medium_url': 'https://images4-f.ravelrycache.com/uploads/EspaceTricot/872277119/cerignola_detail_medium.jpg', 'thumbnail_url': 'https://images4-g.ravelrycache.com/uploads/EspaceTricot/872277119/cerignola_detail_thumbnail.jpg', 'small_url': 'https://images4-f.ravelrycache.com/uploads/EspaceTricot/872277119/cerignola_detail_small_best_fit.jpg', 'flickr_url': None, 'shelved_url': 'https://images4-f.ravelrycache.com/uploads/EspaceTricot/872277119/cerignola_detail_shelved.jpg', 'medium2_url': 'https://images4-a.ravelrycache.com/uploads/EspaceTricot/872277119/cerignola_detail_medium2.jpg', 'small2_url': 'https://images4-g.ravelrycache.com/uploads/EspaceTricot/872277119/cerignola_detail_small2.jpg', 'caption': None, 'caption_html': None, 'copyright_holder': None}, {'id': 114999261, 'sort_order': 3, 'user_id': 211652, 'x_offset': 0, 'y_offset': 0, 'square_url': 'https://images4-g.ravelrycache.com/uploads/EspaceTricot/872277124/cerignola_detail2_square.jpg', 'medium_url': 'https://images4-f.ravelrycache.com/uploads/EspaceTricot/872277124/cerignola_detail2_medium.jpg', 'thumbnail_url': 'https://images4-g.ravelrycache.com/uploads/EspaceTricot/872277124/cerignola_detail2_thumbnail.jpg', 'small_url': 'https://images4-f.ravelrycache.com/uploads/EspaceTricot/872277124/cerignola_detail2_small_best_fit.jpg', 'flickr_url': None, 'shelved_url': 'https://images4-g.ravelrycache.com/uploads/EspaceTricot/872277124/cerignola_detail2_shelved.jpg', 'medium2_url': 'https://images4-a.ravelrycache.com/uploads/EspaceTricot/872277124/cerignola_detail2_medium2.jpg', 'small2_url': 'https://images4-g.ravelrycache.com/uploads/EspaceTricot/872277124/cerignola_detail2_small2.jpg', 'caption': None, 'caption_html': None, 'copyright_holder': None}, {'id': 114999262, 'sort_order': 4, 'user_id': 211652, 'x_offset': 0, 'y_offset': 0, 'square_url': 'https://images4-g.ravelrycache.com/uploads/EspaceTricot/872277125/cerignola_kit_square.jpg', 'medium_url': 'https://images4-f.ravelrycache.com/uploads/EspaceTricot/872277125/cerignola_kit_medium.jpg', 'thumbnail_url': 'https://images4-f.ravelrycache.com/uploads/EspaceTricot/872277125/cerignola_kit_thumbnail.jpg', 'small_url': 'https://images4-g.ravelrycache.com/uploads/EspaceTricot/872277125/cerignola_kit_small_best_fit.jpg', 'flickr_url': None, 'shelved_url': 'https://images4-g.ravelrycache.com/uploads/EspaceTricot/872277125/cerignola_kit_shelved.jpg', 'medium2_url': 'https://images4-a.ravelrycache.com/uploads/EspaceTricot/872277125/cerignola_kit_medium2.jpg', 'small2_url': 'https://images4-g.ravelrycache.com/uploads/EspaceTricot/872277125/cerignola_kit_small2.jpg', 'caption': None, 'caption_html': None, 'copyright_holder': None}, {'id': 114999263, 'sort_order': 5, 'user_id': 211652, 'x_offset': 0, 'y_offset': 0, 'square_url': 'https://images4-g.ravelrycache.com/uploads/EspaceTricot/872277120/cerignola_mannequin_square.jpg', 'medium_url': 'https://images4-f.ravelrycache.com/uploads/EspaceTricot/872277120/cerignola_mannequin_medium.jpg', 'thumbnail_url': 'https://images4-g.ravelrycache.com/uploads/EspaceTricot/872277120/cerignola_mannequin_thumbnail.jpg', 'small_url': 'https://images4-f.ravelrycache.com/uploads/EspaceTricot/872277120/cerignola_mannequin_small_best_fit.jpg', 'flickr_url': None, 'shelved_url': 'https://images4-f.ravelrycache.com/uploads/EspaceTricot/872277120/cerignola_mannequin_shelved.jpg', 'medium2_url': 'https://images4-a.ravelrycache.com/uploads/EspaceTricot/872277120/cerignola_mannequin_medium2.jpg', 'small2_url': 'https://images4-g.ravelrycache.com/uploads/EspaceTricot/872277120/cerignola_mannequin_small2.jpg', 'caption': None, 'caption_html': None, 'copyright_holder': None}]"
236-10  Cornflower Blues,DROPS design,1266685,https://www.ravelry.com/patterns/library/236-10-cornflower-blues,True,https://images4-a.ravelrycache.com/uploads/Drops/872922941/10-2_medium2.jpg,Knitting,"['female', 'teen', 'adult', 'plus', 'cables', 'v-neck', 'long-sleeve', 'bottom-up', 'modified-drop-sleeve', 'cuffed-sleeve', 'chart', 'written-pattern', 'video-tutorial', 'schematic']",13.0,0.0,True,4.0,stocking stitch with larger needles with 3 strands Kid-Silk or 1 strand Melody,pullover,Sport,6,0.0,S – M – L – XL – XXL – XXXL,"[{'id': 115018394, 'sort_order': 1, 'user_id': 32910, 'x_offset': -10, 'y_offset': -52, 'square_url': 'https://images4-g.ravelrycache.com/uploads/Drops/872922941/10-2_square.jpg', 'medium_url': 'https://images4-f.ravelrycache.com/uploads/Drops/872922941/10-2_medium.jpg', 'thumbnail_url': 'https://images4-g.ravelrycache.com/uploads/Drops/872922941/10-2_thumbnail.jpg', 'small_url': 'https://images4-g.ravelrycache.com/uploads/Drops/872922941/10-2_small_best_fit.jpg', 'flickr_url': None, 'shelved_url': 'https://images4-g.ravelrycache.com/uploads/Drops/872922941/10-2_shelved.jpg', 'medium2_url': 'https://images4-a.ravelrycache.com/uploads/Drops/872922941/10-2_medium2.jpg', 'small2_url': 'https://images4-g.ravelrycache.com/uploads/Drops/872922941/10-2_small2.jpg', 'caption': None, 'caption_html': None, 'copyright_holder': None}, {'id': 115018395, 'sort_order': 2, 'user_id': 32910, 'x_offset': 0, 'y_offset': -48, 'square_url': 'https://images4-g.ravelrycache.com/uploads/Drops/872922939/10b-2_square.jpg', 'medium_url': 'https://images4-f.ravelrycache.com/uploads/Drops/872922939/10b-2_medium.jpg', 'thumbnail_url': 'https://images4-g.ravelrycache.com/uploads/Drops/872922939/10b-2_thumbnail.jpg', 'small_url': 'https://images4-g.ravelrycache.com/uploads/Drops/872922939/10b-2_small_best_fit.jpg', 'flickr_url': None, 'shelved_url': 'https://images4-g.ravelrycache.com/uploads/Drops/872922939/10b-2_shelved.jpg', 'medium2_url': 'https://images4-a.ravelrycache.com/uploads/Drops/872922939/10b-2_medium2.jpg', 'small2_url': 'https://images4-g.ravelrycache.com/uploads/Drops/872922939/10b-2_small2.jpg', 'caption': None, 'caption_html': None, 'copyright_holder': None}, {'id': 115018396, 'sort_order': 3, 'user_id': 32910, 'x_offset': 0, 'y_offset': -47, 'square_url': 'https://images4-g.ravelrycache.com/uploads/Drops/872922942/10c-2_square.jpg', 'medium_url': 'https://images4-f.ravelrycache.com/uploads/Drops/872922942/10c-2_medium.jpg', 'thumbnail_url': 'https://images4-f.ravelrycache.com/uploads/Drops/872922942/10c-2_thumbnail.jpg', 'small_url': 'https://images4-f.ravelrycache.com/uploads/Drops/872922942/10c-2_small_best_fit.jpg', 'flickr_url': None, 'shelved_url': 'https://images4-g.ravelrycache.com/uploads/Drops/872922942/10c-2_shelved.jpg', 'medium2_url': 'https://images4-a.ravelrycache.com/uploads/Drops/872922942/10c-2_medium2.jpg', 'small2_url': 'https://images4-g.ravelrycache.com/uploads/Drops/872922942/10c-2_small2.jpg', 'caption': None, 'caption_html': None, 'copyright_holder': None}, {'id': 115018397, 'sort_order': 4, 'user_id': 32910, 'x_offset': 0, 'y_offset': -47, 'square_url': 'https://images4-g.ravelrycache.com/uploads/Drops/872922940/10d-2_square.jpg', 'medium_url': 'https://images4-f.ravelrycache.com/uploads/Drops/872922940/10d-2_medium.jpg', 'thumbnail_url': 'https://images4-g.ravelrycache.com/uploads/Drops/872922940/10d-2_thumbnail.jpg', 'small_url': 'https://images4-f.ravelrycache.com/uploads/Drops/872922940/10d-2_small_best_fit.jpg', 'flickr_url': None, 'shelved_url': 'https://images4-g.ravelrycache.com/uploads/Drops/872922940/10d-2_shelved.jpg', 'medium2_url': 'https://images4-a.ravelrycache.com/uploads/Drops/872922940/10d-2_medium2.jpg', 'small2_url': 'https://images4-g.ravelrycache.com/uploads/Drops/872922940/10d-2_small2.jpg', 'caption': None, 'caption_html': None, 'copyright_holder': None}]"
236-3 Rain Romance Sweater,DROPS design,1266689,https://www.ravelry.com/patterns/library/236-3-rain-romance-sweater,True,https://images4-a.ravelrycache.com/uploads/Drops/872923443/3-2_medium2.jpg,Knitting,"['female', 'teen', 'adult', 'plus', 'eyelets', 'lace', 'textured', 'circular-yoke', 'long-sleeve', 'seamless', 'top-down', 'chart', 'written-pattern', 'video-tutorial', 'cuffed-sleeve', 'in-the-round', 'schematic', 'crew-neck']",17.0,3.3333333333333335,True,4.0,stocking stitch with larger needles,pullover,Aran,17,4.333333333333333,S – M – L – XL – XXL – XXXL,"[{'id': 115018468, 'sort_order': 1, 'user_id': 32910, 'x_offset': 0, 'y_offset': -36, 'square_url': 'https://images4-f.ravelrycache.com/uploads/Drops/872923443/3-2_square.jpg', 'medium_url': 'https://images4-g.ravelrycache.com/uploads/Drops/872923443/3-2_medium.jpg', 'thumbnail_url': 'https://images4-f.ravelrycache.com/uploads/Drops/872923443/3-2_thumbnail.jpg', 'small_url': 'https://images4-f.ravelrycache.com/uploads/Drops/872923443/3-2_small_best_fit.jpg', 'flickr_url': None, 'shelved_url': 'https://images4-g.ravelrycache.com/uploads/Drops/872923443/3-2_shelved.jpg', 'medium2_url': 'https://images4-a.ravelrycache.com/uploads/Drops/872923443/3-2_medium2.jpg', 'small2_url': 'https://images4-f.ravelrycache.com/uploads/Drops/872923443/3-2_small2.jpg', 'caption': None, 'caption_html': None, 'copyright_holder': None}, {'id': 130341516, 'sort_order': 2, 'user_id': 11426429, 'x_offset': -5, 'y_offset': -35, 'square_url': 'https://images4-f.ravelrycache.com/uploads/CleoPii/988127097/IMG_20240317_160156_square.jpg', 'medium_url': 'https://images4-g.ravelrycache.com/uploads/CleoPii/988127097/IMG_20240317_160156_medium.jpg', 'thumbnail_url': 'https://images4-f.ravelrycache.com/uploads/CleoPii/988127097/IMG_20240317_160156_thumbnail.jpg', 'small_url': 'https://images4-g.ravelrycache.com/uploads/CleoPii/988127097/IMG_20240317_160156_small.jpg', 'flickr_url': None, 'shelved_url': 'https://images4-f.ravelrycache.com/uploads/CleoPii/988127097/IMG_20240317_160156_shelved.jpg', 'medium2_url': 'https://images4-a.ravelrycache.com/uploads/CleoPii/988127097/IMG_20240317_160156_medium2.jpg', 'small2_url': 'https://images4-f.ravelrycache.com/uploads/CleoPii/988127097/IMG_20240317_160156_small2.jpg', 'caption': None, 'caption_html': None, 'copyright_holder': None}, {'id': 117570143, 'sort_order': 3, 'user_id': 605545, 'x_offset': 0, 'y_offset': 0, 'square_url': 'https://images4-f.ravelrycache.com/uploads/addictaufil/891822973/upload_square', 'medium_url': 'https://images4-g.ravelrycache.com/uploads/addictaufil/891822973/upload_medium', 'thumbnail_url': 'https://images4-g.ravelrycache.com/uploads/addictaufil/891822973/upload_thumbnail', 'small_url': 'https://images4-g.ravelrycache.com/uploads/addictaufil/891822973/upload_small_best_fit', 'flickr_url': None, 'shelved_url': 'https://images4-g.ravelrycache.com/uploads/addictaufil/891822973/upload_shelved', 'medium2_url': 'https://images4-a.ravelrycache.com/uploads/addictaufil/891822973/upload_medium2', 'small2_url': 'https://images4-f.ravelrycache.com/uploads/addictaufil/891822973/upload_small2', 'caption': None, 'caption_html': None, 'copyright_holder': None}, {'id': 115018469, 'sort_order': 4, 'user_id': 32910, 'x_offset': 1, 'y_offset': -39, 'square_url': 'https://images4-g.ravelrycache.com/uploads/Drops/872923445/3b-2_square.jpg', 'medium_url': 'https://images4-f.ravelrycache.com/uploads/Drops/872923445/3b-2_medium.jpg', 'thumbnail_url': 'https://images4-g.ravelrycache.com/uploads/Drops/872923445/3b-2_thumbnail.jpg', 'small_url': 'https://images4-g.ravelrycache.com/uploads/Drops/872923445/3b-2_small_best_fit.jpg', 'flickr_url': None, 'shelved_url': 'https://images4-f.ravelrycache.com/uploads/Drops/872923445/3b-2_shelved.jpg', 'medium2_url': 'https://images4-a.ravelrycache.com/uploads/Drops/872923445/3b-2_medium2.jpg', 'small2_url': 'https://images4-g.ravelrycache.com/uploads/Drops/872923445/3b-2_small2.jpg', 'caption': None, 'caption_html': None, 'copyright_holder': None}, {'id': 115018470, 'sort_order': 5, 'user_id': 32910, 'x_offset': 0, 'y_offset': -47, 'square_url': 'https://images4-f.ravelrycache.com/uploads/Drops/872923442/3c-2_square.jpg', 'medium_url': 'https://images4-g.ravelrycache.com/uploads/Drops/872923442/3c-2_medium.jpg', 'thumbnail_url': 'https://images4-g.ravelrycache.com/uploads/Drops/872923442/3c-2_thumbnail.jpg', 'small_url': 'https://images4-g.ravelrycache.com/uploads/Drops/872923442/3c-2_small_best_fit.jpg', 'flickr_url': None, 'shelved_url': 'https://images4-f.ravelrycache.com/uploads/Drops/872923442/3c-2_shelved.jpg', 'medium2_url': 'https://images4-a.ravelrycache.com/uploads/Drops/872923442/3c-2_medium2.jpg', 'small2_url': 'https://images4-f.ravelrycache.com/uploads/Drops/872923442/3c-2_small2.jpg', 'caption': None, 'caption_html': None, 'copyright_holder': None}, {'id': 115018471, 'sort_order': 6, 'user_id': 32910, 'x_offset': 1, 'y_offset': -37, 'square_url': 'https://images4-f.ravelrycache.com/uploads/Drops/872923446/3d-2_square.jpg', 'medium_url': 'https://images4-g.ravelrycache.com/uploads/Drops/872923446/3d-2_medium.jpg', 'thumbnail_url': 'https://images4-f.ravelrycache.com/uploads/Drops/872923446/3d-2_thumbnail.jpg', 'small_url': 'https://images4-g.ravelrycache.com/uploads/Drops/872923446/3d-2_small_best_fit.jpg', 'flickr_url': None, 'shelved_url': 'https://images4-f.ravelrycache.com/uploads/Drops/872923446/3d-2_shelved.jpg', 'medium2_url': 'https://images4-a.ravelrycache.com/uploads/Drops/872923446/3d-2_medium2.jpg', 'small2_url': 'https://images4-f.ravelrycache.com/uploads/Drops/872923446/3d-2_small2.jpg', 'caption': None, 'caption_html': None, 'copyright_holder': None}, {'id': 115018472, 'sort_order': 7, 'user_id': 32910, 'x_offset': 0, 'y_offset': -47, 'square_url': 'https://images4-g.ravelrycache.com/uploads/Drops/872923444/3e-2_square.jpg', 'medium_url': 'https://images4-f.ravelrycache.com/uploads/Drops/872923444/3e-2_medium.jpg', 'thumbnail_url': 'https://images4-f.ravelrycache.com/uploads/Drops/872923444/3e-2_thumbnail.jpg', 'small_url': 'https://images4-f.ravelrycache.com/uploads/Drops/872923444/3e-2_small_best_fit.jpg', 'flickr_url': None, 'shelved_url': 'https://images4-f.ravelrycache.com/uploads/Drops/872923444/3e-2_shelved.jpg', 'medium2_url': 'https://images4-a.ravelrycache.com/uploads/Drops/872923444/3e-2_medium2.jpg', 'small2_url': 'https://images4-g.ravelrycache.com/uploads/Drops/872923444/3e-2_small2.jpg', 'caption': None, 'caption_html': None, 'copyright_holder': None}]"
Aiko,Lucía Ruiz de Aguirre,1266724,https://www.ravelry.com/patterns/library/aiko-4,False,https://images4-a.ravelrycache.com/uploads/luymou/872938976/jersey_Aiko-1_medium2.jpg,Knitting,"['unisex', 'adult', 'no-ease', 'fitted', 'raglan-sleeve', 'one-piece', 'top-down', 'bottom-up', 'written-pattern', 'in-the-round', 'slipped-stitches', 'male', 'female']",22.0,0.0,True,4.0,"stockinette stitch, without blocking.",pullover,Sport,9,0.0,"1, 2, 3, 4, 5, 6","[{'id': 115020480, 'sort_order': 1, 'user_id': 3596603, 'x_offset': -5, 'y_offset': -35, 'square_url': 'https://images4-g.ravelrycache.com/uploads/luymou/872938976/jersey_Aiko-1_square.jpg', 'medium_url': 'https://images4-f.ravelrycache.com/uploads/luymou/872938976/jersey_Aiko-1_medium.jpg', 'thumbnail_url': 'https://images4-g.ravelrycache.com/uploads/luymou/872938976/jersey_Aiko-1_thumbnail.jpg', 'small_url': 'https://images4-f.ravelrycache.com/uploads/luymou/872938976/jersey_Aiko-1_small.jpg', 'flickr_url': None, 'shelved_url': 'https://images4-g.ravelrycache.com/uploads/luymou/872938976/jersey_Aiko-1_shelved.jpg', 'medium2_url': 'https://images4-a.ravelrycache.com/uploads/luymou/872938976/jersey_Aiko-1_medium2.jpg', 'small2_url': 'https://images4-g.ravelrycache.com/uploads/luymou/872938976/jersey_Aiko-1_small2.jpg', 'caption': None, 'caption_html': None, 'copyright_holder': None}, {'id': 115020481, 'sort_order': 2, 'user_id': 3596603, 'x_offset': -43, 'y_offset': 0, 'square_url': 'https://images4-f.ravelrycache.com/uploads/luymou/872938981/jersey_Aiko-5_square.jpg', 'medium_url': 'https://images4-g.ravelrycache.com/uploads/luymou/872938981/jersey_Aiko-5_medium.jpg', 'thumbnail_url': 'https://images4-g.ravelrycache.com/uploads/luymou/872938981/jersey_Aiko-5_thumbnail.jpg', 'small_url': 'https://images4-f.ravelrycache.com/uploads/luymou/872938981/jersey_Aiko-5_small_best_fit.jpg', 'flickr_url': None, 'shelved_url': 'https://images4-g.ravelrycache.com/uploads/luymou/872938981/jersey_Aiko-5_shelved.jpg', 'medium2_url': 'https://images4-a.ravelrycache.com/uploads/luymou/872938981/jersey_Aiko-5_medium2.jpg', 'small2_url': 'https://images4-f.ravelrycache.com/uploads/luymou/872938981/jersey_Aiko-5_small2.jpg', 'caption': None, 'caption_html': None, 'copyright_holder': None}, {'id': 115020482, 'sort_order': 3, 'user_id': 3596603, 'x_offset': 0, 'y_offset': -43, 'square_url': 'https://images4-f.ravelrycache.com/uploads/luymou/872938967/jersey_Aiko-4_square.jpg', 'medium_url': 'https://images4-g.ravelrycache.com/uploads/luymou/872938967/jersey_Aiko-4_medium.jpg', 'thumbnail_url': 'https://images4-g.ravelrycache.com/uploads/luymou/872938967/jersey_Aiko-4_thumbnail.jpg', 'small_url': 'https://images4-f.ravelrycache.com/uploads/luymou/872938967/jersey_Aiko-4_small_best_fit.jpg', 'flickr_url': None, 'shelved_url': 'https://images4-g.ravelrycache.com/uploads/luymou/872938967/jersey_Aiko-4_shelved.jpg', 'medium2_url': 'https://images4-a.ravelrycache.com/uploads/luymou/872938967/jersey_Aiko-4_medium2.jpg', 'small2_url': 'https://images4-f.ravelrycache.com/uploads/luymou/872938967/jersey_Aiko-4_small2.jpg', 'caption': None, 'caption_html': None, 'copyright_holder': None}, {'id': 115020483, 'sort_order': 4, 'user_id': 3596603, 'x_offset': -43, 'y_offset': 0, 'square_url': 'https://images4-g.ravelrycache.com/uploads/luymou/872938964/jersey_Aiko-10_square.jpg', 'medium_url': 'https://images4-f.ravelrycache.com/uploads/luymou/872938964/jersey_Aiko-10_medium.jpg', 'thumbnail_url': 'https://images4-f.ravelrycache.com/uploads/luymou/872938964/jersey_Aiko-10_thumbnail.jpg', 'small_url': 'https://images4-f.ravelrycache.com/uploads/luymou/872938964/jersey_Aiko-10_small_best_fit.jpg', 'flickr_url': None, 'shelved_url': 'https://images4-f.ravelrycache.com/uploads/luymou/872938964/jersey_Aiko-10_shelved.jpg', 'medium2_url': 'https://images4-a.ravelrycache.com/uploads/luymou/872938964/jersey_Aiko-10_medium2.jpg', 'small2_url': 'https://images4-g.ravelrycache.com/uploads/luymou/872938964/jersey_Aiko-10_small2.jpg', 'caption': None, 'caption_html': None, 'copyright_holder': None}, {'id': 115020484, 'sort_order': 5, 'user_id': 3596603, 'x_offset': -43, 'y_offset': 0, 'square_url': 'https://images4-g.ravelrycache.com/uploads/luymou/872938982/jersey_Aiko-9_square.jpg', 'medium_url': 'https://images4-f.ravelrycache.com/uploads/luymou/872938982/jersey_Aiko-9_medium.jpg', 'thumbnail_url': 'https://images4-g.ravelrycache.com/uploads/luymou/872938982/jersey_Aiko-9_thumbnail.jpg', 'small_url': 'https://images4-g.ravelrycache.com/uploads/luymou/872938982/jersey_Aiko-9_small_best_fit.jpg', 'flickr_url': None, 'shelved_url': 'https://images4-g.ravelrycache.com/uploads/luymou/872938982/jersey_Aiko-9_shelved.jpg', 'medium2_url': 'https://images4-a.ravelrycache.com/uploads/luymou/872938982/jersey_Aiko-9_medium2.jpg', 'small2_url': 'https://images4-g.ravelrycache.com/uploads/luymou/872938982/jersey_Aiko-9_small2.jpg', 'caption': None, 'caption_html': None, 'copyright_holder': None}, {'id': 115020485, 'sort_order': 6, 'user_id': 3596603, 'x_offset': 0, 'y_offset': -43, 'square_url': 'https://images4-f.ravelrycache.com/uploads/luymou/872938980/jersey_Aiko-7_square.jpg', 'medium_url': 'https://images4-g.ravelrycache.com/uploads/luymou/872938980/jersey_Aiko-7_medium.jpg', 'thumbnail_url': 'https://images4-f.ravelrycache.com/uploads/luymou/872938980/jersey_Aiko-7_thumbnail.jpg', 'small_url': 'https://images4-g.ravelrycache.com/uploads/luymou/872938980/jersey_Aiko-7_small_best_fit.jpg', 'flickr_url': None, 'shelved_url': 'https://images4-f.ravelrycache.com/uploads/luymou/872938980/jersey_Aiko-7_shelved.jpg', 'medium2_url': 'https://images4-a.ravelrycache.com/uploads/luymou/872938980/jersey_Aiko-7_medium2.jpg', 'small2_url': 'https://images4-f.ravelrycache.com/uploads/luymou/872938980/jersey_Aiko-7_small2.jpg', 'caption': None, 'caption_html': None, 'copyright_holder': None}]"
Hanwood,Triona Murphy,1266726,https://www.ravelry.com/patterns/library/hanwood,False,https://images4-a.ravelrycache.com/uploads/trionamurphy/868320811/Right_Necklace_Edited_medium2.jpg,Knitting,"['teen', 'adult', 'plus', 'eyelets', 'lace', '3-4-sleeve', 'long-sleeve', 'set-in-sleeve', 'one-piece', 'seamless', 'short-rows', 'bottom-up', 'chart', 'written-pattern', 'cropped', 'in-the-round']",19.0,3.3333333333333335,True,4.0,Stockinette stitch,pullover,Worsted,15,4.8,"XS (S, M, L, XL / 1X, 2X, 3X, 4X)","[{'id': 115020511, 'sort_order': 1, 'user_id': 855, 'x_offset': 1, 'y_offset': -46, 'square_url': 'https://images4-g.ravelrycache.com/uploads/trionamurphy/868320811/Right_Necklace_Edited_square.jpg', 'medium_url': 'https://images4-f.ravelrycache.com/uploads/trionamurphy/868320811/Right_Necklace_Edited_medium.jpg', 'thumbnail_url': 'https://images4-g.ravelrycache.com/uploads/trionamurphy/868320811/Right_Necklace_Edited_thumbnail.jpg', 'small_url': 'https://images4-f.ravelrycache.com/uploads/trionamurphy/868320811/Right_Necklace_Edited_small_best_fit.jpg', 'flickr_url': None, 'shelved_url': 'https://images4-f.ravelrycache.com/uploads/trionamurphy/868320811/Right_Necklace_Edited_shelved.jpg', 'medium2_url': 'https://images4-a.ravelrycache.com/uploads/trionamurphy/868320811/Right_Necklace_Edited_medium2.jpg', 'small2_url': 'https://images4-g.ravelrycache.com/uploads/trionamurphy/868320811/Right_Necklace_Edited_small2.jpg', 'caption': None, 'caption_html': None, 'copyright_holder': None}, {'id': 115020512, 'sort_order': 2, 'user_id': 855, 'x_offset': 0, 'y_offset': -18, 'square_url': 'https://images4-f.ravelrycache.com/uploads/trionamurphy/868320809/Side_Hair_Necklace_Edited_square.jpg', 'medium_url': 'https://images4-g.ravelrycache.com/uploads/trionamurphy/868320809/Side_Hair_Necklace_Edited_medium.jpg', 'thumbnail_url': 'https://images4-g.ravelrycache.com/uploads/trionamurphy/868320809/Side_Hair_Necklace_Edited_thumbnail.jpg', 'small_url': 'https://images4-f.ravelrycache.com/uploads/trionamurphy/868320809/Side_Hair_Necklace_Edited_small_best_fit.jpg', 'flickr_url': None, 'shelved_url': 'https://images4-f.ravelrycache.com/uploads/trionamurphy/868320809/Side_Hair_Necklace_Edited_shelved.jpg', 'medium2_url': 'https://images4-a.ravelrycache.com/uploads/trionamurphy/868320809/Side_Hair_Necklace_Edited_medium2.jpg', 'small2_url': 'https://images4-f.ravelrycache.com/uploads/trionamurphy/868320809/Side_Hair_Necklace_Edited_small2.jpg', 'caption': None, 'caption_html': None, 'copyright_holder': None}, {'id': 115020513, 'sort_order': 3, 'user_id': 855, 'x_offset': 0, 'y_offset': -44, 'square_url': 'https://images4-f.ravelrycache.com/uploads/trionamurphy/868320805/Plants_Looking_Down_square.jpg', 'medium_url': 'https://images4-g.ravelrycache.com/uploads/trionamurphy/868320805/Plants_Looking_Down_medium.jpg', 'thumbnail_url': 'https://images4-f.ravelrycache.com/uploads/trionamurphy/868320805/Plants_Looking_Down_thumbnail.jpg', 'small_url': 'https://images4-g.ravelrycache.com/uploads/trionamurphy/868320805/Plants_Looking_Down_small_best_fit.jpg', 'flickr_url': None, 'shelved_url': 'https://images4-f.ravelrycache.com/uploads/trionamurphy/868320805/Plants_Looking_Down_shelved.jpg', 'medium2_url': 'https://images4-a.ravelrycache.com/uploads/trionamurphy/868320805/Plants_Looking_Down_medium2.jpg', 'small2_url': 'https://images4-f.ravelrycache.com/uploads/trionamurphy/868320805/Plants_Looking_Down_small2.jpg', 'caption': None, 'caption_html': None, 'copyright_holder': None}, {'id': 115020514, 'sort_order': 4, 'user_id': 855, 'x_offset': 0, 'y_offset': -48, 'square_url': 'https://images4-f.ravelrycache.com/uploads/trionamurphy/868320810/Full_Back_square.jpg', 'medium_url': 'https://images4-g.ravelrycache.com/uploads/trionamurphy/868320810/Full_Back_medium.jpg', 'thumbnail_url': 'https://images4-f.ravelrycache.com/uploads/trionamurphy/868320810/Full_Back_thumbnail.jpg', 'small_url': 'https://images4-g.ravelrycache.com/uploads/trionamurphy/868320810/Full_Back_small_best_fit.jpg', 'flickr_url': None, 'shelved_url': 'https://images4-f.ravelrycache.com/uploads/trionamurphy/868320810/Full_Back_shelved.jpg', 'medium2_url': 'https://images4-a.ravelrycache.com/uploads/trionamurphy/868320810/Full_Back_medium2.jpg', 'small2_url': 'https://images4-f.ravelrycache.com/uploads/trionamurphy/868320810/Full_Back_small2.jpg', 'caption': None, 'caption_html': None, 'copyright_holder': None}, {'id': 115020515, 'sort_order': 5, 'user_id': 855, 'x_offset': -43, 'y_offset': 0, 'square_url': 'https://images4-f.ravelrycache.com/uploads/trionamurphy/868320806/Neckline_Side_2_square.jpg', 'medium_url': 'https://images4-g.ravelrycache.com/uploads/trionamurphy/868320806/Neckline_Side_2_medium.jpg', 'thumbnail_url': 'https://images4-g.ravelrycache.com/uploads/trionamurphy/868320806/Neckline_Side_2_thumbnail.jpg', 'small_url': 'https://images4-g.ravelrycache.com/uploads/trionamurphy/868320806/Neckline_Side_2_small_best_fit.jpg', 'flickr_url': None, 'shelved_url': 'https://images4-g.ravelrycache.com/uploads/trionamurphy/868320806/Neckline_Side_2_shelved.jpg', 'medium2_url': 'https://images4-a.ravelrycache.com/uploads/trionamurphy/868320806/Neckline_Side_2_medium2.jpg', 'small2_url': 'https://images4-f.ravelrycache.com/uploads/trionamurphy/868320806/Neckline_Side_2_small2.jpg', 'caption': None, 'caption_html': None, 'copyright_holder': None}, {'id': 115020516, 'sort_order': 6, 'user_id': 855, 'x_offset': -3, 'y_offset': 0, 'square_url': 'https://images4-g.ravelrycache.com/uploads/trionamurphy/868320804/Closeup_Shoulder_square.jpg', 'medium_url': 'https://images4-f.ravelrycache.com/uploads/trionamurphy/868320804/Closeup_Shoulder_medium.jpg', 'thumbnail_url': 'https://images4-g.ravelrycache.com/uploads/trionamurphy/868320804/Closeup_Shoulder_thumbnail.jpg', 'small_url': 'https://images4-g.ravelrycache.com/uploads/trionamurphy/868320804/Closeup_Shoulder_small_best_fit.jpg', 'flickr_url': None, 'shelved_url': 'https://images4-g.ravelrycache.com/uploads/trionamurphy/868320804/Closeup_Shoulder_shelved.jpg', 'medium2_url': 'https://images4-a.ravelrycache.com/uploads/trionamurphy/868320804/Closeup_Shoulder_medium2.jpg', 'small2_url': 'https://images4-g.ravelrycache.com/uploads/trionamurphy/868320804/Closeup_Shoulder_small2.jpg', 'caption': None, 'caption_html': None, 'copyright_holder': None}]"
Cable Bay Sweater,Purl Foundry,1266875,https://www.ravelry.com/patterns/library/cable-bay-sweater,False,https://images4-a.ravelrycache.com/uploads/PurlFoundry/1046351633/Cable_Bay_Sweater_close_medium2.jpg,Knitting,"['female', 'adult', 'oversized', 'cables', 'eyelets', 'lace', 'textured', 'crew-neck', 'seamless', 'top-down', 'positive-ease', 'chart', 'written-pattern', 'video-tutorial', 'drop-sleeve', 'cuffed-sleeve', 'worked-flat', 'in-the-round']",20.0,4.6,True,4.0,Stockinette Stitch,pullover,DK,15,5.0,"Finished bust: 99 (109, 117, 127) (137, 147, 157) cm / 39 (43, 46, 50) (54, 57.75, 61.75)""","[{'id': 136477701, 'sort_order': 1, 'user_id': 7959384, 'x_offset': 0, 'y_offset': 0, 'square_url': 'https://images4-g.ravelrycache.com/uploads/PurlFoundry/1046351633/Cable_Bay_Sweater_close_square.jpg', 'medium_url': 'https://images4-f.ravelrycache.com/uploads/PurlFoundry/1046351633/Cable_Bay_Sweater_close_medium.jpg', 'thumbnail_url': 'https://images4-g.ravelrycache.com/uploads/PurlFoundry/1046351633/Cable_Bay_Sweater_close_thumbnail.jpg', 'small_url': 'https://images4-f.ravelrycache.com/uploads/PurlFoundry/1046351633/Cable_Bay_Sweater_close_small_best_fit.jpg', 'flickr_url': None, 'shelved_url': 'https://images4-f.ravelrycache.com/uploads/PurlFoundry/1046351633/Cable_Bay_Sweater_close_shelved.jpg', 'medium2_url': 'https://images4-a.ravelrycache.com/uploads/PurlFoundry/1046351633/Cable_Bay_Sweater_close_medium2.jpg', 'small2_url': 'https://images4-g.ravelrycache.com/uploads/PurlFoundry/1046351633/Cable_Bay_Sweater_close_small2.jpg', 'caption': None, 'caption_html': None, 'copyright_holder': None}, {'id': 136477703, 'sort_order': 2, 'user_id': 7959384, 'x_offset': 0, 'y_offset': -22, 'square_url': 'https://images4-f.ravelrycache.com/uploads/PurlFoundry/1046351636/Cable_Bay_Sweater_side_square.jpg', 'medium_url': 'https://images4-g.ravelrycache.com/uploads/PurlFoundry/1046351636/Cable_Bay_Sweater_side_medium.jpg', 'thumbnail_url': 'https://images4-f.ravelrycache.com/uploads/PurlFoundry/1046351636/Cable_Bay_Sweater_side_thumbnail.jpg', 'small_url': 'https://images4-g.ravelrycache.com/uploads/PurlFoundry/1046351636/Cable_Bay_Sweater_side_small_best_fit.jpg', 'flickr_url': None, 'shelved_url': 'https://images4-f.ravelrycache.com/uploads/PurlFoundry/1046351636/Cable_Bay_Sweater_side_shelved.jpg', 'medium2_url': 'https://images4-a.ravelrycache.com/uploads/PurlFoundry/1046351636/Cable_Bay_Sweater_side_medium2.jpg', 'small2_url': 'https://images4-f.ravelrycache.com/uploads/PurlFoundry/1046351636/Cable_Bay_Sweater_side_small2.jpg', 'caption': None, 'caption_html': None, 'copyright_holder': None}, {'id': 136477694, 'sort_order': 3, 'user_id': 7959384, 'x_offset': 0, 'y_offset': 0, 'square_url': 'https://images4-g.ravelrycache.com/uploads/PurlFoundry/1046351625/Cable_Bay_Sweater_front_square.jpg', 'medium_url': 'https://images4-f.ravelrycache.com/uploads/PurlFoundry/1046351625/Cable_Bay_Sweater_front_medium.jpg', 'thumbnail_url': 'https://images4-g.ravelrycache.com/uploads/PurlFoundry/1046351625/Cable_Bay_Sweater_front_thumbnail.jpg', 'small_url': 'https://images4-f.ravelrycache.com/uploads/PurlFoundry/1046351625/Cable_Bay_Sweater_front_small_best_fit.jpg', 'flickr_url': None, 'shelved_url': 'https://images4-f.ravelrycache.com/uploads/PurlFoundry/1046351625/Cable_Bay_Sweater_front_shelved.jpg', 'medium2_url': 'https://images4-a.ravelrycache.com/uploads/PurlFoundry/1046351625/Cable_Bay_Sweater_front_medium2.jpg', 'small2_url': 'https://images4-g.ravelrycache.com/uploads/PurlFoundry/1046351625/Cable_Bay_Sweater_front_small2.jpg', 'caption': None, 'caption_html': None, 'copyright_holder': None}, {'id': 115031572, 'sort_order': 4, 'user_id': 7959384, 'x_offset': 0, 'y_offset': 0, 'square_url': 'https://images4-g.ravelrycache.com/uploads/PurlFoundry/863712508/Cable_Bay_Sweater_4_square.jpg', 'medium_url': 'https://images4-f.ravelrycache.com/uploads/PurlFoundry/863712508/Cable_Bay_Sweater_4_medium.jpg', 'thumbnail_url': 'https://images4-f.ravelrycache.com/uploads/PurlFoundry/863712508/Cable_Bay_Sweater_4_thumbnail.jpg', 'small_url': 'https://images4-f.ravelrycache.com/uploads/PurlFoundry/863712508/Cable_Bay_Sweater_4_small_best_fit.jpg', 'flickr_url': None, 'shelved_url': 'https://images4-g.ravelrycache.com/uploads/PurlFoundry/863712508/Cable_Bay_Sweater_4_shelved.jpg', 'medium2_url': 'https://images4-a.ravelrycache.com/uploads/PurlFoundry/863712508/Cable_Bay_Sweater_4_medium2.jpg', 'small2_url': 'https://images4-g.ravelrycache.com/uploads/PurlFoundry/863712508/Cable_Bay_Sweater_4_small2.jpg', 'caption': None, 'caption_html': None, 'copyright_holder': None}, {'id': 115031573, 'sort_order': 5, 'user_id': 7959384, 'x_offset': 0, 'y_offset': 0, 'square_url': 'https://images4-f.ravelrycache.com/uploads/PurlFoundry/863712240/Cable_Bay_Sweater_2_square.jpeg', 'medium_url': 'https://images4-f.ravelrycache.com/uploads/PurlFoundry/863712240/Cable_Bay_Sweater_2_medium.jpeg', 'thumbnail_url': 'https://images4-f.ravelrycache.com/uploads/PurlFoundry/863712240/Cable_Bay_Sweater_2_thumbnail.jpeg', 'small_url': 'https://images4-g.ravelrycache.com/uploads/PurlFoundry/863712240/Cable_Bay_Sweater_2_small_best_fit.jpeg', 'flickr_url': None, 'shelved_url': 'https://images4-g.ravelrycache.com/uploads/PurlFoundry/863712240/Cable_Bay_Sweater_2_shelved.jpeg', 'medium2_url': 'https://images4-a.ravelrycache.com/uploads/PurlFoundry/863712240/Cable_Bay_Sweater_2_medium2.jpeg', 'small2_url': 'https://images4-g.ravelrycache.com/uploads/PurlFoundry/863712240/Cable_Bay_Sweater_2_small2.jpeg', 'caption': None, 'caption_html': None, 'copyright_holder': None}, {'id': 115031574, 'sort_order': 6, 'user_id': 7959384, 'x_offset': 0, 'y_offset': 0, 'square_url': 'https://images4-g.ravelrycache.com/uploads/PurlFoundry/873029092/Cable_Bay_Sweater_8_square.jpg', 'medium_url': 'https://images4-f.ravelrycache.com/uploads/PurlFoundry/873029092/Cable_Bay_Sweater_8_medium.jpg', 'thumbnail_url': 'https://images4-f.ravelrycache.com/uploads/PurlFoundry/873029092/Cable_Bay_Sweater_8_thumbnail.jpg', 'small_url': 'https://images4-f.ravelrycache.com/uploads/PurlFoundry/873029092/Cable_Bay_Sweater_8_small_best_fit.jpg', 'flickr_url': None, 'shelved_url': 'https://images4-f.ravelrycache.com/uploads/PurlFoundry/873029092/Cable_Bay_Sweater_8_shelved.jpg', 'medium2_url': 'https://images4-a.ravelrycache.com/uploads/PurlFoundry/873029092/Cable_Bay_Sweater_8_medium2.jpg', 'small2_url': 'https://images4-g.ravelrycache.com/uploads/PurlFoundry/873029092/Cable_Bay_Sweater_8_small2.jpg', 'caption': None, 'caption_html': None, 'copyright_holder': None}, {'id': 115031575, 'sort_order': 7, 'user_id': 7959384, 'x_offset': 0, 'y_offset': 0, 'square_url': 'https://images4-g.ravelrycache.com/uploads/PurlFoundry/863713342/Cable_Bay_Sweater_6_square.jpeg', 'medium_url': 'https://images4-g.ravelrycache.com/uploads/PurlFoundry/863713342/Cable_Bay_Sweater_6_medium.jpeg', 'thumbnail_url': 'https://images4-f.ravelrycache.com/uploads/PurlFoundry/863713342/Cable_Bay_Sweater_6_thumbnail.jpeg', 'small_url': 'https://images4-f.ravelrycache.com/uploads/PurlFoundry/863713342/Cable_Bay_Sweater_6_small_best_fit.jpeg', 'flickr_url': None, 'shelved_url': 'https://images4-f.ravelrycache.com/uploads/PurlFoundry/863713342/Cable_Bay_Sweater_6_shelved.jpeg', 'medium2_url': 'https://images4-a.ravelrycache.com/uploads/PurlFoundry/863713342/Cable_Bay_Sweater_6_medium2.jpeg', 'small2_url': 'https://images4-f.ravelrycache.com/uploads/PurlFoundry/863713342/Cable_Bay_Sweater_6_small2.jpeg', 'caption': None, 'caption_html': None, 'copyright_holder': None}, {'id': 115031576, 'sort_order': 8, 'user_id': 7959384, 'x_offset': 0, 'y_offset': -43, 'square_url': 'https://images4-g.ravelrycache.com/uploads/PurlFoundry/873029040/21.10.21_PurlFoundry_Shoot3_Lifestyle_Photos_Tim_130_square.jpg', 'medium_url': 'https://images4-f.ravelrycache.com/uploads/PurlFoundry/873029040/21.10.21_PurlFoundry_Shoot3_Lifestyle_Photos_Tim_130_medium.jpg', 'thumbnail_url': 'https://images4-g.ravelrycache.com/uploads/PurlFoundry/873029040/21.10.21_PurlFoundry_Shoot3_Lifestyle_Photos_Tim_130_thumbnail.jpg', 'small_url': 'https://images4-g.ravelrycache.com/uploads/PurlFoundry/873029040/21.10.21_PurlFoundry_Shoot3_Lifestyle_Photos_Tim_130_small_best_fit.jpg', 'flickr_url': None, 'shelved_url': 'https://images4-g.ravelrycache.com/uploads/PurlFoundry/873029040/21.10.21_PurlFoundry_Shoot3_Lifestyle_Photos_Tim_130_shelved.jpg', 'medium2_url': 'https://images4-a.ravelrycache.com/uploads/PurlFoundry/873029040/21.10.21_PurlFoundry_Shoot3_Lifestyle_Photos_Tim_130_medium2.jpg', 'small2_url': 'https://images4-g.ravelrycache.com/uploads/PurlFoundry/873029040/21.10.21_PurlFoundry_Shoot3_Lifestyle_Photos_Tim_130_small2.jpg', 'caption': None, 'caption_html': None, 'copyright_holder': None}, {'id': 115031577, 'sort_order': 9, 'user_id': 7959384, 'x_offset': 0, 'y_offset': 0, 'square_url': 'https://images4-g.ravelrycache.com/uploads/PurlFoundry/873028899/Cable_Bay_Sweater_1_square.jpg', 'medium_url': 'https://images4-f.ravelrycache.com/uploads/PurlFoundry/873028899/Cable_Bay_Sweater_1_medium.jpg', 'thumbnail_url': 'https://images4-f.ravelrycache.com/uploads/PurlFoundry/873028899/Cable_Bay_Sweater_1_thumbnail.jpg', 'small_url': 'https://images4-f.ravelrycache.com/uploads/PurlFoundry/873028899/Cable_Bay_Sweater_1_small_best_fit.jpg', 'flickr_url': None, 'shelved_url': 'https://images4-f.ravelrycache.com/uploads/PurlFoundry/873028899/Cable_Bay_Sweater_1_shelved.jpg', 'medium2_url': 'https://images4-a.ravelrycache.com/uploads/PurlFoundry/873028899/Cable_Bay_Sweater_1_medium2.jpg', 'small2_url': 'https://images4-g.ravelrycache.com/uploads/PurlFoundry/873028899/Cable_Bay_Sweater_1_small2.jpg', 'caption': None, 'caption_html': None, 'copyright_holder': None}, {'id': 115031578, 'sort_order': 10, 'user_id': 7959384, 'x_offset': 0, 'y_offset': 0, 'square_url': 'https://images4-f.ravelrycache.com/uploads/PurlFoundry/863712817/Cable_Bay_Sweater_5_square.jpg', 'medium_url': 'https://images4-g.ravelrycache.com/uploads/PurlFoundry/863712817/Cable_Bay_Sweater_5_medium.jpg', 'thumbnail_url': 'https://images4-g.ravelrycache.com/uploads/PurlFoundry/863712817/Cable_Bay_Sweater_5_thumbnail.jpg', 'small_url': 'https://images4-g.ravelrycache.com/uploads/PurlFoundry/863712817/Cable_Bay_Sweater_5_small_best_fit.jpg', 'flickr_url': None, 'shelved_url': 'https://images4-g.ravelrycache.com/uploads/PurlFoundry/863712817/Cable_Bay_Sweater_5_shelved.jpg', 'medium2_url': 'https://images4-a.ravelrycache.com/uploads/PurlFoundry/863712817/Cable_Bay_Sweater_5_medium2.jpg', 'small2_url': 'https://images4-f.ravelrycache.com/uploads/PurlFoundry/863712817/Cable_Bay_Sweater_5_small2.jpg', 'caption': None, 'caption_html': None, 'copyright_holder': None}, {'id': 115031580, 'sort_order': 11, 'user_id': 7959384, 'x_offset': 0, 'y_offset': 0, 'square_url': 'https://images4-f.ravelrycache.com/uploads/PurlFoundry/863713714/Cable_Bay_Sweater_7_square.jpg', 'medium_url': 'https://images4-g.ravelrycache.com/uploads/PurlFoundry/863713714/Cable_Bay_Sweater_7_medium.jpg', 'thumbnail_url': 'https://images4-g.ravelrycache.com/uploads/PurlFoundry/863713714/Cable_Bay_Sweater_7_thumbnail.jpg', 'small_url': 'https://images4-g.ravelrycache.com/uploads/PurlFoundry/863713714/Cable_Bay_Sweater_7_small_best_fit.jpg', 'flickr_url': None, 'shelved_url': 'https://images4-f.ravelrycache.com/uploads/PurlFoundry/863713714/Cable_Bay_Sweater_7_shelved.jpg', 'medium2_url': 'https://images4-a.ravelrycache.com/uploads/PurlFoundry/863713714/Cable_Bay_Sweater_7_medium2.jpg', 'small2_url': 'https://images4-f.ravelrycache.com/uploads/PurlFoundry/863713714/Cable_Bay_Sweater_7_small2.jpg', 'caption': None, 'caption_html': None, 'copyright_holder': None}, {'id': 115031581, 'sort_order': 12, 'user_id': 7959384, 'x_offset': 0, 'y_offset': -43, 'square_url': 'https://images4-g.ravelrycache.com/uploads/PurlFoundry/873028914/21.10.21_PurlFoundry_Shoot3_Lifestyle_Photos_Tim_226_square.jpg', 'medium_url': 'https://images4-f.ravelrycache.com/uploads/PurlFoundry/873028914/21.10.21_PurlFoundry_Shoot3_Lifestyle_Photos_Tim_226_medium.jpg', 'thumbnail_url': 'https://images4-g.ravelrycache.com/uploads/PurlFoundry/873028914/21.10.21_PurlFoundry_Shoot3_Lifestyle_Photos_Tim_226_thumbnail.jpg', 'small_url': 'https://images4-g.ravelrycache.com/uploads/PurlFoundry/873028914/21.10.21_PurlFoundry_Shoot3_Lifestyle_Photos_Tim_226_small_best_fit.jpg', 'flickr_url': None, 'shelved_url': 'https://images4-g.ravelrycache.com/uploads/PurlFoundry/873028914/21.10.21_PurlFoundry_Shoot3_Lifestyle_Photos_Tim_226_shelved.jpg', 'medium2_url': 'https://images4-a.ravelrycache.com/uploads/PurlFoundry/873028914/21.10.21_PurlFoundry_Shoot3_Lifestyle_Photos_Tim_226_medium2.jpg', 'small2_url': 'https://images4-g.ravelrycache.com/uploads/PurlFoundry/873028914/21.10.21_PurlFoundry_Shoot3_Lifestyle_Photos_Tim_226_small2.jpg', 'caption': None, 'caption_html': None, 'copyright_holder': None}, {'id': 115031582, 'sort_order': 13, 'user_id': 7959384, 'x_offset': 0, 'y_offset': 0, 'square_url': 'https://images4-f.ravelrycache.com/uploads/PurlFoundry/863708401/Cable_Lace_Sweater_front_1b_square.jpg', 'medium_url': 'https://images4-g.ravelrycache.com/uploads/PurlFoundry/863708401/Cable_Lace_Sweater_front_1b_medium.jpg', 'thumbnail_url': 'https://images4-f.ravelrycache.com/uploads/PurlFoundry/863708401/Cable_Lace_Sweater_front_1b_thumbnail.jpg', 'small_url': 'https://images4-g.ravelrycache.com/uploads/PurlFoundry/863708401/Cable_Lace_Sweater_front_1b_small_best_fit.jpg', 'flickr_url': None, 'shelved_url': 'https://images4-g.ravelrycache.com/uploads/PurlFoundry/863708401/Cable_Lace_Sweater_front_1b_shelved.jpg', 'medium2_url': 'https://images4-a.ravelrycache.com/uploads/PurlFoundry/863708401/Cable_Lace_Sweater_front_1b_medium2.jpg', 'small2_url': 'https://images4-f.ravelrycache.com/uploads/PurlFoundry/863708401/Cable_Lace_Sweater_front_1b_small2.jpg', 'caption': None, 'caption_html': None, 'copyright_holder': None}, {'id': 115031583, 'sort_order': 14, 'user_id': 7959384, 'x_offset': 0, 'y_offset': 0, 'square_url': 'https://images4-f.ravelrycache.com/uploads/PurlFoundry/863708403/Cable_Lace_Sweater_side_2_square.jpg', 'medium_url': 'https://images4-g.ravelrycache.com/uploads/PurlFoundry/863708403/Cable_Lace_Sweater_side_2_medium.jpg', 'thumbnail_url': 'https://images4-g.ravelrycache.com/uploads/PurlFoundry/863708403/Cable_Lace_Sweater_side_2_thumbnail.jpg', 'small_url': 'https://images4-f.ravelrycache.com/uploads/PurlFoundry/863708403/Cable_Lace_Sweater_side_2_small_best_fit.jpg', 'flickr_url': None, 'shelved_url': 'https://images4-g.ravelrycache.com/uploads/PurlFoundry/863708403/Cable_Lace_Sweater_side_2_shelved.jpg', 'medium2_url': 'https://images4-a.ravelrycache.com/uploads/PurlFoundry/863708403/Cable_Lace_Sweater_side_2_medium2.jpg', 'small2_url': 'https://images4-f.ravelrycache.com/uploads/PurlFoundry/863708403/Cable_Lace_Sweater_side_2_small2.jpg', 'caption': None, 'caption_html': None, 'copyright_holder': None}, {'id': 115031584, 'sort_order': 15, 'user_id': 7959384, 'x_offset': 0, 'y_offset': 0, 'square_url': 'https://images4-g.ravelrycache.com/uploads/PurlFoundry/863708400/Cable_Lace_Sweater_back2_square.jpg', 'medium_url': 'https://images4-f.ravelrycache.com/uploads/PurlFoundry/863708400/Cable_Lace_Sweater_back2_medium.jpg', 'thumbnail_url': 'https://images4-g.ravelrycache.com/uploads/PurlFoundry/863708400/Cable_Lace_Sweater_back2_thumbnail.jpg', 'small_url': 'https://images4-f.ravelrycache.com/uploads/PurlFoundry/863708400/Cable_Lace_Sweater_back2_small_best_fit.jpg', 'flickr_url': None, 'shelved_url': 'https://images4-f.ravelrycache.com/uploads/PurlFoundry/863708400/Cable_Lace_Sweater_back2_shelved.jpg', 'medium2_url': 'https://images4-a.ravelrycache.com/uploads/PurlFoundry/863708400/Cable_Lace_Sweater_back2_medium2.jpg', 'small2_url': 'https://images4-g.ravelrycache.com/uploads/PurlFoundry/863708400/Cable_Lace_Sweater_back2_small2.jpg', 'caption': None, 'caption_html': None, 'copyright_holder': None}, {'id': 115031585, 'sort_order': 16, 'user_id': 7959384, 'x_offset': 0, 'y_offset': 0, 'square_url': 'https://images4-f.ravelrycache.com/uploads/PurlFoundry/863708405/Cable_Lace_Sweater_neckline_2_square.jpg', 'medium_url': 'https://images4-g.ravelrycache.com/uploads/PurlFoundry/863708405/Cable_Lace_Sweater_neckline_2_medium.jpg', 'thumbnail_url': 'https://images4-f.ravelrycache.com/uploads/PurlFoundry/863708405/Cable_Lace_Sweater_neckline_2_thumbnail.jpg', 'small_url': 'https://images4-g.ravelrycache.com/uploads/PurlFoundry/863708405/Cable_Lace_Sweater_neckline_2_small_best_fit.jpg', 'flickr_url': None, 'shelved_url': 'https://images4-f.ravelrycache.com/uploads/PurlFoundry/863708405/Cable_Lace_Sweater_neckline_2_shelved.jpg', 'medium2_url': 'https://images4-a.ravelrycache.com/uploads/PurlFoundry/863708405/Cable_Lace_Sweater_neckline_2_medium2.jpg', 'small2_url': 'https://images4-f.ravelrycache.com/uploads/PurlFoundry/863708405/Cable_Lace_Sweater_neckline_2_small2.jpg', 'caption': None, 'caption_html': None, 'copyright_holder': None}, {'id': 123996185, 'sort_order': 17, 'user_id': 7959384, 'x_offset': 0, 'y_offset': 0, 'square_url': 'https://images4-g.ravelrycache.com/uploads/PurlFoundry/945426763/Cable_Bay_Sweater_PDF_on_an_ipad_square.jpg', 'medium_url': 'https://images4-f.ravelrycache.com/uploads/PurlFoundry/945426763/Cable_Bay_Sweater_PDF_on_an_ipad_medium.jpg', 'thumbnail_url': 'https://images4-f.ravelrycache.com/uploads/PurlFoundry/945426763/Cable_Bay_Sweater_PDF_on_an_ipad_thumbnail.jpg', 'small_url': 'https://images4-g.ravelrycache.com/uploads/PurlFoundry/945426763/Cable_Bay_Sweater_PDF_on_an_ipad_small_best_fit.jpg', 'flickr_url': None, 'shelved_url': 'https://images4-g.ravelrycache.com/uploads/PurlFoundry/945426763/Cable_Bay_Sweater_PDF_on_an_ipad_shelved.jpg', 'medium2_url': 'https://images4-a.ravelrycache.com/uploads/PurlFoundry/945426763/Cable_Bay_Sweater_PDF_on_an_ipad_medium2.jpg', 'small2_url': 'https://images4-g.ravelrycache.com/uploads/PurlFoundry/945426763/Cable_Bay_Sweater_PDF_on_an_ipad_small2.jpg', 'caption': None, 'caption_html': None, 'copyright_holder': None}]"
Kuno,Lucía Ruiz de Aguirre,1266975,https://www.ravelry.com/patterns/library/kuno-3,False,https://images4-a.ravelrycache.com/uploads/luymou/873095525/jersey_Kuno-2_medium2.jpg,Knitting,"['cables', 'one-piece', 'seamless', 'top-down', 'chart', 'written-pattern', 'in-the-round']",24.0,3.75,True,4.0,"stockinette stitch, without blocking.",pullover,Sport,9,4.75,"1,2,3,4,5,6","[{'id': 115040064, 'sort_order': 1, 'user_id': 3596603, 'x_offset': 0, 'y_offset': -43, 'square_url': 'https://images4-f.ravelrycache.com/uploads/luymou/873095525/jersey_Kuno-2_square.jpg', 'medium_url': 'https://images4-g.ravelrycache.com/uploads/luymou/873095525/jersey_Kuno-2_medium.jpg', 'thumbnail_url': 'https://images4-f.ravelrycache.com/uploads/luymou/873095525/jersey_Kuno-2_thumbnail.jpg', 'small_url': 'https://images4-f.ravelrycache.com/uploads/luymou/873095525/jersey_Kuno-2_small_best_fit.jpg', 'flickr_url': None, 'shelved_url': 'https://images4-g.ravelrycache.com/uploads/luymou/873095525/jersey_Kuno-2_shelved.jpg', 'medium2_url': 'https://images4-a.ravelrycache.com/uploads/luymou/873095525/jersey_Kuno-2_medium2.jpg', 'small2_url': 'https://images4-f.ravelrycache.com/uploads/luymou/873095525/jersey_Kuno-2_small2.jpg', 'caption': None, 'caption_html': None, 'copyright_holder': None}, {'id': 115040065, 'sort_order': 2, 'user_id': 3596603, 'x_offset': 0, 'y_offset': -43, 'square_url': 'https://images4-g.ravelrycache.com/uploads/luymou/873095620/jersey_Kuno-3_square.jpg', 'medium_url': 'https://images4-f.ravelrycache.com/uploads/luymou/873095620/jersey_Kuno-3_medium.jpg', 'thumbnail_url': 'https://images4-g.ravelrycache.com/uploads/luymou/873095620/jersey_Kuno-3_thumbnail.jpg', 'small_url': 'https://images4-g.ravelrycache.com/uploads/luymou/873095620/jersey_Kuno-3_small_best_fit.jpg', 'flickr_url': None, 'shelved_url': 'https://images4-f.ravelrycache.com/uploads/luymou/873095620/jersey_Kuno-3_shelved.jpg', 'medium2_url': 'https://images4-a.ravelrycache.com/uploads/luymou/873095620/jersey_Kuno-3_medium2.jpg', 'small2_url': 'https://images4-g.ravelrycache.com/uploads/luymou/873095620/jersey_Kuno-3_small2.jpg', 'caption': None, 'caption_html': None, 'copyright_holder': None}, {'id': 115040066, 'sort_order': 3, 'user_id': 3596603, 'x_offset': 0, 'y_offset': -43, 'square_url': 'https://images4-g.ravelrycache.com/uploads/luymou/873095751/jersey_Kuno-16_square.jpg', 'medium_url': 'https://images4-f.ravelrycache.com/uploads/luymou/873095751/jersey_Kuno-16_medium.jpg', 'thumbnail_url': 'https://images4-g.ravelrycache.com/uploads/luymou/873095751/jersey_Kuno-16_thumbnail.jpg', 'small_url': 'https://images4-g.ravelrycache.com/uploads/luymou/873095751/jersey_Kuno-16_small_best_fit.jpg', 'flickr_url': None, 'shelved_url': 'https://images4-f.ravelrycache.com/uploads/luymou/873095751/jersey_Kuno-16_shelved.jpg', 'medium2_url': 'https://images4-a.ravelrycache.com/uploads/luymou/873095751/jersey_Kuno-16_medium2.jpg', 'small2_url': 'https://images4-g.ravelrycache.com/uploads/luymou/873095751/jersey_Kuno-16_small2.jpg', 'caption': None, 'caption_html': None, 'copyright_holder': None}, {'id': 115040067, 'sort_order': 4, 'user_id': 3596603, 'x_offset': -43, 'y_offset': 0, 'square_url': 'https://images4-f.ravelrycache.com/uploads/luymou/873095744/jersey_Kuno-8_square.jpg', 'medium_url': 'https://images4-g.ravelrycache.com/uploads/luymou/873095744/jersey_Kuno-8_medium.jpg', 'thumbnail_url': 'https://images4-f.ravelrycache.com/uploads/luymou/873095744/jersey_Kuno-8_thumbnail.jpg', 'small_url': 'https://images4-f.ravelrycache.com/uploads/luymou/873095744/jersey_Kuno-8_small_best_fit.jpg', 'flickr_url': None, 'shelved_url': 'https://images4-f.ravelrycache.com/uploads/luymou/873095744/jersey_Kuno-8_shelved.jpg', 'medium2_url': 'https://images4-a.ravelrycache.com/uploads/luymou/873095744/jersey_Kuno-8_medium2.jpg', 'small2_url': 'https://images4-f.ravelrycache.com/uploads/luymou/873095744/jersey_Kuno-8_small2.jpg', 'caption': None, 'caption_html': None, 'copyright_holder': None}]"
Zyan,Lucía Ruiz de Aguirre,1267004,https://www.ravelry.com/patterns/library/zyan,False,https://images4-a.ravelrycache.com/uploads/luymou/873114656/jersey_Zyan-19_medium2.jpg,Knitting,"['female', 'adult', 'no-ease', 'fitted', 'raglan-sleeve', 'stranded', 'icord', 'one-piece', 'seamless', 'top-down', 'mock-turtleneck', 'in-the-round']",22.0,0.0,True,4.0,"stockinette stitch, without blocking.",pullover,DK,12,3.3333333333333335,"1, 2, 3, 4, 5, 6","[{'id': 115042317, 'sort_order': 1, 'user_id': 3596603, 'x_offset': 0, 'y_offset': -43, 'square_url': 'https://images4-g.ravelrycache.com/uploads/luymou/873114656/jersey_Zyan-19_square.jpg', 'medium_url': 'https://images4-f.ravelrycache.com/uploads/luymou/873114656/jersey_Zyan-19_medium.jpg', 'thumbnail_url': 'https://images4-g.ravelrycache.com/uploads/luymou/873114656/jersey_Zyan-19_thumbnail.jpg', 'small_url': 'https://images4-f.ravelrycache.com/uploads/luymou/873114656/jersey_Zyan-19_small_best_fit.jpg', 'flickr_url': None, 'shelved_url': 'https://images4-f.ravelrycache.com/uploads/luymou/873114656/jersey_Zyan-19_shelved.jpg', 'medium2_url': 'https://images4-a.ravelrycache.com/uploads/luymou/873114656/jersey_Zyan-19_medium2.jpg', 'small2_url': 'https://images4-g.ravelrycache.com/uploads/luymou/873114656/jersey_Zyan-19_small2.jpg', 'caption': None, 'caption_html': None, 'copyright_holder': None}, {'id': 115042318, 'sort_order': 2, 'user_id': 3596603, 'x_offset': 0, 'y_offset': -43, 'square_url': 'https://images4-f.ravelrycache.com/uploads/luymou/873106284/jersey_Zyan-12_square.jpg', 'medium_url': 'https://images4-g.ravelrycache.com/uploads/luymou/873106284/jersey_Zyan-12_medium.jpg', 'thumbnail_url': 'https://images4-f.ravelrycache.com/uploads/luymou/873106284/jersey_Zyan-12_thumbnail.jpg', 'small_url': 'https://images4-g.ravelrycache.com/uploads/luymou/873106284/jersey_Zyan-12_small_best_fit.jpg', 'flickr_url': None, 'shelved_url': 'https://images4-g.ravelrycache.com/uploads/luymou/873106284/jersey_Zyan-12_shelved.jpg', 'medium2_url': 'https://images4-a.ravelrycache.com/uploads/luymou/873106284/jersey_Zyan-12_medium2.jpg', 'small2_url': 'https://images4-f.ravelrycache.com/uploads/luymou/873106284/jersey_Zyan-12_small2.jpg', 'caption': None, 'caption_html': None, 'copyright_holder': None}, {'id': 115042319, 'sort_order': 3, 'user_id': 3596603, 'x_offset': 0, 'y_offset': -43, 'square_url': 'https://images4-g.ravelrycache.com/uploads/luymou/873113894/jersey_Zyan-16_square.jpg', 'medium_url': 'https://images4-f.ravelrycache.com/uploads/luymou/873113894/jersey_Zyan-16_medium.jpg', 'thumbnail_url': 'https://images4-g.ravelrycache.com/uploads/luymou/873113894/jersey_Zyan-16_thumbnail.jpg', 'small_url': 'https://images4-f.ravelrycache.com/uploads/luymou/873113894/jersey_Zyan-16_small_best_fit.jpg', 'flickr_url': None, 'shelved_url': 'https://images4-g.ravelrycache.com/uploads/luymou/873113894/jersey_Zyan-16_shelved.jpg', 'medium2_url': 'https://images4-a.ravelrycache.com/uploads/luymou/873113894/jersey_Zyan-16_medium2.jpg', 'small2_url': 'https://images4-g.ravelrycache.com/uploads/luymou/873113894/jersey_Zyan-16_small2.jpg', 'caption': None, 'caption_html': None, 'copyright_holder': None}, {'id': 115042320, 'sort_order': 4, 'user_id': 3596603, 'x_offset': 0, 'y_offset': -43, 'square_url': 'https://images4-g.ravelrycache.com/uploads/luymou/873114135/jersey_Zyan-9_square.jpg', 'medium_url': 'https://images4-f.ravelrycache.com/uploads/luymou/873114135/jersey_Zyan-9_medium.jpg', 'thumbnail_url': 'https://images4-f.ravelrycache.com/uploads/luymou/873114135/jersey_Zyan-9_thumbnail.jpg', 'small_url': 'https://images4-g.ravelrycache.com/uploads/luymou/873114135/jersey_Zyan-9_small_best_fit.jpg', 'flickr_url': None, 'shelved_url': 'https://images4-g.ravelrycache.com/uploads/luymou/873114135/jersey_Zyan-9_shelved.jpg', 'medium2_url': 'https://images4-a.ravelrycache.com/uploads/luymou/873114135/jersey_Zyan-9_medium2.jpg', 'small2_url': 'https://images4-g.ravelrycache.com/uploads/luymou/873114135/jersey_Zyan-9_small2.jpg', 'caption': None, 'caption_html': None, 'copyright_holder': None}, {'id': 115042321, 'sort_order': 5, 'user_id': 3596603, 'x_offset': 0, 'y_offset': -43, 'square_url': 'https://images4-f.ravelrycache.com/uploads/luymou/873105579/jersey_Zyan-7_square.jpg', 'medium_url': 'https://images4-g.ravelrycache.com/uploads/luymou/873105579/jersey_Zyan-7_medium.jpg', 'thumbnail_url': 'https://images4-f.ravelrycache.com/uploads/luymou/873105579/jersey_Zyan-7_thumbnail.jpg', 'small_url': 'https://images4-f.ravelrycache.com/uploads/luymou/873105579/jersey_Zyan-7_small_best_fit.jpg', 'flickr_url': None, 'shelved_url': 'https://images4-g.ravelrycache.com/uploads/luymou/873105579/jersey_Zyan-7_shelved.jpg', 'medium2_url': 'https://images4-a.ravelrycache.com/uploads/luymou/873105579/jersey_Zyan-7_medium2.jpg', 'small2_url': 'https://images4-f.ravelrycache.com/uploads/luymou/873105579/jersey_Zyan-7_small2.jpg', 'caption': None, 'caption_html': None, 'copyright_holder': None}, {'id': 115042322, 'sort_order': 6, 'user_id': 3596603, 'x_offset': 0, 'y_offset': -43, 'square_url': 'https://images4-f.ravelrycache.com/uploads/luymou/873105510/jersey_Zyan-6_square.jpg', 'medium_url': 'https://images4-g.ravelrycache.com/uploads/luymou/873105510/jersey_Zyan-6_medium.jpg', 'thumbnail_url': 'https://images4-g.ravelrycache.com/uploads/luymou/873105510/jersey_Zyan-6_thumbnail.jpg', 'small_url': 'https://images4-g.ravelrycache.com/uploads/luymou/873105510/jersey_Zyan-6_small_best_fit.jpg', 'flickr_url': None, 'shelved_url': 'https://images4-g.ravelrycache.com/uploads/luymou/873105510/jersey_Zyan-6_shelved.jpg', 'medium2_url': 'https://images4-a.ravelrycache.com/uploads/luymou/873105510/jersey_Zyan-6_medium2.jpg', 'small2_url': 'https://images4-f.ravelrycache.com/uploads/luymou/873105510/jersey_Zyan-6_small2.jpg', 'caption': None, 'caption_html': None, 'copyright_holder': None}]"
Swoncho Azucena,Kamill Osorio,1267089,https://www.ravelry.com/patterns/library/swoncho-azucena,False,https://images4-a.ravelrycache.com/uploads/Kamillknitcl/873147842/IMG_4100_medium2.JPG,Knitting,"['unisex', 'adult', 'short-rows', 'top-down', 'positive-ease', 'in-the-round', 'stripes-colorwork']",21.0,3.5714285714285716,True,4.0,,pullover,DK,20,5.0,5 Tallas disponible desde un contorno de cadera 120 a 198 cms,"[{'id': 115046848, 'sort_order': 1, 'user_id': 8407194, 'x_offset': -5, 'y_offset': -35, 'square_url': 'https://images4-f.ravelrycache.com/uploads/Kamillknitcl/873147842/IMG_4100_square.JPG', 'medium_url': 'https://images4-g.ravelrycache.com/uploads/Kamillknitcl/873147842/IMG_4100_medium.JPG', 'thumbnail_url': 'https://images4-g.ravelrycache.com/uploads/Kamillknitcl/873147842/IMG_4100_thumbnail.JPG', 'small_url': 'https://images4-f.ravelrycache.com/uploads/Kamillknitcl/873147842/IMG_4100_small.JPG', 'flickr_url': None, 'shelved_url': 'https://images4-f.ravelrycache.com/uploads/Kamillknitcl/873147842/IMG_4100_shelved.JPG', 'medium2_url': 'https://images4-a.ravelrycache.com/uploads/Kamillknitcl/873147842/IMG_4100_medium2.JPG', 'small2_url': 'https://images4-f.ravelrycache.com/uploads/Kamillknitcl/873147842/IMG_4100_small2.JPG', 'caption': None, 'caption_html': None, 'copyright_holder': None}, {'id': 115046849, 'sort_order': 2, 'user_id': 8407194, 'x_offset': 0, 'y_offset': 0, 'square_url': 'https://images4-f.ravelrycache.com/uploads/Kamillknitcl/873147833/IMG_7539_square.JPG', 'medium_url': 'https://images4-g.ravelrycache.com/uploads/Kamillknitcl/873147833/IMG_7539_medium.JPG', 'thumbnail_url': 'https://images4-g.ravelrycache.com/uploads/Kamillknitcl/873147833/IMG_7539_thumbnail.JPG', 'small_url': 'https://images4-g.ravelrycache.com/uploads/Kamillknitcl/873147833/IMG_7539_small_best_fit.JPG', 'flickr_url': None, 'shelved_url': 'https://images4-f.ravelrycache.com/uploads/Kamillknitcl/873147833/IMG_7539_shelved.JPG', 'medium2_url': 'https://images4-a.ravelrycache.com/uploads/Kamillknitcl/873147833/IMG_7539_medium2.JPG', 'small2_url': 'https://images4-f.ravelrycache.com/uploads/Kamillknitcl/873147833/IMG_7539_small2.JPG', 'caption': None, 'caption_html': None, 'copyright_holder': None}, {'id': 115046850, 'sort_order': 3, 'user_id': 8407194, 'x_offset': -4, 'y_offset': 0, 'square_url': 'https://images4-f.ravelrycache.com/uploads/Kamillknitcl/873147840/IMG_4100_17_square.JPG', 'medium_url': 'https://images4-g.ravelrycache.com/uploads/Kamillknitcl/873147840/IMG_4100_17_medium.JPG', 'thumbnail_url': 'https://images4-g.ravelrycache.com/uploads/Kamillknitcl/873147840/IMG_4100_17_thumbnail.JPG', 'small_url': 'https://images4-g.ravelrycache.com/uploads/Kamillknitcl/873147840/IMG_4100_17_small_best_fit.JPG', 'flickr_url': None, 'shelved_url': 'https://images4-f.ravelrycache.com/uploads/Kamillknitcl/873147840/IMG_4100_17_shelved.JPG', 'medium2_url': 'https://images4-a.ravelrycache.com/uploads/Kamillknitcl/873147840/IMG_4100_17_medium2.JPG', 'small2_url': 'https://images4-f.ravelrycache.com/uploads/Kamillknitcl/873147840/IMG_4100_17_small2.JPG', 'caption': None, 'caption_html': None, 'copyright_holder': None}, {'id': 115046851, 'sort_order': 4, 'user_id': 8407194, 'x_offset': 0, 'y_offset': -22, 'square_url': 'https://images4-f.ravelrycache.com/uploads/Kamillknitcl/873147853/IMG_4100_12_square.jpg', 'medium_url': 'https://images4-g.ravelrycache.com/uploads/Kamillknitcl/873147853/IMG_4100_12_medium.jpg', 'thumbnail_url': 'https://images4-g.ravelrycache.com/uploads/Kamillknitcl/873147853/IMG_4100_12_thumbnail.jpg', 'small_url': 'https://images4-f.ravelrycache.com/uploads/Kamillknitcl/873147853/IMG_4100_12_small_best_fit.jpg', 'flickr_url': None, 'shelved_url': 'https://images4-g.ravelrycache.com/uploads/Kamillknitcl/873147853/IMG_4100_12_shelved.jpg', 'medium2_url': 'https://images4-a.ravelrycache.com/uploads/Kamillknitcl/873147853/IMG_4100_12_medium2.jpg', 'small2_url': 'https://images4-f.ravelrycache.com/uploads/Kamillknitcl/873147853/IMG_4100_12_small2.jpg', 'caption': None, 'caption_html': None, 'copyright_holder': None}, {'id': 115046852, 'sort_order': 5, 'user_id': 8407194, 'x_offset': -1, 'y_offset': -23, 'square_url': 'https://images4-g.ravelrycache.com/uploads/Kamillknitcl/873147850/IMG_4100_14_square.JPG', 'medium_url': 'https://images4-f.ravelrycache.com/uploads/Kamillknitcl/873147850/IMG_4100_14_medium.JPG', 'thumbnail_url': 'https://images4-g.ravelrycache.com/uploads/Kamillknitcl/873147850/IMG_4100_14_thumbnail.JPG', 'small_url': 'https://images4-f.ravelrycache.com/uploads/Kamillknitcl/873147850/IMG_4100_14_small_best_fit.JPG', 'flickr_url': None, 'shelved_url': 'https://images4-g.ravelrycache.com/uploads/Kamillknitcl/873147850/IMG_4100_14_shelved.JPG', 'medium2_url': 'https://images4-a.ravelrycache.com/uploads/Kamillknitcl/873147850/IMG_4100_14_medium2.JPG', 'small2_url': 'https://images4-g.ravelrycache.com/uploads/Kamillknitcl/873147850/IMG_4100_14_small2.JPG', 'caption': None, 'caption_html': None, 'copyright_holder': None}, {'id': 115046853, 'sort_order': 6, 'user_id': 8407194, 'x_offset': 0, 'y_offset': -66, 'square_url': 'https://images4-g.ravelrycache.com/uploads/Kamillknitcl/873147839/Image_square.JPG', 'medium_url': 'https://images4-f.ravelrycache.com/uploads/Kamillknitcl/873147839/Image_medium.JPG', 'thumbnail_url': 'https://images4-f.ravelrycache.com/uploads/Kamillknitcl/873147839/Image_thumbnail.JPG', 'small_url': 'https://images4-g.ravelrycache.com/uploads/Kamillknitcl/873147839/Image_small_best_fit.JPG', 'flickr_url': None, 'shelved_url': 'https://images4-f.ravelrycache.com/uploads/Kamillknitcl/873147839/Image_shelved.JPG', 'medium2_url': 'https://images4-a.ravelrycache.com/uploads/Kamillknitcl/873147839/Image_medium2.JPG', 'small2_url': 'https://images4-g.ravelrycache.com/uploads/Kamillknitcl/873147839/Image_small2.JPG', 'caption': None, 'caption_html': None, 'copyright_holder': None}, {'id': 115046854, 'sort_order': 7, 'user_id': 8407194, 'x_offset': 0, 'y_offset': 0, 'square_url': 'https://images4-f.ravelrycache.com/uploads/Kamillknitcl/873147830/IMG_5700_square.JPG', 'medium_url': 'https://images4-g.ravelrycache.com/uploads/Kamillknitcl/873147830/IMG_5700_medium.JPG', 'thumbnail_url': 'https://images4-f.ravelrycache.com/uploads/Kamillknitcl/873147830/IMG_5700_thumbnail.JPG', 'small_url': 'https://images4-f.ravelrycache.com/uploads/Kamillknitcl/873147830/IMG_5700_small_best_fit.JPG', 'flickr_url': None, 'shelved_url': 'https://images4-g.ravelrycache.com/uploads/Kamillknitcl/873147830/IMG_5700_shelved.JPG', 'medium2_url': 'https://images4-a.ravelrycache.com/uploads/Kamillknitcl/873147830/IMG_5700_medium2.JPG', 'small2_url': 'https://images4-f.ravelrycache.com/uploads/Kamillknitcl/873147830/IMG_5700_small2.JPG', 'caption': None, 'caption_html': None, 'copyright_holder': None}, {'id': 115046855, 'sort_order': 8, 'user_id': 8407194, 'x_offset': -5, 'y_offset': -35, 'square_url': 'https://images4-g.ravelrycache.com/uploads/Kamillknitcl/873147827/IMG_5292_square.JPG', 'medium_url': 'https://images4-f.ravelrycache.com/uploads/Kamillknitcl/873147827/IMG_5292_medium.JPG', 'thumbnail_url': 'https://images4-g.ravelrycache.com/uploads/Kamillknitcl/873147827/IMG_5292_thumbnail.JPG', 'small_url': 'https://images4-g.ravelrycache.com/uploads/Kamillknitcl/873147827/IMG_5292_small.JPG', 'flickr_url': None, 'shelved_url': 'https://images4-g.ravelrycache.com/uploads/Kamillknitcl/873147827/IMG_5292_shelved.JPG', 'medium2_url': 'https://images4-a.ravelrycache.com/uploads/Kamillknitcl/873147827/IMG_5292_medium2.JPG', 'small2_url': 'https://images4-g.ravelrycache.com/uploads/Kamillknitcl/873147827/IMG_5292_small2.JPG', 'caption': None, 'caption_html': None, 'copyright_holder': None}, {'id': 115046856, 'sort_order': 9, 'user_id': 8407194, 'x_offset': 0, 'y_offset': -39, 'square_url': 'https://images4-f.ravelrycache.com/uploads/Kamillknitcl/873147829/IMG_5232_square.JPG', 'medium_url': 'https://images4-g.ravelrycache.com/uploads/Kamillknitcl/873147829/IMG_5232_medium.JPG', 'thumbnail_url': 'https://images4-f.ravelrycache.com/uploads/Kamillknitcl/873147829/IMG_5232_thumbnail.JPG', 'small_url': 'https://images4-g.ravelrycache.com/uploads/Kamillknitcl/873147829/IMG_5232_small_best_fit.JPG', 'flickr_url': None, 'shelved_url': 'https://images4-g.ravelrycache.com/uploads/Kamillknitcl/873147829/IMG_5232_shelved.JPG', 'medium2_url': 'https://images4-a.ravelrycache.com/uploads/Kamillknitcl/873147829/IMG_5232_medium2.JPG', 'small2_url': 'https://images4-f.ravelrycache.com/uploads/Kamillknitcl/873147829/IMG_5232_small2.JPG', 'caption': None, 'caption_html': None, 'copyright_holder': None}, {'id': 115046857, 'sort_order': 10, 'user_id': 8407194, 'x_offset': -5, 'y_offset': -35, 'square_url': 'https://images4-g.ravelrycache.com/uploads/Kamillknitcl/873147843/IMG_5194_square.JPG', 'medium_url': 'https://images4-f.ravelrycache.com/uploads/Kamillknitcl/873147843/IMG_5194_medium.JPG', 'thumbnail_url': 'https://images4-g.ravelrycache.com/uploads/Kamillknitcl/873147843/IMG_5194_thumbnail.JPG', 'small_url': 'https://images4-f.ravelrycache.com/uploads/Kamillknitcl/873147843/IMG_5194_small.JPG', 'flickr_url': None, 'shelved_url': 'https://images4-f.ravelrycache.com/uploads/Kamillknitcl/873147843/IMG_5194_shelved.JPG', 'medium2_url': 'https://images4-a.ravelrycache.com/uploads/Kamillknitcl/873147843/IMG_5194_medium2.JPG', 'small2_url': 'https://images4-g.ravelrycache.com/uploads/Kamillknitcl/873147843/IMG_5194_small2.JPG', 'caption': None, 'caption_html': None, 'copyright_holder': None}, {'id': 115046858, 'sort_order': 11, 'user_id': 8407194, 'x_offset': -55, 'y_offset': 0, 'square_url': 'https://images4-f.ravelrycache.com/uploads/Kamillknitcl/873147835/IMG_5151_square.JPG', 'medium_url': 'https://images4-g.ravelrycache.com/uploads/Kamillknitcl/873147835/IMG_5151_medium.JPG', 'thumbnail_url': 'https://images4-g.ravelrycache.com/uploads/Kamillknitcl/873147835/IMG_5151_thumbnail.JPG', 'small_url': 'https://images4-g.ravelrycache.com/uploads/Kamillknitcl/873147835/IMG_5151_small_best_fit.JPG', 'flickr_url': None, 'shelved_url': 'https://images4-f.ravelrycache.com/uploads/Kamillknitcl/873147835/IMG_5151_shelved.JPG', 'medium2_url': 'https://images4-a.ravelrycache.com/uploads/Kamillknitcl/873147835/IMG_5151_medium2.JPG', 'small2_url': 'https://images4-f.ravelrycache.com/uploads/Kamillknitcl/873147835/IMG_5151_small2.JPG', 'caption': None, 'caption_html': None, 'copyright_holder': None}, {'id': 115046859, 'sort_order': 12, 'user_id': 8407194, 'x_offset': -5, 'y_offset': -35, 'square_url': 'https://images4-f.ravelrycache.com/uploads/Kamillknitcl/873147831/IMG_5125_square.JPG', 'medium_url': 'https://images4-g.ravelrycache.com/uploads/Kamillknitcl/873147831/IMG_5125_medium.JPG', 'thumbnail_url': 'https://images4-f.ravelrycache.com/uploads/Kamillknitcl/873147831/IMG_5125_thumbnail.JPG', 'small_url': 'https://images4-g.ravelrycache.com/uploads/Kamillknitcl/873147831/IMG_5125_small.JPG', 'flickr_url': None, 'shelved_url': 'https://images4-g.ravelrycache.com/uploads/Kamillknitcl/873147831/IMG_5125_shelved.JPG', 'medium2_url': 'https://images4-a.ravelrycache.com/uploads/Kamillknitcl/873147831/IMG_5125_medium2.JPG', 'small2_url': 'https://images4-f.ravelrycache.com/uploads/Kamillknitcl/873147831/IMG_5125_small2.JPG', 'caption': None, 'caption_html': None, 'copyright_holder': None}, {'id': 115046860, 'sort_order': 13, 'user_id': 8407194, 'x_offset': -5, 'y_offset': -35, 'square_url': 'https://images4-f.ravelrycache.com/uploads/Kamillknitcl/873147826/IMG_5080_square.JPG', 'medium_url': 'https://images4-g.ravelrycache.com/uploads/Kamillknitcl/873147826/IMG_5080_medium.JPG', 'thumbnail_url': 'https://images4-g.ravelrycache.com/uploads/Kamillknitcl/873147826/IMG_5080_thumbnail.JPG', 'small_url': 'https://images4-g.ravelrycache.com/uploads/Kamillknitcl/873147826/IMG_5080_small.JPG', 'flickr_url': None, 'shelved_url': 'https://images4-g.ravelrycache.com/uploads/Kamillknitcl/873147826/IMG_5080_shelved.JPG', 'medium2_url': 'https://images4-a.ravelrycache.com/uploads/Kamillknitcl/873147826/IMG_5080_medium2.JPG', 'small2_url': 'https://images4-f.ravelrycache.com/uploads/Kamillknitcl/873147826/IMG_5080_small2.JPG', 'caption': None, 'caption_html': None, 'copyright_holder': None}, {'id': 115046861, 'sort_order': 14, 'user_id': 8407194, 'x_offset': 0, 'y_offset': -104, 'square_url': 'https://images4-g.ravelrycache.com/uploads/Kamillknitcl/873147825/IMG_5022_square.JPG', 'medium_url': 'https://images4-f.ravelrycache.com/uploads/Kamillknitcl/873147825/IMG_5022_medium.JPG', 'thumbnail_url': 'https://images4-f.ravelrycache.com/uploads/Kamillknitcl/873147825/IMG_5022_thumbnail.JPG', 'small_url': 'https://images4-f.ravelrycache.com/uploads/Kamillknitcl/873147825/IMG_5022_small_best_fit.JPG', 'flickr_url': None, 'shelved_url': 'https://images4-g.ravelrycache.com/uploads/Kamillknitcl/873147825/IMG_5022_shelved.JPG', 'medium2_url': 'https://images4-a.ravelrycache.com/uploads/Kamillknitcl/873147825/IMG_5022_medium2.JPG', 'small2_url': 'https://images4-g.ravelrycache.com/uploads/Kamillknitcl/873147825/IMG_5022_small2.JPG', 'caption': None, 'caption_html': None, 'copyright_holder': None}, {'id': 115046862, 'sort_order': 15, 'user_id': 8407194, 'x_offset': 0, 'y_offset': 0, 'square_url': 'https://images4-f.ravelrycache.com/uploads/Kamillknitcl/873147834/IMG_4975_square.JPG', 'medium_url': 'https://images4-g.ravelrycache.com/uploads/Kamillknitcl/873147834/IMG_4975_medium.JPG', 'thumbnail_url': 'https://images4-g.ravelrycache.com/uploads/Kamillknitcl/873147834/IMG_4975_thumbnail.JPG', 'small_url': 'https://images4-g.ravelrycache.com/uploads/Kamillknitcl/873147834/IMG_4975_small_best_fit.JPG', 'flickr_url': None, 'shelved_url': 'https://images4-g.ravelrycache.com/uploads/Kamillknitcl/873147834/IMG_4975_shelved.JPG', 'medium2_url': 'https://images4-a.ravelrycache.com/uploads/Kamillknitcl/873147834/IMG_4975_medium2.JPG', 'small2_url': 'https://images4-f.ravelrycache.com/uploads/Kamillknitcl/873147834/IMG_4975_small2.JPG', 'caption': None, 'caption_html': None, 'copyright_holder': None}, {'id': 115046863, 'sort_order': 16, 'user_id': 8407194, 'x_offset': 0, 'y_offset': -12, 'square_url': 'https://images4-f.ravelrycache.com/uploads/Kamillknitcl/873147828/IMG_4934_square.JPG', 'medium_url': 'https://images4-g.ravelrycache.com/uploads/Kamillknitcl/873147828/IMG_4934_medium.JPG', 'thumbnail_url': 'https://images4-g.ravelrycache.com/uploads/Kamillknitcl/873147828/IMG_4934_thumbnail.JPG', 'small_url': 'https://images4-f.ravelrycache.com/uploads/Kamillknitcl/873147828/IMG_4934_small_best_fit.JPG', 'flickr_url': None, 'shelved_url': 'https://images4-f.ravelrycache.com/uploads/Kamillknitcl/873147828/IMG_4934_shelved.JPG', 'medium2_url': 'https://images4-a.ravelrycache.com/uploads/Kamillknitcl/873147828/IMG_4934_medium2.JPG', 'small2_url': 'https://images4-f.ravelrycache.com/uploads/Kamillknitcl/873147828/IMG_4934_small2.JPG', 'caption': None, 'caption_html': None, 'copyright_holder': None}, {'id': 115046864, 'sort_order': 17, 'user_id': 8407194, 'x_offset': -71, 'y_offset': 1, 'square_url': 'https://images4-f.ravelrycache.com/uploads/Kamillknitcl/873147836/IMG_4909_square.JPG', 'medium_url': 'https://images4-g.ravelrycache.com/uploads/Kamillknitcl/873147836/IMG_4909_medium.JPG', 'thumbnail_url': 'https://images4-f.ravelrycache.com/uploads/Kamillknitcl/873147836/IMG_4909_thumbnail.JPG', 'small_url': 'https://images4-g.ravelrycache.com/uploads/Kamillknitcl/873147836/IMG_4909_small_best_fit.JPG', 'flickr_url': None, 'shelved_url': 'https://images4-g.ravelrycache.com/uploads/Kamillknitcl/873147836/IMG_4909_shelved.JPG', 'medium2_url': 'https://images4-a.ravelrycache.com/uploads/Kamillknitcl/873147836/IMG_4909_medium2.JPG', 'small2_url': 'https://images4-f.ravelrycache.com/uploads/Kamillknitcl/873147836/IMG_4909_small2.JPG', 'caption': None, 'caption_html': None, 'copyright_holder': None}, {'id': 115046865, 'sort_order': 18, 'user_id': 8407194, 'x_offset': -5, 'y_offset': -35, 'square_url': 'https://images4-g.ravelrycache.com/uploads/Kamillknitcl/873147849/IMG_4100_15_square.JPG', 'medium_url': 'https://images4-f.ravelrycache.com/uploads/Kamillknitcl/873147849/IMG_4100_15_medium.JPG', 'thumbnail_url': 'https://images4-f.ravelrycache.com/uploads/Kamillknitcl/873147849/IMG_4100_15_thumbnail.JPG', 'small_url': 'https://images4-f.ravelrycache.com/uploads/Kamillknitcl/873147849/IMG_4100_15_small.JPG', 'flickr_url': None, 'shelved_url': 'https://images4-g.ravelrycache.com/uploads/Kamillknitcl/873147849/IMG_4100_15_shelved.JPG', 'medium2_url': 'https://images4-a.ravelrycache.com/uploads/Kamillknitcl/873147849/IMG_4100_15_medium2.JPG', 'small2_url': 'https://images4-g.ravelrycache.com/uploads/Kamillknitcl/873147849/IMG_4100_15_small2.JPG', 'caption': None, 'caption_html': None, 'copyright_holder': None}]"
Lovelace,Martin Storey,1267326,https://www.ravelry.com/patterns/library/lovelace-5,False,https://images4-a.ravelrycache.com/uploads/LindaKnitter/869492146/Lovelace_2_medium2.jpg,Knitting,"['teen', 'adult', 'oversized', 'petite', 'plus', 'lace', 'ribbed', 'seamed', 'crew-neck', 'long-sleeve', 'bottom-up', 'positive-ease', 'chart', 'written-pattern', 'drop-sleeve', 'cuffed-sleeve', 'worked-flat', 'schematic', 'other-colorwork']",24.0,0.0,False,4.0,pattern stitch,pullover,Sport,3,0.0,"28-30(32-34, 36-38, 40-42, 44-46, 48-50, 52-54, 56-58, 60-62)""  71-76(81-86, 91-97, 102-107, 112-117, 122-127, 133-137, 142-147, 152-154)CM","[{'id': 115062945, 'sort_order': 1, 'user_id': 71200, 'x_offset': -1, 'y_offset': -11, 'square_url': 'https://images4-f.ravelrycache.com/uploads/LindaKnitter/869492146/Lovelace_2_square.jpg', 'medium_url': 'https://images4-g.ravelrycache.com/uploads/LindaKnitter/869492146/Lovelace_2_medium.jpg', 'thumbnail_url': 'https://images4-f.ravelrycache.com/uploads/LindaKnitter/869492146/Lovelace_2_thumbnail.jpg', 'small_url': 'https://images4-g.ravelrycache.com/uploads/LindaKnitter/869492146/Lovelace_2_small_best_fit.jpg', 'flickr_url': None, 'shelved_url': 'https://images4-g.ravelrycache.com/uploads/LindaKnitter/869492146/Lovelace_2_shelved.jpg', 'medium2_url': 'https://images4-a.ravelrycache.com/uploads/LindaKnitter/869492146/Lovelace_2_medium2.jpg', 'small2_url': 'https://images4-f.ravelrycache.com/uploads/LindaKnitter/869492146/Lovelace_2_small2.jpg', 'caption': None, 'caption_html': None, 'copyright_holder': '2022 Rowan Yarns'}, {'id': 118053844, 'sort_order': 2, 'user_id': 747685, 'x_offset': -5, 'y_offset': -35, 'square_url': 'https://images4-f.ravelrycache.com/uploads/mandylou78/875522660/2EC120C5-71A2-4AF5-8F8D-096CBED7E67C_square.jpeg', 'medium_url': 'https://images4-f.ravelrycache.com/uploads/mandylou78/875522660/2EC120C5-71A2-4AF5-8F8D-096CBED7E67C_medium.jpeg', 'thumbnail_url': 'https://images4-f.ravelrycache.com/uploads/mandylou78/875522660/2EC120C5-71A2-4AF5-8F8D-096CBED7E67C_thumbnail.jpeg', 'small_url': 'https://images4-f.ravelrycache.com/uploads/mandylou78/875522660/2EC120C5-71A2-4AF5-8F8D-096CBED7E67C_small.jpeg', 'flickr_url': None, 'shelved_url': 'https://images4-g.ravelrycache.com/uploads/mandylou78/875522660/2EC120C5-71A2-4AF5-8F8D-096CBED7E67C_shelved.jpeg', 'medium2_url': 'https://images4-a.ravelrycache.com/uploads/mandylou78/875522660/2EC120C5-71A2-4AF5-8F8D-096CBED7E67C_medium2.jpeg', 'small2_url': 'https://images4-g.ravelrycache.com/uploads/mandylou78/875522660/2EC120C5-71A2-4AF5-8F8D-096CBED7E67C_small2.jpeg', 'caption': None, 'caption_html': None, 'copyright_holder': None}, {'id': 115062946, 'sort_order': 3, 'user_id': 71200, 'x_offset': -10, 'y_offset': 0, 'square_url': 'https://images4-f.ravelrycache.com/uploads/LindaKnitter/869492147/Lovelace_1_square.jpg', 'medium_url': 'https://images4-g.ravelrycache.com/uploads/LindaKnitter/869492147/Lovelace_1_medium.jpg', 'thumbnail_url': 'https://images4-g.ravelrycache.com/uploads/LindaKnitter/869492147/Lovelace_1_thumbnail.jpg', 'small_url': 'https://images4-g.ravelrycache.com/uploads/LindaKnitter/869492147/Lovelace_1_small_best_fit.jpg', 'flickr_url': None, 'shelved_url': 'https://images4-f.ravelrycache.com/uploads/LindaKnitter/869492147/Lovelace_1_shelved.jpg', 'medium2_url': 'https://images4-a.ravelrycache.com/uploads/LindaKnitter/869492147/Lovelace_1_medium2.jpg', 'small2_url': 'https://images4-f.ravelrycache.com/uploads/LindaKnitter/869492147/Lovelace_1_small2.jpg', 'caption': None, 'caption_html': None, 'copyright_holder': '2022 Rowan Yarns'}]"
Orchid,Georgia Farrell,1267369,https://www.ravelry.com/patterns/library/orchid-30,False,https://images4-a.ravelrycache.com/uploads/LindaKnitter/870618866/Orchid_5_medium2.jpg,Knitting,"['female', 'teen', 'adult', 'oversized', 'petite', 'plus', 'ribbed', 'ballet-neck', 'elbow-sleeve', 'saddle-shoulder', 'seamless', 'bottom-up', 'positive-ease', 'written-pattern', 'cuffed-sleeve', 'worked-flat', 'stripes-colorwork', 'schematic', 'brioche-tuck']",14.5,0.0,True,4.0,Stockinette Stitch,pullover,Bulky,18,0.0,"28-30(32-34, 36-38, 40-42, 44-46, 48-50, 52-54, 56-58, 60-62)""  71-76(81-86, 91-97, 102-107, 112-117, 122-127, 133-137, 142-147, 152-154)CM","[{'id': 115063825, 'sort_order': 1, 'user_id': 71200, 'x_offset': 1, 'y_offset': -22, 'square_url': 'https://images4-f.ravelrycache.com/uploads/LindaKnitter/870618866/Orchid_5_square.jpg', 'medium_url': 'https://images4-g.ravelrycache.com/uploads/LindaKnitter/870618866/Orchid_5_medium.jpg', 'thumbnail_url': 'https://images4-f.ravelrycache.com/uploads/LindaKnitter/870618866/Orchid_5_thumbnail.jpg', 'small_url': 'https://images4-f.ravelrycache.com/uploads/LindaKnitter/870618866/Orchid_5_small.jpg', 'flickr_url': None, 'shelved_url': 'https://images4-f.ravelrycache.com/uploads/LindaKnitter/870618866/Orchid_5_shelved.jpg', 'medium2_url': 'https://images4-a.ravelrycache.com/uploads/LindaKnitter/870618866/Orchid_5_medium2.jpg', 'small2_url': 'https://images4-f.ravelrycache.com/uploads/LindaKnitter/870618866/Orchid_5_small2.jpg', 'caption': None, 'caption_html': None, 'copyright_holder': '2022 Rowan Yarns'}, {'id': 115063826, 'sort_order': 2, 'user_id': 71200, 'x_offset': -5, 'y_offset': -16, 'square_url': 'https://images4-f.ravelrycache.com/uploads/LindaKnitter/870618865/Orchid_6_square.jpg', 'medium_url': 'https://images4-g.ravelrycache.com/uploads/LindaKnitter/870618865/Orchid_6_medium.jpg', 'thumbnail_url': 'https://images4-g.ravelrycache.com/uploads/LindaKnitter/870618865/Orchid_6_thumbnail.jpg', 'small_url': 'https://images4-f.ravelrycache.com/uploads/LindaKnitter/870618865/Orchid_6_small.jpg', 'flickr_url': None, 'shelved_url': 'https://images4-g.ravelrycache.com/uploads/LindaKnitter/870618865/Orchid_6_shelved.jpg', 'medium2_url': 'https://images4-a.ravelrycache.com/uploads/LindaKnitter/870618865/Orchid_6_medium2.jpg', 'small2_url': 'https://images4-f.ravelrycache.com/uploads/LindaKnitter/870618865/Orchid_6_small2.jpg', 'caption': None, 'caption_html': None, 'copyright_holder': '2022 Rowan Yarns'}]"
Elgin Pullover,Michael Vloedman,1267385,https://www.ravelry.com/patterns/library/elgin-pullover,False,https://images4-a.ravelrycache.com/uploads/BlueSkyFibers/872822785/P_ElginPullover_R_medium2.jpg,Knitting,"['unisex', 'adult', 'plus', 'seamed', 'shawl', 'short-rows', 'positive-ease', 'written-pattern', 'worked-flat', 'schematic', 'male', 'female']",12.0,0.0,True,4.0,Stockinette,pullover,Bulky,6,0.0,XS-5XL,"[{'id': 115064403, 'sort_order': 1, 'user_id': 795408, 'x_offset': 0, 'y_offset': 0, 'square_url': 'https://images4-f.ravelrycache.com/uploads/BlueSkyFibers/872822785/P_ElginPullover_R_square.jpg', 'medium_url': 'https://images4-g.ravelrycache.com/uploads/BlueSkyFibers/872822785/P_ElginPullover_R_medium.jpg', 'thumbnail_url': 'https://images4-f.ravelrycache.com/uploads/BlueSkyFibers/872822785/P_ElginPullover_R_thumbnail.jpg', 'small_url': 'https://images4-g.ravelrycache.com/uploads/BlueSkyFibers/872822785/P_ElginPullover_R_small_best_fit.jpg', 'flickr_url': None, 'shelved_url': 'https://images4-f.ravelrycache.com/uploads/BlueSkyFibers/872822785/P_ElginPullover_R_shelved.jpg', 'medium2_url': 'https://images4-a.ravelrycache.com/uploads/BlueSkyFibers/872822785/P_ElginPullover_R_medium2.jpg', 'small2_url': 'https://images4-f.ravelrycache.com/uploads/BlueSkyFibers/872822785/P_ElginPullover_R_small2.jpg', 'caption': None, 'caption_html': None, 'copyright_holder': 'Blue Sky Fibers'}, {'id': 115064404, 'sort_order': 2, 'user_id': 795408, 'x_offset': -1, 'y_offset': -19, 'square_url': 'https://images4-g.ravelrycache.com/uploads/BlueSkyFibers/872822788/P_ElginPullover_2_square.jpg', 'medium_url': 'https://images4-f.ravelrycache.com/uploads/BlueSkyFibers/872822788/P_ElginPullover_2_medium.jpg', 'thumbnail_url': 'https://images4-g.ravelrycache.com/uploads/BlueSkyFibers/872822788/P_ElginPullover_2_thumbnail.jpg', 'small_url': 'https://images4-f.ravelrycache.com/uploads/BlueSkyFibers/872822788/P_ElginPullover_2_small.jpg', 'flickr_url': None, 'shelved_url': 'https://images4-f.ravelrycache.com/uploads/BlueSkyFibers/872822788/P_ElginPullover_2_shelved.jpg', 'medium2_url': 'https://images4-a.ravelrycache.com/uploads/BlueSkyFibers/872822788/P_ElginPullover_2_medium2.jpg', 'small2_url': 'https://images4-g.ravelrycache.com/uploads/BlueSkyFibers/872822788/P_ElginPullover_2_small2.jpg', 'caption': None, 'caption_html': None, 'copyright_holder': 'Blue Sky Fibers'}, {'id': 115064405, 'sort_order': 3, 'user_id': 795408, 'x_offset': -4, 'y_offset': -19, 'square_url': 'https://images4-f.ravelrycache.com/uploads/BlueSkyFibers/872822787/P_ElginPullover_5_square.jpg', 'medium_url': 'https://images4-g.ravelrycache.com/uploads/BlueSkyFibers/872822787/P_ElginPullover_5_medium.jpg', 'thumbnail_url': 'https://images4-f.ravelrycache.com/uploads/BlueSkyFibers/872822787/P_ElginPullover_5_thumbnail.jpg', 'small_url': 'https://images4-f.ravelrycache.com/uploads/BlueSkyFibers/872822787/P_ElginPullover_5_small.jpg', 'flickr_url': None, 'shelved_url': 'https://images4-f.ravelrycache.com/uploads/BlueSkyFibers/872822787/P_ElginPullover_5_shelved.jpg', 'medium2_url': 'https://images4-a.ravelrycache.com/uploads/BlueSkyFibers/872822787/P_ElginPullover_5_medium2.jpg', 'small2_url': 'https://images4-f.ravelrycache.com/uploads/BlueSkyFibers/872822787/P_ElginPullover_5_small2.jpg', 'caption': None, 'caption_html': None, 'copyright_holder': 'Blue Sky Fibers'}, {'id': 115064406, 'sort_order': 4, 'user_id': 795408, 'x_offset': 0, 'y_offset': -19, 'square_url': 'https://images4-g.ravelrycache.com/uploads/BlueSkyFibers/872822791/P_ElginPullover_4_square.jpg', 'medium_url': 'https://images4-f.ravelrycache.com/uploads/BlueSkyFibers/872822791/P_ElginPullover_4_medium.jpg', 'thumbnail_url': 'https://images4-f.ravelrycache.com/uploads/BlueSkyFibers/872822791/P_ElginPullover_4_thumbnail.jpg', 'small_url': 'https://images4-g.ravelrycache.com/uploads/BlueSkyFibers/872822791/P_ElginPullover_4_small.jpg', 'flickr_url': None, 'shelved_url': 'https://images4-g.ravelrycache.com/uploads/BlueSkyFibers/872822791/P_ElginPullover_4_shelved.jpg', 'medium2_url': 'https://images4-a.ravelrycache.com/uploads/BlueSkyFibers/872822791/P_ElginPullover_4_medium2.jpg', 'small2_url': 'https://images4-g.ravelrycache.com/uploads/BlueSkyFibers/872822791/P_ElginPullover_4_small2.jpg', 'caption': None, 'caption_html': None, 'copyright_holder': 'Blue Sky Fibers'}, {'id': 115064407, 'sort_order': 5, 'user_id': 795408, 'x_offset': -2, 'y_offset': -20, 'square_url': 'https://images4-g.ravelrycache.com/uploads/BlueSkyFibers/872822790/P_ElginPullover_3_square.jpg', 'medium_url': 'https://images4-f.ravelrycache.com/uploads/BlueSkyFibers/872822790/P_ElginPullover_3_medium.jpg', 'thumbnail_url': 'https://images4-g.ravelrycache.com/uploads/BlueSkyFibers/872822790/P_ElginPullover_3_thumbnail.jpg', 'small_url': 'https://images4-g.ravelrycache.com/uploads/BlueSkyFibers/872822790/P_ElginPullover_3_small.jpg', 'flickr_url': None, 'shelved_url': 'https://images4-f.ravelrycache.com/uploads/BlueSkyFibers/872822790/P_ElginPullover_3_shelved.jpg', 'medium2_url': 'https://images4-a.ravelrycache.com/uploads/BlueSkyFibers/872822790/P_ElginPullover_3_medium2.jpg', 'small2_url': 'https://images4-g.ravelrycache.com/uploads/BlueSkyFibers/872822790/P_ElginPullover_3_small2.jpg', 'caption': None, 'caption_html': None, 'copyright_holder': 'Blue Sky Fibers'}]"
Silverstone Sweater,Knitatude / Chantal Miyagishima,1267505,https://www.ravelry.com/patterns/library/silverstone-sweater,False,https://images4-a.ravelrycache.com/uploads/Knitatude87/872854295/IMG_8755_jpg_medium2.jpg,Knitting,"['female', 'unisex', 'adult', 'petite', 'plus', 'no-ease', 'fitted', 'ribbed', 'collar', 'crew-neck', 'long-sleeve', 'seamless', 'bottom-up', 'positive-ease', 'written-pattern', 'worked-flat', 'in-the-round', 'three-needle-bind']",12.0,2.3846153846153846,True,4.0,Stockinette,pullover,Bulky,37,5.0,"XS-5X (28-62"" bust)","[{'id': 115070464, 'sort_order': 1, 'user_id': 4720149, 'x_offset': -5, 'y_offset': -35, 'square_url': 'https://images4-g.ravelrycache.com/uploads/Knitatude87/872854295/IMG_8755_jpg_square.jpg', 'medium_url': 'https://images4-f.ravelrycache.com/uploads/Knitatude87/872854295/IMG_8755_jpg_medium.jpg', 'thumbnail_url': 'https://images4-g.ravelrycache.com/uploads/Knitatude87/872854295/IMG_8755_jpg_thumbnail.jpg', 'small_url': 'https://images4-f.ravelrycache.com/uploads/Knitatude87/872854295/IMG_8755_jpg_small.jpg', 'flickr_url': None, 'shelved_url': 'https://images4-f.ravelrycache.com/uploads/Knitatude87/872854295/IMG_8755_jpg_shelved.jpg', 'medium2_url': 'https://images4-a.ravelrycache.com/uploads/Knitatude87/872854295/IMG_8755_jpg_medium2.jpg', 'small2_url': 'https://images4-g.ravelrycache.com/uploads/Knitatude87/872854295/IMG_8755_jpg_small2.jpg', 'caption': None, 'caption_html': None, 'copyright_holder': None}, {'id': 115070465, 'sort_order': 2, 'user_id': 4720149, 'x_offset': -5, 'y_offset': -35, 'square_url': 'https://images4-f.ravelrycache.com/uploads/Knitatude87/872854298/IMG_8757_jpg_square.jpg', 'medium_url': 'https://images4-g.ravelrycache.com/uploads/Knitatude87/872854298/IMG_8757_jpg_medium.jpg', 'thumbnail_url': 'https://images4-g.ravelrycache.com/uploads/Knitatude87/872854298/IMG_8757_jpg_thumbnail.jpg', 'small_url': 'https://images4-f.ravelrycache.com/uploads/Knitatude87/872854298/IMG_8757_jpg_small.jpg', 'flickr_url': None, 'shelved_url': 'https://images4-g.ravelrycache.com/uploads/Knitatude87/872854298/IMG_8757_jpg_shelved.jpg', 'medium2_url': 'https://images4-a.ravelrycache.com/uploads/Knitatude87/872854298/IMG_8757_jpg_medium2.jpg', 'small2_url': 'https://images4-f.ravelrycache.com/uploads/Knitatude87/872854298/IMG_8757_jpg_small2.jpg', 'caption': None, 'caption_html': None, 'copyright_holder': None}, {'id': 115070466, 'sort_order': 3, 'user_id': 4720149, 'x_offset': -5, 'y_offset': -35, 'square_url': 'https://images4-f.ravelrycache.com/uploads/Knitatude87/872854305/IMG_8753_jpg_square.jpg', 'medium_url': 'https://images4-g.ravelrycache.com/uploads/Knitatude87/872854305/IMG_8753_jpg_medium.jpg', 'thumbnail_url': 'https://images4-f.ravelrycache.com/uploads/Knitatude87/872854305/IMG_8753_jpg_thumbnail.jpg', 'small_url': 'https://images4-f.ravelrycache.com/uploads/Knitatude87/872854305/IMG_8753_jpg_small.jpg', 'flickr_url': None, 'shelved_url': 'https://images4-g.ravelrycache.com/uploads/Knitatude87/872854305/IMG_8753_jpg_shelved.jpg', 'medium2_url': 'https://images4-a.ravelrycache.com/uploads/Knitatude87/872854305/IMG_8753_jpg_medium2.jpg', 'small2_url': 'https://images4-f.ravelrycache.com/uploads/Knitatude87/872854305/IMG_8753_jpg_small2.jpg', 'caption': None, 'caption_html': None, 'copyright_holder': None}, {'id': 115070467, 'sort_order': 4, 'user_id': 4720149, 'x_offset': -5, 'y_offset': -35, 'square_url': 'https://images4-g.ravelrycache.com/uploads/Knitatude87/872854308/IMG_8751_jpg_square.jpg', 'medium_url': 'https://images4-f.ravelrycache.com/uploads/Knitatude87/872854308/IMG_8751_jpg_medium.jpg', 'thumbnail_url': 'https://images4-f.ravelrycache.com/uploads/Knitatude87/872854308/IMG_8751_jpg_thumbnail.jpg', 'small_url': 'https://images4-f.ravelrycache.com/uploads/Knitatude87/872854308/IMG_8751_jpg_small.jpg', 'flickr_url': None, 'shelved_url': 'https://images4-f.ravelrycache.com/uploads/Knitatude87/872854308/IMG_8751_jpg_shelved.jpg', 'medium2_url': 'https://images4-a.ravelrycache.com/uploads/Knitatude87/872854308/IMG_8751_jpg_medium2.jpg', 'small2_url': 'https://images4-g.ravelrycache.com/uploads/Knitatude87/872854308/IMG_8751_jpg_small2.jpg', 'caption': None, 'caption_html': None, 'copyright_holder': None}, {'id': 115070468, 'sort_order': 5, 'user_id': 4720149, 'x_offset': -5, 'y_offset': -35, 'square_url': 'https://images4-f.ravelrycache.com/uploads/Knitatude87/872854299/IMG_8760_jpg_square.jpg', 'medium_url': 'https://images4-g.ravelrycache.com/uploads/Knitatude87/872854299/IMG_8760_jpg_medium.jpg', 'thumbnail_url': 'https://images4-g.ravelrycache.com/uploads/Knitatude87/872854299/IMG_8760_jpg_thumbnail.jpg', 'small_url': 'https://images4-f.ravelrycache.com/uploads/Knitatude87/872854299/IMG_8760_jpg_small.jpg', 'flickr_url': None, 'shelved_url': 'https://images4-f.ravelrycache.com/uploads/Knitatude87/872854299/IMG_8760_jpg_shelved.jpg', 'medium2_url': 'https://images4-a.ravelrycache.com/uploads/Knitatude87/872854299/IMG_8760_jpg_medium2.jpg', 'small2_url': 'https://images4-f.ravelrycache.com/uploads/Knitatude87/872854299/IMG_8760_jpg_small2.jpg', 'caption': None, 'caption_html': None, 'copyright_holder': None}, {'id': 115070469, 'sort_order': 6, 'user_id': 4720149, 'x_offset': -5, 'y_offset': -35, 'square_url': 'https://images4-g.ravelrycache.com/uploads/Knitatude87/872854296/IMG_8769_jpg_square.jpg', 'medium_url': 'https://images4-f.ravelrycache.com/uploads/Knitatude87/872854296/IMG_8769_jpg_medium.jpg', 'thumbnail_url': 'https://images4-f.ravelrycache.com/uploads/Knitatude87/872854296/IMG_8769_jpg_thumbnail.jpg', 'small_url': 'https://images4-g.ravelrycache.com/uploads/Knitatude87/872854296/IMG_8769_jpg_small.jpg', 'flickr_url': None, 'shelved_url': 'https://images4-f.ravelrycache.com/uploads/Knitatude87/872854296/IMG_8769_jpg_shelved.jpg', 'medium2_url': 'https://images4-a.ravelrycache.com/uploads/Knitatude87/872854296/IMG_8769_jpg_medium2.jpg', 'small2_url': 'https://images4-g.ravelrycache.com/uploads/Knitatude87/872854296/IMG_8769_jpg_small2.jpg', 'caption': None, 'caption_html': None, 'copyright_holder': None}, {'id': 115070470, 'sort_order': 7, 'user_id': 4720149, 'x_offset': -5, 'y_offset': -35, 'square_url': 'https://images4-f.ravelrycache.com/uploads/Knitatude87/872854302/IMG_8772_square.jpg', 'medium_url': 'https://images4-g.ravelrycache.com/uploads/Knitatude87/872854302/IMG_8772_medium.jpg', 'thumbnail_url': 'https://images4-g.ravelrycache.com/uploads/Knitatude87/872854302/IMG_8772_thumbnail.jpg', 'small_url': 'https://images4-g.ravelrycache.com/uploads/Knitatude87/872854302/IMG_8772_small.jpg', 'flickr_url': None, 'shelved_url': 'https://images4-f.ravelrycache.com/uploads/Knitatude87/872854302/IMG_8772_shelved.jpg', 'medium2_url': 'https://images4-a.ravelrycache.com/uploads/Knitatude87/872854302/IMG_8772_medium2.jpg', 'small2_url': 'https://images4-f.ravelrycache.com/uploads/Knitatude87/872854302/IMG_8772_small2.jpg', 'caption': None, 'caption_html': None, 'copyright_holder': None}, {'id': 115070471, 'sort_order': 8, 'user_id': 4720149, 'x_offset': -5, 'y_offset': -35, 'square_url': 'https://images4-f.ravelrycache.com/uploads/Knitatude87/872854309/IMG_8788_jpg_square.jpg', 'medium_url': 'https://images4-g.ravelrycache.com/uploads/Knitatude87/872854309/IMG_8788_jpg_medium.jpg', 'thumbnail_url': 'https://images4-g.ravelrycache.com/uploads/Knitatude87/872854309/IMG_8788_jpg_thumbnail.jpg', 'small_url': 'https://images4-g.ravelrycache.com/uploads/Knitatude87/872854309/IMG_8788_jpg_small.jpg', 'flickr_url': None, 'shelved_url': 'https://images4-g.ravelrycache.com/uploads/Knitatude87/872854309/IMG_8788_jpg_shelved.jpg', 'medium2_url': 'https://images4-a.ravelrycache.com/uploads/Knitatude87/872854309/IMG_8788_jpg_medium2.jpg', 'small2_url': 'https://images4-f.ravelrycache.com/uploads/Knitatude87/872854309/IMG_8788_jpg_small2.jpg', 'caption': None, 'caption_html': None, 'copyright_holder': None}, {'id': 115070472, 'sort_order': 9, 'user_id': 4720149, 'x_offset': -5, 'y_offset': -35, 'square_url': 'https://images4-g.ravelrycache.com/uploads/Knitatude87/872854297/IMG_8774_jpg_square.jpg', 'medium_url': 'https://images4-f.ravelrycache.com/uploads/Knitatude87/872854297/IMG_8774_jpg_medium.jpg', 'thumbnail_url': 'https://images4-f.ravelrycache.com/uploads/Knitatude87/872854297/IMG_8774_jpg_thumbnail.jpg', 'small_url': 'https://images4-f.ravelrycache.com/uploads/Knitatude87/872854297/IMG_8774_jpg_small.jpg', 'flickr_url': None, 'shelved_url': 'https://images4-f.ravelrycache.com/uploads/Knitatude87/872854297/IMG_8774_jpg_shelved.jpg', 'medium2_url': 'https://images4-a.ravelrycache.com/uploads/Knitatude87/872854297/IMG_8774_jpg_medium2.jpg', 'small2_url': 'https://images4-g.ravelrycache.com/uploads/Knitatude87/872854297/IMG_8774_jpg_small2.jpg', 'caption': None, 'caption_html': None, 'copyright_holder': None}, {'id': 115070473, 'sort_order': 10, 'user_id': 4720149, 'x_offset': -5, 'y_offset': -35, 'square_url': 'https://images4-f.ravelrycache.com/uploads/Knitatude87/872854303/IMG_8800_jpg_square.jpg', 'medium_url': 'https://images4-g.ravelrycache.com/uploads/Knitatude87/872854303/IMG_8800_jpg_medium.jpg', 'thumbnail_url': 'https://images4-g.ravelrycache.com/uploads/Knitatude87/872854303/IMG_8800_jpg_thumbnail.jpg', 'small_url': 'https://images4-g.ravelrycache.com/uploads/Knitatude87/872854303/IMG_8800_jpg_small.jpg', 'flickr_url': None, 'shelved_url': 'https://images4-g.ravelrycache.com/uploads/Knitatude87/872854303/IMG_8800_jpg_shelved.jpg', 'medium2_url': 'https://images4-a.ravelrycache.com/uploads/Knitatude87/872854303/IMG_8800_jpg_medium2.jpg', 'small2_url': 'https://images4-f.ravelrycache.com/uploads/Knitatude87/872854303/IMG_8800_jpg_small2.jpg', 'caption': None, 'caption_html': None, 'copyright_holder': None}, {'id': 115070474, 'sort_order': 11, 'user_id': 4720149, 'x_offset': -5, 'y_offset': -35, 'square_url': 'https://images4-g.ravelrycache.com/uploads/Knitatude87/872854310/IMG_8780_jpg_square.jpg', 'medium_url': 'https://images4-f.ravelrycache.com/uploads/Knitatude87/872854310/IMG_8780_jpg_medium.jpg', 'thumbnail_url': 'https://images4-g.ravelrycache.com/uploads/Knitatude87/872854310/IMG_8780_jpg_thumbnail.jpg', 'small_url': 'https://images4-g.ravelrycache.com/uploads/Knitatude87/872854310/IMG_8780_jpg_small.jpg', 'flickr_url': None, 'shelved_url': 'https://images4-g.ravelrycache.com/uploads/Knitatude87/872854310/IMG_8780_jpg_shelved.jpg', 'medium2_url': 'https://images4-a.ravelrycache.com/uploads/Knitatude87/872854310/IMG_8780_jpg_medium2.jpg', 'small2_url': 'https://images4-g.ravelrycache.com/uploads/Knitatude87/872854310/IMG_8780_jpg_small2.jpg', 'caption': None, 'caption_html': None, 'copyright_holder': None}, {'id': 115070475, 'sort_order': 12, 'user_id': 4720149, 'x_offset': -5, 'y_offset': -35, 'square_url': 'https://images4-g.ravelrycache.com/uploads/Knitatude87/872854294/IMG_8762_jpg_square.jpg', 'medium_url': 'https://images4-f.ravelrycache.com/uploads/Knitatude87/872854294/IMG_8762_jpg_medium.jpg', 'thumbnail_url': 'https://images4-g.ravelrycache.com/uploads/Knitatude87/872854294/IMG_8762_jpg_thumbnail.jpg', 'small_url': 'https://images4-f.ravelrycache.com/uploads/Knitatude87/872854294/IMG_8762_jpg_small.jpg', 'flickr_url': None, 'shelved_url': 'https://images4-g.ravelrycache.com/uploads/Knitatude87/872854294/IMG_8762_jpg_shelved.jpg', 'medium2_url': 'https://images4-a.ravelrycache.com/uploads/Knitatude87/872854294/IMG_8762_jpg_medium2.jpg', 'small2_url': 'https://images4-g.ravelrycache.com/uploads/Knitatude87/872854294/IMG_8762_jpg_small2.jpg', 'caption': None, 'caption_html': None, 'copyright_holder': None}]"
Swing it!,Sydney Roseweck,1267518,https://www.ravelry.com/patterns/library/swing-it-2,False,https://images4-a.ravelrycache.com/uploads/SquidneyKnits/938028228/IMG_0668_medium2.jpg,Knitting,"['teen', 'adult', 'ribbed', 'seamed', 'collar', 'peterpan', 'keyhole-neck', 'set-in-sleeve', 'icord', 'bottom-up', 'phototutorial', 'written-pattern', 'puffed-sleeve', 'worked-flat', 'in-the-round', 'three-needle-bind']",24.0,4.333333333333333,True,4.0,stockinette stitch,pullover,Sport,10,4.666666666666667,100% size inclusive ,"[{'id': 123075463, 'sort_order': 1, 'user_id': 676995, 'x_offset': -5, 'y_offset': -28, 'square_url': 'https://images4-f.ravelrycache.com/uploads/SquidneyKnits/938028228/IMG_0668_square.jpg', 'medium_url': 'https://images4-g.ravelrycache.com/uploads/SquidneyKnits/938028228/IMG_0668_medium.jpg', 'thumbnail_url': 'https://images4-f.ravelrycache.com/uploads/SquidneyKnits/938028228/IMG_0668_thumbnail.jpg', 'small_url': 'https://images4-g.ravelrycache.com/uploads/SquidneyKnits/938028228/IMG_0668_small.jpg', 'flickr_url': None, 'shelved_url': 'https://images4-f.ravelrycache.com/uploads/SquidneyKnits/938028228/IMG_0668_shelved.jpg', 'medium2_url': 'https://images4-a.ravelrycache.com/uploads/SquidneyKnits/938028228/IMG_0668_medium2.jpg', 'small2_url': 'https://images4-f.ravelrycache.com/uploads/SquidneyKnits/938028228/IMG_0668_small2.jpg', 'caption': None, 'caption_html': None, 'copyright_holder': None}, {'id': 115071310, 'sort_order': 2, 'user_id': 676995, 'x_offset': -5, 'y_offset': -35, 'square_url': 'https://images4-g.ravelrycache.com/uploads/SquidneyKnits/873342762/IMG_0168_2_square.jpg', 'medium_url': 'https://images4-f.ravelrycache.com/uploads/SquidneyKnits/873342762/IMG_0168_2_medium.jpg', 'thumbnail_url': 'https://images4-g.ravelrycache.com/uploads/SquidneyKnits/873342762/IMG_0168_2_thumbnail.jpg', 'small_url': 'https://images4-g.ravelrycache.com/uploads/SquidneyKnits/873342762/IMG_0168_2_small.jpg', 'flickr_url': None, 'shelved_url': 'https://images4-g.ravelrycache.com/uploads/SquidneyKnits/873342762/IMG_0168_2_shelved.jpg', 'medium2_url': 'https://images4-a.ravelrycache.com/uploads/SquidneyKnits/873342762/IMG_0168_2_medium2.jpg', 'small2_url': 'https://images4-g.ravelrycache.com/uploads/SquidneyKnits/873342762/IMG_0168_2_small2.jpg', 'caption': None, 'caption_html': None, 'copyright_holder': None}, {'id': 123075444, 'sort_order': 3, 'user_id': 676995, 'x_offset': -35, 'y_offset': -5, 'square_url': 'https://images4-f.ravelrycache.com/uploads/SquidneyKnits/938028096/IMG_9614_square.jpeg', 'medium_url': 'https://images4-f.ravelrycache.com/uploads/SquidneyKnits/938028096/IMG_9614_medium.jpeg', 'thumbnail_url': 'https://images4-f.ravelrycache.com/uploads/SquidneyKnits/938028096/IMG_9614_thumbnail.jpeg', 'small_url': 'https://images4-f.ravelrycache.com/uploads/SquidneyKnits/938028096/IMG_9614_small.jpeg', 'flickr_url': None, 'shelved_url': 'https://images4-f.ravelrycache.com/uploads/SquidneyKnits/938028096/IMG_9614_shelved.jpeg', 'medium2_url': 'https://images4-a.ravelrycache.com/uploads/SquidneyKnits/938028096/IMG_9614_medium2.jpeg', 'small2_url': 'https://images4-g.ravelrycache.com/uploads/SquidneyKnits/938028096/IMG_9614_small2.jpeg', 'caption': None, 'caption_html': None, 'copyright_holder': None}, {'id': 115071312, 'sort_order': 4, 'user_id': 676995, 'x_offset': -7, 'y_offset': -11, 'square_url': 'https://images4-f.ravelrycache.com/uploads/SquidneyKnits/873342707/IMG_0371_square.jpeg', 'medium_url': 'https://images4-f.ravelrycache.com/uploads/SquidneyKnits/873342707/IMG_0371_medium.jpeg', 'thumbnail_url': 'https://images4-g.ravelrycache.com/uploads/SquidneyKnits/873342707/IMG_0371_thumbnail.jpeg', 'small_url': 'https://images4-g.ravelrycache.com/uploads/SquidneyKnits/873342707/IMG_0371_small.jpeg', 'flickr_url': None, 'shelved_url': 'https://images4-g.ravelrycache.com/uploads/SquidneyKnits/873342707/IMG_0371_shelved.jpeg', 'medium2_url': 'https://images4-a.ravelrycache.com/uploads/SquidneyKnits/873342707/IMG_0371_medium2.jpeg', 'small2_url': 'https://images4-g.ravelrycache.com/uploads/SquidneyKnits/873342707/IMG_0371_small2.jpeg', 'caption': None, 'caption_html': None, 'copyright_holder': None}, {'id': 115071313, 'sort_order': 5, 'user_id': 676995, 'x_offset': -7, 'y_offset': -21, 'square_url': 'https://images4-f.ravelrycache.com/uploads/SquidneyKnits/873342759/IMG_0311_square.jpg', 'medium_url': 'https://images4-g.ravelrycache.com/uploads/SquidneyKnits/873342759/IMG_0311_medium.jpg', 'thumbnail_url': 'https://images4-g.ravelrycache.com/uploads/SquidneyKnits/873342759/IMG_0311_thumbnail.jpg', 'small_url': 'https://images4-g.ravelrycache.com/uploads/SquidneyKnits/873342759/IMG_0311_small.jpg', 'flickr_url': None, 'shelved_url': 'https://images4-f.ravelrycache.com/uploads/SquidneyKnits/873342759/IMG_0311_shelved.jpg', 'medium2_url': 'https://images4-a.ravelrycache.com/uploads/SquidneyKnits/873342759/IMG_0311_medium2.jpg', 'small2_url': 'https://images4-f.ravelrycache.com/uploads/SquidneyKnits/873342759/IMG_0311_small2.jpg', 'caption': None, 'caption_html': None, 'copyright_holder': None}, {'id': 123075445, 'sort_order': 6, 'user_id': 676995, 'x_offset': -35, 'y_offset': -5, 'square_url': 'https://images4-f.ravelrycache.com/uploads/SquidneyKnits/938028097/IMG_9594_square.jpeg', 'medium_url': 'https://images4-f.ravelrycache.com/uploads/SquidneyKnits/938028097/IMG_9594_medium.jpeg', 'thumbnail_url': 'https://images4-g.ravelrycache.com/uploads/SquidneyKnits/938028097/IMG_9594_thumbnail.jpeg', 'small_url': 'https://images4-f.ravelrycache.com/uploads/SquidneyKnits/938028097/IMG_9594_small.jpeg', 'flickr_url': None, 'shelved_url': 'https://images4-g.ravelrycache.com/uploads/SquidneyKnits/938028097/IMG_9594_shelved.jpeg', 'medium2_url': 'https://images4-a.ravelrycache.com/uploads/SquidneyKnits/938028097/IMG_9594_medium2.jpeg', 'small2_url': 'https://images4-g.ravelrycache.com/uploads/SquidneyKnits/938028097/IMG_9594_small2.jpeg', 'caption': None, 'caption_html': None, 'copyright_holder': None}, {'id': 115071314, 'sort_order': 7, 'user_id': 676995, 'x_offset': -5, 'y_offset': -13, 'square_url': 'https://images4-f.ravelrycache.com/uploads/SquidneyKnits/873342760/IMG_0450_square.jpeg', 'medium_url': 'https://images4-f.ravelrycache.com/uploads/SquidneyKnits/873342760/IMG_0450_medium.jpeg', 'thumbnail_url': 'https://images4-g.ravelrycache.com/uploads/SquidneyKnits/873342760/IMG_0450_thumbnail.jpeg', 'small_url': 'https://images4-g.ravelrycache.com/uploads/SquidneyKnits/873342760/IMG_0450_small.jpeg', 'flickr_url': None, 'shelved_url': 'https://images4-g.ravelrycache.com/uploads/SquidneyKnits/873342760/IMG_0450_shelved.jpeg', 'medium2_url': 'https://images4-a.ravelrycache.com/uploads/SquidneyKnits/873342760/IMG_0450_medium2.jpeg', 'small2_url': 'https://images4-g.ravelrycache.com/uploads/SquidneyKnits/873342760/IMG_0450_small2.jpeg', 'caption': None, 'caption_html': None, 'copyright_holder': None}, {'id': 115071315, 'sort_order': 8, 'user_id': 676995, 'x_offset': -6, 'y_offset': -32, 'square_url': 'https://images4-g.ravelrycache.com/uploads/SquidneyKnits/873342766/IMG_0172_square.jpg', 'medium_url': 'https://images4-f.ravelrycache.com/uploads/SquidneyKnits/873342766/IMG_0172_medium.jpg', 'thumbnail_url': 'https://images4-g.ravelrycache.com/uploads/SquidneyKnits/873342766/IMG_0172_thumbnail.jpg', 'small_url': 'https://images4-g.ravelrycache.com/uploads/SquidneyKnits/873342766/IMG_0172_small.jpg', 'flickr_url': None, 'shelved_url': 'https://images4-f.ravelrycache.com/uploads/SquidneyKnits/873342766/IMG_0172_shelved.jpg', 'medium2_url': 'https://images4-a.ravelrycache.com/uploads/SquidneyKnits/873342766/IMG_0172_medium2.jpg', 'small2_url': 'https://images4-g.ravelrycache.com/uploads/SquidneyKnits/873342766/IMG_0172_small2.jpg', 'caption': None, 'caption_html': None, 'copyright_holder': None}]"
Blue,Quail Studio,1267552,https://www.ravelry.com/patterns/library/blue-13,False,https://images4-a.ravelrycache.com/uploads/LindaKnitter/871482145/Blue_1_medium2.jpg,Knitting,"['male', 'unisex', 'teen', 'adult', 'plus', 'ribbed', 'seamed', 'zipper', 'long-sleeve', 'set-in-sleeve', 'bottom-up', 'mock-turtleneck', 'positive-ease', 'written-pattern', 'cuffed-sleeve', 'worked-flat', 'schematic', 'collar']",22.0,0.0,True,4.0,Stockinette Stitch,pullover,DK,2,0.0,"32-34(36-38,40-42, 44-46, 48-50, 52-54)""  81-86 (91-97, 102-107, 112-117,132-137 122-127) cm","[{'id': 115073309, 'sort_order': 1, 'user_id': 71200, 'x_offset': 0, 'y_offset': -35, 'square_url': 'https://images4-g.ravelrycache.com/uploads/LindaKnitter/871482145/Blue_1_square.jpg', 'medium_url': 'https://images4-f.ravelrycache.com/uploads/LindaKnitter/871482145/Blue_1_medium.jpg', 'thumbnail_url': 'https://images4-g.ravelrycache.com/uploads/LindaKnitter/871482145/Blue_1_thumbnail.jpg', 'small_url': 'https://images4-g.ravelrycache.com/uploads/LindaKnitter/871482145/Blue_1_small.jpg', 'flickr_url': None, 'shelved_url': 'https://images4-f.ravelrycache.com/uploads/LindaKnitter/871482145/Blue_1_shelved.jpg', 'medium2_url': 'https://images4-a.ravelrycache.com/uploads/LindaKnitter/871482145/Blue_1_medium2.jpg', 'small2_url': 'https://images4-g.ravelrycache.com/uploads/LindaKnitter/871482145/Blue_1_small2.jpg', 'caption': None, 'caption_html': None, 'copyright_holder': '2022 Rowan Yarns'}, {'id': 115073310, 'sort_order': 2, 'user_id': 71200, 'x_offset': -6, 'y_offset': -78, 'square_url': 'https://images4-f.ravelrycache.com/uploads/LindaKnitter/871482146/Blue_2_square.jpg', 'medium_url': 'https://images4-g.ravelrycache.com/uploads/LindaKnitter/871482146/Blue_2_medium.jpg', 'thumbnail_url': 'https://images4-f.ravelrycache.com/uploads/LindaKnitter/871482146/Blue_2_thumbnail.jpg', 'small_url': 'https://images4-g.ravelrycache.com/uploads/LindaKnitter/871482146/Blue_2_small.jpg', 'flickr_url': None, 'shelved_url': 'https://images4-f.ravelrycache.com/uploads/LindaKnitter/871482146/Blue_2_shelved.jpg', 'medium2_url': 'https://images4-a.ravelrycache.com/uploads/LindaKnitter/871482146/Blue_2_medium2.jpg', 'small2_url': 'https://images4-f.ravelrycache.com/uploads/LindaKnitter/871482146/Blue_2_small2.jpg', 'caption': None, 'caption_html': None, 'copyright_holder': '2022 Rowan Yarns'}]"
Miko,Georgia Farrell,1267554,https://www.ravelry.com/patterns/library/miko,False,https://images4-a.ravelrycache.com/uploads/LindaKnitter/871602924/Miko_1_medium2.jpg,Knitting,"['male', 'unisex', 'teen', 'adult', 'plus', 'ribbed', 'textured', 'seamed', 'crew-neck', 'long-sleeve', 'set-in-sleeve', 'bottom-up', 'positive-ease', 'written-pattern', 'cuffed-sleeve', 'worked-flat', 'schematic']",21.0,3.4,True,4.0,pattern stitch,pullover,DK,10,3.1666666666666665,"32-34(36-38,40-42, 44-46, 48-50, 52-54)""  81-86 (91-97, 102-107, 112-117,132-137 122-127) cm","[{'id': 115073531, 'sort_order': 1, 'user_id': 71200, 'x_offset': -11, 'y_offset': 0, 'square_url': 'https://images4-g.ravelrycache.com/uploads/LindaKnitter/871602924/Miko_1_square.jpg', 'medium_url': 'https://images4-f.ravelrycache.com/uploads/LindaKnitter/871602924/Miko_1_medium.jpg', 'thumbnail_url': 'https://images4-f.ravelrycache.com/uploads/LindaKnitter/871602924/Miko_1_thumbnail.jpg', 'small_url': 'https://images4-f.ravelrycache.com/uploads/LindaKnitter/871602924/Miko_1_small_best_fit.jpg', 'flickr_url': None, 'shelved_url': 'https://images4-f.ravelrycache.com/uploads/LindaKnitter/871602924/Miko_1_shelved.jpg', 'medium2_url': 'https://images4-a.ravelrycache.com/uploads/LindaKnitter/871602924/Miko_1_medium2.jpg', 'small2_url': 'https://images4-g.ravelrycache.com/uploads/LindaKnitter/871602924/Miko_1_small2.jpg', 'caption': None, 'caption_html': None, 'copyright_holder': '2022 Rowan Yarns'}]"
Olaug,Arne & Carlos,1267637,https://www.ravelry.com/patterns/library/olaug-2,False,https://images4-a.ravelrycache.com/uploads/LindaKnitter/873393976/Olaug_5_medium2.jpg,Knitting,"['teen', 'adult', 'petite', 'plus', 'cables', 'ribbed', 'ballet-neck', 'long-sleeve', 'raglan-sleeve', 'seamless', 'bottom-up', 'positive-ease', 'chart', 'written-pattern', 'cuffed-sleeve', 'in-the-round', 'stripes-colorwork', 'schematic', 'male', 'female']",22.0,0.0,False,4.0,Stockinette Stitch,pullover,DK,3,0.0,"32-34(36-38,40-42, 44-46, 48-50, 52-54, 56-68, 60-62)""  81-86 (91-97, 102-107, 112-117,132-137 122-127, 142-47, 152-157)) cm","[{'id': 115077683, 'sort_order': 1, 'user_id': 71200, 'x_offset': -5, 'y_offset': -27, 'square_url': 'https://images4-f.ravelrycache.com/uploads/LindaKnitter/873393976/Olaug_5_square.jpg', 'medium_url': 'https://images4-g.ravelrycache.com/uploads/LindaKnitter/873393976/Olaug_5_medium.jpg', 'thumbnail_url': 'https://images4-f.ravelrycache.com/uploads/LindaKnitter/873393976/Olaug_5_thumbnail.jpg', 'small_url': 'https://images4-f.ravelrycache.com/uploads/LindaKnitter/873393976/Olaug_5_small.jpg', 'flickr_url': None, 'shelved_url': 'https://images4-g.ravelrycache.com/uploads/LindaKnitter/873393976/Olaug_5_shelved.jpg', 'medium2_url': 'https://images4-a.ravelrycache.com/uploads/LindaKnitter/873393976/Olaug_5_medium2.jpg', 'small2_url': 'https://images4-f.ravelrycache.com/uploads/LindaKnitter/873393976/Olaug_5_small2.jpg', 'caption': None, 'caption_html': None, 'copyright_holder': '2022 Rowan Yarns'}, {'id': 115077684, 'sort_order': 2, 'user_id': 71200, 'x_offset': -4, 'y_offset': -22, 'square_url': 'https://images4-g.ravelrycache.com/uploads/LindaKnitter/873393975/Olaug_4_square.jpg', 'medium_url': 'https://images4-f.ravelrycache.com/uploads/LindaKnitter/873393975/Olaug_4_medium.jpg', 'thumbnail_url': 'https://images4-g.ravelrycache.com/uploads/LindaKnitter/873393975/Olaug_4_thumbnail.jpg', 'small_url': 'https://images4-g.ravelrycache.com/uploads/LindaKnitter/873393975/Olaug_4_small.jpg', 'flickr_url': None, 'shelved_url': 'https://images4-f.ravelrycache.com/uploads/LindaKnitter/873393975/Olaug_4_shelved.jpg', 'medium2_url': 'https://images4-a.ravelrycache.com/uploads/LindaKnitter/873393975/Olaug_4_medium2.jpg', 'small2_url': 'https://images4-g.ravelrycache.com/uploads/LindaKnitter/873393975/Olaug_4_small2.jpg', 'caption': None, 'caption_html': None, 'copyright_holder': '2022 Rowan Yarns'}]"
Linden Sweater for Babies,Debra Kinsey Knits,1267687,https://www.ravelry.com/patterns/library/linden-sweater-for-babies,False,https://images4-g.ravelrycache.com/uploads/Jesscat/873433820/linden-baby-sweater-stripe-sleeves-pockets-alpaca_square_medium2.jpg,Knitting,"['unisex', 'baby', 'pockets', 'seamed', 'henley-neck', 'bottom-up', 'positive-ease', 'written-pattern', 'drop-sleeve', 'worked-flat', 'stripes-colorwork']",22.0,0.0,True,4.0,stocking stitch,baby,DK,6,0.0,"To fit baby (approx age) 0 (3, 6, 9, 12) months","[{'id': 115082807, 'sort_order': 1, 'user_id': 116258, 'x_offset': 0, 'y_offset': 0, 'square_url': 'https://images4-f.ravelrycache.com/uploads/Jesscat/873433820/linden-baby-sweater-stripe-sleeves-pockets-alpaca_square_square.jpg', 'medium_url': 'https://images4-g.ravelrycache.com/uploads/Jesscat/873433820/linden-baby-sweater-stripe-sleeves-pockets-alpaca_square_medium.jpg', 'thumbnail_url': 'https://images4-f.ravelrycache.com/uploads/Jesscat/873433820/linden-baby-sweater-stripe-sleeves-pockets-alpaca_square_thumbnail.jpg', 'small_url': 'https://images4-g.ravelrycache.com/uploads/Jesscat/873433820/linden-baby-sweater-stripe-sleeves-pockets-alpaca_square_small_best_fit.jpg', 'flickr_url': None, 'shelved_url': 'https://images4-f.ravelrycache.com/uploads/Jesscat/873433820/linden-baby-sweater-stripe-sleeves-pockets-alpaca_square_shelved.jpg', 'medium2_url': 'https://images4-g.ravelrycache.com/uploads/Jesscat/873433820/linden-baby-sweater-stripe-sleeves-pockets-alpaca_square_medium2.jpg', 'small2_url': 'https://images4-f.ravelrycache.com/uploads/Jesscat/873433820/linden-baby-sweater-stripe-sleeves-pockets-alpaca_square_small2.jpg', 'caption': None, 'caption_html': None, 'copyright_holder': 'Debra Kinsey Knits'}, {'id': 115588887, 'sort_order': 2, 'user_id': 116258, 'x_offset': 0, 'y_offset': 0, 'square_url': 'https://images4-f.ravelrycache.com/uploads/Jesscat/877484269/IMG_0233_square_PS_square.jpg', 'medium_url': 'https://images4-g.ravelrycache.com/uploads/Jesscat/877484269/IMG_0233_square_PS_medium.jpg', 'thumbnail_url': 'https://images4-g.ravelrycache.com/uploads/Jesscat/877484269/IMG_0233_square_PS_thumbnail.jpg', 'small_url': 'https://images4-g.ravelrycache.com/uploads/Jesscat/877484269/IMG_0233_square_PS_small_best_fit.jpg', 'flickr_url': None, 'shelved_url': 'https://images4-g.ravelrycache.com/uploads/Jesscat/877484269/IMG_0233_square_PS_shelved.jpg', 'medium2_url': 'https://images4-f.ravelrycache.com/uploads/Jesscat/877484269/IMG_0233_square_PS_medium2.jpg', 'small2_url': 'https://images4-f.ravelrycache.com/uploads/Jesscat/877484269/IMG_0233_square_PS_small2.jpg', 'caption': None, 'caption_html': None, 'copyright_holder': None}, {'id': 115082809, 'sort_order': 3, 'user_id': 116258, 'x_offset': 0, 'y_offset': 0, 'square_url': 'https://images4-g.ravelrycache.com/uploads/Jesscat/873432945/linden-baby-sweater-silver-cream-autumn-leaves_square.jpg', 'medium_url': 'https://images4-f.ravelrycache.com/uploads/Jesscat/873432945/linden-baby-sweater-silver-cream-autumn-leaves_medium.jpg', 'thumbnail_url': 'https://images4-f.ravelrycache.com/uploads/Jesscat/873432945/linden-baby-sweater-silver-cream-autumn-leaves_thumbnail.jpg', 'small_url': 'https://images4-f.ravelrycache.com/uploads/Jesscat/873432945/linden-baby-sweater-silver-cream-autumn-leaves_small_best_fit.jpg', 'flickr_url': None, 'shelved_url': 'https://images4-f.ravelrycache.com/uploads/Jesscat/873432945/linden-baby-sweater-silver-cream-autumn-leaves_shelved.jpg', 'medium2_url': 'https://images4-a.ravelrycache.com/uploads/Jesscat/873432945/linden-baby-sweater-silver-cream-autumn-leaves_medium2.jpg', 'small2_url': 'https://images4-g.ravelrycache.com/uploads/Jesscat/873432945/linden-baby-sweater-silver-cream-autumn-leaves_small2.jpg', 'caption': None, 'caption_html': None, 'copyright_holder': 'Debra Kinsey Knits'}, {'id': 115082806, 'sort_order': 4, 'user_id': 116258, 'x_offset': 0, 'y_offset': 0, 'square_url': 'https://images4-f.ravelrycache.com/uploads/Jesscat/873434279/linden-baby-sweater-handknit-alpaca-sliver-cream-pockets-square_square.jpg', 'medium_url': 'https://images4-g.ravelrycache.com/uploads/Jesscat/873434279/linden-baby-sweater-handknit-alpaca-sliver-cream-pockets-square_medium.jpg', 'thumbnail_url': 'https://images4-g.ravelrycache.com/uploads/Jesscat/873434279/linden-baby-sweater-handknit-alpaca-sliver-cream-pockets-square_thumbnail.jpg', 'small_url': 'https://images4-g.ravelrycache.com/uploads/Jesscat/873434279/linden-baby-sweater-handknit-alpaca-sliver-cream-pockets-square_small_best_fit.jpg', 'flickr_url': None, 'shelved_url': 'https://images4-f.ravelrycache.com/uploads/Jesscat/873434279/linden-baby-sweater-handknit-alpaca-sliver-cream-pockets-square_shelved.jpg', 'medium2_url': 'https://images4-a.ravelrycache.com/uploads/Jesscat/873434279/linden-baby-sweater-handknit-alpaca-sliver-cream-pockets-square_medium2.jpg', 'small2_url': 'https://images4-f.ravelrycache.com/uploads/Jesscat/873434279/linden-baby-sweater-handknit-alpaca-sliver-cream-pockets-square_small2.jpg', 'caption': None, 'caption_html': None, 'copyright_holder': 'Debra Kinsey Knits'}, {'id': 115082808, 'sort_order': 5, 'user_id': 116258, 'x_offset': 0, 'y_offset': 0, 'square_url': 'https://images4-g.ravelrycache.com/uploads/Jesscat/873433576/linden-baby-sweater-stack-silver-cream__square_square.jpg', 'medium_url': 'https://images4-f.ravelrycache.com/uploads/Jesscat/873433576/linden-baby-sweater-stack-silver-cream__square_medium.jpg', 'thumbnail_url': 'https://images4-f.ravelrycache.com/uploads/Jesscat/873433576/linden-baby-sweater-stack-silver-cream__square_thumbnail.jpg', 'small_url': 'https://images4-f.ravelrycache.com/uploads/Jesscat/873433576/linden-baby-sweater-stack-silver-cream__square_small_best_fit.jpg', 'flickr_url': None, 'shelved_url': 'https://images4-f.ravelrycache.com/uploads/Jesscat/873433576/linden-baby-sweater-stack-silver-cream__square_shelved.jpg', 'medium2_url': 'https://images4-g.ravelrycache.com/uploads/Jesscat/873433576/linden-baby-sweater-stack-silver-cream__square_medium2.jpg', 'small2_url': 'https://images4-g.ravelrycache.com/uploads/Jesscat/873433576/linden-baby-sweater-stack-silver-cream__square_small2.jpg', 'caption': None, 'caption_html': None, 'copyright_holder': 'Debra Kinsey Knits'}, {'id': 115082810, 'sort_order': 6, 'user_id': 116258, 'x_offset': 0, 'y_offset': -43, 'square_url': 'https://images4-g.ravelrycache.com/uploads/Jesscat/873434004/linden-baby-sweater-set-of-three-handknits_square_square.jpg', 'medium_url': 'https://images4-f.ravelrycache.com/uploads/Jesscat/873434004/linden-baby-sweater-set-of-three-handknits_square_medium.jpg', 'thumbnail_url': 'https://images4-f.ravelrycache.com/uploads/Jesscat/873434004/linden-baby-sweater-set-of-three-handknits_square_thumbnail.jpg', 'small_url': 'https://images4-g.ravelrycache.com/uploads/Jesscat/873434004/linden-baby-sweater-set-of-three-handknits_square_small_best_fit.jpg', 'flickr_url': None, 'shelved_url': 'https://images4-f.ravelrycache.com/uploads/Jesscat/873434004/linden-baby-sweater-set-of-three-handknits_square_shelved.jpg', 'medium2_url': 'https://images4-g.ravelrycache.com/uploads/Jesscat/873434004/linden-baby-sweater-set-of-three-handknits_square_medium2.jpg', 'small2_url': 'https://images4-g.ravelrycache.com/uploads/Jesscat/873434004/linden-baby-sweater-set-of-three-handknits_square_small2.jpg', 'caption': None, 'caption_html': None, 'copyright_holder': 'Debra Kinsey Knits'}, {'id': 115082811, 'sort_order': 7, 'user_id': 116258, 'x_offset': -103, 'y_offset': -3, 'square_url': 'https://images4-g.ravelrycache.com/uploads/Jesscat/873432940/linden-baby-sweater-set-of-three-handknits_square.jpg', 'medium_url': 'https://images4-f.ravelrycache.com/uploads/Jesscat/873432940/linden-baby-sweater-set-of-three-handknits_medium.jpg', 'thumbnail_url': 'https://images4-g.ravelrycache.com/uploads/Jesscat/873432940/linden-baby-sweater-set-of-three-handknits_thumbnail.jpg', 'small_url': 'https://images4-f.ravelrycache.com/uploads/Jesscat/873432940/linden-baby-sweater-set-of-three-handknits_small_best_fit.jpg', 'flickr_url': None, 'shelved_url': 'https://images4-f.ravelrycache.com/uploads/Jesscat/873432940/linden-baby-sweater-set-of-three-handknits_shelved.jpg', 'medium2_url': 'https://images4-a.ravelrycache.com/uploads/Jesscat/873432940/linden-baby-sweater-set-of-three-handknits_medium2.jpg', 'small2_url': 'https://images4-g.ravelrycache.com/uploads/Jesscat/873432940/linden-baby-sweater-set-of-three-handknits_small2.jpg', 'caption': None, 'caption_html': None, 'copyright_holder': 'Debra Kinsey Knits'}, {'id': 115082812, 'sort_order': 8, 'user_id': 116258, 'x_offset': 0, 'y_offset': 0, 'square_url': 'https://images4-f.ravelrycache.com/uploads/Jesscat/873432946/linden-baby-sweater-alpaca-cream-silver-pockets_square.jpg', 'medium_url': 'https://images4-g.ravelrycache.com/uploads/Jesscat/873432946/linden-baby-sweater-alpaca-cream-silver-pockets_medium.jpg', 'thumbnail_url': 'https://images4-f.ravelrycache.com/uploads/Jesscat/873432946/linden-baby-sweater-alpaca-cream-silver-pockets_thumbnail.jpg', 'small_url': 'https://images4-f.ravelrycache.com/uploads/Jesscat/873432946/linden-baby-sweater-alpaca-cream-silver-pockets_small_best_fit.jpg', 'flickr_url': None, 'shelved_url': 'https://images4-f.ravelrycache.com/uploads/Jesscat/873432946/linden-baby-sweater-alpaca-cream-silver-pockets_shelved.jpg', 'medium2_url': 'https://images4-a.ravelrycache.com/uploads/Jesscat/873432946/linden-baby-sweater-alpaca-cream-silver-pockets_medium2.jpg', 'small2_url': 'https://images4-f.ravelrycache.com/uploads/Jesscat/873432946/linden-baby-sweater-alpaca-cream-silver-pockets_small2.jpg', 'caption': None, 'caption_html': None, 'copyright_holder': 'Debra Kinsey Knits'}, {'id': 115082813, 'sort_order': 9, 'user_id': 116258, 'x_offset': 0, 'y_offset': 0, 'square_url': 'https://images4-f.ravelrycache.com/uploads/Jesscat/873433300/linden-handknit-sweater-alpaca-silver-cream-classic_square.jpg', 'medium_url': 'https://images4-g.ravelrycache.com/uploads/Jesscat/873433300/linden-handknit-sweater-alpaca-silver-cream-classic_medium.jpg', 'thumbnail_url': 'https://images4-f.ravelrycache.com/uploads/Jesscat/873433300/linden-handknit-sweater-alpaca-silver-cream-classic_thumbnail.jpg', 'small_url': 'https://images4-g.ravelrycache.com/uploads/Jesscat/873433300/linden-handknit-sweater-alpaca-silver-cream-classic_small_best_fit.jpg', 'flickr_url': None, 'shelved_url': 'https://images4-g.ravelrycache.com/uploads/Jesscat/873433300/linden-handknit-sweater-alpaca-silver-cream-classic_shelved.jpg', 'medium2_url': 'https://images4-a.ravelrycache.com/uploads/Jesscat/873433300/linden-handknit-sweater-alpaca-silver-cream-classic_medium2.jpg', 'small2_url': 'https://images4-f.ravelrycache.com/uploads/Jesscat/873433300/linden-handknit-sweater-alpaca-silver-cream-classic_small2.jpg', 'caption': None, 'caption_html': None, 'copyright_holder': 'Debra Kinsey Knits'}]"
Autumn Forager,Jennifer Brou,1267722,https://www.ravelry.com/patterns/library/autumn-forager,False,https://images4-a.ravelrycache.com/uploads/lainemagazine/872990556/H6gb6e1w_medium2.jpeg,Knitting,"['textured', 'seamless', 'top-down', 'written-pattern', 'in-the-round', 'slipped-stitches', 'stripes-colorwork', 'schematic']",26.0,3.0,True,4.0,"on US 3 / 3.25 mm needles in St S in the rnd, after blocking.",pullover,Sport,30,4.6,"1 (2, 3, 4, 5) (6, 7, 8, 9) (10, 11)","[{'id': 115084724, 'sort_order': 1, 'user_id': 6870824, 'x_offset': 0, 'y_offset': -69, 'square_url': 'https://images4-g.ravelrycache.com/uploads/lainemagazine/872990556/H6gb6e1w_square.jpeg', 'medium_url': 'https://images4-g.ravelrycache.com/uploads/lainemagazine/872990556/H6gb6e1w_medium.jpeg', 'thumbnail_url': 'https://images4-g.ravelrycache.com/uploads/lainemagazine/872990556/H6gb6e1w_thumbnail.jpeg', 'small_url': 'https://images4-f.ravelrycache.com/uploads/lainemagazine/872990556/H6gb6e1w_small_best_fit.jpeg', 'flickr_url': None, 'shelved_url': 'https://images4-f.ravelrycache.com/uploads/lainemagazine/872990556/H6gb6e1w_shelved.jpeg', 'medium2_url': 'https://images4-a.ravelrycache.com/uploads/lainemagazine/872990556/H6gb6e1w_medium2.jpeg', 'small2_url': 'https://images4-f.ravelrycache.com/uploads/lainemagazine/872990556/H6gb6e1w_small2.jpeg', 'caption': None, 'caption_html': None, 'copyright_holder': 'Laine Publishing'}, {'id': 115084725, 'sort_order': 2, 'user_id': 6870824, 'x_offset': 0, 'y_offset': -43, 'square_url': 'https://images4-f.ravelrycache.com/uploads/lainemagazine/872990538/EiZ6vs9A_square.jpeg', 'medium_url': 'https://images4-f.ravelrycache.com/uploads/lainemagazine/872990538/EiZ6vs9A_medium.jpeg', 'thumbnail_url': 'https://images4-f.ravelrycache.com/uploads/lainemagazine/872990538/EiZ6vs9A_thumbnail.jpeg', 'small_url': 'https://images4-f.ravelrycache.com/uploads/lainemagazine/872990538/EiZ6vs9A_small_best_fit.jpeg', 'flickr_url': None, 'shelved_url': 'https://images4-g.ravelrycache.com/uploads/lainemagazine/872990538/EiZ6vs9A_shelved.jpeg', 'medium2_url': 'https://images4-a.ravelrycache.com/uploads/lainemagazine/872990538/EiZ6vs9A_medium2.jpeg', 'small2_url': 'https://images4-g.ravelrycache.com/uploads/lainemagazine/872990538/EiZ6vs9A_small2.jpeg', 'caption': None, 'caption_html': None, 'copyright_holder': 'Laine Publishing'}, {'id': 115084726, 'sort_order': 3, 'user_id': 6870824, 'x_offset': 0, 'y_offset': -66, 'square_url': 'https://images4-f.ravelrycache.com/uploads/lainemagazine/872990541/8FHT6Hao-2_square.jpeg', 'medium_url': 'https://images4-f.ravelrycache.com/uploads/lainemagazine/872990541/8FHT6Hao-2_medium.jpeg', 'thumbnail_url': 'https://images4-f.ravelrycache.com/uploads/lainemagazine/872990541/8FHT6Hao-2_thumbnail.jpeg', 'small_url': 'https://images4-g.ravelrycache.com/uploads/lainemagazine/872990541/8FHT6Hao-2_small_best_fit.jpeg', 'flickr_url': None, 'shelved_url': 'https://images4-g.ravelrycache.com/uploads/lainemagazine/872990541/8FHT6Hao-2_shelved.jpeg', 'medium2_url': 'https://images4-a.ravelrycache.com/uploads/lainemagazine/872990541/8FHT6Hao-2_medium2.jpeg', 'small2_url': 'https://images4-g.ravelrycache.com/uploads/lainemagazine/872990541/8FHT6Hao-2_small2.jpeg', 'caption': None, 'caption_html': None, 'copyright_holder': 'Laine Publishing'}, {'id': 115084727, 'sort_order': 4, 'user_id': 6870824, 'x_offset': 0, 'y_offset': -43, 'square_url': 'https://images4-f.ravelrycache.com/uploads/lainemagazine/872990539/muT99Nhs-2_square.jpeg', 'medium_url': 'https://images4-f.ravelrycache.com/uploads/lainemagazine/872990539/muT99Nhs-2_medium.jpeg', 'thumbnail_url': 'https://images4-g.ravelrycache.com/uploads/lainemagazine/872990539/muT99Nhs-2_thumbnail.jpeg', 'small_url': 'https://images4-f.ravelrycache.com/uploads/lainemagazine/872990539/muT99Nhs-2_small_best_fit.jpeg', 'flickr_url': None, 'shelved_url': 'https://images4-f.ravelrycache.com/uploads/lainemagazine/872990539/muT99Nhs-2_shelved.jpeg', 'medium2_url': 'https://images4-a.ravelrycache.com/uploads/lainemagazine/872990539/muT99Nhs-2_medium2.jpeg', 'small2_url': 'https://images4-g.ravelrycache.com/uploads/lainemagazine/872990539/muT99Nhs-2_small2.jpeg', 'caption': None, 'caption_html': None, 'copyright_holder': 'Laine Publishing'}, {'id': 115084728, 'sort_order': 5, 'user_id': 6870824, 'x_offset': -43, 'y_offset': 0, 'square_url': 'https://images4-f.ravelrycache.com/uploads/lainemagazine/872990551/LMhiu3qg_square.jpeg', 'medium_url': 'https://images4-f.ravelrycache.com/uploads/lainemagazine/872990551/LMhiu3qg_medium.jpeg', 'thumbnail_url': 'https://images4-f.ravelrycache.com/uploads/lainemagazine/872990551/LMhiu3qg_thumbnail.jpeg', 'small_url': 'https://images4-g.ravelrycache.com/uploads/lainemagazine/872990551/LMhiu3qg_small_best_fit.jpeg', 'flickr_url': None, 'shelved_url': 'https://images4-f.ravelrycache.com/uploads/lainemagazine/872990551/LMhiu3qg_shelved.jpeg', 'medium2_url': 'https://images4-a.ravelrycache.com/uploads/lainemagazine/872990551/LMhiu3qg_medium2.jpeg', 'small2_url': 'https://images4-g.ravelrycache.com/uploads/lainemagazine/872990551/LMhiu3qg_small2.jpeg', 'caption': None, 'caption_html': None, 'copyright_holder': 'Laine Publishing'}, {'id': 115084729, 'sort_order': 6, 'user_id': 6870824, 'x_offset': 0, 'y_offset': 0, 'square_url': 'https://images4-g.ravelrycache.com/uploads/lainemagazine/873449541/AutumnForager_square.jpg', 'medium_url': 'https://images4-f.ravelrycache.com/uploads/lainemagazine/873449541/AutumnForager_medium.jpg', 'thumbnail_url': 'https://images4-g.ravelrycache.com/uploads/lainemagazine/873449541/AutumnForager_thumbnail.jpg', 'small_url': 'https://images4-g.ravelrycache.com/uploads/lainemagazine/873449541/AutumnForager_small_best_fit.jpg', 'flickr_url': None, 'shelved_url': 'https://images4-g.ravelrycache.com/uploads/lainemagazine/873449541/AutumnForager_shelved.jpg', 'medium2_url': 'https://images4-a.ravelrycache.com/uploads/lainemagazine/873449541/AutumnForager_medium2.jpg', 'small2_url': 'https://images4-g.ravelrycache.com/uploads/lainemagazine/873449541/AutumnForager_small2.jpg', 'caption': None, 'caption_html': None, 'copyright_holder': 'Irina Kauppinen'}]"
Hiemalis,saskie&co,1267728,https://www.ravelry.com/patterns/library/hiemalis,False,https://images4-a.ravelrycache.com/uploads/lainemagazine/872997532/LHG6miTA_medium2.jpeg,Knitting,"['straight', 'stranded', 'seamless', 'top-down', 'positive-ease', 'chart', 'written-pattern', 'cropped', 'in-the-round', 'schematic', 'circular-yoke']",24.0,7.25,True,4.0,"in St St, after blocking.",pullover,Sport,17,4.0,"1 (2, 3, 4, 5) (6, 7, 8, 9) (10)","[{'id': 115084806, 'sort_order': 1, 'user_id': 6870824, 'x_offset': -43, 'y_offset': 0, 'square_url': 'https://images4-f.ravelrycache.com/uploads/lainemagazine/872997532/LHG6miTA_square.jpeg', 'medium_url': 'https://images4-f.ravelrycache.com/uploads/lainemagazine/872997532/LHG6miTA_medium.jpeg', 'thumbnail_url': 'https://images4-g.ravelrycache.com/uploads/lainemagazine/872997532/LHG6miTA_thumbnail.jpeg', 'small_url': 'https://images4-f.ravelrycache.com/uploads/lainemagazine/872997532/LHG6miTA_small_best_fit.jpeg', 'flickr_url': None, 'shelved_url': 'https://images4-g.ravelrycache.com/uploads/lainemagazine/872997532/LHG6miTA_shelved.jpeg', 'medium2_url': 'https://images4-a.ravelrycache.com/uploads/lainemagazine/872997532/LHG6miTA_medium2.jpeg', 'small2_url': 'https://images4-g.ravelrycache.com/uploads/lainemagazine/872997532/LHG6miTA_small2.jpeg', 'caption': None, 'caption_html': None, 'copyright_holder': 'Laine Publishing'}, {'id': 115084807, 'sort_order': 2, 'user_id': 6870824, 'x_offset': 0, 'y_offset': -67, 'square_url': 'https://images4-f.ravelrycache.com/uploads/lainemagazine/872997536/W7wW9CmU_square.jpeg', 'medium_url': 'https://images4-f.ravelrycache.com/uploads/lainemagazine/872997536/W7wW9CmU_medium.jpeg', 'thumbnail_url': 'https://images4-f.ravelrycache.com/uploads/lainemagazine/872997536/W7wW9CmU_thumbnail.jpeg', 'small_url': 'https://images4-g.ravelrycache.com/uploads/lainemagazine/872997536/W7wW9CmU_small_best_fit.jpeg', 'flickr_url': None, 'shelved_url': 'https://images4-f.ravelrycache.com/uploads/lainemagazine/872997536/W7wW9CmU_shelved.jpeg', 'medium2_url': 'https://images4-a.ravelrycache.com/uploads/lainemagazine/872997536/W7wW9CmU_medium2.jpeg', 'small2_url': 'https://images4-g.ravelrycache.com/uploads/lainemagazine/872997536/W7wW9CmU_small2.jpeg', 'caption': None, 'caption_html': None, 'copyright_holder': 'Laine Publishing'}, {'id': 138233965, 'sort_order': 3, 'user_id': 7858280, 'x_offset': -1, 'y_offset': -86, 'square_url': 'https://images4-g.ravelrycache.com/uploads/saskieco/1060538355/UZIG6132_square.JPG', 'medium_url': 'https://images4-f.ravelrycache.com/uploads/saskieco/1060538355/UZIG6132_medium.JPG', 'thumbnail_url': 'https://images4-g.ravelrycache.com/uploads/saskieco/1060538355/UZIG6132_thumbnail.JPG', 'small_url': 'https://images4-g.ravelrycache.com/uploads/saskieco/1060538355/UZIG6132_small_best_fit.JPG', 'flickr_url': None, 'shelved_url': 'https://images4-g.ravelrycache.com/uploads/saskieco/1060538355/UZIG6132_shelved.JPG', 'medium2_url': 'https://images4-a.ravelrycache.com/uploads/saskieco/1060538355/UZIG6132_medium2.JPG', 'small2_url': 'https://images4-g.ravelrycache.com/uploads/saskieco/1060538355/UZIG6132_small2.JPG', 'caption': None, 'caption_html': None, 'copyright_holder': None}, {'id': 138233984, 'sort_order': 4, 'user_id': 7858280, 'x_offset': 0, 'y_offset': -66, 'square_url': 'https://images4-f.ravelrycache.com/uploads/saskieco/1060538536/AELR9310_square.JPG', 'medium_url': 'https://images4-g.ravelrycache.com/uploads/saskieco/1060538536/AELR9310_medium.JPG', 'thumbnail_url': 'https://images4-f.ravelrycache.com/uploads/saskieco/1060538536/AELR9310_thumbnail.JPG', 'small_url': 'https://images4-f.ravelrycache.com/uploads/saskieco/1060538536/AELR9310_small_best_fit.JPG', 'flickr_url': None, 'shelved_url': 'https://images4-f.ravelrycache.com/uploads/saskieco/1060538536/AELR9310_shelved.JPG', 'medium2_url': 'https://images4-a.ravelrycache.com/uploads/saskieco/1060538536/AELR9310_medium2.JPG', 'small2_url': 'https://images4-f.ravelrycache.com/uploads/saskieco/1060538536/AELR9310_small2.JPG', 'caption': None, 'caption_html': None, 'copyright_holder': None}, {'id': 138234001, 'sort_order': 5, 'user_id': 7858280, 'x_offset': 0, 'y_offset': -131, 'square_url': 'https://images4-g.ravelrycache.com/uploads/saskieco/1060538612/WWXJ0615_square.JPG', 'medium_url': 'https://images4-f.ravelrycache.com/uploads/saskieco/1060538612/WWXJ0615_medium.JPG', 'thumbnail_url': 'https://images4-f.ravelrycache.com/uploads/saskieco/1060538612/WWXJ0615_thumbnail.JPG', 'small_url': 'https://images4-f.ravelrycache.com/uploads/saskieco/1060538612/WWXJ0615_small_best_fit.JPG', 'flickr_url': None, 'shelved_url': 'https://images4-g.ravelrycache.com/uploads/saskieco/1060538612/WWXJ0615_shelved.JPG', 'medium2_url': 'https://images4-a.ravelrycache.com/uploads/saskieco/1060538612/WWXJ0615_medium2.JPG', 'small2_url': 'https://images4-g.ravelrycache.com/uploads/saskieco/1060538612/WWXJ0615_small2.JPG', 'caption': None, 'caption_html': None, 'copyright_holder': None}, {'id': 137098847, 'sort_order': 6, 'user_id': 7858280, 'x_offset': -3, 'y_offset': -76, 'square_url': 'https://images4-g.ravelrycache.com/uploads/saskieco/1051369048/PIDP7741_square.JPG', 'medium_url': 'https://images4-f.ravelrycache.com/uploads/saskieco/1051369048/PIDP7741_medium.JPG', 'thumbnail_url': 'https://images4-g.ravelrycache.com/uploads/saskieco/1051369048/PIDP7741_thumbnail.JPG', 'small_url': 'https://images4-f.ravelrycache.com/uploads/saskieco/1051369048/PIDP7741_small_best_fit.JPG', 'flickr_url': None, 'shelved_url': 'https://images4-f.ravelrycache.com/uploads/saskieco/1051369048/PIDP7741_shelved.JPG', 'medium2_url': 'https://images4-a.ravelrycache.com/uploads/saskieco/1051369048/PIDP7741_medium2.JPG', 'small2_url': 'https://images4-g.ravelrycache.com/uploads/saskieco/1051369048/PIDP7741_small2.JPG', 'caption': None, 'caption_html': None, 'copyright_holder': None}, {'id': 137098879, 'sort_order': 7, 'user_id': 7858280, 'x_offset': 0, 'y_offset': -66, 'square_url': 'https://images4-f.ravelrycache.com/uploads/saskieco/1051369314/TYJJ6697_square.JPG', 'medium_url': 'https://images4-g.ravelrycache.com/uploads/saskieco/1051369314/TYJJ6697_medium.JPG', 'thumbnail_url': 'https://images4-g.ravelrycache.com/uploads/saskieco/1051369314/TYJJ6697_thumbnail.JPG', 'small_url': 'https://images4-g.ravelrycache.com/uploads/saskieco/1051369314/TYJJ6697_small_best_fit.JPG', 'flickr_url': None, 'shelved_url': 'https://images4-g.ravelrycache.com/uploads/saskieco/1051369314/TYJJ6697_shelved.JPG', 'medium2_url': 'https://images4-a.ravelrycache.com/uploads/saskieco/1051369314/TYJJ6697_medium2.JPG', 'small2_url': 'https://images4-f.ravelrycache.com/uploads/saskieco/1051369314/TYJJ6697_small2.JPG', 'caption': None, 'caption_html': None, 'copyright_holder': None}, {'id': 115084808, 'sort_order': 8, 'user_id': 6870824, 'x_offset': 0, 'y_offset': -43, 'square_url': 'https://images4-g.ravelrycache.com/uploads/lainemagazine/872997535/PmWkvLvw_square.jpeg', 'medium_url': 'https://images4-g.ravelrycache.com/uploads/lainemagazine/872997535/PmWkvLvw_medium.jpeg', 'thumbnail_url': 'https://images4-g.ravelrycache.com/uploads/lainemagazine/872997535/PmWkvLvw_thumbnail.jpeg', 'small_url': 'https://images4-g.ravelrycache.com/uploads/lainemagazine/872997535/PmWkvLvw_small_best_fit.jpeg', 'flickr_url': None, 'shelved_url': 'https://images4-g.ravelrycache.com/uploads/lainemagazine/872997535/PmWkvLvw_shelved.jpeg', 'medium2_url': 'https://images4-a.ravelrycache.com/uploads/lainemagazine/872997535/PmWkvLvw_medium2.jpeg', 'small2_url': 'https://images4-f.ravelrycache.com/uploads/lainemagazine/872997535/PmWkvLvw_small2.jpeg', 'caption': None, 'caption_html': None, 'copyright_holder': 'Laine Publishing'}, {'id': 115084809, 'sort_order': 9, 'user_id': 6870824, 'x_offset': 0, 'y_offset': -43, 'square_url': 'https://images4-f.ravelrycache.com/uploads/lainemagazine/872997537/teaser_2_w_square.jpg', 'medium_url': 'https://images4-g.ravelrycache.com/uploads/lainemagazine/872997537/teaser_2_w_medium.jpg', 'thumbnail_url': 'https://images4-f.ravelrycache.com/uploads/lainemagazine/872997537/teaser_2_w_thumbnail.jpg', 'small_url': 'https://images4-f.ravelrycache.com/uploads/lainemagazine/872997537/teaser_2_w_small_best_fit.jpg', 'flickr_url': None, 'shelved_url': 'https://images4-g.ravelrycache.com/uploads/lainemagazine/872997537/teaser_2_w_shelved.jpg', 'medium2_url': 'https://images4-a.ravelrycache.com/uploads/lainemagazine/872997537/teaser_2_w_medium2.jpg', 'small2_url': 'https://images4-f.ravelrycache.com/uploads/lainemagazine/872997537/teaser_2_w_small2.jpg', 'caption': None, 'caption_html': None, 'copyright_holder': 'Laine Publishing'}, {'id': 115084810, 'sort_order': 10, 'user_id': 6870824, 'x_offset': -1, 'y_offset': -79, 'square_url': 'https://images4-g.ravelrycache.com/uploads/lainemagazine/872997529/tOW9xl3I_square.jpeg', 'medium_url': 'https://images4-g.ravelrycache.com/uploads/lainemagazine/872997529/tOW9xl3I_medium.jpeg', 'thumbnail_url': 'https://images4-f.ravelrycache.com/uploads/lainemagazine/872997529/tOW9xl3I_thumbnail.jpeg', 'small_url': 'https://images4-g.ravelrycache.com/uploads/lainemagazine/872997529/tOW9xl3I_small_best_fit.jpeg', 'flickr_url': None, 'shelved_url': 'https://images4-g.ravelrycache.com/uploads/lainemagazine/872997529/tOW9xl3I_shelved.jpeg', 'medium2_url': 'https://images4-a.ravelrycache.com/uploads/lainemagazine/872997529/tOW9xl3I_medium2.jpeg', 'small2_url': 'https://images4-f.ravelrycache.com/uploads/lainemagazine/872997529/tOW9xl3I_small2.jpeg', 'caption': None, 'caption_html': None, 'copyright_holder': 'Laine Publishing'}, {'id': 115084811, 'sort_order': 11, 'user_id': 6870824, 'x_offset': 0, 'y_offset': -33, 'square_url': 'https://images4-f.ravelrycache.com/uploads/lainemagazine/872997533/aXqHirvU_square.jpeg', 'medium_url': 'https://images4-f.ravelrycache.com/uploads/lainemagazine/872997533/aXqHirvU_medium.jpeg', 'thumbnail_url': 'https://images4-g.ravelrycache.com/uploads/lainemagazine/872997533/aXqHirvU_thumbnail.jpeg', 'small_url': 'https://images4-g.ravelrycache.com/uploads/lainemagazine/872997533/aXqHirvU_small_best_fit.jpeg', 'flickr_url': None, 'shelved_url': 'https://images4-f.ravelrycache.com/uploads/lainemagazine/872997533/aXqHirvU_shelved.jpeg', 'medium2_url': 'https://images4-a.ravelrycache.com/uploads/lainemagazine/872997533/aXqHirvU_medium2.jpeg', 'small2_url': 'https://images4-g.ravelrycache.com/uploads/lainemagazine/872997533/aXqHirvU_small2.jpeg', 'caption': None, 'caption_html': None, 'copyright_holder': 'Laine Publishing'}, {'id': 115084812, 'sort_order': 12, 'user_id': 6870824, 'x_offset': 0, 'y_offset': 0, 'square_url': 'https://images4-f.ravelrycache.com/uploads/lainemagazine/873449888/Hiemalis_square.jpg', 'medium_url': 'https://images4-g.ravelrycache.com/uploads/lainemagazine/873449888/Hiemalis_medium.jpg', 'thumbnail_url': 'https://images4-f.ravelrycache.com/uploads/lainemagazine/873449888/Hiemalis_thumbnail.jpg', 'small_url': 'https://images4-g.ravelrycache.com/uploads/lainemagazine/873449888/Hiemalis_small_best_fit.jpg', 'flickr_url': None, 'shelved_url': 'https://images4-g.ravelrycache.com/uploads/lainemagazine/873449888/Hiemalis_shelved.jpg', 'medium2_url': 'https://images4-a.ravelrycache.com/uploads/lainemagazine/873449888/Hiemalis_medium2.jpg', 'small2_url': 'https://images4-f.ravelrycache.com/uploads/lainemagazine/873449888/Hiemalis_small2.jpg', 'caption': None, 'caption_html': None, 'copyright_holder': 'Irina Kauppinen'}]"
My Favorite Knit Sweater,Marly Bird,1267851,https://www.ravelry.com/patterns/library/my-favorite-knit-sweater,False,https://images4-a.ravelrycache.com/uploads/MarlyBird/873527571/My_Favorite_Knit_Sweater_Page_01_medium2.jpg,Knitting,"['adult', 'plus', 'tall', 'seamed', 'v-neck', 'long-sleeve', 'set-in-sleeve', 'aline', 'kitchener', 'bottom-up', 'positive-ease', 'written-pattern', 'worked-flat', 'stripes-colorwork', 'schematic']",18.0,0.0,True,4.0,stockinette stitch *after blocking!,pullover,Worsted,5,0.0,"XS (S, M, L, 1X, 2X, 3X) ","[{'id': 115094596, 'sort_order': 1, 'user_id': 3458, 'x_offset': 1, 'y_offset': -25, 'square_url': 'https://images4-g.ravelrycache.com/uploads/MarlyBird/873527571/My_Favorite_Knit_Sweater_Page_01_square.jpg', 'medium_url': 'https://images4-f.ravelrycache.com/uploads/MarlyBird/873527571/My_Favorite_Knit_Sweater_Page_01_medium.jpg', 'thumbnail_url': 'https://images4-g.ravelrycache.com/uploads/MarlyBird/873527571/My_Favorite_Knit_Sweater_Page_01_thumbnail.jpg', 'small_url': 'https://images4-g.ravelrycache.com/uploads/MarlyBird/873527571/My_Favorite_Knit_Sweater_Page_01_small_best_fit.jpg', 'flickr_url': None, 'shelved_url': 'https://images4-g.ravelrycache.com/uploads/MarlyBird/873527571/My_Favorite_Knit_Sweater_Page_01_shelved.jpg', 'medium2_url': 'https://images4-a.ravelrycache.com/uploads/MarlyBird/873527571/My_Favorite_Knit_Sweater_Page_01_medium2.jpg', 'small2_url': 'https://images4-g.ravelrycache.com/uploads/MarlyBird/873527571/My_Favorite_Knit_Sweater_Page_01_small2.jpg', 'caption': None, 'caption_html': None, 'copyright_holder': None}, {'id': 115094597, 'sort_order': 2, 'user_id': 3458, 'x_offset': -1, 'y_offset': -26, 'square_url': 'https://images4-f.ravelrycache.com/uploads/MarlyBird/873527572/My_Favorite_Knit_Sweater_Page_02_square.jpg', 'medium_url': 'https://images4-g.ravelrycache.com/uploads/MarlyBird/873527572/My_Favorite_Knit_Sweater_Page_02_medium.jpg', 'thumbnail_url': 'https://images4-f.ravelrycache.com/uploads/MarlyBird/873527572/My_Favorite_Knit_Sweater_Page_02_thumbnail.jpg', 'small_url': 'https://images4-f.ravelrycache.com/uploads/MarlyBird/873527572/My_Favorite_Knit_Sweater_Page_02_small_best_fit.jpg', 'flickr_url': None, 'shelved_url': 'https://images4-g.ravelrycache.com/uploads/MarlyBird/873527572/My_Favorite_Knit_Sweater_Page_02_shelved.jpg', 'medium2_url': 'https://images4-a.ravelrycache.com/uploads/MarlyBird/873527572/My_Favorite_Knit_Sweater_Page_02_medium2.jpg', 'small2_url': 'https://images4-f.ravelrycache.com/uploads/MarlyBird/873527572/My_Favorite_Knit_Sweater_Page_02_small2.jpg', 'caption': None, 'caption_html': None, 'copyright_holder': None}, {'id': 115094598, 'sort_order': 3, 'user_id': 3458, 'x_offset': -1, 'y_offset': -26, 'square_url': 'https://images4-g.ravelrycache.com/uploads/MarlyBird/873527569/My_Favorite_Knit_Sweater_Page_03_square.jpg', 'medium_url': 'https://images4-f.ravelrycache.com/uploads/MarlyBird/873527569/My_Favorite_Knit_Sweater_Page_03_medium.jpg', 'thumbnail_url': 'https://images4-g.ravelrycache.com/uploads/MarlyBird/873527569/My_Favorite_Knit_Sweater_Page_03_thumbnail.jpg', 'small_url': 'https://images4-g.ravelrycache.com/uploads/MarlyBird/873527569/My_Favorite_Knit_Sweater_Page_03_small_best_fit.jpg', 'flickr_url': None, 'shelved_url': 'https://images4-g.ravelrycache.com/uploads/MarlyBird/873527569/My_Favorite_Knit_Sweater_Page_03_shelved.jpg', 'medium2_url': 'https://images4-a.ravelrycache.com/uploads/MarlyBird/873527569/My_Favorite_Knit_Sweater_Page_03_medium2.jpg', 'small2_url': 'https://images4-g.ravelrycache.com/uploads/MarlyBird/873527569/My_Favorite_Knit_Sweater_Page_03_small2.jpg', 'caption': None, 'caption_html': None, 'copyright_holder': None}, {'id': 115094599, 'sort_order': 4, 'user_id': 3458, 'x_offset': 0, 'y_offset': -22, 'square_url': 'https://images4-g.ravelrycache.com/uploads/MarlyBird/873527692/My_Favorite_Sweater-Marly_square.jpg', 'medium_url': 'https://images4-f.ravelrycache.com/uploads/MarlyBird/873527692/My_Favorite_Sweater-Marly_medium.jpg', 'thumbnail_url': 'https://images4-f.ravelrycache.com/uploads/MarlyBird/873527692/My_Favorite_Sweater-Marly_thumbnail.jpg', 'small_url': 'https://images4-f.ravelrycache.com/uploads/MarlyBird/873527692/My_Favorite_Sweater-Marly_small_best_fit.jpg', 'flickr_url': None, 'shelved_url': 'https://images4-f.ravelrycache.com/uploads/MarlyBird/873527692/My_Favorite_Sweater-Marly_shelved.jpg', 'medium2_url': 'https://images4-a.ravelrycache.com/uploads/MarlyBird/873527692/My_Favorite_Sweater-Marly_medium2.jpg', 'small2_url': 'https://images4-g.ravelrycache.com/uploads/MarlyBird/873527692/My_Favorite_Sweater-Marly_small2.jpg', 'caption': None, 'caption_html': None, 'copyright_holder': None}, {'id': 115094600, 'sort_order': 5, 'user_id': 3458, 'x_offset': -5, 'y_offset': -35, 'square_url': 'https://images4-f.ravelrycache.com/uploads/MarlyBird/873527693/My_Favorite_Sweater-Marly-side_square.jpg', 'medium_url': 'https://images4-g.ravelrycache.com/uploads/MarlyBird/873527693/My_Favorite_Sweater-Marly-side_medium.jpg', 'thumbnail_url': 'https://images4-f.ravelrycache.com/uploads/MarlyBird/873527693/My_Favorite_Sweater-Marly-side_thumbnail.jpg', 'small_url': 'https://images4-g.ravelrycache.com/uploads/MarlyBird/873527693/My_Favorite_Sweater-Marly-side_small.jpg', 'flickr_url': None, 'shelved_url': 'https://images4-f.ravelrycache.com/uploads/MarlyBird/873527693/My_Favorite_Sweater-Marly-side_shelved.jpg', 'medium2_url': 'https://images4-a.ravelrycache.com/uploads/MarlyBird/873527693/My_Favorite_Sweater-Marly-side_medium2.jpg', 'small2_url': 'https://images4-f.ravelrycache.com/uploads/MarlyBird/873527693/My_Favorite_Sweater-Marly-side_small2.jpg', 'caption': None, 'caption_html': None, 'copyright_holder': None}, {'id': 115094601, 'sort_order': 6, 'user_id': 3458, 'x_offset': 0, 'y_offset': -38, 'square_url': 'https://images4-f.ravelrycache.com/uploads/MarlyBird/873527687/My_Favorite_Sweater-Marly-back2_square.jpg', 'medium_url': 'https://images4-g.ravelrycache.com/uploads/MarlyBird/873527687/My_Favorite_Sweater-Marly-back2_medium.jpg', 'thumbnail_url': 'https://images4-f.ravelrycache.com/uploads/MarlyBird/873527687/My_Favorite_Sweater-Marly-back2_thumbnail.jpg', 'small_url': 'https://images4-g.ravelrycache.com/uploads/MarlyBird/873527687/My_Favorite_Sweater-Marly-back2_small_best_fit.jpg', 'flickr_url': None, 'shelved_url': 'https://images4-g.ravelrycache.com/uploads/MarlyBird/873527687/My_Favorite_Sweater-Marly-back2_shelved.jpg', 'medium2_url': 'https://images4-a.ravelrycache.com/uploads/MarlyBird/873527687/My_Favorite_Sweater-Marly-back2_medium2.jpg', 'small2_url': 'https://images4-f.ravelrycache.com/uploads/MarlyBird/873527687/My_Favorite_Sweater-Marly-back2_small2.jpg', 'caption': None, 'caption_html': None, 'copyright_holder': None}, {'id': 115094602, 'sort_order': 7, 'user_id': 3458, 'x_offset': -1, 'y_offset': -35, 'square_url': 'https://images4-f.ravelrycache.com/uploads/MarlyBird/873527689/My_Favorite_Sweater-Marly-back_square.jpg', 'medium_url': 'https://images4-g.ravelrycache.com/uploads/MarlyBird/873527689/My_Favorite_Sweater-Marly-back_medium.jpg', 'thumbnail_url': 'https://images4-g.ravelrycache.com/uploads/MarlyBird/873527689/My_Favorite_Sweater-Marly-back_thumbnail.jpg', 'small_url': 'https://images4-g.ravelrycache.com/uploads/MarlyBird/873527689/My_Favorite_Sweater-Marly-back_small.jpg', 'flickr_url': None, 'shelved_url': 'https://images4-g.ravelrycache.com/uploads/MarlyBird/873527689/My_Favorite_Sweater-Marly-back_shelved.jpg', 'medium2_url': 'https://images4-a.ravelrycache.com/uploads/MarlyBird/873527689/My_Favorite_Sweater-Marly-back_medium2.jpg', 'small2_url': 'https://images4-f.ravelrycache.com/uploads/MarlyBird/873527689/My_Favorite_Sweater-Marly-back_small2.jpg', 'caption': None, 'caption_html': None, 'copyright_holder': None}]"
Cozy Classic Pullover,Sunny Day Fiber,1268141,https://www.ravelry.com/patterns/library/cozy-classic-pullover-3,False,https://images4-a.ravelrycache.com/uploads/Teresadie/873798149/pull_over_reg_yarnpond2_medium2.png,Knitting,"['unisex', 'baby', 'newborn-size', 'one-piece', 'seamless', 'short-rows', 'top-down', 'written-pattern', 'in-the-round', 'schematic', 'male', 'female']",22.0,2.3333333333333335,True,4.0,stockinette,baby,DK,8,4.666666666666667,"0-3 mo, 3-6 mo, 6-9 mo, 12-18 mo","[{'id': 115127825, 'sort_order': 1, 'user_id': 5174521, 'x_offset': 0, 'y_offset': 0, 'square_url': 'https://images4-f.ravelrycache.com/uploads/Teresadie/873798149/pull_over_reg_yarnpond2_square.png', 'medium_url': 'https://images4-g.ravelrycache.com/uploads/Teresadie/873798149/pull_over_reg_yarnpond2_medium.png', 'thumbnail_url': 'https://images4-f.ravelrycache.com/uploads/Teresadie/873798149/pull_over_reg_yarnpond2_thumbnail.png', 'small_url': 'https://images4-f.ravelrycache.com/uploads/Teresadie/873798149/pull_over_reg_yarnpond2_small_best_fit.png', 'flickr_url': None, 'shelved_url': 'https://images4-g.ravelrycache.com/uploads/Teresadie/873798149/pull_over_reg_yarnpond2_shelved.png', 'medium2_url': 'https://images4-a.ravelrycache.com/uploads/Teresadie/873798149/pull_over_reg_yarnpond2_medium2.png', 'small2_url': 'https://images4-f.ravelrycache.com/uploads/Teresadie/873798149/pull_over_reg_yarnpond2_small2.png', 'caption': None, 'caption_html': None, 'copyright_holder': ''}]"
Laura Jumper,Camilla Vad,1268430,https://www.ravelry.com/patterns/library/laura-jumper,False,https://images4-a.ravelrycache.com/uploads/CamillaVad/874049863/IMG_9854_2_medium2.jpg,Knitting,"['teen', 'adult', 'no-ease', 'circular-yoke', 'stranded', 'one-piece', 'seamless', 'short-rows', 'top-down', 'positive-ease', 'chart', 'written-pattern', 'fairisle', 'in-the-round']",20.0,2.6666666666666665,True,4.0,stockinette,pullover,Sport,15,5.0,1 (2) 3 (4) 5 (6) 7,"[{'id': 115158855, 'sort_order': 1, 'user_id': 361655, 'x_offset': 0, 'y_offset': -20, 'square_url': 'https://images4-g.ravelrycache.com/uploads/CamillaVad/874049863/IMG_9854_2_square.jpg', 'medium_url': 'https://images4-f.ravelrycache.com/uploads/CamillaVad/874049863/IMG_9854_2_medium.jpg', 'thumbnail_url': 'https://images4-f.ravelrycache.com/uploads/CamillaVad/874049863/IMG_9854_2_thumbnail.jpg', 'small_url': 'https://images4-f.ravelrycache.com/uploads/CamillaVad/874049863/IMG_9854_2_small_best_fit.jpg', 'flickr_url': None, 'shelved_url': 'https://images4-g.ravelrycache.com/uploads/CamillaVad/874049863/IMG_9854_2_shelved.jpg', 'medium2_url': 'https://images4-a.ravelrycache.com/uploads/CamillaVad/874049863/IMG_9854_2_medium2.jpg', 'small2_url': 'https://images4-g.ravelrycache.com/uploads/CamillaVad/874049863/IMG_9854_2_small2.jpg', 'caption': None, 'caption_html': None, 'copyright_holder': None}, {'id': 115158856, 'sort_order': 2, 'user_id': 361655, 'x_offset': 0, 'y_offset': -21, 'square_url': 'https://images4-f.ravelrycache.com/uploads/CamillaVad/874049866/IMG_9852_2_square.jpg', 'medium_url': 'https://images4-g.ravelrycache.com/uploads/CamillaVad/874049866/IMG_9852_2_medium.jpg', 'thumbnail_url': 'https://images4-g.ravelrycache.com/uploads/CamillaVad/874049866/IMG_9852_2_thumbnail.jpg', 'small_url': 'https://images4-g.ravelrycache.com/uploads/CamillaVad/874049866/IMG_9852_2_small_best_fit.jpg', 'flickr_url': None, 'shelved_url': 'https://images4-f.ravelrycache.com/uploads/CamillaVad/874049866/IMG_9852_2_shelved.jpg', 'medium2_url': 'https://images4-a.ravelrycache.com/uploads/CamillaVad/874049866/IMG_9852_2_medium2.jpg', 'small2_url': 'https://images4-f.ravelrycache.com/uploads/CamillaVad/874049866/IMG_9852_2_small2.jpg', 'caption': None, 'caption_html': None, 'copyright_holder': None}, {'id': 115158857, 'sort_order': 3, 'user_id': 361655, 'x_offset': 0, 'y_offset': -21, 'square_url': 'https://images4-g.ravelrycache.com/uploads/CamillaVad/874049865/IMG_9855_2_square.jpg', 'medium_url': 'https://images4-f.ravelrycache.com/uploads/CamillaVad/874049865/IMG_9855_2_medium.jpg', 'thumbnail_url': 'https://images4-g.ravelrycache.com/uploads/CamillaVad/874049865/IMG_9855_2_thumbnail.jpg', 'small_url': 'https://images4-g.ravelrycache.com/uploads/CamillaVad/874049865/IMG_9855_2_small_best_fit.jpg', 'flickr_url': None, 'shelved_url': 'https://images4-g.ravelrycache.com/uploads/CamillaVad/874049865/IMG_9855_2_shelved.jpg', 'medium2_url': 'https://images4-a.ravelrycache.com/uploads/CamillaVad/874049865/IMG_9855_2_medium2.jpg', 'small2_url': 'https://images4-g.ravelrycache.com/uploads/CamillaVad/874049865/IMG_9855_2_small2.jpg', 'caption': None, 'caption_html': None, 'copyright_holder': None}, {'id': 115158858, 'sort_order': 4, 'user_id': 361655, 'x_offset': 0, 'y_offset': -15, 'square_url': 'https://images4-f.ravelrycache.com/uploads/CamillaVad/874049862/IMG_9851_2_square.jpg', 'medium_url': 'https://images4-g.ravelrycache.com/uploads/CamillaVad/874049862/IMG_9851_2_medium.jpg', 'thumbnail_url': 'https://images4-f.ravelrycache.com/uploads/CamillaVad/874049862/IMG_9851_2_thumbnail.jpg', 'small_url': 'https://images4-g.ravelrycache.com/uploads/CamillaVad/874049862/IMG_9851_2_small_best_fit.jpg', 'flickr_url': None, 'shelved_url': 'https://images4-g.ravelrycache.com/uploads/CamillaVad/874049862/IMG_9851_2_shelved.jpg', 'medium2_url': 'https://images4-a.ravelrycache.com/uploads/CamillaVad/874049862/IMG_9851_2_medium2.jpg', 'small2_url': 'https://images4-f.ravelrycache.com/uploads/CamillaVad/874049862/IMG_9851_2_small2.jpg', 'caption': None, 'caption_html': None, 'copyright_holder': None}, {'id': 115158859, 'sort_order': 5, 'user_id': 361655, 'x_offset': 0, 'y_offset': -22, 'square_url': 'https://images4-f.ravelrycache.com/uploads/CamillaVad/874049864/IMG_9853_2_square.jpg', 'medium_url': 'https://images4-g.ravelrycache.com/uploads/CamillaVad/874049864/IMG_9853_2_medium.jpg', 'thumbnail_url': 'https://images4-g.ravelrycache.com/uploads/CamillaVad/874049864/IMG_9853_2_thumbnail.jpg', 'small_url': 'https://images4-f.ravelrycache.com/uploads/CamillaVad/874049864/IMG_9853_2_small_best_fit.jpg', 'flickr_url': None, 'shelved_url': 'https://images4-f.ravelrycache.com/uploads/CamillaVad/874049864/IMG_9853_2_shelved.jpg', 'medium2_url': 'https://images4-a.ravelrycache.com/uploads/CamillaVad/874049864/IMG_9853_2_medium2.jpg', 'small2_url': 'https://images4-f.ravelrycache.com/uploads/CamillaVad/874049864/IMG_9853_2_small2.jpg', 'caption': None, 'caption_html': None, 'copyright_holder': None}]"
comfy v neck sweater,Daniela Mühlbauer,1268462,https://www.ravelry.com/patterns/library/comfy-v-neck-sweater,False,https://images4-a.ravelrycache.com/uploads/DanielaMuehlbauer/1073246489/WhatsApp_Bild_2025-06-23_um_18.32.50_c5c3dce0_medium2.jpg,Knitting,"['unisex', 'teen', 'adult', 'ribbed', 'one-piece', 'seamless', 'top-down', 'positive-ease', 'written-pattern', 'worked-flat', 'in-the-round', 'male', 'female']",28.0,3.2,True,4.0,,pullover,Fingering,22,4.2,1-8,"[{'id': 139809794, 'sort_order': 1, 'user_id': 7797608, 'x_offset': 0, 'y_offset': -22, 'square_url': 'https://images4-f.ravelrycache.com/uploads/DanielaMuehlbauer/1073246489/WhatsApp_Bild_2025-06-23_um_18.32.50_c5c3dce0_square.jpg', 'medium_url': 'https://images4-g.ravelrycache.com/uploads/DanielaMuehlbauer/1073246489/WhatsApp_Bild_2025-06-23_um_18.32.50_c5c3dce0_medium.jpg', 'thumbnail_url': 'https://images4-g.ravelrycache.com/uploads/DanielaMuehlbauer/1073246489/WhatsApp_Bild_2025-06-23_um_18.32.50_c5c3dce0_thumbnail.jpg', 'small_url': 'https://images4-f.ravelrycache.com/uploads/DanielaMuehlbauer/1073246489/WhatsApp_Bild_2025-06-23_um_18.32.50_c5c3dce0_small_best_fit.jpg', 'flickr_url': None, 'shelved_url': 'https://images4-g.ravelrycache.com/uploads/DanielaMuehlbauer/1073246489/WhatsApp_Bild_2025-06-23_um_18.32.50_c5c3dce0_shelved.jpg', 'medium2_url': 'https://images4-a.ravelrycache.com/uploads/DanielaMuehlbauer/1073246489/WhatsApp_Bild_2025-06-23_um_18.32.50_c5c3dce0_medium2.jpg', 'small2_url': 'https://images4-f.ravelrycache.com/uploads/DanielaMuehlbauer/1073246489/WhatsApp_Bild_2025-06-23_um_18.32.50_c5c3dce0_small2.jpg', 'caption': None, 'caption_html': None, 'copyright_holder': None}, {'id': 135426626, 'sort_order': 2, 'user_id': 2659052, 'x_offset': -1, 'y_offset': 1, 'square_url': 'https://images4-g.ravelrycache.com/uploads/JessieJula/1037582561/IMG_1284_square.jpeg', 'medium_url': 'https://images4-g.ravelrycache.com/uploads/JessieJula/1037582561/IMG_1284_medium.jpeg', 'thumbnail_url': 'https://images4-g.ravelrycache.com/uploads/JessieJula/1037582561/IMG_1284_thumbnail.jpeg', 'small_url': 'https://images4-f.ravelrycache.com/uploads/JessieJula/1037582561/IMG_1284_small_best_fit.jpeg', 'flickr_url': None, 'shelved_url': 'https://images4-f.ravelrycache.com/uploads/JessieJula/1037582561/IMG_1284_shelved.jpeg', 'medium2_url': 'https://images4-a.ravelrycache.com/uploads/JessieJula/1037582561/IMG_1284_medium2.jpeg', 'small2_url': 'https://images4-f.ravelrycache.com/uploads/JessieJula/1037582561/IMG_1284_small2.jpeg', 'caption': None, 'caption_html': None, 'copyright_holder': None}, {'id': 139809798, 'sort_order': 3, 'user_id': 7797608, 'x_offset': -1, 'y_offset': -41, 'square_url': 'https://images4-f.ravelrycache.com/uploads/DanielaMuehlbauer/1073246491/WhatsApp_Bild_2025-06-23_um_18.32.50_e921c263_square.jpg', 'medium_url': 'https://images4-g.ravelrycache.com/uploads/DanielaMuehlbauer/1073246491/WhatsApp_Bild_2025-06-23_um_18.32.50_e921c263_medium.jpg', 'thumbnail_url': 'https://images4-f.ravelrycache.com/uploads/DanielaMuehlbauer/1073246491/WhatsApp_Bild_2025-06-23_um_18.32.50_e921c263_thumbnail.jpg', 'small_url': 'https://images4-f.ravelrycache.com/uploads/DanielaMuehlbauer/1073246491/WhatsApp_Bild_2025-06-23_um_18.32.50_e921c263_small_best_fit.jpg', 'flickr_url': None, 'shelved_url': 'https://images4-f.ravelrycache.com/uploads/DanielaMuehlbauer/1073246491/WhatsApp_Bild_2025-06-23_um_18.32.50_e921c263_shelved.jpg', 'medium2_url': 'https://images4-a.ravelrycache.com/uploads/DanielaMuehlbauer/1073246491/WhatsApp_Bild_2025-06-23_um_18.32.50_e921c263_medium2.jpg', 'small2_url': 'https://images4-f.ravelrycache.com/uploads/DanielaMuehlbauer/1073246491/WhatsApp_Bild_2025-06-23_um_18.32.50_e921c263_small2.jpg', 'caption': None, 'caption_html': None, 'copyright_holder': None}, {'id': 120597812, 'sort_order': 4, 'user_id': 230708, 'x_offset': -3, 'y_offset': -35, 'square_url': 'https://images4-f.ravelrycache.com/uploads/dorotheac/917958250/comfy1_square.jpg', 'medium_url': 'https://images4-g.ravelrycache.com/uploads/dorotheac/917958250/comfy1_medium.jpg', 'thumbnail_url': 'https://images4-g.ravelrycache.com/uploads/dorotheac/917958250/comfy1_thumbnail.jpg', 'small_url': 'https://images4-g.ravelrycache.com/uploads/dorotheac/917958250/comfy1_small.jpg', 'flickr_url': None, 'shelved_url': 'https://images4-f.ravelrycache.com/uploads/dorotheac/917958250/comfy1_shelved.jpg', 'medium2_url': 'https://images4-a.ravelrycache.com/uploads/dorotheac/917958250/comfy1_medium2.jpg', 'small2_url': 'https://images4-f.ravelrycache.com/uploads/dorotheac/917958250/comfy1_small2.jpg', 'caption': None, 'caption_html': None, 'copyright_holder': None}, {'id': 139809799, 'sort_order': 5, 'user_id': 7797608, 'x_offset': -1, 'y_offset': 0, 'square_url': 'https://images4-f.ravelrycache.com/uploads/DanielaMuehlbauer/1073246498/WhatsApp_Bild_2025-06-23_um_18.32.50_63d86100_square.jpg', 'medium_url': 'https://images4-g.ravelrycache.com/uploads/DanielaMuehlbauer/1073246498/WhatsApp_Bild_2025-06-23_um_18.32.50_63d86100_medium.jpg', 'thumbnail_url': 'https://images4-g.ravelrycache.com/uploads/DanielaMuehlbauer/1073246498/WhatsApp_Bild_2025-06-23_um_18.32.50_63d86100_thumbnail.jpg', 'small_url': 'https://images4-f.ravelrycache.com/uploads/DanielaMuehlbauer/1073246498/WhatsApp_Bild_2025-06-23_um_18.32.50_63d86100_small_best_fit.jpg', 'flickr_url': None, 'shelved_url': 'https://images4-g.ravelrycache.com/uploads/DanielaMuehlbauer/1073246498/WhatsApp_Bild_2025-06-23_um_18.32.50_63d86100_shelved.jpg', 'medium2_url': 'https://images4-a.ravelrycache.com/uploads/DanielaMuehlbauer/1073246498/WhatsApp_Bild_2025-06-23_um_18.32.50_63d86100_medium2.jpg', 'small2_url': 'https://images4-f.ravelrycache.com/uploads/DanielaMuehlbauer/1073246498/WhatsApp_Bild_2025-06-23_um_18.32.50_63d86100_small2.jpg', 'caption': None, 'caption_html': None, 'copyright_holder': None}, {'id': 121326997, 'sort_order': 6, 'user_id': 7797608, 'x_offset': 0, 'y_offset': -35, 'square_url': 'https://images4-g.ravelrycache.com/uploads/DanielaMuehlbauer/923862994/IMG_8810__2__square.JPG', 'medium_url': 'https://images4-f.ravelrycache.com/uploads/DanielaMuehlbauer/923862994/IMG_8810__2__medium.JPG', 'thumbnail_url': 'https://images4-g.ravelrycache.com/uploads/DanielaMuehlbauer/923862994/IMG_8810__2__thumbnail.JPG', 'small_url': 'https://images4-f.ravelrycache.com/uploads/DanielaMuehlbauer/923862994/IMG_8810__2__small.JPG', 'flickr_url': None, 'shelved_url': 'https://images4-g.ravelrycache.com/uploads/DanielaMuehlbauer/923862994/IMG_8810__2__shelved.JPG', 'medium2_url': 'https://images4-a.ravelrycache.com/uploads/DanielaMuehlbauer/923862994/IMG_8810__2__medium2.JPG', 'small2_url': 'https://images4-g.ravelrycache.com/uploads/DanielaMuehlbauer/923862994/IMG_8810__2__small2.JPG', 'caption': None, 'caption_html': None, 'copyright_holder': None}, {'id': 139809797, 'sort_order': 7, 'user_id': 7797608, 'x_offset': 1, 'y_offset': -20, 'square_url': 'https://images4-g.ravelrycache.com/uploads/DanielaMuehlbauer/1073246492/WhatsApp_Bild_2025-06-23_um_18.32.49_f38c6119_square.jpg', 'medium_url': 'https://images4-f.ravelrycache.com/uploads/DanielaMuehlbauer/1073246492/WhatsApp_Bild_2025-06-23_um_18.32.49_f38c6119_medium.jpg', 'thumbnail_url': 'https://images4-f.ravelrycache.com/uploads/DanielaMuehlbauer/1073246492/WhatsApp_Bild_2025-06-23_um_18.32.49_f38c6119_thumbnail.jpg', 'small_url': 'https://images4-f.ravelrycache.com/uploads/DanielaMuehlbauer/1073246492/WhatsApp_Bild_2025-06-23_um_18.32.49_f38c6119_small_best_fit.jpg', 'flickr_url': None, 'shelved_url': 'https://images4-g.ravelrycache.com/uploads/DanielaMuehlbauer/1073246492/WhatsApp_Bild_2025-06-23_um_18.32.49_f38c6119_shelved.jpg', 'medium2_url': 'https://images4-a.ravelrycache.com/uploads/DanielaMuehlbauer/1073246492/WhatsApp_Bild_2025-06-23_um_18.32.49_f38c6119_medium2.jpg', 'small2_url': 'https://images4-g.ravelrycache.com/uploads/DanielaMuehlbauer/1073246492/WhatsApp_Bild_2025-06-23_um_18.32.49_f38c6119_small2.jpg', 'caption': None, 'caption_html': None, 'copyright_holder': None}, {'id': 139809795, 'sort_order': 8, 'user_id': 7797608, 'x_offset': 0, 'y_offset': -23, 'square_url': 'https://images4-g.ravelrycache.com/uploads/DanielaMuehlbauer/1073246490/WhatsApp_Bild_2025-06-23_um_18.32.49_ddd17cb9_square.jpg', 'medium_url': 'https://images4-f.ravelrycache.com/uploads/DanielaMuehlbauer/1073246490/WhatsApp_Bild_2025-06-23_um_18.32.49_ddd17cb9_medium.jpg', 'thumbnail_url': 'https://images4-g.ravelrycache.com/uploads/DanielaMuehlbauer/1073246490/WhatsApp_Bild_2025-06-23_um_18.32.49_ddd17cb9_thumbnail.jpg', 'small_url': 'https://images4-g.ravelrycache.com/uploads/DanielaMuehlbauer/1073246490/WhatsApp_Bild_2025-06-23_um_18.32.49_ddd17cb9_small_best_fit.jpg', 'flickr_url': None, 'shelved_url': 'https://images4-g.ravelrycache.com/uploads/DanielaMuehlbauer/1073246490/WhatsApp_Bild_2025-06-23_um_18.32.49_ddd17cb9_shelved.jpg', 'medium2_url': 'https://images4-a.ravelrycache.com/uploads/DanielaMuehlbauer/1073246490/WhatsApp_Bild_2025-06-23_um_18.32.49_ddd17cb9_medium2.jpg', 'small2_url': 'https://images4-g.ravelrycache.com/uploads/DanielaMuehlbauer/1073246490/WhatsApp_Bild_2025-06-23_um_18.32.49_ddd17cb9_small2.jpg', 'caption': None, 'caption_html': None, 'copyright_holder': None}, {'id': 115161426, 'sort_order': 9, 'user_id': 7797608, 'x_offset': -1, 'y_offset': -44, 'square_url': 'https://images4-f.ravelrycache.com/uploads/Oekotante/867234049/IMG_3551__2__square.JPG', 'medium_url': 'https://images4-g.ravelrycache.com/uploads/Oekotante/867234049/IMG_3551__2__medium.JPG', 'thumbnail_url': 'https://images4-f.ravelrycache.com/uploads/Oekotante/867234049/IMG_3551__2__thumbnail.JPG', 'small_url': 'https://images4-g.ravelrycache.com/uploads/Oekotante/867234049/IMG_3551__2__small_best_fit.JPG', 'flickr_url': None, 'shelved_url': 'https://images4-f.ravelrycache.com/uploads/Oekotante/867234049/IMG_3551__2__shelved.JPG', 'medium2_url': 'https://images4-a.ravelrycache.com/uploads/Oekotante/867234049/IMG_3551__2__medium2.JPG', 'small2_url': 'https://images4-f.ravelrycache.com/uploads/Oekotante/867234049/IMG_3551__2__small2.JPG', 'caption': None, 'caption_html': None, 'copyright_holder': None}, {'id': 139809793, 'sort_order': 10, 'user_id': 7797608, 'x_offset': 0, 'y_offset': -21, 'square_url': 'https://images4-f.ravelrycache.com/uploads/DanielaMuehlbauer/1073246488/WhatsApp_Bild_2025-06-23_um_18.32.49_dad0e05c_square.jpg', 'medium_url': 'https://images4-g.ravelrycache.com/uploads/DanielaMuehlbauer/1073246488/WhatsApp_Bild_2025-06-23_um_18.32.49_dad0e05c_medium.jpg', 'thumbnail_url': 'https://images4-g.ravelrycache.com/uploads/DanielaMuehlbauer/1073246488/WhatsApp_Bild_2025-06-23_um_18.32.49_dad0e05c_thumbnail.jpg', 'small_url': 'https://images4-f.ravelrycache.com/uploads/DanielaMuehlbauer/1073246488/WhatsApp_Bild_2025-06-23_um_18.32.49_dad0e05c_small_best_fit.jpg', 'flickr_url': None, 'shelved_url': 'https://images4-f.ravelrycache.com/uploads/DanielaMuehlbauer/1073246488/WhatsApp_Bild_2025-06-23_um_18.32.49_dad0e05c_shelved.jpg', 'medium2_url': 'https://images4-a.ravelrycache.com/uploads/DanielaMuehlbauer/1073246488/WhatsApp_Bild_2025-06-23_um_18.32.49_dad0e05c_medium2.jpg', 'small2_url': 'https://images4-f.ravelrycache.com/uploads/DanielaMuehlbauer/1073246488/WhatsApp_Bild_2025-06-23_um_18.32.49_dad0e05c_small2.jpg', 'caption': None, 'caption_html': None, 'copyright_holder': None}, {'id': 120597832, 'sort_order': 11, 'user_id': 230708, 'x_offset': 0, 'y_offset': -14, 'square_url': 'https://images4-f.ravelrycache.com/uploads/dorotheac/917961018/comfy5_square.jpg', 'medium_url': 'https://images4-g.ravelrycache.com/uploads/dorotheac/917961018/comfy5_medium.jpg', 'thumbnail_url': 'https://images4-f.ravelrycache.com/uploads/dorotheac/917961018/comfy5_thumbnail.jpg', 'small_url': 'https://images4-g.ravelrycache.com/uploads/dorotheac/917961018/comfy5_small_best_fit.jpg', 'flickr_url': None, 'shelved_url': 'https://images4-g.ravelrycache.com/uploads/dorotheac/917961018/comfy5_shelved.jpg', 'medium2_url': 'https://images4-a.ravelrycache.com/uploads/dorotheac/917961018/comfy5_medium2.jpg', 'small2_url': 'https://images4-f.ravelrycache.com/uploads/dorotheac/917961018/comfy5_small2.jpg', 'caption': None, 'caption_html': None, 'copyright_holder': None}, {'id': 139809791, 'sort_order': 12, 'user_id': 7797608, 'x_offset': -4, 'y_offset': -35, 'square_url': 'https://images4-g.ravelrycache.com/uploads/DanielaMuehlbauer/1073246494/WhatsApp_Bild_2025-06-23_um_18.32.48_ac1927e3_square.jpg', 'medium_url': 'https://images4-f.ravelrycache.com/uploads/DanielaMuehlbauer/1073246494/WhatsApp_Bild_2025-06-23_um_18.32.48_ac1927e3_medium.jpg', 'thumbnail_url': 'https://images4-f.ravelrycache.com/uploads/DanielaMuehlbauer/1073246494/WhatsApp_Bild_2025-06-23_um_18.32.48_ac1927e3_thumbnail.jpg', 'small_url': 'https://images4-f.ravelrycache.com/uploads/DanielaMuehlbauer/1073246494/WhatsApp_Bild_2025-06-23_um_18.32.48_ac1927e3_small.jpg', 'flickr_url': None, 'shelved_url': 'https://images4-f.ravelrycache.com/uploads/DanielaMuehlbauer/1073246494/WhatsApp_Bild_2025-06-23_um_18.32.48_ac1927e3_shelved.jpg', 'medium2_url': 'https://images4-a.ravelrycache.com/uploads/DanielaMuehlbauer/1073246494/WhatsApp_Bild_2025-06-23_um_18.32.48_ac1927e3_medium2.jpg', 'small2_url': 'https://images4-g.ravelrycache.com/uploads/DanielaMuehlbauer/1073246494/WhatsApp_Bild_2025-06-23_um_18.32.48_ac1927e3_small2.jpg', 'caption': None, 'caption_html': None, 'copyright_holder': None}, {'id': 117043195, 'sort_order': 13, 'user_id': 9672314, 'x_offset': -35, 'y_offset': -3, 'square_url': 'https://images4-f.ravelrycache.com/uploads/KylieGlass/888464909/3._square.jpg', 'medium_url': 'https://images4-g.ravelrycache.com/uploads/KylieGlass/888464909/3._medium.jpg', 'thumbnail_url': 'https://images4-f.ravelrycache.com/uploads/KylieGlass/888464909/3._thumbnail.jpg', 'small_url': 'https://images4-g.ravelrycache.com/uploads/KylieGlass/888464909/3._small.jpg', 'flickr_url': None, 'shelved_url': 'https://images4-f.ravelrycache.com/uploads/KylieGlass/888464909/3._shelved.jpg', 'medium2_url': 'https://images4-a.ravelrycache.com/uploads/KylieGlass/888464909/3._medium2.jpg', 'small2_url': 'https://images4-f.ravelrycache.com/uploads/KylieGlass/888464909/3._small2.jpg', 'caption': None, 'caption_html': None, 'copyright_holder': None}, {'id': 139809796, 'sort_order': 14, 'user_id': 7797608, 'x_offset': 0, 'y_offset': -23, 'square_url': 'https://images4-g.ravelrycache.com/uploads/DanielaMuehlbauer/1073246493/WhatsApp_Bild_2025-06-23_um_18.32.48_6746d2c8_square.jpg', 'medium_url': 'https://images4-f.ravelrycache.com/uploads/DanielaMuehlbauer/1073246493/WhatsApp_Bild_2025-06-23_um_18.32.48_6746d2c8_medium.jpg', 'thumbnail_url': 'https://images4-g.ravelrycache.com/uploads/DanielaMuehlbauer/1073246493/WhatsApp_Bild_2025-06-23_um_18.32.48_6746d2c8_thumbnail.jpg', 'small_url': 'https://images4-g.ravelrycache.com/uploads/DanielaMuehlbauer/1073246493/WhatsApp_Bild_2025-06-23_um_18.32.48_6746d2c8_small_best_fit.jpg', 'flickr_url': None, 'shelved_url': 'https://images4-g.ravelrycache.com/uploads/DanielaMuehlbauer/1073246493/WhatsApp_Bild_2025-06-23_um_18.32.48_6746d2c8_shelved.jpg', 'medium2_url': 'https://images4-a.ravelrycache.com/uploads/DanielaMuehlbauer/1073246493/WhatsApp_Bild_2025-06-23_um_18.32.48_6746d2c8_medium2.jpg', 'small2_url': 'https://images4-g.ravelrycache.com/uploads/DanielaMuehlbauer/1073246493/WhatsApp_Bild_2025-06-23_um_18.32.48_6746d2c8_small2.jpg', 'caption': None, 'caption_html': None, 'copyright_holder': None}, {'id': 115162798, 'sort_order': 15, 'user_id': 1246152, 'x_offset': -2, 'y_offset': -20, 'square_url': 'https://images4-g.ravelrycache.com/uploads/kushkush/871560332/DC65D587-9454-453D-BEED-380E4693210A_square.jpeg', 'medium_url': 'https://images4-g.ravelrycache.com/uploads/kushkush/871560332/DC65D587-9454-453D-BEED-380E4693210A_medium.jpeg', 'thumbnail_url': 'https://images4-f.ravelrycache.com/uploads/kushkush/871560332/DC65D587-9454-453D-BEED-380E4693210A_thumbnail.jpeg', 'small_url': 'https://images4-f.ravelrycache.com/uploads/kushkush/871560332/DC65D587-9454-453D-BEED-380E4693210A_small.jpeg', 'flickr_url': None, 'shelved_url': 'https://images4-g.ravelrycache.com/uploads/kushkush/871560332/DC65D587-9454-453D-BEED-380E4693210A_shelved.jpeg', 'medium2_url': 'https://images4-a.ravelrycache.com/uploads/kushkush/871560332/DC65D587-9454-453D-BEED-380E4693210A_medium2.jpeg', 'small2_url': 'https://images4-f.ravelrycache.com/uploads/kushkush/871560332/DC65D587-9454-453D-BEED-380E4693210A_small2.jpeg', 'caption': None, 'caption_html': None, 'copyright_holder': None}, {'id': 139809792, 'sort_order': 16, 'user_id': 7797608, 'x_offset': -5, 'y_offset': -35, 'square_url': 'https://images4-g.ravelrycache.com/uploads/DanielaMuehlbauer/1073246496/WhatsApp_Bild_2025-06-23_um_18.32.48_57cf33c8_square.jpg', 'medium_url': 'https://images4-f.ravelrycache.com/uploads/DanielaMuehlbauer/1073246496/WhatsApp_Bild_2025-06-23_um_18.32.48_57cf33c8_medium.jpg', 'thumbnail_url': 'https://images4-g.ravelrycache.com/uploads/DanielaMuehlbauer/1073246496/WhatsApp_Bild_2025-06-23_um_18.32.48_57cf33c8_thumbnail.jpg', 'small_url': 'https://images4-f.ravelrycache.com/uploads/DanielaMuehlbauer/1073246496/WhatsApp_Bild_2025-06-23_um_18.32.48_57cf33c8_small.jpg', 'flickr_url': None, 'shelved_url': 'https://images4-f.ravelrycache.com/uploads/DanielaMuehlbauer/1073246496/WhatsApp_Bild_2025-06-23_um_18.32.48_57cf33c8_shelved.jpg', 'medium2_url': 'https://images4-a.ravelrycache.com/uploads/DanielaMuehlbauer/1073246496/WhatsApp_Bild_2025-06-23_um_18.32.48_57cf33c8_medium2.jpg', 'small2_url': 'https://images4-g.ravelrycache.com/uploads/DanielaMuehlbauer/1073246496/WhatsApp_Bild_2025-06-23_um_18.32.48_57cf33c8_small2.jpg', 'caption': None, 'caption_html': None, 'copyright_holder': None}, {'id': 121327000, 'sort_order': 17, 'user_id': 7797608, 'x_offset': 2, 'y_offset': -13, 'square_url': 'https://images4-g.ravelrycache.com/uploads/DanielaMuehlbauer/923862993/IMG_8844__2__square.JPG', 'medium_url': 'https://images4-f.ravelrycache.com/uploads/DanielaMuehlbauer/923862993/IMG_8844__2__medium.JPG', 'thumbnail_url': 'https://images4-f.ravelrycache.com/uploads/DanielaMuehlbauer/923862993/IMG_8844__2__thumbnail.JPG', 'small_url': 'https://images4-f.ravelrycache.com/uploads/DanielaMuehlbauer/923862993/IMG_8844__2__small_best_fit.JPG', 'flickr_url': None, 'shelved_url': 'https://images4-f.ravelrycache.com/uploads/DanielaMuehlbauer/923862993/IMG_8844__2__shelved.JPG', 'medium2_url': 'https://images4-a.ravelrycache.com/uploads/DanielaMuehlbauer/923862993/IMG_8844__2__medium2.JPG', 'small2_url': 'https://images4-g.ravelrycache.com/uploads/DanielaMuehlbauer/923862993/IMG_8844__2__small2.JPG', 'caption': None, 'caption_html': None, 'copyright_holder': None}, {'id': 116089966, 'sort_order': 18, 'user_id': 7797608, 'x_offset': -6, 'y_offset': -35, 'square_url': 'https://images4-f.ravelrycache.com/uploads/Oekotante/881499701/IMG_5240__2__square.JPG', 'medium_url': 'https://images4-g.ravelrycache.com/uploads/Oekotante/881499701/IMG_5240__2__medium.JPG', 'thumbnail_url': 'https://images4-f.ravelrycache.com/uploads/Oekotante/881499701/IMG_5240__2__thumbnail.JPG', 'small_url': 'https://images4-g.ravelrycache.com/uploads/Oekotante/881499701/IMG_5240__2__small.JPG', 'flickr_url': None, 'shelved_url': 'https://images4-g.ravelrycache.com/uploads/Oekotante/881499701/IMG_5240__2__shelved.JPG', 'medium2_url': 'https://images4-a.ravelrycache.com/uploads/Oekotante/881499701/IMG_5240__2__medium2.JPG', 'small2_url': 'https://images4-f.ravelrycache.com/uploads/Oekotante/881499701/IMG_5240__2__small2.JPG', 'caption': None, 'caption_html': None, 'copyright_holder': None}, {'id': 121326999, 'sort_order': 19, 'user_id': 7797608, 'x_offset': -1, 'y_offset': -33, 'square_url': 'https://images4-g.ravelrycache.com/uploads/DanielaMuehlbauer/923862991/IMG_8827__2__square.JPG', 'medium_url': 'https://images4-f.ravelrycache.com/uploads/DanielaMuehlbauer/923862991/IMG_8827__2__medium.JPG', 'thumbnail_url': 'https://images4-g.ravelrycache.com/uploads/DanielaMuehlbauer/923862991/IMG_8827__2__thumbnail.JPG', 'small_url': 'https://images4-f.ravelrycache.com/uploads/DanielaMuehlbauer/923862991/IMG_8827__2__small_best_fit.JPG', 'flickr_url': None, 'shelved_url': 'https://images4-g.ravelrycache.com/uploads/DanielaMuehlbauer/923862991/IMG_8827__2__shelved.JPG', 'medium2_url': 'https://images4-a.ravelrycache.com/uploads/DanielaMuehlbauer/923862991/IMG_8827__2__medium2.JPG', 'small2_url': 'https://images4-g.ravelrycache.com/uploads/DanielaMuehlbauer/923862991/IMG_8827__2__small2.JPG', 'caption': None, 'caption_html': None, 'copyright_holder': None}, {'id': 121326995, 'sort_order': 20, 'user_id': 7797608, 'x_offset': -1, 'y_offset': -35, 'square_url': 'https://images4-f.ravelrycache.com/uploads/DanielaMuehlbauer/923862988/IMG_8811__2__square.JPG', 'medium_url': 'https://images4-g.ravelrycache.com/uploads/DanielaMuehlbauer/923862988/IMG_8811__2__medium.JPG', 'thumbnail_url': 'https://images4-g.ravelrycache.com/uploads/DanielaMuehlbauer/923862988/IMG_8811__2__thumbnail.JPG', 'small_url': 'https://images4-f.ravelrycache.com/uploads/DanielaMuehlbauer/923862988/IMG_8811__2__small.JPG', 'flickr_url': None, 'shelved_url': 'https://images4-g.ravelrycache.com/uploads/DanielaMuehlbauer/923862988/IMG_8811__2__shelved.JPG', 'medium2_url': 'https://images4-a.ravelrycache.com/uploads/DanielaMuehlbauer/923862988/IMG_8811__2__medium2.JPG', 'small2_url': 'https://images4-f.ravelrycache.com/uploads/DanielaMuehlbauer/923862988/IMG_8811__2__small2.JPG', 'caption': None, 'caption_html': None, 'copyright_holder': None}, {'id': 121326998, 'sort_order': 21, 'user_id': 7797608, 'x_offset': 0, 'y_offset': -36, 'square_url': 'https://images4-f.ravelrycache.com/uploads/DanielaMuehlbauer/923862990/IMG_8809__2__square.JPG', 'medium_url': 'https://images4-g.ravelrycache.com/uploads/DanielaMuehlbauer/923862990/IMG_8809__2__medium.JPG', 'thumbnail_url': 'https://images4-g.ravelrycache.com/uploads/DanielaMuehlbauer/923862990/IMG_8809__2__thumbnail.JPG', 'small_url': 'https://images4-f.ravelrycache.com/uploads/DanielaMuehlbauer/923862990/IMG_8809__2__small_best_fit.JPG', 'flickr_url': None, 'shelved_url': 'https://images4-f.ravelrycache.com/uploads/DanielaMuehlbauer/923862990/IMG_8809__2__shelved.JPG', 'medium2_url': 'https://images4-a.ravelrycache.com/uploads/DanielaMuehlbauer/923862990/IMG_8809__2__medium2.JPG', 'small2_url': 'https://images4-f.ravelrycache.com/uploads/DanielaMuehlbauer/923862990/IMG_8809__2__small2.JPG', 'caption': None, 'caption_html': None, 'copyright_holder': None}, {'id': 121326996, 'sort_order': 22, 'user_id': 7797608, 'x_offset': -6, 'y_offset': -35, 'square_url': 'https://images4-g.ravelrycache.com/uploads/DanielaMuehlbauer/923862992/IMG_8805__2__square.JPG', 'medium_url': 'https://images4-f.ravelrycache.com/uploads/DanielaMuehlbauer/923862992/IMG_8805__2__medium.JPG', 'thumbnail_url': 'https://images4-f.ravelrycache.com/uploads/DanielaMuehlbauer/923862992/IMG_8805__2__thumbnail.JPG', 'small_url': 'https://images4-g.ravelrycache.com/uploads/DanielaMuehlbauer/923862992/IMG_8805__2__small.JPG', 'flickr_url': None, 'shelved_url': 'https://images4-g.ravelrycache.com/uploads/DanielaMuehlbauer/923862992/IMG_8805__2__shelved.JPG', 'medium2_url': 'https://images4-a.ravelrycache.com/uploads/DanielaMuehlbauer/923862992/IMG_8805__2__medium2.JPG', 'small2_url': 'https://images4-g.ravelrycache.com/uploads/DanielaMuehlbauer/923862992/IMG_8805__2__small2.JPG', 'caption': None, 'caption_html': None, 'copyright_holder': None}, {'id': 121326994, 'sort_order': 23, 'user_id': 7797608, 'x_offset': -5, 'y_offset': -35, 'square_url': 'https://images4-f.ravelrycache.com/uploads/DanielaMuehlbauer/923862989/IMG_8804__2__square.JPG', 'medium_url': 'https://images4-g.ravelrycache.com/uploads/DanielaMuehlbauer/923862989/IMG_8804__2__medium.JPG', 'thumbnail_url': 'https://images4-f.ravelrycache.com/uploads/DanielaMuehlbauer/923862989/IMG_8804__2__thumbnail.JPG', 'small_url': 'https://images4-g.ravelrycache.com/uploads/DanielaMuehlbauer/923862989/IMG_8804__2__small.JPG', 'flickr_url': None, 'shelved_url': 'https://images4-f.ravelrycache.com/uploads/DanielaMuehlbauer/923862989/IMG_8804__2__shelved.JPG', 'medium2_url': 'https://images4-a.ravelrycache.com/uploads/DanielaMuehlbauer/923862989/IMG_8804__2__medium2.JPG', 'small2_url': 'https://images4-f.ravelrycache.com/uploads/DanielaMuehlbauer/923862989/IMG_8804__2__small2.JPG', 'caption': None, 'caption_html': None, 'copyright_holder': None}, {'id': 120250502, 'sort_order': 24, 'user_id': 406563, 'x_offset': -1, 'y_offset': -45, 'square_url': 'https://images4-g.ravelrycache.com/uploads/Wichtelin/915005412/Klabauter2_square.jpg', 'medium_url': 'https://images4-f.ravelrycache.com/uploads/Wichtelin/915005412/Klabauter2_medium.jpg', 'thumbnail_url': 'https://images4-f.ravelrycache.com/uploads/Wichtelin/915005412/Klabauter2_thumbnail.jpg', 'small_url': 'https://images4-f.ravelrycache.com/uploads/Wichtelin/915005412/Klabauter2_small_best_fit.jpg', 'flickr_url': None, 'shelved_url': 'https://images4-f.ravelrycache.com/uploads/Wichtelin/915005412/Klabauter2_shelved.jpg', 'medium2_url': 'https://images4-a.ravelrycache.com/uploads/Wichtelin/915005412/Klabauter2_medium2.jpg', 'small2_url': 'https://images4-g.ravelrycache.com/uploads/Wichtelin/915005412/Klabauter2_small2.jpg', 'caption': None, 'caption_html': None, 'copyright_holder': None}, {'id': 118369246, 'sort_order': 25, 'user_id': 7797608, 'x_offset': 0, 'y_offset': -39, 'square_url': 'https://images4-g.ravelrycache.com/uploads/Oekotante/899935344/IMG_7046__2__square.JPG', 'medium_url': 'https://images4-f.ravelrycache.com/uploads/Oekotante/899935344/IMG_7046__2__medium.JPG', 'thumbnail_url': 'https://images4-f.ravelrycache.com/uploads/Oekotante/899935344/IMG_7046__2__thumbnail.JPG', 'small_url': 'https://images4-f.ravelrycache.com/uploads/Oekotante/899935344/IMG_7046__2__small_best_fit.JPG', 'flickr_url': None, 'shelved_url': 'https://images4-f.ravelrycache.com/uploads/Oekotante/899935344/IMG_7046__2__shelved.JPG', 'medium2_url': 'https://images4-a.ravelrycache.com/uploads/Oekotante/899935344/IMG_7046__2__medium2.JPG', 'small2_url': 'https://images4-g.ravelrycache.com/uploads/Oekotante/899935344/IMG_7046__2__small2.JPG', 'caption': None, 'caption_html': None, 'copyright_holder': None}, {'id': 116089973, 'sort_order': 26, 'user_id': 7797608, 'x_offset': 0, 'y_offset': -37, 'square_url': 'https://images4-g.ravelrycache.com/uploads/Oekotante/881499709/IMG_5156__2__square.JPG', 'medium_url': 'https://images4-f.ravelrycache.com/uploads/Oekotante/881499709/IMG_5156__2__medium.JPG', 'thumbnail_url': 'https://images4-g.ravelrycache.com/uploads/Oekotante/881499709/IMG_5156__2__thumbnail.JPG', 'small_url': 'https://images4-f.ravelrycache.com/uploads/Oekotante/881499709/IMG_5156__2__small_best_fit.JPG', 'flickr_url': None, 'shelved_url': 'https://images4-g.ravelrycache.com/uploads/Oekotante/881499709/IMG_5156__2__shelved.JPG', 'medium2_url': 'https://images4-a.ravelrycache.com/uploads/Oekotante/881499709/IMG_5156__2__medium2.JPG', 'small2_url': 'https://images4-g.ravelrycache.com/uploads/Oekotante/881499709/IMG_5156__2__small2.JPG', 'caption': None, 'caption_html': None, 'copyright_holder': None}, {'id': 115161429, 'sort_order': 27, 'user_id': 7797608, 'x_offset': -5, 'y_offset': 0, 'square_url': 'https://images4-f.ravelrycache.com/uploads/Oekotante/867234047/IMG_3544__2__square.JPG', 'medium_url': 'https://images4-g.ravelrycache.com/uploads/Oekotante/867234047/IMG_3544__2__medium.JPG', 'thumbnail_url': 'https://images4-g.ravelrycache.com/uploads/Oekotante/867234047/IMG_3544__2__thumbnail.JPG', 'small_url': 'https://images4-f.ravelrycache.com/uploads/Oekotante/867234047/IMG_3544__2__small_best_fit.JPG', 'flickr_url': None, 'shelved_url': 'https://images4-f.ravelrycache.com/uploads/Oekotante/867234047/IMG_3544__2__shelved.JPG', 'medium2_url': 'https://images4-a.ravelrycache.com/uploads/Oekotante/867234047/IMG_3544__2__medium2.JPG', 'small2_url': 'https://images4-f.ravelrycache.com/uploads/Oekotante/867234047/IMG_3544__2__small2.JPG', 'caption': None, 'caption_html': None, 'copyright_holder': None}, {'id': 116089969, 'sort_order': 28, 'user_id': 7797608, 'x_offset': 0, 'y_offset': -53, 'square_url': 'https://images4-g.ravelrycache.com/uploads/Oekotante/881499704/IMG_5214__2__square.JPG', 'medium_url': 'https://images4-f.ravelrycache.com/uploads/Oekotante/881499704/IMG_5214__2__medium.JPG', 'thumbnail_url': 'https://images4-f.ravelrycache.com/uploads/Oekotante/881499704/IMG_5214__2__thumbnail.JPG', 'small_url': 'https://images4-g.ravelrycache.com/uploads/Oekotante/881499704/IMG_5214__2__small_best_fit.JPG', 'flickr_url': None, 'shelved_url': 'https://images4-f.ravelrycache.com/uploads/Oekotante/881499704/IMG_5214__2__shelved.JPG', 'medium2_url': 'https://images4-a.ravelrycache.com/uploads/Oekotante/881499704/IMG_5214__2__medium2.JPG', 'small2_url': 'https://images4-g.ravelrycache.com/uploads/Oekotante/881499704/IMG_5214__2__small2.JPG', 'caption': None, 'caption_html': None, 'copyright_holder': None}, {'id': 116089970, 'sort_order': 29, 'user_id': 7797608, 'x_offset': 0, 'y_offset': -39, 'square_url': 'https://images4-g.ravelrycache.com/uploads/Oekotante/881499708/IMG_5252__2__square.JPG', 'medium_url': 'https://images4-f.ravelrycache.com/uploads/Oekotante/881499708/IMG_5252__2__medium.JPG', 'thumbnail_url': 'https://images4-g.ravelrycache.com/uploads/Oekotante/881499708/IMG_5252__2__thumbnail.JPG', 'small_url': 'https://images4-f.ravelrycache.com/uploads/Oekotante/881499708/IMG_5252__2__small_best_fit.JPG', 'flickr_url': None, 'shelved_url': 'https://images4-f.ravelrycache.com/uploads/Oekotante/881499708/IMG_5252__2__shelved.JPG', 'medium2_url': 'https://images4-a.ravelrycache.com/uploads/Oekotante/881499708/IMG_5252__2__medium2.JPG', 'small2_url': 'https://images4-g.ravelrycache.com/uploads/Oekotante/881499708/IMG_5252__2__small2.JPG', 'caption': None, 'caption_html': None, 'copyright_holder': None}, {'id': 115165942, 'sort_order': 30, 'user_id': 4898940, 'x_offset': -5, 'y_offset': -35, 'square_url': 'https://images4-f.ravelrycache.com/uploads/silhof/871574720/IMG_8446_square.jpg', 'medium_url': 'https://images4-g.ravelrycache.com/uploads/silhof/871574720/IMG_8446_medium.jpg', 'thumbnail_url': 'https://images4-g.ravelrycache.com/uploads/silhof/871574720/IMG_8446_thumbnail.jpg', 'small_url': 'https://images4-f.ravelrycache.com/uploads/silhof/871574720/IMG_8446_small.jpg', 'flickr_url': None, 'shelved_url': 'https://images4-f.ravelrycache.com/uploads/silhof/871574720/IMG_8446_shelved.jpg', 'medium2_url': 'https://images4-a.ravelrycache.com/uploads/silhof/871574720/IMG_8446_medium2.jpg', 'small2_url': 'https://images4-f.ravelrycache.com/uploads/silhof/871574720/IMG_8446_small2.jpg', 'caption': None, 'caption_html': None, 'copyright_holder': None}, {'id': 115162844, 'sort_order': 31, 'user_id': 677443, 'x_offset': 2, 'y_offset': -13, 'square_url': 'https://images4-g.ravelrycache.com/uploads/tomkai/872947750/20220830_155923_square.jpg', 'medium_url': 'https://images4-f.ravelrycache.com/uploads/tomkai/872947750/20220830_155923_medium.jpg', 'thumbnail_url': 'https://images4-g.ravelrycache.com/uploads/tomkai/872947750/20220830_155923_thumbnail.jpg', 'small_url': 'https://images4-f.ravelrycache.com/uploads/tomkai/872947750/20220830_155923_small.jpg', 'flickr_url': None, 'shelved_url': 'https://images4-g.ravelrycache.com/uploads/tomkai/872947750/20220830_155923_shelved.jpg', 'medium2_url': 'https://images4-a.ravelrycache.com/uploads/tomkai/872947750/20220830_155923_medium2.jpg', 'small2_url': 'https://images4-g.ravelrycache.com/uploads/tomkai/872947750/20220830_155923_small2.jpg', 'caption': None, 'caption_html': None, 'copyright_holder': None}, {'id': 116089968, 'sort_order': 32, 'user_id': 7797608, 'x_offset': -13, 'y_offset': 0, 'square_url': 'https://images4-g.ravelrycache.com/uploads/Oekotante/881499702/IMG_5152__2__square.JPG', 'medium_url': 'https://images4-f.ravelrycache.com/uploads/Oekotante/881499702/IMG_5152__2__medium.JPG', 'thumbnail_url': 'https://images4-f.ravelrycache.com/uploads/Oekotante/881499702/IMG_5152__2__thumbnail.JPG', 'small_url': 'https://images4-f.ravelrycache.com/uploads/Oekotante/881499702/IMG_5152__2__small_best_fit.JPG', 'flickr_url': None, 'shelved_url': 'https://images4-g.ravelrycache.com/uploads/Oekotante/881499702/IMG_5152__2__shelved.JPG', 'medium2_url': 'https://images4-a.ravelrycache.com/uploads/Oekotante/881499702/IMG_5152__2__medium2.JPG', 'small2_url': 'https://images4-g.ravelrycache.com/uploads/Oekotante/881499702/IMG_5152__2__small2.JPG', 'caption': None, 'caption_html': None, 'copyright_holder': None}, {'id': 115162008, 'sort_order': 33, 'user_id': 43902, 'x_offset': -5, 'y_offset': -35, 'square_url': 'https://images4-f.ravelrycache.com/uploads/schroedersocke/872082678/AE948EAC-5AD5-4CC9-9717-7384F28F3A6F_square.jpeg', 'medium_url': 'https://images4-f.ravelrycache.com/uploads/schroedersocke/872082678/AE948EAC-5AD5-4CC9-9717-7384F28F3A6F_medium.jpeg', 'thumbnail_url': 'https://images4-f.ravelrycache.com/uploads/schroedersocke/872082678/AE948EAC-5AD5-4CC9-9717-7384F28F3A6F_thumbnail.jpeg', 'small_url': 'https://images4-g.ravelrycache.com/uploads/schroedersocke/872082678/AE948EAC-5AD5-4CC9-9717-7384F28F3A6F_small.jpeg', 'flickr_url': None, 'shelved_url': 'https://images4-g.ravelrycache.com/uploads/schroedersocke/872082678/AE948EAC-5AD5-4CC9-9717-7384F28F3A6F_shelved.jpeg', 'medium2_url': 'https://images4-a.ravelrycache.com/uploads/schroedersocke/872082678/AE948EAC-5AD5-4CC9-9717-7384F28F3A6F_medium2.jpeg', 'small2_url': 'https://images4-g.ravelrycache.com/uploads/schroedersocke/872082678/AE948EAC-5AD5-4CC9-9717-7384F28F3A6F_small2.jpeg', 'caption': None, 'caption_html': None, 'copyright_holder': None}, {'id': 115200950, 'sort_order': 34, 'user_id': 1719391, 'x_offset': 0, 'y_offset': -40, 'square_url': 'https://images4-f.ravelrycache.com/uploads/binemayabine/873914361/20220904_183817_square.jpg', 'medium_url': 'https://images4-g.ravelrycache.com/uploads/binemayabine/873914361/20220904_183817_medium.jpg', 'thumbnail_url': 'https://images4-f.ravelrycache.com/uploads/binemayabine/873914361/20220904_183817_thumbnail.jpg', 'small_url': 'https://images4-g.ravelrycache.com/uploads/binemayabine/873914361/20220904_183817_small_best_fit.jpg', 'flickr_url': None, 'shelved_url': 'https://images4-f.ravelrycache.com/uploads/binemayabine/873914361/20220904_183817_shelved.jpg', 'medium2_url': 'https://images4-a.ravelrycache.com/uploads/binemayabine/873914361/20220904_183817_medium2.jpg', 'small2_url': 'https://images4-f.ravelrycache.com/uploads/binemayabine/873914361/20220904_183817_small2.jpg', 'caption': None, 'caption_html': None, 'copyright_holder': None}, {'id': 116089972, 'sort_order': 35, 'user_id': 7797608, 'x_offset': 0, 'y_offset': -49, 'square_url': 'https://images4-f.ravelrycache.com/uploads/Oekotante/881499705/IMG_5234__2__square.JPG', 'medium_url': 'https://images4-g.ravelrycache.com/uploads/Oekotante/881499705/IMG_5234__2__medium.JPG', 'thumbnail_url': 'https://images4-g.ravelrycache.com/uploads/Oekotante/881499705/IMG_5234__2__thumbnail.JPG', 'small_url': 'https://images4-f.ravelrycache.com/uploads/Oekotante/881499705/IMG_5234__2__small_best_fit.JPG', 'flickr_url': None, 'shelved_url': 'https://images4-f.ravelrycache.com/uploads/Oekotante/881499705/IMG_5234__2__shelved.JPG', 'medium2_url': 'https://images4-a.ravelrycache.com/uploads/Oekotante/881499705/IMG_5234__2__medium2.JPG', 'small2_url': 'https://images4-f.ravelrycache.com/uploads/Oekotante/881499705/IMG_5234__2__small2.JPG', 'caption': None, 'caption_html': None, 'copyright_holder': None}, {'id': 115169710, 'sort_order': 36, 'user_id': 747645, 'x_offset': -35, 'y_offset': -5, 'square_url': 'https://images4-f.ravelrycache.com/uploads/Anja1973/870439704/4884810A-D214-40C0-8495-75B0A0534FC9_square.jpeg', 'medium_url': 'https://images4-f.ravelrycache.com/uploads/Anja1973/870439704/4884810A-D214-40C0-8495-75B0A0534FC9_medium.jpeg', 'thumbnail_url': 'https://images4-f.ravelrycache.com/uploads/Anja1973/870439704/4884810A-D214-40C0-8495-75B0A0534FC9_thumbnail.jpeg', 'small_url': 'https://images4-g.ravelrycache.com/uploads/Anja1973/870439704/4884810A-D214-40C0-8495-75B0A0534FC9_small.jpeg', 'flickr_url': None, 'shelved_url': 'https://images4-g.ravelrycache.com/uploads/Anja1973/870439704/4884810A-D214-40C0-8495-75B0A0534FC9_shelved.jpeg', 'medium2_url': 'https://images4-a.ravelrycache.com/uploads/Anja1973/870439704/4884810A-D214-40C0-8495-75B0A0534FC9_medium2.jpeg', 'small2_url': 'https://images4-g.ravelrycache.com/uploads/Anja1973/870439704/4884810A-D214-40C0-8495-75B0A0534FC9_small2.jpeg', 'caption': None, 'caption_html': None, 'copyright_holder': None}, {'id': 115162037, 'sort_order': 37, 'user_id': 1941362, 'x_offset': -5, 'y_offset': -35, 'square_url': 'https://images4-f.ravelrycache.com/uploads/propolis/874068049/P1060481_square.JPG', 'medium_url': 'https://images4-g.ravelrycache.com/uploads/propolis/874068049/P1060481_medium.JPG', 'thumbnail_url': 'https://images4-g.ravelrycache.com/uploads/propolis/874068049/P1060481_thumbnail.JPG', 'small_url': 'https://images4-g.ravelrycache.com/uploads/propolis/874068049/P1060481_small.JPG', 'flickr_url': None, 'shelved_url': 'https://images4-g.ravelrycache.com/uploads/propolis/874068049/P1060481_shelved.JPG', 'medium2_url': 'https://images4-a.ravelrycache.com/uploads/propolis/874068049/P1060481_medium2.JPG', 'small2_url': 'https://images4-f.ravelrycache.com/uploads/propolis/874068049/P1060481_small2.JPG', 'caption': None, 'caption_html': None, 'copyright_holder': None}, {'id': 115168774, 'sort_order': 38, 'user_id': 3783107, 'x_offset': -35, 'y_offset': -5, 'square_url': 'https://images4-g.ravelrycache.com/uploads/marysia57/871961836/IMG_20220824_184320_square.jpg', 'medium_url': 'https://images4-f.ravelrycache.com/uploads/marysia57/871961836/IMG_20220824_184320_medium.jpg', 'thumbnail_url': 'https://images4-f.ravelrycache.com/uploads/marysia57/871961836/IMG_20220824_184320_thumbnail.jpg', 'small_url': 'https://images4-g.ravelrycache.com/uploads/marysia57/871961836/IMG_20220824_184320_small.jpg', 'flickr_url': None, 'shelved_url': 'https://images4-f.ravelrycache.com/uploads/marysia57/871961836/IMG_20220824_184320_shelved.jpg', 'medium2_url': 'https://images4-a.ravelrycache.com/uploads/marysia57/871961836/IMG_20220824_184320_medium2.jpg', 'small2_url': 'https://images4-g.ravelrycache.com/uploads/marysia57/871961836/IMG_20220824_184320_small2.jpg', 'caption': None, 'caption_html': None, 'copyright_holder': None}, {'id': 115161428, 'sort_order': 39, 'user_id': 7797608, 'x_offset': -5, 'y_offset': -69, 'square_url': 'https://images4-f.ravelrycache.com/uploads/Oekotante/867234050/IMG_3562__2__square.JPG', 'medium_url': 'https://images4-g.ravelrycache.com/uploads/Oekotante/867234050/IMG_3562__2__medium.JPG', 'thumbnail_url': 'https://images4-g.ravelrycache.com/uploads/Oekotante/867234050/IMG_3562__2__thumbnail.JPG', 'small_url': 'https://images4-g.ravelrycache.com/uploads/Oekotante/867234050/IMG_3562__2__small_best_fit.JPG', 'flickr_url': None, 'shelved_url': 'https://images4-f.ravelrycache.com/uploads/Oekotante/867234050/IMG_3562__2__shelved.JPG', 'medium2_url': 'https://images4-a.ravelrycache.com/uploads/Oekotante/867234050/IMG_3562__2__medium2.JPG', 'small2_url': 'https://images4-f.ravelrycache.com/uploads/Oekotante/867234050/IMG_3562__2__small2.JPG', 'caption': None, 'caption_html': None, 'copyright_holder': None}, {'id': 115161427, 'sort_order': 40, 'user_id': 7797608, 'x_offset': 0, 'y_offset': -49, 'square_url': 'https://images4-g.ravelrycache.com/uploads/Oekotante/867234053/IMG_3565__2__square.JPG', 'medium_url': 'https://images4-f.ravelrycache.com/uploads/Oekotante/867234053/IMG_3565__2__medium.JPG', 'thumbnail_url': 'https://images4-g.ravelrycache.com/uploads/Oekotante/867234053/IMG_3565__2__thumbnail.JPG', 'small_url': 'https://images4-f.ravelrycache.com/uploads/Oekotante/867234053/IMG_3565__2__small_best_fit.JPG', 'flickr_url': None, 'shelved_url': 'https://images4-f.ravelrycache.com/uploads/Oekotante/867234053/IMG_3565__2__shelved.JPG', 'medium2_url': 'https://images4-a.ravelrycache.com/uploads/Oekotante/867234053/IMG_3565__2__medium2.JPG', 'small2_url': 'https://images4-g.ravelrycache.com/uploads/Oekotante/867234053/IMG_3565__2__small2.JPG', 'caption': None, 'caption_html': None, 'copyright_holder': None}, {'id': 115161430, 'sort_order': 41, 'user_id': 7797608, 'x_offset': 0, 'y_offset': -61, 'square_url': 'https://images4-g.ravelrycache.com/uploads/Oekotante/867234057/IMG_3545__2__square.JPG', 'medium_url': 'https://images4-f.ravelrycache.com/uploads/Oekotante/867234057/IMG_3545__2__medium.JPG', 'thumbnail_url': 'https://images4-g.ravelrycache.com/uploads/Oekotante/867234057/IMG_3545__2__thumbnail.JPG', 'small_url': 'https://images4-g.ravelrycache.com/uploads/Oekotante/867234057/IMG_3545__2__small_best_fit.JPG', 'flickr_url': None, 'shelved_url': 'https://images4-g.ravelrycache.com/uploads/Oekotante/867234057/IMG_3545__2__shelved.JPG', 'medium2_url': 'https://images4-a.ravelrycache.com/uploads/Oekotante/867234057/IMG_3545__2__medium2.JPG', 'small2_url': 'https://images4-g.ravelrycache.com/uploads/Oekotante/867234057/IMG_3545__2__small2.JPG', 'caption': None, 'caption_html': None, 'copyright_holder': None}, {'id': 115161431, 'sort_order': 42, 'user_id': 7797608, 'x_offset': 0, 'y_offset': -43, 'square_url': 'https://images4-g.ravelrycache.com/uploads/Oekotante/867234051/IMG_3536__2__square.JPG', 'medium_url': 'https://images4-f.ravelrycache.com/uploads/Oekotante/867234051/IMG_3536__2__medium.JPG', 'thumbnail_url': 'https://images4-g.ravelrycache.com/uploads/Oekotante/867234051/IMG_3536__2__thumbnail.JPG', 'small_url': 'https://images4-f.ravelrycache.com/uploads/Oekotante/867234051/IMG_3536__2__small_best_fit.JPG', 'flickr_url': None, 'shelved_url': 'https://images4-f.ravelrycache.com/uploads/Oekotante/867234051/IMG_3536__2__shelved.JPG', 'medium2_url': 'https://images4-a.ravelrycache.com/uploads/Oekotante/867234051/IMG_3536__2__medium2.JPG', 'small2_url': 'https://images4-g.ravelrycache.com/uploads/Oekotante/867234051/IMG_3536__2__small2.JPG', 'caption': None, 'caption_html': None, 'copyright_holder': None}, {'id': 115263699, 'sort_order': 43, 'user_id': 747645, 'x_offset': -5, 'y_offset': -35, 'square_url': 'https://images4-g.ravelrycache.com/uploads/Anja1973/874792455/CCE8E5C9-0A8D-4163-B00F-03BFED60AFBA_square.jpeg', 'medium_url': 'https://images4-g.ravelrycache.com/uploads/Anja1973/874792455/CCE8E5C9-0A8D-4163-B00F-03BFED60AFBA_medium.jpeg', 'thumbnail_url': 'https://images4-f.ravelrycache.com/uploads/Anja1973/874792455/CCE8E5C9-0A8D-4163-B00F-03BFED60AFBA_thumbnail.jpeg', 'small_url': 'https://images4-g.ravelrycache.com/uploads/Anja1973/874792455/CCE8E5C9-0A8D-4163-B00F-03BFED60AFBA_small.jpeg', 'flickr_url': None, 'shelved_url': 'https://images4-g.ravelrycache.com/uploads/Anja1973/874792455/CCE8E5C9-0A8D-4163-B00F-03BFED60AFBA_shelved.jpeg', 'medium2_url': 'https://images4-a.ravelrycache.com/uploads/Anja1973/874792455/CCE8E5C9-0A8D-4163-B00F-03BFED60AFBA_medium2.jpeg', 'small2_url': 'https://images4-f.ravelrycache.com/uploads/Anja1973/874792455/CCE8E5C9-0A8D-4163-B00F-03BFED60AFBA_small2.jpeg', 'caption': None, 'caption_html': None, 'copyright_holder': None}]"
Queen’s Gambit Sweater,Lion Brand Yarn,1268473,https://www.ravelry.com/patterns/library/queens-gambit-sweater,True,https://images4-a.ravelrycache.com/uploads/ImpudentOtter/874082728/upload_medium2,Knitting,"['adult', 'seamed', 'stranded', 'bottom-up', 'positive-ease', 'chart', 'written-pattern', 'female', 'teen', 'crew-neck', 'long-sleeve', 'worked-flat', 'schematic']",23.0,0.0,True,4.0,Stockinette Stitch,pullover,DK,7,0.0,"34 (42, 51) in. / 86.5 (106.5, 129.5) cm","[{'id': 115162884, 'sort_order': 1, 'user_id': 272369, 'x_offset': 0, 'y_offset': -43, 'square_url': 'https://images4-g.ravelrycache.com/uploads/ImpudentOtter/874082728/upload_square', 'medium_url': 'https://images4-f.ravelrycache.com/uploads/ImpudentOtter/874082728/upload_medium', 'thumbnail_url': 'https://images4-g.ravelrycache.com/uploads/ImpudentOtter/874082728/upload_thumbnail', 'small_url': 'https://images4-f.ravelrycache.com/uploads/ImpudentOtter/874082728/upload_small_best_fit', 'flickr_url': None, 'shelved_url': 'https://images4-f.ravelrycache.com/uploads/ImpudentOtter/874082728/upload_shelved', 'medium2_url': 'https://images4-a.ravelrycache.com/uploads/ImpudentOtter/874082728/upload_medium2', 'small2_url': 'https://images4-g.ravelrycache.com/uploads/ImpudentOtter/874082728/upload_small2', 'caption': None, 'caption_html': None, 'copyright_holder': None}]"
p.22 Voluminous Flared Pullover,michiyo,1268643,https://www.ravelry.com/patterns/library/p22-voluminous-flared-pullover,False,https://images4-a.ravelrycache.com/uploads/Nihonvoguesha/878220962/22_medium2.jpg,Knitting,"['bobble-or-popcorn', 'circular-yoke', '3-4-sleeve', 'aline', 'seamless', 'top-down', 'in-the-round']",23.0,0.0,False,4.0,stocking stitch,pullover,Lace,5,0.0,"finished chest 127cm, 134cm, 141cm, 148cm","[{'id': 115680242, 'sort_order': 1, 'user_id': 5310110, 'x_offset': 0, 'y_offset': 0, 'square_url': 'https://images4-g.ravelrycache.com/uploads/Nihonvoguesha/878220962/22_square.jpg', 'medium_url': 'https://images4-f.ravelrycache.com/uploads/Nihonvoguesha/878220962/22_medium.jpg', 'thumbnail_url': 'https://images4-g.ravelrycache.com/uploads/Nihonvoguesha/878220962/22_thumbnail.jpg', 'small_url': 'https://images4-f.ravelrycache.com/uploads/Nihonvoguesha/878220962/22_small_best_fit.jpg', 'flickr_url': None, 'shelved_url': 'https://images4-g.ravelrycache.com/uploads/Nihonvoguesha/878220962/22_shelved.jpg', 'medium2_url': 'https://images4-a.ravelrycache.com/uploads/Nihonvoguesha/878220962/22_medium2.jpg', 'small2_url': 'https://images4-g.ravelrycache.com/uploads/Nihonvoguesha/878220962/22_small2.jpg', 'caption': None, 'caption_html': None, 'copyright_holder': 'NIHON VOGUE SHA'}, {'id': 115680245, 'sort_order': 2, 'user_id': 5310110, 'x_offset': 0, 'y_offset': 0, 'square_url': 'https://images4-f.ravelrycache.com/uploads/Nihonvoguesha/878220989/22-2_square.jpg', 'medium_url': 'https://images4-g.ravelrycache.com/uploads/Nihonvoguesha/878220989/22-2_medium.jpg', 'thumbnail_url': 'https://images4-g.ravelrycache.com/uploads/Nihonvoguesha/878220989/22-2_thumbnail.jpg', 'small_url': 'https://images4-f.ravelrycache.com/uploads/Nihonvoguesha/878220989/22-2_small_best_fit.jpg', 'flickr_url': None, 'shelved_url': 'https://images4-g.ravelrycache.com/uploads/Nihonvoguesha/878220989/22-2_shelved.jpg', 'medium2_url': 'https://images4-a.ravelrycache.com/uploads/Nihonvoguesha/878220989/22-2_medium2.jpg', 'small2_url': 'https://images4-f.ravelrycache.com/uploads/Nihonvoguesha/878220989/22-2_small2.jpg', 'caption': None, 'caption_html': None, 'copyright_holder': 'NIHON VOGUE SHA'}, {'id': 115420308, 'sort_order': 3, 'user_id': 1418453, 'x_offset': -12, 'y_offset': -21, 'square_url': 'https://images4-g.ravelrycache.com/uploads/michiyoAMIMONO/876133275/IMG_0325_square.heic', 'medium_url': 'https://images4-g.ravelrycache.com/uploads/michiyoAMIMONO/876133275/IMG_0325_medium.heic', 'thumbnail_url': 'https://images4-f.ravelrycache.com/uploads/michiyoAMIMONO/876133275/IMG_0325_thumbnail.heic', 'small_url': 'https://images4-f.ravelrycache.com/uploads/michiyoAMIMONO/876133275/IMG_0325_small.heic', 'flickr_url': None, 'shelved_url': 'https://images4-f.ravelrycache.com/uploads/michiyoAMIMONO/876133275/IMG_0325_shelved.heic', 'medium2_url': 'https://images4-a.ravelrycache.com/uploads/michiyoAMIMONO/876133275/IMG_0325_medium2.heic', 'small2_url': 'https://images4-f.ravelrycache.com/uploads/michiyoAMIMONO/876133275/IMG_0325_small2.heic', 'caption': None, 'caption_html': None, 'copyright_holder': None}, {'id': 115420309, 'sort_order': 4, 'user_id': 1418453, 'x_offset': -26, 'y_offset': -3, 'square_url': 'https://images4-f.ravelrycache.com/uploads/michiyoAMIMONO/876133274/IMG_0326_square.heic', 'medium_url': 'https://images4-f.ravelrycache.com/uploads/michiyoAMIMONO/876133274/IMG_0326_medium.heic', 'thumbnail_url': 'https://images4-f.ravelrycache.com/uploads/michiyoAMIMONO/876133274/IMG_0326_thumbnail.heic', 'small_url': 'https://images4-f.ravelrycache.com/uploads/michiyoAMIMONO/876133274/IMG_0326_small_best_fit.heic', 'flickr_url': None, 'shelved_url': 'https://images4-f.ravelrycache.com/uploads/michiyoAMIMONO/876133274/IMG_0326_shelved.heic', 'medium2_url': 'https://images4-a.ravelrycache.com/uploads/michiyoAMIMONO/876133274/IMG_0326_medium2.heic', 'small2_url': 'https://images4-g.ravelrycache.com/uploads/michiyoAMIMONO/876133274/IMG_0326_small2.heic', 'caption': None, 'caption_html': None, 'copyright_holder': None}]"
237-9  Cracked Walnuts Short Sleeve,DROPS design,1268659,https://www.ravelry.com/patterns/library/237-9-cracked-walnuts-short-sleeve,True,https://images4-a.ravelrycache.com/uploads/Drops/874233993/9-2_medium2.jpg,Knitting,"['female', 'teen', 'adult', 'petite', 'plus', 'cables', 'ribbed', 'textured', 'seamed', 'crew-neck', 'one-piece', 'bottom-up', 'chart', 'written-pattern', 'worked-flat', 'schematic', 'cap-sleeve']",16.0,0.0,True,4.0,stocking stitch with larger needles,pullover,DK,9,0.0, XS - S - M - L - XL - XXL,"[{'id': 115181539, 'sort_order': 1, 'user_id': 32910, 'x_offset': -2, 'y_offset': -20, 'square_url': 'https://images4-g.ravelrycache.com/uploads/Drops/874233993/9-2_square.jpg', 'medium_url': 'https://images4-f.ravelrycache.com/uploads/Drops/874233993/9-2_medium.jpg', 'thumbnail_url': 'https://images4-f.ravelrycache.com/uploads/Drops/874233993/9-2_thumbnail.jpg', 'small_url': 'https://images4-f.ravelrycache.com/uploads/Drops/874233993/9-2_small_best_fit.jpg', 'flickr_url': None, 'shelved_url': 'https://images4-f.ravelrycache.com/uploads/Drops/874233993/9-2_shelved.jpg', 'medium2_url': 'https://images4-a.ravelrycache.com/uploads/Drops/874233993/9-2_medium2.jpg', 'small2_url': 'https://images4-g.ravelrycache.com/uploads/Drops/874233993/9-2_small2.jpg', 'caption': None, 'caption_html': None, 'copyright_holder': None}, {'id': 115181540, 'sort_order': 2, 'user_id': 32910, 'x_offset': 0, 'y_offset': -47, 'square_url': 'https://images4-f.ravelrycache.com/uploads/Drops/874233991/9b-2_square.jpg', 'medium_url': 'https://images4-g.ravelrycache.com/uploads/Drops/874233991/9b-2_medium.jpg', 'thumbnail_url': 'https://images4-g.ravelrycache.com/uploads/Drops/874233991/9b-2_thumbnail.jpg', 'small_url': 'https://images4-g.ravelrycache.com/uploads/Drops/874233991/9b-2_small_best_fit.jpg', 'flickr_url': None, 'shelved_url': 'https://images4-f.ravelrycache.com/uploads/Drops/874233991/9b-2_shelved.jpg', 'medium2_url': 'https://images4-a.ravelrycache.com/uploads/Drops/874233991/9b-2_medium2.jpg', 'small2_url': 'https://images4-f.ravelrycache.com/uploads/Drops/874233991/9b-2_small2.jpg', 'caption': None, 'caption_html': None, 'copyright_holder': None}, {'id': 115181541, 'sort_order': 3, 'user_id': 32910, 'x_offset': -4, 'y_offset': -23, 'square_url': 'https://images4-g.ravelrycache.com/uploads/Drops/874233992/9c-2_square.jpg', 'medium_url': 'https://images4-f.ravelrycache.com/uploads/Drops/874233992/9c-2_medium.jpg', 'thumbnail_url': 'https://images4-f.ravelrycache.com/uploads/Drops/874233992/9c-2_thumbnail.jpg', 'small_url': 'https://images4-g.ravelrycache.com/uploads/Drops/874233992/9c-2_small_best_fit.jpg', 'flickr_url': None, 'shelved_url': 'https://images4-g.ravelrycache.com/uploads/Drops/874233992/9c-2_shelved.jpg', 'medium2_url': 'https://images4-a.ravelrycache.com/uploads/Drops/874233992/9c-2_medium2.jpg', 'small2_url': 'https://images4-g.ravelrycache.com/uploads/Drops/874233992/9c-2_small2.jpg', 'caption': None, 'caption_html': None, 'copyright_holder': None}, {'id': 115181542, 'sort_order': 4, 'user_id': 32910, 'x_offset': 0, 'y_offset': -36, 'square_url': 'https://images4-g.ravelrycache.com/uploads/Drops/874233990/9d-2_square.jpg', 'medium_url': 'https://images4-f.ravelrycache.com/uploads/Drops/874233990/9d-2_medium.jpg', 'thumbnail_url': 'https://images4-f.ravelrycache.com/uploads/Drops/874233990/9d-2_thumbnail.jpg', 'small_url': 'https://images4-f.ravelrycache.com/uploads/Drops/874233990/9d-2_small_best_fit.jpg', 'flickr_url': None, 'shelved_url': 'https://images4-f.ravelrycache.com/uploads/Drops/874233990/9d-2_shelved.jpg', 'medium2_url': 'https://images4-a.ravelrycache.com/uploads/Drops/874233990/9d-2_medium2.jpg', 'small2_url': 'https://images4-g.ravelrycache.com/uploads/Drops/874233990/9d-2_small2.jpg', 'caption': None, 'caption_html': None, 'copyright_holder': None}, {'id': 115181543, 'sort_order': 5, 'user_id': 32910, 'x_offset': 0, 'y_offset': -47, 'square_url': 'https://images4-f.ravelrycache.com/uploads/Drops/874233989/9e-2_square.jpg', 'medium_url': 'https://images4-g.ravelrycache.com/uploads/Drops/874233989/9e-2_medium.jpg', 'thumbnail_url': 'https://images4-g.ravelrycache.com/uploads/Drops/874233989/9e-2_thumbnail.jpg', 'small_url': 'https://images4-g.ravelrycache.com/uploads/Drops/874233989/9e-2_small_best_fit.jpg', 'flickr_url': None, 'shelved_url': 'https://images4-g.ravelrycache.com/uploads/Drops/874233989/9e-2_shelved.jpg', 'medium2_url': 'https://images4-a.ravelrycache.com/uploads/Drops/874233989/9e-2_medium2.jpg', 'small2_url': 'https://images4-f.ravelrycache.com/uploads/Drops/874233989/9e-2_small2.jpg', 'caption': None, 'caption_html': None, 'copyright_holder': None}]"
Lime Sweater,we are knitters,1268678,https://www.ravelry.com/patterns/library/lime-sweater,False,https://images4-a.ravelrycache.com/uploads/weareknitters/874243122/lime_sweater_medium2.jpg,Knitting,['adult'],,1.3333333333333333,False,4.0,,pullover,Super Bulky,9,4.666666666666667,"S, M, L, XL","[{'id': 115182676, 'sort_order': 1, 'user_id': 3343245, 'x_offset': -2, 'y_offset': -35, 'square_url': 'https://images4-g.ravelrycache.com/uploads/weareknitters/874243122/lime_sweater_square.jpg', 'medium_url': 'https://images4-f.ravelrycache.com/uploads/weareknitters/874243122/lime_sweater_medium.jpg', 'thumbnail_url': 'https://images4-g.ravelrycache.com/uploads/weareknitters/874243122/lime_sweater_thumbnail.jpg', 'small_url': 'https://images4-g.ravelrycache.com/uploads/weareknitters/874243122/lime_sweater_small.jpg', 'flickr_url': None, 'shelved_url': 'https://images4-f.ravelrycache.com/uploads/weareknitters/874243122/lime_sweater_shelved.jpg', 'medium2_url': 'https://images4-a.ravelrycache.com/uploads/weareknitters/874243122/lime_sweater_medium2.jpg', 'small2_url': 'https://images4-g.ravelrycache.com/uploads/weareknitters/874243122/lime_sweater_small2.jpg', 'caption': None, 'caption_html': None, 'copyright_holder': None}]"
Owlness Sweater,Claire Slade,1268710,https://www.ravelry.com/patterns/library/owlness-sweater,False,https://images4-a.ravelrycache.com/uploads/VerilyKnits/874238635/Photo_16-06-2022__09_52_56_medium2.png,Knitting,"['adult', 'circular-yoke', 'short-sleeve', 'stranded', 'one-piece', 'seamless', 'top-down', 'in-the-round', 'chart', 'schematic']",26.0,4.25,True,4.0,"stockinette stitch, blocked",pullover,Fingering,10,4.75,"1 (2, 3, 4, 5)(6, 7, 8, 9, 10)","[{'id': 115184366, 'sort_order': 1, 'user_id': 157865, 'x_offset': -5, 'y_offset': -35, 'square_url': 'https://images4-g.ravelrycache.com/uploads/VerilyKnits/874238635/Photo_16-06-2022__09_52_56_square.png', 'medium_url': 'https://images4-f.ravelrycache.com/uploads/VerilyKnits/874238635/Photo_16-06-2022__09_52_56_medium.png', 'thumbnail_url': 'https://images4-g.ravelrycache.com/uploads/VerilyKnits/874238635/Photo_16-06-2022__09_52_56_thumbnail.png', 'small_url': 'https://images4-f.ravelrycache.com/uploads/VerilyKnits/874238635/Photo_16-06-2022__09_52_56_small.png', 'flickr_url': None, 'shelved_url': 'https://images4-g.ravelrycache.com/uploads/VerilyKnits/874238635/Photo_16-06-2022__09_52_56_shelved.png', 'medium2_url': 'https://images4-a.ravelrycache.com/uploads/VerilyKnits/874238635/Photo_16-06-2022__09_52_56_medium2.png', 'small2_url': 'https://images4-g.ravelrycache.com/uploads/VerilyKnits/874238635/Photo_16-06-2022__09_52_56_small2.png', 'caption': None, 'caption_html': None, 'copyright_holder': None}, {'id': 115184367, 'sort_order': 2, 'user_id': 157865, 'x_offset': -5, 'y_offset': -35, 'square_url': 'https://images4-f.ravelrycache.com/uploads/VerilyKnits/874238630/Photo_16-06-2022__09_50_06_square.png', 'medium_url': 'https://images4-g.ravelrycache.com/uploads/VerilyKnits/874238630/Photo_16-06-2022__09_50_06_medium.png', 'thumbnail_url': 'https://images4-g.ravelrycache.com/uploads/VerilyKnits/874238630/Photo_16-06-2022__09_50_06_thumbnail.png', 'small_url': 'https://images4-f.ravelrycache.com/uploads/VerilyKnits/874238630/Photo_16-06-2022__09_50_06_small.png', 'flickr_url': None, 'shelved_url': 'https://images4-f.ravelrycache.com/uploads/VerilyKnits/874238630/Photo_16-06-2022__09_50_06_shelved.png', 'medium2_url': 'https://images4-a.ravelrycache.com/uploads/VerilyKnits/874238630/Photo_16-06-2022__09_50_06_medium2.png', 'small2_url': 'https://images4-f.ravelrycache.com/uploads/VerilyKnits/874238630/Photo_16-06-2022__09_50_06_small2.png', 'caption': None, 'caption_html': None, 'copyright_holder': None}, {'id': 115184368, 'sort_order': 3, 'user_id': 157865, 'x_offset': -20, 'y_offset': 0, 'square_url': 'https://images4-g.ravelrycache.com/uploads/VerilyKnits/874238644/Photo_16-06-2022__09_51_49_square.png', 'medium_url': 'https://images4-f.ravelrycache.com/uploads/VerilyKnits/874238644/Photo_16-06-2022__09_51_49_medium.png', 'thumbnail_url': 'https://images4-g.ravelrycache.com/uploads/VerilyKnits/874238644/Photo_16-06-2022__09_51_49_thumbnail.png', 'small_url': 'https://images4-g.ravelrycache.com/uploads/VerilyKnits/874238644/Photo_16-06-2022__09_51_49_small_best_fit.png', 'flickr_url': None, 'shelved_url': 'https://images4-f.ravelrycache.com/uploads/VerilyKnits/874238644/Photo_16-06-2022__09_51_49_shelved.png', 'medium2_url': 'https://images4-a.ravelrycache.com/uploads/VerilyKnits/874238644/Photo_16-06-2022__09_51_49_medium2.png', 'small2_url': 'https://images4-g.ravelrycache.com/uploads/VerilyKnits/874238644/Photo_16-06-2022__09_51_49_small2.png', 'caption': None, 'caption_html': None, 'copyright_holder': None}, {'id': 115184369, 'sort_order': 4, 'user_id': 157865, 'x_offset': 1, 'y_offset': -20, 'square_url': 'https://images4-g.ravelrycache.com/uploads/VerilyKnits/874238632/Photo_16-06-2022__09_53_17_square.png', 'medium_url': 'https://images4-f.ravelrycache.com/uploads/VerilyKnits/874238632/Photo_16-06-2022__09_53_17_medium.png', 'thumbnail_url': 'https://images4-f.ravelrycache.com/uploads/VerilyKnits/874238632/Photo_16-06-2022__09_53_17_thumbnail.png', 'small_url': 'https://images4-g.ravelrycache.com/uploads/VerilyKnits/874238632/Photo_16-06-2022__09_53_17_small_best_fit.png', 'flickr_url': None, 'shelved_url': 'https://images4-g.ravelrycache.com/uploads/VerilyKnits/874238632/Photo_16-06-2022__09_53_17_shelved.png', 'medium2_url': 'https://images4-a.ravelrycache.com/uploads/VerilyKnits/874238632/Photo_16-06-2022__09_53_17_medium2.png', 'small2_url': 'https://images4-g.ravelrycache.com/uploads/VerilyKnits/874238632/Photo_16-06-2022__09_53_17_small2.png', 'caption': None, 'caption_html': None, 'copyright_holder': ''}, {'id': 115184370, 'sort_order': 5, 'user_id': 157865, 'x_offset': -14, 'y_offset': 0, 'square_url': 'https://images4-g.ravelrycache.com/uploads/VerilyKnits/874238628/Photo_16-06-2022__09_49_53_square.png', 'medium_url': 'https://images4-f.ravelrycache.com/uploads/VerilyKnits/874238628/Photo_16-06-2022__09_49_53_medium.png', 'thumbnail_url': 'https://images4-g.ravelrycache.com/uploads/VerilyKnits/874238628/Photo_16-06-2022__09_49_53_thumbnail.png', 'small_url': 'https://images4-f.ravelrycache.com/uploads/VerilyKnits/874238628/Photo_16-06-2022__09_49_53_small_best_fit.png', 'flickr_url': None, 'shelved_url': 'https://images4-g.ravelrycache.com/uploads/VerilyKnits/874238628/Photo_16-06-2022__09_49_53_shelved.png', 'medium2_url': 'https://images4-a.ravelrycache.com/uploads/VerilyKnits/874238628/Photo_16-06-2022__09_49_53_medium2.png', 'small2_url': 'https://images4-g.ravelrycache.com/uploads/VerilyKnits/874238628/Photo_16-06-2022__09_49_53_small2.png', 'caption': None, 'caption_html': None, 'copyright_holder': None}, {'id': 115184371, 'sort_order': 6, 'user_id': 157865, 'x_offset': -5, 'y_offset': -35, 'square_url': 'https://images4-g.ravelrycache.com/uploads/VerilyKnits/874238629/Photo_16-06-2022__09_49_15_square.png', 'medium_url': 'https://images4-f.ravelrycache.com/uploads/VerilyKnits/874238629/Photo_16-06-2022__09_49_15_medium.png', 'thumbnail_url': 'https://images4-g.ravelrycache.com/uploads/VerilyKnits/874238629/Photo_16-06-2022__09_49_15_thumbnail.png', 'small_url': 'https://images4-f.ravelrycache.com/uploads/VerilyKnits/874238629/Photo_16-06-2022__09_49_15_small.png', 'flickr_url': None, 'shelved_url': 'https://images4-f.ravelrycache.com/uploads/VerilyKnits/874238629/Photo_16-06-2022__09_49_15_shelved.png', 'medium2_url': 'https://images4-a.ravelrycache.com/uploads/VerilyKnits/874238629/Photo_16-06-2022__09_49_15_medium2.png', 'small2_url': 'https://images4-g.ravelrycache.com/uploads/VerilyKnits/874238629/Photo_16-06-2022__09_49_15_small2.png', 'caption': None, 'caption_html': None, 'copyright_holder': None}, {'id': 115184372, 'sort_order': 7, 'user_id': 157865, 'x_offset': 0, 'y_offset': -35, 'square_url': 'https://images4-f.ravelrycache.com/uploads/VerilyKnits/874238760/schempic_square.png', 'medium_url': 'https://images4-g.ravelrycache.com/uploads/VerilyKnits/874238760/schempic_medium.png', 'thumbnail_url': 'https://images4-f.ravelrycache.com/uploads/VerilyKnits/874238760/schempic_thumbnail.png', 'small_url': 'https://images4-g.ravelrycache.com/uploads/VerilyKnits/874238760/schempic_small.png', 'flickr_url': None, 'shelved_url': 'https://images4-f.ravelrycache.com/uploads/VerilyKnits/874238760/schempic_shelved.png', 'medium2_url': 'https://images4-a.ravelrycache.com/uploads/VerilyKnits/874238760/schempic_medium2.png', 'small2_url': 'https://images4-f.ravelrycache.com/uploads/VerilyKnits/874238760/schempic_small2.png', 'caption': None, 'caption_html': None, 'copyright_holder': None}]"
RIGARA Sweater,Sarah Fleming S.,1268808,https://www.ravelry.com/patterns/library/rigara-sweater,False,https://images4-a.ravelrycache.com/uploads/Lennonknitwear/874325029/8074983E-DB48-4CA9-8733-FC0317B572FD_medium2.jpeg,Knitting,"['baby', 'toddler', 'child', 'doubleknit', 'top-down', 'in-the-round', 'other-colorwork']",14.0,0.0,True,4.0,Stockinette,child,Worsted,3,0.0,"3M, 6M, 12M, 18M, 2Y, 3Y, 4Y","[{'id': 115192944, 'sort_order': 1, 'user_id': 10862900, 'x_offset': -1, 'y_offset': 0, 'square_url': 'https://images4-f.ravelrycache.com/uploads/Lennonknitwear/874325029/8074983E-DB48-4CA9-8733-FC0317B572FD_square.jpeg', 'medium_url': 'https://images4-f.ravelrycache.com/uploads/Lennonknitwear/874325029/8074983E-DB48-4CA9-8733-FC0317B572FD_medium.jpeg', 'thumbnail_url': 'https://images4-g.ravelrycache.com/uploads/Lennonknitwear/874325029/8074983E-DB48-4CA9-8733-FC0317B572FD_thumbnail.jpeg', 'small_url': 'https://images4-f.ravelrycache.com/uploads/Lennonknitwear/874325029/8074983E-DB48-4CA9-8733-FC0317B572FD_small_best_fit.jpeg', 'flickr_url': None, 'shelved_url': 'https://images4-f.ravelrycache.com/uploads/Lennonknitwear/874325029/8074983E-DB48-4CA9-8733-FC0317B572FD_shelved.jpeg', 'medium2_url': 'https://images4-a.ravelrycache.com/uploads/Lennonknitwear/874325029/8074983E-DB48-4CA9-8733-FC0317B572FD_medium2.jpeg', 'small2_url': 'https://images4-g.ravelrycache.com/uploads/Lennonknitwear/874325029/8074983E-DB48-4CA9-8733-FC0317B572FD_small2.jpeg', 'caption': None, 'caption_html': None, 'copyright_holder': None}]"
237-5 Woodland Pixie,DROPS design,1268889,https://www.ravelry.com/patterns/library/237-5-woodland-pixie,True,https://images4-a.ravelrycache.com/uploads/Drops/874403243/5-2_medium2.jpg,Knitting,"['female', 'teen', 'adult', 'plus', 'bottom-up', 'hood', 'seamed', 'buttoned', 'buttonholes', 'selvedge', 'chart', 'written-pattern', 'video-tutorial', 'worked-flat', 'in-the-round', 'schematic', 'long-sleeve', 'front-fastening', 'drop-sleeve', 'crew-neck']",17.0,0.0,True,4.0,garter stitch,pullover,Sport,5,0.0,S – M – L – XL – XXL – XXXL,"[{'id': 115202494, 'sort_order': 1, 'user_id': 32910, 'x_offset': 0, 'y_offset': -47, 'square_url': 'https://images4-f.ravelrycache.com/uploads/Drops/874403243/5-2_square.jpg', 'medium_url': 'https://images4-g.ravelrycache.com/uploads/Drops/874403243/5-2_medium.jpg', 'thumbnail_url': 'https://images4-f.ravelrycache.com/uploads/Drops/874403243/5-2_thumbnail.jpg', 'small_url': 'https://images4-f.ravelrycache.com/uploads/Drops/874403243/5-2_small_best_fit.jpg', 'flickr_url': None, 'shelved_url': 'https://images4-f.ravelrycache.com/uploads/Drops/874403243/5-2_shelved.jpg', 'medium2_url': 'https://images4-a.ravelrycache.com/uploads/Drops/874403243/5-2_medium2.jpg', 'small2_url': 'https://images4-f.ravelrycache.com/uploads/Drops/874403243/5-2_small2.jpg', 'caption': None, 'caption_html': None, 'copyright_holder': None}, {'id': 115202495, 'sort_order': 2, 'user_id': 32910, 'x_offset': -2, 'y_offset': -29, 'square_url': 'https://images4-f.ravelrycache.com/uploads/Drops/874403244/5b-2_square.jpg', 'medium_url': 'https://images4-g.ravelrycache.com/uploads/Drops/874403244/5b-2_medium.jpg', 'thumbnail_url': 'https://images4-g.ravelrycache.com/uploads/Drops/874403244/5b-2_thumbnail.jpg', 'small_url': 'https://images4-g.ravelrycache.com/uploads/Drops/874403244/5b-2_small_best_fit.jpg', 'flickr_url': None, 'shelved_url': 'https://images4-g.ravelrycache.com/uploads/Drops/874403244/5b-2_shelved.jpg', 'medium2_url': 'https://images4-a.ravelrycache.com/uploads/Drops/874403244/5b-2_medium2.jpg', 'small2_url': 'https://images4-f.ravelrycache.com/uploads/Drops/874403244/5b-2_small2.jpg', 'caption': None, 'caption_html': None, 'copyright_holder': None}, {'id': 115202496, 'sort_order': 3, 'user_id': 32910, 'x_offset': 2, 'y_offset': -32, 'square_url': 'https://images4-g.ravelrycache.com/uploads/Drops/874403245/5c-2_square.jpg', 'medium_url': 'https://images4-f.ravelrycache.com/uploads/Drops/874403245/5c-2_medium.jpg', 'thumbnail_url': 'https://images4-f.ravelrycache.com/uploads/Drops/874403245/5c-2_thumbnail.jpg', 'small_url': 'https://images4-f.ravelrycache.com/uploads/Drops/874403245/5c-2_small_best_fit.jpg', 'flickr_url': None, 'shelved_url': 'https://images4-f.ravelrycache.com/uploads/Drops/874403245/5c-2_shelved.jpg', 'medium2_url': 'https://images4-a.ravelrycache.com/uploads/Drops/874403245/5c-2_medium2.jpg', 'small2_url': 'https://images4-g.ravelrycache.com/uploads/Drops/874403245/5c-2_small2.jpg', 'caption': None, 'caption_html': None, 'copyright_holder': None}, {'id': 115202497, 'sort_order': 4, 'user_id': 32910, 'x_offset': -3, 'y_offset': -21, 'square_url': 'https://images4-g.ravelrycache.com/uploads/Drops/874403242/5d-2_square.jpg', 'medium_url': 'https://images4-f.ravelrycache.com/uploads/Drops/874403242/5d-2_medium.jpg', 'thumbnail_url': 'https://images4-f.ravelrycache.com/uploads/Drops/874403242/5d-2_thumbnail.jpg', 'small_url': 'https://images4-f.ravelrycache.com/uploads/Drops/874403242/5d-2_small_best_fit.jpg', 'flickr_url': None, 'shelved_url': 'https://images4-g.ravelrycache.com/uploads/Drops/874403242/5d-2_shelved.jpg', 'medium2_url': 'https://images4-a.ravelrycache.com/uploads/Drops/874403242/5d-2_medium2.jpg', 'small2_url': 'https://images4-g.ravelrycache.com/uploads/Drops/874403242/5d-2_small2.jpg', 'caption': None, 'caption_html': None, 'copyright_holder': None}, {'id': 115202498, 'sort_order': 5, 'user_id': 32910, 'x_offset': 0, 'y_offset': -43, 'square_url': 'https://images4-f.ravelrycache.com/uploads/Drops/874403241/5e-2_square.jpg', 'medium_url': 'https://images4-g.ravelrycache.com/uploads/Drops/874403241/5e-2_medium.jpg', 'thumbnail_url': 'https://images4-g.ravelrycache.com/uploads/Drops/874403241/5e-2_thumbnail.jpg', 'small_url': 'https://images4-f.ravelrycache.com/uploads/Drops/874403241/5e-2_small_best_fit.jpg', 'flickr_url': None, 'shelved_url': 'https://images4-f.ravelrycache.com/uploads/Drops/874403241/5e-2_shelved.jpg', 'medium2_url': 'https://images4-a.ravelrycache.com/uploads/Drops/874403241/5e-2_medium2.jpg', 'small2_url': 'https://images4-f.ravelrycache.com/uploads/Drops/874403241/5e-2_small2.jpg', 'caption': None, 'caption_html': None, 'copyright_holder': None}]"
Yuriko,Walaa Emad,1268994,https://www.ravelry.com/patterns/library/yuriko,False,https://images4-a.ravelrycache.com/uploads/walaaemad/874318795/20220724_184458_medium2.jpg,Knitting,"['female', 'adult', 'eyelets', 'lace', 'ribbed', 'collar', 'crew-neck', 'long-sleeve', 'raglan-sleeve', 'one-piece', 'seamless', 'short-rows', 'top-down', 'positive-ease', 'chart', 'written-pattern', 'in-the-round', 'schematic']",22.0,3.4,True,4.0,Stockinette stitch in the round,pullover,Sport,15,4.8,"1, 2, 3, 4 (5, 6, 7, 8) 9, 10, 11, 12","[{'id': 115208771, 'sort_order': 1, 'user_id': 7213293, 'x_offset': 0, 'y_offset': 0, 'square_url': 'https://images4-g.ravelrycache.com/uploads/walaaemad/874318795/20220724_184458_square.jpg', 'medium_url': 'https://images4-f.ravelrycache.com/uploads/walaaemad/874318795/20220724_184458_medium.jpg', 'thumbnail_url': 'https://images4-f.ravelrycache.com/uploads/walaaemad/874318795/20220724_184458_thumbnail.jpg', 'small_url': 'https://images4-f.ravelrycache.com/uploads/walaaemad/874318795/20220724_184458_small_best_fit.jpg', 'flickr_url': None, 'shelved_url': 'https://images4-g.ravelrycache.com/uploads/walaaemad/874318795/20220724_184458_shelved.jpg', 'medium2_url': 'https://images4-a.ravelrycache.com/uploads/walaaemad/874318795/20220724_184458_medium2.jpg', 'small2_url': 'https://images4-g.ravelrycache.com/uploads/walaaemad/874318795/20220724_184458_small2.jpg', 'caption': None, 'caption_html': None, 'copyright_holder': None}, {'id': 115208772, 'sort_order': 2, 'user_id': 7213293, 'x_offset': 0, 'y_offset': 0, 'square_url': 'https://images4-g.ravelrycache.com/uploads/walaaemad/874318792/20220906_181240_square.jpg', 'medium_url': 'https://images4-f.ravelrycache.com/uploads/walaaemad/874318792/20220906_181240_medium.jpg', 'thumbnail_url': 'https://images4-g.ravelrycache.com/uploads/walaaemad/874318792/20220906_181240_thumbnail.jpg', 'small_url': 'https://images4-g.ravelrycache.com/uploads/walaaemad/874318792/20220906_181240_small_best_fit.jpg', 'flickr_url': None, 'shelved_url': 'https://images4-g.ravelrycache.com/uploads/walaaemad/874318792/20220906_181240_shelved.jpg', 'medium2_url': 'https://images4-a.ravelrycache.com/uploads/walaaemad/874318792/20220906_181240_medium2.jpg', 'small2_url': 'https://images4-g.ravelrycache.com/uploads/walaaemad/874318792/20220906_181240_small2.jpg', 'caption': None, 'caption_html': None, 'copyright_holder': None}, {'id': 115208773, 'sort_order': 3, 'user_id': 7213293, 'x_offset': 0, 'y_offset': 0, 'square_url': 'https://images4-g.ravelrycache.com/uploads/walaaemad/874318782/20220811_062313_square.jpg', 'medium_url': 'https://images4-f.ravelrycache.com/uploads/walaaemad/874318782/20220811_062313_medium.jpg', 'thumbnail_url': 'https://images4-g.ravelrycache.com/uploads/walaaemad/874318782/20220811_062313_thumbnail.jpg', 'small_url': 'https://images4-f.ravelrycache.com/uploads/walaaemad/874318782/20220811_062313_small_best_fit.jpg', 'flickr_url': None, 'shelved_url': 'https://images4-g.ravelrycache.com/uploads/walaaemad/874318782/20220811_062313_shelved.jpg', 'medium2_url': 'https://images4-a.ravelrycache.com/uploads/walaaemad/874318782/20220811_062313_medium2.jpg', 'small2_url': 'https://images4-g.ravelrycache.com/uploads/walaaemad/874318782/20220811_062313_small2.jpg', 'caption': None, 'caption_html': None, 'copyright_holder': None}, {'id': 115208774, 'sort_order': 4, 'user_id': 7213293, 'x_offset': 0, 'y_offset': 0, 'square_url': 'https://images4-f.ravelrycache.com/uploads/walaaemad/874318789/20220906_181330_square.jpg', 'medium_url': 'https://images4-g.ravelrycache.com/uploads/walaaemad/874318789/20220906_181330_medium.jpg', 'thumbnail_url': 'https://images4-g.ravelrycache.com/uploads/walaaemad/874318789/20220906_181330_thumbnail.jpg', 'small_url': 'https://images4-g.ravelrycache.com/uploads/walaaemad/874318789/20220906_181330_small_best_fit.jpg', 'flickr_url': None, 'shelved_url': 'https://images4-f.ravelrycache.com/uploads/walaaemad/874318789/20220906_181330_shelved.jpg', 'medium2_url': 'https://images4-a.ravelrycache.com/uploads/walaaemad/874318789/20220906_181330_medium2.jpg', 'small2_url': 'https://images4-f.ravelrycache.com/uploads/walaaemad/874318789/20220906_181330_small2.jpg', 'caption': None, 'caption_html': None, 'copyright_holder': None}, {'id': 115208775, 'sort_order': 5, 'user_id': 7213293, 'x_offset': 0, 'y_offset': 0, 'square_url': 'https://images4-g.ravelrycache.com/uploads/walaaemad/874318783/20220906_180444_square.jpg', 'medium_url': 'https://images4-f.ravelrycache.com/uploads/walaaemad/874318783/20220906_180444_medium.jpg', 'thumbnail_url': 'https://images4-f.ravelrycache.com/uploads/walaaemad/874318783/20220906_180444_thumbnail.jpg', 'small_url': 'https://images4-g.ravelrycache.com/uploads/walaaemad/874318783/20220906_180444_small_best_fit.jpg', 'flickr_url': None, 'shelved_url': 'https://images4-f.ravelrycache.com/uploads/walaaemad/874318783/20220906_180444_shelved.jpg', 'medium2_url': 'https://images4-a.ravelrycache.com/uploads/walaaemad/874318783/20220906_180444_medium2.jpg', 'small2_url': 'https://images4-g.ravelrycache.com/uploads/walaaemad/874318783/20220906_180444_small2.jpg', 'caption': None, 'caption_html': None, 'copyright_holder': None}, {'id': 115208776, 'sort_order': 6, 'user_id': 7213293, 'x_offset': 0, 'y_offset': 0, 'square_url': 'https://images4-g.ravelrycache.com/uploads/walaaemad/874318785/20220906_180349_square.jpg', 'medium_url': 'https://images4-f.ravelrycache.com/uploads/walaaemad/874318785/20220906_180349_medium.jpg', 'thumbnail_url': 'https://images4-g.ravelrycache.com/uploads/walaaemad/874318785/20220906_180349_thumbnail.jpg', 'small_url': 'https://images4-f.ravelrycache.com/uploads/walaaemad/874318785/20220906_180349_small_best_fit.jpg', 'flickr_url': None, 'shelved_url': 'https://images4-g.ravelrycache.com/uploads/walaaemad/874318785/20220906_180349_shelved.jpg', 'medium2_url': 'https://images4-a.ravelrycache.com/uploads/walaaemad/874318785/20220906_180349_medium2.jpg', 'small2_url': 'https://images4-g.ravelrycache.com/uploads/walaaemad/874318785/20220906_180349_small2.jpg', 'caption': None, 'caption_html': None, 'copyright_holder': None}, {'id': 115208777, 'sort_order': 7, 'user_id': 7213293, 'x_offset': 0, 'y_offset': 0, 'square_url': 'https://images4-g.ravelrycache.com/uploads/walaaemad/874318793/20220906_181433_square.jpg', 'medium_url': 'https://images4-f.ravelrycache.com/uploads/walaaemad/874318793/20220906_181433_medium.jpg', 'thumbnail_url': 'https://images4-f.ravelrycache.com/uploads/walaaemad/874318793/20220906_181433_thumbnail.jpg', 'small_url': 'https://images4-g.ravelrycache.com/uploads/walaaemad/874318793/20220906_181433_small_best_fit.jpg', 'flickr_url': None, 'shelved_url': 'https://images4-g.ravelrycache.com/uploads/walaaemad/874318793/20220906_181433_shelved.jpg', 'medium2_url': 'https://images4-a.ravelrycache.com/uploads/walaaemad/874318793/20220906_181433_medium2.jpg', 'small2_url': 'https://images4-g.ravelrycache.com/uploads/walaaemad/874318793/20220906_181433_small2.jpg', 'caption': None, 'caption_html': None, 'copyright_holder': None}, {'id': 115208778, 'sort_order': 8, 'user_id': 7213293, 'x_offset': 0, 'y_offset': 0, 'square_url': 'https://images4-f.ravelrycache.com/uploads/walaaemad/874318796/20220724_184449_square.jpg', 'medium_url': 'https://images4-g.ravelrycache.com/uploads/walaaemad/874318796/20220724_184449_medium.jpg', 'thumbnail_url': 'https://images4-g.ravelrycache.com/uploads/walaaemad/874318796/20220724_184449_thumbnail.jpg', 'small_url': 'https://images4-g.ravelrycache.com/uploads/walaaemad/874318796/20220724_184449_small_best_fit.jpg', 'flickr_url': None, 'shelved_url': 'https://images4-g.ravelrycache.com/uploads/walaaemad/874318796/20220724_184449_shelved.jpg', 'medium2_url': 'https://images4-a.ravelrycache.com/uploads/walaaemad/874318796/20220724_184449_medium2.jpg', 'small2_url': 'https://images4-f.ravelrycache.com/uploads/walaaemad/874318796/20220724_184449_small2.jpg', 'caption': None, 'caption_html': None, 'copyright_holder': None}, {'id': 115208779, 'sort_order': 9, 'user_id': 7213293, 'x_offset': 0, 'y_offset': 0, 'square_url': 'https://images4-f.ravelrycache.com/uploads/walaaemad/874318794/20220906_181536_square.jpg', 'medium_url': 'https://images4-g.ravelrycache.com/uploads/walaaemad/874318794/20220906_181536_medium.jpg', 'thumbnail_url': 'https://images4-f.ravelrycache.com/uploads/walaaemad/874318794/20220906_181536_thumbnail.jpg', 'small_url': 'https://images4-f.ravelrycache.com/uploads/walaaemad/874318794/20220906_181536_small_best_fit.jpg', 'flickr_url': None, 'shelved_url': 'https://images4-f.ravelrycache.com/uploads/walaaemad/874318794/20220906_181536_shelved.jpg', 'medium2_url': 'https://images4-a.ravelrycache.com/uploads/walaaemad/874318794/20220906_181536_medium2.jpg', 'small2_url': 'https://images4-f.ravelrycache.com/uploads/walaaemad/874318794/20220906_181536_small2.jpg', 'caption': None, 'caption_html': None, 'copyright_holder': None}, {'id': 115208780, 'sort_order': 10, 'user_id': 7213293, 'x_offset': 0, 'y_offset': 0, 'square_url': 'https://images4-f.ravelrycache.com/uploads/walaaemad/874318784/20220724_184539_square.jpg', 'medium_url': 'https://images4-g.ravelrycache.com/uploads/walaaemad/874318784/20220724_184539_medium.jpg', 'thumbnail_url': 'https://images4-f.ravelrycache.com/uploads/walaaemad/874318784/20220724_184539_thumbnail.jpg', 'small_url': 'https://images4-g.ravelrycache.com/uploads/walaaemad/874318784/20220724_184539_small_best_fit.jpg', 'flickr_url': None, 'shelved_url': 'https://images4-g.ravelrycache.com/uploads/walaaemad/874318784/20220724_184539_shelved.jpg', 'medium2_url': 'https://images4-a.ravelrycache.com/uploads/walaaemad/874318784/20220724_184539_medium2.jpg', 'small2_url': 'https://images4-f.ravelrycache.com/uploads/walaaemad/874318784/20220724_184539_small2.jpg', 'caption': None, 'caption_html': None, 'copyright_holder': None}]"
Sundance Pullover,Tayler Harris,1269097,https://www.ravelry.com/patterns/library/sundance-pullover,False,https://images4-a.ravelrycache.com/uploads/purlsoho/874520980/upload_medium2,Knitting,"['adult', 'oversized', 'plus', 'ribbed', 'seamed', 'bottom-up', 'positive-ease', 'written-pattern', 'worked-flat', 'in-the-round', 'stripes-colorwork']",25.0,3.0,True,4.0,Flat Half-Fisherman's Rib on largest needles,pullover,Fingering,25,4.0,"47 (52¼, 57¼, 62½) (67½, 72¾, 78½, 83½)","[{'id': 115217309, 'sort_order': 1, 'user_id': 31533, 'x_offset': 0, 'y_offset': -43, 'square_url': 'https://images4-g.ravelrycache.com/uploads/purlsoho/874520980/upload_square', 'medium_url': 'https://images4-f.ravelrycache.com/uploads/purlsoho/874520980/upload_medium', 'thumbnail_url': 'https://images4-f.ravelrycache.com/uploads/purlsoho/874520980/upload_thumbnail', 'small_url': 'https://images4-f.ravelrycache.com/uploads/purlsoho/874520980/upload_small_best_fit', 'flickr_url': None, 'shelved_url': 'https://images4-f.ravelrycache.com/uploads/purlsoho/874520980/upload_shelved', 'medium2_url': 'https://images4-a.ravelrycache.com/uploads/purlsoho/874520980/upload_medium2', 'small2_url': 'https://images4-g.ravelrycache.com/uploads/purlsoho/874520980/upload_small2', 'caption': None, 'caption_html': None, 'copyright_holder': None}, {'id': 115217310, 'sort_order': 2, 'user_id': 31533, 'x_offset': -1, 'y_offset': -35, 'square_url': 'https://images4-f.ravelrycache.com/uploads/purlsoho/874521010/upload_square', 'medium_url': 'https://images4-g.ravelrycache.com/uploads/purlsoho/874521010/upload_medium', 'thumbnail_url': 'https://images4-f.ravelrycache.com/uploads/purlsoho/874521010/upload_thumbnail', 'small_url': 'https://images4-f.ravelrycache.com/uploads/purlsoho/874521010/upload_small', 'flickr_url': None, 'shelved_url': 'https://images4-f.ravelrycache.com/uploads/purlsoho/874521010/upload_shelved', 'medium2_url': 'https://images4-a.ravelrycache.com/uploads/purlsoho/874521010/upload_medium2', 'small2_url': 'https://images4-f.ravelrycache.com/uploads/purlsoho/874521010/upload_small2', 'caption': None, 'caption_html': None, 'copyright_holder': None}, {'id': 115217311, 'sort_order': 3, 'user_id': 31533, 'x_offset': -1, 'y_offset': -35, 'square_url': 'https://images4-g.ravelrycache.com/uploads/purlsoho/874521021/upload_square', 'medium_url': 'https://images4-f.ravelrycache.com/uploads/purlsoho/874521021/upload_medium', 'thumbnail_url': 'https://images4-f.ravelrycache.com/uploads/purlsoho/874521021/upload_thumbnail', 'small_url': 'https://images4-f.ravelrycache.com/uploads/purlsoho/874521021/upload_small', 'flickr_url': None, 'shelved_url': 'https://images4-g.ravelrycache.com/uploads/purlsoho/874521021/upload_shelved', 'medium2_url': 'https://images4-a.ravelrycache.com/uploads/purlsoho/874521021/upload_medium2', 'small2_url': 'https://images4-g.ravelrycache.com/uploads/purlsoho/874521021/upload_small2', 'caption': None, 'caption_html': None, 'copyright_holder': None}, {'id': 115217312, 'sort_order': 4, 'user_id': 31533, 'x_offset': -43, 'y_offset': 0, 'square_url': 'https://images4-f.ravelrycache.com/uploads/purlsoho/874521078/upload_square', 'medium_url': 'https://images4-g.ravelrycache.com/uploads/purlsoho/874521078/upload_medium', 'thumbnail_url': 'https://images4-f.ravelrycache.com/uploads/purlsoho/874521078/upload_thumbnail', 'small_url': 'https://images4-g.ravelrycache.com/uploads/purlsoho/874521078/upload_small_best_fit', 'flickr_url': None, 'shelved_url': 'https://images4-f.ravelrycache.com/uploads/purlsoho/874521078/upload_shelved', 'medium2_url': 'https://images4-a.ravelrycache.com/uploads/purlsoho/874521078/upload_medium2', 'small2_url': 'https://images4-f.ravelrycache.com/uploads/purlsoho/874521078/upload_small2', 'caption': None, 'caption_html': None, 'copyright_holder': None}, {'id': 115217313, 'sort_order': 5, 'user_id': 31533, 'x_offset': -1, 'y_offset': -35, 'square_url': 'https://images4-f.ravelrycache.com/uploads/purlsoho/874521087/upload_square', 'medium_url': 'https://images4-g.ravelrycache.com/uploads/purlsoho/874521087/upload_medium', 'thumbnail_url': 'https://images4-g.ravelrycache.com/uploads/purlsoho/874521087/upload_thumbnail', 'small_url': 'https://images4-f.ravelrycache.com/uploads/purlsoho/874521087/upload_small', 'flickr_url': None, 'shelved_url': 'https://images4-f.ravelrycache.com/uploads/purlsoho/874521087/upload_shelved', 'medium2_url': 'https://images4-a.ravelrycache.com/uploads/purlsoho/874521087/upload_medium2', 'small2_url': 'https://images4-f.ravelrycache.com/uploads/purlsoho/874521087/upload_small2', 'caption': None, 'caption_html': None, 'copyright_holder': None}, {'id': 115217314, 'sort_order': 6, 'user_id': 31533, 'x_offset': -1, 'y_offset': -35, 'square_url': 'https://images4-g.ravelrycache.com/uploads/purlsoho/874521101/upload_square', 'medium_url': 'https://images4-f.ravelrycache.com/uploads/purlsoho/874521101/upload_medium', 'thumbnail_url': 'https://images4-f.ravelrycache.com/uploads/purlsoho/874521101/upload_thumbnail', 'small_url': 'https://images4-f.ravelrycache.com/uploads/purlsoho/874521101/upload_small', 'flickr_url': None, 'shelved_url': 'https://images4-f.ravelrycache.com/uploads/purlsoho/874521101/upload_shelved', 'medium2_url': 'https://images4-a.ravelrycache.com/uploads/purlsoho/874521101/upload_medium2', 'small2_url': 'https://images4-g.ravelrycache.com/uploads/purlsoho/874521101/upload_small2', 'caption': None, 'caption_html': None, 'copyright_holder': None}, {'id': 115217315, 'sort_order': 7, 'user_id': 31533, 'x_offset': -1, 'y_offset': -35, 'square_url': 'https://images4-f.ravelrycache.com/uploads/purlsoho/874521111/upload_square', 'medium_url': 'https://images4-g.ravelrycache.com/uploads/purlsoho/874521111/upload_medium', 'thumbnail_url': 'https://images4-f.ravelrycache.com/uploads/purlsoho/874521111/upload_thumbnail', 'small_url': 'https://images4-f.ravelrycache.com/uploads/purlsoho/874521111/upload_small', 'flickr_url': None, 'shelved_url': 'https://images4-f.ravelrycache.com/uploads/purlsoho/874521111/upload_shelved', 'medium2_url': 'https://images4-a.ravelrycache.com/uploads/purlsoho/874521111/upload_medium2', 'small2_url': 'https://images4-f.ravelrycache.com/uploads/purlsoho/874521111/upload_small2', 'caption': None, 'caption_html': None, 'copyright_holder': None}, {'id': 115217316, 'sort_order': 8, 'user_id': 31533, 'x_offset': -43, 'y_offset': 0, 'square_url': 'https://images4-g.ravelrycache.com/uploads/purlsoho/874521128/upload_square', 'medium_url': 'https://images4-f.ravelrycache.com/uploads/purlsoho/874521128/upload_medium', 'thumbnail_url': 'https://images4-f.ravelrycache.com/uploads/purlsoho/874521128/upload_thumbnail', 'small_url': 'https://images4-f.ravelrycache.com/uploads/purlsoho/874521128/upload_small_best_fit', 'flickr_url': None, 'shelved_url': 'https://images4-g.ravelrycache.com/uploads/purlsoho/874521128/upload_shelved', 'medium2_url': 'https://images4-a.ravelrycache.com/uploads/purlsoho/874521128/upload_medium2', 'small2_url': 'https://images4-g.ravelrycache.com/uploads/purlsoho/874521128/upload_small2', 'caption': None, 'caption_html': None, 'copyright_holder': None}]"
Cable on Top Sweater,Oona Kim,1269130,https://www.ravelry.com/patterns/library/cable-on-top-sweater,False,https://images4-a.ravelrycache.com/uploads/-oonasu-/873656364/519A58F2-A038-4E00-B8B6-E2C4C22FE2D1_medium2.jpeg,Knitting,"['waist', 'hems', 'seamless', 'top-down', 'positive-ease', 'phototutorial', 'written-pattern', 'cropped']",16.0,0.0,True,4.0,,pullover,Aran,13,0.0,1(2)3(4),"[{'id': 115222019, 'sort_order': 1, 'user_id': 10615453, 'x_offset': 0, 'y_offset': 0, 'square_url': 'https://images4-g.ravelrycache.com/uploads/-oonasu-/873656364/519A58F2-A038-4E00-B8B6-E2C4C22FE2D1_square.jpeg', 'medium_url': 'https://images4-g.ravelrycache.com/uploads/-oonasu-/873656364/519A58F2-A038-4E00-B8B6-E2C4C22FE2D1_medium.jpeg', 'thumbnail_url': 'https://images4-f.ravelrycache.com/uploads/-oonasu-/873656364/519A58F2-A038-4E00-B8B6-E2C4C22FE2D1_thumbnail.jpeg', 'small_url': 'https://images4-f.ravelrycache.com/uploads/-oonasu-/873656364/519A58F2-A038-4E00-B8B6-E2C4C22FE2D1_small_best_fit.jpeg', 'flickr_url': None, 'shelved_url': 'https://images4-f.ravelrycache.com/uploads/-oonasu-/873656364/519A58F2-A038-4E00-B8B6-E2C4C22FE2D1_shelved.jpeg', 'medium2_url': 'https://images4-a.ravelrycache.com/uploads/-oonasu-/873656364/519A58F2-A038-4E00-B8B6-E2C4C22FE2D1_medium2.jpeg', 'small2_url': 'https://images4-f.ravelrycache.com/uploads/-oonasu-/873656364/519A58F2-A038-4E00-B8B6-E2C4C22FE2D1_small2.jpeg', 'caption': 'Cable on Top Sweater', 'caption_html': 'Cable on Top Sweater', 'copyright_holder': ''}, {'id': 115224143, 'sort_order': 2, 'user_id': 10615453, 'x_offset': -5, 'y_offset': -35, 'square_url': 'https://images4-f.ravelrycache.com/uploads/-oonasu-/874576435/60A368D6-5E2F-4B3F-81FC-747E9E1618CF_square.jpeg', 'medium_url': 'https://images4-f.ravelrycache.com/uploads/-oonasu-/874576435/60A368D6-5E2F-4B3F-81FC-747E9E1618CF_medium.jpeg', 'thumbnail_url': 'https://images4-g.ravelrycache.com/uploads/-oonasu-/874576435/60A368D6-5E2F-4B3F-81FC-747E9E1618CF_thumbnail.jpeg', 'small_url': 'https://images4-g.ravelrycache.com/uploads/-oonasu-/874576435/60A368D6-5E2F-4B3F-81FC-747E9E1618CF_small.jpeg', 'flickr_url': None, 'shelved_url': 'https://images4-g.ravelrycache.com/uploads/-oonasu-/874576435/60A368D6-5E2F-4B3F-81FC-747E9E1618CF_shelved.jpeg', 'medium2_url': 'https://images4-a.ravelrycache.com/uploads/-oonasu-/874576435/60A368D6-5E2F-4B3F-81FC-747E9E1618CF_medium2.jpeg', 'small2_url': 'https://images4-g.ravelrycache.com/uploads/-oonasu-/874576435/60A368D6-5E2F-4B3F-81FC-747E9E1618CF_small2.jpeg', 'caption': 'Size1', 'caption_html': 'Size1', 'copyright_holder': ''}, {'id': 129967909, 'sort_order': 3, 'user_id': 10615453, 'x_offset': -5, 'y_offset': -35, 'square_url': 'https://images4-g.ravelrycache.com/uploads/-oonasu-/993703204/IMG_9315_square.jpeg', 'medium_url': 'https://images4-g.ravelrycache.com/uploads/-oonasu-/993703204/IMG_9315_medium.jpeg', 'thumbnail_url': 'https://images4-g.ravelrycache.com/uploads/-oonasu-/993703204/IMG_9315_thumbnail.jpeg', 'small_url': 'https://images4-g.ravelrycache.com/uploads/-oonasu-/993703204/IMG_9315_small.jpeg', 'flickr_url': None, 'shelved_url': 'https://images4-f.ravelrycache.com/uploads/-oonasu-/993703204/IMG_9315_shelved.jpeg', 'medium2_url': 'https://images4-a.ravelrycache.com/uploads/-oonasu-/993703204/IMG_9315_medium2.jpeg', 'small2_url': 'https://images4-f.ravelrycache.com/uploads/-oonasu-/993703204/IMG_9315_small2.jpeg', 'caption': None, 'caption_html': None, 'copyright_holder': None}, {'id': 129967912, 'sort_order': 4, 'user_id': 10615453, 'x_offset': -5, 'y_offset': -35, 'square_url': 'https://images4-g.ravelrycache.com/uploads/-oonasu-/993703208/IMG_9296_square.jpeg', 'medium_url': 'https://images4-g.ravelrycache.com/uploads/-oonasu-/993703208/IMG_9296_medium.jpeg', 'thumbnail_url': 'https://images4-f.ravelrycache.com/uploads/-oonasu-/993703208/IMG_9296_thumbnail.jpeg', 'small_url': 'https://images4-f.ravelrycache.com/uploads/-oonasu-/993703208/IMG_9296_small.jpeg', 'flickr_url': None, 'shelved_url': 'https://images4-f.ravelrycache.com/uploads/-oonasu-/993703208/IMG_9296_shelved.jpeg', 'medium2_url': 'https://images4-a.ravelrycache.com/uploads/-oonasu-/993703208/IMG_9296_medium2.jpeg', 'small2_url': 'https://images4-f.ravelrycache.com/uploads/-oonasu-/993703208/IMG_9296_small2.jpeg', 'caption': None, 'caption_html': None, 'copyright_holder': None}, {'id': 129967907, 'sort_order': 5, 'user_id': 10615453, 'x_offset': -5, 'y_offset': -35, 'square_url': 'https://images4-g.ravelrycache.com/uploads/-oonasu-/993703198/IMG_4895_square.jpeg', 'medium_url': 'https://images4-g.ravelrycache.com/uploads/-oonasu-/993703198/IMG_4895_medium.jpeg', 'thumbnail_url': 'https://images4-g.ravelrycache.com/uploads/-oonasu-/993703198/IMG_4895_thumbnail.jpeg', 'small_url': 'https://images4-g.ravelrycache.com/uploads/-oonasu-/993703198/IMG_4895_small.jpeg', 'flickr_url': None, 'shelved_url': 'https://images4-f.ravelrycache.com/uploads/-oonasu-/993703198/IMG_4895_shelved.jpeg', 'medium2_url': 'https://images4-a.ravelrycache.com/uploads/-oonasu-/993703198/IMG_4895_medium2.jpeg', 'small2_url': 'https://images4-f.ravelrycache.com/uploads/-oonasu-/993703198/IMG_4895_small2.jpeg', 'caption': None, 'caption_html': None, 'copyright_holder': None}, {'id': 129967910, 'sort_order': 6, 'user_id': 10615453, 'x_offset': -5, 'y_offset': -35, 'square_url': 'https://images4-g.ravelrycache.com/uploads/-oonasu-/993703214/IMG_8929_square.jpeg', 'medium_url': 'https://images4-g.ravelrycache.com/uploads/-oonasu-/993703214/IMG_8929_medium.jpeg', 'thumbnail_url': 'https://images4-g.ravelrycache.com/uploads/-oonasu-/993703214/IMG_8929_thumbnail.jpeg', 'small_url': 'https://images4-g.ravelrycache.com/uploads/-oonasu-/993703214/IMG_8929_small.jpeg', 'flickr_url': None, 'shelved_url': 'https://images4-f.ravelrycache.com/uploads/-oonasu-/993703214/IMG_8929_shelved.jpeg', 'medium2_url': 'https://images4-a.ravelrycache.com/uploads/-oonasu-/993703214/IMG_8929_medium2.jpeg', 'small2_url': 'https://images4-f.ravelrycache.com/uploads/-oonasu-/993703214/IMG_8929_small2.jpeg', 'caption': 'Size1', 'caption_html': 'Size1', 'copyright_holder': ''}, {'id': 129967908, 'sort_order': 7, 'user_id': 10615453, 'x_offset': -5, 'y_offset': -35, 'square_url': 'https://images4-f.ravelrycache.com/uploads/-oonasu-/993703200/IMG_9838_square.jpeg', 'medium_url': 'https://images4-f.ravelrycache.com/uploads/-oonasu-/993703200/IMG_9838_medium.jpeg', 'thumbnail_url': 'https://images4-g.ravelrycache.com/uploads/-oonasu-/993703200/IMG_9838_thumbnail.jpeg', 'small_url': 'https://images4-g.ravelrycache.com/uploads/-oonasu-/993703200/IMG_9838_small.jpeg', 'flickr_url': None, 'shelved_url': 'https://images4-f.ravelrycache.com/uploads/-oonasu-/993703200/IMG_9838_shelved.jpeg', 'medium2_url': 'https://images4-a.ravelrycache.com/uploads/-oonasu-/993703200/IMG_9838_medium2.jpeg', 'small2_url': 'https://images4-g.ravelrycache.com/uploads/-oonasu-/993703200/IMG_9838_small2.jpeg', 'caption': None, 'caption_html': None, 'copyright_holder': None}, {'id': 129967915, 'sort_order': 8, 'user_id': 10615453, 'x_offset': -5, 'y_offset': -35, 'square_url': 'https://images4-f.ravelrycache.com/uploads/-oonasu-/993703213/IMG_8613_jpg_square.jpeg', 'medium_url': 'https://images4-f.ravelrycache.com/uploads/-oonasu-/993703213/IMG_8613_jpg_medium.jpeg', 'thumbnail_url': 'https://images4-f.ravelrycache.com/uploads/-oonasu-/993703213/IMG_8613_jpg_thumbnail.jpeg', 'small_url': 'https://images4-f.ravelrycache.com/uploads/-oonasu-/993703213/IMG_8613_jpg_small.jpeg', 'flickr_url': None, 'shelved_url': 'https://images4-g.ravelrycache.com/uploads/-oonasu-/993703213/IMG_8613_jpg_shelved.jpeg', 'medium2_url': 'https://images4-a.ravelrycache.com/uploads/-oonasu-/993703213/IMG_8613_jpg_medium2.jpeg', 'small2_url': 'https://images4-g.ravelrycache.com/uploads/-oonasu-/993703213/IMG_8613_jpg_small2.jpeg', 'caption': None, 'caption_html': None, 'copyright_holder': None}]"
Hari paita,Anna Heino,1269196,https://www.ravelry.com/patterns/library/hari-paita,False,https://images4-a.ravelrycache.com/uploads/Kassapuoti/874589569/haripaita_medium2.jpg,Knitting,"['adult', 'no-ease', 'lace', 'top-down', 'in-the-round']",12.0,0.0,True,4.0,,pullover,Super Bulky,16,4.25,XS(S)M(L)XL(XXL),"[{'id': 115225840, 'sort_order': 1, 'user_id': 8462866, 'x_offset': 0, 'y_offset': -22, 'square_url': 'https://images4-f.ravelrycache.com/uploads/Kassapuoti/874589569/haripaita_square.jpg', 'medium_url': 'https://images4-g.ravelrycache.com/uploads/Kassapuoti/874589569/haripaita_medium.jpg', 'thumbnail_url': 'https://images4-f.ravelrycache.com/uploads/Kassapuoti/874589569/haripaita_thumbnail.jpg', 'small_url': 'https://images4-g.ravelrycache.com/uploads/Kassapuoti/874589569/haripaita_small_best_fit.jpg', 'flickr_url': None, 'shelved_url': 'https://images4-f.ravelrycache.com/uploads/Kassapuoti/874589569/haripaita_shelved.jpg', 'medium2_url': 'https://images4-a.ravelrycache.com/uploads/Kassapuoti/874589569/haripaita_medium2.jpg', 'small2_url': 'https://images4-f.ravelrycache.com/uploads/Kassapuoti/874589569/haripaita_small2.jpg', 'caption': None, 'caption_html': None, 'copyright_holder': None}, {'id': 115225841, 'sort_order': 2, 'user_id': 8462866, 'x_offset': 0, 'y_offset': 0, 'square_url': 'https://images4-g.ravelrycache.com/uploads/Kassapuoti/874589582/haripaita1_square.jpg', 'medium_url': 'https://images4-f.ravelrycache.com/uploads/Kassapuoti/874589582/haripaita1_medium.jpg', 'thumbnail_url': 'https://images4-g.ravelrycache.com/uploads/Kassapuoti/874589582/haripaita1_thumbnail.jpg', 'small_url': 'https://images4-g.ravelrycache.com/uploads/Kassapuoti/874589582/haripaita1_small_best_fit.jpg', 'flickr_url': None, 'shelved_url': 'https://images4-g.ravelrycache.com/uploads/Kassapuoti/874589582/haripaita1_shelved.jpg', 'medium2_url': 'https://images4-a.ravelrycache.com/uploads/Kassapuoti/874589582/haripaita1_medium2.jpg', 'small2_url': 'https://images4-g.ravelrycache.com/uploads/Kassapuoti/874589582/haripaita1_small2.jpg', 'caption': None, 'caption_html': None, 'copyright_holder': 'erikaneuloo'}, {'id': 115225842, 'sort_order': 3, 'user_id': 8462866, 'x_offset': 0, 'y_offset': 0, 'square_url': 'https://images4-f.ravelrycache.com/uploads/Kassapuoti/874589580/haripaita3_square.jpg', 'medium_url': 'https://images4-g.ravelrycache.com/uploads/Kassapuoti/874589580/haripaita3_medium.jpg', 'thumbnail_url': 'https://images4-f.ravelrycache.com/uploads/Kassapuoti/874589580/haripaita3_thumbnail.jpg', 'small_url': 'https://images4-f.ravelrycache.com/uploads/Kassapuoti/874589580/haripaita3_small_best_fit.jpg', 'flickr_url': None, 'shelved_url': 'https://images4-g.ravelrycache.com/uploads/Kassapuoti/874589580/haripaita3_shelved.jpg', 'medium2_url': 'https://images4-a.ravelrycache.com/uploads/Kassapuoti/874589580/haripaita3_medium2.jpg', 'small2_url': 'https://images4-f.ravelrycache.com/uploads/Kassapuoti/874589580/haripaita3_small2.jpg', 'caption': None, 'caption_html': None, 'copyright_holder': 'erikaneuloo'}, {'id': 115225843, 'sort_order': 4, 'user_id': 8462866, 'x_offset': 0, 'y_offset': 0, 'square_url': 'https://images4-f.ravelrycache.com/uploads/Kassapuoti/874589581/haripaita2_square.jpg', 'medium_url': 'https://images4-g.ravelrycache.com/uploads/Kassapuoti/874589581/haripaita2_medium.jpg', 'thumbnail_url': 'https://images4-f.ravelrycache.com/uploads/Kassapuoti/874589581/haripaita2_thumbnail.jpg', 'small_url': 'https://images4-f.ravelrycache.com/uploads/Kassapuoti/874589581/haripaita2_small_best_fit.jpg', 'flickr_url': None, 'shelved_url': 'https://images4-f.ravelrycache.com/uploads/Kassapuoti/874589581/haripaita2_shelved.jpg', 'medium2_url': 'https://images4-a.ravelrycache.com/uploads/Kassapuoti/874589581/haripaita2_medium2.jpg', 'small2_url': 'https://images4-f.ravelrycache.com/uploads/Kassapuoti/874589581/haripaita2_small2.jpg', 'caption': None, 'caption_html': None, 'copyright_holder': 'erikaneuloo'}]"
Memo Sweater,Sian Brown Knitwear Design,1269209,https://www.ravelry.com/patterns/library/memo-sweater,False,https://images4-a.ravelrycache.com/uploads/pinkybar/903058948/20230128_212548_medium2.jpg,Knitting,"['unisex', 'plus', 'seamed', 'scoop-neck', 'sleeves', 'long-sleeve', 'Intarsia', 'positive-ease', 'written-pattern', 'worked-flat', 'other-edging', 'stripes-colorwork', 'schematic']",22.0,0.0,False,4.0,,pullover,DK,4,4.333333333333333,,"[{'id': 141677115, 'sort_order': 1, 'user_id': 4446536, 'x_offset': 0, 'y_offset': -7, 'square_url': 'https://images4-g.ravelrycache.com/uploads/pinkybar/903058948/20230128_212548_square.jpg', 'medium_url': 'https://images4-f.ravelrycache.com/uploads/pinkybar/903058948/20230128_212548_medium.jpg', 'thumbnail_url': 'https://images4-f.ravelrycache.com/uploads/pinkybar/903058948/20230128_212548_thumbnail.jpg', 'small_url': 'https://images4-g.ravelrycache.com/uploads/pinkybar/903058948/20230128_212548_small_best_fit.jpg', 'flickr_url': None, 'shelved_url': 'https://images4-f.ravelrycache.com/uploads/pinkybar/903058948/20230128_212548_shelved.jpg', 'medium2_url': 'https://images4-a.ravelrycache.com/uploads/pinkybar/903058948/20230128_212548_medium2.jpg', 'small2_url': 'https://images4-g.ravelrycache.com/uploads/pinkybar/903058948/20230128_212548_small2.jpg', 'caption': None, 'caption_html': None, 'copyright_holder': None}]"
Frostros - tunic,Stine HoelgaardJohansen,1269228,https://www.ravelry.com/patterns/library/frostros---tunic,True,https://images4-a.ravelrycache.com/uploads/knitbec/874597838/92809-02_low_medium2.jpg,Knitting,"['female', 'adult', 'oversized', '3-4-sleeve', 'seamless', 'top-down', 'positive-ease', 'written-pattern', 'drop-sleeve', 'in-the-round']",20.0,0.0,True,4.0,,pullover,Fingering,9,0.0,"XXS (XS, S, M, L, XL, 2XL, 3XL, 4XL)","[{'id': 115227067, 'sort_order': 1, 'user_id': 3530885, 'x_offset': 0, 'y_offset': -43, 'square_url': 'https://images4-g.ravelrycache.com/uploads/knitbec/874597838/92809-02_low_square.jpg', 'medium_url': 'https://images4-f.ravelrycache.com/uploads/knitbec/874597838/92809-02_low_medium.jpg', 'thumbnail_url': 'https://images4-f.ravelrycache.com/uploads/knitbec/874597838/92809-02_low_thumbnail.jpg', 'small_url': 'https://images4-g.ravelrycache.com/uploads/knitbec/874597838/92809-02_low_small_best_fit.jpg', 'flickr_url': None, 'shelved_url': 'https://images4-g.ravelrycache.com/uploads/knitbec/874597838/92809-02_low_shelved.jpg', 'medium2_url': 'https://images4-a.ravelrycache.com/uploads/knitbec/874597838/92809-02_low_medium2.jpg', 'small2_url': 'https://images4-g.ravelrycache.com/uploads/knitbec/874597838/92809-02_low_small2.jpg', 'caption': None, 'caption_html': None, 'copyright_holder': ''}, {'id': 115227068, 'sort_order': 2, 'user_id': 3530885, 'x_offset': 0, 'y_offset': -43, 'square_url': 'https://images4-g.ravelrycache.com/uploads/knitbec/874597946/92809-03_low_square.jpg', 'medium_url': 'https://images4-f.ravelrycache.com/uploads/knitbec/874597946/92809-03_low_medium.jpg', 'thumbnail_url': 'https://images4-f.ravelrycache.com/uploads/knitbec/874597946/92809-03_low_thumbnail.jpg', 'small_url': 'https://images4-f.ravelrycache.com/uploads/knitbec/874597946/92809-03_low_small_best_fit.jpg', 'flickr_url': None, 'shelved_url': 'https://images4-f.ravelrycache.com/uploads/knitbec/874597946/92809-03_low_shelved.jpg', 'medium2_url': 'https://images4-a.ravelrycache.com/uploads/knitbec/874597946/92809-03_low_medium2.jpg', 'small2_url': 'https://images4-g.ravelrycache.com/uploads/knitbec/874597946/92809-03_low_small2.jpg', 'caption': None, 'caption_html': None, 'copyright_holder': ''}, {'id': 115227069, 'sort_order': 3, 'user_id': 3530885, 'x_offset': 0, 'y_offset': -43, 'square_url': 'https://images4-g.ravelrycache.com/uploads/knitbec/874598000/92809-05_low_square.jpg', 'medium_url': 'https://images4-f.ravelrycache.com/uploads/knitbec/874598000/92809-05_low_medium.jpg', 'thumbnail_url': 'https://images4-g.ravelrycache.com/uploads/knitbec/874598000/92809-05_low_thumbnail.jpg', 'small_url': 'https://images4-f.ravelrycache.com/uploads/knitbec/874598000/92809-05_low_small_best_fit.jpg', 'flickr_url': None, 'shelved_url': 'https://images4-g.ravelrycache.com/uploads/knitbec/874598000/92809-05_low_shelved.jpg', 'medium2_url': 'https://images4-a.ravelrycache.com/uploads/knitbec/874598000/92809-05_low_medium2.jpg', 'small2_url': 'https://images4-g.ravelrycache.com/uploads/knitbec/874598000/92809-05_low_small2.jpg', 'caption': None, 'caption_html': None, 'copyright_holder': None}, {'id': 115227070, 'sort_order': 4, 'user_id': 3530885, 'x_offset': 0, 'y_offset': -43, 'square_url': 'https://images4-f.ravelrycache.com/uploads/knitbec/874598024/92809-04_low_square.jpg', 'medium_url': 'https://images4-g.ravelrycache.com/uploads/knitbec/874598024/92809-04_low_medium.jpg', 'thumbnail_url': 'https://images4-g.ravelrycache.com/uploads/knitbec/874598024/92809-04_low_thumbnail.jpg', 'small_url': 'https://images4-f.ravelrycache.com/uploads/knitbec/874598024/92809-04_low_small_best_fit.jpg', 'flickr_url': None, 'shelved_url': 'https://images4-g.ravelrycache.com/uploads/knitbec/874598024/92809-04_low_shelved.jpg', 'medium2_url': 'https://images4-a.ravelrycache.com/uploads/knitbec/874598024/92809-04_low_medium2.jpg', 'small2_url': 'https://images4-f.ravelrycache.com/uploads/knitbec/874598024/92809-04_low_small2.jpg', 'caption': None, 'caption_html': None, 'copyright_holder': None}, {'id': 115227071, 'sort_order': 5, 'user_id': 3530885, 'x_offset': 0, 'y_offset': -43, 'square_url': 'https://images4-f.ravelrycache.com/uploads/knitbec/874598052/92809-06_low_square.jpg', 'medium_url': 'https://images4-g.ravelrycache.com/uploads/knitbec/874598052/92809-06_low_medium.jpg', 'thumbnail_url': 'https://images4-f.ravelrycache.com/uploads/knitbec/874598052/92809-06_low_thumbnail.jpg', 'small_url': 'https://images4-f.ravelrycache.com/uploads/knitbec/874598052/92809-06_low_small_best_fit.jpg', 'flickr_url': None, 'shelved_url': 'https://images4-g.ravelrycache.com/uploads/knitbec/874598052/92809-06_low_shelved.jpg', 'medium2_url': 'https://images4-a.ravelrycache.com/uploads/knitbec/874598052/92809-06_low_medium2.jpg', 'small2_url': 'https://images4-f.ravelrycache.com/uploads/knitbec/874598052/92809-06_low_small2.jpg', 'caption': None, 'caption_html': None, 'copyright_holder': ''}, {'id': 115227072, 'sort_order': 6, 'user_id': 3530885, 'x_offset': 0, 'y_offset': -43, 'square_url': 'https://images4-g.ravelrycache.com/uploads/knitbec/874598390/92809-07_low_square.jpg', 'medium_url': 'https://images4-f.ravelrycache.com/uploads/knitbec/874598390/92809-07_low_medium.jpg', 'thumbnail_url': 'https://images4-g.ravelrycache.com/uploads/knitbec/874598390/92809-07_low_thumbnail.jpg', 'small_url': 'https://images4-g.ravelrycache.com/uploads/knitbec/874598390/92809-07_low_small_best_fit.jpg', 'flickr_url': None, 'shelved_url': 'https://images4-g.ravelrycache.com/uploads/knitbec/874598390/92809-07_low_shelved.jpg', 'medium2_url': 'https://images4-a.ravelrycache.com/uploads/knitbec/874598390/92809-07_low_medium2.jpg', 'small2_url': 'https://images4-g.ravelrycache.com/uploads/knitbec/874598390/92809-07_low_small2.jpg', 'caption': None, 'caption_html': None, 'copyright_holder': None}, {'id': 115227073, 'sort_order': 7, 'user_id': 3530885, 'x_offset': 0, 'y_offset': -43, 'square_url': 'https://images4-g.ravelrycache.com/uploads/knitbec/874598648/92809-08_low_square.jpg', 'medium_url': 'https://images4-f.ravelrycache.com/uploads/knitbec/874598648/92809-08_low_medium.jpg', 'thumbnail_url': 'https://images4-f.ravelrycache.com/uploads/knitbec/874598648/92809-08_low_thumbnail.jpg', 'small_url': 'https://images4-f.ravelrycache.com/uploads/knitbec/874598648/92809-08_low_small_best_fit.jpg', 'flickr_url': None, 'shelved_url': 'https://images4-f.ravelrycache.com/uploads/knitbec/874598648/92809-08_low_shelved.jpg', 'medium2_url': 'https://images4-a.ravelrycache.com/uploads/knitbec/874598648/92809-08_low_medium2.jpg', 'small2_url': 'https://images4-g.ravelrycache.com/uploads/knitbec/874598648/92809-08_low_small2.jpg', 'caption': None, 'caption_html': None, 'copyright_holder': ''}, {'id': 115227074, 'sort_order': 8, 'user_id': 3530885, 'x_offset': 0, 'y_offset': -43, 'square_url': 'https://images4-f.ravelrycache.com/uploads/knitbec/874598788/92809-09_low_square.jpg', 'medium_url': 'https://images4-g.ravelrycache.com/uploads/knitbec/874598788/92809-09_low_medium.jpg', 'thumbnail_url': 'https://images4-f.ravelrycache.com/uploads/knitbec/874598788/92809-09_low_thumbnail.jpg', 'small_url': 'https://images4-g.ravelrycache.com/uploads/knitbec/874598788/92809-09_low_small_best_fit.jpg', 'flickr_url': None, 'shelved_url': 'https://images4-g.ravelrycache.com/uploads/knitbec/874598788/92809-09_low_shelved.jpg', 'medium2_url': 'https://images4-a.ravelrycache.com/uploads/knitbec/874598788/92809-09_low_medium2.jpg', 'small2_url': 'https://images4-f.ravelrycache.com/uploads/knitbec/874598788/92809-09_low_small2.jpg', 'caption': None, 'caption_html': None, 'copyright_holder': ''}, {'id': 115227075, 'sort_order': 9, 'user_id': 3530885, 'x_offset': -43, 'y_offset': 0, 'square_url': 'https://images4-f.ravelrycache.com/uploads/knitbec/874598828/92809-01_low_square.jpg', 'medium_url': 'https://images4-g.ravelrycache.com/uploads/knitbec/874598828/92809-01_low_medium.jpg', 'thumbnail_url': 'https://images4-g.ravelrycache.com/uploads/knitbec/874598828/92809-01_low_thumbnail.jpg', 'small_url': 'https://images4-f.ravelrycache.com/uploads/knitbec/874598828/92809-01_low_small_best_fit.jpg', 'flickr_url': None, 'shelved_url': 'https://images4-f.ravelrycache.com/uploads/knitbec/874598828/92809-01_low_shelved.jpg', 'medium2_url': 'https://images4-a.ravelrycache.com/uploads/knitbec/874598828/92809-01_low_medium2.jpg', 'small2_url': 'https://images4-f.ravelrycache.com/uploads/knitbec/874598828/92809-01_low_small2.jpg', 'caption': None, 'caption_html': None, 'copyright_holder': ''}]"
Varzo - sweater,Sara Klint,1269242,https://www.ravelry.com/patterns/library/varzo---sweater,True,https://images4-a.ravelrycache.com/uploads/SvartaFaret/874606371/393021_3_low_medium2.jpg,Knitting,"['female', 'unisex', 'adult', 'positive-ease', 'written-pattern']",20.0,0.0,True,4.0,slätstickning,pullover,Worsted,8,0.0,XS-4XL,"[{'id': 115228026, 'sort_order': 1, 'user_id': 9216026, 'x_offset': 0, 'y_offset': -43, 'square_url': 'https://images4-g.ravelrycache.com/uploads/SvartaFaret/874606371/393021_3_low_square.jpg', 'medium_url': 'https://images4-f.ravelrycache.com/uploads/SvartaFaret/874606371/393021_3_low_medium.jpg', 'thumbnail_url': 'https://images4-g.ravelrycache.com/uploads/SvartaFaret/874606371/393021_3_low_thumbnail.jpg', 'small_url': 'https://images4-f.ravelrycache.com/uploads/SvartaFaret/874606371/393021_3_low_small_best_fit.jpg', 'flickr_url': None, 'shelved_url': 'https://images4-f.ravelrycache.com/uploads/SvartaFaret/874606371/393021_3_low_shelved.jpg', 'medium2_url': 'https://images4-a.ravelrycache.com/uploads/SvartaFaret/874606371/393021_3_low_medium2.jpg', 'small2_url': 'https://images4-g.ravelrycache.com/uploads/SvartaFaret/874606371/393021_3_low_small2.jpg', 'caption': None, 'caption_html': None, 'copyright_holder': None}, {'id': 115228025, 'sort_order': 2, 'user_id': 9216026, 'x_offset': 0, 'y_offset': -43, 'square_url': 'https://images4-f.ravelrycache.com/uploads/SvartaFaret/874606370/393021_9_low_square.jpg', 'medium_url': 'https://images4-g.ravelrycache.com/uploads/SvartaFaret/874606370/393021_9_low_medium.jpg', 'thumbnail_url': 'https://images4-f.ravelrycache.com/uploads/SvartaFaret/874606370/393021_9_low_thumbnail.jpg', 'small_url': 'https://images4-g.ravelrycache.com/uploads/SvartaFaret/874606370/393021_9_low_small_best_fit.jpg', 'flickr_url': None, 'shelved_url': 'https://images4-g.ravelrycache.com/uploads/SvartaFaret/874606370/393021_9_low_shelved.jpg', 'medium2_url': 'https://images4-a.ravelrycache.com/uploads/SvartaFaret/874606370/393021_9_low_medium2.jpg', 'small2_url': 'https://images4-f.ravelrycache.com/uploads/SvartaFaret/874606370/393021_9_low_small2.jpg', 'caption': None, 'caption_html': None, 'copyright_holder': None}, {'id': 115228027, 'sort_order': 3, 'user_id': 9216026, 'x_offset': 0, 'y_offset': -28, 'square_url': 'https://images4-g.ravelrycache.com/uploads/SvartaFaret/874606364/393021_8_low_square.jpg', 'medium_url': 'https://images4-f.ravelrycache.com/uploads/SvartaFaret/874606364/393021_8_low_medium.jpg', 'thumbnail_url': 'https://images4-f.ravelrycache.com/uploads/SvartaFaret/874606364/393021_8_low_thumbnail.jpg', 'small_url': 'https://images4-f.ravelrycache.com/uploads/SvartaFaret/874606364/393021_8_low_small_best_fit.jpg', 'flickr_url': None, 'shelved_url': 'https://images4-g.ravelrycache.com/uploads/SvartaFaret/874606364/393021_8_low_shelved.jpg', 'medium2_url': 'https://images4-a.ravelrycache.com/uploads/SvartaFaret/874606364/393021_8_low_medium2.jpg', 'small2_url': 'https://images4-g.ravelrycache.com/uploads/SvartaFaret/874606364/393021_8_low_small2.jpg', 'caption': None, 'caption_html': None, 'copyright_holder': None}, {'id': 115228028, 'sort_order': 4, 'user_id': 9216026, 'x_offset': -2, 'y_offset': -25, 'square_url': 'https://images4-f.ravelrycache.com/uploads/SvartaFaret/874606368/393021_7_low_square.jpg', 'medium_url': 'https://images4-g.ravelrycache.com/uploads/SvartaFaret/874606368/393021_7_low_medium.jpg', 'thumbnail_url': 'https://images4-g.ravelrycache.com/uploads/SvartaFaret/874606368/393021_7_low_thumbnail.jpg', 'small_url': 'https://images4-f.ravelrycache.com/uploads/SvartaFaret/874606368/393021_7_low_small_best_fit.jpg', 'flickr_url': None, 'shelved_url': 'https://images4-g.ravelrycache.com/uploads/SvartaFaret/874606368/393021_7_low_shelved.jpg', 'medium2_url': 'https://images4-a.ravelrycache.com/uploads/SvartaFaret/874606368/393021_7_low_medium2.jpg', 'small2_url': 'https://images4-f.ravelrycache.com/uploads/SvartaFaret/874606368/393021_7_low_small2.jpg', 'caption': None, 'caption_html': None, 'copyright_holder': None}, {'id': 115228029, 'sort_order': 5, 'user_id': 9216026, 'x_offset': -2, 'y_offset': -28, 'square_url': 'https://images4-f.ravelrycache.com/uploads/SvartaFaret/874606366/393021_11_low_square.jpg', 'medium_url': 'https://images4-g.ravelrycache.com/uploads/SvartaFaret/874606366/393021_11_low_medium.jpg', 'thumbnail_url': 'https://images4-g.ravelrycache.com/uploads/SvartaFaret/874606366/393021_11_low_thumbnail.jpg', 'small_url': 'https://images4-f.ravelrycache.com/uploads/SvartaFaret/874606366/393021_11_low_small_best_fit.jpg', 'flickr_url': None, 'shelved_url': 'https://images4-f.ravelrycache.com/uploads/SvartaFaret/874606366/393021_11_low_shelved.jpg', 'medium2_url': 'https://images4-a.ravelrycache.com/uploads/SvartaFaret/874606366/393021_11_low_medium2.jpg', 'small2_url': 'https://images4-f.ravelrycache.com/uploads/SvartaFaret/874606366/393021_11_low_small2.jpg', 'caption': None, 'caption_html': None, 'copyright_holder': None}, {'id': 115228030, 'sort_order': 6, 'user_id': 9216026, 'x_offset': -2, 'y_offset': -33, 'square_url': 'https://images4-f.ravelrycache.com/uploads/SvartaFaret/874606369/393021_10_low_square.jpg', 'medium_url': 'https://images4-g.ravelrycache.com/uploads/SvartaFaret/874606369/393021_10_low_medium.jpg', 'thumbnail_url': 'https://images4-g.ravelrycache.com/uploads/SvartaFaret/874606369/393021_10_low_thumbnail.jpg', 'small_url': 'https://images4-f.ravelrycache.com/uploads/SvartaFaret/874606369/393021_10_low_small_best_fit.jpg', 'flickr_url': None, 'shelved_url': 'https://images4-f.ravelrycache.com/uploads/SvartaFaret/874606369/393021_10_low_shelved.jpg', 'medium2_url': 'https://images4-a.ravelrycache.com/uploads/SvartaFaret/874606369/393021_10_low_medium2.jpg', 'small2_url': 'https://images4-f.ravelrycache.com/uploads/SvartaFaret/874606369/393021_10_low_small2.jpg', 'caption': None, 'caption_html': None, 'copyright_holder': None}, {'id': 115228031, 'sort_order': 7, 'user_id': 9216026, 'x_offset': -1, 'y_offset': -83, 'square_url': 'https://images4-f.ravelrycache.com/uploads/SvartaFaret/874606372/393021_6_low_square.jpg', 'medium_url': 'https://images4-g.ravelrycache.com/uploads/SvartaFaret/874606372/393021_6_low_medium.jpg', 'thumbnail_url': 'https://images4-f.ravelrycache.com/uploads/SvartaFaret/874606372/393021_6_low_thumbnail.jpg', 'small_url': 'https://images4-g.ravelrycache.com/uploads/SvartaFaret/874606372/393021_6_low_small_best_fit.jpg', 'flickr_url': None, 'shelved_url': 'https://images4-f.ravelrycache.com/uploads/SvartaFaret/874606372/393021_6_low_shelved.jpg', 'medium2_url': 'https://images4-a.ravelrycache.com/uploads/SvartaFaret/874606372/393021_6_low_medium2.jpg', 'small2_url': 'https://images4-f.ravelrycache.com/uploads/SvartaFaret/874606372/393021_6_low_small2.jpg', 'caption': None, 'caption_html': None, 'copyright_holder': None}, {'id': 115228032, 'sort_order': 8, 'user_id': 9216026, 'x_offset': 0, 'y_offset': -43, 'square_url': 'https://images4-g.ravelrycache.com/uploads/SvartaFaret/874606365/393021_5_low_square.jpg', 'medium_url': 'https://images4-f.ravelrycache.com/uploads/SvartaFaret/874606365/393021_5_low_medium.jpg', 'thumbnail_url': 'https://images4-g.ravelrycache.com/uploads/SvartaFaret/874606365/393021_5_low_thumbnail.jpg', 'small_url': 'https://images4-g.ravelrycache.com/uploads/SvartaFaret/874606365/393021_5_low_small_best_fit.jpg', 'flickr_url': None, 'shelved_url': 'https://images4-f.ravelrycache.com/uploads/SvartaFaret/874606365/393021_5_low_shelved.jpg', 'medium2_url': 'https://images4-a.ravelrycache.com/uploads/SvartaFaret/874606365/393021_5_low_medium2.jpg', 'small2_url': 'https://images4-g.ravelrycache.com/uploads/SvartaFaret/874606365/393021_5_low_small2.jpg', 'caption': None, 'caption_html': None, 'copyright_holder': None}, {'id': 115228033, 'sort_order': 9, 'user_id': 9216026, 'x_offset': 0, 'y_offset': -43, 'square_url': 'https://images4-g.ravelrycache.com/uploads/SvartaFaret/874606363/393021_4_low_square.jpg', 'medium_url': 'https://images4-f.ravelrycache.com/uploads/SvartaFaret/874606363/393021_4_low_medium.jpg', 'thumbnail_url': 'https://images4-f.ravelrycache.com/uploads/SvartaFaret/874606363/393021_4_low_thumbnail.jpg', 'small_url': 'https://images4-f.ravelrycache.com/uploads/SvartaFaret/874606363/393021_4_low_small_best_fit.jpg', 'flickr_url': None, 'shelved_url': 'https://images4-g.ravelrycache.com/uploads/SvartaFaret/874606363/393021_4_low_shelved.jpg', 'medium2_url': 'https://images4-a.ravelrycache.com/uploads/SvartaFaret/874606363/393021_4_low_medium2.jpg', 'small2_url': 'https://images4-g.ravelrycache.com/uploads/SvartaFaret/874606363/393021_4_low_small2.jpg', 'caption': None, 'caption_html': None, 'copyright_holder': None}, {'id': 115228034, 'sort_order': 10, 'user_id': 9216026, 'x_offset': -1, 'y_offset': -30, 'square_url': 'https://images4-f.ravelrycache.com/uploads/SvartaFaret/874606367/393021_393022_5_low_square.jpg', 'medium_url': 'https://images4-g.ravelrycache.com/uploads/SvartaFaret/874606367/393021_393022_5_low_medium.jpg', 'thumbnail_url': 'https://images4-f.ravelrycache.com/uploads/SvartaFaret/874606367/393021_393022_5_low_thumbnail.jpg', 'small_url': 'https://images4-g.ravelrycache.com/uploads/SvartaFaret/874606367/393021_393022_5_low_small_best_fit.jpg', 'flickr_url': None, 'shelved_url': 'https://images4-g.ravelrycache.com/uploads/SvartaFaret/874606367/393021_393022_5_low_shelved.jpg', 'medium2_url': 'https://images4-a.ravelrycache.com/uploads/SvartaFaret/874606367/393021_393022_5_low_medium2.jpg', 'small2_url': 'https://images4-f.ravelrycache.com/uploads/SvartaFaret/874606367/393021_393022_5_low_small2.jpg', 'caption': None, 'caption_html': None, 'copyright_holder': None}, {'id': 115228035, 'sort_order': 11, 'user_id': 9216026, 'x_offset': 0, 'y_offset': 0, 'square_url': 'https://images4-g.ravelrycache.com/uploads/SvartaFaret/874606362/393021_1_low_square.jpg', 'medium_url': 'https://images4-f.ravelrycache.com/uploads/SvartaFaret/874606362/393021_1_low_medium.jpg', 'thumbnail_url': 'https://images4-f.ravelrycache.com/uploads/SvartaFaret/874606362/393021_1_low_thumbnail.jpg', 'small_url': 'https://images4-f.ravelrycache.com/uploads/SvartaFaret/874606362/393021_1_low_small_best_fit.jpg', 'flickr_url': None, 'shelved_url': 'https://images4-g.ravelrycache.com/uploads/SvartaFaret/874606362/393021_1_low_shelved.jpg', 'medium2_url': 'https://images4-a.ravelrycache.com/uploads/SvartaFaret/874606362/393021_1_low_medium2.jpg', 'small2_url': 'https://images4-g.ravelrycache.com/uploads/SvartaFaret/874606362/393021_1_low_small2.jpg', 'caption': None, 'caption_html': None, 'copyright_holder': None}]"
Ardsitka,Anne-Michelle Phelan,1269415,https://www.ravelry.com/patterns/library/ardsitka,False,https://images4-a.ravelrycache.com/uploads/amphelan/874643118/740CAEA7-9CFA-48FD-B84B-134FD1AE06D1_medium2.jpeg,Knitting,"['adult', 'circular-yoke', 'stranded', 'short-rows', 'top-down', 'positive-ease', 'chart', 'written-pattern', 'in-the-round', 'male', 'female']",24.0,0.0,True,4.0,Stocking stitch,pullover,Fingering,18,5.0,"1 (2, 3, 4, 5) [6, 7, 8, 9]","[{'id': 115242946, 'sort_order': 1, 'user_id': 3397974, 'x_offset': 0, 'y_offset': 0, 'square_url': 'https://images4-g.ravelrycache.com/uploads/amphelan/874643118/740CAEA7-9CFA-48FD-B84B-134FD1AE06D1_square.jpeg', 'medium_url': 'https://images4-g.ravelrycache.com/uploads/amphelan/874643118/740CAEA7-9CFA-48FD-B84B-134FD1AE06D1_medium.jpeg', 'thumbnail_url': 'https://images4-g.ravelrycache.com/uploads/amphelan/874643118/740CAEA7-9CFA-48FD-B84B-134FD1AE06D1_thumbnail.jpeg', 'small_url': 'https://images4-g.ravelrycache.com/uploads/amphelan/874643118/740CAEA7-9CFA-48FD-B84B-134FD1AE06D1_small_best_fit.jpeg', 'flickr_url': None, 'shelved_url': 'https://images4-f.ravelrycache.com/uploads/amphelan/874643118/740CAEA7-9CFA-48FD-B84B-134FD1AE06D1_shelved.jpeg', 'medium2_url': 'https://images4-a.ravelrycache.com/uploads/amphelan/874643118/740CAEA7-9CFA-48FD-B84B-134FD1AE06D1_medium2.jpeg', 'small2_url': 'https://images4-f.ravelrycache.com/uploads/amphelan/874643118/740CAEA7-9CFA-48FD-B84B-134FD1AE06D1_small2.jpeg', 'caption': None, 'caption_html': None, 'copyright_holder': None}, {'id': 115242947, 'sort_order': 2, 'user_id': 3397974, 'x_offset': 0, 'y_offset': 0, 'square_url': 'https://images4-g.ravelrycache.com/uploads/amphelan/874643116/0E6F8B5C-B866-4D9E-80C9-7B9CDD310C5E_square.jpeg', 'medium_url': 'https://images4-g.ravelrycache.com/uploads/amphelan/874643116/0E6F8B5C-B866-4D9E-80C9-7B9CDD310C5E_medium.jpeg', 'thumbnail_url': 'https://images4-g.ravelrycache.com/uploads/amphelan/874643116/0E6F8B5C-B866-4D9E-80C9-7B9CDD310C5E_thumbnail.jpeg', 'small_url': 'https://images4-f.ravelrycache.com/uploads/amphelan/874643116/0E6F8B5C-B866-4D9E-80C9-7B9CDD310C5E_small_best_fit.jpeg', 'flickr_url': None, 'shelved_url': 'https://images4-f.ravelrycache.com/uploads/amphelan/874643116/0E6F8B5C-B866-4D9E-80C9-7B9CDD310C5E_shelved.jpeg', 'medium2_url': 'https://images4-a.ravelrycache.com/uploads/amphelan/874643116/0E6F8B5C-B866-4D9E-80C9-7B9CDD310C5E_medium2.jpeg', 'small2_url': 'https://images4-f.ravelrycache.com/uploads/amphelan/874643116/0E6F8B5C-B866-4D9E-80C9-7B9CDD310C5E_small2.jpeg', 'caption': None, 'caption_html': None, 'copyright_holder': None}, {'id': 115242945, 'sort_order': 3, 'user_id': 3397974, 'x_offset': -5, 'y_offset': -35, 'square_url': 'https://images4-g.ravelrycache.com/uploads/amphelan/874643115/6EE4DC85-333F-46C8-85F5-2167EFBC9A15_square.jpeg', 'medium_url': 'https://images4-g.ravelrycache.com/uploads/amphelan/874643115/6EE4DC85-333F-46C8-85F5-2167EFBC9A15_medium.jpeg', 'thumbnail_url': 'https://images4-f.ravelrycache.com/uploads/amphelan/874643115/6EE4DC85-333F-46C8-85F5-2167EFBC9A15_thumbnail.jpeg', 'small_url': 'https://images4-f.ravelrycache.com/uploads/amphelan/874643115/6EE4DC85-333F-46C8-85F5-2167EFBC9A15_small.jpeg', 'flickr_url': None, 'shelved_url': 'https://images4-g.ravelrycache.com/uploads/amphelan/874643115/6EE4DC85-333F-46C8-85F5-2167EFBC9A15_shelved.jpeg', 'medium2_url': 'https://images4-a.ravelrycache.com/uploads/amphelan/874643115/6EE4DC85-333F-46C8-85F5-2167EFBC9A15_medium2.jpeg', 'small2_url': 'https://images4-f.ravelrycache.com/uploads/amphelan/874643115/6EE4DC85-333F-46C8-85F5-2167EFBC9A15_small2.jpeg', 'caption': None, 'caption_html': None, 'copyright_holder': None}, {'id': 115242948, 'sort_order': 4, 'user_id': 3397974, 'x_offset': 0, 'y_offset': 0, 'square_url': 'https://images4-f.ravelrycache.com/uploads/amphelan/874645198/D08EE872-D759-4883-AF75-5D447BFD0BD7_square.jpeg', 'medium_url': 'https://images4-f.ravelrycache.com/uploads/amphelan/874645198/D08EE872-D759-4883-AF75-5D447BFD0BD7_medium.jpeg', 'thumbnail_url': 'https://images4-g.ravelrycache.com/uploads/amphelan/874645198/D08EE872-D759-4883-AF75-5D447BFD0BD7_thumbnail.jpeg', 'small_url': 'https://images4-g.ravelrycache.com/uploads/amphelan/874645198/D08EE872-D759-4883-AF75-5D447BFD0BD7_small_best_fit.jpeg', 'flickr_url': None, 'shelved_url': 'https://images4-g.ravelrycache.com/uploads/amphelan/874645198/D08EE872-D759-4883-AF75-5D447BFD0BD7_shelved.jpeg', 'medium2_url': 'https://images4-a.ravelrycache.com/uploads/amphelan/874645198/D08EE872-D759-4883-AF75-5D447BFD0BD7_medium2.jpeg', 'small2_url': 'https://images4-g.ravelrycache.com/uploads/amphelan/874645198/D08EE872-D759-4883-AF75-5D447BFD0BD7_small2.jpeg', 'caption': None, 'caption_html': None, 'copyright_holder': None}, {'id': 115242949, 'sort_order': 5, 'user_id': 3397974, 'x_offset': -5, 'y_offset': -35, 'square_url': 'https://images4-g.ravelrycache.com/uploads/amphelan/874725966/6F9007FE-BE98-4531-B8FF-8A161529FFA6_square.jpeg', 'medium_url': 'https://images4-g.ravelrycache.com/uploads/amphelan/874725966/6F9007FE-BE98-4531-B8FF-8A161529FFA6_medium.jpeg', 'thumbnail_url': 'https://images4-f.ravelrycache.com/uploads/amphelan/874725966/6F9007FE-BE98-4531-B8FF-8A161529FFA6_thumbnail.jpeg', 'small_url': 'https://images4-g.ravelrycache.com/uploads/amphelan/874725966/6F9007FE-BE98-4531-B8FF-8A161529FFA6_small.jpeg', 'flickr_url': None, 'shelved_url': 'https://images4-f.ravelrycache.com/uploads/amphelan/874725966/6F9007FE-BE98-4531-B8FF-8A161529FFA6_shelved.jpeg', 'medium2_url': 'https://images4-a.ravelrycache.com/uploads/amphelan/874725966/6F9007FE-BE98-4531-B8FF-8A161529FFA6_medium2.jpeg', 'small2_url': 'https://images4-f.ravelrycache.com/uploads/amphelan/874725966/6F9007FE-BE98-4531-B8FF-8A161529FFA6_small2.jpeg', 'caption': None, 'caption_html': None, 'copyright_holder': None}]"
Baby-Hopi,Linka Neumann,1269453,https://www.ravelry.com/patterns/library/baby-hopi,False,https://images4-a.ravelrycache.com/uploads/linkaneumann/874736607/IMG_5032_jpg_medium2.JPG,Knitting,"['baby', 'stranded', 'bottom-up', 'chart', 'in-the-round']",28.0,0.0,True,4.0,28 stitches= 10 cm ,baby,Fingering,13,0.0,1-3 (3-6) 6-9 (12) Months ,"[{'id': 115244250, 'sort_order': 1, 'user_id': 7174045, 'x_offset': -5, 'y_offset': -35, 'square_url': 'https://images4-f.ravelrycache.com/uploads/linkaneumann/874736607/IMG_5032_jpg_square.JPG', 'medium_url': 'https://images4-g.ravelrycache.com/uploads/linkaneumann/874736607/IMG_5032_jpg_medium.JPG', 'thumbnail_url': 'https://images4-g.ravelrycache.com/uploads/linkaneumann/874736607/IMG_5032_jpg_thumbnail.JPG', 'small_url': 'https://images4-g.ravelrycache.com/uploads/linkaneumann/874736607/IMG_5032_jpg_small.JPG', 'flickr_url': None, 'shelved_url': 'https://images4-g.ravelrycache.com/uploads/linkaneumann/874736607/IMG_5032_jpg_shelved.JPG', 'medium2_url': 'https://images4-a.ravelrycache.com/uploads/linkaneumann/874736607/IMG_5032_jpg_medium2.JPG', 'small2_url': 'https://images4-f.ravelrycache.com/uploads/linkaneumann/874736607/IMG_5032_jpg_small2.JPG', 'caption': None, 'caption_html': None, 'copyright_holder': None}, {'id': 115244251, 'sort_order': 2, 'user_id': 7174045, 'x_offset': 0, 'y_offset': -43, 'square_url': 'https://images4-g.ravelrycache.com/uploads/linkaneumann/874736559/img_2884__1__square.jpg', 'medium_url': 'https://images4-f.ravelrycache.com/uploads/linkaneumann/874736559/img_2884__1__medium.jpg', 'thumbnail_url': 'https://images4-f.ravelrycache.com/uploads/linkaneumann/874736559/img_2884__1__thumbnail.jpg', 'small_url': 'https://images4-g.ravelrycache.com/uploads/linkaneumann/874736559/img_2884__1__small_best_fit.jpg', 'flickr_url': None, 'shelved_url': 'https://images4-f.ravelrycache.com/uploads/linkaneumann/874736559/img_2884__1__shelved.jpg', 'medium2_url': 'https://images4-a.ravelrycache.com/uploads/linkaneumann/874736559/img_2884__1__medium2.jpg', 'small2_url': 'https://images4-g.ravelrycache.com/uploads/linkaneumann/874736559/img_2884__1__small2.jpg', 'caption': None, 'caption_html': None, 'copyright_holder': None}, {'id': 115244252, 'sort_order': 3, 'user_id': 7174045, 'x_offset': -5, 'y_offset': -35, 'square_url': 'https://images4-f.ravelrycache.com/uploads/linkaneumann/874736583/IMG_4331_jpg_square.JPG', 'medium_url': 'https://images4-g.ravelrycache.com/uploads/linkaneumann/874736583/IMG_4331_jpg_medium.JPG', 'thumbnail_url': 'https://images4-g.ravelrycache.com/uploads/linkaneumann/874736583/IMG_4331_jpg_thumbnail.JPG', 'small_url': 'https://images4-g.ravelrycache.com/uploads/linkaneumann/874736583/IMG_4331_jpg_small.JPG', 'flickr_url': None, 'shelved_url': 'https://images4-g.ravelrycache.com/uploads/linkaneumann/874736583/IMG_4331_jpg_shelved.JPG', 'medium2_url': 'https://images4-a.ravelrycache.com/uploads/linkaneumann/874736583/IMG_4331_jpg_medium2.JPG', 'small2_url': 'https://images4-f.ravelrycache.com/uploads/linkaneumann/874736583/IMG_4331_jpg_small2.JPG', 'caption': None, 'caption_html': None, 'copyright_holder': None}, {'id': 115244253, 'sort_order': 4, 'user_id': 7174045, 'x_offset': 0, 'y_offset': -43, 'square_url': 'https://images4-f.ravelrycache.com/uploads/linkaneumann/874736616/IMG_5154_square.JPG', 'medium_url': 'https://images4-g.ravelrycache.com/uploads/linkaneumann/874736616/IMG_5154_medium.JPG', 'thumbnail_url': 'https://images4-f.ravelrycache.com/uploads/linkaneumann/874736616/IMG_5154_thumbnail.JPG', 'small_url': 'https://images4-g.ravelrycache.com/uploads/linkaneumann/874736616/IMG_5154_small_best_fit.JPG', 'flickr_url': None, 'shelved_url': 'https://images4-f.ravelrycache.com/uploads/linkaneumann/874736616/IMG_5154_shelved.JPG', 'medium2_url': 'https://images4-a.ravelrycache.com/uploads/linkaneumann/874736616/IMG_5154_medium2.JPG', 'small2_url': 'https://images4-f.ravelrycache.com/uploads/linkaneumann/874736616/IMG_5154_small2.JPG', 'caption': None, 'caption_html': None, 'copyright_holder': None}, {'id': 115244254, 'sort_order': 5, 'user_id': 7174045, 'x_offset': -5, 'y_offset': -35, 'square_url': 'https://images4-f.ravelrycache.com/uploads/linkaneumann/874736601/IMG_4985_square.JPG', 'medium_url': 'https://images4-g.ravelrycache.com/uploads/linkaneumann/874736601/IMG_4985_medium.JPG', 'thumbnail_url': 'https://images4-f.ravelrycache.com/uploads/linkaneumann/874736601/IMG_4985_thumbnail.JPG', 'small_url': 'https://images4-g.ravelrycache.com/uploads/linkaneumann/874736601/IMG_4985_small.JPG', 'flickr_url': None, 'shelved_url': 'https://images4-f.ravelrycache.com/uploads/linkaneumann/874736601/IMG_4985_shelved.JPG', 'medium2_url': 'https://images4-a.ravelrycache.com/uploads/linkaneumann/874736601/IMG_4985_medium2.JPG', 'small2_url': 'https://images4-f.ravelrycache.com/uploads/linkaneumann/874736601/IMG_4985_small2.JPG', 'caption': None, 'caption_html': None, 'copyright_holder': None}, {'id': 115244255, 'sort_order': 6, 'user_id': 7174045, 'x_offset': -5, 'y_offset': -35, 'square_url': 'https://images4-f.ravelrycache.com/uploads/linkaneumann/874736574/IMG_3905_square.JPG', 'medium_url': 'https://images4-g.ravelrycache.com/uploads/linkaneumann/874736574/IMG_3905_medium.JPG', 'thumbnail_url': 'https://images4-f.ravelrycache.com/uploads/linkaneumann/874736574/IMG_3905_thumbnail.JPG', 'small_url': 'https://images4-f.ravelrycache.com/uploads/linkaneumann/874736574/IMG_3905_small.JPG', 'flickr_url': None, 'shelved_url': 'https://images4-g.ravelrycache.com/uploads/linkaneumann/874736574/IMG_3905_shelved.JPG', 'medium2_url': 'https://images4-a.ravelrycache.com/uploads/linkaneumann/874736574/IMG_3905_medium2.JPG', 'small2_url': 'https://images4-f.ravelrycache.com/uploads/linkaneumann/874736574/IMG_3905_small2.JPG', 'caption': None, 'caption_html': None, 'copyright_holder': None}, {'id': 115244256, 'sort_order': 7, 'user_id': 7174045, 'x_offset': -5, 'y_offset': -35, 'square_url': 'https://images4-f.ravelrycache.com/uploads/linkaneumann/874736648/c98c3ea1-d63b-4fa4-9eea-46f63f4cc119_square.JPG', 'medium_url': 'https://images4-g.ravelrycache.com/uploads/linkaneumann/874736648/c98c3ea1-d63b-4fa4-9eea-46f63f4cc119_medium.JPG', 'thumbnail_url': 'https://images4-g.ravelrycache.com/uploads/linkaneumann/874736648/c98c3ea1-d63b-4fa4-9eea-46f63f4cc119_thumbnail.JPG', 'small_url': 'https://images4-g.ravelrycache.com/uploads/linkaneumann/874736648/c98c3ea1-d63b-4fa4-9eea-46f63f4cc119_small.JPG', 'flickr_url': None, 'shelved_url': 'https://images4-g.ravelrycache.com/uploads/linkaneumann/874736648/c98c3ea1-d63b-4fa4-9eea-46f63f4cc119_shelved.JPG', 'medium2_url': 'https://images4-a.ravelrycache.com/uploads/linkaneumann/874736648/c98c3ea1-d63b-4fa4-9eea-46f63f4cc119_medium2.JPG', 'small2_url': 'https://images4-f.ravelrycache.com/uploads/linkaneumann/874736648/c98c3ea1-d63b-4fa4-9eea-46f63f4cc119_small2.JPG', 'caption': None, 'caption_html': None, 'copyright_holder': None}, {'id': 115244257, 'sort_order': 8, 'user_id': 7174045, 'x_offset': 0, 'y_offset': -43, 'square_url': 'https://images4-g.ravelrycache.com/uploads/linkaneumann/874736669/img_2811_square.jpg', 'medium_url': 'https://images4-f.ravelrycache.com/uploads/linkaneumann/874736669/img_2811_medium.jpg', 'thumbnail_url': 'https://images4-g.ravelrycache.com/uploads/linkaneumann/874736669/img_2811_thumbnail.jpg', 'small_url': 'https://images4-g.ravelrycache.com/uploads/linkaneumann/874736669/img_2811_small_best_fit.jpg', 'flickr_url': None, 'shelved_url': 'https://images4-g.ravelrycache.com/uploads/linkaneumann/874736669/img_2811_shelved.jpg', 'medium2_url': 'https://images4-a.ravelrycache.com/uploads/linkaneumann/874736669/img_2811_medium2.jpg', 'small2_url': 'https://images4-g.ravelrycache.com/uploads/linkaneumann/874736669/img_2811_small2.jpg', 'caption': None, 'caption_html': None, 'copyright_holder': None}]"
Garter Stitch Pullover (revised),Maureen Clark,1269497,https://www.ravelry.com/patterns/library/garter-stitch-pullover-revised,False,https://images4-a.ravelrycache.com/uploads/KateSalomon/873682500/Garter_03w_medium2.jpg,Knitting,"['unisex', 'toddler', 'child', 'fitted', 'textured', 'crew-neck', 'long-sleeve', 'raglan-sleeve', 'one-piece', 'top-down', 'positive-ease', 'written-pattern', 'in-the-round']",23.0,0.0,True,4.0,garter stitch,child,DK,6,0.0,"Finished Chest Circumference: 22 (24, 26, 28, 29, 31)”/ 56 (61, 66, 71, 74, 79) cm","[{'id': 115246639, 'sort_order': 1, 'user_id': 93114, 'x_offset': -5, 'y_offset': -35, 'square_url': 'https://images4-f.ravelrycache.com/uploads/KateSalomon/873682500/Garter_03w_square.jpg', 'medium_url': 'https://images4-g.ravelrycache.com/uploads/KateSalomon/873682500/Garter_03w_medium.jpg', 'thumbnail_url': 'https://images4-f.ravelrycache.com/uploads/KateSalomon/873682500/Garter_03w_thumbnail.jpg', 'small_url': 'https://images4-g.ravelrycache.com/uploads/KateSalomon/873682500/Garter_03w_small.jpg', 'flickr_url': None, 'shelved_url': 'https://images4-f.ravelrycache.com/uploads/KateSalomon/873682500/Garter_03w_shelved.jpg', 'medium2_url': 'https://images4-a.ravelrycache.com/uploads/KateSalomon/873682500/Garter_03w_medium2.jpg', 'small2_url': 'https://images4-f.ravelrycache.com/uploads/KateSalomon/873682500/Garter_03w_small2.jpg', 'caption': None, 'caption_html': None, 'copyright_holder': None}, {'id': 115246640, 'sort_order': 2, 'user_id': 93114, 'x_offset': -1, 'y_offset': -28, 'square_url': 'https://images4-f.ravelrycache.com/uploads/KateSalomon/873682504/Garter_04w_square.jpg', 'medium_url': 'https://images4-g.ravelrycache.com/uploads/KateSalomon/873682504/Garter_04w_medium.jpg', 'thumbnail_url': 'https://images4-f.ravelrycache.com/uploads/KateSalomon/873682504/Garter_04w_thumbnail.jpg', 'small_url': 'https://images4-f.ravelrycache.com/uploads/KateSalomon/873682504/Garter_04w_small_best_fit.jpg', 'flickr_url': None, 'shelved_url': 'https://images4-f.ravelrycache.com/uploads/KateSalomon/873682504/Garter_04w_shelved.jpg', 'medium2_url': 'https://images4-a.ravelrycache.com/uploads/KateSalomon/873682504/Garter_04w_medium2.jpg', 'small2_url': 'https://images4-f.ravelrycache.com/uploads/KateSalomon/873682504/Garter_04w_small2.jpg', 'caption': None, 'caption_html': None, 'copyright_holder': None}, {'id': 115246641, 'sort_order': 3, 'user_id': 93114, 'x_offset': -1, 'y_offset': -56, 'square_url': 'https://images4-f.ravelrycache.com/uploads/KateSalomon/873682503/Garter_02w_square.jpg', 'medium_url': 'https://images4-g.ravelrycache.com/uploads/KateSalomon/873682503/Garter_02w_medium.jpg', 'thumbnail_url': 'https://images4-g.ravelrycache.com/uploads/KateSalomon/873682503/Garter_02w_thumbnail.jpg', 'small_url': 'https://images4-g.ravelrycache.com/uploads/KateSalomon/873682503/Garter_02w_small.jpg', 'flickr_url': None, 'shelved_url': 'https://images4-g.ravelrycache.com/uploads/KateSalomon/873682503/Garter_02w_shelved.jpg', 'medium2_url': 'https://images4-a.ravelrycache.com/uploads/KateSalomon/873682503/Garter_02w_medium2.jpg', 'small2_url': 'https://images4-f.ravelrycache.com/uploads/KateSalomon/873682503/Garter_02w_small2.jpg', 'caption': None, 'caption_html': None, 'copyright_holder': None}, {'id': 115246642, 'sort_order': 4, 'user_id': 93114, 'x_offset': -5, 'y_offset': -35, 'square_url': 'https://images4-g.ravelrycache.com/uploads/KateSalomon/873682499/Garter_01w_square.jpg', 'medium_url': 'https://images4-f.ravelrycache.com/uploads/KateSalomon/873682499/Garter_01w_medium.jpg', 'thumbnail_url': 'https://images4-g.ravelrycache.com/uploads/KateSalomon/873682499/Garter_01w_thumbnail.jpg', 'small_url': 'https://images4-f.ravelrycache.com/uploads/KateSalomon/873682499/Garter_01w_small.jpg', 'flickr_url': None, 'shelved_url': 'https://images4-g.ravelrycache.com/uploads/KateSalomon/873682499/Garter_01w_shelved.jpg', 'medium2_url': 'https://images4-a.ravelrycache.com/uploads/KateSalomon/873682499/Garter_01w_medium2.jpg', 'small2_url': 'https://images4-g.ravelrycache.com/uploads/KateSalomon/873682499/Garter_01w_small2.jpg', 'caption': None, 'caption_html': None, 'copyright_holder': None}]"
Giza Sweater,we are knitters,1269501,https://www.ravelry.com/patterns/library/giza-sweater,False,https://images4-a.ravelrycache.com/uploads/weareknitters/870700685/Giza_Sweater_medium2.jpg,Knitting,['female'],,0.0,False,4.0,,pullover,Aran,12,0.0,"S, M, L, XL","[{'id': 115246898, 'sort_order': 1, 'user_id': 3343245, 'x_offset': -2, 'y_offset': -35, 'square_url': 'https://images4-f.ravelrycache.com/uploads/weareknitters/870700685/Giza_Sweater_square.jpg', 'medium_url': 'https://images4-g.ravelrycache.com/uploads/weareknitters/870700685/Giza_Sweater_medium.jpg', 'thumbnail_url': 'https://images4-g.ravelrycache.com/uploads/weareknitters/870700685/Giza_Sweater_thumbnail.jpg', 'small_url': 'https://images4-g.ravelrycache.com/uploads/weareknitters/870700685/Giza_Sweater_small.jpg', 'flickr_url': None, 'shelved_url': 'https://images4-f.ravelrycache.com/uploads/weareknitters/870700685/Giza_Sweater_shelved.jpg', 'medium2_url': 'https://images4-a.ravelrycache.com/uploads/weareknitters/870700685/Giza_Sweater_medium2.jpg', 'small2_url': 'https://images4-f.ravelrycache.com/uploads/weareknitters/870700685/Giza_Sweater_small2.jpg', 'caption': None, 'caption_html': None, 'copyright_holder': None}]"
Clone Trooper Sweater,Natalia Milas,1269502,https://www.ravelry.com/patterns/library/clone-trooper-sweater,False,https://images4-a.ravelrycache.com/uploads/naty/854593071/B3FAE66E-697A-4471-BFAE-0126CAA7C4D3_medium2.JPG,Knitting,"['child', 'stranded', 'top-down', 'chart', 'circular-yoke']",21.0,0.0,True,4.0,,child,Sport,10,0.0,"XS (S, M, L, XL)","[{'id': 115247067, 'sort_order': 1, 'user_id': 45616, 'x_offset': 0, 'y_offset': 0, 'square_url': 'https://images4-g.ravelrycache.com/uploads/naty/854593071/B3FAE66E-697A-4471-BFAE-0126CAA7C4D3_square.JPG', 'medium_url': 'https://images4-f.ravelrycache.com/uploads/naty/854593071/B3FAE66E-697A-4471-BFAE-0126CAA7C4D3_medium.JPG', 'thumbnail_url': 'https://images4-f.ravelrycache.com/uploads/naty/854593071/B3FAE66E-697A-4471-BFAE-0126CAA7C4D3_thumbnail.JPG', 'small_url': 'https://images4-f.ravelrycache.com/uploads/naty/854593071/B3FAE66E-697A-4471-BFAE-0126CAA7C4D3_small_best_fit.JPG', 'flickr_url': None, 'shelved_url': 'https://images4-f.ravelrycache.com/uploads/naty/854593071/B3FAE66E-697A-4471-BFAE-0126CAA7C4D3_shelved.JPG', 'medium2_url': 'https://images4-a.ravelrycache.com/uploads/naty/854593071/B3FAE66E-697A-4471-BFAE-0126CAA7C4D3_medium2.JPG', 'small2_url': 'https://images4-g.ravelrycache.com/uploads/naty/854593071/B3FAE66E-697A-4471-BFAE-0126CAA7C4D3_small2.JPG', 'caption': None, 'caption_html': None, 'copyright_holder': None}, {'id': 115247068, 'sort_order': 2, 'user_id': 45616, 'x_offset': 0, 'y_offset': 0, 'square_url': 'https://images4-f.ravelrycache.com/uploads/naty/854593073/7F3ACEA3-F1A3-4A0D-AE28-86FEBFC8D6CA_square.JPG', 'medium_url': 'https://images4-g.ravelrycache.com/uploads/naty/854593073/7F3ACEA3-F1A3-4A0D-AE28-86FEBFC8D6CA_medium.JPG', 'thumbnail_url': 'https://images4-g.ravelrycache.com/uploads/naty/854593073/7F3ACEA3-F1A3-4A0D-AE28-86FEBFC8D6CA_thumbnail.JPG', 'small_url': 'https://images4-g.ravelrycache.com/uploads/naty/854593073/7F3ACEA3-F1A3-4A0D-AE28-86FEBFC8D6CA_small_best_fit.JPG', 'flickr_url': None, 'shelved_url': 'https://images4-g.ravelrycache.com/uploads/naty/854593073/7F3ACEA3-F1A3-4A0D-AE28-86FEBFC8D6CA_shelved.JPG', 'medium2_url': 'https://images4-a.ravelrycache.com/uploads/naty/854593073/7F3ACEA3-F1A3-4A0D-AE28-86FEBFC8D6CA_medium2.JPG', 'small2_url': 'https://images4-f.ravelrycache.com/uploads/naty/854593073/7F3ACEA3-F1A3-4A0D-AE28-86FEBFC8D6CA_small2.JPG', 'caption': None, 'caption_html': None, 'copyright_holder': None}, {'id': 115247069, 'sort_order': 3, 'user_id': 45616, 'x_offset': -5, 'y_offset': -35, 'square_url': 'https://images4-g.ravelrycache.com/uploads/naty/854593077/IMG_2508_square.JPG', 'medium_url': 'https://images4-f.ravelrycache.com/uploads/naty/854593077/IMG_2508_medium.JPG', 'thumbnail_url': 'https://images4-f.ravelrycache.com/uploads/naty/854593077/IMG_2508_thumbnail.JPG', 'small_url': 'https://images4-g.ravelrycache.com/uploads/naty/854593077/IMG_2508_small.JPG', 'flickr_url': None, 'shelved_url': 'https://images4-g.ravelrycache.com/uploads/naty/854593077/IMG_2508_shelved.JPG', 'medium2_url': 'https://images4-a.ravelrycache.com/uploads/naty/854593077/IMG_2508_medium2.JPG', 'small2_url': 'https://images4-g.ravelrycache.com/uploads/naty/854593077/IMG_2508_small2.JPG', 'caption': None, 'caption_html': None, 'copyright_holder': None}, {'id': 115247070, 'sort_order': 4, 'user_id': 45616, 'x_offset': 0, 'y_offset': 0, 'square_url': 'https://images4-g.ravelrycache.com/uploads/naty/854593132/IMG_6947_square.png', 'medium_url': 'https://images4-f.ravelrycache.com/uploads/naty/854593132/IMG_6947_medium.png', 'thumbnail_url': 'https://images4-g.ravelrycache.com/uploads/naty/854593132/IMG_6947_thumbnail.png', 'small_url': 'https://images4-g.ravelrycache.com/uploads/naty/854593132/IMG_6947_small_best_fit.png', 'flickr_url': None, 'shelved_url': 'https://images4-f.ravelrycache.com/uploads/naty/854593132/IMG_6947_shelved.png', 'medium2_url': 'https://images4-a.ravelrycache.com/uploads/naty/854593132/IMG_6947_medium2.png', 'small2_url': 'https://images4-g.ravelrycache.com/uploads/naty/854593132/IMG_6947_small2.png', 'caption': None, 'caption_html': None, 'copyright_holder': None}, {'id': 115247071, 'sort_order': 5, 'user_id': 45616, 'x_offset': 0, 'y_offset': 0, 'square_url': 'https://images4-g.ravelrycache.com/uploads/naty/854593083/IMG_2510_square.JPG', 'medium_url': 'https://images4-f.ravelrycache.com/uploads/naty/854593083/IMG_2510_medium.JPG', 'thumbnail_url': 'https://images4-g.ravelrycache.com/uploads/naty/854593083/IMG_2510_thumbnail.JPG', 'small_url': 'https://images4-f.ravelrycache.com/uploads/naty/854593083/IMG_2510_small_best_fit.JPG', 'flickr_url': None, 'shelved_url': 'https://images4-g.ravelrycache.com/uploads/naty/854593083/IMG_2510_shelved.JPG', 'medium2_url': 'https://images4-a.ravelrycache.com/uploads/naty/854593083/IMG_2510_medium2.JPG', 'small2_url': 'https://images4-g.ravelrycache.com/uploads/naty/854593083/IMG_2510_small2.JPG', 'caption': None, 'caption_html': None, 'copyright_holder': None}, {'id': 115247072, 'sort_order': 6, 'user_id': 45616, 'x_offset': 0, 'y_offset': 0, 'square_url': 'https://images4-g.ravelrycache.com/uploads/naty/854593080/IMG_2629_square.JPG', 'medium_url': 'https://images4-f.ravelrycache.com/uploads/naty/854593080/IMG_2629_medium.JPG', 'thumbnail_url': 'https://images4-f.ravelrycache.com/uploads/naty/854593080/IMG_2629_thumbnail.JPG', 'small_url': 'https://images4-f.ravelrycache.com/uploads/naty/854593080/IMG_2629_small_best_fit.JPG', 'flickr_url': None, 'shelved_url': 'https://images4-f.ravelrycache.com/uploads/naty/854593080/IMG_2629_shelved.JPG', 'medium2_url': 'https://images4-a.ravelrycache.com/uploads/naty/854593080/IMG_2629_medium2.JPG', 'small2_url': 'https://images4-g.ravelrycache.com/uploads/naty/854593080/IMG_2629_small2.JPG', 'caption': None, 'caption_html': None, 'copyright_holder': None}, {'id': 115247073, 'sort_order': 7, 'user_id': 45616, 'x_offset': 0, 'y_offset': 0, 'square_url': 'https://images4-f.ravelrycache.com/uploads/naty/854593076/IMG_2636_square.JPG', 'medium_url': 'https://images4-g.ravelrycache.com/uploads/naty/854593076/IMG_2636_medium.JPG', 'thumbnail_url': 'https://images4-f.ravelrycache.com/uploads/naty/854593076/IMG_2636_thumbnail.JPG', 'small_url': 'https://images4-f.ravelrycache.com/uploads/naty/854593076/IMG_2636_small_best_fit.JPG', 'flickr_url': None, 'shelved_url': 'https://images4-f.ravelrycache.com/uploads/naty/854593076/IMG_2636_shelved.JPG', 'medium2_url': 'https://images4-a.ravelrycache.com/uploads/naty/854593076/IMG_2636_medium2.JPG', 'small2_url': 'https://images4-f.ravelrycache.com/uploads/naty/854593076/IMG_2636_small2.JPG', 'caption': None, 'caption_html': None, 'copyright_holder': None}]"
Vilje - child's tunic,Tina Hauglund,1269541,https://www.ravelry.com/patterns/library/vilje---childs-tunic,True,https://images4-a.ravelrycache.com/uploads/knitbec/874777737/92820-02_low_medium2.jpg,Knitting,"['toddler', 'child', 'cables', 'textured', 'turtleneck', 'raglan-sleeve', 'straight', 'seamless', 'top-down', 'chart', 'written-pattern', 'in-the-round']",18.0,0.0,True,4.0,,child,Sport,6,0.0,"1-1,5 (1,5-2) 2-3 (3-4) 4-5 (5-6) 6-7 (7-8) 8-9 (9-10)","[{'id': 115249633, 'sort_order': 1, 'user_id': 3530885, 'x_offset': 0, 'y_offset': -43, 'square_url': 'https://images4-f.ravelrycache.com/uploads/knitbec/874777737/92820-02_low_square.jpg', 'medium_url': 'https://images4-g.ravelrycache.com/uploads/knitbec/874777737/92820-02_low_medium.jpg', 'thumbnail_url': 'https://images4-g.ravelrycache.com/uploads/knitbec/874777737/92820-02_low_thumbnail.jpg', 'small_url': 'https://images4-g.ravelrycache.com/uploads/knitbec/874777737/92820-02_low_small_best_fit.jpg', 'flickr_url': None, 'shelved_url': 'https://images4-g.ravelrycache.com/uploads/knitbec/874777737/92820-02_low_shelved.jpg', 'medium2_url': 'https://images4-a.ravelrycache.com/uploads/knitbec/874777737/92820-02_low_medium2.jpg', 'small2_url': 'https://images4-f.ravelrycache.com/uploads/knitbec/874777737/92820-02_low_small2.jpg', 'caption': None, 'caption_html': None, 'copyright_holder': ''}, {'id': 115249634, 'sort_order': 2, 'user_id': 3530885, 'x_offset': 0, 'y_offset': -43, 'square_url': 'https://images4-g.ravelrycache.com/uploads/knitbec/874777779/92820_92822-08_low_square.jpg', 'medium_url': 'https://images4-f.ravelrycache.com/uploads/knitbec/874777779/92820_92822-08_low_medium.jpg', 'thumbnail_url': 'https://images4-f.ravelrycache.com/uploads/knitbec/874777779/92820_92822-08_low_thumbnail.jpg', 'small_url': 'https://images4-g.ravelrycache.com/uploads/knitbec/874777779/92820_92822-08_low_small_best_fit.jpg', 'flickr_url': None, 'shelved_url': 'https://images4-f.ravelrycache.com/uploads/knitbec/874777779/92820_92822-08_low_shelved.jpg', 'medium2_url': 'https://images4-a.ravelrycache.com/uploads/knitbec/874777779/92820_92822-08_low_medium2.jpg', 'small2_url': 'https://images4-g.ravelrycache.com/uploads/knitbec/874777779/92820_92822-08_low_small2.jpg', 'caption': None, 'caption_html': None, 'copyright_holder': ''}, {'id': 115249635, 'sort_order': 3, 'user_id': 3530885, 'x_offset': 0, 'y_offset': -43, 'square_url': 'https://images4-f.ravelrycache.com/uploads/knitbec/874777849/92820_92822-05_low_square.jpg', 'medium_url': 'https://images4-g.ravelrycache.com/uploads/knitbec/874777849/92820_92822-05_low_medium.jpg', 'thumbnail_url': 'https://images4-g.ravelrycache.com/uploads/knitbec/874777849/92820_92822-05_low_thumbnail.jpg', 'small_url': 'https://images4-f.ravelrycache.com/uploads/knitbec/874777849/92820_92822-05_low_small_best_fit.jpg', 'flickr_url': None, 'shelved_url': 'https://images4-f.ravelrycache.com/uploads/knitbec/874777849/92820_92822-05_low_shelved.jpg', 'medium2_url': 'https://images4-a.ravelrycache.com/uploads/knitbec/874777849/92820_92822-05_low_medium2.jpg', 'small2_url': 'https://images4-f.ravelrycache.com/uploads/knitbec/874777849/92820_92822-05_low_small2.jpg', 'caption': None, 'caption_html': None, 'copyright_holder': ''}]"
Magda sweater,Gregoria Fibers,1269667,https://www.ravelry.com/patterns/library/magda-sweater,False,https://images4-a.ravelrycache.com/uploads/aspeckles/874403475/portada_medium2.jpeg,Knitting,"['unisex', 'adult', 'oversized', 'lace', 'textured', 'seamless', 'short-rows', 'top-down', 'positive-ease', 'in-the-round']",13.0,5.666666666666667,True,4.0,13 stitches x 14 rounds = 10 cm / 4” ,pullover,DK,23,4.666666666666667,"1 (2, 3, 4, 5) (6, 7, 8, 9)","[{'id': 115262770, 'sort_order': 1, 'user_id': 1580592, 'x_offset': 0, 'y_offset': 0, 'square_url': 'https://images4-f.ravelrycache.com/uploads/aspeckles/874403475/portada_square.jpeg', 'medium_url': 'https://images4-f.ravelrycache.com/uploads/aspeckles/874403475/portada_medium.jpeg', 'thumbnail_url': 'https://images4-f.ravelrycache.com/uploads/aspeckles/874403475/portada_thumbnail.jpeg', 'small_url': 'https://images4-g.ravelrycache.com/uploads/aspeckles/874403475/portada_small_best_fit.jpeg', 'flickr_url': None, 'shelved_url': 'https://images4-g.ravelrycache.com/uploads/aspeckles/874403475/portada_shelved.jpeg', 'medium2_url': 'https://images4-a.ravelrycache.com/uploads/aspeckles/874403475/portada_medium2.jpeg', 'small2_url': 'https://images4-g.ravelrycache.com/uploads/aspeckles/874403475/portada_small2.jpeg', 'caption': None, 'caption_html': None, 'copyright_holder': None}, {'id': 115262771, 'sort_order': 2, 'user_id': 1580592, 'x_offset': 0, 'y_offset': 0, 'square_url': 'https://images4-f.ravelrycache.com/uploads/aspeckles/874403474/foto1_square.jpeg', 'medium_url': 'https://images4-f.ravelrycache.com/uploads/aspeckles/874403474/foto1_medium.jpeg', 'thumbnail_url': 'https://images4-f.ravelrycache.com/uploads/aspeckles/874403474/foto1_thumbnail.jpeg', 'small_url': 'https://images4-f.ravelrycache.com/uploads/aspeckles/874403474/foto1_small_best_fit.jpeg', 'flickr_url': None, 'shelved_url': 'https://images4-f.ravelrycache.com/uploads/aspeckles/874403474/foto1_shelved.jpeg', 'medium2_url': 'https://images4-a.ravelrycache.com/uploads/aspeckles/874403474/foto1_medium2.jpeg', 'small2_url': 'https://images4-g.ravelrycache.com/uploads/aspeckles/874403474/foto1_small2.jpeg', 'caption': None, 'caption_html': None, 'copyright_holder': None}, {'id': 115262772, 'sort_order': 3, 'user_id': 1580592, 'x_offset': 0, 'y_offset': 0, 'square_url': 'https://images4-f.ravelrycache.com/uploads/aspeckles/874403476/foto2_square.jpeg', 'medium_url': 'https://images4-f.ravelrycache.com/uploads/aspeckles/874403476/foto2_medium.jpeg', 'thumbnail_url': 'https://images4-g.ravelrycache.com/uploads/aspeckles/874403476/foto2_thumbnail.jpeg', 'small_url': 'https://images4-g.ravelrycache.com/uploads/aspeckles/874403476/foto2_small_best_fit.jpeg', 'flickr_url': None, 'shelved_url': 'https://images4-f.ravelrycache.com/uploads/aspeckles/874403476/foto2_shelved.jpeg', 'medium2_url': 'https://images4-a.ravelrycache.com/uploads/aspeckles/874403476/foto2_medium2.jpeg', 'small2_url': 'https://images4-g.ravelrycache.com/uploads/aspeckles/874403476/foto2_small2.jpeg', 'caption': None, 'caption_html': None, 'copyright_holder': None}]"
Avelli Raglan Sweater,Jie,1269943,https://www.ravelry.com/patterns/library/avelli-raglan-sweater,False,https://images4-a.ravelrycache.com/uploads/redjk/875107454/etsy_-_jas_window_medium2.jpg,Knitting,"['unisex', 'adult', 'ribbed', 'textured', 'crew-neck', 'raglan-sleeve', 'top-down', 'positive-ease', 'chart', 'written-pattern', 'cuffed-sleeve', 'stripes-colorwork', 'schematic']",20.0,0.0,True,4.0,3x 1 garter rib stitch with 4.5mm knitting needle and 2 strands of yarn,pullover,DK,3,0.0,XS to 5XL,"[{'id': 115291012, 'sort_order': 1, 'user_id': 419857, 'x_offset': 1, 'y_offset': -9, 'square_url': 'https://images4-g.ravelrycache.com/uploads/redjk/875107454/etsy_-_jas_window_square.jpg', 'medium_url': 'https://images4-f.ravelrycache.com/uploads/redjk/875107454/etsy_-_jas_window_medium.jpg', 'thumbnail_url': 'https://images4-g.ravelrycache.com/uploads/redjk/875107454/etsy_-_jas_window_thumbnail.jpg', 'small_url': 'https://images4-f.ravelrycache.com/uploads/redjk/875107454/etsy_-_jas_window_small.jpg', 'flickr_url': None, 'shelved_url': 'https://images4-f.ravelrycache.com/uploads/redjk/875107454/etsy_-_jas_window_shelved.jpg', 'medium2_url': 'https://images4-a.ravelrycache.com/uploads/redjk/875107454/etsy_-_jas_window_medium2.jpg', 'small2_url': 'https://images4-g.ravelrycache.com/uploads/redjk/875107454/etsy_-_jas_window_small2.jpg', 'caption': None, 'caption_html': None, 'copyright_holder': None}, {'id': 115291013, 'sort_order': 2, 'user_id': 419857, 'x_offset': 0, 'y_offset': -12, 'square_url': 'https://images4-g.ravelrycache.com/uploads/redjk/875107455/etsy_-_Jason_Flower_Stand_square.jpg', 'medium_url': 'https://images4-f.ravelrycache.com/uploads/redjk/875107455/etsy_-_Jason_Flower_Stand_medium.jpg', 'thumbnail_url': 'https://images4-g.ravelrycache.com/uploads/redjk/875107455/etsy_-_Jason_Flower_Stand_thumbnail.jpg', 'small_url': 'https://images4-f.ravelrycache.com/uploads/redjk/875107455/etsy_-_Jason_Flower_Stand_small_best_fit.jpg', 'flickr_url': None, 'shelved_url': 'https://images4-g.ravelrycache.com/uploads/redjk/875107455/etsy_-_Jason_Flower_Stand_shelved.jpg', 'medium2_url': 'https://images4-a.ravelrycache.com/uploads/redjk/875107455/etsy_-_Jason_Flower_Stand_medium2.jpg', 'small2_url': 'https://images4-g.ravelrycache.com/uploads/redjk/875107455/etsy_-_Jason_Flower_Stand_small2.jpg', 'caption': None, 'caption_html': None, 'copyright_holder': None}, {'id': 115291014, 'sort_order': 3, 'user_id': 419857, 'x_offset': 3, 'y_offset': -171, 'square_url': 'https://images4-g.ravelrycache.com/uploads/redjk/875107456/etsy_-_fireplace_square.jpg', 'medium_url': 'https://images4-f.ravelrycache.com/uploads/redjk/875107456/etsy_-_fireplace_medium.jpg', 'thumbnail_url': 'https://images4-g.ravelrycache.com/uploads/redjk/875107456/etsy_-_fireplace_thumbnail.jpg', 'small_url': 'https://images4-f.ravelrycache.com/uploads/redjk/875107456/etsy_-_fireplace_small_best_fit.jpg', 'flickr_url': None, 'shelved_url': 'https://images4-f.ravelrycache.com/uploads/redjk/875107456/etsy_-_fireplace_shelved.jpg', 'medium2_url': 'https://images4-a.ravelrycache.com/uploads/redjk/875107456/etsy_-_fireplace_medium2.jpg', 'small2_url': 'https://images4-g.ravelrycache.com/uploads/redjk/875107456/etsy_-_fireplace_small2.jpg', 'caption': None, 'caption_html': None, 'copyright_holder': None}, {'id': 115291015, 'sort_order': 4, 'user_id': 419857, 'x_offset': 2, 'y_offset': -60, 'square_url': 'https://images4-f.ravelrycache.com/uploads/redjk/875107452/etsy_-_Hang_On_Wall_square.jpg', 'medium_url': 'https://images4-g.ravelrycache.com/uploads/redjk/875107452/etsy_-_Hang_On_Wall_medium.jpg', 'thumbnail_url': 'https://images4-f.ravelrycache.com/uploads/redjk/875107452/etsy_-_Hang_On_Wall_thumbnail.jpg', 'small_url': 'https://images4-g.ravelrycache.com/uploads/redjk/875107452/etsy_-_Hang_On_Wall_small.jpg', 'flickr_url': None, 'shelved_url': 'https://images4-g.ravelrycache.com/uploads/redjk/875107452/etsy_-_Hang_On_Wall_shelved.jpg', 'medium2_url': 'https://images4-a.ravelrycache.com/uploads/redjk/875107452/etsy_-_Hang_On_Wall_medium2.jpg', 'small2_url': 'https://images4-f.ravelrycache.com/uploads/redjk/875107452/etsy_-_Hang_On_Wall_small2.jpg', 'caption': None, 'caption_html': None, 'copyright_holder': None}]"
Francis,Julia Wilkens,1270204,https://www.ravelry.com/patterns/library/francis-11,False,https://images4-a.ravelrycache.com/uploads/JuliaWilkens/875317028/FCB65423-55E0-4E3F-8E94-98ACD53136A6_1_105_c_medium2.jpeg,Knitting,"['unisex', 'seamless', 'short-rows', 'top-down', 'in-the-round', 'male', 'female']",20.0,2.0,True,4.0,stockinette,pullover,Fingering,10,4.666666666666667,"XS, S, M, L, XL, 2XL, 3XL, 4XL","[{'id': 115316622, 'sort_order': 1, 'user_id': 4653275, 'x_offset': 0, 'y_offset': -43, 'square_url': 'https://images4-g.ravelrycache.com/uploads/JuliaWilkens/875317028/FCB65423-55E0-4E3F-8E94-98ACD53136A6_1_105_c_square.jpeg', 'medium_url': 'https://images4-g.ravelrycache.com/uploads/JuliaWilkens/875317028/FCB65423-55E0-4E3F-8E94-98ACD53136A6_1_105_c_medium.jpeg', 'thumbnail_url': 'https://images4-g.ravelrycache.com/uploads/JuliaWilkens/875317028/FCB65423-55E0-4E3F-8E94-98ACD53136A6_1_105_c_thumbnail.jpeg', 'small_url': 'https://images4-f.ravelrycache.com/uploads/JuliaWilkens/875317028/FCB65423-55E0-4E3F-8E94-98ACD53136A6_1_105_c_small_best_fit.jpeg', 'flickr_url': None, 'shelved_url': 'https://images4-f.ravelrycache.com/uploads/JuliaWilkens/875317028/FCB65423-55E0-4E3F-8E94-98ACD53136A6_1_105_c_shelved.jpeg', 'medium2_url': 'https://images4-a.ravelrycache.com/uploads/JuliaWilkens/875317028/FCB65423-55E0-4E3F-8E94-98ACD53136A6_1_105_c_medium2.jpeg', 'small2_url': 'https://images4-f.ravelrycache.com/uploads/JuliaWilkens/875317028/FCB65423-55E0-4E3F-8E94-98ACD53136A6_1_105_c_small2.jpeg', 'caption': None, 'caption_html': None, 'copyright_holder': None}, {'id': 115316623, 'sort_order': 2, 'user_id': 4653275, 'x_offset': 0, 'y_offset': -43, 'square_url': 'https://images4-f.ravelrycache.com/uploads/JuliaWilkens/875317114/D984FC31-A180-4BBC-AF9E-A099A2584ACB_1_201_a_square.jpeg', 'medium_url': 'https://images4-f.ravelrycache.com/uploads/JuliaWilkens/875317114/D984FC31-A180-4BBC-AF9E-A099A2584ACB_1_201_a_medium.jpeg', 'thumbnail_url': 'https://images4-g.ravelrycache.com/uploads/JuliaWilkens/875317114/D984FC31-A180-4BBC-AF9E-A099A2584ACB_1_201_a_thumbnail.jpeg', 'small_url': 'https://images4-g.ravelrycache.com/uploads/JuliaWilkens/875317114/D984FC31-A180-4BBC-AF9E-A099A2584ACB_1_201_a_small_best_fit.jpeg', 'flickr_url': None, 'shelved_url': 'https://images4-f.ravelrycache.com/uploads/JuliaWilkens/875317114/D984FC31-A180-4BBC-AF9E-A099A2584ACB_1_201_a_shelved.jpeg', 'medium2_url': 'https://images4-a.ravelrycache.com/uploads/JuliaWilkens/875317114/D984FC31-A180-4BBC-AF9E-A099A2584ACB_1_201_a_medium2.jpeg', 'small2_url': 'https://images4-g.ravelrycache.com/uploads/JuliaWilkens/875317114/D984FC31-A180-4BBC-AF9E-A099A2584ACB_1_201_a_small2.jpeg', 'caption': None, 'caption_html': None, 'copyright_holder': None}, {'id': 115316624, 'sort_order': 3, 'user_id': 4653275, 'x_offset': 0, 'y_offset': -43, 'square_url': 'https://images4-f.ravelrycache.com/uploads/JuliaWilkens/875317262/5740DF65-1854-4604-AC76-2F9C41D0E813_1_201_a_square.jpeg', 'medium_url': 'https://images4-f.ravelrycache.com/uploads/JuliaWilkens/875317262/5740DF65-1854-4604-AC76-2F9C41D0E813_1_201_a_medium.jpeg', 'thumbnail_url': 'https://images4-f.ravelrycache.com/uploads/JuliaWilkens/875317262/5740DF65-1854-4604-AC76-2F9C41D0E813_1_201_a_thumbnail.jpeg', 'small_url': 'https://images4-g.ravelrycache.com/uploads/JuliaWilkens/875317262/5740DF65-1854-4604-AC76-2F9C41D0E813_1_201_a_small_best_fit.jpeg', 'flickr_url': None, 'shelved_url': 'https://images4-f.ravelrycache.com/uploads/JuliaWilkens/875317262/5740DF65-1854-4604-AC76-2F9C41D0E813_1_201_a_shelved.jpeg', 'medium2_url': 'https://images4-a.ravelrycache.com/uploads/JuliaWilkens/875317262/5740DF65-1854-4604-AC76-2F9C41D0E813_1_201_a_medium2.jpeg', 'small2_url': 'https://images4-g.ravelrycache.com/uploads/JuliaWilkens/875317262/5740DF65-1854-4604-AC76-2F9C41D0E813_1_201_a_small2.jpeg', 'caption': None, 'caption_html': None, 'copyright_holder': None}, {'id': 115316625, 'sort_order': 4, 'user_id': 4653275, 'x_offset': -43, 'y_offset': 0, 'square_url': 'https://images4-g.ravelrycache.com/uploads/JuliaWilkens/875317357/E56E1DE5-CBBF-46F8-9F24-086538EA411C_1_201_a_square.jpeg', 'medium_url': 'https://images4-g.ravelrycache.com/uploads/JuliaWilkens/875317357/E56E1DE5-CBBF-46F8-9F24-086538EA411C_1_201_a_medium.jpeg', 'thumbnail_url': 'https://images4-g.ravelrycache.com/uploads/JuliaWilkens/875317357/E56E1DE5-CBBF-46F8-9F24-086538EA411C_1_201_a_thumbnail.jpeg', 'small_url': 'https://images4-g.ravelrycache.com/uploads/JuliaWilkens/875317357/E56E1DE5-CBBF-46F8-9F24-086538EA411C_1_201_a_small_best_fit.jpeg', 'flickr_url': None, 'shelved_url': 'https://images4-g.ravelrycache.com/uploads/JuliaWilkens/875317357/E56E1DE5-CBBF-46F8-9F24-086538EA411C_1_201_a_shelved.jpeg', 'medium2_url': 'https://images4-a.ravelrycache.com/uploads/JuliaWilkens/875317357/E56E1DE5-CBBF-46F8-9F24-086538EA411C_1_201_a_medium2.jpeg', 'small2_url': 'https://images4-f.ravelrycache.com/uploads/JuliaWilkens/875317357/E56E1DE5-CBBF-46F8-9F24-086538EA411C_1_201_a_small2.jpeg', 'caption': None, 'caption_html': None, 'copyright_holder': None}]"
Savasana Sweater,Winter's Weather Knits,1270208,https://www.ravelry.com/patterns/library/savasana-sweater,False,https://images4-a.ravelrycache.com/uploads/ohsojoeyful/874863773/20220828_WWK_Savasna_Sweater-24_medium2.jpg,Knitting,"['female', 'teen', 'adult', 'oversized', 'one-piece', 'seamless', 'short-rows', 'top-down', 'positive-ease', 'worked-flat', 'in-the-round', 'cables', 'ribbed', 'scoop-neck', 'long-sleeve', 'raglan-sleeve', 'chart', 'written-pattern', 'video-tutorial', 'cuffed-sleeve', 'slipped-stitches', 'braids-plaiting', 'schematic']",24.0,3.5454545454545454,True,4.0,stockinette stitch,pullover,Fingering,26,4.916666666666667,"XS (S, M, L, XL) {2XL, 3XL, 4XL, 5XL}","[{'id': 115317124, 'sort_order': 1, 'user_id': 3703538, 'x_offset': -64, 'y_offset': 0, 'square_url': 'https://images4-g.ravelrycache.com/uploads/ohsojoeyful/874863773/20220828_WWK_Savasna_Sweater-24_square.jpg', 'medium_url': 'https://images4-f.ravelrycache.com/uploads/ohsojoeyful/874863773/20220828_WWK_Savasna_Sweater-24_medium.jpg', 'thumbnail_url': 'https://images4-g.ravelrycache.com/uploads/ohsojoeyful/874863773/20220828_WWK_Savasna_Sweater-24_thumbnail.jpg', 'small_url': 'https://images4-g.ravelrycache.com/uploads/ohsojoeyful/874863773/20220828_WWK_Savasna_Sweater-24_small_best_fit.jpg', 'flickr_url': None, 'shelved_url': 'https://images4-g.ravelrycache.com/uploads/ohsojoeyful/874863773/20220828_WWK_Savasna_Sweater-24_shelved.jpg', 'medium2_url': 'https://images4-a.ravelrycache.com/uploads/ohsojoeyful/874863773/20220828_WWK_Savasna_Sweater-24_medium2.jpg', 'small2_url': 'https://images4-g.ravelrycache.com/uploads/ohsojoeyful/874863773/20220828_WWK_Savasna_Sweater-24_small2.jpg', 'caption': None, 'caption_html': None, 'copyright_holder': None}, {'id': 115317121, 'sort_order': 2, 'user_id': 3703538, 'x_offset': 0, 'y_offset': -35, 'square_url': 'https://images4-f.ravelrycache.com/uploads/ohsojoeyful/874863772/20220828_WWK_Savasna_Sweater-2_square.jpg', 'medium_url': 'https://images4-g.ravelrycache.com/uploads/ohsojoeyful/874863772/20220828_WWK_Savasna_Sweater-2_medium.jpg', 'thumbnail_url': 'https://images4-f.ravelrycache.com/uploads/ohsojoeyful/874863772/20220828_WWK_Savasna_Sweater-2_thumbnail.jpg', 'small_url': 'https://images4-g.ravelrycache.com/uploads/ohsojoeyful/874863772/20220828_WWK_Savasna_Sweater-2_small_best_fit.jpg', 'flickr_url': None, 'shelved_url': 'https://images4-f.ravelrycache.com/uploads/ohsojoeyful/874863772/20220828_WWK_Savasna_Sweater-2_shelved.jpg', 'medium2_url': 'https://images4-a.ravelrycache.com/uploads/ohsojoeyful/874863772/20220828_WWK_Savasna_Sweater-2_medium2.jpg', 'small2_url': 'https://images4-f.ravelrycache.com/uploads/ohsojoeyful/874863772/20220828_WWK_Savasna_Sweater-2_small2.jpg', 'caption': None, 'caption_html': None, 'copyright_holder': None}, {'id': 115317122, 'sort_order': 3, 'user_id': 3703538, 'x_offset': 0, 'y_offset': -48, 'square_url': 'https://images4-f.ravelrycache.com/uploads/ohsojoeyful/874863775/20220828_WWK_Savasna_Sweater-10_square.jpg', 'medium_url': 'https://images4-g.ravelrycache.com/uploads/ohsojoeyful/874863775/20220828_WWK_Savasna_Sweater-10_medium.jpg', 'thumbnail_url': 'https://images4-f.ravelrycache.com/uploads/ohsojoeyful/874863775/20220828_WWK_Savasna_Sweater-10_thumbnail.jpg', 'small_url': 'https://images4-f.ravelrycache.com/uploads/ohsojoeyful/874863775/20220828_WWK_Savasna_Sweater-10_small_best_fit.jpg', 'flickr_url': None, 'shelved_url': 'https://images4-g.ravelrycache.com/uploads/ohsojoeyful/874863775/20220828_WWK_Savasna_Sweater-10_shelved.jpg', 'medium2_url': 'https://images4-a.ravelrycache.com/uploads/ohsojoeyful/874863775/20220828_WWK_Savasna_Sweater-10_medium2.jpg', 'small2_url': 'https://images4-f.ravelrycache.com/uploads/ohsojoeyful/874863775/20220828_WWK_Savasna_Sweater-10_small2.jpg', 'caption': None, 'caption_html': None, 'copyright_holder': None}, {'id': 115317123, 'sort_order': 4, 'user_id': 3703538, 'x_offset': 0, 'y_offset': -40, 'square_url': 'https://images4-f.ravelrycache.com/uploads/ohsojoeyful/874863872/upload_square', 'medium_url': 'https://images4-g.ravelrycache.com/uploads/ohsojoeyful/874863872/upload_medium', 'thumbnail_url': 'https://images4-f.ravelrycache.com/uploads/ohsojoeyful/874863872/upload_thumbnail', 'small_url': 'https://images4-f.ravelrycache.com/uploads/ohsojoeyful/874863872/upload_small_best_fit', 'flickr_url': None, 'shelved_url': 'https://images4-g.ravelrycache.com/uploads/ohsojoeyful/874863872/upload_shelved', 'medium2_url': 'https://images4-a.ravelrycache.com/uploads/ohsojoeyful/874863872/upload_medium2', 'small2_url': 'https://images4-f.ravelrycache.com/uploads/ohsojoeyful/874863872/upload_small2', 'caption': None, 'caption_html': None, 'copyright_holder': None}, {'id': 115317125, 'sort_order': 5, 'user_id': 3703538, 'x_offset': -38, 'y_offset': 0, 'square_url': 'https://images4-f.ravelrycache.com/uploads/ohsojoeyful/874863774/20220828_WWK_Savasna_Sweater-7_square.jpg', 'medium_url': 'https://images4-g.ravelrycache.com/uploads/ohsojoeyful/874863774/20220828_WWK_Savasna_Sweater-7_medium.jpg', 'thumbnail_url': 'https://images4-f.ravelrycache.com/uploads/ohsojoeyful/874863774/20220828_WWK_Savasna_Sweater-7_thumbnail.jpg', 'small_url': 'https://images4-f.ravelrycache.com/uploads/ohsojoeyful/874863774/20220828_WWK_Savasna_Sweater-7_small_best_fit.jpg', 'flickr_url': None, 'shelved_url': 'https://images4-f.ravelrycache.com/uploads/ohsojoeyful/874863774/20220828_WWK_Savasna_Sweater-7_shelved.jpg', 'medium2_url': 'https://images4-a.ravelrycache.com/uploads/ohsojoeyful/874863774/20220828_WWK_Savasna_Sweater-7_medium2.jpg', 'small2_url': 'https://images4-f.ravelrycache.com/uploads/ohsojoeyful/874863774/20220828_WWK_Savasna_Sweater-7_small2.jpg', 'caption': None, 'caption_html': None, 'copyright_holder': None}, {'id': 115317126, 'sort_order': 6, 'user_id': 3703538, 'x_offset': -66, 'y_offset': 0, 'square_url': 'https://images4-g.ravelrycache.com/uploads/ohsojoeyful/874863777/20220828_WWK_Savasna_Sweater-19_square.jpg', 'medium_url': 'https://images4-f.ravelrycache.com/uploads/ohsojoeyful/874863777/20220828_WWK_Savasna_Sweater-19_medium.jpg', 'thumbnail_url': 'https://images4-g.ravelrycache.com/uploads/ohsojoeyful/874863777/20220828_WWK_Savasna_Sweater-19_thumbnail.jpg', 'small_url': 'https://images4-g.ravelrycache.com/uploads/ohsojoeyful/874863777/20220828_WWK_Savasna_Sweater-19_small_best_fit.jpg', 'flickr_url': None, 'shelved_url': 'https://images4-f.ravelrycache.com/uploads/ohsojoeyful/874863777/20220828_WWK_Savasna_Sweater-19_shelved.jpg', 'medium2_url': 'https://images4-a.ravelrycache.com/uploads/ohsojoeyful/874863777/20220828_WWK_Savasna_Sweater-19_medium2.jpg', 'small2_url': 'https://images4-g.ravelrycache.com/uploads/ohsojoeyful/874863777/20220828_WWK_Savasna_Sweater-19_small2.jpg', 'caption': None, 'caption_html': None, 'copyright_holder': None}, {'id': 115815247, 'sort_order': 7, 'user_id': 9712804, 'x_offset': 0, 'y_offset': -43, 'square_url': 'https://images4-g.ravelrycache.com/uploads/yarnoveranne/874098730/Savasana_Sweater__full_view__square.jpg', 'medium_url': 'https://images4-f.ravelrycache.com/uploads/yarnoveranne/874098730/Savasana_Sweater__full_view__medium.jpg', 'thumbnail_url': 'https://images4-g.ravelrycache.com/uploads/yarnoveranne/874098730/Savasana_Sweater__full_view__thumbnail.jpg', 'small_url': 'https://images4-f.ravelrycache.com/uploads/yarnoveranne/874098730/Savasana_Sweater__full_view__small_best_fit.jpg', 'flickr_url': None, 'shelved_url': 'https://images4-g.ravelrycache.com/uploads/yarnoveranne/874098730/Savasana_Sweater__full_view__shelved.jpg', 'medium2_url': 'https://images4-a.ravelrycache.com/uploads/yarnoveranne/874098730/Savasana_Sweater__full_view__medium2.jpg', 'small2_url': 'https://images4-g.ravelrycache.com/uploads/yarnoveranne/874098730/Savasana_Sweater__full_view__small2.jpg', 'caption': None, 'caption_html': None, 'copyright_holder': None}, {'id': 115802722, 'sort_order': 8, 'user_id': 226866, 'x_offset': -5, 'y_offset': 0, 'square_url': 'https://images4-g.ravelrycache.com/uploads/knithelenknit/875185725/IMG_20220911_115109299_HDR_2_square.jpg', 'medium_url': 'https://images4-f.ravelrycache.com/uploads/knithelenknit/875185725/IMG_20220911_115109299_HDR_2_medium.jpg', 'thumbnail_url': 'https://images4-g.ravelrycache.com/uploads/knithelenknit/875185725/IMG_20220911_115109299_HDR_2_thumbnail.jpg', 'small_url': 'https://images4-f.ravelrycache.com/uploads/knithelenknit/875185725/IMG_20220911_115109299_HDR_2_small_best_fit.jpg', 'flickr_url': None, 'shelved_url': 'https://images4-g.ravelrycache.com/uploads/knithelenknit/875185725/IMG_20220911_115109299_HDR_2_shelved.jpg', 'medium2_url': 'https://images4-a.ravelrycache.com/uploads/knithelenknit/875185725/IMG_20220911_115109299_HDR_2_medium2.jpg', 'small2_url': 'https://images4-g.ravelrycache.com/uploads/knithelenknit/875185725/IMG_20220911_115109299_HDR_2_small2.jpg', 'caption': None, 'caption_html': None, 'copyright_holder': None}, {'id': 118252045, 'sort_order': 9, 'user_id': 9958891, 'x_offset': -5, 'y_offset': -35, 'square_url': 'https://images4-f.ravelrycache.com/uploads/DeadKnitSociety/873291284/71B99999-1C60-4AAB-A601-CD9EE095B866_square.jpeg', 'medium_url': 'https://images4-f.ravelrycache.com/uploads/DeadKnitSociety/873291284/71B99999-1C60-4AAB-A601-CD9EE095B866_medium.jpeg', 'thumbnail_url': 'https://images4-g.ravelrycache.com/uploads/DeadKnitSociety/873291284/71B99999-1C60-4AAB-A601-CD9EE095B866_thumbnail.jpeg', 'small_url': 'https://images4-g.ravelrycache.com/uploads/DeadKnitSociety/873291284/71B99999-1C60-4AAB-A601-CD9EE095B866_small.jpeg', 'flickr_url': None, 'shelved_url': 'https://images4-f.ravelrycache.com/uploads/DeadKnitSociety/873291284/71B99999-1C60-4AAB-A601-CD9EE095B866_shelved.jpeg', 'medium2_url': 'https://images4-a.ravelrycache.com/uploads/DeadKnitSociety/873291284/71B99999-1C60-4AAB-A601-CD9EE095B866_medium2.jpeg', 'small2_url': 'https://images4-g.ravelrycache.com/uploads/DeadKnitSociety/873291284/71B99999-1C60-4AAB-A601-CD9EE095B866_small2.jpeg', 'caption': None, 'caption_html': None, 'copyright_holder': None}, {'id': 115827232, 'sort_order': 10, 'user_id': 2533587, 'x_offset': -5, 'y_offset': -35, 'square_url': 'https://images4-f.ravelrycache.com/uploads/Telephonewires/873845905/4102FF5A-8CDB-4150-8A13-A20E41C03ADA_square.jpeg', 'medium_url': 'https://images4-f.ravelrycache.com/uploads/Telephonewires/873845905/4102FF5A-8CDB-4150-8A13-A20E41C03ADA_medium.jpeg', 'thumbnail_url': 'https://images4-f.ravelrycache.com/uploads/Telephonewires/873845905/4102FF5A-8CDB-4150-8A13-A20E41C03ADA_thumbnail.jpeg', 'small_url': 'https://images4-g.ravelrycache.com/uploads/Telephonewires/873845905/4102FF5A-8CDB-4150-8A13-A20E41C03ADA_small.jpeg', 'flickr_url': None, 'shelved_url': 'https://images4-g.ravelrycache.com/uploads/Telephonewires/873845905/4102FF5A-8CDB-4150-8A13-A20E41C03ADA_shelved.jpeg', 'medium2_url': 'https://images4-a.ravelrycache.com/uploads/Telephonewires/873845905/4102FF5A-8CDB-4150-8A13-A20E41C03ADA_medium2.jpeg', 'small2_url': 'https://images4-g.ravelrycache.com/uploads/Telephonewires/873845905/4102FF5A-8CDB-4150-8A13-A20E41C03ADA_small2.jpeg', 'caption': None, 'caption_html': None, 'copyright_holder': None}, {'id': 115829447, 'sort_order': 11, 'user_id': 9084676, 'x_offset': -6, 'y_offset': -35, 'square_url': 'https://images4-g.ravelrycache.com/uploads/ruiknits/875411538/9D5AA395-409A-4618-8EC0-2D59642FDE05_square.jpeg', 'medium_url': 'https://images4-g.ravelrycache.com/uploads/ruiknits/875411538/9D5AA395-409A-4618-8EC0-2D59642FDE05_medium.jpeg', 'thumbnail_url': 'https://images4-g.ravelrycache.com/uploads/ruiknits/875411538/9D5AA395-409A-4618-8EC0-2D59642FDE05_thumbnail.jpeg', 'small_url': 'https://images4-g.ravelrycache.com/uploads/ruiknits/875411538/9D5AA395-409A-4618-8EC0-2D59642FDE05_small.jpeg', 'flickr_url': None, 'shelved_url': 'https://images4-g.ravelrycache.com/uploads/ruiknits/875411538/9D5AA395-409A-4618-8EC0-2D59642FDE05_shelved.jpeg', 'medium2_url': 'https://images4-a.ravelrycache.com/uploads/ruiknits/875411538/9D5AA395-409A-4618-8EC0-2D59642FDE05_medium2.jpeg', 'small2_url': 'https://images4-f.ravelrycache.com/uploads/ruiknits/875411538/9D5AA395-409A-4618-8EC0-2D59642FDE05_small2.jpeg', 'caption': None, 'caption_html': None, 'copyright_holder': None}, {'id': 115802840, 'sort_order': 12, 'user_id': 1350385, 'x_offset': -5, 'y_offset': -35, 'square_url': 'https://images4-f.ravelrycache.com/uploads/chellewhitey/875208197/183B2CD5-2788-44D1-9E1C-DCE670E1766C_square.jpeg', 'medium_url': 'https://images4-f.ravelrycache.com/uploads/chellewhitey/875208197/183B2CD5-2788-44D1-9E1C-DCE670E1766C_medium.jpeg', 'thumbnail_url': 'https://images4-f.ravelrycache.com/uploads/chellewhitey/875208197/183B2CD5-2788-44D1-9E1C-DCE670E1766C_thumbnail.jpeg', 'small_url': 'https://images4-f.ravelrycache.com/uploads/chellewhitey/875208197/183B2CD5-2788-44D1-9E1C-DCE670E1766C_small.jpeg', 'flickr_url': None, 'shelved_url': 'https://images4-f.ravelrycache.com/uploads/chellewhitey/875208197/183B2CD5-2788-44D1-9E1C-DCE670E1766C_shelved.jpeg', 'medium2_url': 'https://images4-a.ravelrycache.com/uploads/chellewhitey/875208197/183B2CD5-2788-44D1-9E1C-DCE670E1766C_medium2.jpeg', 'small2_url': 'https://images4-g.ravelrycache.com/uploads/chellewhitey/875208197/183B2CD5-2788-44D1-9E1C-DCE670E1766C_small2.jpeg', 'caption': None, 'caption_html': None, 'copyright_holder': None}]"
Canva Sweater,Hanna Maciejewska,1270236,https://www.ravelry.com/patterns/library/canva-sweater,False,https://images4-a.ravelrycache.com/uploads/hada131/875338214/IMG_2671_medium2.JPG,Knitting,"['female', 'teen', 'adult', 'ribbed', 'darts', 'straight', 'one-piece', 'seamless', 'short-rows', 'top-down', 'positive-ease', 'written-pattern', 'in-the-round', 'schematic']",18.0,2.6666666666666665,True,4.0,"stockinette st with larger needles, washed and blocked",pullover,Aran,27,4.888888888888889,"1 (2, 3, 4, 5, [6, 7, 8], 9, 10, 11, 12)","[{'id': 115319294, 'sort_order': 1, 'user_id': 72288, 'x_offset': -1, 'y_offset': -24, 'square_url': 'https://images4-g.ravelrycache.com/uploads/hada131/875338214/IMG_2671_square.JPG', 'medium_url': 'https://images4-f.ravelrycache.com/uploads/hada131/875338214/IMG_2671_medium.JPG', 'thumbnail_url': 'https://images4-g.ravelrycache.com/uploads/hada131/875338214/IMG_2671_thumbnail.JPG', 'small_url': 'https://images4-g.ravelrycache.com/uploads/hada131/875338214/IMG_2671_small_best_fit.JPG', 'flickr_url': None, 'shelved_url': 'https://images4-g.ravelrycache.com/uploads/hada131/875338214/IMG_2671_shelved.JPG', 'medium2_url': 'https://images4-a.ravelrycache.com/uploads/hada131/875338214/IMG_2671_medium2.JPG', 'small2_url': 'https://images4-g.ravelrycache.com/uploads/hada131/875338214/IMG_2671_small2.JPG', 'caption': None, 'caption_html': None, 'copyright_holder': None}, {'id': 115319295, 'sort_order': 2, 'user_id': 72288, 'x_offset': 0, 'y_offset': -43, 'square_url': 'https://images4-f.ravelrycache.com/uploads/hada131/875338216/IMG_2672_square.JPG', 'medium_url': 'https://images4-g.ravelrycache.com/uploads/hada131/875338216/IMG_2672_medium.JPG', 'thumbnail_url': 'https://images4-f.ravelrycache.com/uploads/hada131/875338216/IMG_2672_thumbnail.JPG', 'small_url': 'https://images4-f.ravelrycache.com/uploads/hada131/875338216/IMG_2672_small_best_fit.JPG', 'flickr_url': None, 'shelved_url': 'https://images4-f.ravelrycache.com/uploads/hada131/875338216/IMG_2672_shelved.JPG', 'medium2_url': 'https://images4-a.ravelrycache.com/uploads/hada131/875338216/IMG_2672_medium2.JPG', 'small2_url': 'https://images4-f.ravelrycache.com/uploads/hada131/875338216/IMG_2672_small2.JPG', 'caption': None, 'caption_html': None, 'copyright_holder': None}, {'id': 115319296, 'sort_order': 3, 'user_id': 72288, 'x_offset': -1, 'y_offset': -4, 'square_url': 'https://images4-g.ravelrycache.com/uploads/hada131/875338507/IMG_3151a_square.jpg', 'medium_url': 'https://images4-f.ravelrycache.com/uploads/hada131/875338507/IMG_3151a_medium.jpg', 'thumbnail_url': 'https://images4-g.ravelrycache.com/uploads/hada131/875338507/IMG_3151a_thumbnail.jpg', 'small_url': 'https://images4-f.ravelrycache.com/uploads/hada131/875338507/IMG_3151a_small.jpg', 'flickr_url': None, 'shelved_url': 'https://images4-g.ravelrycache.com/uploads/hada131/875338507/IMG_3151a_shelved.jpg', 'medium2_url': 'https://images4-a.ravelrycache.com/uploads/hada131/875338507/IMG_3151a_medium2.jpg', 'small2_url': 'https://images4-g.ravelrycache.com/uploads/hada131/875338507/IMG_3151a_small2.jpg', 'caption': None, 'caption_html': None, 'copyright_holder': None}, {'id': 115319297, 'sort_order': 4, 'user_id': 72288, 'x_offset': -1, 'y_offset': -13, 'square_url': 'https://images4-f.ravelrycache.com/uploads/hada131/875338511/IMG_3182a_square.jpg', 'medium_url': 'https://images4-g.ravelrycache.com/uploads/hada131/875338511/IMG_3182a_medium.jpg', 'thumbnail_url': 'https://images4-f.ravelrycache.com/uploads/hada131/875338511/IMG_3182a_thumbnail.jpg', 'small_url': 'https://images4-f.ravelrycache.com/uploads/hada131/875338511/IMG_3182a_small.jpg', 'flickr_url': None, 'shelved_url': 'https://images4-f.ravelrycache.com/uploads/hada131/875338511/IMG_3182a_shelved.jpg', 'medium2_url': 'https://images4-a.ravelrycache.com/uploads/hada131/875338511/IMG_3182a_medium2.jpg', 'small2_url': 'https://images4-f.ravelrycache.com/uploads/hada131/875338511/IMG_3182a_small2.jpg', 'caption': None, 'caption_html': None, 'copyright_holder': None}, {'id': 115319298, 'sort_order': 5, 'user_id': 72288, 'x_offset': 1, 'y_offset': -20, 'square_url': 'https://images4-g.ravelrycache.com/uploads/hada131/875338509/IMG_3051_square.JPG', 'medium_url': 'https://images4-f.ravelrycache.com/uploads/hada131/875338509/IMG_3051_medium.JPG', 'thumbnail_url': 'https://images4-g.ravelrycache.com/uploads/hada131/875338509/IMG_3051_thumbnail.JPG', 'small_url': 'https://images4-f.ravelrycache.com/uploads/hada131/875338509/IMG_3051_small_best_fit.JPG', 'flickr_url': None, 'shelved_url': 'https://images4-f.ravelrycache.com/uploads/hada131/875338509/IMG_3051_shelved.JPG', 'medium2_url': 'https://images4-a.ravelrycache.com/uploads/hada131/875338509/IMG_3051_medium2.JPG', 'small2_url': 'https://images4-g.ravelrycache.com/uploads/hada131/875338509/IMG_3051_small2.JPG', 'caption': None, 'caption_html': None, 'copyright_holder': None}, {'id': 115319299, 'sort_order': 6, 'user_id': 72288, 'x_offset': -1, 'y_offset': -40, 'square_url': 'https://images4-g.ravelrycache.com/uploads/hada131/875338508/IMG_3099_square.JPG', 'medium_url': 'https://images4-f.ravelrycache.com/uploads/hada131/875338508/IMG_3099_medium.JPG', 'thumbnail_url': 'https://images4-g.ravelrycache.com/uploads/hada131/875338508/IMG_3099_thumbnail.JPG', 'small_url': 'https://images4-f.ravelrycache.com/uploads/hada131/875338508/IMG_3099_small_best_fit.JPG', 'flickr_url': None, 'shelved_url': 'https://images4-f.ravelrycache.com/uploads/hada131/875338508/IMG_3099_shelved.JPG', 'medium2_url': 'https://images4-a.ravelrycache.com/uploads/hada131/875338508/IMG_3099_medium2.JPG', 'small2_url': 'https://images4-g.ravelrycache.com/uploads/hada131/875338508/IMG_3099_small2.JPG', 'caption': None, 'caption_html': None, 'copyright_holder': None}, {'id': 115319300, 'sort_order': 7, 'user_id': 72288, 'x_offset': -43, 'y_offset': 0, 'square_url': 'https://images4-g.ravelrycache.com/uploads/hada131/875338516/IMG_2715_square.JPG', 'medium_url': 'https://images4-f.ravelrycache.com/uploads/hada131/875338516/IMG_2715_medium.JPG', 'thumbnail_url': 'https://images4-f.ravelrycache.com/uploads/hada131/875338516/IMG_2715_thumbnail.JPG', 'small_url': 'https://images4-g.ravelrycache.com/uploads/hada131/875338516/IMG_2715_small_best_fit.JPG', 'flickr_url': None, 'shelved_url': 'https://images4-g.ravelrycache.com/uploads/hada131/875338516/IMG_2715_shelved.JPG', 'medium2_url': 'https://images4-a.ravelrycache.com/uploads/hada131/875338516/IMG_2715_medium2.JPG', 'small2_url': 'https://images4-g.ravelrycache.com/uploads/hada131/875338516/IMG_2715_small2.JPG', 'caption': None, 'caption_html': None, 'copyright_holder': None}, {'id': 115319301, 'sort_order': 8, 'user_id': 72288, 'x_offset': -43, 'y_offset': 0, 'square_url': 'https://images4-f.ravelrycache.com/uploads/hada131/875338513/IMG_2712_square.JPG', 'medium_url': 'https://images4-g.ravelrycache.com/uploads/hada131/875338513/IMG_2712_medium.JPG', 'thumbnail_url': 'https://images4-g.ravelrycache.com/uploads/hada131/875338513/IMG_2712_thumbnail.JPG', 'small_url': 'https://images4-f.ravelrycache.com/uploads/hada131/875338513/IMG_2712_small_best_fit.JPG', 'flickr_url': None, 'shelved_url': 'https://images4-g.ravelrycache.com/uploads/hada131/875338513/IMG_2712_shelved.JPG', 'medium2_url': 'https://images4-a.ravelrycache.com/uploads/hada131/875338513/IMG_2712_medium2.JPG', 'small2_url': 'https://images4-f.ravelrycache.com/uploads/hada131/875338513/IMG_2712_small2.JPG', 'caption': None, 'caption_html': None, 'copyright_holder': None}, {'id': 115319302, 'sort_order': 9, 'user_id': 72288, 'x_offset': -43, 'y_offset': 0, 'square_url': 'https://images4-g.ravelrycache.com/uploads/hada131/875338514/IMG_2707_square.JPG', 'medium_url': 'https://images4-f.ravelrycache.com/uploads/hada131/875338514/IMG_2707_medium.JPG', 'thumbnail_url': 'https://images4-f.ravelrycache.com/uploads/hada131/875338514/IMG_2707_thumbnail.JPG', 'small_url': 'https://images4-f.ravelrycache.com/uploads/hada131/875338514/IMG_2707_small_best_fit.JPG', 'flickr_url': None, 'shelved_url': 'https://images4-f.ravelrycache.com/uploads/hada131/875338514/IMG_2707_shelved.JPG', 'medium2_url': 'https://images4-a.ravelrycache.com/uploads/hada131/875338514/IMG_2707_medium2.JPG', 'small2_url': 'https://images4-g.ravelrycache.com/uploads/hada131/875338514/IMG_2707_small2.JPG', 'caption': None, 'caption_html': None, 'copyright_holder': None}, {'id': 115319303, 'sort_order': 10, 'user_id': 72288, 'x_offset': -43, 'y_offset': 0, 'square_url': 'https://images4-g.ravelrycache.com/uploads/hada131/875338510/IMG_2705_square.JPG', 'medium_url': 'https://images4-f.ravelrycache.com/uploads/hada131/875338510/IMG_2705_medium.JPG', 'thumbnail_url': 'https://images4-g.ravelrycache.com/uploads/hada131/875338510/IMG_2705_thumbnail.JPG', 'small_url': 'https://images4-g.ravelrycache.com/uploads/hada131/875338510/IMG_2705_small_best_fit.JPG', 'flickr_url': None, 'shelved_url': 'https://images4-f.ravelrycache.com/uploads/hada131/875338510/IMG_2705_shelved.JPG', 'medium2_url': 'https://images4-a.ravelrycache.com/uploads/hada131/875338510/IMG_2705_medium2.JPG', 'small2_url': 'https://images4-g.ravelrycache.com/uploads/hada131/875338510/IMG_2705_small2.JPG', 'caption': None, 'caption_html': None, 'copyright_holder': None}, {'id': 115319304, 'sort_order': 11, 'user_id': 72288, 'x_offset': 0, 'y_offset': -43, 'square_url': 'https://images4-f.ravelrycache.com/uploads/hada131/875338512/IMG_2700_square.JPG', 'medium_url': 'https://images4-g.ravelrycache.com/uploads/hada131/875338512/IMG_2700_medium.JPG', 'thumbnail_url': 'https://images4-g.ravelrycache.com/uploads/hada131/875338512/IMG_2700_thumbnail.JPG', 'small_url': 'https://images4-g.ravelrycache.com/uploads/hada131/875338512/IMG_2700_small_best_fit.JPG', 'flickr_url': None, 'shelved_url': 'https://images4-f.ravelrycache.com/uploads/hada131/875338512/IMG_2700_shelved.JPG', 'medium2_url': 'https://images4-a.ravelrycache.com/uploads/hada131/875338512/IMG_2700_medium2.JPG', 'small2_url': 'https://images4-f.ravelrycache.com/uploads/hada131/875338512/IMG_2700_small2.JPG', 'caption': None, 'caption_html': None, 'copyright_holder': None}, {'id': 115319305, 'sort_order': 12, 'user_id': 72288, 'x_offset': 0, 'y_offset': -43, 'square_url': 'https://images4-f.ravelrycache.com/uploads/hada131/875338515/IMG_2687_square.JPG', 'medium_url': 'https://images4-g.ravelrycache.com/uploads/hada131/875338515/IMG_2687_medium.JPG', 'thumbnail_url': 'https://images4-f.ravelrycache.com/uploads/hada131/875338515/IMG_2687_thumbnail.JPG', 'small_url': 'https://images4-g.ravelrycache.com/uploads/hada131/875338515/IMG_2687_small_best_fit.JPG', 'flickr_url': None, 'shelved_url': 'https://images4-g.ravelrycache.com/uploads/hada131/875338515/IMG_2687_shelved.JPG', 'medium2_url': 'https://images4-a.ravelrycache.com/uploads/hada131/875338515/IMG_2687_medium2.JPG', 'small2_url': 'https://images4-f.ravelrycache.com/uploads/hada131/875338515/IMG_2687_small2.JPG', 'caption': None, 'caption_html': None, 'copyright_holder': None}, {'id': 115334179, 'sort_order': 13, 'user_id': 72288, 'x_offset': -55, 'y_offset': 0, 'square_url': 'https://images4-g.ravelrycache.com/uploads/hada131/875458454/canva_square.png', 'medium_url': 'https://images4-f.ravelrycache.com/uploads/hada131/875458454/canva_medium.png', 'thumbnail_url': 'https://images4-f.ravelrycache.com/uploads/hada131/875458454/canva_thumbnail.png', 'small_url': 'https://images4-g.ravelrycache.com/uploads/hada131/875458454/canva_small_best_fit.png', 'flickr_url': None, 'shelved_url': 'https://images4-f.ravelrycache.com/uploads/hada131/875458454/canva_shelved.png', 'medium2_url': 'https://images4-a.ravelrycache.com/uploads/hada131/875458454/canva_medium2.png', 'small2_url': 'https://images4-g.ravelrycache.com/uploads/hada131/875458454/canva_small2.png', 'caption': None, 'caption_html': None, 'copyright_holder': None}]"
233-8 Travellers Rest,DROPS design,1270392,https://www.ravelry.com/patterns/library/233-8-travellers-rest,True,https://images4-a.ravelrycache.com/uploads/Drops/875452076/8b-2_medium2.jpg,Knitting,"['male', 'teen', 'adult', 'plus', 'ribbed', 'seamed', 'henley-neck', 'long-sleeve', 'buttoned', 'buttonholes', 'bottom-up', 'written-pattern', 'video-tutorial', 'modified-drop-sleeve', 'cuffed-sleeve', 'worked-flat', 'in-the-round', 'schematic']",16.0,0.0,True,4.0,stocking stitch with larger needles,pullover,DK,10,0.0,S – M – L – XL – XXL – XXXL,"[{'id': 115333402, 'sort_order': 1, 'user_id': 32910, 'x_offset': -3, 'y_offset': -51, 'square_url': 'https://images4-f.ravelrycache.com/uploads/Drops/875452076/8b-2_square.jpg', 'medium_url': 'https://images4-g.ravelrycache.com/uploads/Drops/875452076/8b-2_medium.jpg', 'thumbnail_url': 'https://images4-g.ravelrycache.com/uploads/Drops/875452076/8b-2_thumbnail.jpg', 'small_url': 'https://images4-g.ravelrycache.com/uploads/Drops/875452076/8b-2_small_best_fit.jpg', 'flickr_url': None, 'shelved_url': 'https://images4-f.ravelrycache.com/uploads/Drops/875452076/8b-2_shelved.jpg', 'medium2_url': 'https://images4-a.ravelrycache.com/uploads/Drops/875452076/8b-2_medium2.jpg', 'small2_url': 'https://images4-f.ravelrycache.com/uploads/Drops/875452076/8b-2_small2.jpg', 'caption': None, 'caption_html': None, 'copyright_holder': None}, {'id': 115333401, 'sort_order': 2, 'user_id': 32910, 'x_offset': -2, 'y_offset': -29, 'square_url': 'https://images4-f.ravelrycache.com/uploads/Drops/875452073/8-2_square.jpg', 'medium_url': 'https://images4-g.ravelrycache.com/uploads/Drops/875452073/8-2_medium.jpg', 'thumbnail_url': 'https://images4-f.ravelrycache.com/uploads/Drops/875452073/8-2_thumbnail.jpg', 'small_url': 'https://images4-f.ravelrycache.com/uploads/Drops/875452073/8-2_small_best_fit.jpg', 'flickr_url': None, 'shelved_url': 'https://images4-f.ravelrycache.com/uploads/Drops/875452073/8-2_shelved.jpg', 'medium2_url': 'https://images4-a.ravelrycache.com/uploads/Drops/875452073/8-2_medium2.jpg', 'small2_url': 'https://images4-f.ravelrycache.com/uploads/Drops/875452073/8-2_small2.jpg', 'caption': None, 'caption_html': None, 'copyright_holder': None}, {'id': 115333403, 'sort_order': 3, 'user_id': 32910, 'x_offset': -2, 'y_offset': -36, 'square_url': 'https://images4-g.ravelrycache.com/uploads/Drops/875452074/8c-2_square.jpg', 'medium_url': 'https://images4-f.ravelrycache.com/uploads/Drops/875452074/8c-2_medium.jpg', 'thumbnail_url': 'https://images4-g.ravelrycache.com/uploads/Drops/875452074/8c-2_thumbnail.jpg', 'small_url': 'https://images4-f.ravelrycache.com/uploads/Drops/875452074/8c-2_small_best_fit.jpg', 'flickr_url': None, 'shelved_url': 'https://images4-f.ravelrycache.com/uploads/Drops/875452074/8c-2_shelved.jpg', 'medium2_url': 'https://images4-a.ravelrycache.com/uploads/Drops/875452074/8c-2_medium2.jpg', 'small2_url': 'https://images4-g.ravelrycache.com/uploads/Drops/875452074/8c-2_small2.jpg', 'caption': None, 'caption_html': None, 'copyright_holder': None}, {'id': 115333404, 'sort_order': 4, 'user_id': 32910, 'x_offset': 0, 'y_offset': -47, 'square_url': 'https://images4-g.ravelrycache.com/uploads/Drops/875452077/8d-2_square.jpg', 'medium_url': 'https://images4-f.ravelrycache.com/uploads/Drops/875452077/8d-2_medium.jpg', 'thumbnail_url': 'https://images4-f.ravelrycache.com/uploads/Drops/875452077/8d-2_thumbnail.jpg', 'small_url': 'https://images4-f.ravelrycache.com/uploads/Drops/875452077/8d-2_small_best_fit.jpg', 'flickr_url': None, 'shelved_url': 'https://images4-f.ravelrycache.com/uploads/Drops/875452077/8d-2_shelved.jpg', 'medium2_url': 'https://images4-a.ravelrycache.com/uploads/Drops/875452077/8d-2_medium2.jpg', 'small2_url': 'https://images4-g.ravelrycache.com/uploads/Drops/875452077/8d-2_small2.jpg', 'caption': None, 'caption_html': None, 'copyright_holder': None}, {'id': 115333405, 'sort_order': 5, 'user_id': 32910, 'x_offset': 0, 'y_offset': -31, 'square_url': 'https://images4-f.ravelrycache.com/uploads/Drops/875452075/8e-2_square.jpg', 'medium_url': 'https://images4-g.ravelrycache.com/uploads/Drops/875452075/8e-2_medium.jpg', 'thumbnail_url': 'https://images4-f.ravelrycache.com/uploads/Drops/875452075/8e-2_thumbnail.jpg', 'small_url': 'https://images4-g.ravelrycache.com/uploads/Drops/875452075/8e-2_small_best_fit.jpg', 'flickr_url': None, 'shelved_url': 'https://images4-f.ravelrycache.com/uploads/Drops/875452075/8e-2_shelved.jpg', 'medium2_url': 'https://images4-a.ravelrycache.com/uploads/Drops/875452075/8e-2_medium2.jpg', 'small2_url': 'https://images4-f.ravelrycache.com/uploads/Drops/875452075/8e-2_small2.jpg', 'caption': None, 'caption_html': None, 'copyright_holder': None}]"
Teor - sweater,Svarta Fåret,1270426,https://www.ravelry.com/patterns/library/teor---sweater,True,https://images4-a.ravelrycache.com/uploads/knitbec/875466565/393047_2_low_medium2.jpg,Knitting,"['baby', 'newborn-size', 'toddler', 'child', 'doll-size', 'textured', 'long-sleeve', 'buttoned', 'straight', 'buttonholes', 'seamless', 'bottom-up', 'written-pattern', 'in-the-round']",20.0,0.0,True,4.0,,child,DK,7,0.0,2-6 (6-12) months 1-2 (2-3) 3-4 (4-5) years,"[{'id': 115335285, 'sort_order': 1, 'user_id': 3530885, 'x_offset': 0, 'y_offset': -43, 'square_url': 'https://images4-g.ravelrycache.com/uploads/knitbec/875466565/393047_2_low_square.jpg', 'medium_url': 'https://images4-f.ravelrycache.com/uploads/knitbec/875466565/393047_2_low_medium.jpg', 'thumbnail_url': 'https://images4-g.ravelrycache.com/uploads/knitbec/875466565/393047_2_low_thumbnail.jpg', 'small_url': 'https://images4-f.ravelrycache.com/uploads/knitbec/875466565/393047_2_low_small_best_fit.jpg', 'flickr_url': None, 'shelved_url': 'https://images4-g.ravelrycache.com/uploads/knitbec/875466565/393047_2_low_shelved.jpg', 'medium2_url': 'https://images4-a.ravelrycache.com/uploads/knitbec/875466565/393047_2_low_medium2.jpg', 'small2_url': 'https://images4-g.ravelrycache.com/uploads/knitbec/875466565/393047_2_low_small2.jpg', 'caption': None, 'caption_html': None, 'copyright_holder': None}, {'id': 115335286, 'sort_order': 2, 'user_id': 3530885, 'x_offset': 0, 'y_offset': -43, 'square_url': 'https://images4-f.ravelrycache.com/uploads/knitbec/875466577/393046_393047_3_low_square.jpg', 'medium_url': 'https://images4-g.ravelrycache.com/uploads/knitbec/875466577/393046_393047_3_low_medium.jpg', 'thumbnail_url': 'https://images4-f.ravelrycache.com/uploads/knitbec/875466577/393046_393047_3_low_thumbnail.jpg', 'small_url': 'https://images4-g.ravelrycache.com/uploads/knitbec/875466577/393046_393047_3_low_small_best_fit.jpg', 'flickr_url': None, 'shelved_url': 'https://images4-g.ravelrycache.com/uploads/knitbec/875466577/393046_393047_3_low_shelved.jpg', 'medium2_url': 'https://images4-a.ravelrycache.com/uploads/knitbec/875466577/393046_393047_3_low_medium2.jpg', 'small2_url': 'https://images4-f.ravelrycache.com/uploads/knitbec/875466577/393046_393047_3_low_small2.jpg', 'caption': None, 'caption_html': None, 'copyright_holder': None}, {'id': 115335287, 'sort_order': 3, 'user_id': 3530885, 'x_offset': 0, 'y_offset': 0, 'square_url': 'https://images4-g.ravelrycache.com/uploads/knitbec/875466612/393047_1_low_square.jpg', 'medium_url': 'https://images4-f.ravelrycache.com/uploads/knitbec/875466612/393047_1_low_medium.jpg', 'thumbnail_url': 'https://images4-g.ravelrycache.com/uploads/knitbec/875466612/393047_1_low_thumbnail.jpg', 'small_url': 'https://images4-g.ravelrycache.com/uploads/knitbec/875466612/393047_1_low_small_best_fit.jpg', 'flickr_url': None, 'shelved_url': 'https://images4-g.ravelrycache.com/uploads/knitbec/875466612/393047_1_low_shelved.jpg', 'medium2_url': 'https://images4-a.ravelrycache.com/uploads/knitbec/875466612/393047_1_low_medium2.jpg', 'small2_url': 'https://images4-g.ravelrycache.com/uploads/knitbec/875466612/393047_1_low_small2.jpg', 'caption': None, 'caption_html': None, 'copyright_holder': None}, {'id': 115335288, 'sort_order': 4, 'user_id': 3530885, 'x_offset': 0, 'y_offset': -43, 'square_url': 'https://images4-f.ravelrycache.com/uploads/knitbec/875466628/393047_3_low_square.jpg', 'medium_url': 'https://images4-g.ravelrycache.com/uploads/knitbec/875466628/393047_3_low_medium.jpg', 'thumbnail_url': 'https://images4-g.ravelrycache.com/uploads/knitbec/875466628/393047_3_low_thumbnail.jpg', 'small_url': 'https://images4-f.ravelrycache.com/uploads/knitbec/875466628/393047_3_low_small_best_fit.jpg', 'flickr_url': None, 'shelved_url': 'https://images4-g.ravelrycache.com/uploads/knitbec/875466628/393047_3_low_shelved.jpg', 'medium2_url': 'https://images4-a.ravelrycache.com/uploads/knitbec/875466628/393047_3_low_medium2.jpg', 'small2_url': 'https://images4-f.ravelrycache.com/uploads/knitbec/875466628/393047_3_low_small2.jpg', 'caption': None, 'caption_html': None, 'copyright_holder': None}, {'id': 115335289, 'sort_order': 5, 'user_id': 3530885, 'x_offset': 0, 'y_offset': -43, 'square_url': 'https://images4-g.ravelrycache.com/uploads/knitbec/875466656/393047_4_low_square.jpg', 'medium_url': 'https://images4-f.ravelrycache.com/uploads/knitbec/875466656/393047_4_low_medium.jpg', 'thumbnail_url': 'https://images4-g.ravelrycache.com/uploads/knitbec/875466656/393047_4_low_thumbnail.jpg', 'small_url': 'https://images4-g.ravelrycache.com/uploads/knitbec/875466656/393047_4_low_small_best_fit.jpg', 'flickr_url': None, 'shelved_url': 'https://images4-g.ravelrycache.com/uploads/knitbec/875466656/393047_4_low_shelved.jpg', 'medium2_url': 'https://images4-a.ravelrycache.com/uploads/knitbec/875466656/393047_4_low_medium2.jpg', 'small2_url': 'https://images4-g.ravelrycache.com/uploads/knitbec/875466656/393047_4_low_small2.jpg', 'caption': None, 'caption_html': None, 'copyright_holder': None}, {'id': 115335290, 'sort_order': 6, 'user_id': 3530885, 'x_offset': 0, 'y_offset': -43, 'square_url': 'https://images4-f.ravelrycache.com/uploads/knitbec/875466719/393047_5_low_square.jpg', 'medium_url': 'https://images4-g.ravelrycache.com/uploads/knitbec/875466719/393047_5_low_medium.jpg', 'thumbnail_url': 'https://images4-f.ravelrycache.com/uploads/knitbec/875466719/393047_5_low_thumbnail.jpg', 'small_url': 'https://images4-g.ravelrycache.com/uploads/knitbec/875466719/393047_5_low_small_best_fit.jpg', 'flickr_url': None, 'shelved_url': 'https://images4-f.ravelrycache.com/uploads/knitbec/875466719/393047_5_low_shelved.jpg', 'medium2_url': 'https://images4-a.ravelrycache.com/uploads/knitbec/875466719/393047_5_low_medium2.jpg', 'small2_url': 'https://images4-f.ravelrycache.com/uploads/knitbec/875466719/393047_5_low_small2.jpg', 'caption': None, 'caption_html': None, 'copyright_holder': ''}]"
"Rockin' Reindeer, Richard",Jacki Badger,1270427,https://www.ravelry.com/patterns/library/rockin-reindeer-richard,False,https://images4-a.ravelrycache.com/uploads/thewoollybadger/951357363/The_Woolly_Badger_-_The_Forge_388_medium2.jpg,Knitting,"['female', 'unisex', 'adult', 'circular-yoke', 'crew-neck', '3-4-sleeve', 'long-sleeve', 'stranded', 'seamless', 'short-rows', 'top-down', 'positive-ease', 'chart', 'written-pattern', 'video-tutorial', 'in-the-round', 'schematic']",20.0,4.875,True,4.0,"In the round, over colourwork",pullover,DK,33,4.625,"1 (2, 3, 4, 5) [6, 7, 8, 9] - finished bust measurement of 33 (37, 41, 45, 49) [53, 57, 61, 65] in","[{'id': 124731659, 'sort_order': 1, 'user_id': 8053695, 'x_offset': 0, 'y_offset': -43, 'square_url': 'https://images4-g.ravelrycache.com/uploads/thewoollybadger/951357363/The_Woolly_Badger_-_The_Forge_388_square.jpg', 'medium_url': 'https://images4-f.ravelrycache.com/uploads/thewoollybadger/951357363/The_Woolly_Badger_-_The_Forge_388_medium.jpg', 'thumbnail_url': 'https://images4-f.ravelrycache.com/uploads/thewoollybadger/951357363/The_Woolly_Badger_-_The_Forge_388_thumbnail.jpg', 'small_url': 'https://images4-f.ravelrycache.com/uploads/thewoollybadger/951357363/The_Woolly_Badger_-_The_Forge_388_small_best_fit.jpg', 'flickr_url': None, 'shelved_url': 'https://images4-g.ravelrycache.com/uploads/thewoollybadger/951357363/The_Woolly_Badger_-_The_Forge_388_shelved.jpg', 'medium2_url': 'https://images4-a.ravelrycache.com/uploads/thewoollybadger/951357363/The_Woolly_Badger_-_The_Forge_388_medium2.jpg', 'small2_url': 'https://images4-g.ravelrycache.com/uploads/thewoollybadger/951357363/The_Woolly_Badger_-_The_Forge_388_small2.jpg', 'caption': None, 'caption_html': None, 'copyright_holder': None}, {'id': 124731572, 'sort_order': 2, 'user_id': 8053695, 'x_offset': 0, 'y_offset': -43, 'square_url': 'https://images4-f.ravelrycache.com/uploads/thewoollybadger/951356599/The_Woolly_Badger_-_The_Forge_3_square.jpg', 'medium_url': 'https://images4-g.ravelrycache.com/uploads/thewoollybadger/951356599/The_Woolly_Badger_-_The_Forge_3_medium.jpg', 'thumbnail_url': 'https://images4-g.ravelrycache.com/uploads/thewoollybadger/951356599/The_Woolly_Badger_-_The_Forge_3_thumbnail.jpg', 'small_url': 'https://images4-g.ravelrycache.com/uploads/thewoollybadger/951356599/The_Woolly_Badger_-_The_Forge_3_small_best_fit.jpg', 'flickr_url': None, 'shelved_url': 'https://images4-g.ravelrycache.com/uploads/thewoollybadger/951356599/The_Woolly_Badger_-_The_Forge_3_shelved.jpg', 'medium2_url': 'https://images4-a.ravelrycache.com/uploads/thewoollybadger/951356599/The_Woolly_Badger_-_The_Forge_3_medium2.jpg', 'small2_url': 'https://images4-f.ravelrycache.com/uploads/thewoollybadger/951356599/The_Woolly_Badger_-_The_Forge_3_small2.jpg', 'caption': None, 'caption_html': None, 'copyright_holder': None}, {'id': 124731647, 'sort_order': 3, 'user_id': 8053695, 'x_offset': 0, 'y_offset': -43, 'square_url': 'https://images4-g.ravelrycache.com/uploads/thewoollybadger/951357250/The_Woolly_Badger_-_The_Forge_382_square.jpg', 'medium_url': 'https://images4-f.ravelrycache.com/uploads/thewoollybadger/951357250/The_Woolly_Badger_-_The_Forge_382_medium.jpg', 'thumbnail_url': 'https://images4-f.ravelrycache.com/uploads/thewoollybadger/951357250/The_Woolly_Badger_-_The_Forge_382_thumbnail.jpg', 'small_url': 'https://images4-f.ravelrycache.com/uploads/thewoollybadger/951357250/The_Woolly_Badger_-_The_Forge_382_small_best_fit.jpg', 'flickr_url': None, 'shelved_url': 'https://images4-f.ravelrycache.com/uploads/thewoollybadger/951357250/The_Woolly_Badger_-_The_Forge_382_shelved.jpg', 'medium2_url': 'https://images4-a.ravelrycache.com/uploads/thewoollybadger/951357250/The_Woolly_Badger_-_The_Forge_382_medium2.jpg', 'small2_url': 'https://images4-g.ravelrycache.com/uploads/thewoollybadger/951357250/The_Woolly_Badger_-_The_Forge_382_small2.jpg', 'caption': None, 'caption_html': None, 'copyright_holder': None}, {'id': 124731588, 'sort_order': 4, 'user_id': 8053695, 'x_offset': 0, 'y_offset': -43, 'square_url': 'https://images4-f.ravelrycache.com/uploads/thewoollybadger/951356758/The_Woolly_Badger_-_The_Forge_15_square.jpg', 'medium_url': 'https://images4-g.ravelrycache.com/uploads/thewoollybadger/951356758/The_Woolly_Badger_-_The_Forge_15_medium.jpg', 'thumbnail_url': 'https://images4-g.ravelrycache.com/uploads/thewoollybadger/951356758/The_Woolly_Badger_-_The_Forge_15_thumbnail.jpg', 'small_url': 'https://images4-f.ravelrycache.com/uploads/thewoollybadger/951356758/The_Woolly_Badger_-_The_Forge_15_small_best_fit.jpg', 'flickr_url': None, 'shelved_url': 'https://images4-f.ravelrycache.com/uploads/thewoollybadger/951356758/The_Woolly_Badger_-_The_Forge_15_shelved.jpg', 'medium2_url': 'https://images4-a.ravelrycache.com/uploads/thewoollybadger/951356758/The_Woolly_Badger_-_The_Forge_15_medium2.jpg', 'small2_url': 'https://images4-f.ravelrycache.com/uploads/thewoollybadger/951356758/The_Woolly_Badger_-_The_Forge_15_small2.jpg', 'caption': None, 'caption_html': None, 'copyright_holder': None}, {'id': 124731573, 'sort_order': 5, 'user_id': 8053695, 'x_offset': 0, 'y_offset': -43, 'square_url': 'https://images4-g.ravelrycache.com/uploads/thewoollybadger/951356598/The_Woolly_Badger_-_The_Forge_12_square.jpg', 'medium_url': 'https://images4-f.ravelrycache.com/uploads/thewoollybadger/951356598/The_Woolly_Badger_-_The_Forge_12_medium.jpg', 'thumbnail_url': 'https://images4-g.ravelrycache.com/uploads/thewoollybadger/951356598/The_Woolly_Badger_-_The_Forge_12_thumbnail.jpg', 'small_url': 'https://images4-f.ravelrycache.com/uploads/thewoollybadger/951356598/The_Woolly_Badger_-_The_Forge_12_small_best_fit.jpg', 'flickr_url': None, 'shelved_url': 'https://images4-f.ravelrycache.com/uploads/thewoollybadger/951356598/The_Woolly_Badger_-_The_Forge_12_shelved.jpg', 'medium2_url': 'https://images4-a.ravelrycache.com/uploads/thewoollybadger/951356598/The_Woolly_Badger_-_The_Forge_12_medium2.jpg', 'small2_url': 'https://images4-g.ravelrycache.com/uploads/thewoollybadger/951356598/The_Woolly_Badger_-_The_Forge_12_small2.jpg', 'caption': None, 'caption_html': None, 'copyright_holder': None}, {'id': 124731571, 'sort_order': 6, 'user_id': 8053695, 'x_offset': 0, 'y_offset': -43, 'square_url': 'https://images4-f.ravelrycache.com/uploads/thewoollybadger/951356597/The_Woolly_Badger_-_The_Forge_11_square.jpg', 'medium_url': 'https://images4-g.ravelrycache.com/uploads/thewoollybadger/951356597/The_Woolly_Badger_-_The_Forge_11_medium.jpg', 'thumbnail_url': 'https://images4-g.ravelrycache.com/uploads/thewoollybadger/951356597/The_Woolly_Badger_-_The_Forge_11_thumbnail.jpg', 'small_url': 'https://images4-g.ravelrycache.com/uploads/thewoollybadger/951356597/The_Woolly_Badger_-_The_Forge_11_small_best_fit.jpg', 'flickr_url': None, 'shelved_url': 'https://images4-f.ravelrycache.com/uploads/thewoollybadger/951356597/The_Woolly_Badger_-_The_Forge_11_shelved.jpg', 'medium2_url': 'https://images4-a.ravelrycache.com/uploads/thewoollybadger/951356597/The_Woolly_Badger_-_The_Forge_11_medium2.jpg', 'small2_url': 'https://images4-f.ravelrycache.com/uploads/thewoollybadger/951356597/The_Woolly_Badger_-_The_Forge_11_small2.jpg', 'caption': None, 'caption_html': None, 'copyright_holder': None}, {'id': 115528854, 'sort_order': 7, 'user_id': 8053695, 'x_offset': 0, 'y_offset': -22, 'square_url': 'https://images4-g.ravelrycache.com/uploads/thewoollybadger/877005025/75A93D31-B842-464D-81AD-AD091F72CA0A_square.JPG', 'medium_url': 'https://images4-f.ravelrycache.com/uploads/thewoollybadger/877005025/75A93D31-B842-464D-81AD-AD091F72CA0A_medium.JPG', 'thumbnail_url': 'https://images4-f.ravelrycache.com/uploads/thewoollybadger/877005025/75A93D31-B842-464D-81AD-AD091F72CA0A_thumbnail.JPG', 'small_url': 'https://images4-f.ravelrycache.com/uploads/thewoollybadger/877005025/75A93D31-B842-464D-81AD-AD091F72CA0A_small_best_fit.JPG', 'flickr_url': None, 'shelved_url': 'https://images4-g.ravelrycache.com/uploads/thewoollybadger/877005025/75A93D31-B842-464D-81AD-AD091F72CA0A_shelved.JPG', 'medium2_url': 'https://images4-a.ravelrycache.com/uploads/thewoollybadger/877005025/75A93D31-B842-464D-81AD-AD091F72CA0A_medium2.JPG', 'small2_url': 'https://images4-g.ravelrycache.com/uploads/thewoollybadger/877005025/75A93D31-B842-464D-81AD-AD091F72CA0A_small2.JPG', 'caption': None, 'caption_html': None, 'copyright_holder': None}, {'id': 115528840, 'sort_order': 8, 'user_id': 8053695, 'x_offset': -1, 'y_offset': -22, 'square_url': 'https://images4-g.ravelrycache.com/uploads/thewoollybadger/877004899/E23776A5-60E1-4631-B76E-60E29433470E_square.JPG', 'medium_url': 'https://images4-f.ravelrycache.com/uploads/thewoollybadger/877004899/E23776A5-60E1-4631-B76E-60E29433470E_medium.JPG', 'thumbnail_url': 'https://images4-g.ravelrycache.com/uploads/thewoollybadger/877004899/E23776A5-60E1-4631-B76E-60E29433470E_thumbnail.JPG', 'small_url': 'https://images4-f.ravelrycache.com/uploads/thewoollybadger/877004899/E23776A5-60E1-4631-B76E-60E29433470E_small_best_fit.JPG', 'flickr_url': None, 'shelved_url': 'https://images4-f.ravelrycache.com/uploads/thewoollybadger/877004899/E23776A5-60E1-4631-B76E-60E29433470E_shelved.JPG', 'medium2_url': 'https://images4-a.ravelrycache.com/uploads/thewoollybadger/877004899/E23776A5-60E1-4631-B76E-60E29433470E_medium2.JPG', 'small2_url': 'https://images4-g.ravelrycache.com/uploads/thewoollybadger/877004899/E23776A5-60E1-4631-B76E-60E29433470E_small2.JPG', 'caption': None, 'caption_html': None, 'copyright_holder': None}, {'id': 115528852, 'sort_order': 9, 'user_id': 8053695, 'x_offset': -1, 'y_offset': -22, 'square_url': 'https://images4-f.ravelrycache.com/uploads/thewoollybadger/877005024/81AC3DEE-6C47-4BFE-B7CD-6A1C7893751F_square.JPG', 'medium_url': 'https://images4-g.ravelrycache.com/uploads/thewoollybadger/877005024/81AC3DEE-6C47-4BFE-B7CD-6A1C7893751F_medium.JPG', 'thumbnail_url': 'https://images4-g.ravelrycache.com/uploads/thewoollybadger/877005024/81AC3DEE-6C47-4BFE-B7CD-6A1C7893751F_thumbnail.JPG', 'small_url': 'https://images4-f.ravelrycache.com/uploads/thewoollybadger/877005024/81AC3DEE-6C47-4BFE-B7CD-6A1C7893751F_small_best_fit.JPG', 'flickr_url': None, 'shelved_url': 'https://images4-f.ravelrycache.com/uploads/thewoollybadger/877005024/81AC3DEE-6C47-4BFE-B7CD-6A1C7893751F_shelved.JPG', 'medium2_url': 'https://images4-a.ravelrycache.com/uploads/thewoollybadger/877005024/81AC3DEE-6C47-4BFE-B7CD-6A1C7893751F_medium2.JPG', 'small2_url': 'https://images4-f.ravelrycache.com/uploads/thewoollybadger/877005024/81AC3DEE-6C47-4BFE-B7CD-6A1C7893751F_small2.JPG', 'caption': None, 'caption_html': None, 'copyright_holder': None}, {'id': 115528853, 'sort_order': 10, 'user_id': 8053695, 'x_offset': -1, 'y_offset': -22, 'square_url': 'https://images4-g.ravelrycache.com/uploads/thewoollybadger/877005023/0C713834-EC67-4C63-864F-83D7A8D7D82B_square.JPG', 'medium_url': 'https://images4-f.ravelrycache.com/uploads/thewoollybadger/877005023/0C713834-EC67-4C63-864F-83D7A8D7D82B_medium.JPG', 'thumbnail_url': 'https://images4-f.ravelrycache.com/uploads/thewoollybadger/877005023/0C713834-EC67-4C63-864F-83D7A8D7D82B_thumbnail.JPG', 'small_url': 'https://images4-g.ravelrycache.com/uploads/thewoollybadger/877005023/0C713834-EC67-4C63-864F-83D7A8D7D82B_small_best_fit.JPG', 'flickr_url': None, 'shelved_url': 'https://images4-f.ravelrycache.com/uploads/thewoollybadger/877005023/0C713834-EC67-4C63-864F-83D7A8D7D82B_shelved.JPG', 'medium2_url': 'https://images4-a.ravelrycache.com/uploads/thewoollybadger/877005023/0C713834-EC67-4C63-864F-83D7A8D7D82B_medium2.JPG', 'small2_url': 'https://images4-g.ravelrycache.com/uploads/thewoollybadger/877005023/0C713834-EC67-4C63-864F-83D7A8D7D82B_small2.JPG', 'caption': None, 'caption_html': None, 'copyright_holder': None}, {'id': 115528837, 'sort_order': 11, 'user_id': 8053695, 'x_offset': -1, 'y_offset': -22, 'square_url': 'https://images4-f.ravelrycache.com/uploads/thewoollybadger/877004897/F9FA8C5F-FA40-4B12-B91C-AA8B85F01B0B_square.JPG', 'medium_url': 'https://images4-g.ravelrycache.com/uploads/thewoollybadger/877004897/F9FA8C5F-FA40-4B12-B91C-AA8B85F01B0B_medium.JPG', 'thumbnail_url': 'https://images4-f.ravelrycache.com/uploads/thewoollybadger/877004897/F9FA8C5F-FA40-4B12-B91C-AA8B85F01B0B_thumbnail.JPG', 'small_url': 'https://images4-g.ravelrycache.com/uploads/thewoollybadger/877004897/F9FA8C5F-FA40-4B12-B91C-AA8B85F01B0B_small_best_fit.JPG', 'flickr_url': None, 'shelved_url': 'https://images4-g.ravelrycache.com/uploads/thewoollybadger/877004897/F9FA8C5F-FA40-4B12-B91C-AA8B85F01B0B_shelved.JPG', 'medium2_url': 'https://images4-a.ravelrycache.com/uploads/thewoollybadger/877004897/F9FA8C5F-FA40-4B12-B91C-AA8B85F01B0B_medium2.JPG', 'small2_url': 'https://images4-f.ravelrycache.com/uploads/thewoollybadger/877004897/F9FA8C5F-FA40-4B12-B91C-AA8B85F01B0B_small2.JPG', 'caption': None, 'caption_html': None, 'copyright_holder': None}, {'id': 115528839, 'sort_order': 12, 'user_id': 8053695, 'x_offset': -1, 'y_offset': -22, 'square_url': 'https://images4-f.ravelrycache.com/uploads/thewoollybadger/877004900/EABDD1AA-8EC9-4A01-8064-9DC3D6F0C96C_square.JPG', 'medium_url': 'https://images4-g.ravelrycache.com/uploads/thewoollybadger/877004900/EABDD1AA-8EC9-4A01-8064-9DC3D6F0C96C_medium.JPG', 'thumbnail_url': 'https://images4-g.ravelrycache.com/uploads/thewoollybadger/877004900/EABDD1AA-8EC9-4A01-8064-9DC3D6F0C96C_thumbnail.JPG', 'small_url': 'https://images4-g.ravelrycache.com/uploads/thewoollybadger/877004900/EABDD1AA-8EC9-4A01-8064-9DC3D6F0C96C_small_best_fit.JPG', 'flickr_url': None, 'shelved_url': 'https://images4-f.ravelrycache.com/uploads/thewoollybadger/877004900/EABDD1AA-8EC9-4A01-8064-9DC3D6F0C96C_shelved.JPG', 'medium2_url': 'https://images4-a.ravelrycache.com/uploads/thewoollybadger/877004900/EABDD1AA-8EC9-4A01-8064-9DC3D6F0C96C_medium2.JPG', 'small2_url': 'https://images4-f.ravelrycache.com/uploads/thewoollybadger/877004900/EABDD1AA-8EC9-4A01-8064-9DC3D6F0C96C_small2.JPG', 'caption': None, 'caption_html': None, 'copyright_holder': None}, {'id': 115528838, 'sort_order': 13, 'user_id': 8053695, 'x_offset': -1, 'y_offset': -22, 'square_url': 'https://images4-g.ravelrycache.com/uploads/thewoollybadger/877004898/8927EDDE-704E-4DEE-BC3C-964135FA2973_square.JPG', 'medium_url': 'https://images4-f.ravelrycache.com/uploads/thewoollybadger/877004898/8927EDDE-704E-4DEE-BC3C-964135FA2973_medium.JPG', 'thumbnail_url': 'https://images4-f.ravelrycache.com/uploads/thewoollybadger/877004898/8927EDDE-704E-4DEE-BC3C-964135FA2973_thumbnail.JPG', 'small_url': 'https://images4-f.ravelrycache.com/uploads/thewoollybadger/877004898/8927EDDE-704E-4DEE-BC3C-964135FA2973_small_best_fit.JPG', 'flickr_url': None, 'shelved_url': 'https://images4-f.ravelrycache.com/uploads/thewoollybadger/877004898/8927EDDE-704E-4DEE-BC3C-964135FA2973_shelved.JPG', 'medium2_url': 'https://images4-a.ravelrycache.com/uploads/thewoollybadger/877004898/8927EDDE-704E-4DEE-BC3C-964135FA2973_medium2.JPG', 'small2_url': 'https://images4-g.ravelrycache.com/uploads/thewoollybadger/877004898/8927EDDE-704E-4DEE-BC3C-964135FA2973_small2.JPG', 'caption': None, 'caption_html': None, 'copyright_holder': None}, {'id': 115335325, 'sort_order': 14, 'user_id': 8053695, 'x_offset': 1, 'y_offset': -21, 'square_url': 'https://images4-f.ravelrycache.com/uploads/thewoollybadger/875466807/JB_-_Lore_Christmas_Jumper_square.jpg', 'medium_url': 'https://images4-g.ravelrycache.com/uploads/thewoollybadger/875466807/JB_-_Lore_Christmas_Jumper_medium.jpg', 'thumbnail_url': 'https://images4-g.ravelrycache.com/uploads/thewoollybadger/875466807/JB_-_Lore_Christmas_Jumper_thumbnail.jpg', 'small_url': 'https://images4-f.ravelrycache.com/uploads/thewoollybadger/875466807/JB_-_Lore_Christmas_Jumper_small_best_fit.jpg', 'flickr_url': None, 'shelved_url': 'https://images4-f.ravelrycache.com/uploads/thewoollybadger/875466807/JB_-_Lore_Christmas_Jumper_shelved.jpg', 'medium2_url': 'https://images4-a.ravelrycache.com/uploads/thewoollybadger/875466807/JB_-_Lore_Christmas_Jumper_medium2.jpg', 'small2_url': 'https://images4-f.ravelrycache.com/uploads/thewoollybadger/875466807/JB_-_Lore_Christmas_Jumper_small2.jpg', 'caption': None, 'caption_html': None, 'copyright_holder': None}, {'id': 115335326, 'sort_order': 15, 'user_id': 8053695, 'x_offset': -55, 'y_offset': 0, 'square_url': 'https://images4-g.ravelrycache.com/uploads/thewoollybadger/875467011/Screen_Shot_2022-09-13_at_12.08.36_square.png', 'medium_url': 'https://images4-f.ravelrycache.com/uploads/thewoollybadger/875467011/Screen_Shot_2022-09-13_at_12.08.36_medium.png', 'thumbnail_url': 'https://images4-f.ravelrycache.com/uploads/thewoollybadger/875467011/Screen_Shot_2022-09-13_at_12.08.36_thumbnail.png', 'small_url': 'https://images4-g.ravelrycache.com/uploads/thewoollybadger/875467011/Screen_Shot_2022-09-13_at_12.08.36_small_best_fit.png', 'flickr_url': None, 'shelved_url': 'https://images4-g.ravelrycache.com/uploads/thewoollybadger/875467011/Screen_Shot_2022-09-13_at_12.08.36_shelved.png', 'medium2_url': 'https://images4-a.ravelrycache.com/uploads/thewoollybadger/875467011/Screen_Shot_2022-09-13_at_12.08.36_medium2.png', 'small2_url': 'https://images4-g.ravelrycache.com/uploads/thewoollybadger/875467011/Screen_Shot_2022-09-13_at_12.08.36_small2.png', 'caption': None, 'caption_html': None, 'copyright_holder': None}, {'id': 115688098, 'sort_order': 16, 'user_id': 8053695, 'x_offset': -49, 'y_offset': 1, 'square_url': 'https://images4-g.ravelrycache.com/uploads/thewoollybadger/878282965/Screen_Shot_2022-09-29_at_13.29.40_square.png', 'medium_url': 'https://images4-f.ravelrycache.com/uploads/thewoollybadger/878282965/Screen_Shot_2022-09-29_at_13.29.40_medium.png', 'thumbnail_url': 'https://images4-f.ravelrycache.com/uploads/thewoollybadger/878282965/Screen_Shot_2022-09-29_at_13.29.40_thumbnail.png', 'small_url': 'https://images4-f.ravelrycache.com/uploads/thewoollybadger/878282965/Screen_Shot_2022-09-29_at_13.29.40_small_best_fit.png', 'flickr_url': None, 'shelved_url': 'https://images4-g.ravelrycache.com/uploads/thewoollybadger/878282965/Screen_Shot_2022-09-29_at_13.29.40_shelved.png', 'medium2_url': 'https://images4-a.ravelrycache.com/uploads/thewoollybadger/878282965/Screen_Shot_2022-09-29_at_13.29.40_medium2.png', 'small2_url': 'https://images4-g.ravelrycache.com/uploads/thewoollybadger/878282965/Screen_Shot_2022-09-29_at_13.29.40_small2.png', 'caption': None, 'caption_html': None, 'copyright_holder': None}]"
Akvarelli,Pirjo Iivonen,1270685,https://www.ravelry.com/patterns/library/akvarelli-2,True,https://images4-a.ravelrycache.com/uploads/RedAnna/875610916/2Akvarelli-kirjoneulepusero-7-veljesta-1_medium2.jpg,Knitting,"['female', 'adult', 'circular-yoke', 'crew-neck', 'turtleneck', 'long-sleeve', 'straight', 'stranded', 'seamless', 'bottom-up', 'chart', 'written-pattern', 'in-the-round', 'schematic']",18.0,4.333333333333333,True,4.0," 18 sts and 23 rows in st st, using the larger size ndls = 10 x 10 cm / 4” square, 18 sts in Nordic colorwork pattern, using the larger size ndls = 10 cm / 4”",pullover,Aran,10,4.5,XS/S(M)L(XL)XXL,"[{'id': 115353388, 'sort_order': 1, 'user_id': 1658040, 'x_offset': 0, 'y_offset': -43, 'square_url': 'https://images4-f.ravelrycache.com/uploads/RedAnna/875610916/2Akvarelli-kirjoneulepusero-7-veljesta-1_square.jpg', 'medium_url': 'https://images4-g.ravelrycache.com/uploads/RedAnna/875610916/2Akvarelli-kirjoneulepusero-7-veljesta-1_medium.jpg', 'thumbnail_url': 'https://images4-g.ravelrycache.com/uploads/RedAnna/875610916/2Akvarelli-kirjoneulepusero-7-veljesta-1_thumbnail.jpg', 'small_url': 'https://images4-f.ravelrycache.com/uploads/RedAnna/875610916/2Akvarelli-kirjoneulepusero-7-veljesta-1_small_best_fit.jpg', 'flickr_url': None, 'shelved_url': 'https://images4-f.ravelrycache.com/uploads/RedAnna/875610916/2Akvarelli-kirjoneulepusero-7-veljesta-1_shelved.jpg', 'medium2_url': 'https://images4-a.ravelrycache.com/uploads/RedAnna/875610916/2Akvarelli-kirjoneulepusero-7-veljesta-1_medium2.jpg', 'small2_url': 'https://images4-f.ravelrycache.com/uploads/RedAnna/875610916/2Akvarelli-kirjoneulepusero-7-veljesta-1_small2.jpg', 'caption': None, 'caption_html': None, 'copyright_holder': None}, {'id': 115353389, 'sort_order': 2, 'user_id': 1658040, 'x_offset': 0, 'y_offset': -43, 'square_url': 'https://images4-g.ravelrycache.com/uploads/RedAnna/875610914/2Akvarelli-kirjoneulepusero-7-veljesta-2_square.jpg', 'medium_url': 'https://images4-f.ravelrycache.com/uploads/RedAnna/875610914/2Akvarelli-kirjoneulepusero-7-veljesta-2_medium.jpg', 'thumbnail_url': 'https://images4-g.ravelrycache.com/uploads/RedAnna/875610914/2Akvarelli-kirjoneulepusero-7-veljesta-2_thumbnail.jpg', 'small_url': 'https://images4-f.ravelrycache.com/uploads/RedAnna/875610914/2Akvarelli-kirjoneulepusero-7-veljesta-2_small_best_fit.jpg', 'flickr_url': None, 'shelved_url': 'https://images4-g.ravelrycache.com/uploads/RedAnna/875610914/2Akvarelli-kirjoneulepusero-7-veljesta-2_shelved.jpg', 'medium2_url': 'https://images4-a.ravelrycache.com/uploads/RedAnna/875610914/2Akvarelli-kirjoneulepusero-7-veljesta-2_medium2.jpg', 'small2_url': 'https://images4-g.ravelrycache.com/uploads/RedAnna/875610914/2Akvarelli-kirjoneulepusero-7-veljesta-2_small2.jpg', 'caption': None, 'caption_html': None, 'copyright_holder': None}]"
Greta,Sisko Sälpäkivi,1270737,https://www.ravelry.com/patterns/library/greta-36,True,https://images4-a.ravelrycache.com/uploads/RedAnna/875632426/8Greta-pusero-7-veljesta-nature-1_medium2.jpg,Knitting,"['female', 'adult', 'cables', 'ribbed', 'seamed', 'raglan-sleeve', 'bottom-up', 'chart', 'written-pattern', 'granny-square', 'worked-flat', 'in-the-round', 'other-colorwork', 'schematic']",18.0,0.0,True,4.0,stockinette,pullover,Aran,4,0.0,XS/S(M)L(XL),"[{'id': 115356132, 'sort_order': 1, 'user_id': 1658040, 'x_offset': 0, 'y_offset': -43, 'square_url': 'https://images4-g.ravelrycache.com/uploads/RedAnna/875632426/8Greta-pusero-7-veljesta-nature-1_square.jpg', 'medium_url': 'https://images4-f.ravelrycache.com/uploads/RedAnna/875632426/8Greta-pusero-7-veljesta-nature-1_medium.jpg', 'thumbnail_url': 'https://images4-g.ravelrycache.com/uploads/RedAnna/875632426/8Greta-pusero-7-veljesta-nature-1_thumbnail.jpg', 'small_url': 'https://images4-g.ravelrycache.com/uploads/RedAnna/875632426/8Greta-pusero-7-veljesta-nature-1_small_best_fit.jpg', 'flickr_url': None, 'shelved_url': 'https://images4-f.ravelrycache.com/uploads/RedAnna/875632426/8Greta-pusero-7-veljesta-nature-1_shelved.jpg', 'medium2_url': 'https://images4-a.ravelrycache.com/uploads/RedAnna/875632426/8Greta-pusero-7-veljesta-nature-1_medium2.jpg', 'small2_url': 'https://images4-g.ravelrycache.com/uploads/RedAnna/875632426/8Greta-pusero-7-veljesta-nature-1_small2.jpg', 'caption': None, 'caption_html': None, 'copyright_holder': None}, {'id': 115356133, 'sort_order': 2, 'user_id': 1658040, 'x_offset': 0, 'y_offset': -43, 'square_url': 'https://images4-f.ravelrycache.com/uploads/RedAnna/875632437/8Greta-pusero-7-veljesta-nature-2_square.jpg', 'medium_url': 'https://images4-g.ravelrycache.com/uploads/RedAnna/875632437/8Greta-pusero-7-veljesta-nature-2_medium.jpg', 'thumbnail_url': 'https://images4-g.ravelrycache.com/uploads/RedAnna/875632437/8Greta-pusero-7-veljesta-nature-2_thumbnail.jpg', 'small_url': 'https://images4-g.ravelrycache.com/uploads/RedAnna/875632437/8Greta-pusero-7-veljesta-nature-2_small_best_fit.jpg', 'flickr_url': None, 'shelved_url': 'https://images4-f.ravelrycache.com/uploads/RedAnna/875632437/8Greta-pusero-7-veljesta-nature-2_shelved.jpg', 'medium2_url': 'https://images4-a.ravelrycache.com/uploads/RedAnna/875632437/8Greta-pusero-7-veljesta-nature-2_medium2.jpg', 'small2_url': 'https://images4-f.ravelrycache.com/uploads/RedAnna/875632437/8Greta-pusero-7-veljesta-nature-2_small2.jpg', 'caption': None, 'caption_html': None, 'copyright_holder': None}]"
Tomtegenser / Tomte Sweater,Tina Hauglund,1270748,https://www.ravelry.com/patterns/library/tomtegenser---tomte-sweater,False,https://images4-a.ravelrycache.com/uploads/strikkezilla/875612338/DSC_1879_medium2.JPG,Knitting,"['unisex', 'baby', 'toddler', 'child', 'oversized', 'long-sleeve', 'raglan-sleeve', 'stranded', 'one-piece', 'seamless', 'bottom-up', 'positive-ease', 'chart', 'written-pattern', 'in-the-round', 'other-edging', 'male', 'female']",14.0,0.0,True,4.0,Glattstrikk,child,Bulky,6,0.0,6-12 m (1-2 år) 2-4 år (4-6 år) 6-8 år,"[{'id': 115356603, 'sort_order': 1, 'user_id': 4374734, 'x_offset': -5, 'y_offset': -35, 'square_url': 'https://images4-f.ravelrycache.com/uploads/strikkezilla/875612338/DSC_1879_square.JPG', 'medium_url': 'https://images4-g.ravelrycache.com/uploads/strikkezilla/875612338/DSC_1879_medium.JPG', 'thumbnail_url': 'https://images4-g.ravelrycache.com/uploads/strikkezilla/875612338/DSC_1879_thumbnail.JPG', 'small_url': 'https://images4-g.ravelrycache.com/uploads/strikkezilla/875612338/DSC_1879_small.JPG', 'flickr_url': None, 'shelved_url': 'https://images4-f.ravelrycache.com/uploads/strikkezilla/875612338/DSC_1879_shelved.JPG', 'medium2_url': 'https://images4-a.ravelrycache.com/uploads/strikkezilla/875612338/DSC_1879_medium2.JPG', 'small2_url': 'https://images4-f.ravelrycache.com/uploads/strikkezilla/875612338/DSC_1879_small2.JPG', 'caption': None, 'caption_html': None, 'copyright_holder': None}, {'id': 115356604, 'sort_order': 2, 'user_id': 4374734, 'x_offset': 0, 'y_offset': 0, 'square_url': 'https://images4-f.ravelrycache.com/uploads/strikkezilla/875612339/DSC_1764_square.JPG', 'medium_url': 'https://images4-g.ravelrycache.com/uploads/strikkezilla/875612339/DSC_1764_medium.JPG', 'thumbnail_url': 'https://images4-g.ravelrycache.com/uploads/strikkezilla/875612339/DSC_1764_thumbnail.JPG', 'small_url': 'https://images4-f.ravelrycache.com/uploads/strikkezilla/875612339/DSC_1764_small_best_fit.JPG', 'flickr_url': None, 'shelved_url': 'https://images4-g.ravelrycache.com/uploads/strikkezilla/875612339/DSC_1764_shelved.JPG', 'medium2_url': 'https://images4-a.ravelrycache.com/uploads/strikkezilla/875612339/DSC_1764_medium2.JPG', 'small2_url': 'https://images4-f.ravelrycache.com/uploads/strikkezilla/875612339/DSC_1764_small2.JPG', 'caption': None, 'caption_html': None, 'copyright_holder': None}, {'id': 115356605, 'sort_order': 3, 'user_id': 4374734, 'x_offset': -7, 'y_offset': 0, 'square_url': 'https://images4-g.ravelrycache.com/uploads/strikkezilla/875612337/DSC_1817_square.JPG', 'medium_url': 'https://images4-f.ravelrycache.com/uploads/strikkezilla/875612337/DSC_1817_medium.JPG', 'thumbnail_url': 'https://images4-g.ravelrycache.com/uploads/strikkezilla/875612337/DSC_1817_thumbnail.JPG', 'small_url': 'https://images4-g.ravelrycache.com/uploads/strikkezilla/875612337/DSC_1817_small_best_fit.JPG', 'flickr_url': None, 'shelved_url': 'https://images4-g.ravelrycache.com/uploads/strikkezilla/875612337/DSC_1817_shelved.JPG', 'medium2_url': 'https://images4-a.ravelrycache.com/uploads/strikkezilla/875612337/DSC_1817_medium2.JPG', 'small2_url': 'https://images4-g.ravelrycache.com/uploads/strikkezilla/875612337/DSC_1817_small2.JPG', 'caption': None, 'caption_html': None, 'copyright_holder': None}, {'id': 115356606, 'sort_order': 4, 'user_id': 4374734, 'x_offset': 0, 'y_offset': -25, 'square_url': 'https://images4-g.ravelrycache.com/uploads/strikkezilla/875612342/DSC_1803_square.JPG', 'medium_url': 'https://images4-f.ravelrycache.com/uploads/strikkezilla/875612342/DSC_1803_medium.JPG', 'thumbnail_url': 'https://images4-f.ravelrycache.com/uploads/strikkezilla/875612342/DSC_1803_thumbnail.JPG', 'small_url': 'https://images4-f.ravelrycache.com/uploads/strikkezilla/875612342/DSC_1803_small_best_fit.JPG', 'flickr_url': None, 'shelved_url': 'https://images4-f.ravelrycache.com/uploads/strikkezilla/875612342/DSC_1803_shelved.JPG', 'medium2_url': 'https://images4-a.ravelrycache.com/uploads/strikkezilla/875612342/DSC_1803_medium2.JPG', 'small2_url': 'https://images4-g.ravelrycache.com/uploads/strikkezilla/875612342/DSC_1803_small2.JPG', 'caption': None, 'caption_html': None, 'copyright_holder': None}]"
HALLOWEEN Sweater (2022).,NitySalinger,1270783,https://www.ravelry.com/patterns/library/halloween-sweater-2022,False,https://images4-a.ravelrycache.com/uploads/NitinComoquiero/875652349/1b_medium2.jpg,Knitting,"['unisex', 'adult', 'circular-yoke', 'icord', 'one-piece', 'short-rows', 'top-down', 'positive-ease', 'chart', 'written-pattern', 'in-the-round', 'stripes-colorwork']",21.0,0.0,True,4.0,stockinette stitch,pullover,DK,11,0.0,"1,2,3,4,5,6,7,8","[{'id': 115358830, 'sort_order': 1, 'user_id': 9040994, 'x_offset': 0, 'y_offset': -20, 'square_url': 'https://images4-g.ravelrycache.com/uploads/NitinComoquiero/875652349/1b_square.jpg', 'medium_url': 'https://images4-f.ravelrycache.com/uploads/NitinComoquiero/875652349/1b_medium.jpg', 'thumbnail_url': 'https://images4-g.ravelrycache.com/uploads/NitinComoquiero/875652349/1b_thumbnail.jpg', 'small_url': 'https://images4-g.ravelrycache.com/uploads/NitinComoquiero/875652349/1b_small_best_fit.jpg', 'flickr_url': None, 'shelved_url': 'https://images4-f.ravelrycache.com/uploads/NitinComoquiero/875652349/1b_shelved.jpg', 'medium2_url': 'https://images4-a.ravelrycache.com/uploads/NitinComoquiero/875652349/1b_medium2.jpg', 'small2_url': 'https://images4-g.ravelrycache.com/uploads/NitinComoquiero/875652349/1b_small2.jpg', 'caption': None, 'caption_html': None, 'copyright_holder': None}, {'id': 132189755, 'sort_order': 2, 'user_id': 9040994, 'x_offset': 1, 'y_offset': -25, 'square_url': 'https://images4-g.ravelrycache.com/uploads/NitinComoquiero/1011652952/4r_square.jpg', 'medium_url': 'https://images4-f.ravelrycache.com/uploads/NitinComoquiero/1011652952/4r_medium.jpg', 'thumbnail_url': 'https://images4-g.ravelrycache.com/uploads/NitinComoquiero/1011652952/4r_thumbnail.jpg', 'small_url': 'https://images4-g.ravelrycache.com/uploads/NitinComoquiero/1011652952/4r_small_best_fit.jpg', 'flickr_url': None, 'shelved_url': 'https://images4-f.ravelrycache.com/uploads/NitinComoquiero/1011652952/4r_shelved.jpg', 'medium2_url': 'https://images4-a.ravelrycache.com/uploads/NitinComoquiero/1011652952/4r_medium2.jpg', 'small2_url': 'https://images4-g.ravelrycache.com/uploads/NitinComoquiero/1011652952/4r_small2.jpg', 'caption': None, 'caption_html': None, 'copyright_holder': None}, {'id': 132189759, 'sort_order': 3, 'user_id': 9040994, 'x_offset': -5, 'y_offset': -35, 'square_url': 'https://images4-f.ravelrycache.com/uploads/NitinComoquiero/1011652968/5r_square.jpg', 'medium_url': 'https://images4-g.ravelrycache.com/uploads/NitinComoquiero/1011652968/5r_medium.jpg', 'thumbnail_url': 'https://images4-g.ravelrycache.com/uploads/NitinComoquiero/1011652968/5r_thumbnail.jpg', 'small_url': 'https://images4-f.ravelrycache.com/uploads/NitinComoquiero/1011652968/5r_small.jpg', 'flickr_url': None, 'shelved_url': 'https://images4-g.ravelrycache.com/uploads/NitinComoquiero/1011652968/5r_shelved.jpg', 'medium2_url': 'https://images4-a.ravelrycache.com/uploads/NitinComoquiero/1011652968/5r_medium2.jpg', 'small2_url': 'https://images4-f.ravelrycache.com/uploads/NitinComoquiero/1011652968/5r_small2.jpg', 'caption': None, 'caption_html': None, 'copyright_holder': None}, {'id': 115358831, 'sort_order': 4, 'user_id': 9040994, 'x_offset': -5, 'y_offset': -35, 'square_url': 'https://images4-f.ravelrycache.com/uploads/NitinComoquiero/875652347/3b_square.jpg', 'medium_url': 'https://images4-g.ravelrycache.com/uploads/NitinComoquiero/875652347/3b_medium.jpg', 'thumbnail_url': 'https://images4-f.ravelrycache.com/uploads/NitinComoquiero/875652347/3b_thumbnail.jpg', 'small_url': 'https://images4-g.ravelrycache.com/uploads/NitinComoquiero/875652347/3b_small.jpg', 'flickr_url': None, 'shelved_url': 'https://images4-g.ravelrycache.com/uploads/NitinComoquiero/875652347/3b_shelved.jpg', 'medium2_url': 'https://images4-a.ravelrycache.com/uploads/NitinComoquiero/875652347/3b_medium2.jpg', 'small2_url': 'https://images4-f.ravelrycache.com/uploads/NitinComoquiero/875652347/3b_small2.jpg', 'caption': None, 'caption_html': None, 'copyright_holder': None}, {'id': 115358832, 'sort_order': 5, 'user_id': 9040994, 'x_offset': -5, 'y_offset': -35, 'square_url': 'https://images4-f.ravelrycache.com/uploads/NitinComoquiero/875652346/6b_square.jpg', 'medium_url': 'https://images4-g.ravelrycache.com/uploads/NitinComoquiero/875652346/6b_medium.jpg', 'thumbnail_url': 'https://images4-f.ravelrycache.com/uploads/NitinComoquiero/875652346/6b_thumbnail.jpg', 'small_url': 'https://images4-f.ravelrycache.com/uploads/NitinComoquiero/875652346/6b_small.jpg', 'flickr_url': None, 'shelved_url': 'https://images4-g.ravelrycache.com/uploads/NitinComoquiero/875652346/6b_shelved.jpg', 'medium2_url': 'https://images4-a.ravelrycache.com/uploads/NitinComoquiero/875652346/6b_medium2.jpg', 'small2_url': 'https://images4-f.ravelrycache.com/uploads/NitinComoquiero/875652346/6b_small2.jpg', 'caption': None, 'caption_html': None, 'copyright_holder': None}, {'id': 115358833, 'sort_order': 6, 'user_id': 9040994, 'x_offset': 0, 'y_offset': -16, 'square_url': 'https://images4-f.ravelrycache.com/uploads/NitinComoquiero/875652348/10b_square.jpg', 'medium_url': 'https://images4-g.ravelrycache.com/uploads/NitinComoquiero/875652348/10b_medium.jpg', 'thumbnail_url': 'https://images4-g.ravelrycache.com/uploads/NitinComoquiero/875652348/10b_thumbnail.jpg', 'small_url': 'https://images4-g.ravelrycache.com/uploads/NitinComoquiero/875652348/10b_small_best_fit.jpg', 'flickr_url': None, 'shelved_url': 'https://images4-f.ravelrycache.com/uploads/NitinComoquiero/875652348/10b_shelved.jpg', 'medium2_url': 'https://images4-a.ravelrycache.com/uploads/NitinComoquiero/875652348/10b_medium2.jpg', 'small2_url': 'https://images4-f.ravelrycache.com/uploads/NitinComoquiero/875652348/10b_small2.jpg', 'caption': None, 'caption_html': None, 'copyright_holder': None}, {'id': 131088734, 'sort_order': 7, 'user_id': 9040994, 'x_offset': -6, 'y_offset': -35, 'square_url': 'https://images4-f.ravelrycache.com/uploads/NitinComoquiero/1002759267/2b_square.jpg', 'medium_url': 'https://images4-g.ravelrycache.com/uploads/NitinComoquiero/1002759267/2b_medium.jpg', 'thumbnail_url': 'https://images4-f.ravelrycache.com/uploads/NitinComoquiero/1002759267/2b_thumbnail.jpg', 'small_url': 'https://images4-g.ravelrycache.com/uploads/NitinComoquiero/1002759267/2b_small.jpg', 'flickr_url': None, 'shelved_url': 'https://images4-g.ravelrycache.com/uploads/NitinComoquiero/1002759267/2b_shelved.jpg', 'medium2_url': 'https://images4-a.ravelrycache.com/uploads/NitinComoquiero/1002759267/2b_medium2.jpg', 'small2_url': 'https://images4-f.ravelrycache.com/uploads/NitinComoquiero/1002759267/2b_small2.jpg', 'caption': None, 'caption_html': None, 'copyright_holder': None}]"
Lamarr,Courtney Kelley,1270832,https://www.ravelry.com/patterns/library/lamarr-2,False,https://images4-a.ravelrycache.com/uploads/ManosYarnsUSA/875385176/Lamarr_8_medium2.jpg,Knitting,"['seamed', 'sideways', 'positive-ease', 'worked-flat', 'ribbed', 'crew-neck', 'long-sleeve', 'written-pattern', 'in-the-round', 'schematic', 'teen', 'adult']",12.5,0.0,True,4.0,Stockinette Stitch,pullover,Bulky,11,0.0,"Finished Lower Body Circumference: 42 (47, 53, 59, 65)"" (106.5,  [119.5, 134.5,  150, 165] cm) Length: 15.5, (16.75, 17.75, 17.75, 18)"" (39.5 [42.5, 45, 45, 45.5] cm)","[{'id': 115361633, 'sort_order': 1, 'user_id': 857330, 'x_offset': 0, 'y_offset': -43, 'square_url': 'https://images4-g.ravelrycache.com/uploads/ManosYarnsUSA/875385176/Lamarr_8_square.jpg', 'medium_url': 'https://images4-f.ravelrycache.com/uploads/ManosYarnsUSA/875385176/Lamarr_8_medium.jpg', 'thumbnail_url': 'https://images4-g.ravelrycache.com/uploads/ManosYarnsUSA/875385176/Lamarr_8_thumbnail.jpg', 'small_url': 'https://images4-f.ravelrycache.com/uploads/ManosYarnsUSA/875385176/Lamarr_8_small_best_fit.jpg', 'flickr_url': None, 'shelved_url': 'https://images4-f.ravelrycache.com/uploads/ManosYarnsUSA/875385176/Lamarr_8_shelved.jpg', 'medium2_url': 'https://images4-a.ravelrycache.com/uploads/ManosYarnsUSA/875385176/Lamarr_8_medium2.jpg', 'small2_url': 'https://images4-g.ravelrycache.com/uploads/ManosYarnsUSA/875385176/Lamarr_8_small2.jpg', 'caption': None, 'caption_html': None, 'copyright_holder': 'Fairmount Fibers, Ltd.'}, {'id': 115361634, 'sort_order': 2, 'user_id': 857330, 'x_offset': 0, 'y_offset': -43, 'square_url': 'https://images4-f.ravelrycache.com/uploads/ManosYarnsUSA/875385262/Lamarr_10_square.jpg', 'medium_url': 'https://images4-g.ravelrycache.com/uploads/ManosYarnsUSA/875385262/Lamarr_10_medium.jpg', 'thumbnail_url': 'https://images4-g.ravelrycache.com/uploads/ManosYarnsUSA/875385262/Lamarr_10_thumbnail.jpg', 'small_url': 'https://images4-f.ravelrycache.com/uploads/ManosYarnsUSA/875385262/Lamarr_10_small_best_fit.jpg', 'flickr_url': None, 'shelved_url': 'https://images4-f.ravelrycache.com/uploads/ManosYarnsUSA/875385262/Lamarr_10_shelved.jpg', 'medium2_url': 'https://images4-a.ravelrycache.com/uploads/ManosYarnsUSA/875385262/Lamarr_10_medium2.jpg', 'small2_url': 'https://images4-f.ravelrycache.com/uploads/ManosYarnsUSA/875385262/Lamarr_10_small2.jpg', 'caption': None, 'caption_html': None, 'copyright_holder': 'Fairmount Fibers, Ltd.'}, {'id': 115361635, 'sort_order': 3, 'user_id': 857330, 'x_offset': 0, 'y_offset': -43, 'square_url': 'https://images4-f.ravelrycache.com/uploads/ManosYarnsUSA/875385185/Lamarr_4_square.jpg', 'medium_url': 'https://images4-g.ravelrycache.com/uploads/ManosYarnsUSA/875385185/Lamarr_4_medium.jpg', 'thumbnail_url': 'https://images4-g.ravelrycache.com/uploads/ManosYarnsUSA/875385185/Lamarr_4_thumbnail.jpg', 'small_url': 'https://images4-g.ravelrycache.com/uploads/ManosYarnsUSA/875385185/Lamarr_4_small_best_fit.jpg', 'flickr_url': None, 'shelved_url': 'https://images4-f.ravelrycache.com/uploads/ManosYarnsUSA/875385185/Lamarr_4_shelved.jpg', 'medium2_url': 'https://images4-a.ravelrycache.com/uploads/ManosYarnsUSA/875385185/Lamarr_4_medium2.jpg', 'small2_url': 'https://images4-f.ravelrycache.com/uploads/ManosYarnsUSA/875385185/Lamarr_4_small2.jpg', 'caption': None, 'caption_html': None, 'copyright_holder': 'Fairmount Fibers, Ltd.'}, {'id': 115361636, 'sort_order': 4, 'user_id': 857330, 'x_offset': 0, 'y_offset': 0, 'square_url': 'https://images4-f.ravelrycache.com/uploads/ManosYarnsUSA/875590734/Lamarr_2_sq_square.jpg', 'medium_url': 'https://images4-g.ravelrycache.com/uploads/ManosYarnsUSA/875590734/Lamarr_2_sq_medium.jpg', 'thumbnail_url': 'https://images4-f.ravelrycache.com/uploads/ManosYarnsUSA/875590734/Lamarr_2_sq_thumbnail.jpg', 'small_url': 'https://images4-g.ravelrycache.com/uploads/ManosYarnsUSA/875590734/Lamarr_2_sq_small_best_fit.jpg', 'flickr_url': None, 'shelved_url': 'https://images4-f.ravelrycache.com/uploads/ManosYarnsUSA/875590734/Lamarr_2_sq_shelved.jpg', 'medium2_url': 'https://images4-a.ravelrycache.com/uploads/ManosYarnsUSA/875590734/Lamarr_2_sq_medium2.jpg', 'small2_url': 'https://images4-f.ravelrycache.com/uploads/ManosYarnsUSA/875590734/Lamarr_2_sq_small2.jpg', 'caption': None, 'caption_html': None, 'copyright_holder': 'Fairmount Fibers, Ltd.'}, {'id': 115361637, 'sort_order': 5, 'user_id': 857330, 'x_offset': 0, 'y_offset': 0, 'square_url': 'https://images4-g.ravelrycache.com/uploads/ManosYarnsUSA/875590735/Lamarr_16_sq_square.jpg', 'medium_url': 'https://images4-f.ravelrycache.com/uploads/ManosYarnsUSA/875590735/Lamarr_16_sq_medium.jpg', 'thumbnail_url': 'https://images4-g.ravelrycache.com/uploads/ManosYarnsUSA/875590735/Lamarr_16_sq_thumbnail.jpg', 'small_url': 'https://images4-g.ravelrycache.com/uploads/ManosYarnsUSA/875590735/Lamarr_16_sq_small_best_fit.jpg', 'flickr_url': None, 'shelved_url': 'https://images4-f.ravelrycache.com/uploads/ManosYarnsUSA/875590735/Lamarr_16_sq_shelved.jpg', 'medium2_url': 'https://images4-a.ravelrycache.com/uploads/ManosYarnsUSA/875590735/Lamarr_16_sq_medium2.jpg', 'small2_url': 'https://images4-g.ravelrycache.com/uploads/ManosYarnsUSA/875590735/Lamarr_16_sq_small2.jpg', 'caption': None, 'caption_html': None, 'copyright_holder': 'Fairmount Fibers, Ltd.'}, {'id': 115361638, 'sort_order': 6, 'user_id': 857330, 'x_offset': 0, 'y_offset': 0, 'square_url': 'https://images4-g.ravelrycache.com/uploads/ManosYarnsUSA/875590733/Lamarr_4_sq_square.jpg', 'medium_url': 'https://images4-f.ravelrycache.com/uploads/ManosYarnsUSA/875590733/Lamarr_4_sq_medium.jpg', 'thumbnail_url': 'https://images4-f.ravelrycache.com/uploads/ManosYarnsUSA/875590733/Lamarr_4_sq_thumbnail.jpg', 'small_url': 'https://images4-g.ravelrycache.com/uploads/ManosYarnsUSA/875590733/Lamarr_4_sq_small_best_fit.jpg', 'flickr_url': None, 'shelved_url': 'https://images4-f.ravelrycache.com/uploads/ManosYarnsUSA/875590733/Lamarr_4_sq_shelved.jpg', 'medium2_url': 'https://images4-a.ravelrycache.com/uploads/ManosYarnsUSA/875590733/Lamarr_4_sq_medium2.jpg', 'small2_url': 'https://images4-g.ravelrycache.com/uploads/ManosYarnsUSA/875590733/Lamarr_4_sq_small2.jpg', 'caption': None, 'caption_html': None, 'copyright_holder': 'Fairmount Fibers, Ltd.'}, {'id': 115361639, 'sort_order': 7, 'user_id': 857330, 'x_offset': 0, 'y_offset': 0, 'square_url': 'https://images4-f.ravelrycache.com/uploads/ManosYarnsUSA/875590736/Lamarr_10_sq_square.jpg', 'medium_url': 'https://images4-g.ravelrycache.com/uploads/ManosYarnsUSA/875590736/Lamarr_10_sq_medium.jpg', 'thumbnail_url': 'https://images4-f.ravelrycache.com/uploads/ManosYarnsUSA/875590736/Lamarr_10_sq_thumbnail.jpg', 'small_url': 'https://images4-g.ravelrycache.com/uploads/ManosYarnsUSA/875590736/Lamarr_10_sq_small_best_fit.jpg', 'flickr_url': None, 'shelved_url': 'https://images4-f.ravelrycache.com/uploads/ManosYarnsUSA/875590736/Lamarr_10_sq_shelved.jpg', 'medium2_url': 'https://images4-a.ravelrycache.com/uploads/ManosYarnsUSA/875590736/Lamarr_10_sq_medium2.jpg', 'small2_url': 'https://images4-f.ravelrycache.com/uploads/ManosYarnsUSA/875590736/Lamarr_10_sq_small2.jpg', 'caption': None, 'caption_html': None, 'copyright_holder': None}]"
Mona sweater,Irene Lin,1271022,https://www.ravelry.com/patterns/library/mona-sweater-4,False,https://images4-a.ravelrycache.com/uploads/irenelin1125/869888563/0AF18277-0C5F-40A3-A6D0-E92974968199_medium2.jpeg,Knitting,"['adult', 'eyelets', 'ribbed', 'icord', 'selvedge', 'seamless', 'top-down', 'positive-ease', 'written-pattern', 'video-tutorial', 'worked-flat', 'in-the-round']",25.0,2.6,True,4.0,,pullover,Fingering,23,5.0,"1 ( 2, 3, 4 )( 5, 6, 7 )( 8, 9 )","[{'id': 115373597, 'sort_order': 1, 'user_id': 4182840, 'x_offset': -1, 'y_offset': 0, 'square_url': 'https://images4-f.ravelrycache.com/uploads/irenelin1125/869888563/0AF18277-0C5F-40A3-A6D0-E92974968199_square.jpeg', 'medium_url': 'https://images4-f.ravelrycache.com/uploads/irenelin1125/869888563/0AF18277-0C5F-40A3-A6D0-E92974968199_medium.jpeg', 'thumbnail_url': 'https://images4-f.ravelrycache.com/uploads/irenelin1125/869888563/0AF18277-0C5F-40A3-A6D0-E92974968199_thumbnail.jpeg', 'small_url': 'https://images4-g.ravelrycache.com/uploads/irenelin1125/869888563/0AF18277-0C5F-40A3-A6D0-E92974968199_small_best_fit.jpeg', 'flickr_url': None, 'shelved_url': 'https://images4-g.ravelrycache.com/uploads/irenelin1125/869888563/0AF18277-0C5F-40A3-A6D0-E92974968199_shelved.jpeg', 'medium2_url': 'https://images4-a.ravelrycache.com/uploads/irenelin1125/869888563/0AF18277-0C5F-40A3-A6D0-E92974968199_medium2.jpeg', 'small2_url': 'https://images4-g.ravelrycache.com/uploads/irenelin1125/869888563/0AF18277-0C5F-40A3-A6D0-E92974968199_small2.jpeg', 'caption': None, 'caption_html': None, 'copyright_holder': None}, {'id': 115373596, 'sort_order': 2, 'user_id': 4182840, 'x_offset': -11, 'y_offset': -1, 'square_url': 'https://images4-f.ravelrycache.com/uploads/irenelin1125/875734803/9A32572B-7461-42D8-90E7-DA1A6E365F4A_square.jpeg', 'medium_url': 'https://images4-f.ravelrycache.com/uploads/irenelin1125/875734803/9A32572B-7461-42D8-90E7-DA1A6E365F4A_medium.jpeg', 'thumbnail_url': 'https://images4-f.ravelrycache.com/uploads/irenelin1125/875734803/9A32572B-7461-42D8-90E7-DA1A6E365F4A_thumbnail.jpeg', 'small_url': 'https://images4-g.ravelrycache.com/uploads/irenelin1125/875734803/9A32572B-7461-42D8-90E7-DA1A6E365F4A_small.jpeg', 'flickr_url': None, 'shelved_url': 'https://images4-g.ravelrycache.com/uploads/irenelin1125/875734803/9A32572B-7461-42D8-90E7-DA1A6E365F4A_shelved.jpeg', 'medium2_url': 'https://images4-a.ravelrycache.com/uploads/irenelin1125/875734803/9A32572B-7461-42D8-90E7-DA1A6E365F4A_medium2.jpeg', 'small2_url': 'https://images4-g.ravelrycache.com/uploads/irenelin1125/875734803/9A32572B-7461-42D8-90E7-DA1A6E365F4A_small2.jpeg', 'caption': None, 'caption_html': None, 'copyright_holder': None}, {'id': 115373599, 'sort_order': 3, 'user_id': 4182840, 'x_offset': 0, 'y_offset': 0, 'square_url': 'https://images4-g.ravelrycache.com/uploads/irenelin1125/869888561/49628F84-1B0B-435D-BA65-66BFBA421F78_square.jpeg', 'medium_url': 'https://images4-g.ravelrycache.com/uploads/irenelin1125/869888561/49628F84-1B0B-435D-BA65-66BFBA421F78_medium.jpeg', 'thumbnail_url': 'https://images4-g.ravelrycache.com/uploads/irenelin1125/869888561/49628F84-1B0B-435D-BA65-66BFBA421F78_thumbnail.jpeg', 'small_url': 'https://images4-f.ravelrycache.com/uploads/irenelin1125/869888561/49628F84-1B0B-435D-BA65-66BFBA421F78_small_best_fit.jpeg', 'flickr_url': None, 'shelved_url': 'https://images4-f.ravelrycache.com/uploads/irenelin1125/869888561/49628F84-1B0B-435D-BA65-66BFBA421F78_shelved.jpeg', 'medium2_url': 'https://images4-a.ravelrycache.com/uploads/irenelin1125/869888561/49628F84-1B0B-435D-BA65-66BFBA421F78_medium2.jpeg', 'small2_url': 'https://images4-f.ravelrycache.com/uploads/irenelin1125/869888561/49628F84-1B0B-435D-BA65-66BFBA421F78_small2.jpeg', 'caption': None, 'caption_html': None, 'copyright_holder': None}, {'id': 115373598, 'sort_order': 4, 'user_id': 4182840, 'x_offset': -1, 'y_offset': 0, 'square_url': 'https://images4-g.ravelrycache.com/uploads/irenelin1125/869888559/D51AD92B-AB56-43D5-A067-BD3D933D2093_square.jpeg', 'medium_url': 'https://images4-g.ravelrycache.com/uploads/irenelin1125/869888559/D51AD92B-AB56-43D5-A067-BD3D933D2093_medium.jpeg', 'thumbnail_url': 'https://images4-g.ravelrycache.com/uploads/irenelin1125/869888559/D51AD92B-AB56-43D5-A067-BD3D933D2093_thumbnail.jpeg', 'small_url': 'https://images4-g.ravelrycache.com/uploads/irenelin1125/869888559/D51AD92B-AB56-43D5-A067-BD3D933D2093_small_best_fit.jpeg', 'flickr_url': None, 'shelved_url': 'https://images4-g.ravelrycache.com/uploads/irenelin1125/869888559/D51AD92B-AB56-43D5-A067-BD3D933D2093_shelved.jpeg', 'medium2_url': 'https://images4-a.ravelrycache.com/uploads/irenelin1125/869888559/D51AD92B-AB56-43D5-A067-BD3D933D2093_medium2.jpeg', 'small2_url': 'https://images4-f.ravelrycache.com/uploads/irenelin1125/869888559/D51AD92B-AB56-43D5-A067-BD3D933D2093_small2.jpeg', 'caption': None, 'caption_html': None, 'copyright_holder': None}, {'id': 115373602, 'sort_order': 5, 'user_id': 4182840, 'x_offset': 0, 'y_offset': 0, 'square_url': 'https://images4-g.ravelrycache.com/uploads/irenelin1125/869888564/B11BC911-83C1-413A-AD4A-DEA6BC43FB9A_square.jpeg', 'medium_url': 'https://images4-g.ravelrycache.com/uploads/irenelin1125/869888564/B11BC911-83C1-413A-AD4A-DEA6BC43FB9A_medium.jpeg', 'thumbnail_url': 'https://images4-g.ravelrycache.com/uploads/irenelin1125/869888564/B11BC911-83C1-413A-AD4A-DEA6BC43FB9A_thumbnail.jpeg', 'small_url': 'https://images4-g.ravelrycache.com/uploads/irenelin1125/869888564/B11BC911-83C1-413A-AD4A-DEA6BC43FB9A_small_best_fit.jpeg', 'flickr_url': None, 'shelved_url': 'https://images4-g.ravelrycache.com/uploads/irenelin1125/869888564/B11BC911-83C1-413A-AD4A-DEA6BC43FB9A_shelved.jpeg', 'medium2_url': 'https://images4-a.ravelrycache.com/uploads/irenelin1125/869888564/B11BC911-83C1-413A-AD4A-DEA6BC43FB9A_medium2.jpeg', 'small2_url': 'https://images4-f.ravelrycache.com/uploads/irenelin1125/869888564/B11BC911-83C1-413A-AD4A-DEA6BC43FB9A_small2.jpeg', 'caption': None, 'caption_html': None, 'copyright_holder': None}, {'id': 115373594, 'sort_order': 6, 'user_id': 4182840, 'x_offset': -2, 'y_offset': -1, 'square_url': 'https://images4-g.ravelrycache.com/uploads/irenelin1125/875768297/47660956-2A4D-4CBD-B64E-19AE5B3E2702_square.jpeg', 'medium_url': 'https://images4-g.ravelrycache.com/uploads/irenelin1125/875768297/47660956-2A4D-4CBD-B64E-19AE5B3E2702_medium.jpeg', 'thumbnail_url': 'https://images4-g.ravelrycache.com/uploads/irenelin1125/875768297/47660956-2A4D-4CBD-B64E-19AE5B3E2702_thumbnail.jpeg', 'small_url': 'https://images4-g.ravelrycache.com/uploads/irenelin1125/875768297/47660956-2A4D-4CBD-B64E-19AE5B3E2702_small_best_fit.jpeg', 'flickr_url': None, 'shelved_url': 'https://images4-g.ravelrycache.com/uploads/irenelin1125/875768297/47660956-2A4D-4CBD-B64E-19AE5B3E2702_shelved.jpeg', 'medium2_url': 'https://images4-a.ravelrycache.com/uploads/irenelin1125/875768297/47660956-2A4D-4CBD-B64E-19AE5B3E2702_medium2.jpeg', 'small2_url': 'https://images4-f.ravelrycache.com/uploads/irenelin1125/875768297/47660956-2A4D-4CBD-B64E-19AE5B3E2702_small2.jpeg', 'caption': None, 'caption_html': None, 'copyright_holder': None}, {'id': 115373595, 'sort_order': 7, 'user_id': 4182840, 'x_offset': -3, 'y_offset': -2, 'square_url': 'https://images4-g.ravelrycache.com/uploads/irenelin1125/875768298/31419956-8ABF-4C08-A7BC-6F9876BE01C4_square.jpeg', 'medium_url': 'https://images4-g.ravelrycache.com/uploads/irenelin1125/875768298/31419956-8ABF-4C08-A7BC-6F9876BE01C4_medium.jpeg', 'thumbnail_url': 'https://images4-g.ravelrycache.com/uploads/irenelin1125/875768298/31419956-8ABF-4C08-A7BC-6F9876BE01C4_thumbnail.jpeg', 'small_url': 'https://images4-f.ravelrycache.com/uploads/irenelin1125/875768298/31419956-8ABF-4C08-A7BC-6F9876BE01C4_small.jpeg', 'flickr_url': None, 'shelved_url': 'https://images4-g.ravelrycache.com/uploads/irenelin1125/875768298/31419956-8ABF-4C08-A7BC-6F9876BE01C4_shelved.jpeg', 'medium2_url': 'https://images4-a.ravelrycache.com/uploads/irenelin1125/875768298/31419956-8ABF-4C08-A7BC-6F9876BE01C4_medium2.jpeg', 'small2_url': 'https://images4-f.ravelrycache.com/uploads/irenelin1125/875768298/31419956-8ABF-4C08-A7BC-6F9876BE01C4_small2.jpeg', 'caption': None, 'caption_html': None, 'copyright_holder': None}, {'id': 115373600, 'sort_order': 8, 'user_id': 4182840, 'x_offset': -2, 'y_offset': -1, 'square_url': 'https://images4-g.ravelrycache.com/uploads/irenelin1125/869888562/9E2E7D1B-521D-449D-B369-5F2EA91E9AFF_square.jpeg', 'medium_url': 'https://images4-g.ravelrycache.com/uploads/irenelin1125/869888562/9E2E7D1B-521D-449D-B369-5F2EA91E9AFF_medium.jpeg', 'thumbnail_url': 'https://images4-g.ravelrycache.com/uploads/irenelin1125/869888562/9E2E7D1B-521D-449D-B369-5F2EA91E9AFF_thumbnail.jpeg', 'small_url': 'https://images4-g.ravelrycache.com/uploads/irenelin1125/869888562/9E2E7D1B-521D-449D-B369-5F2EA91E9AFF_small_best_fit.jpeg', 'flickr_url': None, 'shelved_url': 'https://images4-f.ravelrycache.com/uploads/irenelin1125/869888562/9E2E7D1B-521D-449D-B369-5F2EA91E9AFF_shelved.jpeg', 'medium2_url': 'https://images4-a.ravelrycache.com/uploads/irenelin1125/869888562/9E2E7D1B-521D-449D-B369-5F2EA91E9AFF_medium2.jpeg', 'small2_url': 'https://images4-f.ravelrycache.com/uploads/irenelin1125/869888562/9E2E7D1B-521D-449D-B369-5F2EA91E9AFF_small2.jpeg', 'caption': None, 'caption_html': None, 'copyright_holder': None}, {'id': 115373601, 'sort_order': 9, 'user_id': 4182840, 'x_offset': -1, 'y_offset': -1, 'square_url': 'https://images4-g.ravelrycache.com/uploads/irenelin1125/869888565/3253079F-B04D-4DEC-B14D-EAFAF351EC28_square.jpeg', 'medium_url': 'https://images4-g.ravelrycache.com/uploads/irenelin1125/869888565/3253079F-B04D-4DEC-B14D-EAFAF351EC28_medium.jpeg', 'thumbnail_url': 'https://images4-g.ravelrycache.com/uploads/irenelin1125/869888565/3253079F-B04D-4DEC-B14D-EAFAF351EC28_thumbnail.jpeg', 'small_url': 'https://images4-g.ravelrycache.com/uploads/irenelin1125/869888565/3253079F-B04D-4DEC-B14D-EAFAF351EC28_small_best_fit.jpeg', 'flickr_url': None, 'shelved_url': 'https://images4-f.ravelrycache.com/uploads/irenelin1125/869888565/3253079F-B04D-4DEC-B14D-EAFAF351EC28_shelved.jpeg', 'medium2_url': 'https://images4-a.ravelrycache.com/uploads/irenelin1125/869888565/3253079F-B04D-4DEC-B14D-EAFAF351EC28_medium2.jpeg', 'small2_url': 'https://images4-f.ravelrycache.com/uploads/irenelin1125/869888565/3253079F-B04D-4DEC-B14D-EAFAF351EC28_small2.jpeg', 'caption': None, 'caption_html': None, 'copyright_holder': None}, {'id': 115373603, 'sort_order': 10, 'user_id': 4182840, 'x_offset': -1, 'y_offset': 0, 'square_url': 'https://images4-f.ravelrycache.com/uploads/irenelin1125/869888560/E8A85098-9430-48AC-8181-60B4A744366D_square.jpeg', 'medium_url': 'https://images4-f.ravelrycache.com/uploads/irenelin1125/869888560/E8A85098-9430-48AC-8181-60B4A744366D_medium.jpeg', 'thumbnail_url': 'https://images4-g.ravelrycache.com/uploads/irenelin1125/869888560/E8A85098-9430-48AC-8181-60B4A744366D_thumbnail.jpeg', 'small_url': 'https://images4-f.ravelrycache.com/uploads/irenelin1125/869888560/E8A85098-9430-48AC-8181-60B4A744366D_small_best_fit.jpeg', 'flickr_url': None, 'shelved_url': 'https://images4-g.ravelrycache.com/uploads/irenelin1125/869888560/E8A85098-9430-48AC-8181-60B4A744366D_shelved.jpeg', 'medium2_url': 'https://images4-a.ravelrycache.com/uploads/irenelin1125/869888560/E8A85098-9430-48AC-8181-60B4A744366D_medium2.jpeg', 'small2_url': 'https://images4-g.ravelrycache.com/uploads/irenelin1125/869888560/E8A85098-9430-48AC-8181-60B4A744366D_small2.jpeg', 'caption': None, 'caption_html': None, 'copyright_holder': None}]"
Purls of Wisdom Sweater (DK),The Fibre Co.,1271038,https://www.ravelry.com/patterns/library/purls-of-wisdom-sweater-dk,False,https://images4-a.ravelrycache.com/uploads/TheFibreCoTeam/874758376/Purls-of-Wisdom-Sweater-The-Fibre-Co-_Make-DK-Wink-Lead-8150-sq_medium2.jpg,Knitting,"['unisex', 'teen', 'adult', 'petite', 'plus', 'textured', 'circular-yoke', 'crew-neck', 'long-sleeve', 'aline', 'one-piece', 'seamless', 'top-down', 'positive-ease', 'written-pattern', 'video-tutorial', 'cuffed-sleeve', 'in-the-round', 'stripes-colorwork', 'schematic', 'male', 'female']",24.0,0.0,True,4.0,Stockinette Stitch ,pullover,DK,9,0.0,"1 (2, 3, 4, 5) (6, 7, 8, 9) ","[{'id': 115373846, 'sort_order': 1, 'user_id': 28239, 'x_offset': 0, 'y_offset': 0, 'square_url': 'https://images4-f.ravelrycache.com/uploads/TheFibreCoTeam/874758376/Purls-of-Wisdom-Sweater-The-Fibre-Co-_Make-DK-Wink-Lead-8150-sq_square.jpg', 'medium_url': 'https://images4-g.ravelrycache.com/uploads/TheFibreCoTeam/874758376/Purls-of-Wisdom-Sweater-The-Fibre-Co-_Make-DK-Wink-Lead-8150-sq_medium.jpg', 'thumbnail_url': 'https://images4-g.ravelrycache.com/uploads/TheFibreCoTeam/874758376/Purls-of-Wisdom-Sweater-The-Fibre-Co-_Make-DK-Wink-Lead-8150-sq_thumbnail.jpg', 'small_url': 'https://images4-g.ravelrycache.com/uploads/TheFibreCoTeam/874758376/Purls-of-Wisdom-Sweater-The-Fibre-Co-_Make-DK-Wink-Lead-8150-sq_small_best_fit.jpg', 'flickr_url': None, 'shelved_url': 'https://images4-g.ravelrycache.com/uploads/TheFibreCoTeam/874758376/Purls-of-Wisdom-Sweater-The-Fibre-Co-_Make-DK-Wink-Lead-8150-sq_shelved.jpg', 'medium2_url': 'https://images4-a.ravelrycache.com/uploads/TheFibreCoTeam/874758376/Purls-of-Wisdom-Sweater-The-Fibre-Co-_Make-DK-Wink-Lead-8150-sq_medium2.jpg', 'small2_url': 'https://images4-f.ravelrycache.com/uploads/TheFibreCoTeam/874758376/Purls-of-Wisdom-Sweater-The-Fibre-Co-_Make-DK-Wink-Lead-8150-sq_small2.jpg', 'caption': None, 'caption_html': None, 'copyright_holder': 'The Fibre Co.'}, {'id': 115373847, 'sort_order': 2, 'user_id': 28239, 'x_offset': 0, 'y_offset': 0, 'square_url': 'https://images4-g.ravelrycache.com/uploads/TheFibreCoTeam/874758375/Purls-of-Wisdom-Sweater-The-Fibre-Co-_Make-DK-Wink-Front-8144-sq_square.jpg', 'medium_url': 'https://images4-f.ravelrycache.com/uploads/TheFibreCoTeam/874758375/Purls-of-Wisdom-Sweater-The-Fibre-Co-_Make-DK-Wink-Front-8144-sq_medium.jpg', 'thumbnail_url': 'https://images4-g.ravelrycache.com/uploads/TheFibreCoTeam/874758375/Purls-of-Wisdom-Sweater-The-Fibre-Co-_Make-DK-Wink-Front-8144-sq_thumbnail.jpg', 'small_url': 'https://images4-f.ravelrycache.com/uploads/TheFibreCoTeam/874758375/Purls-of-Wisdom-Sweater-The-Fibre-Co-_Make-DK-Wink-Front-8144-sq_small_best_fit.jpg', 'flickr_url': None, 'shelved_url': 'https://images4-g.ravelrycache.com/uploads/TheFibreCoTeam/874758375/Purls-of-Wisdom-Sweater-The-Fibre-Co-_Make-DK-Wink-Front-8144-sq_shelved.jpg', 'medium2_url': 'https://images4-a.ravelrycache.com/uploads/TheFibreCoTeam/874758375/Purls-of-Wisdom-Sweater-The-Fibre-Co-_Make-DK-Wink-Front-8144-sq_medium2.jpg', 'small2_url': 'https://images4-g.ravelrycache.com/uploads/TheFibreCoTeam/874758375/Purls-of-Wisdom-Sweater-The-Fibre-Co-_Make-DK-Wink-Front-8144-sq_small2.jpg', 'caption': None, 'caption_html': None, 'copyright_holder': 'The Fibre Co.'}, {'id': 115373848, 'sort_order': 3, 'user_id': 28239, 'x_offset': 0, 'y_offset': 0, 'square_url': 'https://images4-g.ravelrycache.com/uploads/TheFibreCoTeam/874758377/Purls-of-Wisdom-Sweater-The-Fibre-Co-_Make-DK-Wink-Back-8167-sq_square.jpg', 'medium_url': 'https://images4-f.ravelrycache.com/uploads/TheFibreCoTeam/874758377/Purls-of-Wisdom-Sweater-The-Fibre-Co-_Make-DK-Wink-Back-8167-sq_medium.jpg', 'thumbnail_url': 'https://images4-f.ravelrycache.com/uploads/TheFibreCoTeam/874758377/Purls-of-Wisdom-Sweater-The-Fibre-Co-_Make-DK-Wink-Back-8167-sq_thumbnail.jpg', 'small_url': 'https://images4-g.ravelrycache.com/uploads/TheFibreCoTeam/874758377/Purls-of-Wisdom-Sweater-The-Fibre-Co-_Make-DK-Wink-Back-8167-sq_small_best_fit.jpg', 'flickr_url': None, 'shelved_url': 'https://images4-g.ravelrycache.com/uploads/TheFibreCoTeam/874758377/Purls-of-Wisdom-Sweater-The-Fibre-Co-_Make-DK-Wink-Back-8167-sq_shelved.jpg', 'medium2_url': 'https://images4-a.ravelrycache.com/uploads/TheFibreCoTeam/874758377/Purls-of-Wisdom-Sweater-The-Fibre-Co-_Make-DK-Wink-Back-8167-sq_medium2.jpg', 'small2_url': 'https://images4-g.ravelrycache.com/uploads/TheFibreCoTeam/874758377/Purls-of-Wisdom-Sweater-The-Fibre-Co-_Make-DK-Wink-Back-8167-sq_small2.jpg', 'caption': None, 'caption_html': None, 'copyright_holder': 'The Fibre Co.'}, {'id': 115373849, 'sort_order': 4, 'user_id': 28239, 'x_offset': 0, 'y_offset': 0, 'square_url': 'https://images4-f.ravelrycache.com/uploads/TheFibreCoTeam/874758379/Purls-of-Wisdom-Sweater-The-Fibre-Co-_Make-DK-Mille-Pink-Gosling-Lead-8314-sq_square.jpg', 'medium_url': 'https://images4-g.ravelrycache.com/uploads/TheFibreCoTeam/874758379/Purls-of-Wisdom-Sweater-The-Fibre-Co-_Make-DK-Mille-Pink-Gosling-Lead-8314-sq_medium.jpg', 'thumbnail_url': 'https://images4-f.ravelrycache.com/uploads/TheFibreCoTeam/874758379/Purls-of-Wisdom-Sweater-The-Fibre-Co-_Make-DK-Mille-Pink-Gosling-Lead-8314-sq_thumbnail.jpg', 'small_url': 'https://images4-g.ravelrycache.com/uploads/TheFibreCoTeam/874758379/Purls-of-Wisdom-Sweater-The-Fibre-Co-_Make-DK-Mille-Pink-Gosling-Lead-8314-sq_small_best_fit.jpg', 'flickr_url': None, 'shelved_url': 'https://images4-g.ravelrycache.com/uploads/TheFibreCoTeam/874758379/Purls-of-Wisdom-Sweater-The-Fibre-Co-_Make-DK-Mille-Pink-Gosling-Lead-8314-sq_shelved.jpg', 'medium2_url': 'https://images4-a.ravelrycache.com/uploads/TheFibreCoTeam/874758379/Purls-of-Wisdom-Sweater-The-Fibre-Co-_Make-DK-Mille-Pink-Gosling-Lead-8314-sq_medium2.jpg', 'small2_url': 'https://images4-f.ravelrycache.com/uploads/TheFibreCoTeam/874758379/Purls-of-Wisdom-Sweater-The-Fibre-Co-_Make-DK-Mille-Pink-Gosling-Lead-8314-sq_small2.jpg', 'caption': None, 'caption_html': None, 'copyright_holder': 'The Fibre Co.'}, {'id': 115373850, 'sort_order': 5, 'user_id': 28239, 'x_offset': 0, 'y_offset': 0, 'square_url': 'https://images4-g.ravelrycache.com/uploads/TheFibreCoTeam/874758380/Purls-of-Wisdom-Sweater-The-Fibre-Co-_Make-DK-Mille-Pink-Gosling-Front-8237-sq_square.jpg', 'medium_url': 'https://images4-f.ravelrycache.com/uploads/TheFibreCoTeam/874758380/Purls-of-Wisdom-Sweater-The-Fibre-Co-_Make-DK-Mille-Pink-Gosling-Front-8237-sq_medium.jpg', 'thumbnail_url': 'https://images4-g.ravelrycache.com/uploads/TheFibreCoTeam/874758380/Purls-of-Wisdom-Sweater-The-Fibre-Co-_Make-DK-Mille-Pink-Gosling-Front-8237-sq_thumbnail.jpg', 'small_url': 'https://images4-f.ravelrycache.com/uploads/TheFibreCoTeam/874758380/Purls-of-Wisdom-Sweater-The-Fibre-Co-_Make-DK-Mille-Pink-Gosling-Front-8237-sq_small_best_fit.jpg', 'flickr_url': None, 'shelved_url': 'https://images4-f.ravelrycache.com/uploads/TheFibreCoTeam/874758380/Purls-of-Wisdom-Sweater-The-Fibre-Co-_Make-DK-Mille-Pink-Gosling-Front-8237-sq_shelved.jpg', 'medium2_url': 'https://images4-a.ravelrycache.com/uploads/TheFibreCoTeam/874758380/Purls-of-Wisdom-Sweater-The-Fibre-Co-_Make-DK-Mille-Pink-Gosling-Front-8237-sq_medium2.jpg', 'small2_url': 'https://images4-g.ravelrycache.com/uploads/TheFibreCoTeam/874758380/Purls-of-Wisdom-Sweater-The-Fibre-Co-_Make-DK-Mille-Pink-Gosling-Front-8237-sq_small2.jpg', 'caption': None, 'caption_html': None, 'copyright_holder': 'The Fibre Co.'}, {'id': 115373851, 'sort_order': 6, 'user_id': 28239, 'x_offset': 0, 'y_offset': 0, 'square_url': 'https://images4-f.ravelrycache.com/uploads/TheFibreCoTeam/874758378/Purls-of-Wisdom-Sweater-The-Fibre-Co-_Make-DK-Mille-Pink-Gosling-Back-8271-sq_square.jpg', 'medium_url': 'https://images4-g.ravelrycache.com/uploads/TheFibreCoTeam/874758378/Purls-of-Wisdom-Sweater-The-Fibre-Co-_Make-DK-Mille-Pink-Gosling-Back-8271-sq_medium.jpg', 'thumbnail_url': 'https://images4-g.ravelrycache.com/uploads/TheFibreCoTeam/874758378/Purls-of-Wisdom-Sweater-The-Fibre-Co-_Make-DK-Mille-Pink-Gosling-Back-8271-sq_thumbnail.jpg', 'small_url': 'https://images4-g.ravelrycache.com/uploads/TheFibreCoTeam/874758378/Purls-of-Wisdom-Sweater-The-Fibre-Co-_Make-DK-Mille-Pink-Gosling-Back-8271-sq_small_best_fit.jpg', 'flickr_url': None, 'shelved_url': 'https://images4-f.ravelrycache.com/uploads/TheFibreCoTeam/874758378/Purls-of-Wisdom-Sweater-The-Fibre-Co-_Make-DK-Mille-Pink-Gosling-Back-8271-sq_shelved.jpg', 'medium2_url': 'https://images4-a.ravelrycache.com/uploads/TheFibreCoTeam/874758378/Purls-of-Wisdom-Sweater-The-Fibre-Co-_Make-DK-Mille-Pink-Gosling-Back-8271-sq_medium2.jpg', 'small2_url': 'https://images4-f.ravelrycache.com/uploads/TheFibreCoTeam/874758378/Purls-of-Wisdom-Sweater-The-Fibre-Co-_Make-DK-Mille-Pink-Gosling-Back-8271-sq_small2.jpg', 'caption': None, 'caption_html': None, 'copyright_holder': 'The Fibre Co.'}]"
Shell Shirt,Wool & Beyond,1271065,https://www.ravelry.com/patterns/library/shell-shirt,False,https://images4-a.ravelrycache.com/uploads/woolandbeyond/875782440/IMG_2597_medium2.JPG,Knitting,"['female', 'unisex', 'adult', 'petite', 'plus', 'icord', 'selvedge', 'one-piece', 'seamless', 'short-rows', 'top-down', 'positive-ease', 'worked-flat', 'in-the-round']",18.0,6.2,True,4.0,stockinette,pullover,Sport,16,4.0,"XS (S, M, L, XL) 2XL, 3XL, 4XL","[{'id': 115375503, 'sort_order': 1, 'user_id': 8243911, 'x_offset': -5, 'y_offset': -35, 'square_url': 'https://images4-f.ravelrycache.com/uploads/woolandbeyond/875782440/IMG_2597_square.JPG', 'medium_url': 'https://images4-g.ravelrycache.com/uploads/woolandbeyond/875782440/IMG_2597_medium.JPG', 'thumbnail_url': 'https://images4-f.ravelrycache.com/uploads/woolandbeyond/875782440/IMG_2597_thumbnail.JPG', 'small_url': 'https://images4-f.ravelrycache.com/uploads/woolandbeyond/875782440/IMG_2597_small.JPG', 'flickr_url': None, 'shelved_url': 'https://images4-f.ravelrycache.com/uploads/woolandbeyond/875782440/IMG_2597_shelved.JPG', 'medium2_url': 'https://images4-a.ravelrycache.com/uploads/woolandbeyond/875782440/IMG_2597_medium2.JPG', 'small2_url': 'https://images4-f.ravelrycache.com/uploads/woolandbeyond/875782440/IMG_2597_small2.JPG', 'caption': None, 'caption_html': None, 'copyright_holder': None}, {'id': 115375504, 'sort_order': 2, 'user_id': 8243911, 'x_offset': 1, 'y_offset': -21, 'square_url': 'https://images4-f.ravelrycache.com/uploads/woolandbeyond/875782435/2581D303-2683-4500-8948-0106F0A510F6_square.JPG', 'medium_url': 'https://images4-g.ravelrycache.com/uploads/woolandbeyond/875782435/2581D303-2683-4500-8948-0106F0A510F6_medium.JPG', 'thumbnail_url': 'https://images4-g.ravelrycache.com/uploads/woolandbeyond/875782435/2581D303-2683-4500-8948-0106F0A510F6_thumbnail.JPG', 'small_url': 'https://images4-g.ravelrycache.com/uploads/woolandbeyond/875782435/2581D303-2683-4500-8948-0106F0A510F6_small_best_fit.JPG', 'flickr_url': None, 'shelved_url': 'https://images4-g.ravelrycache.com/uploads/woolandbeyond/875782435/2581D303-2683-4500-8948-0106F0A510F6_shelved.JPG', 'medium2_url': 'https://images4-a.ravelrycache.com/uploads/woolandbeyond/875782435/2581D303-2683-4500-8948-0106F0A510F6_medium2.JPG', 'small2_url': 'https://images4-f.ravelrycache.com/uploads/woolandbeyond/875782435/2581D303-2683-4500-8948-0106F0A510F6_small2.JPG', 'caption': None, 'caption_html': None, 'copyright_holder': None}, {'id': 115375505, 'sort_order': 3, 'user_id': 8243911, 'x_offset': -5, 'y_offset': -35, 'square_url': 'https://images4-f.ravelrycache.com/uploads/woolandbeyond/875782439/IMG_2603_square.JPG', 'medium_url': 'https://images4-g.ravelrycache.com/uploads/woolandbeyond/875782439/IMG_2603_medium.JPG', 'thumbnail_url': 'https://images4-f.ravelrycache.com/uploads/woolandbeyond/875782439/IMG_2603_thumbnail.JPG', 'small_url': 'https://images4-g.ravelrycache.com/uploads/woolandbeyond/875782439/IMG_2603_small.JPG', 'flickr_url': None, 'shelved_url': 'https://images4-g.ravelrycache.com/uploads/woolandbeyond/875782439/IMG_2603_shelved.JPG', 'medium2_url': 'https://images4-a.ravelrycache.com/uploads/woolandbeyond/875782439/IMG_2603_medium2.JPG', 'small2_url': 'https://images4-f.ravelrycache.com/uploads/woolandbeyond/875782439/IMG_2603_small2.JPG', 'caption': None, 'caption_html': None, 'copyright_holder': None}, {'id': 115375506, 'sort_order': 4, 'user_id': 8243911, 'x_offset': -5, 'y_offset': -35, 'square_url': 'https://images4-g.ravelrycache.com/uploads/woolandbeyond/875782438/IMG_2600_square.JPG', 'medium_url': 'https://images4-f.ravelrycache.com/uploads/woolandbeyond/875782438/IMG_2600_medium.JPG', 'thumbnail_url': 'https://images4-g.ravelrycache.com/uploads/woolandbeyond/875782438/IMG_2600_thumbnail.JPG', 'small_url': 'https://images4-g.ravelrycache.com/uploads/woolandbeyond/875782438/IMG_2600_small.JPG', 'flickr_url': None, 'shelved_url': 'https://images4-f.ravelrycache.com/uploads/woolandbeyond/875782438/IMG_2600_shelved.JPG', 'medium2_url': 'https://images4-a.ravelrycache.com/uploads/woolandbeyond/875782438/IMG_2600_medium2.JPG', 'small2_url': 'https://images4-g.ravelrycache.com/uploads/woolandbeyond/875782438/IMG_2600_small2.JPG', 'caption': None, 'caption_html': None, 'copyright_holder': None}, {'id': 115375507, 'sort_order': 5, 'user_id': 8243911, 'x_offset': 0, 'y_offset': -22, 'square_url': 'https://images4-g.ravelrycache.com/uploads/woolandbeyond/875782441/IMG_2605_square.JPG', 'medium_url': 'https://images4-f.ravelrycache.com/uploads/woolandbeyond/875782441/IMG_2605_medium.JPG', 'thumbnail_url': 'https://images4-f.ravelrycache.com/uploads/woolandbeyond/875782441/IMG_2605_thumbnail.JPG', 'small_url': 'https://images4-g.ravelrycache.com/uploads/woolandbeyond/875782441/IMG_2605_small_best_fit.JPG', 'flickr_url': None, 'shelved_url': 'https://images4-g.ravelrycache.com/uploads/woolandbeyond/875782441/IMG_2605_shelved.JPG', 'medium2_url': 'https://images4-a.ravelrycache.com/uploads/woolandbeyond/875782441/IMG_2605_medium2.JPG', 'small2_url': 'https://images4-g.ravelrycache.com/uploads/woolandbeyond/875782441/IMG_2605_small2.JPG', 'caption': None, 'caption_html': None, 'copyright_holder': None}]"
Luv Pullover,Whistle and Wool,1271244,https://www.ravelry.com/patterns/library/luv-pullover,False,https://images4-a.ravelrycache.com/uploads/WhistleandWool/875831301/Luv_Pullover__2__medium2.jpg,Knitting,"['boat-neck', 'collar', 'long-sleeve', 'raglan-sleeve', 'one-piece', 'seamless', 'top-down', 'phototutorial', 'written-pattern', 'in-the-round']",9.5,0.0,True,4.0,Stockinette,pullover,Bulky,11,0.0,,"[{'id': 115381958, 'sort_order': 1, 'user_id': 7564812, 'x_offset': -5, 'y_offset': -35, 'square_url': 'https://images4-f.ravelrycache.com/uploads/WhistleandWool/875831301/Luv_Pullover__2__square.jpg', 'medium_url': 'https://images4-g.ravelrycache.com/uploads/WhistleandWool/875831301/Luv_Pullover__2__medium.jpg', 'thumbnail_url': 'https://images4-g.ravelrycache.com/uploads/WhistleandWool/875831301/Luv_Pullover__2__thumbnail.jpg', 'small_url': 'https://images4-g.ravelrycache.com/uploads/WhistleandWool/875831301/Luv_Pullover__2__small.jpg', 'flickr_url': None, 'shelved_url': 'https://images4-g.ravelrycache.com/uploads/WhistleandWool/875831301/Luv_Pullover__2__shelved.jpg', 'medium2_url': 'https://images4-a.ravelrycache.com/uploads/WhistleandWool/875831301/Luv_Pullover__2__medium2.jpg', 'small2_url': 'https://images4-f.ravelrycache.com/uploads/WhistleandWool/875831301/Luv_Pullover__2__small2.jpg', 'caption': None, 'caption_html': None, 'copyright_holder': None}, {'id': 115381959, 'sort_order': 2, 'user_id': 7564812, 'x_offset': -5, 'y_offset': -35, 'square_url': 'https://images4-g.ravelrycache.com/uploads/WhistleandWool/875831282/Luv_Pullover_square.jpg', 'medium_url': 'https://images4-f.ravelrycache.com/uploads/WhistleandWool/875831282/Luv_Pullover_medium.jpg', 'thumbnail_url': 'https://images4-f.ravelrycache.com/uploads/WhistleandWool/875831282/Luv_Pullover_thumbnail.jpg', 'small_url': 'https://images4-f.ravelrycache.com/uploads/WhistleandWool/875831282/Luv_Pullover_small.jpg', 'flickr_url': None, 'shelved_url': 'https://images4-g.ravelrycache.com/uploads/WhistleandWool/875831282/Luv_Pullover_shelved.jpg', 'medium2_url': 'https://images4-a.ravelrycache.com/uploads/WhistleandWool/875831282/Luv_Pullover_medium2.jpg', 'small2_url': 'https://images4-g.ravelrycache.com/uploads/WhistleandWool/875831282/Luv_Pullover_small2.jpg', 'caption': None, 'caption_html': None, 'copyright_holder': None}, {'id': 115381960, 'sort_order': 3, 'user_id': 7564812, 'x_offset': 0, 'y_offset': -43, 'square_url': 'https://images4-f.ravelrycache.com/uploads/WhistleandWool/875831189/Luv_Sweater__1__square.jpg', 'medium_url': 'https://images4-g.ravelrycache.com/uploads/WhistleandWool/875831189/Luv_Sweater__1__medium.jpg', 'thumbnail_url': 'https://images4-g.ravelrycache.com/uploads/WhistleandWool/875831189/Luv_Sweater__1__thumbnail.jpg', 'small_url': 'https://images4-f.ravelrycache.com/uploads/WhistleandWool/875831189/Luv_Sweater__1__small_best_fit.jpg', 'flickr_url': None, 'shelved_url': 'https://images4-f.ravelrycache.com/uploads/WhistleandWool/875831189/Luv_Sweater__1__shelved.jpg', 'medium2_url': 'https://images4-a.ravelrycache.com/uploads/WhistleandWool/875831189/Luv_Sweater__1__medium2.jpg', 'small2_url': 'https://images4-f.ravelrycache.com/uploads/WhistleandWool/875831189/Luv_Sweater__1__small2.jpg', 'caption': None, 'caption_html': None, 'copyright_holder': None}, {'id': 115381961, 'sort_order': 4, 'user_id': 7564812, 'x_offset': -5, 'y_offset': -35, 'square_url': 'https://images4-g.ravelrycache.com/uploads/WhistleandWool/875831268/Luv_Sweater_square.jpg', 'medium_url': 'https://images4-f.ravelrycache.com/uploads/WhistleandWool/875831268/Luv_Sweater_medium.jpg', 'thumbnail_url': 'https://images4-g.ravelrycache.com/uploads/WhistleandWool/875831268/Luv_Sweater_thumbnail.jpg', 'small_url': 'https://images4-g.ravelrycache.com/uploads/WhistleandWool/875831268/Luv_Sweater_small.jpg', 'flickr_url': None, 'shelved_url': 'https://images4-f.ravelrycache.com/uploads/WhistleandWool/875831268/Luv_Sweater_shelved.jpg', 'medium2_url': 'https://images4-a.ravelrycache.com/uploads/WhistleandWool/875831268/Luv_Sweater_medium2.jpg', 'small2_url': 'https://images4-g.ravelrycache.com/uploads/WhistleandWool/875831268/Luv_Sweater_small2.jpg', 'caption': None, 'caption_html': None, 'copyright_holder': None}, {'id': 115381962, 'sort_order': 5, 'user_id': 7564812, 'x_offset': -5, 'y_offset': -35, 'square_url': 'https://images4-f.ravelrycache.com/uploads/WhistleandWool/875831124/Luv_Sweater__6__square.jpg', 'medium_url': 'https://images4-g.ravelrycache.com/uploads/WhistleandWool/875831124/Luv_Sweater__6__medium.jpg', 'thumbnail_url': 'https://images4-f.ravelrycache.com/uploads/WhistleandWool/875831124/Luv_Sweater__6__thumbnail.jpg', 'small_url': 'https://images4-g.ravelrycache.com/uploads/WhistleandWool/875831124/Luv_Sweater__6__small.jpg', 'flickr_url': None, 'shelved_url': 'https://images4-g.ravelrycache.com/uploads/WhistleandWool/875831124/Luv_Sweater__6__shelved.jpg', 'medium2_url': 'https://images4-a.ravelrycache.com/uploads/WhistleandWool/875831124/Luv_Sweater__6__medium2.jpg', 'small2_url': 'https://images4-f.ravelrycache.com/uploads/WhistleandWool/875831124/Luv_Sweater__6__small2.jpg', 'caption': None, 'caption_html': None, 'copyright_holder': None}, {'id': 115381963, 'sort_order': 6, 'user_id': 7564812, 'x_offset': 0, 'y_offset': -66, 'square_url': 'https://images4-g.ravelrycache.com/uploads/WhistleandWool/875831165/Luv_Sweater__2__square.jpg', 'medium_url': 'https://images4-f.ravelrycache.com/uploads/WhistleandWool/875831165/Luv_Sweater__2__medium.jpg', 'thumbnail_url': 'https://images4-f.ravelrycache.com/uploads/WhistleandWool/875831165/Luv_Sweater__2__thumbnail.jpg', 'small_url': 'https://images4-f.ravelrycache.com/uploads/WhistleandWool/875831165/Luv_Sweater__2__small_best_fit.jpg', 'flickr_url': None, 'shelved_url': 'https://images4-g.ravelrycache.com/uploads/WhistleandWool/875831165/Luv_Sweater__2__shelved.jpg', 'medium2_url': 'https://images4-a.ravelrycache.com/uploads/WhistleandWool/875831165/Luv_Sweater__2__medium2.jpg', 'small2_url': 'https://images4-g.ravelrycache.com/uploads/WhistleandWool/875831165/Luv_Sweater__2__small2.jpg', 'caption': None, 'caption_html': None, 'copyright_holder': None}, {'id': 115381964, 'sort_order': 7, 'user_id': 7564812, 'x_offset': -5, 'y_offset': -35, 'square_url': 'https://images4-g.ravelrycache.com/uploads/WhistleandWool/875831133/Luv_Sweater__5__square.jpg', 'medium_url': 'https://images4-f.ravelrycache.com/uploads/WhistleandWool/875831133/Luv_Sweater__5__medium.jpg', 'thumbnail_url': 'https://images4-f.ravelrycache.com/uploads/WhistleandWool/875831133/Luv_Sweater__5__thumbnail.jpg', 'small_url': 'https://images4-g.ravelrycache.com/uploads/WhistleandWool/875831133/Luv_Sweater__5__small.jpg', 'flickr_url': None, 'shelved_url': 'https://images4-f.ravelrycache.com/uploads/WhistleandWool/875831133/Luv_Sweater__5__shelved.jpg', 'medium2_url': 'https://images4-a.ravelrycache.com/uploads/WhistleandWool/875831133/Luv_Sweater__5__medium2.jpg', 'small2_url': 'https://images4-g.ravelrycache.com/uploads/WhistleandWool/875831133/Luv_Sweater__5__small2.jpg', 'caption': None, 'caption_html': None, 'copyright_holder': None}]"
Lotus Eater Pullover,Sheila Toy Stromberg,1271352,https://www.ravelry.com/patterns/library/lotus-eater-pullover,False,https://images4-a.ravelrycache.com/uploads/sheilatoy/875690585/lotus_eater__745_medium2.jpg,Knitting,"['unisex', 'baby', 'newborn-size', 'toddler', 'child', 'teen', 'adult', 'oversized', 'boat-neck', 'ballet-neck', 'collar', 'crew-neck', 'scoop-neck', 'v-neck', 'sleeves', '3-4-sleeve', 'elbow-sleeve', 'short-sleeve', 'dolman-sleeve', 'one-piece', 'seamless', 'sideways', 'positive-ease', 'written-pattern', 'bracelet-sleeve', 'cuffed-sleeve', 'worked-flat', 'in-the-round', 'schematic', 'male', 'female']",3.0,3.6,True,4.0,Stockinette stitch,child,Fingering,37,4.4,Any human size,"[{'id': 115390184, 'sort_order': 1, 'user_id': 948337, 'x_offset': -43, 'y_offset': 0, 'square_url': 'https://images4-f.ravelrycache.com/uploads/sheilatoy/875690585/lotus_eater__745_square.jpg', 'medium_url': 'https://images4-g.ravelrycache.com/uploads/sheilatoy/875690585/lotus_eater__745_medium.jpg', 'thumbnail_url': 'https://images4-g.ravelrycache.com/uploads/sheilatoy/875690585/lotus_eater__745_thumbnail.jpg', 'small_url': 'https://images4-g.ravelrycache.com/uploads/sheilatoy/875690585/lotus_eater__745_small_best_fit.jpg', 'flickr_url': None, 'shelved_url': 'https://images4-g.ravelrycache.com/uploads/sheilatoy/875690585/lotus_eater__745_shelved.jpg', 'medium2_url': 'https://images4-a.ravelrycache.com/uploads/sheilatoy/875690585/lotus_eater__745_medium2.jpg', 'small2_url': 'https://images4-f.ravelrycache.com/uploads/sheilatoy/875690585/lotus_eater__745_small2.jpg', 'caption': None, 'caption_html': None, 'copyright_holder': None}, {'id': 116229597, 'sort_order': 2, 'user_id': 393530, 'x_offset': -5, 'y_offset': -6, 'square_url': 'https://images4-f.ravelrycache.com/uploads/sboots/856430394/Brad_sweater_square.jpg', 'medium_url': 'https://images4-g.ravelrycache.com/uploads/sboots/856430394/Brad_sweater_medium.jpg', 'thumbnail_url': 'https://images4-f.ravelrycache.com/uploads/sboots/856430394/Brad_sweater_thumbnail.jpg', 'small_url': 'https://images4-g.ravelrycache.com/uploads/sboots/856430394/Brad_sweater_small.jpg', 'flickr_url': None, 'shelved_url': 'https://images4-f.ravelrycache.com/uploads/sboots/856430394/Brad_sweater_shelved.jpg', 'medium2_url': 'https://images4-a.ravelrycache.com/uploads/sboots/856430394/Brad_sweater_medium2.jpg', 'small2_url': 'https://images4-f.ravelrycache.com/uploads/sboots/856430394/Brad_sweater_small2.jpg', 'caption': None, 'caption_html': None, 'copyright_holder': None}, {'id': 115390185, 'sort_order': 3, 'user_id': 948337, 'x_offset': 0, 'y_offset': -44, 'square_url': 'https://images4-f.ravelrycache.com/uploads/sheilatoy/875690399/lotus_eater__541_square.jpg', 'medium_url': 'https://images4-g.ravelrycache.com/uploads/sheilatoy/875690399/lotus_eater__541_medium.jpg', 'thumbnail_url': 'https://images4-f.ravelrycache.com/uploads/sheilatoy/875690399/lotus_eater__541_thumbnail.jpg', 'small_url': 'https://images4-f.ravelrycache.com/uploads/sheilatoy/875690399/lotus_eater__541_small_best_fit.jpg', 'flickr_url': None, 'shelved_url': 'https://images4-g.ravelrycache.com/uploads/sheilatoy/875690399/lotus_eater__541_shelved.jpg', 'medium2_url': 'https://images4-a.ravelrycache.com/uploads/sheilatoy/875690399/lotus_eater__541_medium2.jpg', 'small2_url': 'https://images4-f.ravelrycache.com/uploads/sheilatoy/875690399/lotus_eater__541_small2.jpg', 'caption': None, 'caption_html': None, 'copyright_holder': None}, {'id': 115407737, 'sort_order': 4, 'user_id': 5282876, 'x_offset': -35, 'y_offset': -5, 'square_url': 'https://images4-f.ravelrycache.com/uploads/andystvnsn/844187179/upload_square', 'medium_url': 'https://images4-g.ravelrycache.com/uploads/andystvnsn/844187179/upload_medium', 'thumbnail_url': 'https://images4-f.ravelrycache.com/uploads/andystvnsn/844187179/upload_thumbnail', 'small_url': 'https://images4-g.ravelrycache.com/uploads/andystvnsn/844187179/upload_small', 'flickr_url': None, 'shelved_url': 'https://images4-f.ravelrycache.com/uploads/andystvnsn/844187179/upload_shelved', 'medium2_url': 'https://images4-a.ravelrycache.com/uploads/andystvnsn/844187179/upload_medium2', 'small2_url': 'https://images4-f.ravelrycache.com/uploads/andystvnsn/844187179/upload_small2', 'caption': None, 'caption_html': None, 'copyright_holder': None}, {'id': 115390186, 'sort_order': 5, 'user_id': 948337, 'x_offset': -44, 'y_offset': 0, 'square_url': 'https://images4-f.ravelrycache.com/uploads/sheilatoy/875690587/lotus_eater__638_square.jpg', 'medium_url': 'https://images4-g.ravelrycache.com/uploads/sheilatoy/875690587/lotus_eater__638_medium.jpg', 'thumbnail_url': 'https://images4-g.ravelrycache.com/uploads/sheilatoy/875690587/lotus_eater__638_thumbnail.jpg', 'small_url': 'https://images4-f.ravelrycache.com/uploads/sheilatoy/875690587/lotus_eater__638_small_best_fit.jpg', 'flickr_url': None, 'shelved_url': 'https://images4-f.ravelrycache.com/uploads/sheilatoy/875690587/lotus_eater__638_shelved.jpg', 'medium2_url': 'https://images4-a.ravelrycache.com/uploads/sheilatoy/875690587/lotus_eater__638_medium2.jpg', 'small2_url': 'https://images4-f.ravelrycache.com/uploads/sheilatoy/875690587/lotus_eater__638_small2.jpg', 'caption': None, 'caption_html': None, 'copyright_holder': None}, {'id': 115390187, 'sort_order': 6, 'user_id': 948337, 'x_offset': -43, 'y_offset': 0, 'square_url': 'https://images4-f.ravelrycache.com/uploads/sheilatoy/875689425/lotus_eater__278_square.jpg', 'medium_url': 'https://images4-g.ravelrycache.com/uploads/sheilatoy/875689425/lotus_eater__278_medium.jpg', 'thumbnail_url': 'https://images4-g.ravelrycache.com/uploads/sheilatoy/875689425/lotus_eater__278_thumbnail.jpg', 'small_url': 'https://images4-f.ravelrycache.com/uploads/sheilatoy/875689425/lotus_eater__278_small_best_fit.jpg', 'flickr_url': None, 'shelved_url': 'https://images4-f.ravelrycache.com/uploads/sheilatoy/875689425/lotus_eater__278_shelved.jpg', 'medium2_url': 'https://images4-a.ravelrycache.com/uploads/sheilatoy/875689425/lotus_eater__278_medium2.jpg', 'small2_url': 'https://images4-f.ravelrycache.com/uploads/sheilatoy/875689425/lotus_eater__278_small2.jpg', 'caption': None, 'caption_html': None, 'copyright_holder': None}, {'id': 115390188, 'sort_order': 7, 'user_id': 948337, 'x_offset': -44, 'y_offset': 0, 'square_url': 'https://images4-g.ravelrycache.com/uploads/sheilatoy/875690584/lotus_eater__609_square.jpg', 'medium_url': 'https://images4-f.ravelrycache.com/uploads/sheilatoy/875690584/lotus_eater__609_medium.jpg', 'thumbnail_url': 'https://images4-f.ravelrycache.com/uploads/sheilatoy/875690584/lotus_eater__609_thumbnail.jpg', 'small_url': 'https://images4-g.ravelrycache.com/uploads/sheilatoy/875690584/lotus_eater__609_small_best_fit.jpg', 'flickr_url': None, 'shelved_url': 'https://images4-g.ravelrycache.com/uploads/sheilatoy/875690584/lotus_eater__609_shelved.jpg', 'medium2_url': 'https://images4-a.ravelrycache.com/uploads/sheilatoy/875690584/lotus_eater__609_medium2.jpg', 'small2_url': 'https://images4-g.ravelrycache.com/uploads/sheilatoy/875690584/lotus_eater__609_small2.jpg', 'caption': None, 'caption_html': None, 'copyright_holder': None}, {'id': 115474641, 'sort_order': 8, 'user_id': 2063450, 'x_offset': 0, 'y_offset': -1, 'square_url': 'https://images4-f.ravelrycache.com/uploads/joellynsophia/851408395/2B05B28A-B099-427C-B111-B1BF37DABE5F_square.jpeg', 'medium_url': 'https://images4-f.ravelrycache.com/uploads/joellynsophia/851408395/2B05B28A-B099-427C-B111-B1BF37DABE5F_medium.jpeg', 'thumbnail_url': 'https://images4-f.ravelrycache.com/uploads/joellynsophia/851408395/2B05B28A-B099-427C-B111-B1BF37DABE5F_thumbnail.jpeg', 'small_url': 'https://images4-g.ravelrycache.com/uploads/joellynsophia/851408395/2B05B28A-B099-427C-B111-B1BF37DABE5F_small_best_fit.jpeg', 'flickr_url': None, 'shelved_url': 'https://images4-g.ravelrycache.com/uploads/joellynsophia/851408395/2B05B28A-B099-427C-B111-B1BF37DABE5F_shelved.jpeg', 'medium2_url': 'https://images4-a.ravelrycache.com/uploads/joellynsophia/851408395/2B05B28A-B099-427C-B111-B1BF37DABE5F_medium2.jpeg', 'small2_url': 'https://images4-g.ravelrycache.com/uploads/joellynsophia/851408395/2B05B28A-B099-427C-B111-B1BF37DABE5F_small2.jpeg', 'caption': None, 'caption_html': None, 'copyright_holder': None}, {'id': 115390189, 'sort_order': 9, 'user_id': 948337, 'x_offset': 0, 'y_offset': -43, 'square_url': 'https://images4-g.ravelrycache.com/uploads/sheilatoy/875688596/lotus_eater__166_square.jpg', 'medium_url': 'https://images4-f.ravelrycache.com/uploads/sheilatoy/875688596/lotus_eater__166_medium.jpg', 'thumbnail_url': 'https://images4-f.ravelrycache.com/uploads/sheilatoy/875688596/lotus_eater__166_thumbnail.jpg', 'small_url': 'https://images4-g.ravelrycache.com/uploads/sheilatoy/875688596/lotus_eater__166_small_best_fit.jpg', 'flickr_url': None, 'shelved_url': 'https://images4-g.ravelrycache.com/uploads/sheilatoy/875688596/lotus_eater__166_shelved.jpg', 'medium2_url': 'https://images4-a.ravelrycache.com/uploads/sheilatoy/875688596/lotus_eater__166_medium2.jpg', 'small2_url': 'https://images4-g.ravelrycache.com/uploads/sheilatoy/875688596/lotus_eater__166_small2.jpg', 'caption': None, 'caption_html': None, 'copyright_holder': None}, {'id': 115390190, 'sort_order': 10, 'user_id': 948337, 'x_offset': -44, 'y_offset': 0, 'square_url': 'https://images4-g.ravelrycache.com/uploads/sheilatoy/875690393/lotus_eater__599_square.jpg', 'medium_url': 'https://images4-f.ravelrycache.com/uploads/sheilatoy/875690393/lotus_eater__599_medium.jpg', 'thumbnail_url': 'https://images4-f.ravelrycache.com/uploads/sheilatoy/875690393/lotus_eater__599_thumbnail.jpg', 'small_url': 'https://images4-f.ravelrycache.com/uploads/sheilatoy/875690393/lotus_eater__599_small_best_fit.jpg', 'flickr_url': None, 'shelved_url': 'https://images4-g.ravelrycache.com/uploads/sheilatoy/875690393/lotus_eater__599_shelved.jpg', 'medium2_url': 'https://images4-a.ravelrycache.com/uploads/sheilatoy/875690393/lotus_eater__599_medium2.jpg', 'small2_url': 'https://images4-g.ravelrycache.com/uploads/sheilatoy/875690393/lotus_eater__599_small2.jpg', 'caption': None, 'caption_html': None, 'copyright_holder': None}, {'id': 115390191, 'sort_order': 11, 'user_id': 948337, 'x_offset': -3, 'y_offset': 0, 'square_url': 'https://images4-f.ravelrycache.com/uploads/sheilatoy/875690894/lotus_eater_2_036_square.jpg', 'medium_url': 'https://images4-g.ravelrycache.com/uploads/sheilatoy/875690894/lotus_eater_2_036_medium.jpg', 'thumbnail_url': 'https://images4-f.ravelrycache.com/uploads/sheilatoy/875690894/lotus_eater_2_036_thumbnail.jpg', 'small_url': 'https://images4-f.ravelrycache.com/uploads/sheilatoy/875690894/lotus_eater_2_036_small_best_fit.jpg', 'flickr_url': None, 'shelved_url': 'https://images4-g.ravelrycache.com/uploads/sheilatoy/875690894/lotus_eater_2_036_shelved.jpg', 'medium2_url': 'https://images4-a.ravelrycache.com/uploads/sheilatoy/875690894/lotus_eater_2_036_medium2.jpg', 'small2_url': 'https://images4-f.ravelrycache.com/uploads/sheilatoy/875690894/lotus_eater_2_036_small2.jpg', 'caption': None, 'caption_html': None, 'copyright_holder': None}, {'id': 115390192, 'sort_order': 12, 'user_id': 948337, 'x_offset': -44, 'y_offset': 0, 'square_url': 'https://images4-g.ravelrycache.com/uploads/sheilatoy/875691129/lotus_eater_2_073_square.jpg', 'medium_url': 'https://images4-f.ravelrycache.com/uploads/sheilatoy/875691129/lotus_eater_2_073_medium.jpg', 'thumbnail_url': 'https://images4-g.ravelrycache.com/uploads/sheilatoy/875691129/lotus_eater_2_073_thumbnail.jpg', 'small_url': 'https://images4-g.ravelrycache.com/uploads/sheilatoy/875691129/lotus_eater_2_073_small_best_fit.jpg', 'flickr_url': None, 'shelved_url': 'https://images4-f.ravelrycache.com/uploads/sheilatoy/875691129/lotus_eater_2_073_shelved.jpg', 'medium2_url': 'https://images4-a.ravelrycache.com/uploads/sheilatoy/875691129/lotus_eater_2_073_medium2.jpg', 'small2_url': 'https://images4-g.ravelrycache.com/uploads/sheilatoy/875691129/lotus_eater_2_073_small2.jpg', 'caption': None, 'caption_html': None, 'copyright_holder': None}, {'id': 115390193, 'sort_order': 13, 'user_id': 948337, 'x_offset': 0, 'y_offset': -44, 'square_url': 'https://images4-f.ravelrycache.com/uploads/sheilatoy/875690909/lotus_eater_2_021_square.jpg', 'medium_url': 'https://images4-g.ravelrycache.com/uploads/sheilatoy/875690909/lotus_eater_2_021_medium.jpg', 'thumbnail_url': 'https://images4-g.ravelrycache.com/uploads/sheilatoy/875690909/lotus_eater_2_021_thumbnail.jpg', 'small_url': 'https://images4-f.ravelrycache.com/uploads/sheilatoy/875690909/lotus_eater_2_021_small_best_fit.jpg', 'flickr_url': None, 'shelved_url': 'https://images4-f.ravelrycache.com/uploads/sheilatoy/875690909/lotus_eater_2_021_shelved.jpg', 'medium2_url': 'https://images4-a.ravelrycache.com/uploads/sheilatoy/875690909/lotus_eater_2_021_medium2.jpg', 'small2_url': 'https://images4-f.ravelrycache.com/uploads/sheilatoy/875690909/lotus_eater_2_021_small2.jpg', 'caption': None, 'caption_html': None, 'copyright_holder': None}, {'id': 115390194, 'sort_order': 14, 'user_id': 948337, 'x_offset': -44, 'y_offset': 0, 'square_url': 'https://images4-g.ravelrycache.com/uploads/sheilatoy/875691128/lotus_eater_2_069_square.jpg', 'medium_url': 'https://images4-f.ravelrycache.com/uploads/sheilatoy/875691128/lotus_eater_2_069_medium.jpg', 'thumbnail_url': 'https://images4-g.ravelrycache.com/uploads/sheilatoy/875691128/lotus_eater_2_069_thumbnail.jpg', 'small_url': 'https://images4-f.ravelrycache.com/uploads/sheilatoy/875691128/lotus_eater_2_069_small_best_fit.jpg', 'flickr_url': None, 'shelved_url': 'https://images4-g.ravelrycache.com/uploads/sheilatoy/875691128/lotus_eater_2_069_shelved.jpg', 'medium2_url': 'https://images4-a.ravelrycache.com/uploads/sheilatoy/875691128/lotus_eater_2_069_medium2.jpg', 'small2_url': 'https://images4-g.ravelrycache.com/uploads/sheilatoy/875691128/lotus_eater_2_069_small2.jpg', 'caption': None, 'caption_html': None, 'copyright_holder': None}, {'id': 115390195, 'sort_order': 15, 'user_id': 948337, 'x_offset': -9, 'y_offset': 1, 'square_url': 'https://images4-f.ravelrycache.com/uploads/sheilatoy/875690891/lotus_eater_2_030_square.jpg', 'medium_url': 'https://images4-g.ravelrycache.com/uploads/sheilatoy/875690891/lotus_eater_2_030_medium.jpg', 'thumbnail_url': 'https://images4-g.ravelrycache.com/uploads/sheilatoy/875690891/lotus_eater_2_030_thumbnail.jpg', 'small_url': 'https://images4-f.ravelrycache.com/uploads/sheilatoy/875690891/lotus_eater_2_030_small_best_fit.jpg', 'flickr_url': None, 'shelved_url': 'https://images4-g.ravelrycache.com/uploads/sheilatoy/875690891/lotus_eater_2_030_shelved.jpg', 'medium2_url': 'https://images4-a.ravelrycache.com/uploads/sheilatoy/875690891/lotus_eater_2_030_medium2.jpg', 'small2_url': 'https://images4-f.ravelrycache.com/uploads/sheilatoy/875690891/lotus_eater_2_030_small2.jpg', 'caption': None, 'caption_html': None, 'copyright_holder': None}, {'id': 115390196, 'sort_order': 16, 'user_id': 948337, 'x_offset': -7, 'y_offset': 0, 'square_url': 'https://images4-g.ravelrycache.com/uploads/sheilatoy/875690902/lotus_eater_2_026_square.jpg', 'medium_url': 'https://images4-f.ravelrycache.com/uploads/sheilatoy/875690902/lotus_eater_2_026_medium.jpg', 'thumbnail_url': 'https://images4-f.ravelrycache.com/uploads/sheilatoy/875690902/lotus_eater_2_026_thumbnail.jpg', 'small_url': 'https://images4-g.ravelrycache.com/uploads/sheilatoy/875690902/lotus_eater_2_026_small_best_fit.jpg', 'flickr_url': None, 'shelved_url': 'https://images4-f.ravelrycache.com/uploads/sheilatoy/875690902/lotus_eater_2_026_shelved.jpg', 'medium2_url': 'https://images4-a.ravelrycache.com/uploads/sheilatoy/875690902/lotus_eater_2_026_medium2.jpg', 'small2_url': 'https://images4-g.ravelrycache.com/uploads/sheilatoy/875690902/lotus_eater_2_026_small2.jpg', 'caption': None, 'caption_html': None, 'copyright_holder': None}, {'id': 115390197, 'sort_order': 17, 'user_id': 948337, 'x_offset': 0, 'y_offset': -44, 'square_url': 'https://images4-f.ravelrycache.com/uploads/sheilatoy/875690405/lotus_eater__588_square.jpg', 'medium_url': 'https://images4-g.ravelrycache.com/uploads/sheilatoy/875690405/lotus_eater__588_medium.jpg', 'thumbnail_url': 'https://images4-g.ravelrycache.com/uploads/sheilatoy/875690405/lotus_eater__588_thumbnail.jpg', 'small_url': 'https://images4-g.ravelrycache.com/uploads/sheilatoy/875690405/lotus_eater__588_small_best_fit.jpg', 'flickr_url': None, 'shelved_url': 'https://images4-g.ravelrycache.com/uploads/sheilatoy/875690405/lotus_eater__588_shelved.jpg', 'medium2_url': 'https://images4-a.ravelrycache.com/uploads/sheilatoy/875690405/lotus_eater__588_medium2.jpg', 'small2_url': 'https://images4-f.ravelrycache.com/uploads/sheilatoy/875690405/lotus_eater__588_small2.jpg', 'caption': None, 'caption_html': None, 'copyright_holder': None}, {'id': 115390198, 'sort_order': 18, 'user_id': 948337, 'x_offset': -44, 'y_offset': 0, 'square_url': 'https://images4-g.ravelrycache.com/uploads/sheilatoy/875689432/lotus_eater__260_square.jpg', 'medium_url': 'https://images4-f.ravelrycache.com/uploads/sheilatoy/875689432/lotus_eater__260_medium.jpg', 'thumbnail_url': 'https://images4-g.ravelrycache.com/uploads/sheilatoy/875689432/lotus_eater__260_thumbnail.jpg', 'small_url': 'https://images4-g.ravelrycache.com/uploads/sheilatoy/875689432/lotus_eater__260_small_best_fit.jpg', 'flickr_url': None, 'shelved_url': 'https://images4-g.ravelrycache.com/uploads/sheilatoy/875689432/lotus_eater__260_shelved.jpg', 'medium2_url': 'https://images4-a.ravelrycache.com/uploads/sheilatoy/875689432/lotus_eater__260_medium2.jpg', 'small2_url': 'https://images4-g.ravelrycache.com/uploads/sheilatoy/875689432/lotus_eater__260_small2.jpg', 'caption': None, 'caption_html': None, 'copyright_holder': None}, {'id': 115390199, 'sort_order': 19, 'user_id': 948337, 'x_offset': 0, 'y_offset': -44, 'square_url': 'https://images4-f.ravelrycache.com/uploads/sheilatoy/875690401/lotus_eater__533_square.jpg', 'medium_url': 'https://images4-g.ravelrycache.com/uploads/sheilatoy/875690401/lotus_eater__533_medium.jpg', 'thumbnail_url': 'https://images4-f.ravelrycache.com/uploads/sheilatoy/875690401/lotus_eater__533_thumbnail.jpg', 'small_url': 'https://images4-f.ravelrycache.com/uploads/sheilatoy/875690401/lotus_eater__533_small_best_fit.jpg', 'flickr_url': None, 'shelved_url': 'https://images4-f.ravelrycache.com/uploads/sheilatoy/875690401/lotus_eater__533_shelved.jpg', 'medium2_url': 'https://images4-a.ravelrycache.com/uploads/sheilatoy/875690401/lotus_eater__533_medium2.jpg', 'small2_url': 'https://images4-f.ravelrycache.com/uploads/sheilatoy/875690401/lotus_eater__533_small2.jpg', 'caption': None, 'caption_html': None, 'copyright_holder': None}, {'id': 115390200, 'sort_order': 20, 'user_id': 948337, 'x_offset': 0, 'y_offset': -43, 'square_url': 'https://images4-f.ravelrycache.com/uploads/sheilatoy/875690232/lotus_eater__461_square.jpg', 'medium_url': 'https://images4-g.ravelrycache.com/uploads/sheilatoy/875690232/lotus_eater__461_medium.jpg', 'thumbnail_url': 'https://images4-g.ravelrycache.com/uploads/sheilatoy/875690232/lotus_eater__461_thumbnail.jpg', 'small_url': 'https://images4-g.ravelrycache.com/uploads/sheilatoy/875690232/lotus_eater__461_small_best_fit.jpg', 'flickr_url': None, 'shelved_url': 'https://images4-g.ravelrycache.com/uploads/sheilatoy/875690232/lotus_eater__461_shelved.jpg', 'medium2_url': 'https://images4-a.ravelrycache.com/uploads/sheilatoy/875690232/lotus_eater__461_medium2.jpg', 'small2_url': 'https://images4-f.ravelrycache.com/uploads/sheilatoy/875690232/lotus_eater__461_small2.jpg', 'caption': None, 'caption_html': None, 'copyright_holder': None}, {'id': 115390201, 'sort_order': 21, 'user_id': 948337, 'x_offset': 0, 'y_offset': -43, 'square_url': 'https://images4-g.ravelrycache.com/uploads/sheilatoy/875688588/lotus_eater__018_square.jpg', 'medium_url': 'https://images4-f.ravelrycache.com/uploads/sheilatoy/875688588/lotus_eater__018_medium.jpg', 'thumbnail_url': 'https://images4-f.ravelrycache.com/uploads/sheilatoy/875688588/lotus_eater__018_thumbnail.jpg', 'small_url': 'https://images4-g.ravelrycache.com/uploads/sheilatoy/875688588/lotus_eater__018_small_best_fit.jpg', 'flickr_url': None, 'shelved_url': 'https://images4-g.ravelrycache.com/uploads/sheilatoy/875688588/lotus_eater__018_shelved.jpg', 'medium2_url': 'https://images4-a.ravelrycache.com/uploads/sheilatoy/875688588/lotus_eater__018_medium2.jpg', 'small2_url': 'https://images4-g.ravelrycache.com/uploads/sheilatoy/875688588/lotus_eater__018_small2.jpg', 'caption': None, 'caption_html': None, 'copyright_holder': None}, {'id': 115390202, 'sort_order': 22, 'user_id': 948337, 'x_offset': 0, 'y_offset': -43, 'square_url': 'https://images4-g.ravelrycache.com/uploads/sheilatoy/875690392/lotus_eater__547_square.jpg', 'medium_url': 'https://images4-f.ravelrycache.com/uploads/sheilatoy/875690392/lotus_eater__547_medium.jpg', 'thumbnail_url': 'https://images4-g.ravelrycache.com/uploads/sheilatoy/875690392/lotus_eater__547_thumbnail.jpg', 'small_url': 'https://images4-f.ravelrycache.com/uploads/sheilatoy/875690392/lotus_eater__547_small_best_fit.jpg', 'flickr_url': None, 'shelved_url': 'https://images4-g.ravelrycache.com/uploads/sheilatoy/875690392/lotus_eater__547_shelved.jpg', 'medium2_url': 'https://images4-a.ravelrycache.com/uploads/sheilatoy/875690392/lotus_eater__547_medium2.jpg', 'small2_url': 'https://images4-g.ravelrycache.com/uploads/sheilatoy/875690392/lotus_eater__547_small2.jpg', 'caption': None, 'caption_html': None, 'copyright_holder': None}, {'id': 115390203, 'sort_order': 23, 'user_id': 948337, 'x_offset': -44, 'y_offset': 0, 'square_url': 'https://images4-f.ravelrycache.com/uploads/sheilatoy/875690239/lotus_eater__455_square.jpg', 'medium_url': 'https://images4-g.ravelrycache.com/uploads/sheilatoy/875690239/lotus_eater__455_medium.jpg', 'thumbnail_url': 'https://images4-f.ravelrycache.com/uploads/sheilatoy/875690239/lotus_eater__455_thumbnail.jpg', 'small_url': 'https://images4-g.ravelrycache.com/uploads/sheilatoy/875690239/lotus_eater__455_small_best_fit.jpg', 'flickr_url': None, 'shelved_url': 'https://images4-g.ravelrycache.com/uploads/sheilatoy/875690239/lotus_eater__455_shelved.jpg', 'medium2_url': 'https://images4-a.ravelrycache.com/uploads/sheilatoy/875690239/lotus_eater__455_medium2.jpg', 'small2_url': 'https://images4-f.ravelrycache.com/uploads/sheilatoy/875690239/lotus_eater__455_small2.jpg', 'caption': None, 'caption_html': None, 'copyright_holder': None}, {'id': 115390204, 'sort_order': 24, 'user_id': 948337, 'x_offset': -44, 'y_offset': 0, 'square_url': 'https://images4-g.ravelrycache.com/uploads/sheilatoy/875690583/lotus_eater__606_square.jpg', 'medium_url': 'https://images4-f.ravelrycache.com/uploads/sheilatoy/875690583/lotus_eater__606_medium.jpg', 'thumbnail_url': 'https://images4-f.ravelrycache.com/uploads/sheilatoy/875690583/lotus_eater__606_thumbnail.jpg', 'small_url': 'https://images4-f.ravelrycache.com/uploads/sheilatoy/875690583/lotus_eater__606_small_best_fit.jpg', 'flickr_url': None, 'shelved_url': 'https://images4-f.ravelrycache.com/uploads/sheilatoy/875690583/lotus_eater__606_shelved.jpg', 'medium2_url': 'https://images4-a.ravelrycache.com/uploads/sheilatoy/875690583/lotus_eater__606_medium2.jpg', 'small2_url': 'https://images4-g.ravelrycache.com/uploads/sheilatoy/875690583/lotus_eater__606_small2.jpg', 'caption': None, 'caption_html': None, 'copyright_holder': None}, {'id': 115390205, 'sort_order': 25, 'user_id': 948337, 'x_offset': -44, 'y_offset': 0, 'square_url': 'https://images4-g.ravelrycache.com/uploads/sheilatoy/875690241/lotus_eater__475_square.jpg', 'medium_url': 'https://images4-f.ravelrycache.com/uploads/sheilatoy/875690241/lotus_eater__475_medium.jpg', 'thumbnail_url': 'https://images4-g.ravelrycache.com/uploads/sheilatoy/875690241/lotus_eater__475_thumbnail.jpg', 'small_url': 'https://images4-g.ravelrycache.com/uploads/sheilatoy/875690241/lotus_eater__475_small_best_fit.jpg', 'flickr_url': None, 'shelved_url': 'https://images4-g.ravelrycache.com/uploads/sheilatoy/875690241/lotus_eater__475_shelved.jpg', 'medium2_url': 'https://images4-a.ravelrycache.com/uploads/sheilatoy/875690241/lotus_eater__475_medium2.jpg', 'small2_url': 'https://images4-g.ravelrycache.com/uploads/sheilatoy/875690241/lotus_eater__475_small2.jpg', 'caption': None, 'caption_html': None, 'copyright_holder': None}, {'id': 115390206, 'sort_order': 26, 'user_id': 948337, 'x_offset': -43, 'y_offset': 0, 'square_url': 'https://images4-f.ravelrycache.com/uploads/sheilatoy/875690236/lotus_eater__489_square.jpg', 'medium_url': 'https://images4-g.ravelrycache.com/uploads/sheilatoy/875690236/lotus_eater__489_medium.jpg', 'thumbnail_url': 'https://images4-f.ravelrycache.com/uploads/sheilatoy/875690236/lotus_eater__489_thumbnail.jpg', 'small_url': 'https://images4-f.ravelrycache.com/uploads/sheilatoy/875690236/lotus_eater__489_small_best_fit.jpg', 'flickr_url': None, 'shelved_url': 'https://images4-f.ravelrycache.com/uploads/sheilatoy/875690236/lotus_eater__489_shelved.jpg', 'medium2_url': 'https://images4-a.ravelrycache.com/uploads/sheilatoy/875690236/lotus_eater__489_medium2.jpg', 'small2_url': 'https://images4-f.ravelrycache.com/uploads/sheilatoy/875690236/lotus_eater__489_small2.jpg', 'caption': None, 'caption_html': None, 'copyright_holder': None}, {'id': 115390207, 'sort_order': 27, 'user_id': 948337, 'x_offset': -44, 'y_offset': 0, 'square_url': 'https://images4-g.ravelrycache.com/uploads/sheilatoy/875689885/lotus_eater__354_square.jpg', 'medium_url': 'https://images4-f.ravelrycache.com/uploads/sheilatoy/875689885/lotus_eater__354_medium.jpg', 'thumbnail_url': 'https://images4-f.ravelrycache.com/uploads/sheilatoy/875689885/lotus_eater__354_thumbnail.jpg', 'small_url': 'https://images4-f.ravelrycache.com/uploads/sheilatoy/875689885/lotus_eater__354_small_best_fit.jpg', 'flickr_url': None, 'shelved_url': 'https://images4-g.ravelrycache.com/uploads/sheilatoy/875689885/lotus_eater__354_shelved.jpg', 'medium2_url': 'https://images4-a.ravelrycache.com/uploads/sheilatoy/875689885/lotus_eater__354_medium2.jpg', 'small2_url': 'https://images4-g.ravelrycache.com/uploads/sheilatoy/875689885/lotus_eater__354_small2.jpg', 'caption': None, 'caption_html': None, 'copyright_holder': None}, {'id': 115390208, 'sort_order': 28, 'user_id': 948337, 'x_offset': 0, 'y_offset': -44, 'square_url': 'https://images4-f.ravelrycache.com/uploads/sheilatoy/875690395/lotus_eater__530_square.jpg', 'medium_url': 'https://images4-g.ravelrycache.com/uploads/sheilatoy/875690395/lotus_eater__530_medium.jpg', 'thumbnail_url': 'https://images4-f.ravelrycache.com/uploads/sheilatoy/875690395/lotus_eater__530_thumbnail.jpg', 'small_url': 'https://images4-f.ravelrycache.com/uploads/sheilatoy/875690395/lotus_eater__530_small_best_fit.jpg', 'flickr_url': None, 'shelved_url': 'https://images4-g.ravelrycache.com/uploads/sheilatoy/875690395/lotus_eater__530_shelved.jpg', 'medium2_url': 'https://images4-a.ravelrycache.com/uploads/sheilatoy/875690395/lotus_eater__530_medium2.jpg', 'small2_url': 'https://images4-f.ravelrycache.com/uploads/sheilatoy/875690395/lotus_eater__530_small2.jpg', 'caption': None, 'caption_html': None, 'copyright_holder': None}, {'id': 115390209, 'sort_order': 29, 'user_id': 948337, 'x_offset': 0, 'y_offset': -43, 'square_url': 'https://images4-f.ravelrycache.com/uploads/sheilatoy/875690404/lotus_eater__503_square.jpg', 'medium_url': 'https://images4-g.ravelrycache.com/uploads/sheilatoy/875690404/lotus_eater__503_medium.jpg', 'thumbnail_url': 'https://images4-g.ravelrycache.com/uploads/sheilatoy/875690404/lotus_eater__503_thumbnail.jpg', 'small_url': 'https://images4-f.ravelrycache.com/uploads/sheilatoy/875690404/lotus_eater__503_small_best_fit.jpg', 'flickr_url': None, 'shelved_url': 'https://images4-f.ravelrycache.com/uploads/sheilatoy/875690404/lotus_eater__503_shelved.jpg', 'medium2_url': 'https://images4-a.ravelrycache.com/uploads/sheilatoy/875690404/lotus_eater__503_medium2.jpg', 'small2_url': 'https://images4-f.ravelrycache.com/uploads/sheilatoy/875690404/lotus_eater__503_small2.jpg', 'caption': None, 'caption_html': None, 'copyright_holder': None}, {'id': 115390210, 'sort_order': 30, 'user_id': 948337, 'x_offset': -44, 'y_offset': 0, 'square_url': 'https://images4-g.ravelrycache.com/uploads/sheilatoy/875689878/lotus_eater__361_square.jpg', 'medium_url': 'https://images4-f.ravelrycache.com/uploads/sheilatoy/875689878/lotus_eater__361_medium.jpg', 'thumbnail_url': 'https://images4-g.ravelrycache.com/uploads/sheilatoy/875689878/lotus_eater__361_thumbnail.jpg', 'small_url': 'https://images4-f.ravelrycache.com/uploads/sheilatoy/875689878/lotus_eater__361_small_best_fit.jpg', 'flickr_url': None, 'shelved_url': 'https://images4-f.ravelrycache.com/uploads/sheilatoy/875689878/lotus_eater__361_shelved.jpg', 'medium2_url': 'https://images4-a.ravelrycache.com/uploads/sheilatoy/875689878/lotus_eater__361_medium2.jpg', 'small2_url': 'https://images4-g.ravelrycache.com/uploads/sheilatoy/875689878/lotus_eater__361_small2.jpg', 'caption': None, 'caption_html': None, 'copyright_holder': None}, {'id': 115390211, 'sort_order': 31, 'user_id': 948337, 'x_offset': 0, 'y_offset': -43, 'square_url': 'https://images4-f.ravelrycache.com/uploads/sheilatoy/875690238/lotus_eater__495_square.jpg', 'medium_url': 'https://images4-g.ravelrycache.com/uploads/sheilatoy/875690238/lotus_eater__495_medium.jpg', 'thumbnail_url': 'https://images4-g.ravelrycache.com/uploads/sheilatoy/875690238/lotus_eater__495_thumbnail.jpg', 'small_url': 'https://images4-f.ravelrycache.com/uploads/sheilatoy/875690238/lotus_eater__495_small_best_fit.jpg', 'flickr_url': None, 'shelved_url': 'https://images4-f.ravelrycache.com/uploads/sheilatoy/875690238/lotus_eater__495_shelved.jpg', 'medium2_url': 'https://images4-a.ravelrycache.com/uploads/sheilatoy/875690238/lotus_eater__495_medium2.jpg', 'small2_url': 'https://images4-f.ravelrycache.com/uploads/sheilatoy/875690238/lotus_eater__495_small2.jpg', 'caption': None, 'caption_html': None, 'copyright_holder': None}, {'id': 115390212, 'sort_order': 32, 'user_id': 948337, 'x_offset': 0, 'y_offset': -43, 'square_url': 'https://images4-f.ravelrycache.com/uploads/sheilatoy/875690234/lotus_eater__491_square.jpg', 'medium_url': 'https://images4-g.ravelrycache.com/uploads/sheilatoy/875690234/lotus_eater__491_medium.jpg', 'thumbnail_url': 'https://images4-f.ravelrycache.com/uploads/sheilatoy/875690234/lotus_eater__491_thumbnail.jpg', 'small_url': 'https://images4-f.ravelrycache.com/uploads/sheilatoy/875690234/lotus_eater__491_small_best_fit.jpg', 'flickr_url': None, 'shelved_url': 'https://images4-f.ravelrycache.com/uploads/sheilatoy/875690234/lotus_eater__491_shelved.jpg', 'medium2_url': 'https://images4-a.ravelrycache.com/uploads/sheilatoy/875690234/lotus_eater__491_medium2.jpg', 'small2_url': 'https://images4-f.ravelrycache.com/uploads/sheilatoy/875690234/lotus_eater__491_small2.jpg', 'caption': None, 'caption_html': None, 'copyright_holder': None}, {'id': 115390213, 'sort_order': 33, 'user_id': 948337, 'x_offset': -44, 'y_offset': 0, 'square_url': 'https://images4-f.ravelrycache.com/uploads/sheilatoy/875690072/lotus_eater__404_square.jpg', 'medium_url': 'https://images4-g.ravelrycache.com/uploads/sheilatoy/875690072/lotus_eater__404_medium.jpg', 'thumbnail_url': 'https://images4-g.ravelrycache.com/uploads/sheilatoy/875690072/lotus_eater__404_thumbnail.jpg', 'small_url': 'https://images4-g.ravelrycache.com/uploads/sheilatoy/875690072/lotus_eater__404_small_best_fit.jpg', 'flickr_url': None, 'shelved_url': 'https://images4-g.ravelrycache.com/uploads/sheilatoy/875690072/lotus_eater__404_shelved.jpg', 'medium2_url': 'https://images4-a.ravelrycache.com/uploads/sheilatoy/875690072/lotus_eater__404_medium2.jpg', 'small2_url': 'https://images4-f.ravelrycache.com/uploads/sheilatoy/875690072/lotus_eater__404_small2.jpg', 'caption': None, 'caption_html': None, 'copyright_holder': None}, {'id': 115390214, 'sort_order': 34, 'user_id': 948337, 'x_offset': 0, 'y_offset': -43, 'square_url': 'https://images4-g.ravelrycache.com/uploads/sheilatoy/875689421/lotus_eater__283_square.jpg', 'medium_url': 'https://images4-f.ravelrycache.com/uploads/sheilatoy/875689421/lotus_eater__283_medium.jpg', 'thumbnail_url': 'https://images4-f.ravelrycache.com/uploads/sheilatoy/875689421/lotus_eater__283_thumbnail.jpg', 'small_url': 'https://images4-g.ravelrycache.com/uploads/sheilatoy/875689421/lotus_eater__283_small_best_fit.jpg', 'flickr_url': None, 'shelved_url': 'https://images4-g.ravelrycache.com/uploads/sheilatoy/875689421/lotus_eater__283_shelved.jpg', 'medium2_url': 'https://images4-a.ravelrycache.com/uploads/sheilatoy/875689421/lotus_eater__283_medium2.jpg', 'small2_url': 'https://images4-g.ravelrycache.com/uploads/sheilatoy/875689421/lotus_eater__283_small2.jpg', 'caption': None, 'caption_html': None, 'copyright_holder': None}, {'id': 115390215, 'sort_order': 35, 'user_id': 948337, 'x_offset': 0, 'y_offset': -43, 'square_url': 'https://images4-f.ravelrycache.com/uploads/sheilatoy/875689422/lotus_eater__273_square.jpg', 'medium_url': 'https://images4-g.ravelrycache.com/uploads/sheilatoy/875689422/lotus_eater__273_medium.jpg', 'thumbnail_url': 'https://images4-g.ravelrycache.com/uploads/sheilatoy/875689422/lotus_eater__273_thumbnail.jpg', 'small_url': 'https://images4-f.ravelrycache.com/uploads/sheilatoy/875689422/lotus_eater__273_small_best_fit.jpg', 'flickr_url': None, 'shelved_url': 'https://images4-f.ravelrycache.com/uploads/sheilatoy/875689422/lotus_eater__273_shelved.jpg', 'medium2_url': 'https://images4-a.ravelrycache.com/uploads/sheilatoy/875689422/lotus_eater__273_medium2.jpg', 'small2_url': 'https://images4-f.ravelrycache.com/uploads/sheilatoy/875689422/lotus_eater__273_small2.jpg', 'caption': None, 'caption_html': None, 'copyright_holder': None}, {'id': 115390216, 'sort_order': 36, 'user_id': 948337, 'x_offset': -44, 'y_offset': 0, 'square_url': 'https://images4-g.ravelrycache.com/uploads/sheilatoy/875689430/lotus_eater__265_square.jpg', 'medium_url': 'https://images4-f.ravelrycache.com/uploads/sheilatoy/875689430/lotus_eater__265_medium.jpg', 'thumbnail_url': 'https://images4-f.ravelrycache.com/uploads/sheilatoy/875689430/lotus_eater__265_thumbnail.jpg', 'small_url': 'https://images4-g.ravelrycache.com/uploads/sheilatoy/875689430/lotus_eater__265_small_best_fit.jpg', 'flickr_url': None, 'shelved_url': 'https://images4-g.ravelrycache.com/uploads/sheilatoy/875689430/lotus_eater__265_shelved.jpg', 'medium2_url': 'https://images4-a.ravelrycache.com/uploads/sheilatoy/875689430/lotus_eater__265_medium2.jpg', 'small2_url': 'https://images4-g.ravelrycache.com/uploads/sheilatoy/875689430/lotus_eater__265_small2.jpg', 'caption': None, 'caption_html': None, 'copyright_holder': None}, {'id': 115390217, 'sort_order': 37, 'user_id': 948337, 'x_offset': -44, 'y_offset': 0, 'square_url': 'https://images4-g.ravelrycache.com/uploads/sheilatoy/875689638/lotus_eater__349_square.jpg', 'medium_url': 'https://images4-f.ravelrycache.com/uploads/sheilatoy/875689638/lotus_eater__349_medium.jpg', 'thumbnail_url': 'https://images4-f.ravelrycache.com/uploads/sheilatoy/875689638/lotus_eater__349_thumbnail.jpg', 'small_url': 'https://images4-f.ravelrycache.com/uploads/sheilatoy/875689638/lotus_eater__349_small_best_fit.jpg', 'flickr_url': None, 'shelved_url': 'https://images4-f.ravelrycache.com/uploads/sheilatoy/875689638/lotus_eater__349_shelved.jpg', 'medium2_url': 'https://images4-a.ravelrycache.com/uploads/sheilatoy/875689638/lotus_eater__349_medium2.jpg', 'small2_url': 'https://images4-g.ravelrycache.com/uploads/sheilatoy/875689638/lotus_eater__349_small2.jpg', 'caption': None, 'caption_html': None, 'copyright_holder': None}, {'id': 115390218, 'sort_order': 38, 'user_id': 948337, 'x_offset': -44, 'y_offset': 0, 'square_url': 'https://images4-f.ravelrycache.com/uploads/sheilatoy/875689225/lotus_eater__204_square.jpg', 'medium_url': 'https://images4-g.ravelrycache.com/uploads/sheilatoy/875689225/lotus_eater__204_medium.jpg', 'thumbnail_url': 'https://images4-f.ravelrycache.com/uploads/sheilatoy/875689225/lotus_eater__204_thumbnail.jpg', 'small_url': 'https://images4-f.ravelrycache.com/uploads/sheilatoy/875689225/lotus_eater__204_small_best_fit.jpg', 'flickr_url': None, 'shelved_url': 'https://images4-f.ravelrycache.com/uploads/sheilatoy/875689225/lotus_eater__204_shelved.jpg', 'medium2_url': 'https://images4-a.ravelrycache.com/uploads/sheilatoy/875689225/lotus_eater__204_medium2.jpg', 'small2_url': 'https://images4-f.ravelrycache.com/uploads/sheilatoy/875689225/lotus_eater__204_small2.jpg', 'caption': None, 'caption_html': None, 'copyright_holder': None}, {'id': 115390219, 'sort_order': 39, 'user_id': 948337, 'x_offset': -43, 'y_offset': 0, 'square_url': 'https://images4-f.ravelrycache.com/uploads/sheilatoy/875689227/lotus_eater__202_square.jpg', 'medium_url': 'https://images4-g.ravelrycache.com/uploads/sheilatoy/875689227/lotus_eater__202_medium.jpg', 'thumbnail_url': 'https://images4-f.ravelrycache.com/uploads/sheilatoy/875689227/lotus_eater__202_thumbnail.jpg', 'small_url': 'https://images4-g.ravelrycache.com/uploads/sheilatoy/875689227/lotus_eater__202_small_best_fit.jpg', 'flickr_url': None, 'shelved_url': 'https://images4-g.ravelrycache.com/uploads/sheilatoy/875689227/lotus_eater__202_shelved.jpg', 'medium2_url': 'https://images4-a.ravelrycache.com/uploads/sheilatoy/875689227/lotus_eater__202_medium2.jpg', 'small2_url': 'https://images4-f.ravelrycache.com/uploads/sheilatoy/875689227/lotus_eater__202_small2.jpg', 'caption': None, 'caption_html': None, 'copyright_holder': None}, {'id': 115390220, 'sort_order': 40, 'user_id': 948337, 'x_offset': 0, 'y_offset': -43, 'square_url': 'https://images4-f.ravelrycache.com/uploads/sheilatoy/875688594/lotus_eater__176_square.jpg', 'medium_url': 'https://images4-g.ravelrycache.com/uploads/sheilatoy/875688594/lotus_eater__176_medium.jpg', 'thumbnail_url': 'https://images4-f.ravelrycache.com/uploads/sheilatoy/875688594/lotus_eater__176_thumbnail.jpg', 'small_url': 'https://images4-f.ravelrycache.com/uploads/sheilatoy/875688594/lotus_eater__176_small_best_fit.jpg', 'flickr_url': None, 'shelved_url': 'https://images4-f.ravelrycache.com/uploads/sheilatoy/875688594/lotus_eater__176_shelved.jpg', 'medium2_url': 'https://images4-a.ravelrycache.com/uploads/sheilatoy/875688594/lotus_eater__176_medium2.jpg', 'small2_url': 'https://images4-f.ravelrycache.com/uploads/sheilatoy/875688594/lotus_eater__176_small2.jpg', 'caption': None, 'caption_html': None, 'copyright_holder': None}, {'id': 115390221, 'sort_order': 41, 'user_id': 948337, 'x_offset': -43, 'y_offset': 0, 'square_url': 'https://images4-f.ravelrycache.com/uploads/sheilatoy/875688591/lotus_eater__024_square.jpg', 'medium_url': 'https://images4-g.ravelrycache.com/uploads/sheilatoy/875688591/lotus_eater__024_medium.jpg', 'thumbnail_url': 'https://images4-f.ravelrycache.com/uploads/sheilatoy/875688591/lotus_eater__024_thumbnail.jpg', 'small_url': 'https://images4-g.ravelrycache.com/uploads/sheilatoy/875688591/lotus_eater__024_small_best_fit.jpg', 'flickr_url': None, 'shelved_url': 'https://images4-g.ravelrycache.com/uploads/sheilatoy/875688591/lotus_eater__024_shelved.jpg', 'medium2_url': 'https://images4-a.ravelrycache.com/uploads/sheilatoy/875688591/lotus_eater__024_medium2.jpg', 'small2_url': 'https://images4-f.ravelrycache.com/uploads/sheilatoy/875688591/lotus_eater__024_small2.jpg', 'caption': None, 'caption_html': None, 'copyright_holder': None}, {'id': 115390222, 'sort_order': 42, 'user_id': 948337, 'x_offset': -44, 'y_offset': 0, 'square_url': 'https://images4-f.ravelrycache.com/uploads/sheilatoy/875691131/lotus_eater_2_080_square.jpg', 'medium_url': 'https://images4-g.ravelrycache.com/uploads/sheilatoy/875691131/lotus_eater_2_080_medium.jpg', 'thumbnail_url': 'https://images4-g.ravelrycache.com/uploads/sheilatoy/875691131/lotus_eater_2_080_thumbnail.jpg', 'small_url': 'https://images4-g.ravelrycache.com/uploads/sheilatoy/875691131/lotus_eater_2_080_small_best_fit.jpg', 'flickr_url': None, 'shelved_url': 'https://images4-g.ravelrycache.com/uploads/sheilatoy/875691131/lotus_eater_2_080_shelved.jpg', 'medium2_url': 'https://images4-a.ravelrycache.com/uploads/sheilatoy/875691131/lotus_eater_2_080_medium2.jpg', 'small2_url': 'https://images4-f.ravelrycache.com/uploads/sheilatoy/875691131/lotus_eater_2_080_small2.jpg', 'caption': None, 'caption_html': None, 'copyright_holder': None}, {'id': 115390223, 'sort_order': 43, 'user_id': 948337, 'x_offset': -44, 'y_offset': 0, 'square_url': 'https://images4-f.ravelrycache.com/uploads/sheilatoy/875691132/lotus_eater_2_067_square.jpg', 'medium_url': 'https://images4-g.ravelrycache.com/uploads/sheilatoy/875691132/lotus_eater_2_067_medium.jpg', 'thumbnail_url': 'https://images4-g.ravelrycache.com/uploads/sheilatoy/875691132/lotus_eater_2_067_thumbnail.jpg', 'small_url': 'https://images4-g.ravelrycache.com/uploads/sheilatoy/875691132/lotus_eater_2_067_small_best_fit.jpg', 'flickr_url': None, 'shelved_url': 'https://images4-g.ravelrycache.com/uploads/sheilatoy/875691132/lotus_eater_2_067_shelved.jpg', 'medium2_url': 'https://images4-a.ravelrycache.com/uploads/sheilatoy/875691132/lotus_eater_2_067_medium2.jpg', 'small2_url': 'https://images4-f.ravelrycache.com/uploads/sheilatoy/875691132/lotus_eater_2_067_small2.jpg', 'caption': None, 'caption_html': None, 'copyright_holder': None}, {'id': 115390224, 'sort_order': 44, 'user_id': 948337, 'x_offset': -44, 'y_offset': 0, 'square_url': 'https://images4-g.ravelrycache.com/uploads/sheilatoy/875690892/lotus_eater_2_049_square.jpg', 'medium_url': 'https://images4-f.ravelrycache.com/uploads/sheilatoy/875690892/lotus_eater_2_049_medium.jpg', 'thumbnail_url': 'https://images4-g.ravelrycache.com/uploads/sheilatoy/875690892/lotus_eater_2_049_thumbnail.jpg', 'small_url': 'https://images4-f.ravelrycache.com/uploads/sheilatoy/875690892/lotus_eater_2_049_small_best_fit.jpg', 'flickr_url': None, 'shelved_url': 'https://images4-g.ravelrycache.com/uploads/sheilatoy/875690892/lotus_eater_2_049_shelved.jpg', 'medium2_url': 'https://images4-a.ravelrycache.com/uploads/sheilatoy/875690892/lotus_eater_2_049_medium2.jpg', 'small2_url': 'https://images4-g.ravelrycache.com/uploads/sheilatoy/875690892/lotus_eater_2_049_small2.jpg', 'caption': None, 'caption_html': None, 'copyright_holder': None}, {'id': 115390225, 'sort_order': 45, 'user_id': 948337, 'x_offset': -44, 'y_offset': 0, 'square_url': 'https://images4-f.ravelrycache.com/uploads/sheilatoy/875691130/lotus_eater_2_063_square.jpg', 'medium_url': 'https://images4-g.ravelrycache.com/uploads/sheilatoy/875691130/lotus_eater_2_063_medium.jpg', 'thumbnail_url': 'https://images4-f.ravelrycache.com/uploads/sheilatoy/875691130/lotus_eater_2_063_thumbnail.jpg', 'small_url': 'https://images4-g.ravelrycache.com/uploads/sheilatoy/875691130/lotus_eater_2_063_small_best_fit.jpg', 'flickr_url': None, 'shelved_url': 'https://images4-g.ravelrycache.com/uploads/sheilatoy/875691130/lotus_eater_2_063_shelved.jpg', 'medium2_url': 'https://images4-a.ravelrycache.com/uploads/sheilatoy/875691130/lotus_eater_2_063_medium2.jpg', 'small2_url': 'https://images4-f.ravelrycache.com/uploads/sheilatoy/875691130/lotus_eater_2_063_small2.jpg', 'caption': None, 'caption_html': None, 'copyright_holder': None}, {'id': 115390226, 'sort_order': 46, 'user_id': 948337, 'x_offset': -44, 'y_offset': 0, 'square_url': 'https://images4-f.ravelrycache.com/uploads/sheilatoy/875690900/lotus_eater_2_044_square.jpg', 'medium_url': 'https://images4-g.ravelrycache.com/uploads/sheilatoy/875690900/lotus_eater_2_044_medium.jpg', 'thumbnail_url': 'https://images4-f.ravelrycache.com/uploads/sheilatoy/875690900/lotus_eater_2_044_thumbnail.jpg', 'small_url': 'https://images4-g.ravelrycache.com/uploads/sheilatoy/875690900/lotus_eater_2_044_small_best_fit.jpg', 'flickr_url': None, 'shelved_url': 'https://images4-f.ravelrycache.com/uploads/sheilatoy/875690900/lotus_eater_2_044_shelved.jpg', 'medium2_url': 'https://images4-a.ravelrycache.com/uploads/sheilatoy/875690900/lotus_eater_2_044_medium2.jpg', 'small2_url': 'https://images4-f.ravelrycache.com/uploads/sheilatoy/875690900/lotus_eater_2_044_small2.jpg', 'caption': None, 'caption_html': None, 'copyright_holder': None}, {'id': 115390227, 'sort_order': 47, 'user_id': 948337, 'x_offset': -44, 'y_offset': 0, 'square_url': 'https://images4-f.ravelrycache.com/uploads/sheilatoy/875690899/lotus_eater_2_039_square.jpg', 'medium_url': 'https://images4-g.ravelrycache.com/uploads/sheilatoy/875690899/lotus_eater_2_039_medium.jpg', 'thumbnail_url': 'https://images4-f.ravelrycache.com/uploads/sheilatoy/875690899/lotus_eater_2_039_thumbnail.jpg', 'small_url': 'https://images4-g.ravelrycache.com/uploads/sheilatoy/875690899/lotus_eater_2_039_small_best_fit.jpg', 'flickr_url': None, 'shelved_url': 'https://images4-g.ravelrycache.com/uploads/sheilatoy/875690899/lotus_eater_2_039_shelved.jpg', 'medium2_url': 'https://images4-a.ravelrycache.com/uploads/sheilatoy/875690899/lotus_eater_2_039_medium2.jpg', 'small2_url': 'https://images4-f.ravelrycache.com/uploads/sheilatoy/875690899/lotus_eater_2_039_small2.jpg', 'caption': None, 'caption_html': None, 'copyright_holder': None}, {'id': 115390228, 'sort_order': 48, 'user_id': 948337, 'x_offset': -44, 'y_offset': 0, 'square_url': 'https://images4-f.ravelrycache.com/uploads/sheilatoy/875690893/lotus_eater_2_034_square.jpg', 'medium_url': 'https://images4-g.ravelrycache.com/uploads/sheilatoy/875690893/lotus_eater_2_034_medium.jpg', 'thumbnail_url': 'https://images4-f.ravelrycache.com/uploads/sheilatoy/875690893/lotus_eater_2_034_thumbnail.jpg', 'small_url': 'https://images4-f.ravelrycache.com/uploads/sheilatoy/875690893/lotus_eater_2_034_small_best_fit.jpg', 'flickr_url': None, 'shelved_url': 'https://images4-g.ravelrycache.com/uploads/sheilatoy/875690893/lotus_eater_2_034_shelved.jpg', 'medium2_url': 'https://images4-a.ravelrycache.com/uploads/sheilatoy/875690893/lotus_eater_2_034_medium2.jpg', 'small2_url': 'https://images4-f.ravelrycache.com/uploads/sheilatoy/875690893/lotus_eater_2_034_small2.jpg', 'caption': None, 'caption_html': None, 'copyright_holder': None}, {'id': 115390229, 'sort_order': 49, 'user_id': 948337, 'x_offset': 0, 'y_offset': -44, 'square_url': 'https://images4-f.ravelrycache.com/uploads/sheilatoy/875690904/lotus_eater_2_017_square.jpg', 'medium_url': 'https://images4-g.ravelrycache.com/uploads/sheilatoy/875690904/lotus_eater_2_017_medium.jpg', 'thumbnail_url': 'https://images4-f.ravelrycache.com/uploads/sheilatoy/875690904/lotus_eater_2_017_thumbnail.jpg', 'small_url': 'https://images4-g.ravelrycache.com/uploads/sheilatoy/875690904/lotus_eater_2_017_small_best_fit.jpg', 'flickr_url': None, 'shelved_url': 'https://images4-f.ravelrycache.com/uploads/sheilatoy/875690904/lotus_eater_2_017_shelved.jpg', 'medium2_url': 'https://images4-a.ravelrycache.com/uploads/sheilatoy/875690904/lotus_eater_2_017_medium2.jpg', 'small2_url': 'https://images4-f.ravelrycache.com/uploads/sheilatoy/875690904/lotus_eater_2_017_small2.jpg', 'caption': None, 'caption_html': None, 'copyright_holder': None}, {'id': 115390230, 'sort_order': 50, 'user_id': 948337, 'x_offset': 0, 'y_offset': -44, 'square_url': 'https://images4-f.ravelrycache.com/uploads/sheilatoy/875690910/lotus_eater_2_006_square.jpg', 'medium_url': 'https://images4-g.ravelrycache.com/uploads/sheilatoy/875690910/lotus_eater_2_006_medium.jpg', 'thumbnail_url': 'https://images4-f.ravelrycache.com/uploads/sheilatoy/875690910/lotus_eater_2_006_thumbnail.jpg', 'small_url': 'https://images4-f.ravelrycache.com/uploads/sheilatoy/875690910/lotus_eater_2_006_small_best_fit.jpg', 'flickr_url': None, 'shelved_url': 'https://images4-g.ravelrycache.com/uploads/sheilatoy/875690910/lotus_eater_2_006_shelved.jpg', 'medium2_url': 'https://images4-a.ravelrycache.com/uploads/sheilatoy/875690910/lotus_eater_2_006_medium2.jpg', 'small2_url': 'https://images4-f.ravelrycache.com/uploads/sheilatoy/875690910/lotus_eater_2_006_small2.jpg', 'caption': None, 'caption_html': None, 'copyright_holder': None}]"
Olive & Oak Sweater,Knit Sisu,1271358,https://www.ravelry.com/patterns/library/olive--oak-sweater,False,https://images4-a.ravelrycache.com/uploads/KnitSisu/869931928/Olive___Oak_2_medium2.jpg,Knitting,"['unisex', 'teen', 'adult', 'oversized', 'cables', 'eyelets', 'ribbed', 'textured', 'v-neck', 'long-sleeve', 'straight', 'one-piece', 'seamless', 'bottom-up', 'positive-ease', 'written-pattern', 'drop-sleeve', 'worked-flat', 'in-the-round', 'three-needle-bind']",24.0,2.8,True,4.0,Stockinette using Size 5(3.75mm) needles,pullover,DK,15,5.0,"8 sizes available - bust 28-60""","[{'id': 115390567, 'sort_order': 1, 'user_id': 9227265, 'x_offset': -5, 'y_offset': -35, 'square_url': 'https://images4-f.ravelrycache.com/uploads/KnitSisu/869931928/Olive___Oak_2_square.jpg', 'medium_url': 'https://images4-g.ravelrycache.com/uploads/KnitSisu/869931928/Olive___Oak_2_medium.jpg', 'thumbnail_url': 'https://images4-g.ravelrycache.com/uploads/KnitSisu/869931928/Olive___Oak_2_thumbnail.jpg', 'small_url': 'https://images4-g.ravelrycache.com/uploads/KnitSisu/869931928/Olive___Oak_2_small.jpg', 'flickr_url': None, 'shelved_url': 'https://images4-g.ravelrycache.com/uploads/KnitSisu/869931928/Olive___Oak_2_shelved.jpg', 'medium2_url': 'https://images4-a.ravelrycache.com/uploads/KnitSisu/869931928/Olive___Oak_2_medium2.jpg', 'small2_url': 'https://images4-f.ravelrycache.com/uploads/KnitSisu/869931928/Olive___Oak_2_small2.jpg', 'caption': None, 'caption_html': None, 'copyright_holder': None}, {'id': 115390568, 'sort_order': 2, 'user_id': 9227265, 'x_offset': -5, 'y_offset': -35, 'square_url': 'https://images4-g.ravelrycache.com/uploads/KnitSisu/869931930/Olive___Oak_3_square.jpg', 'medium_url': 'https://images4-f.ravelrycache.com/uploads/KnitSisu/869931930/Olive___Oak_3_medium.jpg', 'thumbnail_url': 'https://images4-f.ravelrycache.com/uploads/KnitSisu/869931930/Olive___Oak_3_thumbnail.jpg', 'small_url': 'https://images4-g.ravelrycache.com/uploads/KnitSisu/869931930/Olive___Oak_3_small.jpg', 'flickr_url': None, 'shelved_url': 'https://images4-f.ravelrycache.com/uploads/KnitSisu/869931930/Olive___Oak_3_shelved.jpg', 'medium2_url': 'https://images4-a.ravelrycache.com/uploads/KnitSisu/869931930/Olive___Oak_3_medium2.jpg', 'small2_url': 'https://images4-g.ravelrycache.com/uploads/KnitSisu/869931930/Olive___Oak_3_small2.jpg', 'caption': None, 'caption_html': None, 'copyright_holder': None}, {'id': 115390569, 'sort_order': 3, 'user_id': 9227265, 'x_offset': -5, 'y_offset': -35, 'square_url': 'https://images4-g.ravelrycache.com/uploads/KnitSisu/869931932/Olive___Oak_6_square.jpg', 'medium_url': 'https://images4-f.ravelrycache.com/uploads/KnitSisu/869931932/Olive___Oak_6_medium.jpg', 'thumbnail_url': 'https://images4-f.ravelrycache.com/uploads/KnitSisu/869931932/Olive___Oak_6_thumbnail.jpg', 'small_url': 'https://images4-g.ravelrycache.com/uploads/KnitSisu/869931932/Olive___Oak_6_small.jpg', 'flickr_url': None, 'shelved_url': 'https://images4-g.ravelrycache.com/uploads/KnitSisu/869931932/Olive___Oak_6_shelved.jpg', 'medium2_url': 'https://images4-a.ravelrycache.com/uploads/KnitSisu/869931932/Olive___Oak_6_medium2.jpg', 'small2_url': 'https://images4-g.ravelrycache.com/uploads/KnitSisu/869931932/Olive___Oak_6_small2.jpg', 'caption': None, 'caption_html': None, 'copyright_holder': None}, {'id': 115390570, 'sort_order': 4, 'user_id': 9227265, 'x_offset': 0, 'y_offset': -24, 'square_url': 'https://images4-f.ravelrycache.com/uploads/KnitSisu/869931934/Olive___Oak_7_square.jpg', 'medium_url': 'https://images4-g.ravelrycache.com/uploads/KnitSisu/869931934/Olive___Oak_7_medium.jpg', 'thumbnail_url': 'https://images4-g.ravelrycache.com/uploads/KnitSisu/869931934/Olive___Oak_7_thumbnail.jpg', 'small_url': 'https://images4-g.ravelrycache.com/uploads/KnitSisu/869931934/Olive___Oak_7_small_best_fit.jpg', 'flickr_url': None, 'shelved_url': 'https://images4-f.ravelrycache.com/uploads/KnitSisu/869931934/Olive___Oak_7_shelved.jpg', 'medium2_url': 'https://images4-a.ravelrycache.com/uploads/KnitSisu/869931934/Olive___Oak_7_medium2.jpg', 'small2_url': 'https://images4-f.ravelrycache.com/uploads/KnitSisu/869931934/Olive___Oak_7_small2.jpg', 'caption': None, 'caption_html': None, 'copyright_holder': None}, {'id': 115390571, 'sort_order': 5, 'user_id': 9227265, 'x_offset': -5, 'y_offset': -35, 'square_url': 'https://images4-g.ravelrycache.com/uploads/KnitSisu/869931929/Olive___Oak_8_square.jpg', 'medium_url': 'https://images4-f.ravelrycache.com/uploads/KnitSisu/869931929/Olive___Oak_8_medium.jpg', 'thumbnail_url': 'https://images4-f.ravelrycache.com/uploads/KnitSisu/869931929/Olive___Oak_8_thumbnail.jpg', 'small_url': 'https://images4-f.ravelrycache.com/uploads/KnitSisu/869931929/Olive___Oak_8_small.jpg', 'flickr_url': None, 'shelved_url': 'https://images4-g.ravelrycache.com/uploads/KnitSisu/869931929/Olive___Oak_8_shelved.jpg', 'medium2_url': 'https://images4-a.ravelrycache.com/uploads/KnitSisu/869931929/Olive___Oak_8_medium2.jpg', 'small2_url': 'https://images4-g.ravelrycache.com/uploads/KnitSisu/869931929/Olive___Oak_8_small2.jpg', 'caption': None, 'caption_html': None, 'copyright_holder': None}, {'id': 115390572, 'sort_order': 6, 'user_id': 9227265, 'x_offset': -5, 'y_offset': -35, 'square_url': 'https://images4-f.ravelrycache.com/uploads/KnitSisu/869931931/Olive___Oak_9_square.jpg', 'medium_url': 'https://images4-g.ravelrycache.com/uploads/KnitSisu/869931931/Olive___Oak_9_medium.jpg', 'thumbnail_url': 'https://images4-g.ravelrycache.com/uploads/KnitSisu/869931931/Olive___Oak_9_thumbnail.jpg', 'small_url': 'https://images4-f.ravelrycache.com/uploads/KnitSisu/869931931/Olive___Oak_9_small.jpg', 'flickr_url': None, 'shelved_url': 'https://images4-f.ravelrycache.com/uploads/KnitSisu/869931931/Olive___Oak_9_shelved.jpg', 'medium2_url': 'https://images4-a.ravelrycache.com/uploads/KnitSisu/869931931/Olive___Oak_9_medium2.jpg', 'small2_url': 'https://images4-f.ravelrycache.com/uploads/KnitSisu/869931931/Olive___Oak_9_small2.jpg', 'caption': None, 'caption_html': None, 'copyright_holder': None}, {'id': 115390573, 'sort_order': 7, 'user_id': 9227265, 'x_offset': -5, 'y_offset': -35, 'square_url': 'https://images4-f.ravelrycache.com/uploads/KnitSisu/869931935/Olive___Oak_4_square.jpg', 'medium_url': 'https://images4-g.ravelrycache.com/uploads/KnitSisu/869931935/Olive___Oak_4_medium.jpg', 'thumbnail_url': 'https://images4-f.ravelrycache.com/uploads/KnitSisu/869931935/Olive___Oak_4_thumbnail.jpg', 'small_url': 'https://images4-f.ravelrycache.com/uploads/KnitSisu/869931935/Olive___Oak_4_small.jpg', 'flickr_url': None, 'shelved_url': 'https://images4-f.ravelrycache.com/uploads/KnitSisu/869931935/Olive___Oak_4_shelved.jpg', 'medium2_url': 'https://images4-a.ravelrycache.com/uploads/KnitSisu/869931935/Olive___Oak_4_medium2.jpg', 'small2_url': 'https://images4-f.ravelrycache.com/uploads/KnitSisu/869931935/Olive___Oak_4_small2.jpg', 'caption': None, 'caption_html': None, 'copyright_holder': None}]"
237-20  Caramel Macchiato,DROPS design,1271414,https://www.ravelry.com/patterns/library/237-20-caramel-macchiato,True,https://images4-a.ravelrycache.com/uploads/Drops/875943064/20-2_medium2.jpg,Knitting,"['female', 'teen', 'adult', 'plus', 'ribbed', 'seamed', 'crew-neck', 'long-sleeve', 'bottom-up', 'chart', 'written-pattern', 'video-tutorial', 'drop-sleeve', 'cuffed-sleeve', 'worked-flat', 'in-the-round', 'schematic', 'brioche-tuck']",13.0,5.0,True,4.0,English rib (brioche) with larger needles and 1 strand each yarn,pullover,DK,11,3.5,S – M – L – XL – XXL – XXXL,"[{'id': 115395995, 'sort_order': 1, 'user_id': 32910, 'x_offset': 0, 'y_offset': -47, 'square_url': 'https://images4-f.ravelrycache.com/uploads/Drops/875943064/20-2_square.jpg', 'medium_url': 'https://images4-g.ravelrycache.com/uploads/Drops/875943064/20-2_medium.jpg', 'thumbnail_url': 'https://images4-f.ravelrycache.com/uploads/Drops/875943064/20-2_thumbnail.jpg', 'small_url': 'https://images4-g.ravelrycache.com/uploads/Drops/875943064/20-2_small_best_fit.jpg', 'flickr_url': None, 'shelved_url': 'https://images4-f.ravelrycache.com/uploads/Drops/875943064/20-2_shelved.jpg', 'medium2_url': 'https://images4-a.ravelrycache.com/uploads/Drops/875943064/20-2_medium2.jpg', 'small2_url': 'https://images4-f.ravelrycache.com/uploads/Drops/875943064/20-2_small2.jpg', 'caption': None, 'caption_html': None, 'copyright_holder': None}, {'id': 115395996, 'sort_order': 2, 'user_id': 32910, 'x_offset': 2, 'y_offset': -35, 'square_url': 'https://images4-f.ravelrycache.com/uploads/Drops/875943066/20b-2_square.jpg', 'medium_url': 'https://images4-g.ravelrycache.com/uploads/Drops/875943066/20b-2_medium.jpg', 'thumbnail_url': 'https://images4-f.ravelrycache.com/uploads/Drops/875943066/20b-2_thumbnail.jpg', 'small_url': 'https://images4-f.ravelrycache.com/uploads/Drops/875943066/20b-2_small_best_fit.jpg', 'flickr_url': None, 'shelved_url': 'https://images4-g.ravelrycache.com/uploads/Drops/875943066/20b-2_shelved.jpg', 'medium2_url': 'https://images4-a.ravelrycache.com/uploads/Drops/875943066/20b-2_medium2.jpg', 'small2_url': 'https://images4-f.ravelrycache.com/uploads/Drops/875943066/20b-2_small2.jpg', 'caption': None, 'caption_html': None, 'copyright_holder': None}, {'id': 115395997, 'sort_order': 3, 'user_id': 32910, 'x_offset': 0, 'y_offset': -47, 'square_url': 'https://images4-f.ravelrycache.com/uploads/Drops/875943065/20c-2_square.jpg', 'medium_url': 'https://images4-g.ravelrycache.com/uploads/Drops/875943065/20c-2_medium.jpg', 'thumbnail_url': 'https://images4-f.ravelrycache.com/uploads/Drops/875943065/20c-2_thumbnail.jpg', 'small_url': 'https://images4-f.ravelrycache.com/uploads/Drops/875943065/20c-2_small_best_fit.jpg', 'flickr_url': None, 'shelved_url': 'https://images4-f.ravelrycache.com/uploads/Drops/875943065/20c-2_shelved.jpg', 'medium2_url': 'https://images4-a.ravelrycache.com/uploads/Drops/875943065/20c-2_medium2.jpg', 'small2_url': 'https://images4-f.ravelrycache.com/uploads/Drops/875943065/20c-2_small2.jpg', 'caption': None, 'caption_html': None, 'copyright_holder': None}]"
Doodle Sweater,Whitney Terrell,1271478,https://www.ravelry.com/patterns/library/doodle-sweater-2,False,https://images4-a.ravelrycache.com/uploads/WhitneyTerrell/875960682/8A0E3F19-B094-4E3E-BEE4-4D3C8032143A_medium2.jpeg,Knitting,"['unisex', 'circular-yoke', 'collar', 'crew-neck', 'straight', 'stranded', 'one-piece', 'seamless', 'top-down', 'circle-shaped', 'positive-ease', 'chart', 'written-pattern', 'bracelet-sleeve', 'cuffed-sleeve', 'in-the-round', 'icord-edging', 'stripes-colorwork']",21.0,4.0,True,4.0,Stockinette,pullover,DK,12,4.0,,"[{'id': 115398482, 'sort_order': 1, 'user_id': 303126, 'x_offset': 0, 'y_offset': -22, 'square_url': 'https://images4-f.ravelrycache.com/uploads/WhitneyTerrell/875960682/8A0E3F19-B094-4E3E-BEE4-4D3C8032143A_square.jpeg', 'medium_url': 'https://images4-f.ravelrycache.com/uploads/WhitneyTerrell/875960682/8A0E3F19-B094-4E3E-BEE4-4D3C8032143A_medium.jpeg', 'thumbnail_url': 'https://images4-f.ravelrycache.com/uploads/WhitneyTerrell/875960682/8A0E3F19-B094-4E3E-BEE4-4D3C8032143A_thumbnail.jpeg', 'small_url': 'https://images4-f.ravelrycache.com/uploads/WhitneyTerrell/875960682/8A0E3F19-B094-4E3E-BEE4-4D3C8032143A_small_best_fit.jpeg', 'flickr_url': None, 'shelved_url': 'https://images4-g.ravelrycache.com/uploads/WhitneyTerrell/875960682/8A0E3F19-B094-4E3E-BEE4-4D3C8032143A_shelved.jpeg', 'medium2_url': 'https://images4-a.ravelrycache.com/uploads/WhitneyTerrell/875960682/8A0E3F19-B094-4E3E-BEE4-4D3C8032143A_medium2.jpeg', 'small2_url': 'https://images4-g.ravelrycache.com/uploads/WhitneyTerrell/875960682/8A0E3F19-B094-4E3E-BEE4-4D3C8032143A_small2.jpeg', 'caption': None, 'caption_html': None, 'copyright_holder': None}, {'id': 115398483, 'sort_order': 2, 'user_id': 303126, 'x_offset': -5, 'y_offset': -35, 'square_url': 'https://images4-g.ravelrycache.com/uploads/WhitneyTerrell/875961011/555F0BEA-2D00-41AD-BAF4-7B5B0CA7BD21_square.jpeg', 'medium_url': 'https://images4-g.ravelrycache.com/uploads/WhitneyTerrell/875961011/555F0BEA-2D00-41AD-BAF4-7B5B0CA7BD21_medium.jpeg', 'thumbnail_url': 'https://images4-f.ravelrycache.com/uploads/WhitneyTerrell/875961011/555F0BEA-2D00-41AD-BAF4-7B5B0CA7BD21_thumbnail.jpeg', 'small_url': 'https://images4-g.ravelrycache.com/uploads/WhitneyTerrell/875961011/555F0BEA-2D00-41AD-BAF4-7B5B0CA7BD21_small.jpeg', 'flickr_url': None, 'shelved_url': 'https://images4-f.ravelrycache.com/uploads/WhitneyTerrell/875961011/555F0BEA-2D00-41AD-BAF4-7B5B0CA7BD21_shelved.jpeg', 'medium2_url': 'https://images4-a.ravelrycache.com/uploads/WhitneyTerrell/875961011/555F0BEA-2D00-41AD-BAF4-7B5B0CA7BD21_medium2.jpeg', 'small2_url': 'https://images4-f.ravelrycache.com/uploads/WhitneyTerrell/875961011/555F0BEA-2D00-41AD-BAF4-7B5B0CA7BD21_small2.jpeg', 'caption': None, 'caption_html': None, 'copyright_holder': None}, {'id': 115398484, 'sort_order': 3, 'user_id': 303126, 'x_offset': -5, 'y_offset': -35, 'square_url': 'https://images4-g.ravelrycache.com/uploads/WhitneyTerrell/875961012/B6B5FB83-9C59-493A-9821-DE72C22B897E_square.jpeg', 'medium_url': 'https://images4-g.ravelrycache.com/uploads/WhitneyTerrell/875961012/B6B5FB83-9C59-493A-9821-DE72C22B897E_medium.jpeg', 'thumbnail_url': 'https://images4-g.ravelrycache.com/uploads/WhitneyTerrell/875961012/B6B5FB83-9C59-493A-9821-DE72C22B897E_thumbnail.jpeg', 'small_url': 'https://images4-f.ravelrycache.com/uploads/WhitneyTerrell/875961012/B6B5FB83-9C59-493A-9821-DE72C22B897E_small.jpeg', 'flickr_url': None, 'shelved_url': 'https://images4-f.ravelrycache.com/uploads/WhitneyTerrell/875961012/B6B5FB83-9C59-493A-9821-DE72C22B897E_shelved.jpeg', 'medium2_url': 'https://images4-a.ravelrycache.com/uploads/WhitneyTerrell/875961012/B6B5FB83-9C59-493A-9821-DE72C22B897E_medium2.jpeg', 'small2_url': 'https://images4-f.ravelrycache.com/uploads/WhitneyTerrell/875961012/B6B5FB83-9C59-493A-9821-DE72C22B897E_small2.jpeg', 'caption': None, 'caption_html': None, 'copyright_holder': None}, {'id': 115398485, 'sort_order': 4, 'user_id': 303126, 'x_offset': -35, 'y_offset': -5, 'square_url': 'https://images4-g.ravelrycache.com/uploads/WhitneyTerrell/875960678/05A8E685-DF80-4FFC-854E-ADAA394F1DC2_square.jpeg', 'medium_url': 'https://images4-g.ravelrycache.com/uploads/WhitneyTerrell/875960678/05A8E685-DF80-4FFC-854E-ADAA394F1DC2_medium.jpeg', 'thumbnail_url': 'https://images4-g.ravelrycache.com/uploads/WhitneyTerrell/875960678/05A8E685-DF80-4FFC-854E-ADAA394F1DC2_thumbnail.jpeg', 'small_url': 'https://images4-f.ravelrycache.com/uploads/WhitneyTerrell/875960678/05A8E685-DF80-4FFC-854E-ADAA394F1DC2_small.jpeg', 'flickr_url': None, 'shelved_url': 'https://images4-g.ravelrycache.com/uploads/WhitneyTerrell/875960678/05A8E685-DF80-4FFC-854E-ADAA394F1DC2_shelved.jpeg', 'medium2_url': 'https://images4-a.ravelrycache.com/uploads/WhitneyTerrell/875960678/05A8E685-DF80-4FFC-854E-ADAA394F1DC2_medium2.jpeg', 'small2_url': 'https://images4-f.ravelrycache.com/uploads/WhitneyTerrell/875960678/05A8E685-DF80-4FFC-854E-ADAA394F1DC2_small2.jpeg', 'caption': None, 'caption_html': None, 'copyright_holder': None}]"
La Belle Époque,Knitting For Breakfast,1271497,https://www.ravelry.com/patterns/library/la-belle-epoque-2,False,https://images4-a.ravelrycache.com/uploads/knitforbreakfast/875965441/IMG_6594__2__medium2.jpg,Knitting,"['female', 'adult', 'plus', 'bobble-or-popcorn', 'cables', 'ribbed', 'circular-yoke', 'crew-neck', 'sleeves', 'straight', 'one-piece', 'seamless', 'short-rows', 'top-down', 'positive-ease', 'chart', 'written-pattern', 'in-the-round']",20.0,3.75,True,4.0,stocking st.,pullover,DK,21,5.0,"Bust Circumference(finished garments):  84, 92, 100 (108, 116, 126) ( 136, 1466, 156) 166, 176 cm; 33, 36.2, 39.3 (42.5, 45.6, 49.6) ( 53.5, 57.4, 61.4) 65.3, 69.2 ""","[{'id': 115399641, 'sort_order': 1, 'user_id': 6528756, 'x_offset': -2, 'y_offset': -32, 'square_url': 'https://images4-g.ravelrycache.com/uploads/knitforbreakfast/875965441/IMG_6594__2__square.jpg', 'medium_url': 'https://images4-f.ravelrycache.com/uploads/knitforbreakfast/875965441/IMG_6594__2__medium.jpg', 'thumbnail_url': 'https://images4-f.ravelrycache.com/uploads/knitforbreakfast/875965441/IMG_6594__2__thumbnail.jpg', 'small_url': 'https://images4-g.ravelrycache.com/uploads/knitforbreakfast/875965441/IMG_6594__2__small_best_fit.jpg', 'flickr_url': None, 'shelved_url': 'https://images4-g.ravelrycache.com/uploads/knitforbreakfast/875965441/IMG_6594__2__shelved.jpg', 'medium2_url': 'https://images4-a.ravelrycache.com/uploads/knitforbreakfast/875965441/IMG_6594__2__medium2.jpg', 'small2_url': 'https://images4-g.ravelrycache.com/uploads/knitforbreakfast/875965441/IMG_6594__2__small2.jpg', 'caption': None, 'caption_html': None, 'copyright_holder': None}, {'id': 115399638, 'sort_order': 2, 'user_id': 6528756, 'x_offset': 0, 'y_offset': -26, 'square_url': 'https://images4-f.ravelrycache.com/uploads/knitforbreakfast/875965862/IMG_6626_square.jpg', 'medium_url': 'https://images4-g.ravelrycache.com/uploads/knitforbreakfast/875965862/IMG_6626_medium.jpg', 'thumbnail_url': 'https://images4-g.ravelrycache.com/uploads/knitforbreakfast/875965862/IMG_6626_thumbnail.jpg', 'small_url': 'https://images4-g.ravelrycache.com/uploads/knitforbreakfast/875965862/IMG_6626_small_best_fit.jpg', 'flickr_url': None, 'shelved_url': 'https://images4-g.ravelrycache.com/uploads/knitforbreakfast/875965862/IMG_6626_shelved.jpg', 'medium2_url': 'https://images4-a.ravelrycache.com/uploads/knitforbreakfast/875965862/IMG_6626_medium2.jpg', 'small2_url': 'https://images4-f.ravelrycache.com/uploads/knitforbreakfast/875965862/IMG_6626_small2.jpg', 'caption': None, 'caption_html': None, 'copyright_holder': None}, {'id': 115695324, 'sort_order': 3, 'user_id': 9576831, 'x_offset': 0, 'y_offset': -22, 'square_url': 'https://images4-g.ravelrycache.com/uploads/CharlotteB67/875507010/71A95460-5B1F-4A08-B73E-2AE630A039CA_square.jpeg', 'medium_url': 'https://images4-g.ravelrycache.com/uploads/CharlotteB67/875507010/71A95460-5B1F-4A08-B73E-2AE630A039CA_medium.jpeg', 'thumbnail_url': 'https://images4-f.ravelrycache.com/uploads/CharlotteB67/875507010/71A95460-5B1F-4A08-B73E-2AE630A039CA_thumbnail.jpeg', 'small_url': 'https://images4-g.ravelrycache.com/uploads/CharlotteB67/875507010/71A95460-5B1F-4A08-B73E-2AE630A039CA_small_best_fit.jpeg', 'flickr_url': None, 'shelved_url': 'https://images4-f.ravelrycache.com/uploads/CharlotteB67/875507010/71A95460-5B1F-4A08-B73E-2AE630A039CA_shelved.jpeg', 'medium2_url': 'https://images4-a.ravelrycache.com/uploads/CharlotteB67/875507010/71A95460-5B1F-4A08-B73E-2AE630A039CA_medium2.jpeg', 'small2_url': 'https://images4-f.ravelrycache.com/uploads/CharlotteB67/875507010/71A95460-5B1F-4A08-B73E-2AE630A039CA_small2.jpeg', 'caption': None, 'caption_html': None, 'copyright_holder': None}, {'id': 115399637, 'sort_order': 4, 'user_id': 6528756, 'x_offset': -24, 'y_offset': 0, 'square_url': 'https://images4-g.ravelrycache.com/uploads/knitforbreakfast/875965089/IMG_6621__1__square.jpg', 'medium_url': 'https://images4-f.ravelrycache.com/uploads/knitforbreakfast/875965089/IMG_6621__1__medium.jpg', 'thumbnail_url': 'https://images4-f.ravelrycache.com/uploads/knitforbreakfast/875965089/IMG_6621__1__thumbnail.jpg', 'small_url': 'https://images4-f.ravelrycache.com/uploads/knitforbreakfast/875965089/IMG_6621__1__small_best_fit.jpg', 'flickr_url': None, 'shelved_url': 'https://images4-g.ravelrycache.com/uploads/knitforbreakfast/875965089/IMG_6621__1__shelved.jpg', 'medium2_url': 'https://images4-a.ravelrycache.com/uploads/knitforbreakfast/875965089/IMG_6621__1__medium2.jpg', 'small2_url': 'https://images4-g.ravelrycache.com/uploads/knitforbreakfast/875965089/IMG_6621__1__small2.jpg', 'caption': None, 'caption_html': None, 'copyright_holder': None}, {'id': 115621864, 'sort_order': 5, 'user_id': 1946902, 'x_offset': 1, 'y_offset': -8, 'square_url': 'https://images4-f.ravelrycache.com/uploads/elisado/874233608/IMG-2514_square.jpg', 'medium_url': 'https://images4-g.ravelrycache.com/uploads/elisado/874233608/IMG-2514_medium.jpg', 'thumbnail_url': 'https://images4-f.ravelrycache.com/uploads/elisado/874233608/IMG-2514_thumbnail.jpg', 'small_url': 'https://images4-f.ravelrycache.com/uploads/elisado/874233608/IMG-2514_small_best_fit.jpg', 'flickr_url': None, 'shelved_url': 'https://images4-f.ravelrycache.com/uploads/elisado/874233608/IMG-2514_shelved.jpg', 'medium2_url': 'https://images4-a.ravelrycache.com/uploads/elisado/874233608/IMG-2514_medium2.jpg', 'small2_url': 'https://images4-f.ravelrycache.com/uploads/elisado/874233608/IMG-2514_small2.jpg', 'caption': None, 'caption_html': None, 'copyright_holder': None}, {'id': 115399639, 'sort_order': 6, 'user_id': 6528756, 'x_offset': -43, 'y_offset': 0, 'square_url': 'https://images4-f.ravelrycache.com/uploads/knitforbreakfast/875966373/IMG_6660__3__square.jpg', 'medium_url': 'https://images4-g.ravelrycache.com/uploads/knitforbreakfast/875966373/IMG_6660__3__medium.jpg', 'thumbnail_url': 'https://images4-f.ravelrycache.com/uploads/knitforbreakfast/875966373/IMG_6660__3__thumbnail.jpg', 'small_url': 'https://images4-g.ravelrycache.com/uploads/knitforbreakfast/875966373/IMG_6660__3__small_best_fit.jpg', 'flickr_url': None, 'shelved_url': 'https://images4-g.ravelrycache.com/uploads/knitforbreakfast/875966373/IMG_6660__3__shelved.jpg', 'medium2_url': 'https://images4-a.ravelrycache.com/uploads/knitforbreakfast/875966373/IMG_6660__3__medium2.jpg', 'small2_url': 'https://images4-f.ravelrycache.com/uploads/knitforbreakfast/875966373/IMG_6660__3__small2.jpg', 'caption': None, 'caption_html': None, 'copyright_holder': None}, {'id': 115438615, 'sort_order': 7, 'user_id': 6049614, 'x_offset': 0, 'y_offset': -22, 'square_url': 'https://images4-g.ravelrycache.com/uploads/patribel/873660967/C5A351C1-5B45-4B0F-B1B7-9BCE95263326_square.jpeg', 'medium_url': 'https://images4-g.ravelrycache.com/uploads/patribel/873660967/C5A351C1-5B45-4B0F-B1B7-9BCE95263326_medium.jpeg', 'thumbnail_url': 'https://images4-g.ravelrycache.com/uploads/patribel/873660967/C5A351C1-5B45-4B0F-B1B7-9BCE95263326_thumbnail.jpeg', 'small_url': 'https://images4-g.ravelrycache.com/uploads/patribel/873660967/C5A351C1-5B45-4B0F-B1B7-9BCE95263326_small_best_fit.jpeg', 'flickr_url': None, 'shelved_url': 'https://images4-g.ravelrycache.com/uploads/patribel/873660967/C5A351C1-5B45-4B0F-B1B7-9BCE95263326_shelved.jpeg', 'medium2_url': 'https://images4-a.ravelrycache.com/uploads/patribel/873660967/C5A351C1-5B45-4B0F-B1B7-9BCE95263326_medium2.jpeg', 'small2_url': 'https://images4-f.ravelrycache.com/uploads/patribel/873660967/C5A351C1-5B45-4B0F-B1B7-9BCE95263326_small2.jpeg', 'caption': None, 'caption_html': None, 'copyright_holder': None}, {'id': 115399640, 'sort_order': 8, 'user_id': 6528756, 'x_offset': 0, 'y_offset': -22, 'square_url': 'https://images4-g.ravelrycache.com/uploads/knitforbreakfast/875966843/IMG_6638_square.jpg', 'medium_url': 'https://images4-f.ravelrycache.com/uploads/knitforbreakfast/875966843/IMG_6638_medium.jpg', 'thumbnail_url': 'https://images4-f.ravelrycache.com/uploads/knitforbreakfast/875966843/IMG_6638_thumbnail.jpg', 'small_url': 'https://images4-f.ravelrycache.com/uploads/knitforbreakfast/875966843/IMG_6638_small_best_fit.jpg', 'flickr_url': None, 'shelved_url': 'https://images4-g.ravelrycache.com/uploads/knitforbreakfast/875966843/IMG_6638_shelved.jpg', 'medium2_url': 'https://images4-a.ravelrycache.com/uploads/knitforbreakfast/875966843/IMG_6638_medium2.jpg', 'small2_url': 'https://images4-g.ravelrycache.com/uploads/knitforbreakfast/875966843/IMG_6638_small2.jpg', 'caption': None, 'caption_html': None, 'copyright_holder': None}, {'id': 115399642, 'sort_order': 9, 'user_id': 6528756, 'x_offset': -2, 'y_offset': -31, 'square_url': 'https://images4-f.ravelrycache.com/uploads/knitforbreakfast/875967166/IMG_6679_square.jpg', 'medium_url': 'https://images4-g.ravelrycache.com/uploads/knitforbreakfast/875967166/IMG_6679_medium.jpg', 'thumbnail_url': 'https://images4-f.ravelrycache.com/uploads/knitforbreakfast/875967166/IMG_6679_thumbnail.jpg', 'small_url': 'https://images4-f.ravelrycache.com/uploads/knitforbreakfast/875967166/IMG_6679_small_best_fit.jpg', 'flickr_url': None, 'shelved_url': 'https://images4-g.ravelrycache.com/uploads/knitforbreakfast/875967166/IMG_6679_shelved.jpg', 'medium2_url': 'https://images4-a.ravelrycache.com/uploads/knitforbreakfast/875967166/IMG_6679_medium2.jpg', 'small2_url': 'https://images4-f.ravelrycache.com/uploads/knitforbreakfast/875967166/IMG_6679_small2.jpg', 'caption': None, 'caption_html': None, 'copyright_holder': None}, {'id': 115399643, 'sort_order': 10, 'user_id': 6528756, 'x_offset': -1, 'y_offset': -4, 'square_url': 'https://images4-f.ravelrycache.com/uploads/knitforbreakfast/875966659/IMG_20220829_145524__2__square.jpg', 'medium_url': 'https://images4-g.ravelrycache.com/uploads/knitforbreakfast/875966659/IMG_20220829_145524__2__medium.jpg', 'thumbnail_url': 'https://images4-f.ravelrycache.com/uploads/knitforbreakfast/875966659/IMG_20220829_145524__2__thumbnail.jpg', 'small_url': 'https://images4-f.ravelrycache.com/uploads/knitforbreakfast/875966659/IMG_20220829_145524__2__small_best_fit.jpg', 'flickr_url': None, 'shelved_url': 'https://images4-g.ravelrycache.com/uploads/knitforbreakfast/875966659/IMG_20220829_145524__2__shelved.jpg', 'medium2_url': 'https://images4-a.ravelrycache.com/uploads/knitforbreakfast/875966659/IMG_20220829_145524__2__medium2.jpg', 'small2_url': 'https://images4-f.ravelrycache.com/uploads/knitforbreakfast/875966659/IMG_20220829_145524__2__small2.jpg', 'caption': None, 'caption_html': None, 'copyright_holder': None}]"
PTO-045_05 Lang Yarns Cloud,LANGYARNS SWITZERLAND,1271897,https://www.ravelry.com/patterns/library/pto-04505-lang-yarns-cloud,False,https://images4-a.ravelrycache.com/uploads/MarthaWissing/876224484/901_045_005_M_medium2.jpg,Knitting,"['female', 'adult', 'seamed', 'crew-neck', 'long-sleeve', 'dropped-stitches', 'buttonholes', 'bottom-up', 'written-pattern', 'drop-sleeve', 'worked-flat', 'schematic']",9.0,0.0,True,4.0,Pattern st ,pullover,Bulky,4,0.0,Size S–M / L–XL,"[{'id': 115432993, 'sort_order': 1, 'user_id': 3250750, 'x_offset': 0, 'y_offset': -43, 'square_url': 'https://images4-g.ravelrycache.com/uploads/MarthaWissing/876224484/901_045_005_M_square.jpg', 'medium_url': 'https://images4-f.ravelrycache.com/uploads/MarthaWissing/876224484/901_045_005_M_medium.jpg', 'thumbnail_url': 'https://images4-g.ravelrycache.com/uploads/MarthaWissing/876224484/901_045_005_M_thumbnail.jpg', 'small_url': 'https://images4-g.ravelrycache.com/uploads/MarthaWissing/876224484/901_045_005_M_small_best_fit.jpg', 'flickr_url': None, 'shelved_url': 'https://images4-f.ravelrycache.com/uploads/MarthaWissing/876224484/901_045_005_M_shelved.jpg', 'medium2_url': 'https://images4-a.ravelrycache.com/uploads/MarthaWissing/876224484/901_045_005_M_medium2.jpg', 'small2_url': 'https://images4-g.ravelrycache.com/uploads/MarthaWissing/876224484/901_045_005_M_small2.jpg', 'caption': None, 'caption_html': None, 'copyright_holder': 'Lang Yarns'}, {'id': 115432994, 'sort_order': 2, 'user_id': 3250750, 'x_offset': 0, 'y_offset': -43, 'square_url': 'https://images4-g.ravelrycache.com/uploads/MarthaWissing/876224485/901_045_005_D1_square.jpg', 'medium_url': 'https://images4-f.ravelrycache.com/uploads/MarthaWissing/876224485/901_045_005_D1_medium.jpg', 'thumbnail_url': 'https://images4-g.ravelrycache.com/uploads/MarthaWissing/876224485/901_045_005_D1_thumbnail.jpg', 'small_url': 'https://images4-g.ravelrycache.com/uploads/MarthaWissing/876224485/901_045_005_D1_small_best_fit.jpg', 'flickr_url': None, 'shelved_url': 'https://images4-f.ravelrycache.com/uploads/MarthaWissing/876224485/901_045_005_D1_shelved.jpg', 'medium2_url': 'https://images4-a.ravelrycache.com/uploads/MarthaWissing/876224485/901_045_005_D1_medium2.jpg', 'small2_url': 'https://images4-g.ravelrycache.com/uploads/MarthaWissing/876224485/901_045_005_D1_small2.jpg', 'caption': None, 'caption_html': None, 'copyright_holder': 'Lang Yarns'}]"
Coastal Tee,Barbara Wanthal,1272313,https://www.ravelry.com/patterns/library/coastal-tee-2,False,https://images4-a.ravelrycache.com/uploads/SewBKnit/875356384/IMG_0295_medium2.jpg,Knitting,"['circular-yoke', 'scoop-neck', 'short-sleeve', 'one-piece', 'top-down', 'positive-ease', 'in-the-round', 'stripes-colorwork']",22.0,2.3333333333333335,True,4.0,Stockinette ,pullover,Fingering,22,4.75,"Finished Bust Circumference: 33 (37.5, 42, 46, 51, 55.5, 63) inches [84 (95, 107, 117, 130, 141, 160) cm]","[{'id': 115475523, 'sort_order': 1, 'user_id': 348678, 'x_offset': -5, 'y_offset': -35, 'square_url': 'https://images4-f.ravelrycache.com/uploads/SewBKnit/875356384/IMG_0295_square.jpg', 'medium_url': 'https://images4-g.ravelrycache.com/uploads/SewBKnit/875356384/IMG_0295_medium.jpg', 'thumbnail_url': 'https://images4-f.ravelrycache.com/uploads/SewBKnit/875356384/IMG_0295_thumbnail.jpg', 'small_url': 'https://images4-f.ravelrycache.com/uploads/SewBKnit/875356384/IMG_0295_small.jpg', 'flickr_url': None, 'shelved_url': 'https://images4-g.ravelrycache.com/uploads/SewBKnit/875356384/IMG_0295_shelved.jpg', 'medium2_url': 'https://images4-a.ravelrycache.com/uploads/SewBKnit/875356384/IMG_0295_medium2.jpg', 'small2_url': 'https://images4-f.ravelrycache.com/uploads/SewBKnit/875356384/IMG_0295_small2.jpg', 'caption': None, 'caption_html': None, 'copyright_holder': None}, {'id': 115475524, 'sort_order': 2, 'user_id': 348678, 'x_offset': -5, 'y_offset': -35, 'square_url': 'https://images4-f.ravelrycache.com/uploads/SewBKnit/875356383/IMG_0291_square.jpg', 'medium_url': 'https://images4-g.ravelrycache.com/uploads/SewBKnit/875356383/IMG_0291_medium.jpg', 'thumbnail_url': 'https://images4-f.ravelrycache.com/uploads/SewBKnit/875356383/IMG_0291_thumbnail.jpg', 'small_url': 'https://images4-g.ravelrycache.com/uploads/SewBKnit/875356383/IMG_0291_small.jpg', 'flickr_url': None, 'shelved_url': 'https://images4-f.ravelrycache.com/uploads/SewBKnit/875356383/IMG_0291_shelved.jpg', 'medium2_url': 'https://images4-a.ravelrycache.com/uploads/SewBKnit/875356383/IMG_0291_medium2.jpg', 'small2_url': 'https://images4-f.ravelrycache.com/uploads/SewBKnit/875356383/IMG_0291_small2.jpg', 'caption': None, 'caption_html': None, 'copyright_holder': None}, {'id': 115475525, 'sort_order': 3, 'user_id': 348678, 'x_offset': -5, 'y_offset': -35, 'square_url': 'https://images4-g.ravelrycache.com/uploads/SewBKnit/875356382/IMG_0289_square.jpg', 'medium_url': 'https://images4-f.ravelrycache.com/uploads/SewBKnit/875356382/IMG_0289_medium.jpg', 'thumbnail_url': 'https://images4-g.ravelrycache.com/uploads/SewBKnit/875356382/IMG_0289_thumbnail.jpg', 'small_url': 'https://images4-g.ravelrycache.com/uploads/SewBKnit/875356382/IMG_0289_small.jpg', 'flickr_url': None, 'shelved_url': 'https://images4-f.ravelrycache.com/uploads/SewBKnit/875356382/IMG_0289_shelved.jpg', 'medium2_url': 'https://images4-a.ravelrycache.com/uploads/SewBKnit/875356382/IMG_0289_medium2.jpg', 'small2_url': 'https://images4-g.ravelrycache.com/uploads/SewBKnit/875356382/IMG_0289_small2.jpg', 'caption': None, 'caption_html': None, 'copyright_holder': None}, {'id': 115475526, 'sort_order': 4, 'user_id': 348678, 'x_offset': -5, 'y_offset': -35, 'square_url': 'https://images4-g.ravelrycache.com/uploads/SewBKnit/875570795/20220913_144648_square.JPG', 'medium_url': 'https://images4-f.ravelrycache.com/uploads/SewBKnit/875570795/20220913_144648_medium.JPG', 'thumbnail_url': 'https://images4-f.ravelrycache.com/uploads/SewBKnit/875570795/20220913_144648_thumbnail.JPG', 'small_url': 'https://images4-f.ravelrycache.com/uploads/SewBKnit/875570795/20220913_144648_small.JPG', 'flickr_url': None, 'shelved_url': 'https://images4-f.ravelrycache.com/uploads/SewBKnit/875570795/20220913_144648_shelved.JPG', 'medium2_url': 'https://images4-a.ravelrycache.com/uploads/SewBKnit/875570795/20220913_144648_medium2.JPG', 'small2_url': 'https://images4-g.ravelrycache.com/uploads/SewBKnit/875570795/20220913_144648_small2.JPG', 'caption': None, 'caption_html': None, 'copyright_holder': None}, {'id': 115475527, 'sort_order': 5, 'user_id': 348678, 'x_offset': -5, 'y_offset': -35, 'square_url': 'https://images4-f.ravelrycache.com/uploads/SewBKnit/875358752/IMG_0440_square.jpg', 'medium_url': 'https://images4-g.ravelrycache.com/uploads/SewBKnit/875358752/IMG_0440_medium.jpg', 'thumbnail_url': 'https://images4-f.ravelrycache.com/uploads/SewBKnit/875358752/IMG_0440_thumbnail.jpg', 'small_url': 'https://images4-f.ravelrycache.com/uploads/SewBKnit/875358752/IMG_0440_small.jpg', 'flickr_url': None, 'shelved_url': 'https://images4-f.ravelrycache.com/uploads/SewBKnit/875358752/IMG_0440_shelved.jpg', 'medium2_url': 'https://images4-a.ravelrycache.com/uploads/SewBKnit/875358752/IMG_0440_medium2.jpg', 'small2_url': 'https://images4-f.ravelrycache.com/uploads/SewBKnit/875358752/IMG_0440_small2.jpg', 'caption': None, 'caption_html': None, 'copyright_holder': None}, {'id': 115475528, 'sort_order': 6, 'user_id': 348678, 'x_offset': -5, 'y_offset': -35, 'square_url': 'https://images4-g.ravelrycache.com/uploads/SewBKnit/875358753/IMG_0436_square.jpg', 'medium_url': 'https://images4-f.ravelrycache.com/uploads/SewBKnit/875358753/IMG_0436_medium.jpg', 'thumbnail_url': 'https://images4-f.ravelrycache.com/uploads/SewBKnit/875358753/IMG_0436_thumbnail.jpg', 'small_url': 'https://images4-g.ravelrycache.com/uploads/SewBKnit/875358753/IMG_0436_small.jpg', 'flickr_url': None, 'shelved_url': 'https://images4-g.ravelrycache.com/uploads/SewBKnit/875358753/IMG_0436_shelved.jpg', 'medium2_url': 'https://images4-a.ravelrycache.com/uploads/SewBKnit/875358753/IMG_0436_medium2.jpg', 'small2_url': 'https://images4-g.ravelrycache.com/uploads/SewBKnit/875358753/IMG_0436_small2.jpg', 'caption': None, 'caption_html': None, 'copyright_holder': None}, {'id': 115475529, 'sort_order': 7, 'user_id': 348678, 'x_offset': -35, 'y_offset': -5, 'square_url': 'https://images4-g.ravelrycache.com/uploads/SewBKnit/875358355/CT13_square.jpg', 'medium_url': 'https://images4-f.ravelrycache.com/uploads/SewBKnit/875358355/CT13_medium.jpg', 'thumbnail_url': 'https://images4-g.ravelrycache.com/uploads/SewBKnit/875358355/CT13_thumbnail.jpg', 'small_url': 'https://images4-g.ravelrycache.com/uploads/SewBKnit/875358355/CT13_small.jpg', 'flickr_url': None, 'shelved_url': 'https://images4-f.ravelrycache.com/uploads/SewBKnit/875358355/CT13_shelved.jpg', 'medium2_url': 'https://images4-a.ravelrycache.com/uploads/SewBKnit/875358355/CT13_medium2.jpg', 'small2_url': 'https://images4-g.ravelrycache.com/uploads/SewBKnit/875358355/CT13_small2.jpg', 'caption': None, 'caption_html': None, 'copyright_holder': None}, {'id': 115475530, 'sort_order': 8, 'user_id': 348678, 'x_offset': -35, 'y_offset': -5, 'square_url': 'https://images4-g.ravelrycache.com/uploads/SewBKnit/875358322/CT12_square.jpg', 'medium_url': 'https://images4-f.ravelrycache.com/uploads/SewBKnit/875358322/CT12_medium.jpg', 'thumbnail_url': 'https://images4-g.ravelrycache.com/uploads/SewBKnit/875358322/CT12_thumbnail.jpg', 'small_url': 'https://images4-f.ravelrycache.com/uploads/SewBKnit/875358322/CT12_small.jpg', 'flickr_url': None, 'shelved_url': 'https://images4-g.ravelrycache.com/uploads/SewBKnit/875358322/CT12_shelved.jpg', 'medium2_url': 'https://images4-a.ravelrycache.com/uploads/SewBKnit/875358322/CT12_medium2.jpg', 'small2_url': 'https://images4-g.ravelrycache.com/uploads/SewBKnit/875358322/CT12_small2.jpg', 'caption': None, 'caption_html': None, 'copyright_holder': None}, {'id': 115475531, 'sort_order': 9, 'user_id': 348678, 'x_offset': -5, 'y_offset': -35, 'square_url': 'https://images4-f.ravelrycache.com/uploads/SewBKnit/875358286/CT1_square.jpeg', 'medium_url': 'https://images4-f.ravelrycache.com/uploads/SewBKnit/875358286/CT1_medium.jpeg', 'thumbnail_url': 'https://images4-f.ravelrycache.com/uploads/SewBKnit/875358286/CT1_thumbnail.jpeg', 'small_url': 'https://images4-f.ravelrycache.com/uploads/SewBKnit/875358286/CT1_small.jpeg', 'flickr_url': None, 'shelved_url': 'https://images4-g.ravelrycache.com/uploads/SewBKnit/875358286/CT1_shelved.jpeg', 'medium2_url': 'https://images4-a.ravelrycache.com/uploads/SewBKnit/875358286/CT1_medium2.jpeg', 'small2_url': 'https://images4-g.ravelrycache.com/uploads/SewBKnit/875358286/CT1_small2.jpeg', 'caption': None, 'caption_html': None, 'copyright_holder': None}]"
Cozy Flannel Kids,Alicia Plummer,1272488,https://www.ravelry.com/patterns/library/cozy-flannel-kids,False,https://images4-a.ravelrycache.com/uploads/AliciaPlum/876624421/IMG_8666_medium2.jpg,Knitting,"['unisex', 'toddler', 'child', 'oversized', 'one-piece', 'seamless', 'top-down', 'positive-ease', 'in-the-round', 'male', 'female']",14.0,0.0,True,4.0,stockinette,child,Aran,25,0.0,"23.5, 25.25, 26.75, 28.5, 30.25, 32” / 59.5, 64, 68, 72.5, 77, 81.5 cm. Intended to be worn with 2-4”/5-10 cm positive ease. Size 32”/81.5 cm modeled with 4”/10 cm positive ease.","[{'id': 115488367, 'sort_order': 1, 'user_id': 445049, 'x_offset': -43, 'y_offset': 0, 'square_url': 'https://images4-f.ravelrycache.com/uploads/AliciaPlum/876624421/IMG_8666_square.jpg', 'medium_url': 'https://images4-g.ravelrycache.com/uploads/AliciaPlum/876624421/IMG_8666_medium.jpg', 'thumbnail_url': 'https://images4-g.ravelrycache.com/uploads/AliciaPlum/876624421/IMG_8666_thumbnail.jpg', 'small_url': 'https://images4-g.ravelrycache.com/uploads/AliciaPlum/876624421/IMG_8666_small_best_fit.jpg', 'flickr_url': None, 'shelved_url': 'https://images4-g.ravelrycache.com/uploads/AliciaPlum/876624421/IMG_8666_shelved.jpg', 'medium2_url': 'https://images4-a.ravelrycache.com/uploads/AliciaPlum/876624421/IMG_8666_medium2.jpg', 'small2_url': 'https://images4-f.ravelrycache.com/uploads/AliciaPlum/876624421/IMG_8666_small2.jpg', 'caption': None, 'caption_html': None, 'copyright_holder': None}, {'id': 115488368, 'sort_order': 2, 'user_id': 445049, 'x_offset': -43, 'y_offset': 0, 'square_url': 'https://images4-g.ravelrycache.com/uploads/AliciaPlum/876624422/IMG_8673_square.jpg', 'medium_url': 'https://images4-f.ravelrycache.com/uploads/AliciaPlum/876624422/IMG_8673_medium.jpg', 'thumbnail_url': 'https://images4-f.ravelrycache.com/uploads/AliciaPlum/876624422/IMG_8673_thumbnail.jpg', 'small_url': 'https://images4-f.ravelrycache.com/uploads/AliciaPlum/876624422/IMG_8673_small_best_fit.jpg', 'flickr_url': None, 'shelved_url': 'https://images4-f.ravelrycache.com/uploads/AliciaPlum/876624422/IMG_8673_shelved.jpg', 'medium2_url': 'https://images4-a.ravelrycache.com/uploads/AliciaPlum/876624422/IMG_8673_medium2.jpg', 'small2_url': 'https://images4-g.ravelrycache.com/uploads/AliciaPlum/876624422/IMG_8673_small2.jpg', 'caption': None, 'caption_html': None, 'copyright_holder': None}, {'id': 115488369, 'sort_order': 3, 'user_id': 445049, 'x_offset': -43, 'y_offset': 0, 'square_url': 'https://images4-f.ravelrycache.com/uploads/AliciaPlum/876624423/IMG_8804_square.jpg', 'medium_url': 'https://images4-g.ravelrycache.com/uploads/AliciaPlum/876624423/IMG_8804_medium.jpg', 'thumbnail_url': 'https://images4-g.ravelrycache.com/uploads/AliciaPlum/876624423/IMG_8804_thumbnail.jpg', 'small_url': 'https://images4-f.ravelrycache.com/uploads/AliciaPlum/876624423/IMG_8804_small_best_fit.jpg', 'flickr_url': None, 'shelved_url': 'https://images4-g.ravelrycache.com/uploads/AliciaPlum/876624423/IMG_8804_shelved.jpg', 'medium2_url': 'https://images4-a.ravelrycache.com/uploads/AliciaPlum/876624423/IMG_8804_medium2.jpg', 'small2_url': 'https://images4-f.ravelrycache.com/uploads/AliciaPlum/876624423/IMG_8804_small2.jpg', 'caption': None, 'caption_html': None, 'copyright_holder': None}, {'id': 115488370, 'sort_order': 4, 'user_id': 445049, 'x_offset': 0, 'y_offset': -43, 'square_url': 'https://images4-g.ravelrycache.com/uploads/AliciaPlum/876624429/IMG_8718_square.jpg', 'medium_url': 'https://images4-f.ravelrycache.com/uploads/AliciaPlum/876624429/IMG_8718_medium.jpg', 'thumbnail_url': 'https://images4-f.ravelrycache.com/uploads/AliciaPlum/876624429/IMG_8718_thumbnail.jpg', 'small_url': 'https://images4-f.ravelrycache.com/uploads/AliciaPlum/876624429/IMG_8718_small_best_fit.jpg', 'flickr_url': None, 'shelved_url': 'https://images4-g.ravelrycache.com/uploads/AliciaPlum/876624429/IMG_8718_shelved.jpg', 'medium2_url': 'https://images4-a.ravelrycache.com/uploads/AliciaPlum/876624429/IMG_8718_medium2.jpg', 'small2_url': 'https://images4-g.ravelrycache.com/uploads/AliciaPlum/876624429/IMG_8718_small2.jpg', 'caption': None, 'caption_html': None, 'copyright_holder': None}, {'id': 115488371, 'sort_order': 5, 'user_id': 445049, 'x_offset': -43, 'y_offset': 0, 'square_url': 'https://images4-f.ravelrycache.com/uploads/AliciaPlum/876624431/IMG_8757_square.jpg', 'medium_url': 'https://images4-g.ravelrycache.com/uploads/AliciaPlum/876624431/IMG_8757_medium.jpg', 'thumbnail_url': 'https://images4-g.ravelrycache.com/uploads/AliciaPlum/876624431/IMG_8757_thumbnail.jpg', 'small_url': 'https://images4-f.ravelrycache.com/uploads/AliciaPlum/876624431/IMG_8757_small_best_fit.jpg', 'flickr_url': None, 'shelved_url': 'https://images4-f.ravelrycache.com/uploads/AliciaPlum/876624431/IMG_8757_shelved.jpg', 'medium2_url': 'https://images4-a.ravelrycache.com/uploads/AliciaPlum/876624431/IMG_8757_medium2.jpg', 'small2_url': 'https://images4-f.ravelrycache.com/uploads/AliciaPlum/876624431/IMG_8757_small2.jpg', 'caption': None, 'caption_html': None, 'copyright_holder': None}, {'id': 115488372, 'sort_order': 6, 'user_id': 445049, 'x_offset': -43, 'y_offset': 0, 'square_url': 'https://images4-f.ravelrycache.com/uploads/AliciaPlum/876624430/IMG_8695_square.jpg', 'medium_url': 'https://images4-g.ravelrycache.com/uploads/AliciaPlum/876624430/IMG_8695_medium.jpg', 'thumbnail_url': 'https://images4-f.ravelrycache.com/uploads/AliciaPlum/876624430/IMG_8695_thumbnail.jpg', 'small_url': 'https://images4-g.ravelrycache.com/uploads/AliciaPlum/876624430/IMG_8695_small_best_fit.jpg', 'flickr_url': None, 'shelved_url': 'https://images4-g.ravelrycache.com/uploads/AliciaPlum/876624430/IMG_8695_shelved.jpg', 'medium2_url': 'https://images4-a.ravelrycache.com/uploads/AliciaPlum/876624430/IMG_8695_medium2.jpg', 'small2_url': 'https://images4-f.ravelrycache.com/uploads/AliciaPlum/876624430/IMG_8695_small2.jpg', 'caption': None, 'caption_html': None, 'copyright_holder': None}, {'id': 115488373, 'sort_order': 7, 'user_id': 445049, 'x_offset': -43, 'y_offset': 0, 'square_url': 'https://images4-g.ravelrycache.com/uploads/AliciaPlum/876624420/IMG_8664_square.jpg', 'medium_url': 'https://images4-f.ravelrycache.com/uploads/AliciaPlum/876624420/IMG_8664_medium.jpg', 'thumbnail_url': 'https://images4-f.ravelrycache.com/uploads/AliciaPlum/876624420/IMG_8664_thumbnail.jpg', 'small_url': 'https://images4-g.ravelrycache.com/uploads/AliciaPlum/876624420/IMG_8664_small_best_fit.jpg', 'flickr_url': None, 'shelved_url': 'https://images4-g.ravelrycache.com/uploads/AliciaPlum/876624420/IMG_8664_shelved.jpg', 'medium2_url': 'https://images4-a.ravelrycache.com/uploads/AliciaPlum/876624420/IMG_8664_medium2.jpg', 'small2_url': 'https://images4-g.ravelrycache.com/uploads/AliciaPlum/876624420/IMG_8664_small2.jpg', 'caption': None, 'caption_html': None, 'copyright_holder': None}, {'id': 115488374, 'sort_order': 8, 'user_id': 445049, 'x_offset': 0, 'y_offset': -43, 'square_url': 'https://images4-g.ravelrycache.com/uploads/AliciaPlum/876624425/IMG_8654_square.jpg', 'medium_url': 'https://images4-f.ravelrycache.com/uploads/AliciaPlum/876624425/IMG_8654_medium.jpg', 'thumbnail_url': 'https://images4-g.ravelrycache.com/uploads/AliciaPlum/876624425/IMG_8654_thumbnail.jpg', 'small_url': 'https://images4-f.ravelrycache.com/uploads/AliciaPlum/876624425/IMG_8654_small_best_fit.jpg', 'flickr_url': None, 'shelved_url': 'https://images4-g.ravelrycache.com/uploads/AliciaPlum/876624425/IMG_8654_shelved.jpg', 'medium2_url': 'https://images4-a.ravelrycache.com/uploads/AliciaPlum/876624425/IMG_8654_medium2.jpg', 'small2_url': 'https://images4-g.ravelrycache.com/uploads/AliciaPlum/876624425/IMG_8654_small2.jpg', 'caption': None, 'caption_html': None, 'copyright_holder': None}]"
Fanø Pullover,Kit Couture,1272490,https://www.ravelry.com/patterns/library/fan-pullover,False,https://images4-a.ravelrycache.com/uploads/KitCouture/876683344/Kit_Couture_Fan_Bluse_Teaser__1__medium2.jpg,Knitting,"['seamless', 'bottom-up', 'chart', 'written-pattern', 'in-the-round', 'stripes-colorwork']",25.0,0.0,True,4.0,Colour-work pattern,pullover,Sport,5,0.0,XS (S) M (L) XL (XXL),"[{'id': 115488441, 'sort_order': 1, 'user_id': 5658217, 'x_offset': 0, 'y_offset': 0, 'square_url': 'https://images4-g.ravelrycache.com/uploads/KitCouture/876683344/Kit_Couture_Fan_Bluse_Teaser__1__square.jpg', 'medium_url': 'https://images4-f.ravelrycache.com/uploads/KitCouture/876683344/Kit_Couture_Fan_Bluse_Teaser__1__medium.jpg', 'thumbnail_url': 'https://images4-f.ravelrycache.com/uploads/KitCouture/876683344/Kit_Couture_Fan_Bluse_Teaser__1__thumbnail.jpg', 'small_url': 'https://images4-f.ravelrycache.com/uploads/KitCouture/876683344/Kit_Couture_Fan_Bluse_Teaser__1__small_best_fit.jpg', 'flickr_url': None, 'shelved_url': 'https://images4-g.ravelrycache.com/uploads/KitCouture/876683344/Kit_Couture_Fan_Bluse_Teaser__1__shelved.jpg', 'medium2_url': 'https://images4-a.ravelrycache.com/uploads/KitCouture/876683344/Kit_Couture_Fan_Bluse_Teaser__1__medium2.jpg', 'small2_url': 'https://images4-g.ravelrycache.com/uploads/KitCouture/876683344/Kit_Couture_Fan_Bluse_Teaser__1__small2.jpg', 'caption': None, 'caption_html': None, 'copyright_holder': None}, {'id': 115488442, 'sort_order': 2, 'user_id': 5658217, 'x_offset': 0, 'y_offset': 0, 'square_url': 'https://images4-g.ravelrycache.com/uploads/KitCouture/876683504/KITCOUTURE_Anna__Sofia___Simon_9.september22_7242_square.jpeg', 'medium_url': 'https://images4-g.ravelrycache.com/uploads/KitCouture/876683504/KITCOUTURE_Anna__Sofia___Simon_9.september22_7242_medium.jpeg', 'thumbnail_url': 'https://images4-g.ravelrycache.com/uploads/KitCouture/876683504/KITCOUTURE_Anna__Sofia___Simon_9.september22_7242_thumbnail.jpeg', 'small_url': 'https://images4-g.ravelrycache.com/uploads/KitCouture/876683504/KITCOUTURE_Anna__Sofia___Simon_9.september22_7242_small_best_fit.jpeg', 'flickr_url': None, 'shelved_url': 'https://images4-f.ravelrycache.com/uploads/KitCouture/876683504/KITCOUTURE_Anna__Sofia___Simon_9.september22_7242_shelved.jpeg', 'medium2_url': 'https://images4-a.ravelrycache.com/uploads/KitCouture/876683504/KITCOUTURE_Anna__Sofia___Simon_9.september22_7242_medium2.jpeg', 'small2_url': 'https://images4-f.ravelrycache.com/uploads/KitCouture/876683504/KITCOUTURE_Anna__Sofia___Simon_9.september22_7242_small2.jpeg', 'caption': None, 'caption_html': None, 'copyright_holder': None}, {'id': 115488443, 'sort_order': 3, 'user_id': 5658217, 'x_offset': 0, 'y_offset': 0, 'square_url': 'https://images4-g.ravelrycache.com/uploads/KitCouture/876683346/Kit_Couture_Fan_Bluse_Proces_square.jpg', 'medium_url': 'https://images4-f.ravelrycache.com/uploads/KitCouture/876683346/Kit_Couture_Fan_Bluse_Proces_medium.jpg', 'thumbnail_url': 'https://images4-g.ravelrycache.com/uploads/KitCouture/876683346/Kit_Couture_Fan_Bluse_Proces_thumbnail.jpg', 'small_url': 'https://images4-g.ravelrycache.com/uploads/KitCouture/876683346/Kit_Couture_Fan_Bluse_Proces_small_best_fit.jpg', 'flickr_url': None, 'shelved_url': 'https://images4-g.ravelrycache.com/uploads/KitCouture/876683346/Kit_Couture_Fan_Bluse_Proces_shelved.jpg', 'medium2_url': 'https://images4-a.ravelrycache.com/uploads/KitCouture/876683346/Kit_Couture_Fan_Bluse_Proces_medium2.jpg', 'small2_url': 'https://images4-g.ravelrycache.com/uploads/KitCouture/876683346/Kit_Couture_Fan_Bluse_Proces_small2.jpg', 'caption': None, 'caption_html': None, 'copyright_holder': None}, {'id': 115488444, 'sort_order': 4, 'user_id': 5658217, 'x_offset': 0, 'y_offset': 0, 'square_url': 'https://images4-f.ravelrycache.com/uploads/KitCouture/876683343/Kit_Couture_Fan_Bluse_Detail__1__square.jpg', 'medium_url': 'https://images4-g.ravelrycache.com/uploads/KitCouture/876683343/Kit_Couture_Fan_Bluse_Detail__1__medium.jpg', 'thumbnail_url': 'https://images4-g.ravelrycache.com/uploads/KitCouture/876683343/Kit_Couture_Fan_Bluse_Detail__1__thumbnail.jpg', 'small_url': 'https://images4-g.ravelrycache.com/uploads/KitCouture/876683343/Kit_Couture_Fan_Bluse_Detail__1__small_best_fit.jpg', 'flickr_url': None, 'shelved_url': 'https://images4-f.ravelrycache.com/uploads/KitCouture/876683343/Kit_Couture_Fan_Bluse_Detail__1__shelved.jpg', 'medium2_url': 'https://images4-a.ravelrycache.com/uploads/KitCouture/876683343/Kit_Couture_Fan_Bluse_Detail__1__medium2.jpg', 'small2_url': 'https://images4-f.ravelrycache.com/uploads/KitCouture/876683343/Kit_Couture_Fan_Bluse_Detail__1__small2.jpg', 'caption': None, 'caption_html': None, 'copyright_holder': None}, {'id': 115488445, 'sort_order': 5, 'user_id': 5658217, 'x_offset': 0, 'y_offset': 0, 'square_url': 'https://images4-f.ravelrycache.com/uploads/KitCouture/876683505/KITCOUTURE_Anna__Sofia___Simon_9.september22_7252_square.jpeg', 'medium_url': 'https://images4-f.ravelrycache.com/uploads/KitCouture/876683505/KITCOUTURE_Anna__Sofia___Simon_9.september22_7252_medium.jpeg', 'thumbnail_url': 'https://images4-g.ravelrycache.com/uploads/KitCouture/876683505/KITCOUTURE_Anna__Sofia___Simon_9.september22_7252_thumbnail.jpeg', 'small_url': 'https://images4-g.ravelrycache.com/uploads/KitCouture/876683505/KITCOUTURE_Anna__Sofia___Simon_9.september22_7252_small_best_fit.jpeg', 'flickr_url': None, 'shelved_url': 'https://images4-g.ravelrycache.com/uploads/KitCouture/876683505/KITCOUTURE_Anna__Sofia___Simon_9.september22_7252_shelved.jpeg', 'medium2_url': 'https://images4-a.ravelrycache.com/uploads/KitCouture/876683505/KITCOUTURE_Anna__Sofia___Simon_9.september22_7252_medium2.jpeg', 'small2_url': 'https://images4-g.ravelrycache.com/uploads/KitCouture/876683505/KITCOUTURE_Anna__Sofia___Simon_9.september22_7252_small2.jpeg', 'caption': None, 'caption_html': None, 'copyright_holder': None}, {'id': 115488446, 'sort_order': 6, 'user_id': 5658217, 'x_offset': 0, 'y_offset': 0, 'square_url': 'https://images4-f.ravelrycache.com/uploads/KitCouture/876683503/KITCOUTURE_Anna__Sofia___Simon_9.september22_7251_square.jpeg', 'medium_url': 'https://images4-f.ravelrycache.com/uploads/KitCouture/876683503/KITCOUTURE_Anna__Sofia___Simon_9.september22_7251_medium.jpeg', 'thumbnail_url': 'https://images4-f.ravelrycache.com/uploads/KitCouture/876683503/KITCOUTURE_Anna__Sofia___Simon_9.september22_7251_thumbnail.jpeg', 'small_url': 'https://images4-g.ravelrycache.com/uploads/KitCouture/876683503/KITCOUTURE_Anna__Sofia___Simon_9.september22_7251_small_best_fit.jpeg', 'flickr_url': None, 'shelved_url': 'https://images4-g.ravelrycache.com/uploads/KitCouture/876683503/KITCOUTURE_Anna__Sofia___Simon_9.september22_7251_shelved.jpeg', 'medium2_url': 'https://images4-a.ravelrycache.com/uploads/KitCouture/876683503/KITCOUTURE_Anna__Sofia___Simon_9.september22_7251_medium2.jpeg', 'small2_url': 'https://images4-g.ravelrycache.com/uploads/KitCouture/876683503/KITCOUTURE_Anna__Sofia___Simon_9.september22_7251_small2.jpeg', 'caption': None, 'caption_html': None, 'copyright_holder': None}]"
Dragon Scales Sweater,Victoria Myers,1272537,https://www.ravelry.com/patterns/library/dragon-scales-sweater,False,https://images4-a.ravelrycache.com/uploads/VicKnit/876705439/20220920_120437_medium2.jpg,Knitting,"['unisex', 'teen', 'adult', 'textured', 'crew-neck', 'sleeves', 'raglan-sleeve', 'mosaic', 'seamless', 'top-down', 'positive-ease', 'written-pattern', 'in-the-round', 'schematic', 'male', 'female']",18.0,3.6666666666666665,True,4.0,Stockinette in Moonshine on Size 8,pullover,Worsted,7,4.666666666666667,"To Fit 32 - 34 (36 - 38, 40 - 44, 46 - 48)”  - Sizes 1 (2, 3, 4) Finished Size at bust 37 (40, 45, 50)”","[{'id': 115491276, 'sort_order': 1, 'user_id': 9128, 'x_offset': 1, 'y_offset': -4, 'square_url': 'https://images4-f.ravelrycache.com/uploads/VicKnit/876705439/20220920_120437_square.jpg', 'medium_url': 'https://images4-g.ravelrycache.com/uploads/VicKnit/876705439/20220920_120437_medium.jpg', 'thumbnail_url': 'https://images4-g.ravelrycache.com/uploads/VicKnit/876705439/20220920_120437_thumbnail.jpg', 'small_url': 'https://images4-g.ravelrycache.com/uploads/VicKnit/876705439/20220920_120437_small_best_fit.jpg', 'flickr_url': None, 'shelved_url': 'https://images4-f.ravelrycache.com/uploads/VicKnit/876705439/20220920_120437_shelved.jpg', 'medium2_url': 'https://images4-a.ravelrycache.com/uploads/VicKnit/876705439/20220920_120437_medium2.jpg', 'small2_url': 'https://images4-f.ravelrycache.com/uploads/VicKnit/876705439/20220920_120437_small2.jpg', 'caption': None, 'caption_html': None, 'copyright_holder': None}, {'id': 115491277, 'sort_order': 2, 'user_id': 9128, 'x_offset': -12, 'y_offset': -19, 'square_url': 'https://images4-f.ravelrycache.com/uploads/VicKnit/876705438/20220920_120403_square.jpg', 'medium_url': 'https://images4-g.ravelrycache.com/uploads/VicKnit/876705438/20220920_120403_medium.jpg', 'thumbnail_url': 'https://images4-g.ravelrycache.com/uploads/VicKnit/876705438/20220920_120403_thumbnail.jpg', 'small_url': 'https://images4-f.ravelrycache.com/uploads/VicKnit/876705438/20220920_120403_small.jpg', 'flickr_url': None, 'shelved_url': 'https://images4-g.ravelrycache.com/uploads/VicKnit/876705438/20220920_120403_shelved.jpg', 'medium2_url': 'https://images4-a.ravelrycache.com/uploads/VicKnit/876705438/20220920_120403_medium2.jpg', 'small2_url': 'https://images4-f.ravelrycache.com/uploads/VicKnit/876705438/20220920_120403_small2.jpg', 'caption': None, 'caption_html': None, 'copyright_holder': None}, {'id': 115491278, 'sort_order': 3, 'user_id': 9128, 'x_offset': -6, 'y_offset': -20, 'square_url': 'https://images4-f.ravelrycache.com/uploads/VicKnit/876705442/20220417_122142_square.jpg', 'medium_url': 'https://images4-g.ravelrycache.com/uploads/VicKnit/876705442/20220417_122142_medium.jpg', 'thumbnail_url': 'https://images4-g.ravelrycache.com/uploads/VicKnit/876705442/20220417_122142_thumbnail.jpg', 'small_url': 'https://images4-g.ravelrycache.com/uploads/VicKnit/876705442/20220417_122142_small_best_fit.jpg', 'flickr_url': None, 'shelved_url': 'https://images4-g.ravelrycache.com/uploads/VicKnit/876705442/20220417_122142_shelved.jpg', 'medium2_url': 'https://images4-a.ravelrycache.com/uploads/VicKnit/876705442/20220417_122142_medium2.jpg', 'small2_url': 'https://images4-f.ravelrycache.com/uploads/VicKnit/876705442/20220417_122142_small2.jpg', 'caption': None, 'caption_html': None, 'copyright_holder': None}, {'id': 115491279, 'sort_order': 4, 'user_id': 9128, 'x_offset': -5, 'y_offset': -27, 'square_url': 'https://images4-f.ravelrycache.com/uploads/VicKnit/876705437/20220920_120210_square.jpg', 'medium_url': 'https://images4-g.ravelrycache.com/uploads/VicKnit/876705437/20220920_120210_medium.jpg', 'thumbnail_url': 'https://images4-g.ravelrycache.com/uploads/VicKnit/876705437/20220920_120210_thumbnail.jpg', 'small_url': 'https://images4-g.ravelrycache.com/uploads/VicKnit/876705437/20220920_120210_small_best_fit.jpg', 'flickr_url': None, 'shelved_url': 'https://images4-f.ravelrycache.com/uploads/VicKnit/876705437/20220920_120210_shelved.jpg', 'medium2_url': 'https://images4-a.ravelrycache.com/uploads/VicKnit/876705437/20220920_120210_medium2.jpg', 'small2_url': 'https://images4-f.ravelrycache.com/uploads/VicKnit/876705437/20220920_120210_small2.jpg', 'caption': None, 'caption_html': None, 'copyright_holder': None}, {'id': 115491280, 'sort_order': 5, 'user_id': 9128, 'x_offset': -10, 'y_offset': -10, 'square_url': 'https://images4-g.ravelrycache.com/uploads/VicKnit/876705441/20220920_120331_square.jpg', 'medium_url': 'https://images4-f.ravelrycache.com/uploads/VicKnit/876705441/20220920_120331_medium.jpg', 'thumbnail_url': 'https://images4-g.ravelrycache.com/uploads/VicKnit/876705441/20220920_120331_thumbnail.jpg', 'small_url': 'https://images4-g.ravelrycache.com/uploads/VicKnit/876705441/20220920_120331_small.jpg', 'flickr_url': None, 'shelved_url': 'https://images4-g.ravelrycache.com/uploads/VicKnit/876705441/20220920_120331_shelved.jpg', 'medium2_url': 'https://images4-a.ravelrycache.com/uploads/VicKnit/876705441/20220920_120331_medium2.jpg', 'small2_url': 'https://images4-g.ravelrycache.com/uploads/VicKnit/876705441/20220920_120331_small2.jpg', 'caption': None, 'caption_html': None, 'copyright_holder': None}, {'id': 115491281, 'sort_order': 6, 'user_id': 9128, 'x_offset': -5, 'y_offset': -26, 'square_url': 'https://images4-g.ravelrycache.com/uploads/VicKnit/876705440/20220920_120259_square.jpg', 'medium_url': 'https://images4-f.ravelrycache.com/uploads/VicKnit/876705440/20220920_120259_medium.jpg', 'thumbnail_url': 'https://images4-f.ravelrycache.com/uploads/VicKnit/876705440/20220920_120259_thumbnail.jpg', 'small_url': 'https://images4-f.ravelrycache.com/uploads/VicKnit/876705440/20220920_120259_small_best_fit.jpg', 'flickr_url': None, 'shelved_url': 'https://images4-g.ravelrycache.com/uploads/VicKnit/876705440/20220920_120259_shelved.jpg', 'medium2_url': 'https://images4-a.ravelrycache.com/uploads/VicKnit/876705440/20220920_120259_medium2.jpg', 'small2_url': 'https://images4-g.ravelrycache.com/uploads/VicKnit/876705440/20220920_120259_small2.jpg', 'caption': None, 'caption_html': None, 'copyright_holder': None}]"
5659 Sweater and Vest,King Cole Ltd,1272636,https://www.ravelry.com/patterns/library/5659-sweater-and-vest,False,https://images4-a.ravelrycache.com/uploads/KingColeOfficial/956029104/5659_Photo_Page_2_medium2.png,Knitting,"['male', 'unisex', 'adult', 'cables', 'ribbed', 'seamed', 'v-neck', 'long-sleeve', 'sleeveless', 'bottom-up', 'positive-ease', 'worked-flat']",18.0,4.0,True,4.0,Stocking Stitch ,pullover,Aran,5,4.333333333333333,"36 (38, 40, 42, 44, 46)""","[{'id': 125312154, 'sort_order': 1, 'user_id': 5996642, 'x_offset': 0, 'y_offset': -35, 'square_url': 'https://images4-f.ravelrycache.com/uploads/KingColeOfficial/956029104/5659_Photo_Page_2_square.png', 'medium_url': 'https://images4-g.ravelrycache.com/uploads/KingColeOfficial/956029104/5659_Photo_Page_2_medium.png', 'thumbnail_url': 'https://images4-f.ravelrycache.com/uploads/KingColeOfficial/956029104/5659_Photo_Page_2_thumbnail.png', 'small_url': 'https://images4-g.ravelrycache.com/uploads/KingColeOfficial/956029104/5659_Photo_Page_2_small.png', 'flickr_url': None, 'shelved_url': 'https://images4-g.ravelrycache.com/uploads/KingColeOfficial/956029104/5659_Photo_Page_2_shelved.png', 'medium2_url': 'https://images4-a.ravelrycache.com/uploads/KingColeOfficial/956029104/5659_Photo_Page_2_medium2.png', 'small2_url': 'https://images4-f.ravelrycache.com/uploads/KingColeOfficial/956029104/5659_Photo_Page_2_small2.png', 'caption': None, 'caption_html': None, 'copyright_holder': None}, {'id': 125312155, 'sort_order': 2, 'user_id': 5996642, 'x_offset': 0, 'y_offset': -35, 'square_url': 'https://images4-g.ravelrycache.com/uploads/KingColeOfficial/956029110/5659_Photo_Page_1_square.png', 'medium_url': 'https://images4-f.ravelrycache.com/uploads/KingColeOfficial/956029110/5659_Photo_Page_1_medium.png', 'thumbnail_url': 'https://images4-f.ravelrycache.com/uploads/KingColeOfficial/956029110/5659_Photo_Page_1_thumbnail.png', 'small_url': 'https://images4-g.ravelrycache.com/uploads/KingColeOfficial/956029110/5659_Photo_Page_1_small.png', 'flickr_url': None, 'shelved_url': 'https://images4-g.ravelrycache.com/uploads/KingColeOfficial/956029110/5659_Photo_Page_1_shelved.png', 'medium2_url': 'https://images4-a.ravelrycache.com/uploads/KingColeOfficial/956029110/5659_Photo_Page_1_medium2.png', 'small2_url': 'https://images4-g.ravelrycache.com/uploads/KingColeOfficial/956029110/5659_Photo_Page_1_small2.png', 'caption': None, 'caption_html': None, 'copyright_holder': None}]"
Dusk Pullover,Paula Leme,1272993,https://www.ravelry.com/patterns/library/dusk-pullover,False,https://images4-a.ravelrycache.com/uploads/heyjojotricot/871093444/DSC_5789_medium2.jpg,Knitting,"['unisex', 'toddler', 'child', 'teen', 'kitchener', 'bottom-up', 'positive-ease', 'in-the-round', 'stripes-colorwork']",19.0,2.5,True,4.0, Stockinette Stitch,child,DK,12,5.0,"52.5 (57, 61, 65.5, 69.5) (73.5, 78, 86.5, 95) cm","[{'id': 115522739, 'sort_order': 1, 'user_id': 7703361, 'x_offset': -43, 'y_offset': 0, 'square_url': 'https://images4-g.ravelrycache.com/uploads/heyjojotricot/871093444/DSC_5789_square.jpg', 'medium_url': 'https://images4-f.ravelrycache.com/uploads/heyjojotricot/871093444/DSC_5789_medium.jpg', 'thumbnail_url': 'https://images4-g.ravelrycache.com/uploads/heyjojotricot/871093444/DSC_5789_thumbnail.jpg', 'small_url': 'https://images4-g.ravelrycache.com/uploads/heyjojotricot/871093444/DSC_5789_small_best_fit.jpg', 'flickr_url': None, 'shelved_url': 'https://images4-f.ravelrycache.com/uploads/heyjojotricot/871093444/DSC_5789_shelved.jpg', 'medium2_url': 'https://images4-a.ravelrycache.com/uploads/heyjojotricot/871093444/DSC_5789_medium2.jpg', 'small2_url': 'https://images4-g.ravelrycache.com/uploads/heyjojotricot/871093444/DSC_5789_small2.jpg', 'caption': None, 'caption_html': None, 'copyright_holder': None}, {'id': 115522740, 'sort_order': 2, 'user_id': 7703361, 'x_offset': -43, 'y_offset': 0, 'square_url': 'https://images4-f.ravelrycache.com/uploads/heyjojotricot/871093448/DSC_5791_square.jpg', 'medium_url': 'https://images4-g.ravelrycache.com/uploads/heyjojotricot/871093448/DSC_5791_medium.jpg', 'thumbnail_url': 'https://images4-g.ravelrycache.com/uploads/heyjojotricot/871093448/DSC_5791_thumbnail.jpg', 'small_url': 'https://images4-g.ravelrycache.com/uploads/heyjojotricot/871093448/DSC_5791_small_best_fit.jpg', 'flickr_url': None, 'shelved_url': 'https://images4-f.ravelrycache.com/uploads/heyjojotricot/871093448/DSC_5791_shelved.jpg', 'medium2_url': 'https://images4-a.ravelrycache.com/uploads/heyjojotricot/871093448/DSC_5791_medium2.jpg', 'small2_url': 'https://images4-f.ravelrycache.com/uploads/heyjojotricot/871093448/DSC_5791_small2.jpg', 'caption': None, 'caption_html': None, 'copyright_holder': None}, {'id': 115522741, 'sort_order': 3, 'user_id': 7703361, 'x_offset': -43, 'y_offset': 0, 'square_url': 'https://images4-g.ravelrycache.com/uploads/heyjojotricot/871093446/DSC_5786_square.jpg', 'medium_url': 'https://images4-f.ravelrycache.com/uploads/heyjojotricot/871093446/DSC_5786_medium.jpg', 'thumbnail_url': 'https://images4-f.ravelrycache.com/uploads/heyjojotricot/871093446/DSC_5786_thumbnail.jpg', 'small_url': 'https://images4-f.ravelrycache.com/uploads/heyjojotricot/871093446/DSC_5786_small_best_fit.jpg', 'flickr_url': None, 'shelved_url': 'https://images4-g.ravelrycache.com/uploads/heyjojotricot/871093446/DSC_5786_shelved.jpg', 'medium2_url': 'https://images4-a.ravelrycache.com/uploads/heyjojotricot/871093446/DSC_5786_medium2.jpg', 'small2_url': 'https://images4-g.ravelrycache.com/uploads/heyjojotricot/871093446/DSC_5786_small2.jpg', 'caption': None, 'caption_html': None, 'copyright_holder': None}, {'id': 115522742, 'sort_order': 4, 'user_id': 7703361, 'x_offset': -43, 'y_offset': 0, 'square_url': 'https://images4-g.ravelrycache.com/uploads/heyjojotricot/871093445/DSC_5787_square.jpg', 'medium_url': 'https://images4-f.ravelrycache.com/uploads/heyjojotricot/871093445/DSC_5787_medium.jpg', 'thumbnail_url': 'https://images4-f.ravelrycache.com/uploads/heyjojotricot/871093445/DSC_5787_thumbnail.jpg', 'small_url': 'https://images4-g.ravelrycache.com/uploads/heyjojotricot/871093445/DSC_5787_small_best_fit.jpg', 'flickr_url': None, 'shelved_url': 'https://images4-f.ravelrycache.com/uploads/heyjojotricot/871093445/DSC_5787_shelved.jpg', 'medium2_url': 'https://images4-a.ravelrycache.com/uploads/heyjojotricot/871093445/DSC_5787_medium2.jpg', 'small2_url': 'https://images4-g.ravelrycache.com/uploads/heyjojotricot/871093445/DSC_5787_small2.jpg', 'caption': None, 'caption_html': None, 'copyright_holder': None}, {'id': 115522743, 'sort_order': 5, 'user_id': 7703361, 'x_offset': -43, 'y_offset': 0, 'square_url': 'https://images4-g.ravelrycache.com/uploads/heyjojotricot/871093439/DSC_5793_square.jpg', 'medium_url': 'https://images4-f.ravelrycache.com/uploads/heyjojotricot/871093439/DSC_5793_medium.jpg', 'thumbnail_url': 'https://images4-f.ravelrycache.com/uploads/heyjojotricot/871093439/DSC_5793_thumbnail.jpg', 'small_url': 'https://images4-g.ravelrycache.com/uploads/heyjojotricot/871093439/DSC_5793_small_best_fit.jpg', 'flickr_url': None, 'shelved_url': 'https://images4-g.ravelrycache.com/uploads/heyjojotricot/871093439/DSC_5793_shelved.jpg', 'medium2_url': 'https://images4-a.ravelrycache.com/uploads/heyjojotricot/871093439/DSC_5793_medium2.jpg', 'small2_url': 'https://images4-g.ravelrycache.com/uploads/heyjojotricot/871093439/DSC_5793_small2.jpg', 'caption': None, 'caption_html': None, 'copyright_holder': None}, {'id': 115522744, 'sort_order': 6, 'user_id': 7703361, 'x_offset': 0, 'y_offset': -43, 'square_url': 'https://images4-f.ravelrycache.com/uploads/heyjojotricot/870781140/DSC_4160_square.jpg', 'medium_url': 'https://images4-g.ravelrycache.com/uploads/heyjojotricot/870781140/DSC_4160_medium.jpg', 'thumbnail_url': 'https://images4-f.ravelrycache.com/uploads/heyjojotricot/870781140/DSC_4160_thumbnail.jpg', 'small_url': 'https://images4-g.ravelrycache.com/uploads/heyjojotricot/870781140/DSC_4160_small_best_fit.jpg', 'flickr_url': None, 'shelved_url': 'https://images4-g.ravelrycache.com/uploads/heyjojotricot/870781140/DSC_4160_shelved.jpg', 'medium2_url': 'https://images4-a.ravelrycache.com/uploads/heyjojotricot/870781140/DSC_4160_medium2.jpg', 'small2_url': 'https://images4-f.ravelrycache.com/uploads/heyjojotricot/870781140/DSC_4160_small2.jpg', 'caption': None, 'caption_html': None, 'copyright_holder': None}, {'id': 115522745, 'sort_order': 7, 'user_id': 7703361, 'x_offset': -43, 'y_offset': 0, 'square_url': 'https://images4-g.ravelrycache.com/uploads/heyjojotricot/870781139/DSC_4156_square.jpg', 'medium_url': 'https://images4-f.ravelrycache.com/uploads/heyjojotricot/870781139/DSC_4156_medium.jpg', 'thumbnail_url': 'https://images4-g.ravelrycache.com/uploads/heyjojotricot/870781139/DSC_4156_thumbnail.jpg', 'small_url': 'https://images4-g.ravelrycache.com/uploads/heyjojotricot/870781139/DSC_4156_small_best_fit.jpg', 'flickr_url': None, 'shelved_url': 'https://images4-g.ravelrycache.com/uploads/heyjojotricot/870781139/DSC_4156_shelved.jpg', 'medium2_url': 'https://images4-a.ravelrycache.com/uploads/heyjojotricot/870781139/DSC_4156_medium2.jpg', 'small2_url': 'https://images4-g.ravelrycache.com/uploads/heyjojotricot/870781139/DSC_4156_small2.jpg', 'caption': None, 'caption_html': None, 'copyright_holder': None}, {'id': 115522746, 'sort_order': 8, 'user_id': 7703361, 'x_offset': -46, 'y_offset': -1, 'square_url': 'https://images4-g.ravelrycache.com/uploads/heyjojotricot/870780877/DSC_4264_square.jpg', 'medium_url': 'https://images4-f.ravelrycache.com/uploads/heyjojotricot/870780877/DSC_4264_medium.jpg', 'thumbnail_url': 'https://images4-g.ravelrycache.com/uploads/heyjojotricot/870780877/DSC_4264_thumbnail.jpg', 'small_url': 'https://images4-g.ravelrycache.com/uploads/heyjojotricot/870780877/DSC_4264_small_best_fit.jpg', 'flickr_url': None, 'shelved_url': 'https://images4-f.ravelrycache.com/uploads/heyjojotricot/870780877/DSC_4264_shelved.jpg', 'medium2_url': 'https://images4-a.ravelrycache.com/uploads/heyjojotricot/870780877/DSC_4264_medium2.jpg', 'small2_url': 'https://images4-g.ravelrycache.com/uploads/heyjojotricot/870780877/DSC_4264_small2.jpg', 'caption': None, 'caption_html': None, 'copyright_holder': None}, {'id': 115522747, 'sort_order': 9, 'user_id': 7703361, 'x_offset': -43, 'y_offset': 0, 'square_url': 'https://images4-g.ravelrycache.com/uploads/heyjojotricot/870780876/DSC_4256_square.jpg', 'medium_url': 'https://images4-f.ravelrycache.com/uploads/heyjojotricot/870780876/DSC_4256_medium.jpg', 'thumbnail_url': 'https://images4-g.ravelrycache.com/uploads/heyjojotricot/870780876/DSC_4256_thumbnail.jpg', 'small_url': 'https://images4-g.ravelrycache.com/uploads/heyjojotricot/870780876/DSC_4256_small_best_fit.jpg', 'flickr_url': None, 'shelved_url': 'https://images4-f.ravelrycache.com/uploads/heyjojotricot/870780876/DSC_4256_shelved.jpg', 'medium2_url': 'https://images4-a.ravelrycache.com/uploads/heyjojotricot/870780876/DSC_4256_medium2.jpg', 'small2_url': 'https://images4-g.ravelrycache.com/uploads/heyjojotricot/870780876/DSC_4256_small2.jpg', 'caption': None, 'caption_html': None, 'copyright_holder': None}, {'id': 115522748, 'sort_order': 10, 'user_id': 7703361, 'x_offset': -43, 'y_offset': 0, 'square_url': 'https://images4-f.ravelrycache.com/uploads/heyjojotricot/870780880/DSC_4937_square.jpg', 'medium_url': 'https://images4-g.ravelrycache.com/uploads/heyjojotricot/870780880/DSC_4937_medium.jpg', 'thumbnail_url': 'https://images4-f.ravelrycache.com/uploads/heyjojotricot/870780880/DSC_4937_thumbnail.jpg', 'small_url': 'https://images4-g.ravelrycache.com/uploads/heyjojotricot/870780880/DSC_4937_small_best_fit.jpg', 'flickr_url': None, 'shelved_url': 'https://images4-g.ravelrycache.com/uploads/heyjojotricot/870780880/DSC_4937_shelved.jpg', 'medium2_url': 'https://images4-a.ravelrycache.com/uploads/heyjojotricot/870780880/DSC_4937_medium2.jpg', 'small2_url': 'https://images4-f.ravelrycache.com/uploads/heyjojotricot/870780880/DSC_4937_small2.jpg', 'caption': None, 'caption_html': None, 'copyright_holder': None}, {'id': 115522749, 'sort_order': 11, 'user_id': 7703361, 'x_offset': -23, 'y_offset': -1, 'square_url': 'https://images4-g.ravelrycache.com/uploads/heyjojotricot/870796571/Screen_Shot_2022-08-17_at_1.18.45_PM_square.png', 'medium_url': 'https://images4-f.ravelrycache.com/uploads/heyjojotricot/870796571/Screen_Shot_2022-08-17_at_1.18.45_PM_medium.png', 'thumbnail_url': 'https://images4-f.ravelrycache.com/uploads/heyjojotricot/870796571/Screen_Shot_2022-08-17_at_1.18.45_PM_thumbnail.png', 'small_url': 'https://images4-g.ravelrycache.com/uploads/heyjojotricot/870796571/Screen_Shot_2022-08-17_at_1.18.45_PM_small_best_fit.png', 'flickr_url': None, 'shelved_url': 'https://images4-f.ravelrycache.com/uploads/heyjojotricot/870796571/Screen_Shot_2022-08-17_at_1.18.45_PM_shelved.png', 'medium2_url': 'https://images4-a.ravelrycache.com/uploads/heyjojotricot/870796571/Screen_Shot_2022-08-17_at_1.18.45_PM_medium2.png', 'small2_url': 'https://images4-g.ravelrycache.com/uploads/heyjojotricot/870796571/Screen_Shot_2022-08-17_at_1.18.45_PM_small2.png', 'caption': None, 'caption_html': None, 'copyright_holder': None}]"
Alice Blouse,Johanna Gehrisch,1273292,https://www.ravelry.com/patterns/library/alice-blouse,False,https://images4-a.ravelrycache.com/uploads/kolibribyjohanna/877131161/IMG_4860_medium2.jpg,Knitting,"['female', 'adult', 'oversized', 'ribbed', 'crew-neck', '3-4-sleeve', 'flutter-sleeve', 'ruffles', 'one-piece', 'seamless', 'short-rows', 'top-down', 'positive-ease', 'phototutorial', 'written-pattern', 'video-tutorial', 'puffed-sleeve', 'cropped', 'worked-flat', 'in-the-round', 'embroidery']",15.0,3.0,True,4.0,stockinette stitch,pullover,Aran,13,5.0,"XS, S, M, L, XL, 2XL, 3XL, 4XL","[{'id': 115544728, 'sort_order': 1, 'user_id': 9495531, 'x_offset': -5, 'y_offset': -35, 'square_url': 'https://images4-f.ravelrycache.com/uploads/kolibribyjohanna/877131161/IMG_4860_square.jpg', 'medium_url': 'https://images4-g.ravelrycache.com/uploads/kolibribyjohanna/877131161/IMG_4860_medium.jpg', 'thumbnail_url': 'https://images4-f.ravelrycache.com/uploads/kolibribyjohanna/877131161/IMG_4860_thumbnail.jpg', 'small_url': 'https://images4-g.ravelrycache.com/uploads/kolibribyjohanna/877131161/IMG_4860_small.jpg', 'flickr_url': None, 'shelved_url': 'https://images4-g.ravelrycache.com/uploads/kolibribyjohanna/877131161/IMG_4860_shelved.jpg', 'medium2_url': 'https://images4-a.ravelrycache.com/uploads/kolibribyjohanna/877131161/IMG_4860_medium2.jpg', 'small2_url': 'https://images4-f.ravelrycache.com/uploads/kolibribyjohanna/877131161/IMG_4860_small2.jpg', 'caption': None, 'caption_html': None, 'copyright_holder': None}, {'id': 115544729, 'sort_order': 2, 'user_id': 9495531, 'x_offset': 0, 'y_offset': -18, 'square_url': 'https://images4-f.ravelrycache.com/uploads/kolibribyjohanna/877131122/IMG_4834_square.jpg', 'medium_url': 'https://images4-g.ravelrycache.com/uploads/kolibribyjohanna/877131122/IMG_4834_medium.jpg', 'thumbnail_url': 'https://images4-g.ravelrycache.com/uploads/kolibribyjohanna/877131122/IMG_4834_thumbnail.jpg', 'small_url': 'https://images4-g.ravelrycache.com/uploads/kolibribyjohanna/877131122/IMG_4834_small_best_fit.jpg', 'flickr_url': None, 'shelved_url': 'https://images4-g.ravelrycache.com/uploads/kolibribyjohanna/877131122/IMG_4834_shelved.jpg', 'medium2_url': 'https://images4-a.ravelrycache.com/uploads/kolibribyjohanna/877131122/IMG_4834_medium2.jpg', 'small2_url': 'https://images4-f.ravelrycache.com/uploads/kolibribyjohanna/877131122/IMG_4834_small2.jpg', 'caption': None, 'caption_html': None, 'copyright_holder': None}, {'id': 115544730, 'sort_order': 3, 'user_id': 9495531, 'x_offset': 0, 'y_offset': -16, 'square_url': 'https://images4-g.ravelrycache.com/uploads/kolibribyjohanna/877131149/IMG_4843_square.jpg', 'medium_url': 'https://images4-f.ravelrycache.com/uploads/kolibribyjohanna/877131149/IMG_4843_medium.jpg', 'thumbnail_url': 'https://images4-g.ravelrycache.com/uploads/kolibribyjohanna/877131149/IMG_4843_thumbnail.jpg', 'small_url': 'https://images4-f.ravelrycache.com/uploads/kolibribyjohanna/877131149/IMG_4843_small_best_fit.jpg', 'flickr_url': None, 'shelved_url': 'https://images4-f.ravelrycache.com/uploads/kolibribyjohanna/877131149/IMG_4843_shelved.jpg', 'medium2_url': 'https://images4-a.ravelrycache.com/uploads/kolibribyjohanna/877131149/IMG_4843_medium2.jpg', 'small2_url': 'https://images4-g.ravelrycache.com/uploads/kolibribyjohanna/877131149/IMG_4843_small2.jpg', 'caption': None, 'caption_html': None, 'copyright_holder': None}, {'id': 115544731, 'sort_order': 4, 'user_id': 9495531, 'x_offset': -5, 'y_offset': -35, 'square_url': 'https://images4-g.ravelrycache.com/uploads/kolibribyjohanna/877131183/IMG_4863_square.jpg', 'medium_url': 'https://images4-f.ravelrycache.com/uploads/kolibribyjohanna/877131183/IMG_4863_medium.jpg', 'thumbnail_url': 'https://images4-f.ravelrycache.com/uploads/kolibribyjohanna/877131183/IMG_4863_thumbnail.jpg', 'small_url': 'https://images4-f.ravelrycache.com/uploads/kolibribyjohanna/877131183/IMG_4863_small.jpg', 'flickr_url': None, 'shelved_url': 'https://images4-f.ravelrycache.com/uploads/kolibribyjohanna/877131183/IMG_4863_shelved.jpg', 'medium2_url': 'https://images4-a.ravelrycache.com/uploads/kolibribyjohanna/877131183/IMG_4863_medium2.jpg', 'small2_url': 'https://images4-g.ravelrycache.com/uploads/kolibribyjohanna/877131183/IMG_4863_small2.jpg', 'caption': None, 'caption_html': None, 'copyright_holder': None}, {'id': 115544732, 'sort_order': 5, 'user_id': 9495531, 'x_offset': -5, 'y_offset': -35, 'square_url': 'https://images4-f.ravelrycache.com/uploads/kolibribyjohanna/877131316/IMG_8408_square.jpg', 'medium_url': 'https://images4-g.ravelrycache.com/uploads/kolibribyjohanna/877131316/IMG_8408_medium.jpg', 'thumbnail_url': 'https://images4-f.ravelrycache.com/uploads/kolibribyjohanna/877131316/IMG_8408_thumbnail.jpg', 'small_url': 'https://images4-g.ravelrycache.com/uploads/kolibribyjohanna/877131316/IMG_8408_small.jpg', 'flickr_url': None, 'shelved_url': 'https://images4-f.ravelrycache.com/uploads/kolibribyjohanna/877131316/IMG_8408_shelved.jpg', 'medium2_url': 'https://images4-a.ravelrycache.com/uploads/kolibribyjohanna/877131316/IMG_8408_medium2.jpg', 'small2_url': 'https://images4-f.ravelrycache.com/uploads/kolibribyjohanna/877131316/IMG_8408_small2.jpg', 'caption': None, 'caption_html': None, 'copyright_holder': None}, {'id': 115544733, 'sort_order': 6, 'user_id': 9495531, 'x_offset': -7, 'y_offset': -35, 'square_url': 'https://images4-f.ravelrycache.com/uploads/kolibribyjohanna/877131263/IMG_0777_2_square.jpg', 'medium_url': 'https://images4-g.ravelrycache.com/uploads/kolibribyjohanna/877131263/IMG_0777_2_medium.jpg', 'thumbnail_url': 'https://images4-f.ravelrycache.com/uploads/kolibribyjohanna/877131263/IMG_0777_2_thumbnail.jpg', 'small_url': 'https://images4-f.ravelrycache.com/uploads/kolibribyjohanna/877131263/IMG_0777_2_small.jpg', 'flickr_url': None, 'shelved_url': 'https://images4-f.ravelrycache.com/uploads/kolibribyjohanna/877131263/IMG_0777_2_shelved.jpg', 'medium2_url': 'https://images4-a.ravelrycache.com/uploads/kolibribyjohanna/877131263/IMG_0777_2_medium2.jpg', 'small2_url': 'https://images4-f.ravelrycache.com/uploads/kolibribyjohanna/877131263/IMG_0777_2_small2.jpg', 'caption': None, 'caption_html': None, 'copyright_holder': None}, {'id': 115544734, 'sort_order': 7, 'user_id': 9495531, 'x_offset': -5, 'y_offset': -35, 'square_url': 'https://images4-f.ravelrycache.com/uploads/kolibribyjohanna/877131200/IMG_0546_square.jpg', 'medium_url': 'https://images4-g.ravelrycache.com/uploads/kolibribyjohanna/877131200/IMG_0546_medium.jpg', 'thumbnail_url': 'https://images4-f.ravelrycache.com/uploads/kolibribyjohanna/877131200/IMG_0546_thumbnail.jpg', 'small_url': 'https://images4-f.ravelrycache.com/uploads/kolibribyjohanna/877131200/IMG_0546_small.jpg', 'flickr_url': None, 'shelved_url': 'https://images4-f.ravelrycache.com/uploads/kolibribyjohanna/877131200/IMG_0546_shelved.jpg', 'medium2_url': 'https://images4-a.ravelrycache.com/uploads/kolibribyjohanna/877131200/IMG_0546_medium2.jpg', 'small2_url': 'https://images4-f.ravelrycache.com/uploads/kolibribyjohanna/877131200/IMG_0546_small2.jpg', 'caption': None, 'caption_html': None, 'copyright_holder': None}, {'id': 115544735, 'sort_order': 8, 'user_id': 9495531, 'x_offset': -4, 'y_offset': -35, 'square_url': 'https://images4-g.ravelrycache.com/uploads/kolibribyjohanna/877131207/IMG_0551_square.jpg', 'medium_url': 'https://images4-f.ravelrycache.com/uploads/kolibribyjohanna/877131207/IMG_0551_medium.jpg', 'thumbnail_url': 'https://images4-f.ravelrycache.com/uploads/kolibribyjohanna/877131207/IMG_0551_thumbnail.jpg', 'small_url': 'https://images4-f.ravelrycache.com/uploads/kolibribyjohanna/877131207/IMG_0551_small.jpg', 'flickr_url': None, 'shelved_url': 'https://images4-g.ravelrycache.com/uploads/kolibribyjohanna/877131207/IMG_0551_shelved.jpg', 'medium2_url': 'https://images4-a.ravelrycache.com/uploads/kolibribyjohanna/877131207/IMG_0551_medium2.jpg', 'small2_url': 'https://images4-g.ravelrycache.com/uploads/kolibribyjohanna/877131207/IMG_0551_small2.jpg', 'caption': None, 'caption_html': None, 'copyright_holder': None}, {'id': 115544736, 'sort_order': 9, 'user_id': 9495531, 'x_offset': -1, 'y_offset': -11, 'square_url': 'https://images4-f.ravelrycache.com/uploads/kolibribyjohanna/877131105/IMG_4809_square.jpg', 'medium_url': 'https://images4-g.ravelrycache.com/uploads/kolibribyjohanna/877131105/IMG_4809_medium.jpg', 'thumbnail_url': 'https://images4-g.ravelrycache.com/uploads/kolibribyjohanna/877131105/IMG_4809_thumbnail.jpg', 'small_url': 'https://images4-g.ravelrycache.com/uploads/kolibribyjohanna/877131105/IMG_4809_small_best_fit.jpg', 'flickr_url': None, 'shelved_url': 'https://images4-g.ravelrycache.com/uploads/kolibribyjohanna/877131105/IMG_4809_shelved.jpg', 'medium2_url': 'https://images4-a.ravelrycache.com/uploads/kolibribyjohanna/877131105/IMG_4809_medium2.jpg', 'small2_url': 'https://images4-f.ravelrycache.com/uploads/kolibribyjohanna/877131105/IMG_4809_small2.jpg', 'caption': None, 'caption_html': None, 'copyright_holder': None}]"
Lale,Anke Telschow,1273340,https://www.ravelry.com/patterns/library/lale-3,False,https://images4-a.ravelrycache.com/uploads/Smilla-DA/876993174/Foto_15.07.22__14_17_21_medium2.jpg,Knitting,"['seamless', 'sideways', 'bottom-up', 'worked-flat', 'three-needle-bind', 'stripes-colorwork']",28.0,3.6,True,4.0,Stockinette,pullover,Fingering,24,5.0,"S, M, L, XL and XXL (with hip width/ circumference of 100, 109, 118, 127 and 136 cm)","[{'id': 115546525, 'sort_order': 1, 'user_id': 147299, 'x_offset': 0, 'y_offset': -45, 'square_url': 'https://images4-f.ravelrycache.com/uploads/Smilla-DA/876993174/Foto_15.07.22__14_17_21_square.jpg', 'medium_url': 'https://images4-g.ravelrycache.com/uploads/Smilla-DA/876993174/Foto_15.07.22__14_17_21_medium.jpg', 'thumbnail_url': 'https://images4-f.ravelrycache.com/uploads/Smilla-DA/876993174/Foto_15.07.22__14_17_21_thumbnail.jpg', 'small_url': 'https://images4-f.ravelrycache.com/uploads/Smilla-DA/876993174/Foto_15.07.22__14_17_21_small.jpg', 'flickr_url': None, 'shelved_url': 'https://images4-f.ravelrycache.com/uploads/Smilla-DA/876993174/Foto_15.07.22__14_17_21_shelved.jpg', 'medium2_url': 'https://images4-a.ravelrycache.com/uploads/Smilla-DA/876993174/Foto_15.07.22__14_17_21_medium2.jpg', 'small2_url': 'https://images4-f.ravelrycache.com/uploads/Smilla-DA/876993174/Foto_15.07.22__14_17_21_small2.jpg', 'caption': None, 'caption_html': None, 'copyright_holder': None}, {'id': 140540905, 'sort_order': 2, 'user_id': 147299, 'x_offset': 0, 'y_offset': -45, 'square_url': 'https://images4-g.ravelrycache.com/uploads/Smilla-DA/1079145026/IMG_5477_square.jpeg', 'medium_url': 'https://images4-g.ravelrycache.com/uploads/Smilla-DA/1079145026/IMG_5477_medium.jpeg', 'thumbnail_url': 'https://images4-g.ravelrycache.com/uploads/Smilla-DA/1079145026/IMG_5477_thumbnail.jpeg', 'small_url': 'https://images4-g.ravelrycache.com/uploads/Smilla-DA/1079145026/IMG_5477_small_best_fit.jpeg', 'flickr_url': None, 'shelved_url': 'https://images4-f.ravelrycache.com/uploads/Smilla-DA/1079145026/IMG_5477_shelved.jpeg', 'medium2_url': 'https://images4-a.ravelrycache.com/uploads/Smilla-DA/1079145026/IMG_5477_medium2.jpeg', 'small2_url': 'https://images4-f.ravelrycache.com/uploads/Smilla-DA/1079145026/IMG_5477_small2.jpeg', 'caption': None, 'caption_html': None, 'copyright_holder': None}, {'id': 115546526, 'sort_order': 3, 'user_id': 147299, 'x_offset': -5, 'y_offset': -7, 'square_url': 'https://images4-g.ravelrycache.com/uploads/Smilla-DA/876993177/Foto_15.07.22__14_16_23_square.jpg', 'medium_url': 'https://images4-f.ravelrycache.com/uploads/Smilla-DA/876993177/Foto_15.07.22__14_16_23_medium.jpg', 'thumbnail_url': 'https://images4-f.ravelrycache.com/uploads/Smilla-DA/876993177/Foto_15.07.22__14_16_23_thumbnail.jpg', 'small_url': 'https://images4-g.ravelrycache.com/uploads/Smilla-DA/876993177/Foto_15.07.22__14_16_23_small.jpg', 'flickr_url': None, 'shelved_url': 'https://images4-g.ravelrycache.com/uploads/Smilla-DA/876993177/Foto_15.07.22__14_16_23_shelved.jpg', 'medium2_url': 'https://images4-a.ravelrycache.com/uploads/Smilla-DA/876993177/Foto_15.07.22__14_16_23_medium2.jpg', 'small2_url': 'https://images4-g.ravelrycache.com/uploads/Smilla-DA/876993177/Foto_15.07.22__14_16_23_small2.jpg', 'caption': None, 'caption_html': None, 'copyright_holder': None}, {'id': 115546890, 'sort_order': 4, 'user_id': 147299, 'x_offset': -1, 'y_offset': -101, 'square_url': 'https://images4-f.ravelrycache.com/uploads/Smilla-DA/877147680/image5_square.jpeg', 'medium_url': 'https://images4-f.ravelrycache.com/uploads/Smilla-DA/877147680/image5_medium.jpeg', 'thumbnail_url': 'https://images4-g.ravelrycache.com/uploads/Smilla-DA/877147680/image5_thumbnail.jpeg', 'small_url': 'https://images4-f.ravelrycache.com/uploads/Smilla-DA/877147680/image5_small_best_fit.jpeg', 'flickr_url': None, 'shelved_url': 'https://images4-g.ravelrycache.com/uploads/Smilla-DA/877147680/image5_shelved.jpeg', 'medium2_url': 'https://images4-a.ravelrycache.com/uploads/Smilla-DA/877147680/image5_medium2.jpeg', 'small2_url': 'https://images4-g.ravelrycache.com/uploads/Smilla-DA/877147680/image5_small2.jpeg', 'caption': None, 'caption_html': None, 'copyright_holder': None}, {'id': 115546527, 'sort_order': 5, 'user_id': 147299, 'x_offset': -12, 'y_offset': -62, 'square_url': 'https://images4-g.ravelrycache.com/uploads/Smilla-DA/876993176/Foto_15.07.22__14_20_47_square.jpg', 'medium_url': 'https://images4-f.ravelrycache.com/uploads/Smilla-DA/876993176/Foto_15.07.22__14_20_47_medium.jpg', 'thumbnail_url': 'https://images4-g.ravelrycache.com/uploads/Smilla-DA/876993176/Foto_15.07.22__14_20_47_thumbnail.jpg', 'small_url': 'https://images4-f.ravelrycache.com/uploads/Smilla-DA/876993176/Foto_15.07.22__14_20_47_small.jpg', 'flickr_url': None, 'shelved_url': 'https://images4-g.ravelrycache.com/uploads/Smilla-DA/876993176/Foto_15.07.22__14_20_47_shelved.jpg', 'medium2_url': 'https://images4-a.ravelrycache.com/uploads/Smilla-DA/876993176/Foto_15.07.22__14_20_47_medium2.jpg', 'small2_url': 'https://images4-g.ravelrycache.com/uploads/Smilla-DA/876993176/Foto_15.07.22__14_20_47_small2.jpg', 'caption': None, 'caption_html': None, 'copyright_holder': None}, {'id': 138971846, 'sort_order': 6, 'user_id': 32975, 'x_offset': 0, 'y_offset': -8, 'square_url': 'https://images4-g.ravelrycache.com/uploads/Skudderia/1066428751/WhatsApp_Image_2025-05-14_at_13.01.07_square.jpeg', 'medium_url': 'https://images4-g.ravelrycache.com/uploads/Skudderia/1066428751/WhatsApp_Image_2025-05-14_at_13.01.07_medium.jpeg', 'thumbnail_url': 'https://images4-f.ravelrycache.com/uploads/Skudderia/1066428751/WhatsApp_Image_2025-05-14_at_13.01.07_thumbnail.jpeg', 'small_url': 'https://images4-f.ravelrycache.com/uploads/Skudderia/1066428751/WhatsApp_Image_2025-05-14_at_13.01.07_small.jpeg', 'flickr_url': None, 'shelved_url': 'https://images4-g.ravelrycache.com/uploads/Skudderia/1066428751/WhatsApp_Image_2025-05-14_at_13.01.07_shelved.jpeg', 'medium2_url': 'https://images4-a.ravelrycache.com/uploads/Skudderia/1066428751/WhatsApp_Image_2025-05-14_at_13.01.07_medium2.jpeg', 'small2_url': 'https://images4-f.ravelrycache.com/uploads/Skudderia/1066428751/WhatsApp_Image_2025-05-14_at_13.01.07_small2.jpeg', 'caption': 'Skudderia sample with ""Egypt"" yarn', 'caption_html': 'Skudderia sample with ""Egypt"" yarn', 'copyright_holder': ''}, {'id': 115553847, 'sort_order': 7, 'user_id': 6371789, 'x_offset': -35, 'y_offset': -5, 'square_url': 'https://images4-g.ravelrycache.com/uploads/Patchschwester/869379702/4E20C60D-725D-44A7-AA5D-350F1C6E8E6E_square.jpeg', 'medium_url': 'https://images4-g.ravelrycache.com/uploads/Patchschwester/869379702/4E20C60D-725D-44A7-AA5D-350F1C6E8E6E_medium.jpeg', 'thumbnail_url': 'https://images4-g.ravelrycache.com/uploads/Patchschwester/869379702/4E20C60D-725D-44A7-AA5D-350F1C6E8E6E_thumbnail.jpeg', 'small_url': 'https://images4-f.ravelrycache.com/uploads/Patchschwester/869379702/4E20C60D-725D-44A7-AA5D-350F1C6E8E6E_small.jpeg', 'flickr_url': None, 'shelved_url': 'https://images4-g.ravelrycache.com/uploads/Patchschwester/869379702/4E20C60D-725D-44A7-AA5D-350F1C6E8E6E_shelved.jpeg', 'medium2_url': 'https://images4-a.ravelrycache.com/uploads/Patchschwester/869379702/4E20C60D-725D-44A7-AA5D-350F1C6E8E6E_medium2.jpeg', 'small2_url': 'https://images4-f.ravelrycache.com/uploads/Patchschwester/869379702/4E20C60D-725D-44A7-AA5D-350F1C6E8E6E_small2.jpeg', 'caption': None, 'caption_html': None, 'copyright_holder': None}, {'id': 115547457, 'sort_order': 8, 'user_id': 309309, 'x_offset': -5, 'y_offset': -35, 'square_url': 'https://images4-f.ravelrycache.com/uploads/Neufriesin/875683535/9C1A8514-091F-4757-81CE-035C10EBD67A_square.jpeg', 'medium_url': 'https://images4-f.ravelrycache.com/uploads/Neufriesin/875683535/9C1A8514-091F-4757-81CE-035C10EBD67A_medium.jpeg', 'thumbnail_url': 'https://images4-f.ravelrycache.com/uploads/Neufriesin/875683535/9C1A8514-091F-4757-81CE-035C10EBD67A_thumbnail.jpeg', 'small_url': 'https://images4-g.ravelrycache.com/uploads/Neufriesin/875683535/9C1A8514-091F-4757-81CE-035C10EBD67A_small.jpeg', 'flickr_url': None, 'shelved_url': 'https://images4-f.ravelrycache.com/uploads/Neufriesin/875683535/9C1A8514-091F-4757-81CE-035C10EBD67A_shelved.jpeg', 'medium2_url': 'https://images4-a.ravelrycache.com/uploads/Neufriesin/875683535/9C1A8514-091F-4757-81CE-035C10EBD67A_medium2.jpeg', 'small2_url': 'https://images4-g.ravelrycache.com/uploads/Neufriesin/875683535/9C1A8514-091F-4757-81CE-035C10EBD67A_small2.jpeg', 'caption': None, 'caption_html': None, 'copyright_holder': None}, {'id': 115556913, 'sort_order': 9, 'user_id': 349773, 'x_offset': -1, 'y_offset': -101, 'square_url': 'https://images4-g.ravelrycache.com/uploads/Wollmaus-Claudia/874771467/IMG_20220904_192913_square.jpg', 'medium_url': 'https://images4-f.ravelrycache.com/uploads/Wollmaus-Claudia/874771467/IMG_20220904_192913_medium.jpg', 'thumbnail_url': 'https://images4-f.ravelrycache.com/uploads/Wollmaus-Claudia/874771467/IMG_20220904_192913_thumbnail.jpg', 'small_url': 'https://images4-f.ravelrycache.com/uploads/Wollmaus-Claudia/874771467/IMG_20220904_192913_small_best_fit.jpg', 'flickr_url': None, 'shelved_url': 'https://images4-g.ravelrycache.com/uploads/Wollmaus-Claudia/874771467/IMG_20220904_192913_shelved.jpg', 'medium2_url': 'https://images4-a.ravelrycache.com/uploads/Wollmaus-Claudia/874771467/IMG_20220904_192913_medium2.jpg', 'small2_url': 'https://images4-g.ravelrycache.com/uploads/Wollmaus-Claudia/874771467/IMG_20220904_192913_small2.jpg', 'caption': None, 'caption_html': None, 'copyright_holder': None}, {'id': 115548320, 'sort_order': 10, 'user_id': 715347, 'x_offset': 0, 'y_offset': 0, 'square_url': 'https://images4-f.ravelrycache.com/uploads/Grisou/875111085/6A53EF1D-251B-4748-8F67-96168093F7D3_square.jpeg', 'medium_url': 'https://images4-f.ravelrycache.com/uploads/Grisou/875111085/6A53EF1D-251B-4748-8F67-96168093F7D3_medium.jpeg', 'thumbnail_url': 'https://images4-f.ravelrycache.com/uploads/Grisou/875111085/6A53EF1D-251B-4748-8F67-96168093F7D3_thumbnail.jpeg', 'small_url': 'https://images4-g.ravelrycache.com/uploads/Grisou/875111085/6A53EF1D-251B-4748-8F67-96168093F7D3_small_best_fit.jpeg', 'flickr_url': None, 'shelved_url': 'https://images4-f.ravelrycache.com/uploads/Grisou/875111085/6A53EF1D-251B-4748-8F67-96168093F7D3_shelved.jpeg', 'medium2_url': 'https://images4-a.ravelrycache.com/uploads/Grisou/875111085/6A53EF1D-251B-4748-8F67-96168093F7D3_medium2.jpeg', 'small2_url': 'https://images4-g.ravelrycache.com/uploads/Grisou/875111085/6A53EF1D-251B-4748-8F67-96168093F7D3_small2.jpeg', 'caption': None, 'caption_html': None, 'copyright_holder': None}, {'id': 115548001, 'sort_order': 11, 'user_id': 5492638, 'x_offset': -35, 'y_offset': -5, 'square_url': 'https://images4-f.ravelrycache.com/uploads/IngaWolle/875813961/CB70E72F-2F82-4A66-987C-F87F9A8D25BC_square.jpeg', 'medium_url': 'https://images4-f.ravelrycache.com/uploads/IngaWolle/875813961/CB70E72F-2F82-4A66-987C-F87F9A8D25BC_medium.jpeg', 'thumbnail_url': 'https://images4-g.ravelrycache.com/uploads/IngaWolle/875813961/CB70E72F-2F82-4A66-987C-F87F9A8D25BC_thumbnail.jpeg', 'small_url': 'https://images4-f.ravelrycache.com/uploads/IngaWolle/875813961/CB70E72F-2F82-4A66-987C-F87F9A8D25BC_small.jpeg', 'flickr_url': None, 'shelved_url': 'https://images4-f.ravelrycache.com/uploads/IngaWolle/875813961/CB70E72F-2F82-4A66-987C-F87F9A8D25BC_shelved.jpeg', 'medium2_url': 'https://images4-a.ravelrycache.com/uploads/IngaWolle/875813961/CB70E72F-2F82-4A66-987C-F87F9A8D25BC_medium2.jpeg', 'small2_url': 'https://images4-g.ravelrycache.com/uploads/IngaWolle/875813961/CB70E72F-2F82-4A66-987C-F87F9A8D25BC_small2.jpeg', 'caption': None, 'caption_html': None, 'copyright_holder': None}, {'id': 115548993, 'sort_order': 12, 'user_id': 5467729, 'x_offset': -5, 'y_offset': -35, 'square_url': 'https://images4-g.ravelrycache.com/uploads/CookingCat/875491448/6727EF75-F725-43E7-B529-25BD9CD2BA1F_square.jpeg', 'medium_url': 'https://images4-g.ravelrycache.com/uploads/CookingCat/875491448/6727EF75-F725-43E7-B529-25BD9CD2BA1F_medium.jpeg', 'thumbnail_url': 'https://images4-f.ravelrycache.com/uploads/CookingCat/875491448/6727EF75-F725-43E7-B529-25BD9CD2BA1F_thumbnail.jpeg', 'small_url': 'https://images4-f.ravelrycache.com/uploads/CookingCat/875491448/6727EF75-F725-43E7-B529-25BD9CD2BA1F_small.jpeg', 'flickr_url': None, 'shelved_url': 'https://images4-f.ravelrycache.com/uploads/CookingCat/875491448/6727EF75-F725-43E7-B529-25BD9CD2BA1F_shelved.jpeg', 'medium2_url': 'https://images4-a.ravelrycache.com/uploads/CookingCat/875491448/6727EF75-F725-43E7-B529-25BD9CD2BA1F_medium2.jpeg', 'small2_url': 'https://images4-f.ravelrycache.com/uploads/CookingCat/875491448/6727EF75-F725-43E7-B529-25BD9CD2BA1F_small2.jpeg', 'caption': None, 'caption_html': None, 'copyright_holder': None}, {'id': 115546904, 'sort_order': 13, 'user_id': 28598, 'x_offset': -5, 'y_offset': -35, 'square_url': 'https://images4-f.ravelrycache.com/uploads/strickulli/869923127/20220812_183122_square.jpg', 'medium_url': 'https://images4-g.ravelrycache.com/uploads/strickulli/869923127/20220812_183122_medium.jpg', 'thumbnail_url': 'https://images4-f.ravelrycache.com/uploads/strickulli/869923127/20220812_183122_thumbnail.jpg', 'small_url': 'https://images4-f.ravelrycache.com/uploads/strickulli/869923127/20220812_183122_small.jpg', 'flickr_url': None, 'shelved_url': 'https://images4-g.ravelrycache.com/uploads/strickulli/869923127/20220812_183122_shelved.jpg', 'medium2_url': 'https://images4-a.ravelrycache.com/uploads/strickulli/869923127/20220812_183122_medium2.jpg', 'small2_url': 'https://images4-f.ravelrycache.com/uploads/strickulli/869923127/20220812_183122_small2.jpg', 'caption': None, 'caption_html': None, 'copyright_holder': ''}, {'id': 115547120, 'sort_order': 14, 'user_id': 2797720, 'x_offset': -35, 'y_offset': -5, 'square_url': 'https://images4-g.ravelrycache.com/uploads/subala28/872531217/image_square.jpg', 'medium_url': 'https://images4-f.ravelrycache.com/uploads/subala28/872531217/image_medium.jpg', 'thumbnail_url': 'https://images4-f.ravelrycache.com/uploads/subala28/872531217/image_thumbnail.jpg', 'small_url': 'https://images4-f.ravelrycache.com/uploads/subala28/872531217/image_small.jpg', 'flickr_url': None, 'shelved_url': 'https://images4-g.ravelrycache.com/uploads/subala28/872531217/image_shelved.jpg', 'medium2_url': 'https://images4-a.ravelrycache.com/uploads/subala28/872531217/image_medium2.jpg', 'small2_url': 'https://images4-g.ravelrycache.com/uploads/subala28/872531217/image_small2.jpg', 'caption': None, 'caption_html': None, 'copyright_holder': None}, {'id': 115546842, 'sort_order': 15, 'user_id': 147299, 'x_offset': -4, 'y_offset': -20, 'square_url': 'https://images4-f.ravelrycache.com/uploads/Smilla-DA/877147281/image6_square.jpeg', 'medium_url': 'https://images4-f.ravelrycache.com/uploads/Smilla-DA/877147281/image6_medium.jpeg', 'thumbnail_url': 'https://images4-f.ravelrycache.com/uploads/Smilla-DA/877147281/image6_thumbnail.jpeg', 'small_url': 'https://images4-f.ravelrycache.com/uploads/Smilla-DA/877147281/image6_small.jpeg', 'flickr_url': None, 'shelved_url': 'https://images4-f.ravelrycache.com/uploads/Smilla-DA/877147281/image6_shelved.jpeg', 'medium2_url': 'https://images4-a.ravelrycache.com/uploads/Smilla-DA/877147281/image6_medium2.jpeg', 'small2_url': 'https://images4-g.ravelrycache.com/uploads/Smilla-DA/877147281/image6_small2.jpeg', 'caption': None, 'caption_html': None, 'copyright_holder': None}, {'id': 115546528, 'sort_order': 16, 'user_id': 147299, 'x_offset': -9, 'y_offset': -17, 'square_url': 'https://images4-f.ravelrycache.com/uploads/Smilla-DA/876992593/image1_square.jpeg', 'medium_url': 'https://images4-f.ravelrycache.com/uploads/Smilla-DA/876992593/image1_medium.jpeg', 'thumbnail_url': 'https://images4-f.ravelrycache.com/uploads/Smilla-DA/876992593/image1_thumbnail.jpeg', 'small_url': 'https://images4-g.ravelrycache.com/uploads/Smilla-DA/876992593/image1_small.jpeg', 'flickr_url': None, 'shelved_url': 'https://images4-f.ravelrycache.com/uploads/Smilla-DA/876992593/image1_shelved.jpeg', 'medium2_url': 'https://images4-a.ravelrycache.com/uploads/Smilla-DA/876992593/image1_medium2.jpeg', 'small2_url': 'https://images4-g.ravelrycache.com/uploads/Smilla-DA/876992593/image1_small2.jpeg', 'caption': None, 'caption_html': None, 'copyright_holder': None}, {'id': 115546529, 'sort_order': 17, 'user_id': 147299, 'x_offset': -2, 'y_offset': -3, 'square_url': 'https://images4-f.ravelrycache.com/uploads/Smilla-DA/876992595/image0_square.jpeg', 'medium_url': 'https://images4-f.ravelrycache.com/uploads/Smilla-DA/876992595/image0_medium.jpeg', 'thumbnail_url': 'https://images4-f.ravelrycache.com/uploads/Smilla-DA/876992595/image0_thumbnail.jpeg', 'small_url': 'https://images4-g.ravelrycache.com/uploads/Smilla-DA/876992595/image0_small_best_fit.jpeg', 'flickr_url': None, 'shelved_url': 'https://images4-f.ravelrycache.com/uploads/Smilla-DA/876992595/image0_shelved.jpeg', 'medium2_url': 'https://images4-a.ravelrycache.com/uploads/Smilla-DA/876992595/image0_medium2.jpeg', 'small2_url': 'https://images4-g.ravelrycache.com/uploads/Smilla-DA/876992595/image0_small2.jpeg', 'caption': None, 'caption_html': None, 'copyright_holder': None}, {'id': 115546530, 'sort_order': 18, 'user_id': 147299, 'x_offset': -7, 'y_offset': -4, 'square_url': 'https://images4-f.ravelrycache.com/uploads/Smilla-DA/876992585/image3_square.jpeg', 'medium_url': 'https://images4-f.ravelrycache.com/uploads/Smilla-DA/876992585/image3_medium.jpeg', 'thumbnail_url': 'https://images4-g.ravelrycache.com/uploads/Smilla-DA/876992585/image3_thumbnail.jpeg', 'small_url': 'https://images4-f.ravelrycache.com/uploads/Smilla-DA/876992585/image3_small.jpeg', 'flickr_url': None, 'shelved_url': 'https://images4-f.ravelrycache.com/uploads/Smilla-DA/876992585/image3_shelved.jpeg', 'medium2_url': 'https://images4-a.ravelrycache.com/uploads/Smilla-DA/876992585/image3_medium2.jpeg', 'small2_url': 'https://images4-g.ravelrycache.com/uploads/Smilla-DA/876992585/image3_small2.jpeg', 'caption': None, 'caption_html': None, 'copyright_holder': None}, {'id': 115546531, 'sort_order': 19, 'user_id': 147299, 'x_offset': 0, 'y_offset': -18, 'square_url': 'https://images4-g.ravelrycache.com/uploads/Smilla-DA/876992583/image4_square.jpeg', 'medium_url': 'https://images4-g.ravelrycache.com/uploads/Smilla-DA/876992583/image4_medium.jpeg', 'thumbnail_url': 'https://images4-g.ravelrycache.com/uploads/Smilla-DA/876992583/image4_thumbnail.jpeg', 'small_url': 'https://images4-f.ravelrycache.com/uploads/Smilla-DA/876992583/image4_small_best_fit.jpeg', 'flickr_url': None, 'shelved_url': 'https://images4-g.ravelrycache.com/uploads/Smilla-DA/876992583/image4_shelved.jpeg', 'medium2_url': 'https://images4-a.ravelrycache.com/uploads/Smilla-DA/876992583/image4_medium2.jpeg', 'small2_url': 'https://images4-f.ravelrycache.com/uploads/Smilla-DA/876992583/image4_small2.jpeg', 'caption': None, 'caption_html': None, 'copyright_holder': None}, {'id': 115546534, 'sort_order': 20, 'user_id': 147299, 'x_offset': -44, 'y_offset': -1, 'square_url': 'https://images4-f.ravelrycache.com/uploads/Smilla-DA/876994474/Lale_v1_square.png', 'medium_url': 'https://images4-g.ravelrycache.com/uploads/Smilla-DA/876994474/Lale_v1_medium.png', 'thumbnail_url': 'https://images4-f.ravelrycache.com/uploads/Smilla-DA/876994474/Lale_v1_thumbnail.png', 'small_url': 'https://images4-f.ravelrycache.com/uploads/Smilla-DA/876994474/Lale_v1_small_best_fit.png', 'flickr_url': None, 'shelved_url': 'https://images4-f.ravelrycache.com/uploads/Smilla-DA/876994474/Lale_v1_shelved.png', 'medium2_url': 'https://images4-a.ravelrycache.com/uploads/Smilla-DA/876994474/Lale_v1_medium2.png', 'small2_url': 'https://images4-f.ravelrycache.com/uploads/Smilla-DA/876994474/Lale_v1_small2.png', 'caption': None, 'caption_html': None, 'copyright_holder': None}]"
Magnolia Minie,Lisa Renner,1273382,https://www.ravelry.com/patterns/library/magnolia-minie,False,https://images4-a.ravelrycache.com/uploads/LisaRennerCC/877164510/Mag._MINI_1000px_medium2.jpg,Knitting,"['baby', 'newborn-size', 'preemie', 'child', 'one-piece', 'seamless', 'top-down', 'in-the-round']",23.0,2.6,True,4.0,Stocking sts,child,Light Fingering,7,5.0,"PM (0, ½, 1, 2) (3, 4, 6, 8) years","[{'id': 115549123, 'sort_order': 1, 'user_id': 7071492, 'x_offset': 0, 'y_offset': 0, 'square_url': 'https://images4-g.ravelrycache.com/uploads/LisaRennerCC/877164510/Mag._MINI_1000px_square.jpg', 'medium_url': 'https://images4-f.ravelrycache.com/uploads/LisaRennerCC/877164510/Mag._MINI_1000px_medium.jpg', 'thumbnail_url': 'https://images4-g.ravelrycache.com/uploads/LisaRennerCC/877164510/Mag._MINI_1000px_thumbnail.jpg', 'small_url': 'https://images4-f.ravelrycache.com/uploads/LisaRennerCC/877164510/Mag._MINI_1000px_small_best_fit.jpg', 'flickr_url': None, 'shelved_url': 'https://images4-f.ravelrycache.com/uploads/LisaRennerCC/877164510/Mag._MINI_1000px_shelved.jpg', 'medium2_url': 'https://images4-a.ravelrycache.com/uploads/LisaRennerCC/877164510/Mag._MINI_1000px_medium2.jpg', 'small2_url': 'https://images4-g.ravelrycache.com/uploads/LisaRennerCC/877164510/Mag._MINI_1000px_small2.jpg', 'caption': None, 'caption_html': None, 'copyright_holder': None}, {'id': 115549124, 'sort_order': 2, 'user_id': 7071492, 'x_offset': 0, 'y_offset': 0, 'square_url': 'https://images4-f.ravelrycache.com/uploads/LisaRennerCC/877164536/Mood_foto_Mag.Mini_1000px_square.jpg', 'medium_url': 'https://images4-g.ravelrycache.com/uploads/LisaRennerCC/877164536/Mood_foto_Mag.Mini_1000px_medium.jpg', 'thumbnail_url': 'https://images4-f.ravelrycache.com/uploads/LisaRennerCC/877164536/Mood_foto_Mag.Mini_1000px_thumbnail.jpg', 'small_url': 'https://images4-g.ravelrycache.com/uploads/LisaRennerCC/877164536/Mood_foto_Mag.Mini_1000px_small_best_fit.jpg', 'flickr_url': None, 'shelved_url': 'https://images4-f.ravelrycache.com/uploads/LisaRennerCC/877164536/Mood_foto_Mag.Mini_1000px_shelved.jpg', 'medium2_url': 'https://images4-a.ravelrycache.com/uploads/LisaRennerCC/877164536/Mood_foto_Mag.Mini_1000px_medium2.jpg', 'small2_url': 'https://images4-f.ravelrycache.com/uploads/LisaRennerCC/877164536/Mood_foto_Mag.Mini_1000px_small2.jpg', 'caption': None, 'caption_html': None, 'copyright_holder': None}, {'id': 115549125, 'sort_order': 3, 'user_id': 7071492, 'x_offset': 0, 'y_offset': 0, 'square_url': 'https://images4-g.ravelrycache.com/uploads/LisaRennerCC/877164545/Aermedetal.2_1000px_square.jpg', 'medium_url': 'https://images4-f.ravelrycache.com/uploads/LisaRennerCC/877164545/Aermedetal.2_1000px_medium.jpg', 'thumbnail_url': 'https://images4-f.ravelrycache.com/uploads/LisaRennerCC/877164545/Aermedetal.2_1000px_thumbnail.jpg', 'small_url': 'https://images4-f.ravelrycache.com/uploads/LisaRennerCC/877164545/Aermedetal.2_1000px_small_best_fit.jpg', 'flickr_url': None, 'shelved_url': 'https://images4-g.ravelrycache.com/uploads/LisaRennerCC/877164545/Aermedetal.2_1000px_shelved.jpg', 'medium2_url': 'https://images4-a.ravelrycache.com/uploads/LisaRennerCC/877164545/Aermedetal.2_1000px_medium2.jpg', 'small2_url': 'https://images4-g.ravelrycache.com/uploads/LisaRennerCC/877164545/Aermedetal.2_1000px_small2.jpg', 'caption': None, 'caption_html': None, 'copyright_holder': None}, {'id': 115549126, 'sort_order': 4, 'user_id': 7071492, 'x_offset': 0, 'y_offset': 0, 'square_url': 'https://images4-f.ravelrycache.com/uploads/LisaRennerCC/877164559/Aerme_detaljer_1000px_square.jpg', 'medium_url': 'https://images4-g.ravelrycache.com/uploads/LisaRennerCC/877164559/Aerme_detaljer_1000px_medium.jpg', 'thumbnail_url': 'https://images4-g.ravelrycache.com/uploads/LisaRennerCC/877164559/Aerme_detaljer_1000px_thumbnail.jpg', 'small_url': 'https://images4-f.ravelrycache.com/uploads/LisaRennerCC/877164559/Aerme_detaljer_1000px_small_best_fit.jpg', 'flickr_url': None, 'shelved_url': 'https://images4-g.ravelrycache.com/uploads/LisaRennerCC/877164559/Aerme_detaljer_1000px_shelved.jpg', 'medium2_url': 'https://images4-a.ravelrycache.com/uploads/LisaRennerCC/877164559/Aerme_detaljer_1000px_medium2.jpg', 'small2_url': 'https://images4-f.ravelrycache.com/uploads/LisaRennerCC/877164559/Aerme_detaljer_1000px_small2.jpg', 'caption': None, 'caption_html': None, 'copyright_holder': None}]"
Sparkling Fountain Sweater,Rachel Fletcher,1273666,https://www.ravelry.com/patterns/library/sparkling-fountain-sweater,False,https://images4-a.ravelrycache.com/uploads/Twinsetandpurl/877302750/0392D371-97B2-47F6-B308-B00895FCD57E_medium2.jpeg,Knitting,"['teen', 'adult', '3-4-sleeve', 'raglan-sleeve', 'icord', 'seamless', 'short-rows', 'top-down', 'positive-ease', 'chart', 'written-pattern', 'in-the-round', 'twisted-stitches']",19.0,0.0,True,4.0,Stocking stitch,pullover,DK,6,0.0,"1, 2, 3, 4, 5, 6, 7, 8","[{'id': 115566944, 'sort_order': 1, 'user_id': 1381041, 'x_offset': 0, 'y_offset': -66, 'square_url': 'https://images4-g.ravelrycache.com/uploads/Twinsetandpurl/877302750/0392D371-97B2-47F6-B308-B00895FCD57E_square.jpeg', 'medium_url': 'https://images4-g.ravelrycache.com/uploads/Twinsetandpurl/877302750/0392D371-97B2-47F6-B308-B00895FCD57E_medium.jpeg', 'thumbnail_url': 'https://images4-f.ravelrycache.com/uploads/Twinsetandpurl/877302750/0392D371-97B2-47F6-B308-B00895FCD57E_thumbnail.jpeg', 'small_url': 'https://images4-g.ravelrycache.com/uploads/Twinsetandpurl/877302750/0392D371-97B2-47F6-B308-B00895FCD57E_small_best_fit.jpeg', 'flickr_url': None, 'shelved_url': 'https://images4-f.ravelrycache.com/uploads/Twinsetandpurl/877302750/0392D371-97B2-47F6-B308-B00895FCD57E_shelved.jpeg', 'medium2_url': 'https://images4-a.ravelrycache.com/uploads/Twinsetandpurl/877302750/0392D371-97B2-47F6-B308-B00895FCD57E_medium2.jpeg', 'small2_url': 'https://images4-f.ravelrycache.com/uploads/Twinsetandpurl/877302750/0392D371-97B2-47F6-B308-B00895FCD57E_small2.jpeg', 'caption': None, 'caption_html': None, 'copyright_holder': None}, {'id': 115566945, 'sort_order': 2, 'user_id': 1381041, 'x_offset': 0, 'y_offset': -10, 'square_url': 'https://images4-f.ravelrycache.com/uploads/Twinsetandpurl/877302752/2819A088-1046-42A7-9D1A-B7FB0B36A628_square.jpeg', 'medium_url': 'https://images4-f.ravelrycache.com/uploads/Twinsetandpurl/877302752/2819A088-1046-42A7-9D1A-B7FB0B36A628_medium.jpeg', 'thumbnail_url': 'https://images4-g.ravelrycache.com/uploads/Twinsetandpurl/877302752/2819A088-1046-42A7-9D1A-B7FB0B36A628_thumbnail.jpeg', 'small_url': 'https://images4-f.ravelrycache.com/uploads/Twinsetandpurl/877302752/2819A088-1046-42A7-9D1A-B7FB0B36A628_small_best_fit.jpeg', 'flickr_url': None, 'shelved_url': 'https://images4-g.ravelrycache.com/uploads/Twinsetandpurl/877302752/2819A088-1046-42A7-9D1A-B7FB0B36A628_shelved.jpeg', 'medium2_url': 'https://images4-a.ravelrycache.com/uploads/Twinsetandpurl/877302752/2819A088-1046-42A7-9D1A-B7FB0B36A628_medium2.jpeg', 'small2_url': 'https://images4-g.ravelrycache.com/uploads/Twinsetandpurl/877302752/2819A088-1046-42A7-9D1A-B7FB0B36A628_small2.jpeg', 'caption': None, 'caption_html': None, 'copyright_holder': None}, {'id': 115566946, 'sort_order': 3, 'user_id': 1381041, 'x_offset': -5, 'y_offset': -35, 'square_url': 'https://images4-g.ravelrycache.com/uploads/Twinsetandpurl/877302758/2C1C9BDD-3C92-41BD-9BD7-C087DDCB72A1_square.jpeg', 'medium_url': 'https://images4-g.ravelrycache.com/uploads/Twinsetandpurl/877302758/2C1C9BDD-3C92-41BD-9BD7-C087DDCB72A1_medium.jpeg', 'thumbnail_url': 'https://images4-f.ravelrycache.com/uploads/Twinsetandpurl/877302758/2C1C9BDD-3C92-41BD-9BD7-C087DDCB72A1_thumbnail.jpeg', 'small_url': 'https://images4-g.ravelrycache.com/uploads/Twinsetandpurl/877302758/2C1C9BDD-3C92-41BD-9BD7-C087DDCB72A1_small.jpeg', 'flickr_url': None, 'shelved_url': 'https://images4-g.ravelrycache.com/uploads/Twinsetandpurl/877302758/2C1C9BDD-3C92-41BD-9BD7-C087DDCB72A1_shelved.jpeg', 'medium2_url': 'https://images4-a.ravelrycache.com/uploads/Twinsetandpurl/877302758/2C1C9BDD-3C92-41BD-9BD7-C087DDCB72A1_medium2.jpeg', 'small2_url': 'https://images4-f.ravelrycache.com/uploads/Twinsetandpurl/877302758/2C1C9BDD-3C92-41BD-9BD7-C087DDCB72A1_small2.jpeg', 'caption': None, 'caption_html': None, 'copyright_holder': None}, {'id': 115566947, 'sort_order': 4, 'user_id': 1381041, 'x_offset': -5, 'y_offset': -35, 'square_url': 'https://images4-g.ravelrycache.com/uploads/Twinsetandpurl/877302757/FEC79DA0-13ED-4BBD-A068-CA104FFAD251_square.jpeg', 'medium_url': 'https://images4-g.ravelrycache.com/uploads/Twinsetandpurl/877302757/FEC79DA0-13ED-4BBD-A068-CA104FFAD251_medium.jpeg', 'thumbnail_url': 'https://images4-f.ravelrycache.com/uploads/Twinsetandpurl/877302757/FEC79DA0-13ED-4BBD-A068-CA104FFAD251_thumbnail.jpeg', 'small_url': 'https://images4-g.ravelrycache.com/uploads/Twinsetandpurl/877302757/FEC79DA0-13ED-4BBD-A068-CA104FFAD251_small.jpeg', 'flickr_url': None, 'shelved_url': 'https://images4-g.ravelrycache.com/uploads/Twinsetandpurl/877302757/FEC79DA0-13ED-4BBD-A068-CA104FFAD251_shelved.jpeg', 'medium2_url': 'https://images4-a.ravelrycache.com/uploads/Twinsetandpurl/877302757/FEC79DA0-13ED-4BBD-A068-CA104FFAD251_medium2.jpeg', 'small2_url': 'https://images4-f.ravelrycache.com/uploads/Twinsetandpurl/877302757/FEC79DA0-13ED-4BBD-A068-CA104FFAD251_small2.jpeg', 'caption': None, 'caption_html': None, 'copyright_holder': None}, {'id': 115566948, 'sort_order': 5, 'user_id': 1381041, 'x_offset': -5, 'y_offset': -35, 'square_url': 'https://images4-g.ravelrycache.com/uploads/Twinsetandpurl/877302761/B706E22D-6569-4519-B82E-CCA274B940EA_square.jpeg', 'medium_url': 'https://images4-g.ravelrycache.com/uploads/Twinsetandpurl/877302761/B706E22D-6569-4519-B82E-CCA274B940EA_medium.jpeg', 'thumbnail_url': 'https://images4-g.ravelrycache.com/uploads/Twinsetandpurl/877302761/B706E22D-6569-4519-B82E-CCA274B940EA_thumbnail.jpeg', 'small_url': 'https://images4-f.ravelrycache.com/uploads/Twinsetandpurl/877302761/B706E22D-6569-4519-B82E-CCA274B940EA_small.jpeg', 'flickr_url': None, 'shelved_url': 'https://images4-f.ravelrycache.com/uploads/Twinsetandpurl/877302761/B706E22D-6569-4519-B82E-CCA274B940EA_shelved.jpeg', 'medium2_url': 'https://images4-a.ravelrycache.com/uploads/Twinsetandpurl/877302761/B706E22D-6569-4519-B82E-CCA274B940EA_medium2.jpeg', 'small2_url': 'https://images4-f.ravelrycache.com/uploads/Twinsetandpurl/877302761/B706E22D-6569-4519-B82E-CCA274B940EA_small2.jpeg', 'caption': None, 'caption_html': None, 'copyright_holder': None}, {'id': 115566949, 'sort_order': 6, 'user_id': 1381041, 'x_offset': -5, 'y_offset': -35, 'square_url': 'https://images4-f.ravelrycache.com/uploads/Twinsetandpurl/877302759/965BD35B-0746-4667-916E-6F5B91C36CCF_square.jpeg', 'medium_url': 'https://images4-f.ravelrycache.com/uploads/Twinsetandpurl/877302759/965BD35B-0746-4667-916E-6F5B91C36CCF_medium.jpeg', 'thumbnail_url': 'https://images4-g.ravelrycache.com/uploads/Twinsetandpurl/877302759/965BD35B-0746-4667-916E-6F5B91C36CCF_thumbnail.jpeg', 'small_url': 'https://images4-f.ravelrycache.com/uploads/Twinsetandpurl/877302759/965BD35B-0746-4667-916E-6F5B91C36CCF_small.jpeg', 'flickr_url': None, 'shelved_url': 'https://images4-g.ravelrycache.com/uploads/Twinsetandpurl/877302759/965BD35B-0746-4667-916E-6F5B91C36CCF_shelved.jpeg', 'medium2_url': 'https://images4-a.ravelrycache.com/uploads/Twinsetandpurl/877302759/965BD35B-0746-4667-916E-6F5B91C36CCF_medium2.jpeg', 'small2_url': 'https://images4-g.ravelrycache.com/uploads/Twinsetandpurl/877302759/965BD35B-0746-4667-916E-6F5B91C36CCF_small2.jpeg', 'caption': None, 'caption_html': None, 'copyright_holder': None}, {'id': 115566950, 'sort_order': 7, 'user_id': 1381041, 'x_offset': -5, 'y_offset': -35, 'square_url': 'https://images4-g.ravelrycache.com/uploads/Twinsetandpurl/877302751/39B85B59-39D2-4F46-A566-7504B32E27DF_square.jpeg', 'medium_url': 'https://images4-g.ravelrycache.com/uploads/Twinsetandpurl/877302751/39B85B59-39D2-4F46-A566-7504B32E27DF_medium.jpeg', 'thumbnail_url': 'https://images4-g.ravelrycache.com/uploads/Twinsetandpurl/877302751/39B85B59-39D2-4F46-A566-7504B32E27DF_thumbnail.jpeg', 'small_url': 'https://images4-g.ravelrycache.com/uploads/Twinsetandpurl/877302751/39B85B59-39D2-4F46-A566-7504B32E27DF_small.jpeg', 'flickr_url': None, 'shelved_url': 'https://images4-f.ravelrycache.com/uploads/Twinsetandpurl/877302751/39B85B59-39D2-4F46-A566-7504B32E27DF_shelved.jpeg', 'medium2_url': 'https://images4-a.ravelrycache.com/uploads/Twinsetandpurl/877302751/39B85B59-39D2-4F46-A566-7504B32E27DF_medium2.jpeg', 'small2_url': 'https://images4-f.ravelrycache.com/uploads/Twinsetandpurl/877302751/39B85B59-39D2-4F46-A566-7504B32E27DF_small2.jpeg', 'caption': None, 'caption_html': None, 'copyright_holder': None}, {'id': 115566951, 'sort_order': 8, 'user_id': 1381041, 'x_offset': -5, 'y_offset': -35, 'square_url': 'https://images4-g.ravelrycache.com/uploads/Twinsetandpurl/877302749/45BCFFBE-F598-474A-A77D-41E578D4AD99_square.jpeg', 'medium_url': 'https://images4-g.ravelrycache.com/uploads/Twinsetandpurl/877302749/45BCFFBE-F598-474A-A77D-41E578D4AD99_medium.jpeg', 'thumbnail_url': 'https://images4-f.ravelrycache.com/uploads/Twinsetandpurl/877302749/45BCFFBE-F598-474A-A77D-41E578D4AD99_thumbnail.jpeg', 'small_url': 'https://images4-g.ravelrycache.com/uploads/Twinsetandpurl/877302749/45BCFFBE-F598-474A-A77D-41E578D4AD99_small.jpeg', 'flickr_url': None, 'shelved_url': 'https://images4-g.ravelrycache.com/uploads/Twinsetandpurl/877302749/45BCFFBE-F598-474A-A77D-41E578D4AD99_shelved.jpeg', 'medium2_url': 'https://images4-a.ravelrycache.com/uploads/Twinsetandpurl/877302749/45BCFFBE-F598-474A-A77D-41E578D4AD99_medium2.jpeg', 'small2_url': 'https://images4-f.ravelrycache.com/uploads/Twinsetandpurl/877302749/45BCFFBE-F598-474A-A77D-41E578D4AD99_small2.jpeg', 'caption': None, 'caption_html': None, 'copyright_holder': None}, {'id': 115566952, 'sort_order': 9, 'user_id': 1381041, 'x_offset': -5, 'y_offset': -35, 'square_url': 'https://images4-g.ravelrycache.com/uploads/Twinsetandpurl/877302756/5D950AB2-A023-4D2C-99D9-0A3CBCC5F587_square.jpeg', 'medium_url': 'https://images4-g.ravelrycache.com/uploads/Twinsetandpurl/877302756/5D950AB2-A023-4D2C-99D9-0A3CBCC5F587_medium.jpeg', 'thumbnail_url': 'https://images4-f.ravelrycache.com/uploads/Twinsetandpurl/877302756/5D950AB2-A023-4D2C-99D9-0A3CBCC5F587_thumbnail.jpeg', 'small_url': 'https://images4-f.ravelrycache.com/uploads/Twinsetandpurl/877302756/5D950AB2-A023-4D2C-99D9-0A3CBCC5F587_small.jpeg', 'flickr_url': None, 'shelved_url': 'https://images4-g.ravelrycache.com/uploads/Twinsetandpurl/877302756/5D950AB2-A023-4D2C-99D9-0A3CBCC5F587_shelved.jpeg', 'medium2_url': 'https://images4-a.ravelrycache.com/uploads/Twinsetandpurl/877302756/5D950AB2-A023-4D2C-99D9-0A3CBCC5F587_medium2.jpeg', 'small2_url': 'https://images4-f.ravelrycache.com/uploads/Twinsetandpurl/877302756/5D950AB2-A023-4D2C-99D9-0A3CBCC5F587_small2.jpeg', 'caption': None, 'caption_html': None, 'copyright_holder': None}, {'id': 115566953, 'sort_order': 10, 'user_id': 1381041, 'x_offset': 0, 'y_offset': -10, 'square_url': 'https://images4-f.ravelrycache.com/uploads/Twinsetandpurl/877302748/5534A148-BDE8-4405-9E00-6E74D80201DF_square.jpeg', 'medium_url': 'https://images4-f.ravelrycache.com/uploads/Twinsetandpurl/877302748/5534A148-BDE8-4405-9E00-6E74D80201DF_medium.jpeg', 'thumbnail_url': 'https://images4-g.ravelrycache.com/uploads/Twinsetandpurl/877302748/5534A148-BDE8-4405-9E00-6E74D80201DF_thumbnail.jpeg', 'small_url': 'https://images4-g.ravelrycache.com/uploads/Twinsetandpurl/877302748/5534A148-BDE8-4405-9E00-6E74D80201DF_small_best_fit.jpeg', 'flickr_url': None, 'shelved_url': 'https://images4-g.ravelrycache.com/uploads/Twinsetandpurl/877302748/5534A148-BDE8-4405-9E00-6E74D80201DF_shelved.jpeg', 'medium2_url': 'https://images4-a.ravelrycache.com/uploads/Twinsetandpurl/877302748/5534A148-BDE8-4405-9E00-6E74D80201DF_medium2.jpeg', 'small2_url': 'https://images4-g.ravelrycache.com/uploads/Twinsetandpurl/877302748/5534A148-BDE8-4405-9E00-6E74D80201DF_small2.jpeg', 'caption': None, 'caption_html': None, 'copyright_holder': None}, {'id': 115566954, 'sort_order': 11, 'user_id': 1381041, 'x_offset': -5, 'y_offset': -35, 'square_url': 'https://images4-f.ravelrycache.com/uploads/Twinsetandpurl/877302755/CA0E6E4A-A816-4BBB-8D8B-1768443B3166_square.jpeg', 'medium_url': 'https://images4-f.ravelrycache.com/uploads/Twinsetandpurl/877302755/CA0E6E4A-A816-4BBB-8D8B-1768443B3166_medium.jpeg', 'thumbnail_url': 'https://images4-g.ravelrycache.com/uploads/Twinsetandpurl/877302755/CA0E6E4A-A816-4BBB-8D8B-1768443B3166_thumbnail.jpeg', 'small_url': 'https://images4-f.ravelrycache.com/uploads/Twinsetandpurl/877302755/CA0E6E4A-A816-4BBB-8D8B-1768443B3166_small.jpeg', 'flickr_url': None, 'shelved_url': 'https://images4-f.ravelrycache.com/uploads/Twinsetandpurl/877302755/CA0E6E4A-A816-4BBB-8D8B-1768443B3166_shelved.jpeg', 'medium2_url': 'https://images4-a.ravelrycache.com/uploads/Twinsetandpurl/877302755/CA0E6E4A-A816-4BBB-8D8B-1768443B3166_medium2.jpeg', 'small2_url': 'https://images4-g.ravelrycache.com/uploads/Twinsetandpurl/877302755/CA0E6E4A-A816-4BBB-8D8B-1768443B3166_small2.jpeg', 'caption': None, 'caption_html': None, 'copyright_holder': None}, {'id': 115566955, 'sort_order': 12, 'user_id': 1381041, 'x_offset': -5, 'y_offset': -35, 'square_url': 'https://images4-f.ravelrycache.com/uploads/Twinsetandpurl/877302753/26D8D2B2-90C9-406C-8D44-751CFF757B12_square.jpeg', 'medium_url': 'https://images4-f.ravelrycache.com/uploads/Twinsetandpurl/877302753/26D8D2B2-90C9-406C-8D44-751CFF757B12_medium.jpeg', 'thumbnail_url': 'https://images4-g.ravelrycache.com/uploads/Twinsetandpurl/877302753/26D8D2B2-90C9-406C-8D44-751CFF757B12_thumbnail.jpeg', 'small_url': 'https://images4-f.ravelrycache.com/uploads/Twinsetandpurl/877302753/26D8D2B2-90C9-406C-8D44-751CFF757B12_small.jpeg', 'flickr_url': None, 'shelved_url': 'https://images4-f.ravelrycache.com/uploads/Twinsetandpurl/877302753/26D8D2B2-90C9-406C-8D44-751CFF757B12_shelved.jpeg', 'medium2_url': 'https://images4-a.ravelrycache.com/uploads/Twinsetandpurl/877302753/26D8D2B2-90C9-406C-8D44-751CFF757B12_medium2.jpeg', 'small2_url': 'https://images4-g.ravelrycache.com/uploads/Twinsetandpurl/877302753/26D8D2B2-90C9-406C-8D44-751CFF757B12_small2.jpeg', 'caption': None, 'caption_html': None, 'copyright_holder': None}, {'id': 115566956, 'sort_order': 13, 'user_id': 1381041, 'x_offset': 0, 'y_offset': -10, 'square_url': 'https://images4-g.ravelrycache.com/uploads/Twinsetandpurl/877302754/1A451A34-2E3C-4C8D-AA28-7FCC6BCE706D_square.jpeg', 'medium_url': 'https://images4-g.ravelrycache.com/uploads/Twinsetandpurl/877302754/1A451A34-2E3C-4C8D-AA28-7FCC6BCE706D_medium.jpeg', 'thumbnail_url': 'https://images4-g.ravelrycache.com/uploads/Twinsetandpurl/877302754/1A451A34-2E3C-4C8D-AA28-7FCC6BCE706D_thumbnail.jpeg', 'small_url': 'https://images4-f.ravelrycache.com/uploads/Twinsetandpurl/877302754/1A451A34-2E3C-4C8D-AA28-7FCC6BCE706D_small_best_fit.jpeg', 'flickr_url': None, 'shelved_url': 'https://images4-g.ravelrycache.com/uploads/Twinsetandpurl/877302754/1A451A34-2E3C-4C8D-AA28-7FCC6BCE706D_shelved.jpeg', 'medium2_url': 'https://images4-a.ravelrycache.com/uploads/Twinsetandpurl/877302754/1A451A34-2E3C-4C8D-AA28-7FCC6BCE706D_medium2.jpeg', 'small2_url': 'https://images4-f.ravelrycache.com/uploads/Twinsetandpurl/877302754/1A451A34-2E3C-4C8D-AA28-7FCC6BCE706D_small2.jpeg', 'caption': None, 'caption_html': None, 'copyright_holder': None}]"
Huldra Sweater,Katrinine,1273936,https://www.ravelry.com/patterns/library/huldra-sweater-3,False,https://images4-a.ravelrycache.com/uploads/Katriine/877532422/IMG-1591m_medium2.jpg,Knitting,"['stranded', 'short-rows', 'top-down', 'bottom-up', 'positive-ease', 'in-the-round', 'provisional']",17.0,0.0,True,4.0,,pullover,Aran,7,4.666666666666667,One size Medium,"[{'id': 115594799, 'sort_order': 1, 'user_id': 1378031, 'x_offset': -1, 'y_offset': -11, 'square_url': 'https://images4-g.ravelrycache.com/uploads/Katriine/877532422/IMG-1591m_square.jpg', 'medium_url': 'https://images4-f.ravelrycache.com/uploads/Katriine/877532422/IMG-1591m_medium.jpg', 'thumbnail_url': 'https://images4-f.ravelrycache.com/uploads/Katriine/877532422/IMG-1591m_thumbnail.jpg', 'small_url': 'https://images4-g.ravelrycache.com/uploads/Katriine/877532422/IMG-1591m_small_best_fit.jpg', 'flickr_url': None, 'shelved_url': 'https://images4-f.ravelrycache.com/uploads/Katriine/877532422/IMG-1591m_shelved.jpg', 'medium2_url': 'https://images4-a.ravelrycache.com/uploads/Katriine/877532422/IMG-1591m_medium2.jpg', 'small2_url': 'https://images4-g.ravelrycache.com/uploads/Katriine/877532422/IMG-1591m_small2.jpg', 'caption': None, 'caption_html': None, 'copyright_holder': None}, {'id': 115594800, 'sort_order': 2, 'user_id': 1378031, 'x_offset': 0, 'y_offset': -22, 'square_url': 'https://images4-g.ravelrycache.com/uploads/Katriine/877532420/IMG_1610_square.jpg', 'medium_url': 'https://images4-f.ravelrycache.com/uploads/Katriine/877532420/IMG_1610_medium.jpg', 'thumbnail_url': 'https://images4-f.ravelrycache.com/uploads/Katriine/877532420/IMG_1610_thumbnail.jpg', 'small_url': 'https://images4-f.ravelrycache.com/uploads/Katriine/877532420/IMG_1610_small_best_fit.jpg', 'flickr_url': None, 'shelved_url': 'https://images4-g.ravelrycache.com/uploads/Katriine/877532420/IMG_1610_shelved.jpg', 'medium2_url': 'https://images4-a.ravelrycache.com/uploads/Katriine/877532420/IMG_1610_medium2.jpg', 'small2_url': 'https://images4-g.ravelrycache.com/uploads/Katriine/877532420/IMG_1610_small2.jpg', 'caption': None, 'caption_html': None, 'copyright_holder': None}, {'id': 115594801, 'sort_order': 3, 'user_id': 1378031, 'x_offset': 0, 'y_offset': -22, 'square_url': 'https://images4-g.ravelrycache.com/uploads/Katriine/877532423/IMG_1599_square.jpg', 'medium_url': 'https://images4-f.ravelrycache.com/uploads/Katriine/877532423/IMG_1599_medium.jpg', 'thumbnail_url': 'https://images4-f.ravelrycache.com/uploads/Katriine/877532423/IMG_1599_thumbnail.jpg', 'small_url': 'https://images4-g.ravelrycache.com/uploads/Katriine/877532423/IMG_1599_small_best_fit.jpg', 'flickr_url': None, 'shelved_url': 'https://images4-g.ravelrycache.com/uploads/Katriine/877532423/IMG_1599_shelved.jpg', 'medium2_url': 'https://images4-a.ravelrycache.com/uploads/Katriine/877532423/IMG_1599_medium2.jpg', 'small2_url': 'https://images4-g.ravelrycache.com/uploads/Katriine/877532423/IMG_1599_small2.jpg', 'caption': None, 'caption_html': None, 'copyright_holder': None}]"
Matelassé Sweater,kayen-itee,1274139,https://www.ravelry.com/patterns/library/matelasse-sweater,False,https://images4-a.ravelrycache.com/uploads/kayen-itee/877739199/Side_medium2.jpg,Knitting,"['adult', 'oversized', 'cables', 'ribbed', 'textured', 'ballet-neck', 'crew-neck', 'long-sleeve', 'straight', 'one-piece', 'seamless', 'short-rows', 'top-down', 'positive-ease', 'chart', 'written-pattern', 'drop-sleeve', 'worked-flat', 'in-the-round', 'slipped-stitches', 'schematic']",23.0,0.0,True,4.0,"In textured pattern on 4.5mm needles, after blocking.",pullover,DK,4,0.0,"XS, S, M, L, XL, 2XL, 3XL","[{'id': 115620168, 'sort_order': 1, 'user_id': 9351549, 'x_offset': -2, 'y_offset': 0, 'square_url': 'https://images4-g.ravelrycache.com/uploads/kayen-itee/877739199/Side_square.jpg', 'medium_url': 'https://images4-f.ravelrycache.com/uploads/kayen-itee/877739199/Side_medium.jpg', 'thumbnail_url': 'https://images4-g.ravelrycache.com/uploads/kayen-itee/877739199/Side_thumbnail.jpg', 'small_url': 'https://images4-f.ravelrycache.com/uploads/kayen-itee/877739199/Side_small_best_fit.jpg', 'flickr_url': None, 'shelved_url': 'https://images4-g.ravelrycache.com/uploads/kayen-itee/877739199/Side_shelved.jpg', 'medium2_url': 'https://images4-a.ravelrycache.com/uploads/kayen-itee/877739199/Side_medium2.jpg', 'small2_url': 'https://images4-g.ravelrycache.com/uploads/kayen-itee/877739199/Side_small2.jpg', 'caption': None, 'caption_html': None, 'copyright_holder': None}, {'id': 115620169, 'sort_order': 2, 'user_id': 9351549, 'x_offset': -1, 'y_offset': 0, 'square_url': 'https://images4-f.ravelrycache.com/uploads/kayen-itee/877739331/Close-up_shoulder_square.jpg', 'medium_url': 'https://images4-g.ravelrycache.com/uploads/kayen-itee/877739331/Close-up_shoulder_medium.jpg', 'thumbnail_url': 'https://images4-g.ravelrycache.com/uploads/kayen-itee/877739331/Close-up_shoulder_thumbnail.jpg', 'small_url': 'https://images4-f.ravelrycache.com/uploads/kayen-itee/877739331/Close-up_shoulder_small_best_fit.jpg', 'flickr_url': None, 'shelved_url': 'https://images4-g.ravelrycache.com/uploads/kayen-itee/877739331/Close-up_shoulder_shelved.jpg', 'medium2_url': 'https://images4-a.ravelrycache.com/uploads/kayen-itee/877739331/Close-up_shoulder_medium2.jpg', 'small2_url': 'https://images4-f.ravelrycache.com/uploads/kayen-itee/877739331/Close-up_shoulder_small2.jpg', 'caption': None, 'caption_html': None, 'copyright_holder': None}, {'id': 115620170, 'sort_order': 3, 'user_id': 9351549, 'x_offset': -4, 'y_offset': 0, 'square_url': 'https://images4-g.ravelrycache.com/uploads/kayen-itee/877739364/Close-up_Front_square.jpg', 'medium_url': 'https://images4-f.ravelrycache.com/uploads/kayen-itee/877739364/Close-up_Front_medium.jpg', 'thumbnail_url': 'https://images4-g.ravelrycache.com/uploads/kayen-itee/877739364/Close-up_Front_thumbnail.jpg', 'small_url': 'https://images4-g.ravelrycache.com/uploads/kayen-itee/877739364/Close-up_Front_small_best_fit.jpg', 'flickr_url': None, 'shelved_url': 'https://images4-g.ravelrycache.com/uploads/kayen-itee/877739364/Close-up_Front_shelved.jpg', 'medium2_url': 'https://images4-a.ravelrycache.com/uploads/kayen-itee/877739364/Close-up_Front_medium2.jpg', 'small2_url': 'https://images4-g.ravelrycache.com/uploads/kayen-itee/877739364/Close-up_Front_small2.jpg', 'caption': None, 'caption_html': None, 'copyright_holder': None}, {'id': 115620171, 'sort_order': 4, 'user_id': 9351549, 'x_offset': 0, 'y_offset': -4, 'square_url': 'https://images4-g.ravelrycache.com/uploads/kayen-itee/877739403/Close-up_sleeve_square.jpg', 'medium_url': 'https://images4-f.ravelrycache.com/uploads/kayen-itee/877739403/Close-up_sleeve_medium.jpg', 'thumbnail_url': 'https://images4-f.ravelrycache.com/uploads/kayen-itee/877739403/Close-up_sleeve_thumbnail.jpg', 'small_url': 'https://images4-f.ravelrycache.com/uploads/kayen-itee/877739403/Close-up_sleeve_small_best_fit.jpg', 'flickr_url': None, 'shelved_url': 'https://images4-f.ravelrycache.com/uploads/kayen-itee/877739403/Close-up_sleeve_shelved.jpg', 'medium2_url': 'https://images4-a.ravelrycache.com/uploads/kayen-itee/877739403/Close-up_sleeve_medium2.jpg', 'small2_url': 'https://images4-g.ravelrycache.com/uploads/kayen-itee/877739403/Close-up_sleeve_small2.jpg', 'caption': None, 'caption_html': None, 'copyright_holder': None}, {'id': 115620172, 'sort_order': 5, 'user_id': 9351549, 'x_offset': -11, 'y_offset': 1, 'square_url': 'https://images4-g.ravelrycache.com/uploads/kayen-itee/877739732/Front_page_2_square.jpg', 'medium_url': 'https://images4-f.ravelrycache.com/uploads/kayen-itee/877739732/Front_page_2_medium.jpg', 'thumbnail_url': 'https://images4-g.ravelrycache.com/uploads/kayen-itee/877739732/Front_page_2_thumbnail.jpg', 'small_url': 'https://images4-f.ravelrycache.com/uploads/kayen-itee/877739732/Front_page_2_small_best_fit.jpg', 'flickr_url': None, 'shelved_url': 'https://images4-f.ravelrycache.com/uploads/kayen-itee/877739732/Front_page_2_shelved.jpg', 'medium2_url': 'https://images4-a.ravelrycache.com/uploads/kayen-itee/877739732/Front_page_2_medium2.jpg', 'small2_url': 'https://images4-g.ravelrycache.com/uploads/kayen-itee/877739732/Front_page_2_small2.jpg', 'caption': None, 'caption_html': None, 'copyright_holder': None}, {'id': 115620173, 'sort_order': 6, 'user_id': 9351549, 'x_offset': -2, 'y_offset': 0, 'square_url': 'https://images4-f.ravelrycache.com/uploads/kayen-itee/877739972/Shoulder_seam_square.jpg', 'medium_url': 'https://images4-g.ravelrycache.com/uploads/kayen-itee/877739972/Shoulder_seam_medium.jpg', 'thumbnail_url': 'https://images4-f.ravelrycache.com/uploads/kayen-itee/877739972/Shoulder_seam_thumbnail.jpg', 'small_url': 'https://images4-f.ravelrycache.com/uploads/kayen-itee/877739972/Shoulder_seam_small_best_fit.jpg', 'flickr_url': None, 'shelved_url': 'https://images4-g.ravelrycache.com/uploads/kayen-itee/877739972/Shoulder_seam_shelved.jpg', 'medium2_url': 'https://images4-a.ravelrycache.com/uploads/kayen-itee/877739972/Shoulder_seam_medium2.jpg', 'small2_url': 'https://images4-f.ravelrycache.com/uploads/kayen-itee/877739972/Shoulder_seam_small2.jpg', 'caption': None, 'caption_html': None, 'copyright_holder': None}, {'id': 115620174, 'sort_order': 7, 'user_id': 9351549, 'x_offset': -4, 'y_offset': 0, 'square_url': 'https://images4-g.ravelrycache.com/uploads/kayen-itee/877740007/Sleeve_detail_square.jpg', 'medium_url': 'https://images4-f.ravelrycache.com/uploads/kayen-itee/877740007/Sleeve_detail_medium.jpg', 'thumbnail_url': 'https://images4-f.ravelrycache.com/uploads/kayen-itee/877740007/Sleeve_detail_thumbnail.jpg', 'small_url': 'https://images4-g.ravelrycache.com/uploads/kayen-itee/877740007/Sleeve_detail_small_best_fit.jpg', 'flickr_url': None, 'shelved_url': 'https://images4-g.ravelrycache.com/uploads/kayen-itee/877740007/Sleeve_detail_shelved.jpg', 'medium2_url': 'https://images4-a.ravelrycache.com/uploads/kayen-itee/877740007/Sleeve_detail_medium2.jpg', 'small2_url': 'https://images4-g.ravelrycache.com/uploads/kayen-itee/877740007/Sleeve_detail_small2.jpg', 'caption': None, 'caption_html': None, 'copyright_holder': None}]"
Rattan Sweater,kayen-itee,1274173,https://www.ravelry.com/patterns/library/rattan-sweater,False,https://images4-a.ravelrycache.com/uploads/kayen-itee/975299097/Pattern_Pic_2_medium2.jpg,Knitting,"['adult', 'ribbed', 'textured', 'ballet-neck', 'crew-neck', 'selvedge', 'one-piece', 'seamless', 'top-down', 'positive-ease', 'chart', 'written-pattern', 'worked-flat', 'in-the-round', 'unisex', 'plus']",24.0,0.0,True,4.0,"textured pattern with larger needles, after blocking.",pullover,DK,4,0.0,"XS (S, M, L, 1X, 2X, 3X), see notes","[{'id': 127687915, 'sort_order': 1, 'user_id': 9351549, 'x_offset': 0, 'y_offset': -6, 'square_url': 'https://images4-f.ravelrycache.com/uploads/kayen-itee/975299097/Pattern_Pic_2_square.jpg', 'medium_url': 'https://images4-g.ravelrycache.com/uploads/kayen-itee/975299097/Pattern_Pic_2_medium.jpg', 'thumbnail_url': 'https://images4-g.ravelrycache.com/uploads/kayen-itee/975299097/Pattern_Pic_2_thumbnail.jpg', 'small_url': 'https://images4-g.ravelrycache.com/uploads/kayen-itee/975299097/Pattern_Pic_2_small_best_fit.jpg', 'flickr_url': None, 'shelved_url': 'https://images4-g.ravelrycache.com/uploads/kayen-itee/975299097/Pattern_Pic_2_shelved.jpg', 'medium2_url': 'https://images4-a.ravelrycache.com/uploads/kayen-itee/975299097/Pattern_Pic_2_medium2.jpg', 'small2_url': 'https://images4-f.ravelrycache.com/uploads/kayen-itee/975299097/Pattern_Pic_2_small2.jpg', 'caption': None, 'caption_html': None, 'copyright_holder': None}, {'id': 127687913, 'sort_order': 2, 'user_id': 9351549, 'x_offset': 0, 'y_offset': -2, 'square_url': 'https://images4-f.ravelrycache.com/uploads/kayen-itee/975299096/Front_square.jpg', 'medium_url': 'https://images4-g.ravelrycache.com/uploads/kayen-itee/975299096/Front_medium.jpg', 'thumbnail_url': 'https://images4-g.ravelrycache.com/uploads/kayen-itee/975299096/Front_thumbnail.jpg', 'small_url': 'https://images4-f.ravelrycache.com/uploads/kayen-itee/975299096/Front_small_best_fit.jpg', 'flickr_url': None, 'shelved_url': 'https://images4-g.ravelrycache.com/uploads/kayen-itee/975299096/Front_shelved.jpg', 'medium2_url': 'https://images4-a.ravelrycache.com/uploads/kayen-itee/975299096/Front_medium2.jpg', 'small2_url': 'https://images4-f.ravelrycache.com/uploads/kayen-itee/975299096/Front_small2.jpg', 'caption': None, 'caption_html': None, 'copyright_holder': None}, {'id': 127687916, 'sort_order': 3, 'user_id': 9351549, 'x_offset': 0, 'y_offset': -4, 'square_url': 'https://images4-g.ravelrycache.com/uploads/kayen-itee/975299098/Pattern_Pic_3_square.jpg', 'medium_url': 'https://images4-f.ravelrycache.com/uploads/kayen-itee/975299098/Pattern_Pic_3_medium.jpg', 'thumbnail_url': 'https://images4-g.ravelrycache.com/uploads/kayen-itee/975299098/Pattern_Pic_3_thumbnail.jpg', 'small_url': 'https://images4-f.ravelrycache.com/uploads/kayen-itee/975299098/Pattern_Pic_3_small_best_fit.jpg', 'flickr_url': None, 'shelved_url': 'https://images4-f.ravelrycache.com/uploads/kayen-itee/975299098/Pattern_Pic_3_shelved.jpg', 'medium2_url': 'https://images4-a.ravelrycache.com/uploads/kayen-itee/975299098/Pattern_Pic_3_medium2.jpg', 'small2_url': 'https://images4-g.ravelrycache.com/uploads/kayen-itee/975299098/Pattern_Pic_3_small2.jpg', 'caption': None, 'caption_html': None, 'copyright_holder': None}, {'id': 127687918, 'sort_order': 4, 'user_id': 9351549, 'x_offset': -3, 'y_offset': 0, 'square_url': 'https://images4-f.ravelrycache.com/uploads/kayen-itee/975299106/Pattern_Pic_square.jpg', 'medium_url': 'https://images4-g.ravelrycache.com/uploads/kayen-itee/975299106/Pattern_Pic_medium.jpg', 'thumbnail_url': 'https://images4-g.ravelrycache.com/uploads/kayen-itee/975299106/Pattern_Pic_thumbnail.jpg', 'small_url': 'https://images4-g.ravelrycache.com/uploads/kayen-itee/975299106/Pattern_Pic_small_best_fit.jpg', 'flickr_url': None, 'shelved_url': 'https://images4-f.ravelrycache.com/uploads/kayen-itee/975299106/Pattern_Pic_shelved.jpg', 'medium2_url': 'https://images4-a.ravelrycache.com/uploads/kayen-itee/975299106/Pattern_Pic_medium2.jpg', 'small2_url': 'https://images4-f.ravelrycache.com/uploads/kayen-itee/975299106/Pattern_Pic_small2.jpg', 'caption': None, 'caption_html': None, 'copyright_holder': None}, {'id': 127687919, 'sort_order': 5, 'user_id': 9351549, 'x_offset': -4, 'y_offset': 0, 'square_url': 'https://images4-f.ravelrycache.com/uploads/kayen-itee/975299103/Folded_square.jpg', 'medium_url': 'https://images4-g.ravelrycache.com/uploads/kayen-itee/975299103/Folded_medium.jpg', 'thumbnail_url': 'https://images4-g.ravelrycache.com/uploads/kayen-itee/975299103/Folded_thumbnail.jpg', 'small_url': 'https://images4-g.ravelrycache.com/uploads/kayen-itee/975299103/Folded_small_best_fit.jpg', 'flickr_url': None, 'shelved_url': 'https://images4-g.ravelrycache.com/uploads/kayen-itee/975299103/Folded_shelved.jpg', 'medium2_url': 'https://images4-a.ravelrycache.com/uploads/kayen-itee/975299103/Folded_medium2.jpg', 'small2_url': 'https://images4-f.ravelrycache.com/uploads/kayen-itee/975299103/Folded_small2.jpg', 'caption': None, 'caption_html': None, 'copyright_holder': None}, {'id': 127687920, 'sort_order': 6, 'user_id': 9351549, 'x_offset': 0, 'y_offset': -6, 'square_url': 'https://images4-g.ravelrycache.com/uploads/kayen-itee/975299105/Sleeve_square.jpg', 'medium_url': 'https://images4-f.ravelrycache.com/uploads/kayen-itee/975299105/Sleeve_medium.jpg', 'thumbnail_url': 'https://images4-f.ravelrycache.com/uploads/kayen-itee/975299105/Sleeve_thumbnail.jpg', 'small_url': 'https://images4-g.ravelrycache.com/uploads/kayen-itee/975299105/Sleeve_small_best_fit.jpg', 'flickr_url': None, 'shelved_url': 'https://images4-f.ravelrycache.com/uploads/kayen-itee/975299105/Sleeve_shelved.jpg', 'medium2_url': 'https://images4-a.ravelrycache.com/uploads/kayen-itee/975299105/Sleeve_medium2.jpg', 'small2_url': 'https://images4-g.ravelrycache.com/uploads/kayen-itee/975299105/Sleeve_small2.jpg', 'caption': None, 'caption_html': None, 'copyright_holder': None}, {'id': 127687917, 'sort_order': 7, 'user_id': 9351549, 'x_offset': -8, 'y_offset': 1, 'square_url': 'https://images4-f.ravelrycache.com/uploads/kayen-itee/975299104/Shoulder_square.jpg', 'medium_url': 'https://images4-g.ravelrycache.com/uploads/kayen-itee/975299104/Shoulder_medium.jpg', 'thumbnail_url': 'https://images4-g.ravelrycache.com/uploads/kayen-itee/975299104/Shoulder_thumbnail.jpg', 'small_url': 'https://images4-g.ravelrycache.com/uploads/kayen-itee/975299104/Shoulder_small_best_fit.jpg', 'flickr_url': None, 'shelved_url': 'https://images4-g.ravelrycache.com/uploads/kayen-itee/975299104/Shoulder_shelved.jpg', 'medium2_url': 'https://images4-a.ravelrycache.com/uploads/kayen-itee/975299104/Shoulder_medium2.jpg', 'small2_url': 'https://images4-f.ravelrycache.com/uploads/kayen-itee/975299104/Shoulder_small2.jpg', 'caption': None, 'caption_html': None, 'copyright_holder': None}, {'id': 127687921, 'sort_order': 8, 'user_id': 9351549, 'x_offset': -8, 'y_offset': -1, 'square_url': 'https://images4-g.ravelrycache.com/uploads/kayen-itee/975299107/Hem_square.jpg', 'medium_url': 'https://images4-f.ravelrycache.com/uploads/kayen-itee/975299107/Hem_medium.jpg', 'thumbnail_url': 'https://images4-f.ravelrycache.com/uploads/kayen-itee/975299107/Hem_thumbnail.jpg', 'small_url': 'https://images4-g.ravelrycache.com/uploads/kayen-itee/975299107/Hem_small_best_fit.jpg', 'flickr_url': None, 'shelved_url': 'https://images4-g.ravelrycache.com/uploads/kayen-itee/975299107/Hem_shelved.jpg', 'medium2_url': 'https://images4-a.ravelrycache.com/uploads/kayen-itee/975299107/Hem_medium2.jpg', 'small2_url': 'https://images4-g.ravelrycache.com/uploads/kayen-itee/975299107/Hem_small2.jpg', 'caption': None, 'caption_html': None, 'copyright_holder': None}, {'id': 115623020, 'sort_order': 9, 'user_id': 9351549, 'x_offset': -5, 'y_offset': -35, 'square_url': 'https://images4-f.ravelrycache.com/uploads/kayen-itee/877758779/LITLG_1_square.jpg', 'medium_url': 'https://images4-g.ravelrycache.com/uploads/kayen-itee/877758779/LITLG_1_medium.jpg', 'thumbnail_url': 'https://images4-f.ravelrycache.com/uploads/kayen-itee/877758779/LITLG_1_thumbnail.jpg', 'small_url': 'https://images4-g.ravelrycache.com/uploads/kayen-itee/877758779/LITLG_1_small.jpg', 'flickr_url': None, 'shelved_url': 'https://images4-g.ravelrycache.com/uploads/kayen-itee/877758779/LITLG_1_shelved.jpg', 'medium2_url': 'https://images4-a.ravelrycache.com/uploads/kayen-itee/877758779/LITLG_1_medium2.jpg', 'small2_url': 'https://images4-f.ravelrycache.com/uploads/kayen-itee/877758779/LITLG_1_small2.jpg', 'caption': None, 'caption_html': None, 'copyright_holder': None}, {'id': 115623021, 'sort_order': 10, 'user_id': 9351549, 'x_offset': -1, 'y_offset': -36, 'square_url': 'https://images4-g.ravelrycache.com/uploads/kayen-itee/877760299/LITLG_2_square.jpg', 'medium_url': 'https://images4-f.ravelrycache.com/uploads/kayen-itee/877760299/LITLG_2_medium.jpg', 'thumbnail_url': 'https://images4-g.ravelrycache.com/uploads/kayen-itee/877760299/LITLG_2_thumbnail.jpg', 'small_url': 'https://images4-f.ravelrycache.com/uploads/kayen-itee/877760299/LITLG_2_small.jpg', 'flickr_url': None, 'shelved_url': 'https://images4-g.ravelrycache.com/uploads/kayen-itee/877760299/LITLG_2_shelved.jpg', 'medium2_url': 'https://images4-a.ravelrycache.com/uploads/kayen-itee/877760299/LITLG_2_medium2.jpg', 'small2_url': 'https://images4-g.ravelrycache.com/uploads/kayen-itee/877760299/LITLG_2_small2.jpg', 'caption': None, 'caption_html': None, 'copyright_holder': None}, {'id': 115623022, 'sort_order': 11, 'user_id': 9351549, 'x_offset': -5, 'y_offset': -24, 'square_url': 'https://images4-f.ravelrycache.com/uploads/kayen-itee/877760319/LITLG_5_square.jpg', 'medium_url': 'https://images4-g.ravelrycache.com/uploads/kayen-itee/877760319/LITLG_5_medium.jpg', 'thumbnail_url': 'https://images4-f.ravelrycache.com/uploads/kayen-itee/877760319/LITLG_5_thumbnail.jpg', 'small_url': 'https://images4-f.ravelrycache.com/uploads/kayen-itee/877760319/LITLG_5_small.jpg', 'flickr_url': None, 'shelved_url': 'https://images4-g.ravelrycache.com/uploads/kayen-itee/877760319/LITLG_5_shelved.jpg', 'medium2_url': 'https://images4-a.ravelrycache.com/uploads/kayen-itee/877760319/LITLG_5_medium2.jpg', 'small2_url': 'https://images4-f.ravelrycache.com/uploads/kayen-itee/877760319/LITLG_5_small2.jpg', 'caption': None, 'caption_html': None, 'copyright_holder': None}, {'id': 115623024, 'sort_order': 12, 'user_id': 9351549, 'x_offset': -2, 'y_offset': -37, 'square_url': 'https://images4-g.ravelrycache.com/uploads/kayen-itee/877760353/LITLG_3_square.jpg', 'medium_url': 'https://images4-f.ravelrycache.com/uploads/kayen-itee/877760353/LITLG_3_medium.jpg', 'thumbnail_url': 'https://images4-g.ravelrycache.com/uploads/kayen-itee/877760353/LITLG_3_thumbnail.jpg', 'small_url': 'https://images4-g.ravelrycache.com/uploads/kayen-itee/877760353/LITLG_3_small.jpg', 'flickr_url': None, 'shelved_url': 'https://images4-f.ravelrycache.com/uploads/kayen-itee/877760353/LITLG_3_shelved.jpg', 'medium2_url': 'https://images4-a.ravelrycache.com/uploads/kayen-itee/877760353/LITLG_3_medium2.jpg', 'small2_url': 'https://images4-g.ravelrycache.com/uploads/kayen-itee/877760353/LITLG_3_small2.jpg', 'caption': None, 'caption_html': None, 'copyright_holder': None}]"
Margot Sweater,Cécile Qui Tricote,1274384,https://www.ravelry.com/patterns/library/margot-sweater,False,https://images4-a.ravelrycache.com/uploads/Cecilequitricote/877908276/IMG_2534_medium2.jpg,Knitting,"['female', 'unisex', 'adult', 'oversized', 'plus', 'cables', 'one-piece', 'seamless', 'top-down', 'positive-ease', 'chart', 'written-pattern', 'in-the-round', 'schematic']",23.0,4.285714285714286,True,4.0,Stockinette stitch,pullover,Fingering,21,5.0,9 sizes from xs to 5xl,"[{'id': 115641136, 'sort_order': 1, 'user_id': 8236988, 'x_offset': 0, 'y_offset': 0, 'square_url': 'https://images4-g.ravelrycache.com/uploads/Cecilequitricote/877908276/IMG_2534_square.jpg', 'medium_url': 'https://images4-f.ravelrycache.com/uploads/Cecilequitricote/877908276/IMG_2534_medium.jpg', 'thumbnail_url': 'https://images4-g.ravelrycache.com/uploads/Cecilequitricote/877908276/IMG_2534_thumbnail.jpg', 'small_url': 'https://images4-f.ravelrycache.com/uploads/Cecilequitricote/877908276/IMG_2534_small_best_fit.jpg', 'flickr_url': None, 'shelved_url': 'https://images4-g.ravelrycache.com/uploads/Cecilequitricote/877908276/IMG_2534_shelved.jpg', 'medium2_url': 'https://images4-a.ravelrycache.com/uploads/Cecilequitricote/877908276/IMG_2534_medium2.jpg', 'small2_url': 'https://images4-g.ravelrycache.com/uploads/Cecilequitricote/877908276/IMG_2534_small2.jpg', 'caption': None, 'caption_html': None, 'copyright_holder': None}, {'id': 115641137, 'sort_order': 2, 'user_id': 8236988, 'x_offset': 0, 'y_offset': 0, 'square_url': 'https://images4-f.ravelrycache.com/uploads/Cecilequitricote/877908280/IMG_2536_square.jpg', 'medium_url': 'https://images4-g.ravelrycache.com/uploads/Cecilequitricote/877908280/IMG_2536_medium.jpg', 'thumbnail_url': 'https://images4-f.ravelrycache.com/uploads/Cecilequitricote/877908280/IMG_2536_thumbnail.jpg', 'small_url': 'https://images4-f.ravelrycache.com/uploads/Cecilequitricote/877908280/IMG_2536_small_best_fit.jpg', 'flickr_url': None, 'shelved_url': 'https://images4-g.ravelrycache.com/uploads/Cecilequitricote/877908280/IMG_2536_shelved.jpg', 'medium2_url': 'https://images4-a.ravelrycache.com/uploads/Cecilequitricote/877908280/IMG_2536_medium2.jpg', 'small2_url': 'https://images4-f.ravelrycache.com/uploads/Cecilequitricote/877908280/IMG_2536_small2.jpg', 'caption': None, 'caption_html': None, 'copyright_holder': None}, {'id': 115641138, 'sort_order': 3, 'user_id': 8236988, 'x_offset': 0, 'y_offset': 0, 'square_url': 'https://images4-f.ravelrycache.com/uploads/Cecilequitricote/877908279/IMG_2531_square.jpg', 'medium_url': 'https://images4-g.ravelrycache.com/uploads/Cecilequitricote/877908279/IMG_2531_medium.jpg', 'thumbnail_url': 'https://images4-f.ravelrycache.com/uploads/Cecilequitricote/877908279/IMG_2531_thumbnail.jpg', 'small_url': 'https://images4-f.ravelrycache.com/uploads/Cecilequitricote/877908279/IMG_2531_small_best_fit.jpg', 'flickr_url': None, 'shelved_url': 'https://images4-g.ravelrycache.com/uploads/Cecilequitricote/877908279/IMG_2531_shelved.jpg', 'medium2_url': 'https://images4-a.ravelrycache.com/uploads/Cecilequitricote/877908279/IMG_2531_medium2.jpg', 'small2_url': 'https://images4-f.ravelrycache.com/uploads/Cecilequitricote/877908279/IMG_2531_small2.jpg', 'caption': None, 'caption_html': None, 'copyright_holder': None}, {'id': 115641139, 'sort_order': 4, 'user_id': 8236988, 'x_offset': 0, 'y_offset': 0, 'square_url': 'https://images4-f.ravelrycache.com/uploads/Cecilequitricote/877908277/IMG_2530_square.jpg', 'medium_url': 'https://images4-g.ravelrycache.com/uploads/Cecilequitricote/877908277/IMG_2530_medium.jpg', 'thumbnail_url': 'https://images4-g.ravelrycache.com/uploads/Cecilequitricote/877908277/IMG_2530_thumbnail.jpg', 'small_url': 'https://images4-g.ravelrycache.com/uploads/Cecilequitricote/877908277/IMG_2530_small_best_fit.jpg', 'flickr_url': None, 'shelved_url': 'https://images4-f.ravelrycache.com/uploads/Cecilequitricote/877908277/IMG_2530_shelved.jpg', 'medium2_url': 'https://images4-a.ravelrycache.com/uploads/Cecilequitricote/877908277/IMG_2530_medium2.jpg', 'small2_url': 'https://images4-f.ravelrycache.com/uploads/Cecilequitricote/877908277/IMG_2530_small2.jpg', 'caption': None, 'caption_html': None, 'copyright_holder': None}, {'id': 115641140, 'sort_order': 5, 'user_id': 8236988, 'x_offset': 0, 'y_offset': 0, 'square_url': 'https://images4-g.ravelrycache.com/uploads/Cecilequitricote/877908278/IMG_2528_square.jpg', 'medium_url': 'https://images4-f.ravelrycache.com/uploads/Cecilequitricote/877908278/IMG_2528_medium.jpg', 'thumbnail_url': 'https://images4-g.ravelrycache.com/uploads/Cecilequitricote/877908278/IMG_2528_thumbnail.jpg', 'small_url': 'https://images4-g.ravelrycache.com/uploads/Cecilequitricote/877908278/IMG_2528_small_best_fit.jpg', 'flickr_url': None, 'shelved_url': 'https://images4-f.ravelrycache.com/uploads/Cecilequitricote/877908278/IMG_2528_shelved.jpg', 'medium2_url': 'https://images4-a.ravelrycache.com/uploads/Cecilequitricote/877908278/IMG_2528_medium2.jpg', 'small2_url': 'https://images4-g.ravelrycache.com/uploads/Cecilequitricote/877908278/IMG_2528_small2.jpg', 'caption': None, 'caption_html': None, 'copyright_holder': None}, {'id': 115641141, 'sort_order': 6, 'user_id': 8236988, 'x_offset': 0, 'y_offset': 0, 'square_url': 'https://images4-f.ravelrycache.com/uploads/Cecilequitricote/877908281/IMG_2522_square.jpg', 'medium_url': 'https://images4-g.ravelrycache.com/uploads/Cecilequitricote/877908281/IMG_2522_medium.jpg', 'thumbnail_url': 'https://images4-g.ravelrycache.com/uploads/Cecilequitricote/877908281/IMG_2522_thumbnail.jpg', 'small_url': 'https://images4-f.ravelrycache.com/uploads/Cecilequitricote/877908281/IMG_2522_small_best_fit.jpg', 'flickr_url': None, 'shelved_url': 'https://images4-g.ravelrycache.com/uploads/Cecilequitricote/877908281/IMG_2522_shelved.jpg', 'medium2_url': 'https://images4-a.ravelrycache.com/uploads/Cecilequitricote/877908281/IMG_2522_medium2.jpg', 'small2_url': 'https://images4-f.ravelrycache.com/uploads/Cecilequitricote/877908281/IMG_2522_small2.jpg', 'caption': None, 'caption_html': None, 'copyright_holder': None}, {'id': 115641142, 'sort_order': 7, 'user_id': 8236988, 'x_offset': 0, 'y_offset': 0, 'square_url': 'https://images4-f.ravelrycache.com/uploads/Cecilequitricote/877908282/BFE1A088-A16E-4583-8F4B-3C379748DF02_square.JPG', 'medium_url': 'https://images4-g.ravelrycache.com/uploads/Cecilequitricote/877908282/BFE1A088-A16E-4583-8F4B-3C379748DF02_medium.JPG', 'thumbnail_url': 'https://images4-f.ravelrycache.com/uploads/Cecilequitricote/877908282/BFE1A088-A16E-4583-8F4B-3C379748DF02_thumbnail.JPG', 'small_url': 'https://images4-f.ravelrycache.com/uploads/Cecilequitricote/877908282/BFE1A088-A16E-4583-8F4B-3C379748DF02_small_best_fit.JPG', 'flickr_url': None, 'shelved_url': 'https://images4-g.ravelrycache.com/uploads/Cecilequitricote/877908282/BFE1A088-A16E-4583-8F4B-3C379748DF02_shelved.JPG', 'medium2_url': 'https://images4-a.ravelrycache.com/uploads/Cecilequitricote/877908282/BFE1A088-A16E-4583-8F4B-3C379748DF02_medium2.JPG', 'small2_url': 'https://images4-f.ravelrycache.com/uploads/Cecilequitricote/877908282/BFE1A088-A16E-4583-8F4B-3C379748DF02_small2.JPG', 'caption': None, 'caption_html': None, 'copyright_holder': None}]"
Släktgård - sweater,Kajsa Vuorela Fredriksson,1274400,https://www.ravelry.com/patterns/library/slaktgard---sweater,True,https://images4-a.ravelrycache.com/uploads/knitbec/876888885/92779-02_low_medium2.jpg,Knitting,"['adult', 'cables', 'short-rows', 'top-down', 'chart', 'written-pattern', 'in-the-round']",22.0,4.75,True,4.0,,pullover,Worsted,19,5.0,XS (S) M (L) XL (2XL) 3XL (4XL),"[{'id': 115641767, 'sort_order': 1, 'user_id': 3530885, 'x_offset': 0, 'y_offset': -43, 'square_url': 'https://images4-g.ravelrycache.com/uploads/knitbec/876888885/92779-02_low_square.jpg', 'medium_url': 'https://images4-f.ravelrycache.com/uploads/knitbec/876888885/92779-02_low_medium.jpg', 'thumbnail_url': 'https://images4-f.ravelrycache.com/uploads/knitbec/876888885/92779-02_low_thumbnail.jpg', 'small_url': 'https://images4-g.ravelrycache.com/uploads/knitbec/876888885/92779-02_low_small_best_fit.jpg', 'flickr_url': None, 'shelved_url': 'https://images4-g.ravelrycache.com/uploads/knitbec/876888885/92779-02_low_shelved.jpg', 'medium2_url': 'https://images4-a.ravelrycache.com/uploads/knitbec/876888885/92779-02_low_medium2.jpg', 'small2_url': 'https://images4-g.ravelrycache.com/uploads/knitbec/876888885/92779-02_low_small2.jpg', 'caption': None, 'caption_html': None, 'copyright_holder': None}, {'id': 117625399, 'sort_order': 2, 'user_id': 3305198, 'x_offset': 0, 'y_offset': -22, 'square_url': 'https://images4-f.ravelrycache.com/uploads/ninaveronika/893811714/upload_square', 'medium_url': 'https://images4-g.ravelrycache.com/uploads/ninaveronika/893811714/upload_medium', 'thumbnail_url': 'https://images4-g.ravelrycache.com/uploads/ninaveronika/893811714/upload_thumbnail', 'small_url': 'https://images4-g.ravelrycache.com/uploads/ninaveronika/893811714/upload_small_best_fit', 'flickr_url': None, 'shelved_url': 'https://images4-f.ravelrycache.com/uploads/ninaveronika/893811714/upload_shelved', 'medium2_url': 'https://images4-a.ravelrycache.com/uploads/ninaveronika/893811714/upload_medium2', 'small2_url': 'https://images4-f.ravelrycache.com/uploads/ninaveronika/893811714/upload_small2', 'caption': None, 'caption_html': None, 'copyright_holder': None}, {'id': 115641768, 'sort_order': 3, 'user_id': 3530885, 'x_offset': 0, 'y_offset': -43, 'square_url': 'https://images4-f.ravelrycache.com/uploads/knitbec/876888956/92779-01_low_square.jpg', 'medium_url': 'https://images4-g.ravelrycache.com/uploads/knitbec/876888956/92779-01_low_medium.jpg', 'thumbnail_url': 'https://images4-g.ravelrycache.com/uploads/knitbec/876888956/92779-01_low_thumbnail.jpg', 'small_url': 'https://images4-f.ravelrycache.com/uploads/knitbec/876888956/92779-01_low_small_best_fit.jpg', 'flickr_url': None, 'shelved_url': 'https://images4-g.ravelrycache.com/uploads/knitbec/876888956/92779-01_low_shelved.jpg', 'medium2_url': 'https://images4-a.ravelrycache.com/uploads/knitbec/876888956/92779-01_low_medium2.jpg', 'small2_url': 'https://images4-f.ravelrycache.com/uploads/knitbec/876888956/92779-01_low_small2.jpg', 'caption': None, 'caption_html': None, 'copyright_holder': None}, {'id': 115641769, 'sort_order': 4, 'user_id': 3530885, 'x_offset': 0, 'y_offset': -43, 'square_url': 'https://images4-g.ravelrycache.com/uploads/knitbec/876889003/92779-07_low_square.jpg', 'medium_url': 'https://images4-f.ravelrycache.com/uploads/knitbec/876889003/92779-07_low_medium.jpg', 'thumbnail_url': 'https://images4-g.ravelrycache.com/uploads/knitbec/876889003/92779-07_low_thumbnail.jpg', 'small_url': 'https://images4-g.ravelrycache.com/uploads/knitbec/876889003/92779-07_low_small_best_fit.jpg', 'flickr_url': None, 'shelved_url': 'https://images4-g.ravelrycache.com/uploads/knitbec/876889003/92779-07_low_shelved.jpg', 'medium2_url': 'https://images4-a.ravelrycache.com/uploads/knitbec/876889003/92779-07_low_medium2.jpg', 'small2_url': 'https://images4-g.ravelrycache.com/uploads/knitbec/876889003/92779-07_low_small2.jpg', 'caption': None, 'caption_html': None, 'copyright_holder': ''}, {'id': 115641770, 'sort_order': 5, 'user_id': 3530885, 'x_offset': -43, 'y_offset': 0, 'square_url': 'https://images4-f.ravelrycache.com/uploads/knitbec/876889138/92779_92780_select-no6-02_low_square.jpg', 'medium_url': 'https://images4-g.ravelrycache.com/uploads/knitbec/876889138/92779_92780_select-no6-02_low_medium.jpg', 'thumbnail_url': 'https://images4-f.ravelrycache.com/uploads/knitbec/876889138/92779_92780_select-no6-02_low_thumbnail.jpg', 'small_url': 'https://images4-f.ravelrycache.com/uploads/knitbec/876889138/92779_92780_select-no6-02_low_small_best_fit.jpg', 'flickr_url': None, 'shelved_url': 'https://images4-g.ravelrycache.com/uploads/knitbec/876889138/92779_92780_select-no6-02_low_shelved.jpg', 'medium2_url': 'https://images4-a.ravelrycache.com/uploads/knitbec/876889138/92779_92780_select-no6-02_low_medium2.jpg', 'small2_url': 'https://images4-f.ravelrycache.com/uploads/knitbec/876889138/92779_92780_select-no6-02_low_small2.jpg', 'caption': None, 'caption_html': None, 'copyright_holder': ''}, {'id': 115641771, 'sort_order': 6, 'user_id': 3530885, 'x_offset': 0, 'y_offset': -43, 'square_url': 'https://images4-f.ravelrycache.com/uploads/knitbec/876889311/92779-03_low_square.jpg', 'medium_url': 'https://images4-g.ravelrycache.com/uploads/knitbec/876889311/92779-03_low_medium.jpg', 'thumbnail_url': 'https://images4-g.ravelrycache.com/uploads/knitbec/876889311/92779-03_low_thumbnail.jpg', 'small_url': 'https://images4-f.ravelrycache.com/uploads/knitbec/876889311/92779-03_low_small_best_fit.jpg', 'flickr_url': None, 'shelved_url': 'https://images4-f.ravelrycache.com/uploads/knitbec/876889311/92779-03_low_shelved.jpg', 'medium2_url': 'https://images4-a.ravelrycache.com/uploads/knitbec/876889311/92779-03_low_medium2.jpg', 'small2_url': 'https://images4-f.ravelrycache.com/uploads/knitbec/876889311/92779-03_low_small2.jpg', 'caption': None, 'caption_html': None, 'copyright_holder': None}, {'id': 115641772, 'sort_order': 7, 'user_id': 3530885, 'x_offset': 0, 'y_offset': -43, 'square_url': 'https://images4-f.ravelrycache.com/uploads/knitbec/876889496/92779_92780-01_low_square.jpg', 'medium_url': 'https://images4-g.ravelrycache.com/uploads/knitbec/876889496/92779_92780-01_low_medium.jpg', 'thumbnail_url': 'https://images4-f.ravelrycache.com/uploads/knitbec/876889496/92779_92780-01_low_thumbnail.jpg', 'small_url': 'https://images4-g.ravelrycache.com/uploads/knitbec/876889496/92779_92780-01_low_small_best_fit.jpg', 'flickr_url': None, 'shelved_url': 'https://images4-f.ravelrycache.com/uploads/knitbec/876889496/92779_92780-01_low_shelved.jpg', 'medium2_url': 'https://images4-a.ravelrycache.com/uploads/knitbec/876889496/92779_92780-01_low_medium2.jpg', 'small2_url': 'https://images4-f.ravelrycache.com/uploads/knitbec/876889496/92779_92780-01_low_small2.jpg', 'caption': None, 'caption_html': None, 'copyright_holder': None}]"
Badiane Pullover,Christina Körber-Reith,1274444,https://www.ravelry.com/patterns/library/badiane-pullover,False,https://images4-a.ravelrycache.com/uploads/strickauszeit/877919505/Foto_1_JPZD2042_medium2.JPG,Knitting,"['female', 'adult', 'cables', 'eyelets', 'crew-neck', 'long-sleeve', 'saddle-shoulder', 'aline', 'one-piece', 'seamless', 'short-rows', 'top-down', 'positive-ease', 'chart', 'written-pattern', 'in-the-round', 'schematic']",24.0,3.2857142857142856,True,4.0,Stockinette Stitch (in the round),pullover,Fingering,35,4.857142857142857,XS/S/M1/M2/L1/L2/XL1/XL2/XXL1/XXL2/3XL,"[{'id': 115643506, 'sort_order': 1, 'user_id': 982462, 'x_offset': 0, 'y_offset': 0, 'square_url': 'https://images4-g.ravelrycache.com/uploads/strickauszeit/877919505/Foto_1_JPZD2042_square.JPG', 'medium_url': 'https://images4-f.ravelrycache.com/uploads/strickauszeit/877919505/Foto_1_JPZD2042_medium.JPG', 'thumbnail_url': 'https://images4-f.ravelrycache.com/uploads/strickauszeit/877919505/Foto_1_JPZD2042_thumbnail.JPG', 'small_url': 'https://images4-g.ravelrycache.com/uploads/strickauszeit/877919505/Foto_1_JPZD2042_small_best_fit.JPG', 'flickr_url': None, 'shelved_url': 'https://images4-f.ravelrycache.com/uploads/strickauszeit/877919505/Foto_1_JPZD2042_shelved.JPG', 'medium2_url': 'https://images4-a.ravelrycache.com/uploads/strickauszeit/877919505/Foto_1_JPZD2042_medium2.JPG', 'small2_url': 'https://images4-g.ravelrycache.com/uploads/strickauszeit/877919505/Foto_1_JPZD2042_small2.JPG', 'caption': None, 'caption_html': None, 'copyright_holder': None}, {'id': 115643507, 'sort_order': 2, 'user_id': 982462, 'x_offset': 0, 'y_offset': 0, 'square_url': 'https://images4-f.ravelrycache.com/uploads/strickauszeit/877919512/Foto_4_KJIP3085_square.JPG', 'medium_url': 'https://images4-g.ravelrycache.com/uploads/strickauszeit/877919512/Foto_4_KJIP3085_medium.JPG', 'thumbnail_url': 'https://images4-g.ravelrycache.com/uploads/strickauszeit/877919512/Foto_4_KJIP3085_thumbnail.JPG', 'small_url': 'https://images4-g.ravelrycache.com/uploads/strickauszeit/877919512/Foto_4_KJIP3085_small_best_fit.JPG', 'flickr_url': None, 'shelved_url': 'https://images4-g.ravelrycache.com/uploads/strickauszeit/877919512/Foto_4_KJIP3085_shelved.JPG', 'medium2_url': 'https://images4-a.ravelrycache.com/uploads/strickauszeit/877919512/Foto_4_KJIP3085_medium2.JPG', 'small2_url': 'https://images4-f.ravelrycache.com/uploads/strickauszeit/877919512/Foto_4_KJIP3085_small2.JPG', 'caption': None, 'caption_html': None, 'copyright_holder': None}, {'id': 115643508, 'sort_order': 3, 'user_id': 982462, 'x_offset': 0, 'y_offset': 0, 'square_url': 'https://images4-f.ravelrycache.com/uploads/strickauszeit/877919509/Foto_8_VUTP7675_square.JPG', 'medium_url': 'https://images4-g.ravelrycache.com/uploads/strickauszeit/877919509/Foto_8_VUTP7675_medium.JPG', 'thumbnail_url': 'https://images4-g.ravelrycache.com/uploads/strickauszeit/877919509/Foto_8_VUTP7675_thumbnail.JPG', 'small_url': 'https://images4-g.ravelrycache.com/uploads/strickauszeit/877919509/Foto_8_VUTP7675_small_best_fit.JPG', 'flickr_url': None, 'shelved_url': 'https://images4-f.ravelrycache.com/uploads/strickauszeit/877919509/Foto_8_VUTP7675_shelved.JPG', 'medium2_url': 'https://images4-a.ravelrycache.com/uploads/strickauszeit/877919509/Foto_8_VUTP7675_medium2.JPG', 'small2_url': 'https://images4-f.ravelrycache.com/uploads/strickauszeit/877919509/Foto_8_VUTP7675_small2.JPG', 'caption': None, 'caption_html': None, 'copyright_holder': None}, {'id': 115643513, 'sort_order': 4, 'user_id': 982462, 'x_offset': 0, 'y_offset': 0, 'square_url': 'https://images4-g.ravelrycache.com/uploads/strickauszeit/877919511/Foto_9_XWKO9030_square.JPG', 'medium_url': 'https://images4-f.ravelrycache.com/uploads/strickauszeit/877919511/Foto_9_XWKO9030_medium.JPG', 'thumbnail_url': 'https://images4-f.ravelrycache.com/uploads/strickauszeit/877919511/Foto_9_XWKO9030_thumbnail.JPG', 'small_url': 'https://images4-f.ravelrycache.com/uploads/strickauszeit/877919511/Foto_9_XWKO9030_small_best_fit.JPG', 'flickr_url': None, 'shelved_url': 'https://images4-g.ravelrycache.com/uploads/strickauszeit/877919511/Foto_9_XWKO9030_shelved.JPG', 'medium2_url': 'https://images4-a.ravelrycache.com/uploads/strickauszeit/877919511/Foto_9_XWKO9030_medium2.JPG', 'small2_url': 'https://images4-g.ravelrycache.com/uploads/strickauszeit/877919511/Foto_9_XWKO9030_small2.JPG', 'caption': None, 'caption_html': None, 'copyright_holder': None}, {'id': 115643511, 'sort_order': 5, 'user_id': 982462, 'x_offset': 0, 'y_offset': 0, 'square_url': 'https://images4-f.ravelrycache.com/uploads/strickauszeit/877919506/Foto_7_VEEY5607_square.JPG', 'medium_url': 'https://images4-g.ravelrycache.com/uploads/strickauszeit/877919506/Foto_7_VEEY5607_medium.JPG', 'thumbnail_url': 'https://images4-g.ravelrycache.com/uploads/strickauszeit/877919506/Foto_7_VEEY5607_thumbnail.JPG', 'small_url': 'https://images4-g.ravelrycache.com/uploads/strickauszeit/877919506/Foto_7_VEEY5607_small_best_fit.JPG', 'flickr_url': None, 'shelved_url': 'https://images4-g.ravelrycache.com/uploads/strickauszeit/877919506/Foto_7_VEEY5607_shelved.JPG', 'medium2_url': 'https://images4-a.ravelrycache.com/uploads/strickauszeit/877919506/Foto_7_VEEY5607_medium2.JPG', 'small2_url': 'https://images4-f.ravelrycache.com/uploads/strickauszeit/877919506/Foto_7_VEEY5607_small2.JPG', 'caption': None, 'caption_html': None, 'copyright_holder': None}, {'id': 115643509, 'sort_order': 6, 'user_id': 982462, 'x_offset': 0, 'y_offset': 0, 'square_url': 'https://images4-f.ravelrycache.com/uploads/strickauszeit/877919507/Foto_6_TIZN7321_square.JPG', 'medium_url': 'https://images4-g.ravelrycache.com/uploads/strickauszeit/877919507/Foto_6_TIZN7321_medium.JPG', 'thumbnail_url': 'https://images4-g.ravelrycache.com/uploads/strickauszeit/877919507/Foto_6_TIZN7321_thumbnail.JPG', 'small_url': 'https://images4-g.ravelrycache.com/uploads/strickauszeit/877919507/Foto_6_TIZN7321_small_best_fit.JPG', 'flickr_url': None, 'shelved_url': 'https://images4-f.ravelrycache.com/uploads/strickauszeit/877919507/Foto_6_TIZN7321_shelved.JPG', 'medium2_url': 'https://images4-a.ravelrycache.com/uploads/strickauszeit/877919507/Foto_6_TIZN7321_medium2.JPG', 'small2_url': 'https://images4-f.ravelrycache.com/uploads/strickauszeit/877919507/Foto_6_TIZN7321_small2.JPG', 'caption': None, 'caption_html': None, 'copyright_holder': None}, {'id': 115643510, 'sort_order': 7, 'user_id': 982462, 'x_offset': 0, 'y_offset': 0, 'square_url': 'https://images4-g.ravelrycache.com/uploads/strickauszeit/877919510/Foto_5_SSRS7613_square.JPG', 'medium_url': 'https://images4-f.ravelrycache.com/uploads/strickauszeit/877919510/Foto_5_SSRS7613_medium.JPG', 'thumbnail_url': 'https://images4-f.ravelrycache.com/uploads/strickauszeit/877919510/Foto_5_SSRS7613_thumbnail.JPG', 'small_url': 'https://images4-g.ravelrycache.com/uploads/strickauszeit/877919510/Foto_5_SSRS7613_small_best_fit.JPG', 'flickr_url': None, 'shelved_url': 'https://images4-f.ravelrycache.com/uploads/strickauszeit/877919510/Foto_5_SSRS7613_shelved.JPG', 'medium2_url': 'https://images4-a.ravelrycache.com/uploads/strickauszeit/877919510/Foto_5_SSRS7613_medium2.JPG', 'small2_url': 'https://images4-g.ravelrycache.com/uploads/strickauszeit/877919510/Foto_5_SSRS7613_small2.JPG', 'caption': None, 'caption_html': None, 'copyright_holder': None}, {'id': 115644596, 'sort_order': 8, 'user_id': 239260, 'x_offset': -5, 'y_offset': -47, 'square_url': 'https://images4-f.ravelrycache.com/uploads/Dorni/875154897/52349258347_e245c6fb47_b_square.jpg', 'medium_url': 'https://images4-g.ravelrycache.com/uploads/Dorni/875154897/52349258347_e245c6fb47_b_medium.jpg', 'thumbnail_url': 'https://images4-g.ravelrycache.com/uploads/Dorni/875154897/52349258347_e245c6fb47_b_thumbnail.jpg', 'small_url': 'https://images4-f.ravelrycache.com/uploads/Dorni/875154897/52349258347_e245c6fb47_b_small.jpg', 'flickr_url': 'http://www.flickr.com/photos/59091350@N08/52349258347', 'shelved_url': 'https://images4-f.ravelrycache.com/uploads/Dorni/875154897/52349258347_e245c6fb47_b_shelved.jpg', 'medium2_url': 'https://images4-a.ravelrycache.com/uploads/Dorni/875154897/52349258347_e245c6fb47_b_medium2.jpg', 'small2_url': 'https://images4-f.ravelrycache.com/uploads/Dorni/875154897/52349258347_e245c6fb47_b_small2.jpg', 'caption': None, 'caption_html': None, 'copyright_holder': None}, {'id': 115648631, 'sort_order': 9, 'user_id': 777540, 'x_offset': -35, 'y_offset': -1, 'square_url': 'https://images4-g.ravelrycache.com/uploads/July59/876805768/DSC_3730_square.JPG', 'medium_url': 'https://images4-f.ravelrycache.com/uploads/July59/876805768/DSC_3730_medium.JPG', 'thumbnail_url': 'https://images4-f.ravelrycache.com/uploads/July59/876805768/DSC_3730_thumbnail.JPG', 'small_url': 'https://images4-f.ravelrycache.com/uploads/July59/876805768/DSC_3730_small_best_fit.JPG', 'flickr_url': None, 'shelved_url': 'https://images4-f.ravelrycache.com/uploads/July59/876805768/DSC_3730_shelved.JPG', 'medium2_url': 'https://images4-a.ravelrycache.com/uploads/July59/876805768/DSC_3730_medium2.JPG', 'small2_url': 'https://images4-g.ravelrycache.com/uploads/July59/876805768/DSC_3730_small2.JPG', 'caption': None, 'caption_html': None, 'copyright_holder': None}, {'id': 115656231, 'sort_order': 10, 'user_id': 4898940, 'x_offset': -5, 'y_offset': -35, 'square_url': 'https://images4-g.ravelrycache.com/uploads/silhof/876537004/IMG_8721_square.jpg', 'medium_url': 'https://images4-f.ravelrycache.com/uploads/silhof/876537004/IMG_8721_medium.jpg', 'thumbnail_url': 'https://images4-f.ravelrycache.com/uploads/silhof/876537004/IMG_8721_thumbnail.jpg', 'small_url': 'https://images4-g.ravelrycache.com/uploads/silhof/876537004/IMG_8721_small.jpg', 'flickr_url': None, 'shelved_url': 'https://images4-f.ravelrycache.com/uploads/silhof/876537004/IMG_8721_shelved.jpg', 'medium2_url': 'https://images4-a.ravelrycache.com/uploads/silhof/876537004/IMG_8721_medium2.jpg', 'small2_url': 'https://images4-g.ravelrycache.com/uploads/silhof/876537004/IMG_8721_small2.jpg', 'caption': None, 'caption_html': None, 'copyright_holder': None}, {'id': 115650360, 'sort_order': 11, 'user_id': 3351211, 'x_offset': -8, 'y_offset': -1, 'square_url': 'https://images4-g.ravelrycache.com/uploads/GabriellaV/877553744/20AF1395-4082-4643-95BF-ED8E52C23737_square.jpeg', 'medium_url': 'https://images4-g.ravelrycache.com/uploads/GabriellaV/877553744/20AF1395-4082-4643-95BF-ED8E52C23737_medium.jpeg', 'thumbnail_url': 'https://images4-f.ravelrycache.com/uploads/GabriellaV/877553744/20AF1395-4082-4643-95BF-ED8E52C23737_thumbnail.jpeg', 'small_url': 'https://images4-f.ravelrycache.com/uploads/GabriellaV/877553744/20AF1395-4082-4643-95BF-ED8E52C23737_small.jpeg', 'flickr_url': None, 'shelved_url': 'https://images4-g.ravelrycache.com/uploads/GabriellaV/877553744/20AF1395-4082-4643-95BF-ED8E52C23737_shelved.jpeg', 'medium2_url': 'https://images4-a.ravelrycache.com/uploads/GabriellaV/877553744/20AF1395-4082-4643-95BF-ED8E52C23737_medium2.jpeg', 'small2_url': 'https://images4-f.ravelrycache.com/uploads/GabriellaV/877553744/20AF1395-4082-4643-95BF-ED8E52C23737_small2.jpeg', 'caption': None, 'caption_html': None, 'copyright_holder': None}, {'id': 115655949, 'sort_order': 12, 'user_id': 485036, 'x_offset': 0, 'y_offset': -19, 'square_url': 'https://images4-f.ravelrycache.com/uploads/Hobbynaeherin/877563171/DSCF3037_edit_291213842123791_square.jpg', 'medium_url': 'https://images4-g.ravelrycache.com/uploads/Hobbynaeherin/877563171/DSCF3037_edit_291213842123791_medium.jpg', 'thumbnail_url': 'https://images4-f.ravelrycache.com/uploads/Hobbynaeherin/877563171/DSCF3037_edit_291213842123791_thumbnail.jpg', 'small_url': 'https://images4-g.ravelrycache.com/uploads/Hobbynaeherin/877563171/DSCF3037_edit_291213842123791_small_best_fit.jpg', 'flickr_url': None, 'shelved_url': 'https://images4-g.ravelrycache.com/uploads/Hobbynaeherin/877563171/DSCF3037_edit_291213842123791_shelved.jpg', 'medium2_url': 'https://images4-a.ravelrycache.com/uploads/Hobbynaeherin/877563171/DSCF3037_edit_291213842123791_medium2.jpg', 'small2_url': 'https://images4-f.ravelrycache.com/uploads/Hobbynaeherin/877563171/DSCF3037_edit_291213842123791_small2.jpg', 'caption': None, 'caption_html': None, 'copyright_holder': None}, {'id': 115656234, 'sort_order': 13, 'user_id': 4898940, 'x_offset': -5, 'y_offset': -35, 'square_url': 'https://images4-g.ravelrycache.com/uploads/silhof/876537005/I7DB6371_square.jpg', 'medium_url': 'https://images4-f.ravelrycache.com/uploads/silhof/876537005/I7DB6371_medium.jpg', 'thumbnail_url': 'https://images4-g.ravelrycache.com/uploads/silhof/876537005/I7DB6371_thumbnail.jpg', 'small_url': 'https://images4-g.ravelrycache.com/uploads/silhof/876537005/I7DB6371_small.jpg', 'flickr_url': None, 'shelved_url': 'https://images4-g.ravelrycache.com/uploads/silhof/876537005/I7DB6371_shelved.jpg', 'medium2_url': 'https://images4-a.ravelrycache.com/uploads/silhof/876537005/I7DB6371_medium2.jpg', 'small2_url': 'https://images4-g.ravelrycache.com/uploads/silhof/876537005/I7DB6371_small2.jpg', 'caption': None, 'caption_html': None, 'copyright_holder': ''}, {'id': 115643514, 'sort_order': 14, 'user_id': 982462, 'x_offset': 0, 'y_offset': 0, 'square_url': 'https://images4-f.ravelrycache.com/uploads/strickauszeit/877919504/Foto_3_OLIA6738_square.JPG', 'medium_url': 'https://images4-g.ravelrycache.com/uploads/strickauszeit/877919504/Foto_3_OLIA6738_medium.JPG', 'thumbnail_url': 'https://images4-f.ravelrycache.com/uploads/strickauszeit/877919504/Foto_3_OLIA6738_thumbnail.JPG', 'small_url': 'https://images4-g.ravelrycache.com/uploads/strickauszeit/877919504/Foto_3_OLIA6738_small_best_fit.JPG', 'flickr_url': None, 'shelved_url': 'https://images4-f.ravelrycache.com/uploads/strickauszeit/877919504/Foto_3_OLIA6738_shelved.JPG', 'medium2_url': 'https://images4-a.ravelrycache.com/uploads/strickauszeit/877919504/Foto_3_OLIA6738_medium2.JPG', 'small2_url': 'https://images4-f.ravelrycache.com/uploads/strickauszeit/877919504/Foto_3_OLIA6738_small2.JPG', 'caption': None, 'caption_html': None, 'copyright_holder': None}, {'id': 115643512, 'sort_order': 15, 'user_id': 982462, 'x_offset': 0, 'y_offset': 0, 'square_url': 'https://images4-f.ravelrycache.com/uploads/strickauszeit/877919508/Foto_2_VSKS3305_square.JPG', 'medium_url': 'https://images4-g.ravelrycache.com/uploads/strickauszeit/877919508/Foto_2_VSKS3305_medium.JPG', 'thumbnail_url': 'https://images4-g.ravelrycache.com/uploads/strickauszeit/877919508/Foto_2_VSKS3305_thumbnail.JPG', 'small_url': 'https://images4-g.ravelrycache.com/uploads/strickauszeit/877919508/Foto_2_VSKS3305_small_best_fit.JPG', 'flickr_url': None, 'shelved_url': 'https://images4-f.ravelrycache.com/uploads/strickauszeit/877919508/Foto_2_VSKS3305_shelved.JPG', 'medium2_url': 'https://images4-a.ravelrycache.com/uploads/strickauszeit/877919508/Foto_2_VSKS3305_medium2.JPG', 'small2_url': 'https://images4-f.ravelrycache.com/uploads/strickauszeit/877919508/Foto_2_VSKS3305_small2.JPG', 'caption': None, 'caption_html': None, 'copyright_holder': None}, {'id': 115643515, 'sort_order': 16, 'user_id': 982462, 'x_offset': 0, 'y_offset': 0, 'square_url': 'https://images4-f.ravelrycache.com/uploads/strickauszeit/877919064/Foto_1_IMG_E6792_square.JPG', 'medium_url': 'https://images4-g.ravelrycache.com/uploads/strickauszeit/877919064/Foto_1_IMG_E6792_medium.JPG', 'thumbnail_url': 'https://images4-f.ravelrycache.com/uploads/strickauszeit/877919064/Foto_1_IMG_E6792_thumbnail.JPG', 'small_url': 'https://images4-f.ravelrycache.com/uploads/strickauszeit/877919064/Foto_1_IMG_E6792_small_best_fit.JPG', 'flickr_url': None, 'shelved_url': 'https://images4-g.ravelrycache.com/uploads/strickauszeit/877919064/Foto_1_IMG_E6792_shelved.JPG', 'medium2_url': 'https://images4-a.ravelrycache.com/uploads/strickauszeit/877919064/Foto_1_IMG_E6792_medium2.JPG', 'small2_url': 'https://images4-f.ravelrycache.com/uploads/strickauszeit/877919064/Foto_1_IMG_E6792_small2.JPG', 'caption': None, 'caption_html': None, 'copyright_holder': None}, {'id': 115643516, 'sort_order': 17, 'user_id': 982462, 'x_offset': 0, 'y_offset': 0, 'square_url': 'https://images4-g.ravelrycache.com/uploads/strickauszeit/877919069/Foto_2_IMG_E6782_square.JPG', 'medium_url': 'https://images4-f.ravelrycache.com/uploads/strickauszeit/877919069/Foto_2_IMG_E6782_medium.JPG', 'thumbnail_url': 'https://images4-g.ravelrycache.com/uploads/strickauszeit/877919069/Foto_2_IMG_E6782_thumbnail.JPG', 'small_url': 'https://images4-f.ravelrycache.com/uploads/strickauszeit/877919069/Foto_2_IMG_E6782_small_best_fit.JPG', 'flickr_url': None, 'shelved_url': 'https://images4-f.ravelrycache.com/uploads/strickauszeit/877919069/Foto_2_IMG_E6782_shelved.JPG', 'medium2_url': 'https://images4-a.ravelrycache.com/uploads/strickauszeit/877919069/Foto_2_IMG_E6782_medium2.JPG', 'small2_url': 'https://images4-g.ravelrycache.com/uploads/strickauszeit/877919069/Foto_2_IMG_E6782_small2.JPG', 'caption': None, 'caption_html': None, 'copyright_holder': None}, {'id': 115643517, 'sort_order': 18, 'user_id': 982462, 'x_offset': 0, 'y_offset': 0, 'square_url': 'https://images4-f.ravelrycache.com/uploads/strickauszeit/877919067/Foto_3_IMG_E6788_square.JPG', 'medium_url': 'https://images4-g.ravelrycache.com/uploads/strickauszeit/877919067/Foto_3_IMG_E6788_medium.JPG', 'thumbnail_url': 'https://images4-g.ravelrycache.com/uploads/strickauszeit/877919067/Foto_3_IMG_E6788_thumbnail.JPG', 'small_url': 'https://images4-f.ravelrycache.com/uploads/strickauszeit/877919067/Foto_3_IMG_E6788_small_best_fit.JPG', 'flickr_url': None, 'shelved_url': 'https://images4-f.ravelrycache.com/uploads/strickauszeit/877919067/Foto_3_IMG_E6788_shelved.JPG', 'medium2_url': 'https://images4-a.ravelrycache.com/uploads/strickauszeit/877919067/Foto_3_IMG_E6788_medium2.JPG', 'small2_url': 'https://images4-f.ravelrycache.com/uploads/strickauszeit/877919067/Foto_3_IMG_E6788_small2.JPG', 'caption': None, 'caption_html': None, 'copyright_holder': None}, {'id': 115643518, 'sort_order': 19, 'user_id': 982462, 'x_offset': 0, 'y_offset': 0, 'square_url': 'https://images4-g.ravelrycache.com/uploads/strickauszeit/877919065/Foto_4_IMG_E6785_square.JPG', 'medium_url': 'https://images4-f.ravelrycache.com/uploads/strickauszeit/877919065/Foto_4_IMG_E6785_medium.JPG', 'thumbnail_url': 'https://images4-f.ravelrycache.com/uploads/strickauszeit/877919065/Foto_4_IMG_E6785_thumbnail.JPG', 'small_url': 'https://images4-g.ravelrycache.com/uploads/strickauszeit/877919065/Foto_4_IMG_E6785_small_best_fit.JPG', 'flickr_url': None, 'shelved_url': 'https://images4-f.ravelrycache.com/uploads/strickauszeit/877919065/Foto_4_IMG_E6785_shelved.JPG', 'medium2_url': 'https://images4-a.ravelrycache.com/uploads/strickauszeit/877919065/Foto_4_IMG_E6785_medium2.JPG', 'small2_url': 'https://images4-g.ravelrycache.com/uploads/strickauszeit/877919065/Foto_4_IMG_E6785_small2.JPG', 'caption': None, 'caption_html': None, 'copyright_holder': None}]"
235-32 Salt & Pepper,DROPS design,1274460,https://www.ravelry.com/patterns/library/235-32-salt--pepper,True,https://images4-a.ravelrycache.com/uploads/Drops/877933030/32-2_medium2.jpg,Knitting,"['female', 'teen', 'adult', 'petite', 'plus', 'seamed', 'long-sleeve', 'hems', 'selvedge', 'bottom-up', 'mock-turtleneck', 'chart', 'written-pattern', 'video-tutorial', 'modified-drop-sleeve', 'cuffed-sleeve', 'worked-flat', 'twisted-stitches', 'schematic']",13.0,0.0,True,4.0,stocking stitch with larger needles and 1 strand each yarn,pullover,Bulky,3,0.0, XS - S - M - L - XL - XXL,"[{'id': 115644356, 'sort_order': 1, 'user_id': 32910, 'x_offset': -2, 'y_offset': -51, 'square_url': 'https://images4-f.ravelrycache.com/uploads/Drops/877933030/32-2_square.jpg', 'medium_url': 'https://images4-g.ravelrycache.com/uploads/Drops/877933030/32-2_medium.jpg', 'thumbnail_url': 'https://images4-g.ravelrycache.com/uploads/Drops/877933030/32-2_thumbnail.jpg', 'small_url': 'https://images4-f.ravelrycache.com/uploads/Drops/877933030/32-2_small_best_fit.jpg', 'flickr_url': None, 'shelved_url': 'https://images4-f.ravelrycache.com/uploads/Drops/877933030/32-2_shelved.jpg', 'medium2_url': 'https://images4-a.ravelrycache.com/uploads/Drops/877933030/32-2_medium2.jpg', 'small2_url': 'https://images4-f.ravelrycache.com/uploads/Drops/877933030/32-2_small2.jpg', 'caption': None, 'caption_html': None, 'copyright_holder': None}, {'id': 115644357, 'sort_order': 2, 'user_id': 32910, 'x_offset': 2, 'y_offset': -33, 'square_url': 'https://images4-g.ravelrycache.com/uploads/Drops/877933031/32b-2_square.jpg', 'medium_url': 'https://images4-f.ravelrycache.com/uploads/Drops/877933031/32b-2_medium.jpg', 'thumbnail_url': 'https://images4-g.ravelrycache.com/uploads/Drops/877933031/32b-2_thumbnail.jpg', 'small_url': 'https://images4-g.ravelrycache.com/uploads/Drops/877933031/32b-2_small_best_fit.jpg', 'flickr_url': None, 'shelved_url': 'https://images4-g.ravelrycache.com/uploads/Drops/877933031/32b-2_shelved.jpg', 'medium2_url': 'https://images4-a.ravelrycache.com/uploads/Drops/877933031/32b-2_medium2.jpg', 'small2_url': 'https://images4-g.ravelrycache.com/uploads/Drops/877933031/32b-2_small2.jpg', 'caption': None, 'caption_html': None, 'copyright_holder': None}, {'id': 115644358, 'sort_order': 3, 'user_id': 32910, 'x_offset': 0, 'y_offset': -32, 'square_url': 'https://images4-g.ravelrycache.com/uploads/Drops/877933032/32c-2_square.jpg', 'medium_url': 'https://images4-f.ravelrycache.com/uploads/Drops/877933032/32c-2_medium.jpg', 'thumbnail_url': 'https://images4-g.ravelrycache.com/uploads/Drops/877933032/32c-2_thumbnail.jpg', 'small_url': 'https://images4-g.ravelrycache.com/uploads/Drops/877933032/32c-2_small_best_fit.jpg', 'flickr_url': None, 'shelved_url': 'https://images4-f.ravelrycache.com/uploads/Drops/877933032/32c-2_shelved.jpg', 'medium2_url': 'https://images4-a.ravelrycache.com/uploads/Drops/877933032/32c-2_medium2.jpg', 'small2_url': 'https://images4-g.ravelrycache.com/uploads/Drops/877933032/32c-2_small2.jpg', 'caption': None, 'caption_html': None, 'copyright_holder': None}, {'id': 115644359, 'sort_order': 4, 'user_id': 32910, 'x_offset': 0, 'y_offset': -47, 'square_url': 'https://images4-f.ravelrycache.com/uploads/Drops/877933033/32d-2_square.jpg', 'medium_url': 'https://images4-g.ravelrycache.com/uploads/Drops/877933033/32d-2_medium.jpg', 'thumbnail_url': 'https://images4-f.ravelrycache.com/uploads/Drops/877933033/32d-2_thumbnail.jpg', 'small_url': 'https://images4-g.ravelrycache.com/uploads/Drops/877933033/32d-2_small_best_fit.jpg', 'flickr_url': None, 'shelved_url': 'https://images4-g.ravelrycache.com/uploads/Drops/877933033/32d-2_shelved.jpg', 'medium2_url': 'https://images4-a.ravelrycache.com/uploads/Drops/877933033/32d-2_medium2.jpg', 'small2_url': 'https://images4-f.ravelrycache.com/uploads/Drops/877933033/32d-2_small2.jpg', 'caption': None, 'caption_html': None, 'copyright_holder': None}]"
235-36 Sparkling Sunrise,DROPS design,1274471,https://www.ravelry.com/patterns/library/235-36-sparkling-sunrise,True,https://images4-a.ravelrycache.com/uploads/Drops/877935277/36-2_medium2.jpg,Knitting,"['female', 'teen', 'adult', 'petite', 'plus', 'seamed', 'v-neck', 'long-sleeve', 'written-pattern', 'video-tutorial', 'modified-drop-sleeve', 'worked-flat', 'schematic']",11.0,0.0,True,4.0,stocking stitch with larger needles and 1 strand Brushed Alpaca Silk + 2 strands Fabel,pullover,Super Bulky,8,0.0, XS - S - M - L - XL - XXL,"[{'id': 115644674, 'sort_order': 1, 'user_id': 32910, 'x_offset': 0, 'y_offset': -35, 'square_url': 'https://images4-g.ravelrycache.com/uploads/Drops/877935277/36-2_square.jpg', 'medium_url': 'https://images4-f.ravelrycache.com/uploads/Drops/877935277/36-2_medium.jpg', 'thumbnail_url': 'https://images4-f.ravelrycache.com/uploads/Drops/877935277/36-2_thumbnail.jpg', 'small_url': 'https://images4-g.ravelrycache.com/uploads/Drops/877935277/36-2_small_best_fit.jpg', 'flickr_url': None, 'shelved_url': 'https://images4-f.ravelrycache.com/uploads/Drops/877935277/36-2_shelved.jpg', 'medium2_url': 'https://images4-a.ravelrycache.com/uploads/Drops/877935277/36-2_medium2.jpg', 'small2_url': 'https://images4-g.ravelrycache.com/uploads/Drops/877935277/36-2_small2.jpg', 'caption': None, 'caption_html': None, 'copyright_holder': None}, {'id': 115644675, 'sort_order': 2, 'user_id': 32910, 'x_offset': 0, 'y_offset': -47, 'square_url': 'https://images4-f.ravelrycache.com/uploads/Drops/877935278/36b-2_square.jpg', 'medium_url': 'https://images4-g.ravelrycache.com/uploads/Drops/877935278/36b-2_medium.jpg', 'thumbnail_url': 'https://images4-g.ravelrycache.com/uploads/Drops/877935278/36b-2_thumbnail.jpg', 'small_url': 'https://images4-f.ravelrycache.com/uploads/Drops/877935278/36b-2_small_best_fit.jpg', 'flickr_url': None, 'shelved_url': 'https://images4-f.ravelrycache.com/uploads/Drops/877935278/36b-2_shelved.jpg', 'medium2_url': 'https://images4-a.ravelrycache.com/uploads/Drops/877935278/36b-2_medium2.jpg', 'small2_url': 'https://images4-f.ravelrycache.com/uploads/Drops/877935278/36b-2_small2.jpg', 'caption': None, 'caption_html': None, 'copyright_holder': None}, {'id': 115644676, 'sort_order': 3, 'user_id': 32910, 'x_offset': 0, 'y_offset': -47, 'square_url': 'https://images4-f.ravelrycache.com/uploads/Drops/877935280/36c-2_square.jpg', 'medium_url': 'https://images4-g.ravelrycache.com/uploads/Drops/877935280/36c-2_medium.jpg', 'thumbnail_url': 'https://images4-f.ravelrycache.com/uploads/Drops/877935280/36c-2_thumbnail.jpg', 'small_url': 'https://images4-f.ravelrycache.com/uploads/Drops/877935280/36c-2_small_best_fit.jpg', 'flickr_url': None, 'shelved_url': 'https://images4-f.ravelrycache.com/uploads/Drops/877935280/36c-2_shelved.jpg', 'medium2_url': 'https://images4-a.ravelrycache.com/uploads/Drops/877935280/36c-2_medium2.jpg', 'small2_url': 'https://images4-f.ravelrycache.com/uploads/Drops/877935280/36c-2_small2.jpg', 'caption': None, 'caption_html': None, 'copyright_holder': None}]"
236-21 Winter Awakens,DROPS design,1274477,https://www.ravelry.com/patterns/library/236-21-winter-awakens,True,https://images4-a.ravelrycache.com/uploads/Drops/877936668/21-2_medium2.jpg,Knitting,"['female', 'teen', 'adult', 'plus', 'seamed', 'crew-neck', 'long-sleeve', 'bottom-up', 'written-pattern', 'video-tutorial', 'modified-drop-sleeve', 'cuffed-sleeve', 'worked-flat', 'schematic']",10.0,1.6666666666666667,True,4.0,stocking stitch with larger needles and 1 strand each yarn,pullover,Super Bulky,12,4.0,S – M – L – XL – XXL – XXXL,"[{'id': 115644859, 'sort_order': 1, 'user_id': 32910, 'x_offset': 0, 'y_offset': -24, 'square_url': 'https://images4-g.ravelrycache.com/uploads/Drops/877936668/21-2_square.jpg', 'medium_url': 'https://images4-f.ravelrycache.com/uploads/Drops/877936668/21-2_medium.jpg', 'thumbnail_url': 'https://images4-f.ravelrycache.com/uploads/Drops/877936668/21-2_thumbnail.jpg', 'small_url': 'https://images4-f.ravelrycache.com/uploads/Drops/877936668/21-2_small_best_fit.jpg', 'flickr_url': None, 'shelved_url': 'https://images4-g.ravelrycache.com/uploads/Drops/877936668/21-2_shelved.jpg', 'medium2_url': 'https://images4-a.ravelrycache.com/uploads/Drops/877936668/21-2_medium2.jpg', 'small2_url': 'https://images4-g.ravelrycache.com/uploads/Drops/877936668/21-2_small2.jpg', 'caption': None, 'caption_html': None, 'copyright_holder': None}, {'id': 117621752, 'sort_order': 2, 'user_id': 10406583, 'x_offset': -5, 'y_offset': -35, 'square_url': 'https://images4-f.ravelrycache.com/uploads/foskefoske/889006728/046B5CBB-7792-4D82-BDE7-A13DB567C7E5_square.jpeg', 'medium_url': 'https://images4-f.ravelrycache.com/uploads/foskefoske/889006728/046B5CBB-7792-4D82-BDE7-A13DB567C7E5_medium.jpeg', 'thumbnail_url': 'https://images4-g.ravelrycache.com/uploads/foskefoske/889006728/046B5CBB-7792-4D82-BDE7-A13DB567C7E5_thumbnail.jpeg', 'small_url': 'https://images4-f.ravelrycache.com/uploads/foskefoske/889006728/046B5CBB-7792-4D82-BDE7-A13DB567C7E5_small.jpeg', 'flickr_url': None, 'shelved_url': 'https://images4-g.ravelrycache.com/uploads/foskefoske/889006728/046B5CBB-7792-4D82-BDE7-A13DB567C7E5_shelved.jpeg', 'medium2_url': 'https://images4-a.ravelrycache.com/uploads/foskefoske/889006728/046B5CBB-7792-4D82-BDE7-A13DB567C7E5_medium2.jpeg', 'small2_url': 'https://images4-g.ravelrycache.com/uploads/foskefoske/889006728/046B5CBB-7792-4D82-BDE7-A13DB567C7E5_small2.jpeg', 'caption': None, 'caption_html': None, 'copyright_holder': None}, {'id': 115644860, 'sort_order': 3, 'user_id': 32910, 'x_offset': 1, 'y_offset': -21, 'square_url': 'https://images4-f.ravelrycache.com/uploads/Drops/877936662/21d-2_square.jpg', 'medium_url': 'https://images4-g.ravelrycache.com/uploads/Drops/877936662/21d-2_medium.jpg', 'thumbnail_url': 'https://images4-g.ravelrycache.com/uploads/Drops/877936662/21d-2_thumbnail.jpg', 'small_url': 'https://images4-f.ravelrycache.com/uploads/Drops/877936662/21d-2_small_best_fit.jpg', 'flickr_url': None, 'shelved_url': 'https://images4-g.ravelrycache.com/uploads/Drops/877936662/21d-2_shelved.jpg', 'medium2_url': 'https://images4-a.ravelrycache.com/uploads/Drops/877936662/21d-2_medium2.jpg', 'small2_url': 'https://images4-f.ravelrycache.com/uploads/Drops/877936662/21d-2_small2.jpg', 'caption': None, 'caption_html': None, 'copyright_holder': None}, {'id': 115644861, 'sort_order': 4, 'user_id': 32910, 'x_offset': 0, 'y_offset': -47, 'square_url': 'https://images4-f.ravelrycache.com/uploads/Drops/877936666/21b-2_square.jpg', 'medium_url': 'https://images4-g.ravelrycache.com/uploads/Drops/877936666/21b-2_medium.jpg', 'thumbnail_url': 'https://images4-g.ravelrycache.com/uploads/Drops/877936666/21b-2_thumbnail.jpg', 'small_url': 'https://images4-g.ravelrycache.com/uploads/Drops/877936666/21b-2_small_best_fit.jpg', 'flickr_url': None, 'shelved_url': 'https://images4-g.ravelrycache.com/uploads/Drops/877936666/21b-2_shelved.jpg', 'medium2_url': 'https://images4-a.ravelrycache.com/uploads/Drops/877936666/21b-2_medium2.jpg', 'small2_url': 'https://images4-f.ravelrycache.com/uploads/Drops/877936666/21b-2_small2.jpg', 'caption': None, 'caption_html': None, 'copyright_holder': None}, {'id': 115644862, 'sort_order': 5, 'user_id': 32910, 'x_offset': 0, 'y_offset': -27, 'square_url': 'https://images4-g.ravelrycache.com/uploads/Drops/877936661/21c-2_square.jpg', 'medium_url': 'https://images4-f.ravelrycache.com/uploads/Drops/877936661/21c-2_medium.jpg', 'thumbnail_url': 'https://images4-g.ravelrycache.com/uploads/Drops/877936661/21c-2_thumbnail.jpg', 'small_url': 'https://images4-f.ravelrycache.com/uploads/Drops/877936661/21c-2_small_best_fit.jpg', 'flickr_url': None, 'shelved_url': 'https://images4-g.ravelrycache.com/uploads/Drops/877936661/21c-2_shelved.jpg', 'medium2_url': 'https://images4-a.ravelrycache.com/uploads/Drops/877936661/21c-2_medium2.jpg', 'small2_url': 'https://images4-g.ravelrycache.com/uploads/Drops/877936661/21c-2_small2.jpg', 'caption': None, 'caption_html': None, 'copyright_holder': None}, {'id': 115644863, 'sort_order': 6, 'user_id': 32910, 'x_offset': 0, 'y_offset': -47, 'square_url': 'https://images4-f.ravelrycache.com/uploads/Drops/877936664/21e-2_square.jpg', 'medium_url': 'https://images4-g.ravelrycache.com/uploads/Drops/877936664/21e-2_medium.jpg', 'thumbnail_url': 'https://images4-f.ravelrycache.com/uploads/Drops/877936664/21e-2_thumbnail.jpg', 'small_url': 'https://images4-g.ravelrycache.com/uploads/Drops/877936664/21e-2_small_best_fit.jpg', 'flickr_url': None, 'shelved_url': 'https://images4-g.ravelrycache.com/uploads/Drops/877936664/21e-2_shelved.jpg', 'medium2_url': 'https://images4-a.ravelrycache.com/uploads/Drops/877936664/21e-2_medium2.jpg', 'small2_url': 'https://images4-f.ravelrycache.com/uploads/Drops/877936664/21e-2_small2.jpg', 'caption': None, 'caption_html': None, 'copyright_holder': None}]"
Silín pullover,Teti Lutsak,1274518,https://www.ravelry.com/patterns/library/silin-pullover,False,https://images4-a.ravelrycache.com/uploads/tetilutsak/877953624/IMG_2120_medium2.JPG,Knitting,"['fitted', 'lace', 'circular-yoke', 'straight', 'stranded', 'seamless', 'short-rows', 'top-down', 'positive-ease', 'chart', 'written-pattern', 'in-the-round', 'schematic']",25.0,3.4,True,4.0,stockinette in the round,pullover,Sport,51,5.0,"1 (2, 3, 4, 5) (6, 7, 8, 9) see more details below","[{'id': 115647146, 'sort_order': 1, 'user_id': 3950918, 'x_offset': 0, 'y_offset': -53, 'square_url': 'https://images4-g.ravelrycache.com/uploads/tetilutsak/877953624/IMG_2120_square.JPG', 'medium_url': 'https://images4-f.ravelrycache.com/uploads/tetilutsak/877953624/IMG_2120_medium.JPG', 'thumbnail_url': 'https://images4-g.ravelrycache.com/uploads/tetilutsak/877953624/IMG_2120_thumbnail.JPG', 'small_url': 'https://images4-g.ravelrycache.com/uploads/tetilutsak/877953624/IMG_2120_small_best_fit.JPG', 'flickr_url': None, 'shelved_url': 'https://images4-f.ravelrycache.com/uploads/tetilutsak/877953624/IMG_2120_shelved.JPG', 'medium2_url': 'https://images4-a.ravelrycache.com/uploads/tetilutsak/877953624/IMG_2120_medium2.JPG', 'small2_url': 'https://images4-g.ravelrycache.com/uploads/tetilutsak/877953624/IMG_2120_small2.JPG', 'caption': None, 'caption_html': None, 'copyright_holder': None}, {'id': 115647149, 'sort_order': 2, 'user_id': 3950918, 'x_offset': -1, 'y_offset': -37, 'square_url': 'https://images4-g.ravelrycache.com/uploads/tetilutsak/877954321/IMG_2140_square.JPG', 'medium_url': 'https://images4-f.ravelrycache.com/uploads/tetilutsak/877954321/IMG_2140_medium.JPG', 'thumbnail_url': 'https://images4-g.ravelrycache.com/uploads/tetilutsak/877954321/IMG_2140_thumbnail.JPG', 'small_url': 'https://images4-g.ravelrycache.com/uploads/tetilutsak/877954321/IMG_2140_small_best_fit.JPG', 'flickr_url': None, 'shelved_url': 'https://images4-g.ravelrycache.com/uploads/tetilutsak/877954321/IMG_2140_shelved.JPG', 'medium2_url': 'https://images4-a.ravelrycache.com/uploads/tetilutsak/877954321/IMG_2140_medium2.JPG', 'small2_url': 'https://images4-g.ravelrycache.com/uploads/tetilutsak/877954321/IMG_2140_small2.JPG', 'caption': None, 'caption_html': None, 'copyright_holder': None}, {'id': 123341273, 'sort_order': 3, 'user_id': 9838039, 'x_offset': -5, 'y_offset': -35, 'square_url': 'https://images4-g.ravelrycache.com/uploads/Thepuffychair/876349986/received_593135849209159_square.jpeg', 'medium_url': 'https://images4-g.ravelrycache.com/uploads/Thepuffychair/876349986/received_593135849209159_medium.jpeg', 'thumbnail_url': 'https://images4-g.ravelrycache.com/uploads/Thepuffychair/876349986/received_593135849209159_thumbnail.jpeg', 'small_url': 'https://images4-f.ravelrycache.com/uploads/Thepuffychair/876349986/received_593135849209159_small.jpeg', 'flickr_url': None, 'shelved_url': 'https://images4-g.ravelrycache.com/uploads/Thepuffychair/876349986/received_593135849209159_shelved.jpeg', 'medium2_url': 'https://images4-a.ravelrycache.com/uploads/Thepuffychair/876349986/received_593135849209159_medium2.jpeg', 'small2_url': 'https://images4-f.ravelrycache.com/uploads/Thepuffychair/876349986/received_593135849209159_small2.jpeg', 'caption': None, 'caption_html': None, 'copyright_holder': None}, {'id': 121958389, 'sort_order': 4, 'user_id': 4919530, 'x_offset': 0, 'y_offset': -66, 'square_url': 'https://images4-f.ravelrycache.com/uploads/FloorS/876271693/20220918_075320_square.JPG', 'medium_url': 'https://images4-g.ravelrycache.com/uploads/FloorS/876271693/20220918_075320_medium.JPG', 'thumbnail_url': 'https://images4-f.ravelrycache.com/uploads/FloorS/876271693/20220918_075320_thumbnail.JPG', 'small_url': 'https://images4-g.ravelrycache.com/uploads/FloorS/876271693/20220918_075320_small_best_fit.JPG', 'flickr_url': None, 'shelved_url': 'https://images4-g.ravelrycache.com/uploads/FloorS/876271693/20220918_075320_shelved.JPG', 'medium2_url': 'https://images4-a.ravelrycache.com/uploads/FloorS/876271693/20220918_075320_medium2.JPG', 'small2_url': 'https://images4-f.ravelrycache.com/uploads/FloorS/876271693/20220918_075320_small2.JPG', 'caption': None, 'caption_html': None, 'copyright_holder': None}, {'id': 120522121, 'sort_order': 5, 'user_id': 1355161, 'x_offset': -5, 'y_offset': -35, 'square_url': 'https://images4-f.ravelrycache.com/uploads/darinac/876350848/IMG_20220918_180142_square.jpg', 'medium_url': 'https://images4-g.ravelrycache.com/uploads/darinac/876350848/IMG_20220918_180142_medium.jpg', 'thumbnail_url': 'https://images4-f.ravelrycache.com/uploads/darinac/876350848/IMG_20220918_180142_thumbnail.jpg', 'small_url': 'https://images4-g.ravelrycache.com/uploads/darinac/876350848/IMG_20220918_180142_small.jpg', 'flickr_url': None, 'shelved_url': 'https://images4-g.ravelrycache.com/uploads/darinac/876350848/IMG_20220918_180142_shelved.jpg', 'medium2_url': 'https://images4-a.ravelrycache.com/uploads/darinac/876350848/IMG_20220918_180142_medium2.jpg', 'small2_url': 'https://images4-f.ravelrycache.com/uploads/darinac/876350848/IMG_20220918_180142_small2.jpg', 'caption': None, 'caption_html': None, 'copyright_holder': None}, {'id': 120159571, 'sort_order': 6, 'user_id': 148257, 'x_offset': -5, 'y_offset': -35, 'square_url': 'https://images4-f.ravelrycache.com/uploads/SusQ/875205718/278F6474-FB1B-4D25-AC39-4FA37EDD5905_1_201_a_square.heic', 'medium_url': 'https://images4-f.ravelrycache.com/uploads/SusQ/875205718/278F6474-FB1B-4D25-AC39-4FA37EDD5905_1_201_a_medium.heic', 'thumbnail_url': 'https://images4-f.ravelrycache.com/uploads/SusQ/875205718/278F6474-FB1B-4D25-AC39-4FA37EDD5905_1_201_a_thumbnail.heic', 'small_url': 'https://images4-f.ravelrycache.com/uploads/SusQ/875205718/278F6474-FB1B-4D25-AC39-4FA37EDD5905_1_201_a_small.heic', 'flickr_url': None, 'shelved_url': 'https://images4-g.ravelrycache.com/uploads/SusQ/875205718/278F6474-FB1B-4D25-AC39-4FA37EDD5905_1_201_a_shelved.heic', 'medium2_url': 'https://images4-a.ravelrycache.com/uploads/SusQ/875205718/278F6474-FB1B-4D25-AC39-4FA37EDD5905_1_201_a_medium2.heic', 'small2_url': 'https://images4-g.ravelrycache.com/uploads/SusQ/875205718/278F6474-FB1B-4D25-AC39-4FA37EDD5905_1_201_a_small2.heic', 'caption': None, 'caption_html': None, 'copyright_holder': None}, {'id': 120116260, 'sort_order': 7, 'user_id': 771184, 'x_offset': -5, 'y_offset': -35, 'square_url': 'https://images4-f.ravelrycache.com/uploads/lindtski/876006294/20220907_162833-01_square.jpeg', 'medium_url': 'https://images4-f.ravelrycache.com/uploads/lindtski/876006294/20220907_162833-01_medium.jpeg', 'thumbnail_url': 'https://images4-f.ravelrycache.com/uploads/lindtski/876006294/20220907_162833-01_thumbnail.jpeg', 'small_url': 'https://images4-g.ravelrycache.com/uploads/lindtski/876006294/20220907_162833-01_small.jpeg', 'flickr_url': None, 'shelved_url': 'https://images4-f.ravelrycache.com/uploads/lindtski/876006294/20220907_162833-01_shelved.jpeg', 'medium2_url': 'https://images4-a.ravelrycache.com/uploads/lindtski/876006294/20220907_162833-01_medium2.jpeg', 'small2_url': 'https://images4-g.ravelrycache.com/uploads/lindtski/876006294/20220907_162833-01_small2.jpeg', 'caption': None, 'caption_html': None, 'copyright_holder': None}, {'id': 120116258, 'sort_order': 8, 'user_id': 771184, 'x_offset': -5, 'y_offset': -35, 'square_url': 'https://images4-f.ravelrycache.com/uploads/lindtski/876006294/20220907_162833-01_square.jpeg', 'medium_url': 'https://images4-f.ravelrycache.com/uploads/lindtski/876006294/20220907_162833-01_medium.jpeg', 'thumbnail_url': 'https://images4-f.ravelrycache.com/uploads/lindtski/876006294/20220907_162833-01_thumbnail.jpeg', 'small_url': 'https://images4-g.ravelrycache.com/uploads/lindtski/876006294/20220907_162833-01_small.jpeg', 'flickr_url': None, 'shelved_url': 'https://images4-f.ravelrycache.com/uploads/lindtski/876006294/20220907_162833-01_shelved.jpeg', 'medium2_url': 'https://images4-a.ravelrycache.com/uploads/lindtski/876006294/20220907_162833-01_medium2.jpeg', 'small2_url': 'https://images4-g.ravelrycache.com/uploads/lindtski/876006294/20220907_162833-01_small2.jpeg', 'caption': None, 'caption_html': None, 'copyright_holder': None}, {'id': 120115907, 'sort_order': 9, 'user_id': 4954157, 'x_offset': -66, 'y_offset': 0, 'square_url': 'https://images4-f.ravelrycache.com/uploads/PauleR91/877544235/20220925_104521_square.jpg', 'medium_url': 'https://images4-g.ravelrycache.com/uploads/PauleR91/877544235/20220925_104521_medium.jpg', 'thumbnail_url': 'https://images4-f.ravelrycache.com/uploads/PauleR91/877544235/20220925_104521_thumbnail.jpg', 'small_url': 'https://images4-g.ravelrycache.com/uploads/PauleR91/877544235/20220925_104521_small_best_fit.jpg', 'flickr_url': None, 'shelved_url': 'https://images4-g.ravelrycache.com/uploads/PauleR91/877544235/20220925_104521_shelved.jpg', 'medium2_url': 'https://images4-a.ravelrycache.com/uploads/PauleR91/877544235/20220925_104521_medium2.jpg', 'small2_url': 'https://images4-f.ravelrycache.com/uploads/PauleR91/877544235/20220925_104521_small2.jpg', 'caption': None, 'caption_html': None, 'copyright_holder': None}, {'id': 120106917, 'sort_order': 10, 'user_id': 2352930, 'x_offset': 0, 'y_offset': -10, 'square_url': 'https://images4-f.ravelrycache.com/uploads/Elainemaxseb/877966030/upload_square', 'medium_url': 'https://images4-g.ravelrycache.com/uploads/Elainemaxseb/877966030/upload_medium', 'thumbnail_url': 'https://images4-f.ravelrycache.com/uploads/Elainemaxseb/877966030/upload_thumbnail', 'small_url': 'https://images4-g.ravelrycache.com/uploads/Elainemaxseb/877966030/upload_small_best_fit', 'flickr_url': None, 'shelved_url': 'https://images4-g.ravelrycache.com/uploads/Elainemaxseb/877966030/upload_shelved', 'medium2_url': 'https://images4-a.ravelrycache.com/uploads/Elainemaxseb/877966030/upload_medium2', 'small2_url': 'https://images4-f.ravelrycache.com/uploads/Elainemaxseb/877966030/upload_small2', 'caption': None, 'caption_html': None, 'copyright_holder': None}, {'id': 120108477, 'sort_order': 11, 'user_id': 6698778, 'x_offset': -5, 'y_offset': -35, 'square_url': 'https://images4-f.ravelrycache.com/uploads/katalin79/876312657/C0608A9B-4948-4C8C-8FD4-9E9005327C2D_square.jpeg', 'medium_url': 'https://images4-f.ravelrycache.com/uploads/katalin79/876312657/C0608A9B-4948-4C8C-8FD4-9E9005327C2D_medium.jpeg', 'thumbnail_url': 'https://images4-g.ravelrycache.com/uploads/katalin79/876312657/C0608A9B-4948-4C8C-8FD4-9E9005327C2D_thumbnail.jpeg', 'small_url': 'https://images4-f.ravelrycache.com/uploads/katalin79/876312657/C0608A9B-4948-4C8C-8FD4-9E9005327C2D_small.jpeg', 'flickr_url': None, 'shelved_url': 'https://images4-f.ravelrycache.com/uploads/katalin79/876312657/C0608A9B-4948-4C8C-8FD4-9E9005327C2D_shelved.jpeg', 'medium2_url': 'https://images4-a.ravelrycache.com/uploads/katalin79/876312657/C0608A9B-4948-4C8C-8FD4-9E9005327C2D_medium2.jpeg', 'small2_url': 'https://images4-g.ravelrycache.com/uploads/katalin79/876312657/C0608A9B-4948-4C8C-8FD4-9E9005327C2D_small2.jpeg', 'caption': None, 'caption_html': None, 'copyright_holder': None}, {'id': 116199976, 'sort_order': 12, 'user_id': 387653, 'x_offset': 0, 'y_offset': -12, 'square_url': 'https://images4-f.ravelrycache.com/uploads/prjonakona/875654338/EFCBC171-0DB9-49FB-9B86-7AE3E528E116_square.jpeg', 'medium_url': 'https://images4-f.ravelrycache.com/uploads/prjonakona/875654338/EFCBC171-0DB9-49FB-9B86-7AE3E528E116_medium.jpeg', 'thumbnail_url': 'https://images4-f.ravelrycache.com/uploads/prjonakona/875654338/EFCBC171-0DB9-49FB-9B86-7AE3E528E116_thumbnail.jpeg', 'small_url': 'https://images4-f.ravelrycache.com/uploads/prjonakona/875654338/EFCBC171-0DB9-49FB-9B86-7AE3E528E116_small_best_fit.jpeg', 'flickr_url': None, 'shelved_url': 'https://images4-f.ravelrycache.com/uploads/prjonakona/875654338/EFCBC171-0DB9-49FB-9B86-7AE3E528E116_shelved.jpeg', 'medium2_url': 'https://images4-a.ravelrycache.com/uploads/prjonakona/875654338/EFCBC171-0DB9-49FB-9B86-7AE3E528E116_medium2.jpeg', 'small2_url': 'https://images4-g.ravelrycache.com/uploads/prjonakona/875654338/EFCBC171-0DB9-49FB-9B86-7AE3E528E116_small2.jpeg', 'caption': None, 'caption_html': None, 'copyright_holder': None}, {'id': 115647148, 'sort_order': 13, 'user_id': 3950918, 'x_offset': 0, 'y_offset': -73, 'square_url': 'https://images4-f.ravelrycache.com/uploads/tetilutsak/877953188/IMG_2069_square.JPG', 'medium_url': 'https://images4-g.ravelrycache.com/uploads/tetilutsak/877953188/IMG_2069_medium.JPG', 'thumbnail_url': 'https://images4-f.ravelrycache.com/uploads/tetilutsak/877953188/IMG_2069_thumbnail.JPG', 'small_url': 'https://images4-f.ravelrycache.com/uploads/tetilutsak/877953188/IMG_2069_small_best_fit.JPG', 'flickr_url': None, 'shelved_url': 'https://images4-f.ravelrycache.com/uploads/tetilutsak/877953188/IMG_2069_shelved.JPG', 'medium2_url': 'https://images4-a.ravelrycache.com/uploads/tetilutsak/877953188/IMG_2069_medium2.JPG', 'small2_url': 'https://images4-f.ravelrycache.com/uploads/tetilutsak/877953188/IMG_2069_small2.JPG', 'caption': None, 'caption_html': None, 'copyright_holder': None}, {'id': 115648039, 'sort_order': 14, 'user_id': 3950918, 'x_offset': 0, 'y_offset': -83, 'square_url': 'https://images4-f.ravelrycache.com/uploads/tetilutsak/877961677/silin_h3_square.jpg', 'medium_url': 'https://images4-g.ravelrycache.com/uploads/tetilutsak/877961677/silin_h3_medium.jpg', 'thumbnail_url': 'https://images4-f.ravelrycache.com/uploads/tetilutsak/877961677/silin_h3_thumbnail.jpg', 'small_url': 'https://images4-g.ravelrycache.com/uploads/tetilutsak/877961677/silin_h3_small_best_fit.jpg', 'flickr_url': None, 'shelved_url': 'https://images4-g.ravelrycache.com/uploads/tetilutsak/877961677/silin_h3_shelved.jpg', 'medium2_url': 'https://images4-a.ravelrycache.com/uploads/tetilutsak/877961677/silin_h3_medium2.jpg', 'small2_url': 'https://images4-f.ravelrycache.com/uploads/tetilutsak/877961677/silin_h3_small2.jpg', 'caption': None, 'caption_html': None, 'copyright_holder': None}, {'id': 115647147, 'sort_order': 15, 'user_id': 3950918, 'x_offset': 0, 'y_offset': -43, 'square_url': 'https://images4-f.ravelrycache.com/uploads/tetilutsak/877944180/IMG_2145_square.JPG', 'medium_url': 'https://images4-g.ravelrycache.com/uploads/tetilutsak/877944180/IMG_2145_medium.JPG', 'thumbnail_url': 'https://images4-g.ravelrycache.com/uploads/tetilutsak/877944180/IMG_2145_thumbnail.JPG', 'small_url': 'https://images4-g.ravelrycache.com/uploads/tetilutsak/877944180/IMG_2145_small_best_fit.JPG', 'flickr_url': None, 'shelved_url': 'https://images4-g.ravelrycache.com/uploads/tetilutsak/877944180/IMG_2145_shelved.JPG', 'medium2_url': 'https://images4-a.ravelrycache.com/uploads/tetilutsak/877944180/IMG_2145_medium2.JPG', 'small2_url': 'https://images4-f.ravelrycache.com/uploads/tetilutsak/877944180/IMG_2145_small2.JPG', 'caption': None, 'caption_html': None, 'copyright_holder': None}, {'id': 115647150, 'sort_order': 16, 'user_id': 3950918, 'x_offset': -3, 'y_offset': -14, 'square_url': 'https://images4-g.ravelrycache.com/uploads/tetilutsak/877953483/IMG_2128_square.JPG', 'medium_url': 'https://images4-f.ravelrycache.com/uploads/tetilutsak/877953483/IMG_2128_medium.JPG', 'thumbnail_url': 'https://images4-f.ravelrycache.com/uploads/tetilutsak/877953483/IMG_2128_thumbnail.JPG', 'small_url': 'https://images4-g.ravelrycache.com/uploads/tetilutsak/877953483/IMG_2128_small_best_fit.JPG', 'flickr_url': None, 'shelved_url': 'https://images4-g.ravelrycache.com/uploads/tetilutsak/877953483/IMG_2128_shelved.JPG', 'medium2_url': 'https://images4-a.ravelrycache.com/uploads/tetilutsak/877953483/IMG_2128_medium2.JPG', 'small2_url': 'https://images4-g.ravelrycache.com/uploads/tetilutsak/877953483/IMG_2128_small2.JPG', 'caption': None, 'caption_html': None, 'copyright_holder': None}, {'id': 115647151, 'sort_order': 17, 'user_id': 3950918, 'x_offset': 1, 'y_offset': -39, 'square_url': 'https://images4-g.ravelrycache.com/uploads/tetilutsak/877953847/IMG_2103_square.JPG', 'medium_url': 'https://images4-f.ravelrycache.com/uploads/tetilutsak/877953847/IMG_2103_medium.JPG', 'thumbnail_url': 'https://images4-f.ravelrycache.com/uploads/tetilutsak/877953847/IMG_2103_thumbnail.JPG', 'small_url': 'https://images4-f.ravelrycache.com/uploads/tetilutsak/877953847/IMG_2103_small_best_fit.JPG', 'flickr_url': None, 'shelved_url': 'https://images4-f.ravelrycache.com/uploads/tetilutsak/877953847/IMG_2103_shelved.JPG', 'medium2_url': 'https://images4-a.ravelrycache.com/uploads/tetilutsak/877953847/IMG_2103_medium2.JPG', 'small2_url': 'https://images4-g.ravelrycache.com/uploads/tetilutsak/877953847/IMG_2103_small2.JPG', 'caption': None, 'caption_html': None, 'copyright_holder': None}]"
Pohjantähden nähden,Susanne Peränen,1274604,https://www.ravelry.com/patterns/library/pohjantahden-nahden,True,https://images4-a.ravelrycache.com/uploads/Raglana/878032527/upload_medium2,Knitting,"['stranded', 'bottom-up', 'chart', 'in-the-round', 'circular-yoke']",19.0,0.0,True,4.0,stockinette stitch,pullover,Aran,3,0.0,XS (S) M (L) XL (XXL),"[{'id': 115656788, 'sort_order': 1, 'user_id': 27384, 'x_offset': 0, 'y_offset': -43, 'square_url': 'https://images4-f.ravelrycache.com/uploads/Raglana/878032527/upload_square', 'medium_url': 'https://images4-g.ravelrycache.com/uploads/Raglana/878032527/upload_medium', 'thumbnail_url': 'https://images4-f.ravelrycache.com/uploads/Raglana/878032527/upload_thumbnail', 'small_url': 'https://images4-f.ravelrycache.com/uploads/Raglana/878032527/upload_small_best_fit', 'flickr_url': None, 'shelved_url': 'https://images4-f.ravelrycache.com/uploads/Raglana/878032527/upload_shelved', 'medium2_url': 'https://images4-a.ravelrycache.com/uploads/Raglana/878032527/upload_medium2', 'small2_url': 'https://images4-f.ravelrycache.com/uploads/Raglana/878032527/upload_small2', 'caption': None, 'caption_html': None, 'copyright_holder': 'Novita'}, {'id': 115656789, 'sort_order': 2, 'user_id': 27384, 'x_offset': 0, 'y_offset': 0, 'square_url': 'https://images4-g.ravelrycache.com/uploads/Raglana/878032560/upload_square', 'medium_url': 'https://images4-f.ravelrycache.com/uploads/Raglana/878032560/upload_medium', 'thumbnail_url': 'https://images4-g.ravelrycache.com/uploads/Raglana/878032560/upload_thumbnail', 'small_url': 'https://images4-g.ravelrycache.com/uploads/Raglana/878032560/upload_small_best_fit', 'flickr_url': None, 'shelved_url': 'https://images4-g.ravelrycache.com/uploads/Raglana/878032560/upload_shelved', 'medium2_url': 'https://images4-a.ravelrycache.com/uploads/Raglana/878032560/upload_medium2', 'small2_url': 'https://images4-g.ravelrycache.com/uploads/Raglana/878032560/upload_small2', 'caption': None, 'caption_html': None, 'copyright_holder': 'Novita'}]"
Super Simple Sweater,Lizzie Shriner,1274705,https://www.ravelry.com/patterns/library/super-simple-sweater,False,https://images4-a.ravelrycache.com/uploads/WickfordShop/878096379/1279B8CA-E83B-4F63-A4A0-4D00871D5F75_medium2.jpeg,Knitting,"['adult', 'seamed', 'bottom-up', 'worked-flat']",16.0,0.0,True,4.0,stockinette,pullover,DK,7,0.0,"36"", 40"", 44"", 48"", 52"", 56""","[{'id': 115664766, 'sort_order': 1, 'user_id': 1501167, 'x_offset': -5, 'y_offset': -35, 'square_url': 'https://images4-g.ravelrycache.com/uploads/WickfordShop/878096379/1279B8CA-E83B-4F63-A4A0-4D00871D5F75_square.jpeg', 'medium_url': 'https://images4-g.ravelrycache.com/uploads/WickfordShop/878096379/1279B8CA-E83B-4F63-A4A0-4D00871D5F75_medium.jpeg', 'thumbnail_url': 'https://images4-f.ravelrycache.com/uploads/WickfordShop/878096379/1279B8CA-E83B-4F63-A4A0-4D00871D5F75_thumbnail.jpeg', 'small_url': 'https://images4-g.ravelrycache.com/uploads/WickfordShop/878096379/1279B8CA-E83B-4F63-A4A0-4D00871D5F75_small.jpeg', 'flickr_url': None, 'shelved_url': 'https://images4-f.ravelrycache.com/uploads/WickfordShop/878096379/1279B8CA-E83B-4F63-A4A0-4D00871D5F75_shelved.jpeg', 'medium2_url': 'https://images4-a.ravelrycache.com/uploads/WickfordShop/878096379/1279B8CA-E83B-4F63-A4A0-4D00871D5F75_medium2.jpeg', 'small2_url': 'https://images4-f.ravelrycache.com/uploads/WickfordShop/878096379/1279B8CA-E83B-4F63-A4A0-4D00871D5F75_small2.jpeg', 'caption': None, 'caption_html': None, 'copyright_holder': None}, {'id': 124953969, 'sort_order': 2, 'user_id': 10754830, 'x_offset': 1, 'y_offset': -47, 'square_url': 'https://images4-g.ravelrycache.com/uploads/microbialbird/934577747/20230715_182221_square.jpg', 'medium_url': 'https://images4-f.ravelrycache.com/uploads/microbialbird/934577747/20230715_182221_medium.jpg', 'thumbnail_url': 'https://images4-f.ravelrycache.com/uploads/microbialbird/934577747/20230715_182221_thumbnail.jpg', 'small_url': 'https://images4-g.ravelrycache.com/uploads/microbialbird/934577747/20230715_182221_small_best_fit.jpg', 'flickr_url': None, 'shelved_url': 'https://images4-g.ravelrycache.com/uploads/microbialbird/934577747/20230715_182221_shelved.jpg', 'medium2_url': 'https://images4-a.ravelrycache.com/uploads/microbialbird/934577747/20230715_182221_medium2.jpg', 'small2_url': 'https://images4-g.ravelrycache.com/uploads/microbialbird/934577747/20230715_182221_small2.jpg', 'caption': None, 'caption_html': None, 'copyright_holder': None}, {'id': 115664767, 'sort_order': 3, 'user_id': 1501167, 'x_offset': -5, 'y_offset': -35, 'square_url': 'https://images4-g.ravelrycache.com/uploads/WickfordShop/878096380/D883BDE5-6306-4D46-8216-D9DA97D8564D_square.jpeg', 'medium_url': 'https://images4-g.ravelrycache.com/uploads/WickfordShop/878096380/D883BDE5-6306-4D46-8216-D9DA97D8564D_medium.jpeg', 'thumbnail_url': 'https://images4-f.ravelrycache.com/uploads/WickfordShop/878096380/D883BDE5-6306-4D46-8216-D9DA97D8564D_thumbnail.jpeg', 'small_url': 'https://images4-f.ravelrycache.com/uploads/WickfordShop/878096380/D883BDE5-6306-4D46-8216-D9DA97D8564D_small.jpeg', 'flickr_url': None, 'shelved_url': 'https://images4-f.ravelrycache.com/uploads/WickfordShop/878096380/D883BDE5-6306-4D46-8216-D9DA97D8564D_shelved.jpeg', 'medium2_url': 'https://images4-a.ravelrycache.com/uploads/WickfordShop/878096380/D883BDE5-6306-4D46-8216-D9DA97D8564D_medium2.jpeg', 'small2_url': 'https://images4-f.ravelrycache.com/uploads/WickfordShop/878096380/D883BDE5-6306-4D46-8216-D9DA97D8564D_small2.jpeg', 'caption': None, 'caption_html': None, 'copyright_holder': None}, {'id': 115664768, 'sort_order': 4, 'user_id': 1501167, 'x_offset': -5, 'y_offset': -35, 'square_url': 'https://images4-f.ravelrycache.com/uploads/WickfordShop/878096386/EBF69C74-08CE-4D19-B586-56F90B6130D4_square.jpeg', 'medium_url': 'https://images4-f.ravelrycache.com/uploads/WickfordShop/878096386/EBF69C74-08CE-4D19-B586-56F90B6130D4_medium.jpeg', 'thumbnail_url': 'https://images4-f.ravelrycache.com/uploads/WickfordShop/878096386/EBF69C74-08CE-4D19-B586-56F90B6130D4_thumbnail.jpeg', 'small_url': 'https://images4-g.ravelrycache.com/uploads/WickfordShop/878096386/EBF69C74-08CE-4D19-B586-56F90B6130D4_small.jpeg', 'flickr_url': None, 'shelved_url': 'https://images4-g.ravelrycache.com/uploads/WickfordShop/878096386/EBF69C74-08CE-4D19-B586-56F90B6130D4_shelved.jpeg', 'medium2_url': 'https://images4-a.ravelrycache.com/uploads/WickfordShop/878096386/EBF69C74-08CE-4D19-B586-56F90B6130D4_medium2.jpeg', 'small2_url': 'https://images4-g.ravelrycache.com/uploads/WickfordShop/878096386/EBF69C74-08CE-4D19-B586-56F90B6130D4_small2.jpeg', 'caption': None, 'caption_html': None, 'copyright_holder': None}, {'id': 115664769, 'sort_order': 5, 'user_id': 1501167, 'x_offset': -5, 'y_offset': -35, 'square_url': 'https://images4-f.ravelrycache.com/uploads/WickfordShop/878096382/E3EBE280-2851-4604-B2E4-72A06FCA09AF_square.jpeg', 'medium_url': 'https://images4-f.ravelrycache.com/uploads/WickfordShop/878096382/E3EBE280-2851-4604-B2E4-72A06FCA09AF_medium.jpeg', 'thumbnail_url': 'https://images4-f.ravelrycache.com/uploads/WickfordShop/878096382/E3EBE280-2851-4604-B2E4-72A06FCA09AF_thumbnail.jpeg', 'small_url': 'https://images4-f.ravelrycache.com/uploads/WickfordShop/878096382/E3EBE280-2851-4604-B2E4-72A06FCA09AF_small.jpeg', 'flickr_url': None, 'shelved_url': 'https://images4-g.ravelrycache.com/uploads/WickfordShop/878096382/E3EBE280-2851-4604-B2E4-72A06FCA09AF_shelved.jpeg', 'medium2_url': 'https://images4-a.ravelrycache.com/uploads/WickfordShop/878096382/E3EBE280-2851-4604-B2E4-72A06FCA09AF_medium2.jpeg', 'small2_url': 'https://images4-g.ravelrycache.com/uploads/WickfordShop/878096382/E3EBE280-2851-4604-B2E4-72A06FCA09AF_small2.jpeg', 'caption': None, 'caption_html': None, 'copyright_holder': None}, {'id': 115664770, 'sort_order': 6, 'user_id': 1501167, 'x_offset': -5, 'y_offset': -35, 'square_url': 'https://images4-f.ravelrycache.com/uploads/WickfordShop/878096385/DF5A8B7B-E9AA-4115-9F75-DD5CE5D4CABB_square.jpeg', 'medium_url': 'https://images4-f.ravelrycache.com/uploads/WickfordShop/878096385/DF5A8B7B-E9AA-4115-9F75-DD5CE5D4CABB_medium.jpeg', 'thumbnail_url': 'https://images4-g.ravelrycache.com/uploads/WickfordShop/878096385/DF5A8B7B-E9AA-4115-9F75-DD5CE5D4CABB_thumbnail.jpeg', 'small_url': 'https://images4-f.ravelrycache.com/uploads/WickfordShop/878096385/DF5A8B7B-E9AA-4115-9F75-DD5CE5D4CABB_small.jpeg', 'flickr_url': None, 'shelved_url': 'https://images4-f.ravelrycache.com/uploads/WickfordShop/878096385/DF5A8B7B-E9AA-4115-9F75-DD5CE5D4CABB_shelved.jpeg', 'medium2_url': 'https://images4-a.ravelrycache.com/uploads/WickfordShop/878096385/DF5A8B7B-E9AA-4115-9F75-DD5CE5D4CABB_medium2.jpeg', 'small2_url': 'https://images4-g.ravelrycache.com/uploads/WickfordShop/878096385/DF5A8B7B-E9AA-4115-9F75-DD5CE5D4CABB_small2.jpeg', 'caption': None, 'caption_html': None, 'copyright_holder': None}]"
Do The Math Sweater,Brie Miklaucic,1274735,https://www.ravelry.com/patterns/library/do-the-math-sweater,False,https://images4-a.ravelrycache.com/uploads/LemonSqueezyKnits/873705546/IMG_2217_medium2.JPG,Knitting,"['female', 'child', 'teen', 'adult', 'oversized', 'ribbed', 'bottom-up', 'positive-ease', 'in-the-round']",7.0,0.0,True,4.0,,child,Super Bulky,8,0.0,XXS - 5XL and a 100% customizable section to make any size,"[{'id': 115667884, 'sort_order': 1, 'user_id': 10573969, 'x_offset': -5, 'y_offset': -35, 'square_url': 'https://images4-g.ravelrycache.com/uploads/LemonSqueezyKnits/873705546/IMG_2217_square.JPG', 'medium_url': 'https://images4-f.ravelrycache.com/uploads/LemonSqueezyKnits/873705546/IMG_2217_medium.JPG', 'thumbnail_url': 'https://images4-g.ravelrycache.com/uploads/LemonSqueezyKnits/873705546/IMG_2217_thumbnail.JPG', 'small_url': 'https://images4-g.ravelrycache.com/uploads/LemonSqueezyKnits/873705546/IMG_2217_small.JPG', 'flickr_url': None, 'shelved_url': 'https://images4-f.ravelrycache.com/uploads/LemonSqueezyKnits/873705546/IMG_2217_shelved.JPG', 'medium2_url': 'https://images4-a.ravelrycache.com/uploads/LemonSqueezyKnits/873705546/IMG_2217_medium2.JPG', 'small2_url': 'https://images4-g.ravelrycache.com/uploads/LemonSqueezyKnits/873705546/IMG_2217_small2.JPG', 'caption': None, 'caption_html': None, 'copyright_holder': None}, {'id': 115667885, 'sort_order': 2, 'user_id': 10573969, 'x_offset': 0, 'y_offset': -48, 'square_url': 'https://images4-f.ravelrycache.com/uploads/LemonSqueezyKnits/873705537/IMG_2235_square.JPG', 'medium_url': 'https://images4-g.ravelrycache.com/uploads/LemonSqueezyKnits/873705537/IMG_2235_medium.JPG', 'thumbnail_url': 'https://images4-f.ravelrycache.com/uploads/LemonSqueezyKnits/873705537/IMG_2235_thumbnail.JPG', 'small_url': 'https://images4-g.ravelrycache.com/uploads/LemonSqueezyKnits/873705537/IMG_2235_small_best_fit.JPG', 'flickr_url': None, 'shelved_url': 'https://images4-f.ravelrycache.com/uploads/LemonSqueezyKnits/873705537/IMG_2235_shelved.JPG', 'medium2_url': 'https://images4-a.ravelrycache.com/uploads/LemonSqueezyKnits/873705537/IMG_2235_medium2.JPG', 'small2_url': 'https://images4-f.ravelrycache.com/uploads/LemonSqueezyKnits/873705537/IMG_2235_small2.JPG', 'caption': None, 'caption_html': None, 'copyright_holder': None}, {'id': 115667886, 'sort_order': 3, 'user_id': 10573969, 'x_offset': 0, 'y_offset': -9, 'square_url': 'https://images4-f.ravelrycache.com/uploads/LemonSqueezyKnits/873705547/IMG_2134_square.JPG', 'medium_url': 'https://images4-g.ravelrycache.com/uploads/LemonSqueezyKnits/873705547/IMG_2134_medium.JPG', 'thumbnail_url': 'https://images4-f.ravelrycache.com/uploads/LemonSqueezyKnits/873705547/IMG_2134_thumbnail.JPG', 'small_url': 'https://images4-f.ravelrycache.com/uploads/LemonSqueezyKnits/873705547/IMG_2134_small_best_fit.JPG', 'flickr_url': None, 'shelved_url': 'https://images4-g.ravelrycache.com/uploads/LemonSqueezyKnits/873705547/IMG_2134_shelved.JPG', 'medium2_url': 'https://images4-a.ravelrycache.com/uploads/LemonSqueezyKnits/873705547/IMG_2134_medium2.JPG', 'small2_url': 'https://images4-f.ravelrycache.com/uploads/LemonSqueezyKnits/873705547/IMG_2134_small2.JPG', 'caption': None, 'caption_html': None, 'copyright_holder': None}, {'id': 115667887, 'sort_order': 4, 'user_id': 10573969, 'x_offset': 0, 'y_offset': -22, 'square_url': 'https://images4-f.ravelrycache.com/uploads/LemonSqueezyKnits/878121146/woollybeekiwi_square.jpeg', 'medium_url': 'https://images4-f.ravelrycache.com/uploads/LemonSqueezyKnits/878121146/woollybeekiwi_medium.jpeg', 'thumbnail_url': 'https://images4-f.ravelrycache.com/uploads/LemonSqueezyKnits/878121146/woollybeekiwi_thumbnail.jpeg', 'small_url': 'https://images4-g.ravelrycache.com/uploads/LemonSqueezyKnits/878121146/woollybeekiwi_small_best_fit.jpeg', 'flickr_url': None, 'shelved_url': 'https://images4-f.ravelrycache.com/uploads/LemonSqueezyKnits/878121146/woollybeekiwi_shelved.jpeg', 'medium2_url': 'https://images4-a.ravelrycache.com/uploads/LemonSqueezyKnits/878121146/woollybeekiwi_medium2.jpeg', 'small2_url': 'https://images4-g.ravelrycache.com/uploads/LemonSqueezyKnits/878121146/woollybeekiwi_small2.jpeg', 'caption': 'Test knit by @wollybeekiwi', 'caption_html': 'Test knit by @wollybeekiwi', 'copyright_holder': ''}, {'id': 115667888, 'sort_order': 5, 'user_id': 10573969, 'x_offset': -1, 'y_offset': -22, 'square_url': 'https://images4-f.ravelrycache.com/uploads/LemonSqueezyKnits/878121147/suzanne.vero.vh_square.JPG', 'medium_url': 'https://images4-g.ravelrycache.com/uploads/LemonSqueezyKnits/878121147/suzanne.vero.vh_medium.JPG', 'thumbnail_url': 'https://images4-f.ravelrycache.com/uploads/LemonSqueezyKnits/878121147/suzanne.vero.vh_thumbnail.JPG', 'small_url': 'https://images4-f.ravelrycache.com/uploads/LemonSqueezyKnits/878121147/suzanne.vero.vh_small_best_fit.JPG', 'flickr_url': None, 'shelved_url': 'https://images4-g.ravelrycache.com/uploads/LemonSqueezyKnits/878121147/suzanne.vero.vh_shelved.JPG', 'medium2_url': 'https://images4-a.ravelrycache.com/uploads/LemonSqueezyKnits/878121147/suzanne.vero.vh_medium2.JPG', 'small2_url': 'https://images4-f.ravelrycache.com/uploads/LemonSqueezyKnits/878121147/suzanne.vero.vh_small2.JPG', 'caption': 'Test knit by @suzanne.vero.vh', 'caption_html': 'Test knit by @suzanne.vero.vh', 'copyright_holder': ''}, {'id': 115667889, 'sort_order': 6, 'user_id': 10573969, 'x_offset': 0, 'y_offset': 0, 'square_url': 'https://images4-f.ravelrycache.com/uploads/LemonSqueezyKnits/878121149/lucy.loops.endlessly_square.jpg', 'medium_url': 'https://images4-g.ravelrycache.com/uploads/LemonSqueezyKnits/878121149/lucy.loops.endlessly_medium.jpg', 'thumbnail_url': 'https://images4-g.ravelrycache.com/uploads/LemonSqueezyKnits/878121149/lucy.loops.endlessly_thumbnail.jpg', 'small_url': 'https://images4-f.ravelrycache.com/uploads/LemonSqueezyKnits/878121149/lucy.loops.endlessly_small_best_fit.jpg', 'flickr_url': None, 'shelved_url': 'https://images4-f.ravelrycache.com/uploads/LemonSqueezyKnits/878121149/lucy.loops.endlessly_shelved.jpg', 'medium2_url': 'https://images4-a.ravelrycache.com/uploads/LemonSqueezyKnits/878121149/lucy.loops.endlessly_medium2.jpg', 'small2_url': 'https://images4-f.ravelrycache.com/uploads/LemonSqueezyKnits/878121149/lucy.loops.endlessly_small2.jpg', 'caption': 'Test knit by @lucy.loops.endlessly', 'caption_html': 'Test knit by @lucy.loops.endlessly', 'copyright_holder': ''}, {'id': 115667890, 'sort_order': 7, 'user_id': 10573969, 'x_offset': -5, 'y_offset': -35, 'square_url': 'https://images4-f.ravelrycache.com/uploads/LemonSqueezyKnits/878121166/slp.slp.knit_square.jpeg', 'medium_url': 'https://images4-f.ravelrycache.com/uploads/LemonSqueezyKnits/878121166/slp.slp.knit_medium.jpeg', 'thumbnail_url': 'https://images4-g.ravelrycache.com/uploads/LemonSqueezyKnits/878121166/slp.slp.knit_thumbnail.jpeg', 'small_url': 'https://images4-g.ravelrycache.com/uploads/LemonSqueezyKnits/878121166/slp.slp.knit_small.jpeg', 'flickr_url': None, 'shelved_url': 'https://images4-f.ravelrycache.com/uploads/LemonSqueezyKnits/878121166/slp.slp.knit_shelved.jpeg', 'medium2_url': 'https://images4-a.ravelrycache.com/uploads/LemonSqueezyKnits/878121166/slp.slp.knit_medium2.jpeg', 'small2_url': 'https://images4-g.ravelrycache.com/uploads/LemonSqueezyKnits/878121166/slp.slp.knit_small2.jpeg', 'caption': 'Test knit by @slp.slp.knit', 'caption_html': 'Test knit by @slp.slp.knit', 'copyright_holder': ''}, {'id': 115667891, 'sort_order': 8, 'user_id': 10573969, 'x_offset': 0, 'y_offset': -22, 'square_url': 'https://images4-g.ravelrycache.com/uploads/LemonSqueezyKnits/878121159/yikes_yarn_square.jpeg', 'medium_url': 'https://images4-g.ravelrycache.com/uploads/LemonSqueezyKnits/878121159/yikes_yarn_medium.jpeg', 'thumbnail_url': 'https://images4-g.ravelrycache.com/uploads/LemonSqueezyKnits/878121159/yikes_yarn_thumbnail.jpeg', 'small_url': 'https://images4-g.ravelrycache.com/uploads/LemonSqueezyKnits/878121159/yikes_yarn_small_best_fit.jpeg', 'flickr_url': None, 'shelved_url': 'https://images4-f.ravelrycache.com/uploads/LemonSqueezyKnits/878121159/yikes_yarn_shelved.jpeg', 'medium2_url': 'https://images4-a.ravelrycache.com/uploads/LemonSqueezyKnits/878121159/yikes_yarn_medium2.jpeg', 'small2_url': 'https://images4-f.ravelrycache.com/uploads/LemonSqueezyKnits/878121159/yikes_yarn_small2.jpeg', 'caption': 'Test knit by @yikes_yarn', 'caption_html': 'Test knit by @yikes_yarn', 'copyright_holder': ''}, {'id': 115667892, 'sort_order': 9, 'user_id': 10573969, 'x_offset': -5, 'y_offset': -35, 'square_url': 'https://images4-g.ravelrycache.com/uploads/LemonSqueezyKnits/878121148/MeaveMcMahon_square.jpeg', 'medium_url': 'https://images4-g.ravelrycache.com/uploads/LemonSqueezyKnits/878121148/MeaveMcMahon_medium.jpeg', 'thumbnail_url': 'https://images4-f.ravelrycache.com/uploads/LemonSqueezyKnits/878121148/MeaveMcMahon_thumbnail.jpeg', 'small_url': 'https://images4-f.ravelrycache.com/uploads/LemonSqueezyKnits/878121148/MeaveMcMahon_small.jpeg', 'flickr_url': None, 'shelved_url': 'https://images4-g.ravelrycache.com/uploads/LemonSqueezyKnits/878121148/MeaveMcMahon_shelved.jpeg', 'medium2_url': 'https://images4-a.ravelrycache.com/uploads/LemonSqueezyKnits/878121148/MeaveMcMahon_medium2.jpeg', 'small2_url': 'https://images4-f.ravelrycache.com/uploads/LemonSqueezyKnits/878121148/MeaveMcMahon_small2.jpeg', 'caption': 'Test knit by @mcmahonmaeve', 'caption_html': 'Test knit by @mcmahonmaeve', 'copyright_holder': ''}, {'id': 115667893, 'sort_order': 10, 'user_id': 10573969, 'x_offset': 0, 'y_offset': -18, 'square_url': 'https://images4-f.ravelrycache.com/uploads/LemonSqueezyKnits/878121155/knitting.jenna_square.JPG', 'medium_url': 'https://images4-g.ravelrycache.com/uploads/LemonSqueezyKnits/878121155/knitting.jenna_medium.JPG', 'thumbnail_url': 'https://images4-g.ravelrycache.com/uploads/LemonSqueezyKnits/878121155/knitting.jenna_thumbnail.JPG', 'small_url': 'https://images4-f.ravelrycache.com/uploads/LemonSqueezyKnits/878121155/knitting.jenna_small_best_fit.JPG', 'flickr_url': None, 'shelved_url': 'https://images4-g.ravelrycache.com/uploads/LemonSqueezyKnits/878121155/knitting.jenna_shelved.JPG', 'medium2_url': 'https://images4-a.ravelrycache.com/uploads/LemonSqueezyKnits/878121155/knitting.jenna_medium2.JPG', 'small2_url': 'https://images4-f.ravelrycache.com/uploads/LemonSqueezyKnits/878121155/knitting.jenna_small2.JPG', 'caption': 'Test knit by @knitting.jenna', 'caption_html': 'Test knit by @knitting.jenna', 'copyright_holder': ''}, {'id': 115667894, 'sort_order': 11, 'user_id': 10573969, 'x_offset': -35, 'y_offset': -5, 'square_url': 'https://images4-f.ravelrycache.com/uploads/LemonSqueezyKnits/878121152/cindysue1017_square.jpg', 'medium_url': 'https://images4-g.ravelrycache.com/uploads/LemonSqueezyKnits/878121152/cindysue1017_medium.jpg', 'thumbnail_url': 'https://images4-f.ravelrycache.com/uploads/LemonSqueezyKnits/878121152/cindysue1017_thumbnail.jpg', 'small_url': 'https://images4-g.ravelrycache.com/uploads/LemonSqueezyKnits/878121152/cindysue1017_small.jpg', 'flickr_url': None, 'shelved_url': 'https://images4-f.ravelrycache.com/uploads/LemonSqueezyKnits/878121152/cindysue1017_shelved.jpg', 'medium2_url': 'https://images4-a.ravelrycache.com/uploads/LemonSqueezyKnits/878121152/cindysue1017_medium2.jpg', 'small2_url': 'https://images4-f.ravelrycache.com/uploads/LemonSqueezyKnits/878121152/cindysue1017_small2.jpg', 'caption': 'Test knit by @cindysue1017', 'caption_html': 'Test knit by @cindysue1017', 'copyright_holder': ''}]"
Pull Douro,Sarah Bleau Design,1274869,https://www.ravelry.com/patterns/library/pull-douro,False,https://images4-a.ravelrycache.com/uploads/Sarahbleau/875195545/received_1680258555690688_medium2.jpeg,Knitting,"['unisex', 'ribbed', 'textured', 'sleeves', '3-4-sleeve', 'straight', 'short-rows', 'top-down', 'positive-ease', 'written-pattern', 'worked-flat', 'in-the-round', 'lace-edging', 'twisted-stitches']",19.0,3.0,True,4.0,stockinette,pullover,DK,23,5.0,,"[{'id': 115679241, 'sort_order': 1, 'user_id': 5808801, 'x_offset': -6, 'y_offset': -35, 'square_url': 'https://images4-g.ravelrycache.com/uploads/Sarahbleau/875195545/received_1680258555690688_square.jpeg', 'medium_url': 'https://images4-g.ravelrycache.com/uploads/Sarahbleau/875195545/received_1680258555690688_medium.jpeg', 'thumbnail_url': 'https://images4-g.ravelrycache.com/uploads/Sarahbleau/875195545/received_1680258555690688_thumbnail.jpeg', 'small_url': 'https://images4-f.ravelrycache.com/uploads/Sarahbleau/875195545/received_1680258555690688_small.jpeg', 'flickr_url': None, 'shelved_url': 'https://images4-f.ravelrycache.com/uploads/Sarahbleau/875195545/received_1680258555690688_shelved.jpeg', 'medium2_url': 'https://images4-a.ravelrycache.com/uploads/Sarahbleau/875195545/received_1680258555690688_medium2.jpeg', 'small2_url': 'https://images4-f.ravelrycache.com/uploads/Sarahbleau/875195545/received_1680258555690688_small2.jpeg', 'caption': None, 'caption_html': None, 'copyright_holder': None}, {'id': 115679242, 'sort_order': 2, 'user_id': 5808801, 'x_offset': -35, 'y_offset': -5, 'square_url': 'https://images4-f.ravelrycache.com/uploads/Sarahbleau/875196558/received_603833597945232_square.jpeg', 'medium_url': 'https://images4-f.ravelrycache.com/uploads/Sarahbleau/875196558/received_603833597945232_medium.jpeg', 'thumbnail_url': 'https://images4-g.ravelrycache.com/uploads/Sarahbleau/875196558/received_603833597945232_thumbnail.jpeg', 'small_url': 'https://images4-f.ravelrycache.com/uploads/Sarahbleau/875196558/received_603833597945232_small.jpeg', 'flickr_url': None, 'shelved_url': 'https://images4-f.ravelrycache.com/uploads/Sarahbleau/875196558/received_603833597945232_shelved.jpeg', 'medium2_url': 'https://images4-a.ravelrycache.com/uploads/Sarahbleau/875196558/received_603833597945232_medium2.jpeg', 'small2_url': 'https://images4-g.ravelrycache.com/uploads/Sarahbleau/875196558/received_603833597945232_small2.jpeg', 'caption': None, 'caption_html': None, 'copyright_holder': None}, {'id': 115679243, 'sort_order': 3, 'user_id': 5808801, 'x_offset': -35, 'y_offset': -5, 'square_url': 'https://images4-f.ravelrycache.com/uploads/Sarahbleau/875195543/received_791857788632927_square.jpeg', 'medium_url': 'https://images4-f.ravelrycache.com/uploads/Sarahbleau/875195543/received_791857788632927_medium.jpeg', 'thumbnail_url': 'https://images4-f.ravelrycache.com/uploads/Sarahbleau/875195543/received_791857788632927_thumbnail.jpeg', 'small_url': 'https://images4-f.ravelrycache.com/uploads/Sarahbleau/875195543/received_791857788632927_small.jpeg', 'flickr_url': None, 'shelved_url': 'https://images4-f.ravelrycache.com/uploads/Sarahbleau/875195543/received_791857788632927_shelved.jpeg', 'medium2_url': 'https://images4-a.ravelrycache.com/uploads/Sarahbleau/875195543/received_791857788632927_medium2.jpeg', 'small2_url': 'https://images4-g.ravelrycache.com/uploads/Sarahbleau/875195543/received_791857788632927_small2.jpeg', 'caption': None, 'caption_html': None, 'copyright_holder': None}, {'id': 115679244, 'sort_order': 4, 'user_id': 5808801, 'x_offset': -35, 'y_offset': -5, 'square_url': 'https://images4-f.ravelrycache.com/uploads/Sarahbleau/875195547/received_816671576010865_square.jpeg', 'medium_url': 'https://images4-f.ravelrycache.com/uploads/Sarahbleau/875195547/received_816671576010865_medium.jpeg', 'thumbnail_url': 'https://images4-f.ravelrycache.com/uploads/Sarahbleau/875195547/received_816671576010865_thumbnail.jpeg', 'small_url': 'https://images4-g.ravelrycache.com/uploads/Sarahbleau/875195547/received_816671576010865_small.jpeg', 'flickr_url': None, 'shelved_url': 'https://images4-f.ravelrycache.com/uploads/Sarahbleau/875195547/received_816671576010865_shelved.jpeg', 'medium2_url': 'https://images4-a.ravelrycache.com/uploads/Sarahbleau/875195547/received_816671576010865_medium2.jpeg', 'small2_url': 'https://images4-g.ravelrycache.com/uploads/Sarahbleau/875195547/received_816671576010865_small2.jpeg', 'caption': None, 'caption_html': None, 'copyright_holder': None}, {'id': 115679245, 'sort_order': 5, 'user_id': 5808801, 'x_offset': -35, 'y_offset': -5, 'square_url': 'https://images4-g.ravelrycache.com/uploads/Sarahbleau/875195548/received_492670816203587_square.jpeg', 'medium_url': 'https://images4-g.ravelrycache.com/uploads/Sarahbleau/875195548/received_492670816203587_medium.jpeg', 'thumbnail_url': 'https://images4-g.ravelrycache.com/uploads/Sarahbleau/875195548/received_492670816203587_thumbnail.jpeg', 'small_url': 'https://images4-g.ravelrycache.com/uploads/Sarahbleau/875195548/received_492670816203587_small.jpeg', 'flickr_url': None, 'shelved_url': 'https://images4-g.ravelrycache.com/uploads/Sarahbleau/875195548/received_492670816203587_shelved.jpeg', 'medium2_url': 'https://images4-a.ravelrycache.com/uploads/Sarahbleau/875195548/received_492670816203587_medium2.jpeg', 'small2_url': 'https://images4-f.ravelrycache.com/uploads/Sarahbleau/875195548/received_492670816203587_small2.jpeg', 'caption': None, 'caption_html': None, 'copyright_holder': None}, {'id': 115679246, 'sort_order': 6, 'user_id': 5808801, 'x_offset': -35, 'y_offset': -5, 'square_url': 'https://images4-f.ravelrycache.com/uploads/Sarahbleau/875195544/received_808299126874206_square.jpeg', 'medium_url': 'https://images4-f.ravelrycache.com/uploads/Sarahbleau/875195544/received_808299126874206_medium.jpeg', 'thumbnail_url': 'https://images4-f.ravelrycache.com/uploads/Sarahbleau/875195544/received_808299126874206_thumbnail.jpeg', 'small_url': 'https://images4-f.ravelrycache.com/uploads/Sarahbleau/875195544/received_808299126874206_small.jpeg', 'flickr_url': None, 'shelved_url': 'https://images4-f.ravelrycache.com/uploads/Sarahbleau/875195544/received_808299126874206_shelved.jpeg', 'medium2_url': 'https://images4-a.ravelrycache.com/uploads/Sarahbleau/875195544/received_808299126874206_medium2.jpeg', 'small2_url': 'https://images4-g.ravelrycache.com/uploads/Sarahbleau/875195544/received_808299126874206_small2.jpeg', 'caption': None, 'caption_html': None, 'copyright_holder': None}, {'id': 115679247, 'sort_order': 7, 'user_id': 5808801, 'x_offset': -35, 'y_offset': -5, 'square_url': 'https://images4-g.ravelrycache.com/uploads/Sarahbleau/875195542/received_606274664423201_square.jpeg', 'medium_url': 'https://images4-g.ravelrycache.com/uploads/Sarahbleau/875195542/received_606274664423201_medium.jpeg', 'thumbnail_url': 'https://images4-g.ravelrycache.com/uploads/Sarahbleau/875195542/received_606274664423201_thumbnail.jpeg', 'small_url': 'https://images4-f.ravelrycache.com/uploads/Sarahbleau/875195542/received_606274664423201_small.jpeg', 'flickr_url': None, 'shelved_url': 'https://images4-f.ravelrycache.com/uploads/Sarahbleau/875195542/received_606274664423201_shelved.jpeg', 'medium2_url': 'https://images4-a.ravelrycache.com/uploads/Sarahbleau/875195542/received_606274664423201_medium2.jpeg', 'small2_url': 'https://images4-f.ravelrycache.com/uploads/Sarahbleau/875195542/received_606274664423201_small2.jpeg', 'caption': None, 'caption_html': None, 'copyright_holder': None}, {'id': 115679248, 'sort_order': 8, 'user_id': 5808801, 'x_offset': -35, 'y_offset': -5, 'square_url': 'https://images4-g.ravelrycache.com/uploads/Sarahbleau/875195546/received_613353250243261_square.jpeg', 'medium_url': 'https://images4-g.ravelrycache.com/uploads/Sarahbleau/875195546/received_613353250243261_medium.jpeg', 'thumbnail_url': 'https://images4-g.ravelrycache.com/uploads/Sarahbleau/875195546/received_613353250243261_thumbnail.jpeg', 'small_url': 'https://images4-g.ravelrycache.com/uploads/Sarahbleau/875195546/received_613353250243261_small.jpeg', 'flickr_url': None, 'shelved_url': 'https://images4-f.ravelrycache.com/uploads/Sarahbleau/875195546/received_613353250243261_shelved.jpeg', 'medium2_url': 'https://images4-a.ravelrycache.com/uploads/Sarahbleau/875195546/received_613353250243261_medium2.jpeg', 'small2_url': 'https://images4-f.ravelrycache.com/uploads/Sarahbleau/875195546/received_613353250243261_small2.jpeg', 'caption': None, 'caption_html': None, 'copyright_holder': None}]"
Jimmy,Alice Hammer,1274924,https://www.ravelry.com/patterns/library/jimmy-8,False,https://images4-a.ravelrycache.com/uploads/AliceHammer/876665701/Alice_Hammer_JimmyWEB7_medium2.jpg,Knitting,"['adult', 'long-sleeve', 'saddle-shoulder', 'seamless', 'top-down', 'in-the-round', 'stripes-colorwork']",17.0,4.0,True,4.0,stockinette,pullover,Worsted,18,5.0,"S, M, L, XL, 2XL, 3XL, 4XL et 5XL","[{'id': 115684246, 'sort_order': 1, 'user_id': 3582770, 'x_offset': -1, 'y_offset': -15, 'square_url': 'https://images4-g.ravelrycache.com/uploads/AliceHammer/876665701/Alice_Hammer_JimmyWEB7_square.jpg', 'medium_url': 'https://images4-f.ravelrycache.com/uploads/AliceHammer/876665701/Alice_Hammer_JimmyWEB7_medium.jpg', 'thumbnail_url': 'https://images4-f.ravelrycache.com/uploads/AliceHammer/876665701/Alice_Hammer_JimmyWEB7_thumbnail.jpg', 'small_url': 'https://images4-f.ravelrycache.com/uploads/AliceHammer/876665701/Alice_Hammer_JimmyWEB7_small_best_fit.jpg', 'flickr_url': None, 'shelved_url': 'https://images4-f.ravelrycache.com/uploads/AliceHammer/876665701/Alice_Hammer_JimmyWEB7_shelved.jpg', 'medium2_url': 'https://images4-a.ravelrycache.com/uploads/AliceHammer/876665701/Alice_Hammer_JimmyWEB7_medium2.jpg', 'small2_url': 'https://images4-g.ravelrycache.com/uploads/AliceHammer/876665701/Alice_Hammer_JimmyWEB7_small2.jpg', 'caption': None, 'caption_html': None, 'copyright_holder': None}, {'id': 115684247, 'sort_order': 2, 'user_id': 3582770, 'x_offset': 1, 'y_offset': -19, 'square_url': 'https://images4-f.ravelrycache.com/uploads/AliceHammer/876665707/Alice_Hammer_JimmyWEB8_square.jpg', 'medium_url': 'https://images4-g.ravelrycache.com/uploads/AliceHammer/876665707/Alice_Hammer_JimmyWEB8_medium.jpg', 'thumbnail_url': 'https://images4-f.ravelrycache.com/uploads/AliceHammer/876665707/Alice_Hammer_JimmyWEB8_thumbnail.jpg', 'small_url': 'https://images4-g.ravelrycache.com/uploads/AliceHammer/876665707/Alice_Hammer_JimmyWEB8_small_best_fit.jpg', 'flickr_url': None, 'shelved_url': 'https://images4-g.ravelrycache.com/uploads/AliceHammer/876665707/Alice_Hammer_JimmyWEB8_shelved.jpg', 'medium2_url': 'https://images4-a.ravelrycache.com/uploads/AliceHammer/876665707/Alice_Hammer_JimmyWEB8_medium2.jpg', 'small2_url': 'https://images4-f.ravelrycache.com/uploads/AliceHammer/876665707/Alice_Hammer_JimmyWEB8_small2.jpg', 'caption': None, 'caption_html': None, 'copyright_holder': None}, {'id': 115684248, 'sort_order': 3, 'user_id': 3582770, 'x_offset': 0, 'y_offset': -19, 'square_url': 'https://images4-f.ravelrycache.com/uploads/AliceHammer/876665704/Alice_Hammer_JimmyWEB6_square.jpg', 'medium_url': 'https://images4-g.ravelrycache.com/uploads/AliceHammer/876665704/Alice_Hammer_JimmyWEB6_medium.jpg', 'thumbnail_url': 'https://images4-g.ravelrycache.com/uploads/AliceHammer/876665704/Alice_Hammer_JimmyWEB6_thumbnail.jpg', 'small_url': 'https://images4-f.ravelrycache.com/uploads/AliceHammer/876665704/Alice_Hammer_JimmyWEB6_small_best_fit.jpg', 'flickr_url': None, 'shelved_url': 'https://images4-f.ravelrycache.com/uploads/AliceHammer/876665704/Alice_Hammer_JimmyWEB6_shelved.jpg', 'medium2_url': 'https://images4-a.ravelrycache.com/uploads/AliceHammer/876665704/Alice_Hammer_JimmyWEB6_medium2.jpg', 'small2_url': 'https://images4-f.ravelrycache.com/uploads/AliceHammer/876665704/Alice_Hammer_JimmyWEB6_small2.jpg', 'caption': None, 'caption_html': None, 'copyright_holder': None}, {'id': 115684249, 'sort_order': 4, 'user_id': 3582770, 'x_offset': 0, 'y_offset': -43, 'square_url': 'https://images4-g.ravelrycache.com/uploads/AliceHammer/876665702/Alice_Hammer_JimmyWEB9_square.jpg', 'medium_url': 'https://images4-f.ravelrycache.com/uploads/AliceHammer/876665702/Alice_Hammer_JimmyWEB9_medium.jpg', 'thumbnail_url': 'https://images4-g.ravelrycache.com/uploads/AliceHammer/876665702/Alice_Hammer_JimmyWEB9_thumbnail.jpg', 'small_url': 'https://images4-g.ravelrycache.com/uploads/AliceHammer/876665702/Alice_Hammer_JimmyWEB9_small_best_fit.jpg', 'flickr_url': None, 'shelved_url': 'https://images4-g.ravelrycache.com/uploads/AliceHammer/876665702/Alice_Hammer_JimmyWEB9_shelved.jpg', 'medium2_url': 'https://images4-a.ravelrycache.com/uploads/AliceHammer/876665702/Alice_Hammer_JimmyWEB9_medium2.jpg', 'small2_url': 'https://images4-g.ravelrycache.com/uploads/AliceHammer/876665702/Alice_Hammer_JimmyWEB9_small2.jpg', 'caption': None, 'caption_html': None, 'copyright_holder': None}, {'id': 115684250, 'sort_order': 5, 'user_id': 3582770, 'x_offset': 0, 'y_offset': -28, 'square_url': 'https://images4-f.ravelrycache.com/uploads/AliceHammer/876665708/Alice_Hammer_JimmyWEB5_square.jpg', 'medium_url': 'https://images4-g.ravelrycache.com/uploads/AliceHammer/876665708/Alice_Hammer_JimmyWEB5_medium.jpg', 'thumbnail_url': 'https://images4-g.ravelrycache.com/uploads/AliceHammer/876665708/Alice_Hammer_JimmyWEB5_thumbnail.jpg', 'small_url': 'https://images4-f.ravelrycache.com/uploads/AliceHammer/876665708/Alice_Hammer_JimmyWEB5_small_best_fit.jpg', 'flickr_url': None, 'shelved_url': 'https://images4-f.ravelrycache.com/uploads/AliceHammer/876665708/Alice_Hammer_JimmyWEB5_shelved.jpg', 'medium2_url': 'https://images4-a.ravelrycache.com/uploads/AliceHammer/876665708/Alice_Hammer_JimmyWEB5_medium2.jpg', 'small2_url': 'https://images4-f.ravelrycache.com/uploads/AliceHammer/876665708/Alice_Hammer_JimmyWEB5_small2.jpg', 'caption': None, 'caption_html': None, 'copyright_holder': None}, {'id': 115684251, 'sort_order': 6, 'user_id': 3582770, 'x_offset': 0, 'y_offset': -19, 'square_url': 'https://images4-f.ravelrycache.com/uploads/AliceHammer/876665576/Alice_Hammer_JimmyWEB3_square.jpg', 'medium_url': 'https://images4-g.ravelrycache.com/uploads/AliceHammer/876665576/Alice_Hammer_JimmyWEB3_medium.jpg', 'thumbnail_url': 'https://images4-g.ravelrycache.com/uploads/AliceHammer/876665576/Alice_Hammer_JimmyWEB3_thumbnail.jpg', 'small_url': 'https://images4-g.ravelrycache.com/uploads/AliceHammer/876665576/Alice_Hammer_JimmyWEB3_small_best_fit.jpg', 'flickr_url': None, 'shelved_url': 'https://images4-g.ravelrycache.com/uploads/AliceHammer/876665576/Alice_Hammer_JimmyWEB3_shelved.jpg', 'medium2_url': 'https://images4-a.ravelrycache.com/uploads/AliceHammer/876665576/Alice_Hammer_JimmyWEB3_medium2.jpg', 'small2_url': 'https://images4-f.ravelrycache.com/uploads/AliceHammer/876665576/Alice_Hammer_JimmyWEB3_small2.jpg', 'caption': None, 'caption_html': None, 'copyright_holder': None}]"
Disko Pullover,Kit Couture,1275027,https://www.ravelry.com/patterns/library/disko-pullover,False,https://images4-a.ravelrycache.com/uploads/KitCouture/1050687913/Kit_Couture_Disko_Bluse_Kvadrat_medium2.jpg,Knitting,"['stranded', 'top-down', 'chart', 'written-pattern', 'in-the-round', 'circular-yoke']",24.0,4.666666666666667,True,4.0,fair isle,pullover,DK,17,0.0,S (M) L (XL),"[{'id': 137013622, 'sort_order': 1, 'user_id': 5658217, 'x_offset': 0, 'y_offset': 0, 'square_url': 'https://images4-f.ravelrycache.com/uploads/KitCouture/1050687913/Kit_Couture_Disko_Bluse_Kvadrat_square.jpg', 'medium_url': 'https://images4-g.ravelrycache.com/uploads/KitCouture/1050687913/Kit_Couture_Disko_Bluse_Kvadrat_medium.jpg', 'thumbnail_url': 'https://images4-f.ravelrycache.com/uploads/KitCouture/1050687913/Kit_Couture_Disko_Bluse_Kvadrat_thumbnail.jpg', 'small_url': 'https://images4-f.ravelrycache.com/uploads/KitCouture/1050687913/Kit_Couture_Disko_Bluse_Kvadrat_small_best_fit.jpg', 'flickr_url': None, 'shelved_url': 'https://images4-f.ravelrycache.com/uploads/KitCouture/1050687913/Kit_Couture_Disko_Bluse_Kvadrat_shelved.jpg', 'medium2_url': 'https://images4-a.ravelrycache.com/uploads/KitCouture/1050687913/Kit_Couture_Disko_Bluse_Kvadrat_medium2.jpg', 'small2_url': 'https://images4-f.ravelrycache.com/uploads/KitCouture/1050687913/Kit_Couture_Disko_Bluse_Kvadrat_small2.jpg', 'caption': None, 'caption_html': None, 'copyright_holder': None}, {'id': 137013587, 'sort_order': 2, 'user_id': 5658217, 'x_offset': 0, 'y_offset': -22, 'square_url': 'https://images4-g.ravelrycache.com/uploads/KitCouture/1050687616/Kit_Couture_Disko_Bluse_1_square.jpg', 'medium_url': 'https://images4-f.ravelrycache.com/uploads/KitCouture/1050687616/Kit_Couture_Disko_Bluse_1_medium.jpg', 'thumbnail_url': 'https://images4-f.ravelrycache.com/uploads/KitCouture/1050687616/Kit_Couture_Disko_Bluse_1_thumbnail.jpg', 'small_url': 'https://images4-g.ravelrycache.com/uploads/KitCouture/1050687616/Kit_Couture_Disko_Bluse_1_small_best_fit.jpg', 'flickr_url': None, 'shelved_url': 'https://images4-g.ravelrycache.com/uploads/KitCouture/1050687616/Kit_Couture_Disko_Bluse_1_shelved.jpg', 'medium2_url': 'https://images4-a.ravelrycache.com/uploads/KitCouture/1050687616/Kit_Couture_Disko_Bluse_1_medium2.jpg', 'small2_url': 'https://images4-g.ravelrycache.com/uploads/KitCouture/1050687616/Kit_Couture_Disko_Bluse_1_small2.jpg', 'caption': None, 'caption_html': None, 'copyright_holder': None}, {'id': 137013586, 'sort_order': 3, 'user_id': 5658217, 'x_offset': 0, 'y_offset': -22, 'square_url': 'https://images4-g.ravelrycache.com/uploads/KitCouture/1050687615/Kit_Couture_Disko_T-shirt_1_square.jpg', 'medium_url': 'https://images4-f.ravelrycache.com/uploads/KitCouture/1050687615/Kit_Couture_Disko_T-shirt_1_medium.jpg', 'thumbnail_url': 'https://images4-g.ravelrycache.com/uploads/KitCouture/1050687615/Kit_Couture_Disko_T-shirt_1_thumbnail.jpg', 'small_url': 'https://images4-g.ravelrycache.com/uploads/KitCouture/1050687615/Kit_Couture_Disko_T-shirt_1_small_best_fit.jpg', 'flickr_url': None, 'shelved_url': 'https://images4-f.ravelrycache.com/uploads/KitCouture/1050687615/Kit_Couture_Disko_T-shirt_1_shelved.jpg', 'medium2_url': 'https://images4-a.ravelrycache.com/uploads/KitCouture/1050687615/Kit_Couture_Disko_T-shirt_1_medium2.jpg', 'small2_url': 'https://images4-g.ravelrycache.com/uploads/KitCouture/1050687615/Kit_Couture_Disko_T-shirt_1_small2.jpg', 'caption': None, 'caption_html': None, 'copyright_holder': None}, {'id': 115690913, 'sort_order': 4, 'user_id': 5658217, 'x_offset': 0, 'y_offset': 0, 'square_url': 'https://images4-f.ravelrycache.com/uploads/KitCouture/878305105/Kit_Couture_Disko_Pullover_Teaser3_square.jpg', 'medium_url': 'https://images4-g.ravelrycache.com/uploads/KitCouture/878305105/Kit_Couture_Disko_Pullover_Teaser3_medium.jpg', 'thumbnail_url': 'https://images4-f.ravelrycache.com/uploads/KitCouture/878305105/Kit_Couture_Disko_Pullover_Teaser3_thumbnail.jpg', 'small_url': 'https://images4-f.ravelrycache.com/uploads/KitCouture/878305105/Kit_Couture_Disko_Pullover_Teaser3_small_best_fit.jpg', 'flickr_url': None, 'shelved_url': 'https://images4-g.ravelrycache.com/uploads/KitCouture/878305105/Kit_Couture_Disko_Pullover_Teaser3_shelved.jpg', 'medium2_url': 'https://images4-a.ravelrycache.com/uploads/KitCouture/878305105/Kit_Couture_Disko_Pullover_Teaser3_medium2.jpg', 'small2_url': 'https://images4-f.ravelrycache.com/uploads/KitCouture/878305105/Kit_Couture_Disko_Pullover_Teaser3_small2.jpg', 'caption': None, 'caption_html': None, 'copyright_holder': None}, {'id': 115690914, 'sort_order': 5, 'user_id': 5658217, 'x_offset': 0, 'y_offset': 0, 'square_url': 'https://images4-f.ravelrycache.com/uploads/KitCouture/878305107/Kit_Couture_Disko_Pullover_Detail_square.jpg', 'medium_url': 'https://images4-g.ravelrycache.com/uploads/KitCouture/878305107/Kit_Couture_Disko_Pullover_Detail_medium.jpg', 'thumbnail_url': 'https://images4-g.ravelrycache.com/uploads/KitCouture/878305107/Kit_Couture_Disko_Pullover_Detail_thumbnail.jpg', 'small_url': 'https://images4-f.ravelrycache.com/uploads/KitCouture/878305107/Kit_Couture_Disko_Pullover_Detail_small_best_fit.jpg', 'flickr_url': None, 'shelved_url': 'https://images4-f.ravelrycache.com/uploads/KitCouture/878305107/Kit_Couture_Disko_Pullover_Detail_shelved.jpg', 'medium2_url': 'https://images4-a.ravelrycache.com/uploads/KitCouture/878305107/Kit_Couture_Disko_Pullover_Detail_medium2.jpg', 'small2_url': 'https://images4-f.ravelrycache.com/uploads/KitCouture/878305107/Kit_Couture_Disko_Pullover_Detail_small2.jpg', 'caption': None, 'caption_html': None, 'copyright_holder': None}, {'id': 115690915, 'sort_order': 6, 'user_id': 5658217, 'x_offset': 0, 'y_offset': 0, 'square_url': 'https://images4-f.ravelrycache.com/uploads/KitCouture/878305103/Kit_Couture_Disko_Pullover_Teaser1_square.jpg', 'medium_url': 'https://images4-g.ravelrycache.com/uploads/KitCouture/878305103/Kit_Couture_Disko_Pullover_Teaser1_medium.jpg', 'thumbnail_url': 'https://images4-g.ravelrycache.com/uploads/KitCouture/878305103/Kit_Couture_Disko_Pullover_Teaser1_thumbnail.jpg', 'small_url': 'https://images4-f.ravelrycache.com/uploads/KitCouture/878305103/Kit_Couture_Disko_Pullover_Teaser1_small_best_fit.jpg', 'flickr_url': None, 'shelved_url': 'https://images4-g.ravelrycache.com/uploads/KitCouture/878305103/Kit_Couture_Disko_Pullover_Teaser1_shelved.jpg', 'medium2_url': 'https://images4-a.ravelrycache.com/uploads/KitCouture/878305103/Kit_Couture_Disko_Pullover_Teaser1_medium2.jpg', 'small2_url': 'https://images4-f.ravelrycache.com/uploads/KitCouture/878305103/Kit_Couture_Disko_Pullover_Teaser1_small2.jpg', 'caption': None, 'caption_html': None, 'copyright_holder': None}, {'id': 115690916, 'sort_order': 7, 'user_id': 5658217, 'x_offset': 0, 'y_offset': 0, 'square_url': 'https://images4-g.ravelrycache.com/uploads/KitCouture/878305101/Kit_Couture_Disko_Pullover_Back_square.jpg', 'medium_url': 'https://images4-f.ravelrycache.com/uploads/KitCouture/878305101/Kit_Couture_Disko_Pullover_Back_medium.jpg', 'thumbnail_url': 'https://images4-f.ravelrycache.com/uploads/KitCouture/878305101/Kit_Couture_Disko_Pullover_Back_thumbnail.jpg', 'small_url': 'https://images4-g.ravelrycache.com/uploads/KitCouture/878305101/Kit_Couture_Disko_Pullover_Back_small_best_fit.jpg', 'flickr_url': None, 'shelved_url': 'https://images4-f.ravelrycache.com/uploads/KitCouture/878305101/Kit_Couture_Disko_Pullover_Back_shelved.jpg', 'medium2_url': 'https://images4-a.ravelrycache.com/uploads/KitCouture/878305101/Kit_Couture_Disko_Pullover_Back_medium2.jpg', 'small2_url': 'https://images4-g.ravelrycache.com/uploads/KitCouture/878305101/Kit_Couture_Disko_Pullover_Back_small2.jpg', 'caption': None, 'caption_html': None, 'copyright_holder': None}, {'id': 115690912, 'sort_order': 8, 'user_id': 5658217, 'x_offset': 0, 'y_offset': 0, 'square_url': 'https://images4-f.ravelrycache.com/uploads/KitCouture/878305106/Kit_Couture_Disko_Pullover_Teaser2_square.jpg', 'medium_url': 'https://images4-g.ravelrycache.com/uploads/KitCouture/878305106/Kit_Couture_Disko_Pullover_Teaser2_medium.jpg', 'thumbnail_url': 'https://images4-g.ravelrycache.com/uploads/KitCouture/878305106/Kit_Couture_Disko_Pullover_Teaser2_thumbnail.jpg', 'small_url': 'https://images4-g.ravelrycache.com/uploads/KitCouture/878305106/Kit_Couture_Disko_Pullover_Teaser2_small_best_fit.jpg', 'flickr_url': None, 'shelved_url': 'https://images4-f.ravelrycache.com/uploads/KitCouture/878305106/Kit_Couture_Disko_Pullover_Teaser2_shelved.jpg', 'medium2_url': 'https://images4-a.ravelrycache.com/uploads/KitCouture/878305106/Kit_Couture_Disko_Pullover_Teaser2_medium2.jpg', 'small2_url': 'https://images4-f.ravelrycache.com/uploads/KitCouture/878305106/Kit_Couture_Disko_Pullover_Teaser2_small2.jpg', 'caption': None, 'caption_html': None, 'copyright_holder': None}]"
Reed Pullover,yamagara,1275032,https://www.ravelry.com/patterns/library/reed-pullover,False,https://images4-a.ravelrycache.com/uploads/yamagarami/878304323/A2F1E5DA-6D7D-428F-9B7A-EED930FB8579_medium2.JPG,Knitting,"['ribbed', 'stranded', 'seamless', 'short-rows', 'bottom-up', 'worked-flat', 'in-the-round', 'three-needle-bind', 'mock-turtleneck', 'chart', 'written-pattern']",26.0,0.0,True,4.0,Stockinette Stitch,pullover,Fingering,11,0.0,"Finished circumference at bust:   88 (97, 106, 115.5) 124.5 (134, 143, 152.5) cm / 34½ (38¼, 41¾, 45½) 49 (52¾, 56¼, 60)”","[{'id': 115691106, 'sort_order': 1, 'user_id': 1730304, 'x_offset': 0, 'y_offset': 0, 'square_url': 'https://images4-g.ravelrycache.com/uploads/yamagarami/878304323/A2F1E5DA-6D7D-428F-9B7A-EED930FB8579_square.JPG', 'medium_url': 'https://images4-f.ravelrycache.com/uploads/yamagarami/878304323/A2F1E5DA-6D7D-428F-9B7A-EED930FB8579_medium.JPG', 'thumbnail_url': 'https://images4-f.ravelrycache.com/uploads/yamagarami/878304323/A2F1E5DA-6D7D-428F-9B7A-EED930FB8579_thumbnail.JPG', 'small_url': 'https://images4-g.ravelrycache.com/uploads/yamagarami/878304323/A2F1E5DA-6D7D-428F-9B7A-EED930FB8579_small_best_fit.JPG', 'flickr_url': None, 'shelved_url': 'https://images4-g.ravelrycache.com/uploads/yamagarami/878304323/A2F1E5DA-6D7D-428F-9B7A-EED930FB8579_shelved.JPG', 'medium2_url': 'https://images4-a.ravelrycache.com/uploads/yamagarami/878304323/A2F1E5DA-6D7D-428F-9B7A-EED930FB8579_medium2.JPG', 'small2_url': 'https://images4-g.ravelrycache.com/uploads/yamagarami/878304323/A2F1E5DA-6D7D-428F-9B7A-EED930FB8579_small2.JPG', 'caption': None, 'caption_html': None, 'copyright_holder': None}, {'id': 115691107, 'sort_order': 2, 'user_id': 1730304, 'x_offset': -1, 'y_offset': -35, 'square_url': 'https://images4-g.ravelrycache.com/uploads/yamagarami/861230106/Imports_-_1_of_4_square.jpeg', 'medium_url': 'https://images4-g.ravelrycache.com/uploads/yamagarami/861230106/Imports_-_1_of_4_medium.jpeg', 'thumbnail_url': 'https://images4-f.ravelrycache.com/uploads/yamagarami/861230106/Imports_-_1_of_4_thumbnail.jpeg', 'small_url': 'https://images4-f.ravelrycache.com/uploads/yamagarami/861230106/Imports_-_1_of_4_small.jpeg', 'flickr_url': None, 'shelved_url': 'https://images4-f.ravelrycache.com/uploads/yamagarami/861230106/Imports_-_1_of_4_shelved.jpeg', 'medium2_url': 'https://images4-a.ravelrycache.com/uploads/yamagarami/861230106/Imports_-_1_of_4_medium2.jpeg', 'small2_url': 'https://images4-f.ravelrycache.com/uploads/yamagarami/861230106/Imports_-_1_of_4_small2.jpeg', 'caption': None, 'caption_html': None, 'copyright_holder': None}, {'id': 115691108, 'sort_order': 3, 'user_id': 1730304, 'x_offset': 0, 'y_offset': 0, 'square_url': 'https://images4-g.ravelrycache.com/uploads/yamagarami/861230104/Photos_-_2_of_3_square.jpeg', 'medium_url': 'https://images4-g.ravelrycache.com/uploads/yamagarami/861230104/Photos_-_2_of_3_medium.jpeg', 'thumbnail_url': 'https://images4-g.ravelrycache.com/uploads/yamagarami/861230104/Photos_-_2_of_3_thumbnail.jpeg', 'small_url': 'https://images4-g.ravelrycache.com/uploads/yamagarami/861230104/Photos_-_2_of_3_small_best_fit.jpeg', 'flickr_url': None, 'shelved_url': 'https://images4-f.ravelrycache.com/uploads/yamagarami/861230104/Photos_-_2_of_3_shelved.jpeg', 'medium2_url': 'https://images4-a.ravelrycache.com/uploads/yamagarami/861230104/Photos_-_2_of_3_medium2.jpeg', 'small2_url': 'https://images4-f.ravelrycache.com/uploads/yamagarami/861230104/Photos_-_2_of_3_small2.jpeg', 'caption': None, 'caption_html': None, 'copyright_holder': None}, {'id': 115691110, 'sort_order': 4, 'user_id': 1730304, 'x_offset': -3, 'y_offset': -35, 'square_url': 'https://images4-g.ravelrycache.com/uploads/yamagarami/861230105/Imports_-_4_of_4_square.jpeg', 'medium_url': 'https://images4-g.ravelrycache.com/uploads/yamagarami/861230105/Imports_-_4_of_4_medium.jpeg', 'thumbnail_url': 'https://images4-f.ravelrycache.com/uploads/yamagarami/861230105/Imports_-_4_of_4_thumbnail.jpeg', 'small_url': 'https://images4-f.ravelrycache.com/uploads/yamagarami/861230105/Imports_-_4_of_4_small.jpeg', 'flickr_url': None, 'shelved_url': 'https://images4-g.ravelrycache.com/uploads/yamagarami/861230105/Imports_-_4_of_4_shelved.jpeg', 'medium2_url': 'https://images4-a.ravelrycache.com/uploads/yamagarami/861230105/Imports_-_4_of_4_medium2.jpeg', 'small2_url': 'https://images4-f.ravelrycache.com/uploads/yamagarami/861230105/Imports_-_4_of_4_small2.jpeg', 'caption': None, 'caption_html': None, 'copyright_holder': None}, {'id': 115691109, 'sort_order': 5, 'user_id': 1730304, 'x_offset': 0, 'y_offset': 0, 'square_url': 'https://images4-f.ravelrycache.com/uploads/yamagarami/861230108/Photos_-_1_of_1_square.jpeg', 'medium_url': 'https://images4-f.ravelrycache.com/uploads/yamagarami/861230108/Photos_-_1_of_1_medium.jpeg', 'thumbnail_url': 'https://images4-f.ravelrycache.com/uploads/yamagarami/861230108/Photos_-_1_of_1_thumbnail.jpeg', 'small_url': 'https://images4-g.ravelrycache.com/uploads/yamagarami/861230108/Photos_-_1_of_1_small_best_fit.jpeg', 'flickr_url': None, 'shelved_url': 'https://images4-g.ravelrycache.com/uploads/yamagarami/861230108/Photos_-_1_of_1_shelved.jpeg', 'medium2_url': 'https://images4-a.ravelrycache.com/uploads/yamagarami/861230108/Photos_-_1_of_1_medium2.jpeg', 'small2_url': 'https://images4-g.ravelrycache.com/uploads/yamagarami/861230108/Photos_-_1_of_1_small2.jpeg', 'caption': None, 'caption_html': None, 'copyright_holder': None}, {'id': 115691111, 'sort_order': 6, 'user_id': 1730304, 'x_offset': -35, 'y_offset': -2, 'square_url': 'https://images4-g.ravelrycache.com/uploads/yamagarami/861230103/Imports_-_3_of_4_square.jpeg', 'medium_url': 'https://images4-g.ravelrycache.com/uploads/yamagarami/861230103/Imports_-_3_of_4_medium.jpeg', 'thumbnail_url': 'https://images4-g.ravelrycache.com/uploads/yamagarami/861230103/Imports_-_3_of_4_thumbnail.jpeg', 'small_url': 'https://images4-g.ravelrycache.com/uploads/yamagarami/861230103/Imports_-_3_of_4_small.jpeg', 'flickr_url': None, 'shelved_url': 'https://images4-f.ravelrycache.com/uploads/yamagarami/861230103/Imports_-_3_of_4_shelved.jpeg', 'medium2_url': 'https://images4-a.ravelrycache.com/uploads/yamagarami/861230103/Imports_-_3_of_4_medium2.jpeg', 'small2_url': 'https://images4-f.ravelrycache.com/uploads/yamagarami/861230103/Imports_-_3_of_4_small2.jpeg', 'caption': None, 'caption_html': None, 'copyright_holder': None}, {'id': 115691112, 'sort_order': 7, 'user_id': 1730304, 'x_offset': -37, 'y_offset': 0, 'square_url': 'https://images4-f.ravelrycache.com/uploads/yamagarami/861230107/Imports_-_2_of_4_square.jpeg', 'medium_url': 'https://images4-f.ravelrycache.com/uploads/yamagarami/861230107/Imports_-_2_of_4_medium.jpeg', 'thumbnail_url': 'https://images4-f.ravelrycache.com/uploads/yamagarami/861230107/Imports_-_2_of_4_thumbnail.jpeg', 'small_url': 'https://images4-g.ravelrycache.com/uploads/yamagarami/861230107/Imports_-_2_of_4_small_best_fit.jpeg', 'flickr_url': None, 'shelved_url': 'https://images4-f.ravelrycache.com/uploads/yamagarami/861230107/Imports_-_2_of_4_shelved.jpeg', 'medium2_url': 'https://images4-a.ravelrycache.com/uploads/yamagarami/861230107/Imports_-_2_of_4_medium2.jpeg', 'small2_url': 'https://images4-g.ravelrycache.com/uploads/yamagarami/861230107/Imports_-_2_of_4_small2.jpeg', 'caption': None, 'caption_html': None, 'copyright_holder': None}, {'id': 118835431, 'sort_order': 8, 'user_id': 1423707, 'x_offset': 0, 'y_offset': 0, 'square_url': 'https://images4-g.ravelrycache.com/uploads/Lifli/878316090/upload_square', 'medium_url': 'https://images4-f.ravelrycache.com/uploads/Lifli/878316090/upload_medium', 'thumbnail_url': 'https://images4-f.ravelrycache.com/uploads/Lifli/878316090/upload_thumbnail', 'small_url': 'https://images4-g.ravelrycache.com/uploads/Lifli/878316090/upload_small_best_fit', 'flickr_url': None, 'shelved_url': 'https://images4-g.ravelrycache.com/uploads/Lifli/878316090/upload_shelved', 'medium2_url': 'https://images4-a.ravelrycache.com/uploads/Lifli/878316090/upload_medium2', 'small2_url': 'https://images4-g.ravelrycache.com/uploads/Lifli/878316090/upload_small2', 'caption': None, 'caption_html': None, 'copyright_holder': None}, {'id': 118835429, 'sort_order': 9, 'user_id': 1423707, 'x_offset': 0, 'y_offset': 0, 'square_url': 'https://images4-g.ravelrycache.com/uploads/Lifli/878316095/upload_square', 'medium_url': 'https://images4-f.ravelrycache.com/uploads/Lifli/878316095/upload_medium', 'thumbnail_url': 'https://images4-f.ravelrycache.com/uploads/Lifli/878316095/upload_thumbnail', 'small_url': 'https://images4-g.ravelrycache.com/uploads/Lifli/878316095/upload_small_best_fit', 'flickr_url': None, 'shelved_url': 'https://images4-f.ravelrycache.com/uploads/Lifli/878316095/upload_shelved', 'medium2_url': 'https://images4-a.ravelrycache.com/uploads/Lifli/878316095/upload_medium2', 'small2_url': 'https://images4-g.ravelrycache.com/uploads/Lifli/878316095/upload_small2', 'caption': None, 'caption_html': None, 'copyright_holder': None}, {'id': 118835422, 'sort_order': 10, 'user_id': 1423707, 'x_offset': 0, 'y_offset': 0, 'square_url': 'https://images4-f.ravelrycache.com/uploads/Lifli/878316092/upload_square', 'medium_url': 'https://images4-g.ravelrycache.com/uploads/Lifli/878316092/upload_medium', 'thumbnail_url': 'https://images4-f.ravelrycache.com/uploads/Lifli/878316092/upload_thumbnail', 'small_url': 'https://images4-f.ravelrycache.com/uploads/Lifli/878316092/upload_small_best_fit', 'flickr_url': None, 'shelved_url': 'https://images4-g.ravelrycache.com/uploads/Lifli/878316092/upload_shelved', 'medium2_url': 'https://images4-a.ravelrycache.com/uploads/Lifli/878316092/upload_medium2', 'small2_url': 'https://images4-f.ravelrycache.com/uploads/Lifli/878316092/upload_small2', 'caption': None, 'caption_html': None, 'copyright_holder': None}]"
235-21 Golden Hour,DROPS design,1275305,https://www.ravelry.com/patterns/library/235-21-golden-hour,True,https://images4-a.ravelrycache.com/uploads/Drops/878433288/21-2_medium2.jpg,Knitting,"['female', 'teen', 'adult', 'plus', 'cables', 'seamed', 'turtleneck', 'long-sleeve', 'bottom-up', 'chart', 'written-pattern', 'video-tutorial', 'modified-drop-sleeve', 'cuffed-sleeve', 'worked-flat', 'in-the-round', 'schematic']",11.0,0.0,True,4.0,stocking stitch with larger needles,pullover,Super Bulky,6,0.0,S – M – L – XL – XXL – XXXL,"[{'id': 115707258, 'sort_order': 1, 'user_id': 32910, 'x_offset': -3, 'y_offset': -31, 'square_url': 'https://images4-g.ravelrycache.com/uploads/Drops/878433288/21-2_square.jpg', 'medium_url': 'https://images4-f.ravelrycache.com/uploads/Drops/878433288/21-2_medium.jpg', 'thumbnail_url': 'https://images4-f.ravelrycache.com/uploads/Drops/878433288/21-2_thumbnail.jpg', 'small_url': 'https://images4-f.ravelrycache.com/uploads/Drops/878433288/21-2_small_best_fit.jpg', 'flickr_url': None, 'shelved_url': 'https://images4-f.ravelrycache.com/uploads/Drops/878433288/21-2_shelved.jpg', 'medium2_url': 'https://images4-a.ravelrycache.com/uploads/Drops/878433288/21-2_medium2.jpg', 'small2_url': 'https://images4-g.ravelrycache.com/uploads/Drops/878433288/21-2_small2.jpg', 'caption': None, 'caption_html': None, 'copyright_holder': None}, {'id': 115707259, 'sort_order': 2, 'user_id': 32910, 'x_offset': 0, 'y_offset': -47, 'square_url': 'https://images4-f.ravelrycache.com/uploads/Drops/878433290/21b-2_square.jpg', 'medium_url': 'https://images4-g.ravelrycache.com/uploads/Drops/878433290/21b-2_medium.jpg', 'thumbnail_url': 'https://images4-g.ravelrycache.com/uploads/Drops/878433290/21b-2_thumbnail.jpg', 'small_url': 'https://images4-g.ravelrycache.com/uploads/Drops/878433290/21b-2_small_best_fit.jpg', 'flickr_url': None, 'shelved_url': 'https://images4-g.ravelrycache.com/uploads/Drops/878433290/21b-2_shelved.jpg', 'medium2_url': 'https://images4-a.ravelrycache.com/uploads/Drops/878433290/21b-2_medium2.jpg', 'small2_url': 'https://images4-f.ravelrycache.com/uploads/Drops/878433290/21b-2_small2.jpg', 'caption': None, 'caption_html': None, 'copyright_holder': None}, {'id': 115707260, 'sort_order': 3, 'user_id': 32910, 'x_offset': 0, 'y_offset': -37, 'square_url': 'https://images4-f.ravelrycache.com/uploads/Drops/878433291/21c-2_square.jpg', 'medium_url': 'https://images4-g.ravelrycache.com/uploads/Drops/878433291/21c-2_medium.jpg', 'thumbnail_url': 'https://images4-f.ravelrycache.com/uploads/Drops/878433291/21c-2_thumbnail.jpg', 'small_url': 'https://images4-g.ravelrycache.com/uploads/Drops/878433291/21c-2_small_best_fit.jpg', 'flickr_url': None, 'shelved_url': 'https://images4-g.ravelrycache.com/uploads/Drops/878433291/21c-2_shelved.jpg', 'medium2_url': 'https://images4-a.ravelrycache.com/uploads/Drops/878433291/21c-2_medium2.jpg', 'small2_url': 'https://images4-f.ravelrycache.com/uploads/Drops/878433291/21c-2_small2.jpg', 'caption': None, 'caption_html': None, 'copyright_holder': None}, {'id': 115707261, 'sort_order': 4, 'user_id': 32910, 'x_offset': 0, 'y_offset': -47, 'square_url': 'https://images4-f.ravelrycache.com/uploads/Drops/878433289/21d-2_square.jpg', 'medium_url': 'https://images4-g.ravelrycache.com/uploads/Drops/878433289/21d-2_medium.jpg', 'thumbnail_url': 'https://images4-g.ravelrycache.com/uploads/Drops/878433289/21d-2_thumbnail.jpg', 'small_url': 'https://images4-f.ravelrycache.com/uploads/Drops/878433289/21d-2_small_best_fit.jpg', 'flickr_url': None, 'shelved_url': 'https://images4-f.ravelrycache.com/uploads/Drops/878433289/21d-2_shelved.jpg', 'medium2_url': 'https://images4-a.ravelrycache.com/uploads/Drops/878433289/21d-2_medium2.jpg', 'small2_url': 'https://images4-f.ravelrycache.com/uploads/Drops/878433289/21d-2_small2.jpg', 'caption': None, 'caption_html': None, 'copyright_holder': None}]"
Baggen Pullover,Kit Couture,1275355,https://www.ravelry.com/patterns/library/baggen-pullover,False,https://images4-a.ravelrycache.com/uploads/KitCouture/878443401/Kit_Couture_Baggen_Bluse_teaser3_medium2.jpg,Knitting,"['stranded', 'bottom-up', 'chart', 'written-pattern', 'in-the-round']",29.0,0.0,True,4.0,fair isle,pullover,Light Fingering,10,0.0,S (M) L (XL),"[{'id': 115708613, 'sort_order': 1, 'user_id': 5658217, 'x_offset': 0, 'y_offset': 0, 'square_url': 'https://images4-f.ravelrycache.com/uploads/KitCouture/878443401/Kit_Couture_Baggen_Bluse_teaser3_square.jpg', 'medium_url': 'https://images4-g.ravelrycache.com/uploads/KitCouture/878443401/Kit_Couture_Baggen_Bluse_teaser3_medium.jpg', 'thumbnail_url': 'https://images4-g.ravelrycache.com/uploads/KitCouture/878443401/Kit_Couture_Baggen_Bluse_teaser3_thumbnail.jpg', 'small_url': 'https://images4-g.ravelrycache.com/uploads/KitCouture/878443401/Kit_Couture_Baggen_Bluse_teaser3_small_best_fit.jpg', 'flickr_url': None, 'shelved_url': 'https://images4-g.ravelrycache.com/uploads/KitCouture/878443401/Kit_Couture_Baggen_Bluse_teaser3_shelved.jpg', 'medium2_url': 'https://images4-a.ravelrycache.com/uploads/KitCouture/878443401/Kit_Couture_Baggen_Bluse_teaser3_medium2.jpg', 'small2_url': 'https://images4-f.ravelrycache.com/uploads/KitCouture/878443401/Kit_Couture_Baggen_Bluse_teaser3_small2.jpg', 'caption': None, 'caption_html': None, 'copyright_holder': None}, {'id': 115708614, 'sort_order': 2, 'user_id': 5658217, 'x_offset': 0, 'y_offset': 0, 'square_url': 'https://images4-f.ravelrycache.com/uploads/KitCouture/878443398/Kit_Couture_Baggen_Bluse_teaser2_square.jpg', 'medium_url': 'https://images4-g.ravelrycache.com/uploads/KitCouture/878443398/Kit_Couture_Baggen_Bluse_teaser2_medium.jpg', 'thumbnail_url': 'https://images4-f.ravelrycache.com/uploads/KitCouture/878443398/Kit_Couture_Baggen_Bluse_teaser2_thumbnail.jpg', 'small_url': 'https://images4-g.ravelrycache.com/uploads/KitCouture/878443398/Kit_Couture_Baggen_Bluse_teaser2_small_best_fit.jpg', 'flickr_url': None, 'shelved_url': 'https://images4-g.ravelrycache.com/uploads/KitCouture/878443398/Kit_Couture_Baggen_Bluse_teaser2_shelved.jpg', 'medium2_url': 'https://images4-a.ravelrycache.com/uploads/KitCouture/878443398/Kit_Couture_Baggen_Bluse_teaser2_medium2.jpg', 'small2_url': 'https://images4-f.ravelrycache.com/uploads/KitCouture/878443398/Kit_Couture_Baggen_Bluse_teaser2_small2.jpg', 'caption': None, 'caption_html': None, 'copyright_holder': None}, {'id': 115708615, 'sort_order': 3, 'user_id': 5658217, 'x_offset': 0, 'y_offset': 0, 'square_url': 'https://images4-g.ravelrycache.com/uploads/KitCouture/878443399/Kit_Couture_Baggen_Bluse_detail_square.jpg', 'medium_url': 'https://images4-f.ravelrycache.com/uploads/KitCouture/878443399/Kit_Couture_Baggen_Bluse_detail_medium.jpg', 'thumbnail_url': 'https://images4-g.ravelrycache.com/uploads/KitCouture/878443399/Kit_Couture_Baggen_Bluse_detail_thumbnail.jpg', 'small_url': 'https://images4-g.ravelrycache.com/uploads/KitCouture/878443399/Kit_Couture_Baggen_Bluse_detail_small_best_fit.jpg', 'flickr_url': None, 'shelved_url': 'https://images4-g.ravelrycache.com/uploads/KitCouture/878443399/Kit_Couture_Baggen_Bluse_detail_shelved.jpg', 'medium2_url': 'https://images4-a.ravelrycache.com/uploads/KitCouture/878443399/Kit_Couture_Baggen_Bluse_detail_medium2.jpg', 'small2_url': 'https://images4-g.ravelrycache.com/uploads/KitCouture/878443399/Kit_Couture_Baggen_Bluse_detail_small2.jpg', 'caption': None, 'caption_html': None, 'copyright_holder': None}, {'id': 115708616, 'sort_order': 4, 'user_id': 5658217, 'x_offset': 0, 'y_offset': 0, 'square_url': 'https://images4-g.ravelrycache.com/uploads/KitCouture/878443400/Kit_Couture_Baggen_Bluse_Back_square.jpg', 'medium_url': 'https://images4-f.ravelrycache.com/uploads/KitCouture/878443400/Kit_Couture_Baggen_Bluse_Back_medium.jpg', 'thumbnail_url': 'https://images4-g.ravelrycache.com/uploads/KitCouture/878443400/Kit_Couture_Baggen_Bluse_Back_thumbnail.jpg', 'small_url': 'https://images4-f.ravelrycache.com/uploads/KitCouture/878443400/Kit_Couture_Baggen_Bluse_Back_small_best_fit.jpg', 'flickr_url': None, 'shelved_url': 'https://images4-f.ravelrycache.com/uploads/KitCouture/878443400/Kit_Couture_Baggen_Bluse_Back_shelved.jpg', 'medium2_url': 'https://images4-a.ravelrycache.com/uploads/KitCouture/878443400/Kit_Couture_Baggen_Bluse_Back_medium2.jpg', 'small2_url': 'https://images4-g.ravelrycache.com/uploads/KitCouture/878443400/Kit_Couture_Baggen_Bluse_Back_small2.jpg', 'caption': None, 'caption_html': None, 'copyright_holder': None}]"
Usken Pullover Man,Kit Couture,1275387,https://www.ravelry.com/patterns/library/usken-pullover-man,False,https://images4-a.ravelrycache.com/uploads/KitCouture/879092041/Kit_Couture_Usken_Pullover_teaser5_medium2.jpg,Knitting,"['male', 'adult', 'textured', 'bottom-up', 'positive-ease', 'chart', 'written-pattern', 'in-the-round']",24.0,4.5,True,4.0,texture pattern,pullover,DK,16,4.6,S (M) L (XL),"[{'id': 115789112, 'sort_order': 1, 'user_id': 5658217, 'x_offset': 0, 'y_offset': 0, 'square_url': 'https://images4-f.ravelrycache.com/uploads/KitCouture/879092041/Kit_Couture_Usken_Pullover_teaser5_square.jpg', 'medium_url': 'https://images4-g.ravelrycache.com/uploads/KitCouture/879092041/Kit_Couture_Usken_Pullover_teaser5_medium.jpg', 'thumbnail_url': 'https://images4-f.ravelrycache.com/uploads/KitCouture/879092041/Kit_Couture_Usken_Pullover_teaser5_thumbnail.jpg', 'small_url': 'https://images4-g.ravelrycache.com/uploads/KitCouture/879092041/Kit_Couture_Usken_Pullover_teaser5_small_best_fit.jpg', 'flickr_url': None, 'shelved_url': 'https://images4-g.ravelrycache.com/uploads/KitCouture/879092041/Kit_Couture_Usken_Pullover_teaser5_shelved.jpg', 'medium2_url': 'https://images4-a.ravelrycache.com/uploads/KitCouture/879092041/Kit_Couture_Usken_Pullover_teaser5_medium2.jpg', 'small2_url': 'https://images4-f.ravelrycache.com/uploads/KitCouture/879092041/Kit_Couture_Usken_Pullover_teaser5_small2.jpg', 'caption': None, 'caption_html': None, 'copyright_holder': None}, {'id': 115709768, 'sort_order': 2, 'user_id': 5658217, 'x_offset': 0, 'y_offset': 0, 'square_url': 'https://images4-g.ravelrycache.com/uploads/KitCouture/878452284/Kit_Couture_Usken_Pullover_Front_Teaser_square.jpg', 'medium_url': 'https://images4-f.ravelrycache.com/uploads/KitCouture/878452284/Kit_Couture_Usken_Pullover_Front_Teaser_medium.jpg', 'thumbnail_url': 'https://images4-f.ravelrycache.com/uploads/KitCouture/878452284/Kit_Couture_Usken_Pullover_Front_Teaser_thumbnail.jpg', 'small_url': 'https://images4-g.ravelrycache.com/uploads/KitCouture/878452284/Kit_Couture_Usken_Pullover_Front_Teaser_small_best_fit.jpg', 'flickr_url': None, 'shelved_url': 'https://images4-g.ravelrycache.com/uploads/KitCouture/878452284/Kit_Couture_Usken_Pullover_Front_Teaser_shelved.jpg', 'medium2_url': 'https://images4-a.ravelrycache.com/uploads/KitCouture/878452284/Kit_Couture_Usken_Pullover_Front_Teaser_medium2.jpg', 'small2_url': 'https://images4-g.ravelrycache.com/uploads/KitCouture/878452284/Kit_Couture_Usken_Pullover_Front_Teaser_small2.jpg', 'caption': None, 'caption_html': None, 'copyright_holder': None}, {'id': 115709769, 'sort_order': 3, 'user_id': 5658217, 'x_offset': 0, 'y_offset': 0, 'square_url': 'https://images4-g.ravelrycache.com/uploads/KitCouture/878452285/Kit_Couture_Usken_Pullover_Detail2_square.jpg', 'medium_url': 'https://images4-f.ravelrycache.com/uploads/KitCouture/878452285/Kit_Couture_Usken_Pullover_Detail2_medium.jpg', 'thumbnail_url': 'https://images4-f.ravelrycache.com/uploads/KitCouture/878452285/Kit_Couture_Usken_Pullover_Detail2_thumbnail.jpg', 'small_url': 'https://images4-g.ravelrycache.com/uploads/KitCouture/878452285/Kit_Couture_Usken_Pullover_Detail2_small_best_fit.jpg', 'flickr_url': None, 'shelved_url': 'https://images4-g.ravelrycache.com/uploads/KitCouture/878452285/Kit_Couture_Usken_Pullover_Detail2_shelved.jpg', 'medium2_url': 'https://images4-a.ravelrycache.com/uploads/KitCouture/878452285/Kit_Couture_Usken_Pullover_Detail2_medium2.jpg', 'small2_url': 'https://images4-g.ravelrycache.com/uploads/KitCouture/878452285/Kit_Couture_Usken_Pullover_Detail2_small2.jpg', 'caption': None, 'caption_html': None, 'copyright_holder': None}, {'id': 115709770, 'sort_order': 4, 'user_id': 5658217, 'x_offset': 0, 'y_offset': 0, 'square_url': 'https://images4-g.ravelrycache.com/uploads/KitCouture/878452288/Kit_Couture_Usken_Pullover_detail_square.jpg', 'medium_url': 'https://images4-f.ravelrycache.com/uploads/KitCouture/878452288/Kit_Couture_Usken_Pullover_detail_medium.jpg', 'thumbnail_url': 'https://images4-g.ravelrycache.com/uploads/KitCouture/878452288/Kit_Couture_Usken_Pullover_detail_thumbnail.jpg', 'small_url': 'https://images4-f.ravelrycache.com/uploads/KitCouture/878452288/Kit_Couture_Usken_Pullover_detail_small_best_fit.jpg', 'flickr_url': None, 'shelved_url': 'https://images4-f.ravelrycache.com/uploads/KitCouture/878452288/Kit_Couture_Usken_Pullover_detail_shelved.jpg', 'medium2_url': 'https://images4-a.ravelrycache.com/uploads/KitCouture/878452288/Kit_Couture_Usken_Pullover_detail_medium2.jpg', 'small2_url': 'https://images4-g.ravelrycache.com/uploads/KitCouture/878452288/Kit_Couture_Usken_Pullover_detail_small2.jpg', 'caption': None, 'caption_html': None, 'copyright_holder': None}, {'id': 115789113, 'sort_order': 5, 'user_id': 5658217, 'x_offset': 0, 'y_offset': 0, 'square_url': 'https://images4-f.ravelrycache.com/uploads/KitCouture/879092042/Kit_Couture_Usken_Pullover_teaser4_square.jpg', 'medium_url': 'https://images4-g.ravelrycache.com/uploads/KitCouture/879092042/Kit_Couture_Usken_Pullover_teaser4_medium.jpg', 'thumbnail_url': 'https://images4-g.ravelrycache.com/uploads/KitCouture/879092042/Kit_Couture_Usken_Pullover_teaser4_thumbnail.jpg', 'small_url': 'https://images4-f.ravelrycache.com/uploads/KitCouture/879092042/Kit_Couture_Usken_Pullover_teaser4_small_best_fit.jpg', 'flickr_url': None, 'shelved_url': 'https://images4-f.ravelrycache.com/uploads/KitCouture/879092042/Kit_Couture_Usken_Pullover_teaser4_shelved.jpg', 'medium2_url': 'https://images4-a.ravelrycache.com/uploads/KitCouture/879092042/Kit_Couture_Usken_Pullover_teaser4_medium2.jpg', 'small2_url': 'https://images4-f.ravelrycache.com/uploads/KitCouture/879092042/Kit_Couture_Usken_Pullover_teaser4_small2.jpg', 'caption': None, 'caption_html': None, 'copyright_holder': None}, {'id': 115709771, 'sort_order': 6, 'user_id': 5658217, 'x_offset': 0, 'y_offset': 0, 'square_url': 'https://images4-g.ravelrycache.com/uploads/KitCouture/878452286/Kit_Couture_Usken_Pullover_back_square.jpg', 'medium_url': 'https://images4-f.ravelrycache.com/uploads/KitCouture/878452286/Kit_Couture_Usken_Pullover_back_medium.jpg', 'thumbnail_url': 'https://images4-g.ravelrycache.com/uploads/KitCouture/878452286/Kit_Couture_Usken_Pullover_back_thumbnail.jpg', 'small_url': 'https://images4-g.ravelrycache.com/uploads/KitCouture/878452286/Kit_Couture_Usken_Pullover_back_small_best_fit.jpg', 'flickr_url': None, 'shelved_url': 'https://images4-g.ravelrycache.com/uploads/KitCouture/878452286/Kit_Couture_Usken_Pullover_back_shelved.jpg', 'medium2_url': 'https://images4-a.ravelrycache.com/uploads/KitCouture/878452286/Kit_Couture_Usken_Pullover_back_medium2.jpg', 'small2_url': 'https://images4-g.ravelrycache.com/uploads/KitCouture/878452286/Kit_Couture_Usken_Pullover_back_small2.jpg', 'caption': None, 'caption_html': None, 'copyright_holder': None}]"
Vikingo,Beagle.knits,1275942,https://www.ravelry.com/patterns/library/vikingo,False,https://images4-a.ravelrycache.com/uploads/Beagle-knits/878832717/3_medium2.png,Knitting,"['unisex', 'teen', 'adult', 'textured', 'one-piece', 'seamless', 'short-rows', 'top-down', 'positive-ease', 'written-pattern', 'in-the-round', 'provisional']",15.0,4.25,True,4.0,Jersey/Stockinette stitch/Maglia rasata,pullover,Aran,10,5.0,7 tallas/7 sizes/7 taglie,"[{'id': 115757046, 'sort_order': 1, 'user_id': 8385963, 'x_offset': 0, 'y_offset': 0, 'square_url': 'https://images4-g.ravelrycache.com/uploads/Beagle-knits/878832717/3_square.png', 'medium_url': 'https://images4-f.ravelrycache.com/uploads/Beagle-knits/878832717/3_medium.png', 'thumbnail_url': 'https://images4-g.ravelrycache.com/uploads/Beagle-knits/878832717/3_thumbnail.png', 'small_url': 'https://images4-g.ravelrycache.com/uploads/Beagle-knits/878832717/3_small_best_fit.png', 'flickr_url': None, 'shelved_url': 'https://images4-f.ravelrycache.com/uploads/Beagle-knits/878832717/3_shelved.png', 'medium2_url': 'https://images4-a.ravelrycache.com/uploads/Beagle-knits/878832717/3_medium2.png', 'small2_url': 'https://images4-g.ravelrycache.com/uploads/Beagle-knits/878832717/3_small2.png', 'caption': None, 'caption_html': None, 'copyright_holder': None}, {'id': 115757047, 'sort_order': 2, 'user_id': 8385963, 'x_offset': 0, 'y_offset': 0, 'square_url': 'https://images4-f.ravelrycache.com/uploads/Beagle-knits/878832712/12_square.png', 'medium_url': 'https://images4-g.ravelrycache.com/uploads/Beagle-knits/878832712/12_medium.png', 'thumbnail_url': 'https://images4-f.ravelrycache.com/uploads/Beagle-knits/878832712/12_thumbnail.png', 'small_url': 'https://images4-g.ravelrycache.com/uploads/Beagle-knits/878832712/12_small_best_fit.png', 'flickr_url': None, 'shelved_url': 'https://images4-g.ravelrycache.com/uploads/Beagle-knits/878832712/12_shelved.png', 'medium2_url': 'https://images4-a.ravelrycache.com/uploads/Beagle-knits/878832712/12_medium2.png', 'small2_url': 'https://images4-f.ravelrycache.com/uploads/Beagle-knits/878832712/12_small2.png', 'caption': None, 'caption_html': None, 'copyright_holder': None}, {'id': 115757048, 'sort_order': 3, 'user_id': 8385963, 'x_offset': 0, 'y_offset': 0, 'square_url': 'https://images4-f.ravelrycache.com/uploads/Beagle-knits/878832708/11_square.png', 'medium_url': 'https://images4-g.ravelrycache.com/uploads/Beagle-knits/878832708/11_medium.png', 'thumbnail_url': 'https://images4-g.ravelrycache.com/uploads/Beagle-knits/878832708/11_thumbnail.png', 'small_url': 'https://images4-f.ravelrycache.com/uploads/Beagle-knits/878832708/11_small_best_fit.png', 'flickr_url': None, 'shelved_url': 'https://images4-f.ravelrycache.com/uploads/Beagle-knits/878832708/11_shelved.png', 'medium2_url': 'https://images4-a.ravelrycache.com/uploads/Beagle-knits/878832708/11_medium2.png', 'small2_url': 'https://images4-f.ravelrycache.com/uploads/Beagle-knits/878832708/11_small2.png', 'caption': None, 'caption_html': None, 'copyright_holder': None}, {'id': 115757049, 'sort_order': 4, 'user_id': 8385963, 'x_offset': 0, 'y_offset': 0, 'square_url': 'https://images4-g.ravelrycache.com/uploads/Beagle-knits/878832711/10_square.png', 'medium_url': 'https://images4-f.ravelrycache.com/uploads/Beagle-knits/878832711/10_medium.png', 'thumbnail_url': 'https://images4-f.ravelrycache.com/uploads/Beagle-knits/878832711/10_thumbnail.png', 'small_url': 'https://images4-f.ravelrycache.com/uploads/Beagle-knits/878832711/10_small_best_fit.png', 'flickr_url': None, 'shelved_url': 'https://images4-f.ravelrycache.com/uploads/Beagle-knits/878832711/10_shelved.png', 'medium2_url': 'https://images4-a.ravelrycache.com/uploads/Beagle-knits/878832711/10_medium2.png', 'small2_url': 'https://images4-g.ravelrycache.com/uploads/Beagle-knits/878832711/10_small2.png', 'caption': None, 'caption_html': None, 'copyright_holder': None}, {'id': 115757050, 'sort_order': 5, 'user_id': 8385963, 'x_offset': 0, 'y_offset': 0, 'square_url': 'https://images4-f.ravelrycache.com/uploads/Beagle-knits/878832719/9_square.png', 'medium_url': 'https://images4-g.ravelrycache.com/uploads/Beagle-knits/878832719/9_medium.png', 'thumbnail_url': 'https://images4-g.ravelrycache.com/uploads/Beagle-knits/878832719/9_thumbnail.png', 'small_url': 'https://images4-f.ravelrycache.com/uploads/Beagle-knits/878832719/9_small_best_fit.png', 'flickr_url': None, 'shelved_url': 'https://images4-f.ravelrycache.com/uploads/Beagle-knits/878832719/9_shelved.png', 'medium2_url': 'https://images4-a.ravelrycache.com/uploads/Beagle-knits/878832719/9_medium2.png', 'small2_url': 'https://images4-f.ravelrycache.com/uploads/Beagle-knits/878832719/9_small2.png', 'caption': None, 'caption_html': None, 'copyright_holder': None}, {'id': 115757051, 'sort_order': 6, 'user_id': 8385963, 'x_offset': 0, 'y_offset': 0, 'square_url': 'https://images4-f.ravelrycache.com/uploads/Beagle-knits/878832722/8_square.png', 'medium_url': 'https://images4-g.ravelrycache.com/uploads/Beagle-knits/878832722/8_medium.png', 'thumbnail_url': 'https://images4-g.ravelrycache.com/uploads/Beagle-knits/878832722/8_thumbnail.png', 'small_url': 'https://images4-f.ravelrycache.com/uploads/Beagle-knits/878832722/8_small_best_fit.png', 'flickr_url': None, 'shelved_url': 'https://images4-g.ravelrycache.com/uploads/Beagle-knits/878832722/8_shelved.png', 'medium2_url': 'https://images4-a.ravelrycache.com/uploads/Beagle-knits/878832722/8_medium2.png', 'small2_url': 'https://images4-f.ravelrycache.com/uploads/Beagle-knits/878832722/8_small2.png', 'caption': None, 'caption_html': None, 'copyright_holder': None}, {'id': 115757052, 'sort_order': 7, 'user_id': 8385963, 'x_offset': 0, 'y_offset': 0, 'square_url': 'https://images4-g.ravelrycache.com/uploads/Beagle-knits/878832709/7_square.png', 'medium_url': 'https://images4-f.ravelrycache.com/uploads/Beagle-knits/878832709/7_medium.png', 'thumbnail_url': 'https://images4-g.ravelrycache.com/uploads/Beagle-knits/878832709/7_thumbnail.png', 'small_url': 'https://images4-f.ravelrycache.com/uploads/Beagle-knits/878832709/7_small_best_fit.png', 'flickr_url': None, 'shelved_url': 'https://images4-g.ravelrycache.com/uploads/Beagle-knits/878832709/7_shelved.png', 'medium2_url': 'https://images4-a.ravelrycache.com/uploads/Beagle-knits/878832709/7_medium2.png', 'small2_url': 'https://images4-g.ravelrycache.com/uploads/Beagle-knits/878832709/7_small2.png', 'caption': None, 'caption_html': None, 'copyright_holder': None}, {'id': 115757053, 'sort_order': 8, 'user_id': 8385963, 'x_offset': 0, 'y_offset': 0, 'square_url': 'https://images4-g.ravelrycache.com/uploads/Beagle-knits/878832714/6_square.png', 'medium_url': 'https://images4-f.ravelrycache.com/uploads/Beagle-knits/878832714/6_medium.png', 'thumbnail_url': 'https://images4-g.ravelrycache.com/uploads/Beagle-knits/878832714/6_thumbnail.png', 'small_url': 'https://images4-g.ravelrycache.com/uploads/Beagle-knits/878832714/6_small_best_fit.png', 'flickr_url': None, 'shelved_url': 'https://images4-g.ravelrycache.com/uploads/Beagle-knits/878832714/6_shelved.png', 'medium2_url': 'https://images4-a.ravelrycache.com/uploads/Beagle-knits/878832714/6_medium2.png', 'small2_url': 'https://images4-g.ravelrycache.com/uploads/Beagle-knits/878832714/6_small2.png', 'caption': None, 'caption_html': None, 'copyright_holder': None}, {'id': 115757054, 'sort_order': 9, 'user_id': 8385963, 'x_offset': 0, 'y_offset': 0, 'square_url': 'https://images4-g.ravelrycache.com/uploads/Beagle-knits/878832713/5_square.png', 'medium_url': 'https://images4-f.ravelrycache.com/uploads/Beagle-knits/878832713/5_medium.png', 'thumbnail_url': 'https://images4-f.ravelrycache.com/uploads/Beagle-knits/878832713/5_thumbnail.png', 'small_url': 'https://images4-f.ravelrycache.com/uploads/Beagle-knits/878832713/5_small_best_fit.png', 'flickr_url': None, 'shelved_url': 'https://images4-g.ravelrycache.com/uploads/Beagle-knits/878832713/5_shelved.png', 'medium2_url': 'https://images4-a.ravelrycache.com/uploads/Beagle-knits/878832713/5_medium2.png', 'small2_url': 'https://images4-g.ravelrycache.com/uploads/Beagle-knits/878832713/5_small2.png', 'caption': None, 'caption_html': None, 'copyright_holder': None}, {'id': 115757055, 'sort_order': 10, 'user_id': 8385963, 'x_offset': 0, 'y_offset': 0, 'square_url': 'https://images4-f.ravelrycache.com/uploads/Beagle-knits/878832718/4_square.png', 'medium_url': 'https://images4-g.ravelrycache.com/uploads/Beagle-knits/878832718/4_medium.png', 'thumbnail_url': 'https://images4-g.ravelrycache.com/uploads/Beagle-knits/878832718/4_thumbnail.png', 'small_url': 'https://images4-g.ravelrycache.com/uploads/Beagle-knits/878832718/4_small_best_fit.png', 'flickr_url': None, 'shelved_url': 'https://images4-g.ravelrycache.com/uploads/Beagle-knits/878832718/4_shelved.png', 'medium2_url': 'https://images4-a.ravelrycache.com/uploads/Beagle-knits/878832718/4_medium2.png', 'small2_url': 'https://images4-f.ravelrycache.com/uploads/Beagle-knits/878832718/4_small2.png', 'caption': None, 'caption_html': None, 'copyright_holder': None}, {'id': 115757056, 'sort_order': 11, 'user_id': 8385963, 'x_offset': 0, 'y_offset': 0, 'square_url': 'https://images4-f.ravelrycache.com/uploads/Beagle-knits/878832715/2_square.png', 'medium_url': 'https://images4-g.ravelrycache.com/uploads/Beagle-knits/878832715/2_medium.png', 'thumbnail_url': 'https://images4-g.ravelrycache.com/uploads/Beagle-knits/878832715/2_thumbnail.png', 'small_url': 'https://images4-f.ravelrycache.com/uploads/Beagle-knits/878832715/2_small_best_fit.png', 'flickr_url': None, 'shelved_url': 'https://images4-f.ravelrycache.com/uploads/Beagle-knits/878832715/2_shelved.png', 'medium2_url': 'https://images4-a.ravelrycache.com/uploads/Beagle-knits/878832715/2_medium2.png', 'small2_url': 'https://images4-f.ravelrycache.com/uploads/Beagle-knits/878832715/2_small2.png', 'caption': None, 'caption_html': None, 'copyright_holder': None}, {'id': 115757057, 'sort_order': 12, 'user_id': 8385963, 'x_offset': 0, 'y_offset': 0, 'square_url': 'https://images4-f.ravelrycache.com/uploads/Beagle-knits/878832716/1_square.png', 'medium_url': 'https://images4-g.ravelrycache.com/uploads/Beagle-knits/878832716/1_medium.png', 'thumbnail_url': 'https://images4-f.ravelrycache.com/uploads/Beagle-knits/878832716/1_thumbnail.png', 'small_url': 'https://images4-g.ravelrycache.com/uploads/Beagle-knits/878832716/1_small_best_fit.png', 'flickr_url': None, 'shelved_url': 'https://images4-f.ravelrycache.com/uploads/Beagle-knits/878832716/1_shelved.png', 'medium2_url': 'https://images4-a.ravelrycache.com/uploads/Beagle-knits/878832716/1_medium2.png', 'small2_url': 'https://images4-f.ravelrycache.com/uploads/Beagle-knits/878832716/1_small2.png', 'caption': None, 'caption_html': None, 'copyright_holder': None}]"
Suéter Estambul,Janis Campusano Peñaloza,1276139,https://www.ravelry.com/patterns/library/sueter-estambul,False,https://images4-a.ravelrycache.com/uploads/ChileanwoolShop/887080379/20221107_142654_medium2.png,Knitting,"['top-down', 'other-colorwork', 'stripes', 'textured', 'circular-yoke', 'long-sleeve', 'elbow-sleeve', 'short-sleeve', 'one-piece', 'seamless', 'short-rows', 'written-pattern', 'in-the-round', 'stripes-colorwork', 'schematic']",25.0,4.363636363636363,True,4.0,,pullover,Fingering,24,5.0,"Tallas 1 (2, 3, 4) [5, 6, 7, 8] ","[{'id': 116784479, 'sort_order': 1, 'user_id': 10157646, 'x_offset': 0, 'y_offset': 0, 'square_url': 'https://images4-g.ravelrycache.com/uploads/ChileanwoolShop/887080379/20221107_142654_square.png', 'medium_url': 'https://images4-f.ravelrycache.com/uploads/ChileanwoolShop/887080379/20221107_142654_medium.png', 'thumbnail_url': 'https://images4-f.ravelrycache.com/uploads/ChileanwoolShop/887080379/20221107_142654_thumbnail.png', 'small_url': 'https://images4-f.ravelrycache.com/uploads/ChileanwoolShop/887080379/20221107_142654_small_best_fit.png', 'flickr_url': None, 'shelved_url': 'https://images4-g.ravelrycache.com/uploads/ChileanwoolShop/887080379/20221107_142654_shelved.png', 'medium2_url': 'https://images4-a.ravelrycache.com/uploads/ChileanwoolShop/887080379/20221107_142654_medium2.png', 'small2_url': 'https://images4-g.ravelrycache.com/uploads/ChileanwoolShop/887080379/20221107_142654_small2.png', 'caption': None, 'caption_html': None, 'copyright_holder': None}, {'id': 116784449, 'sort_order': 2, 'user_id': 10157646, 'x_offset': 0, 'y_offset': 0, 'square_url': 'https://images4-g.ravelrycache.com/uploads/ChileanwoolShop/887080108/20221107_144559_square.png', 'medium_url': 'https://images4-f.ravelrycache.com/uploads/ChileanwoolShop/887080108/20221107_144559_medium.png', 'thumbnail_url': 'https://images4-f.ravelrycache.com/uploads/ChileanwoolShop/887080108/20221107_144559_thumbnail.png', 'small_url': 'https://images4-f.ravelrycache.com/uploads/ChileanwoolShop/887080108/20221107_144559_small_best_fit.png', 'flickr_url': None, 'shelved_url': 'https://images4-f.ravelrycache.com/uploads/ChileanwoolShop/887080108/20221107_144559_shelved.png', 'medium2_url': 'https://images4-a.ravelrycache.com/uploads/ChileanwoolShop/887080108/20221107_144559_medium2.png', 'small2_url': 'https://images4-g.ravelrycache.com/uploads/ChileanwoolShop/887080108/20221107_144559_small2.png', 'caption': None, 'caption_html': None, 'copyright_holder': None}, {'id': 116784456, 'sort_order': 3, 'user_id': 10157646, 'x_offset': 0, 'y_offset': 0, 'square_url': 'https://images4-f.ravelrycache.com/uploads/ChileanwoolShop/887080177/20221107_134709_square.png', 'medium_url': 'https://images4-g.ravelrycache.com/uploads/ChileanwoolShop/887080177/20221107_134709_medium.png', 'thumbnail_url': 'https://images4-f.ravelrycache.com/uploads/ChileanwoolShop/887080177/20221107_134709_thumbnail.png', 'small_url': 'https://images4-g.ravelrycache.com/uploads/ChileanwoolShop/887080177/20221107_134709_small_best_fit.png', 'flickr_url': None, 'shelved_url': 'https://images4-f.ravelrycache.com/uploads/ChileanwoolShop/887080177/20221107_134709_shelved.png', 'medium2_url': 'https://images4-a.ravelrycache.com/uploads/ChileanwoolShop/887080177/20221107_134709_medium2.png', 'small2_url': 'https://images4-f.ravelrycache.com/uploads/ChileanwoolShop/887080177/20221107_134709_small2.png', 'caption': None, 'caption_html': None, 'copyright_holder': None}, {'id': 116784464, 'sort_order': 4, 'user_id': 10157646, 'x_offset': 0, 'y_offset': 0, 'square_url': 'https://images4-f.ravelrycache.com/uploads/ChileanwoolShop/887080216/20221028_125620_square.jpg', 'medium_url': 'https://images4-g.ravelrycache.com/uploads/ChileanwoolShop/887080216/20221028_125620_medium.jpg', 'thumbnail_url': 'https://images4-g.ravelrycache.com/uploads/ChileanwoolShop/887080216/20221028_125620_thumbnail.jpg', 'small_url': 'https://images4-g.ravelrycache.com/uploads/ChileanwoolShop/887080216/20221028_125620_small_best_fit.jpg', 'flickr_url': None, 'shelved_url': 'https://images4-g.ravelrycache.com/uploads/ChileanwoolShop/887080216/20221028_125620_shelved.jpg', 'medium2_url': 'https://images4-a.ravelrycache.com/uploads/ChileanwoolShop/887080216/20221028_125620_medium2.jpg', 'small2_url': 'https://images4-f.ravelrycache.com/uploads/ChileanwoolShop/887080216/20221028_125620_small2.jpg', 'caption': None, 'caption_html': None, 'copyright_holder': None}]"
Tuile Sweater / Tuile Sweater no collar edition,Yuka Tomioka,1276151,https://www.ravelry.com/patterns/library/tuile-sweater---tuile-sweater-no-collar-edition,False,https://images4-a.ravelrycache.com/uploads/yetymama/879019231/AC0D2172-17BC-46F2-A0DE-A7826D29F10E_medium2.jpeg,Knitting,"['female', 'teen', 'adult', 'collar', 'ruffles', 'top-down', 'positive-ease', 'written-pattern', 'in-the-round', 'textured', 'raglan-sleeve', 'video-tutorial']",18.0,3.0,True,4.0,,pullover,Aran,18,5.0,"XS (S, M, L) XL : 91 (98, 105, 111) 118 cm / 35.75 (38.5, 41, 43.75) 46.25 inches at bust","[{'id': 115780414, 'sort_order': 1, 'user_id': 8444171, 'x_offset': 0, 'y_offset': -22, 'square_url': 'https://images4-g.ravelrycache.com/uploads/yetymama/879019231/AC0D2172-17BC-46F2-A0DE-A7826D29F10E_square.jpeg', 'medium_url': 'https://images4-g.ravelrycache.com/uploads/yetymama/879019231/AC0D2172-17BC-46F2-A0DE-A7826D29F10E_medium.jpeg', 'thumbnail_url': 'https://images4-f.ravelrycache.com/uploads/yetymama/879019231/AC0D2172-17BC-46F2-A0DE-A7826D29F10E_thumbnail.jpeg', 'small_url': 'https://images4-f.ravelrycache.com/uploads/yetymama/879019231/AC0D2172-17BC-46F2-A0DE-A7826D29F10E_small_best_fit.jpeg', 'flickr_url': None, 'shelved_url': 'https://images4-g.ravelrycache.com/uploads/yetymama/879019231/AC0D2172-17BC-46F2-A0DE-A7826D29F10E_shelved.jpeg', 'medium2_url': 'https://images4-a.ravelrycache.com/uploads/yetymama/879019231/AC0D2172-17BC-46F2-A0DE-A7826D29F10E_medium2.jpeg', 'small2_url': 'https://images4-f.ravelrycache.com/uploads/yetymama/879019231/AC0D2172-17BC-46F2-A0DE-A7826D29F10E_small2.jpeg', 'caption': 'Sample 1 :\nYarn used Oenling no.1 for body& sleeves, Seika for collar.', 'caption_html': 'Sample 1 :\nYarn used Oenling no.1 for body& sleeves, Seika for collar.', 'copyright_holder': ''}, {'id': 115780415, 'sort_order': 2, 'user_id': 8444171, 'x_offset': 0, 'y_offset': -22, 'square_url': 'https://images4-f.ravelrycache.com/uploads/yetymama/879019235/0C23C7D1-2D82-4AAB-B357-685255E7BD64_square.jpeg', 'medium_url': 'https://images4-f.ravelrycache.com/uploads/yetymama/879019235/0C23C7D1-2D82-4AAB-B357-685255E7BD64_medium.jpeg', 'thumbnail_url': 'https://images4-f.ravelrycache.com/uploads/yetymama/879019235/0C23C7D1-2D82-4AAB-B357-685255E7BD64_thumbnail.jpeg', 'small_url': 'https://images4-g.ravelrycache.com/uploads/yetymama/879019235/0C23C7D1-2D82-4AAB-B357-685255E7BD64_small_best_fit.jpeg', 'flickr_url': None, 'shelved_url': 'https://images4-f.ravelrycache.com/uploads/yetymama/879019235/0C23C7D1-2D82-4AAB-B357-685255E7BD64_shelved.jpeg', 'medium2_url': 'https://images4-a.ravelrycache.com/uploads/yetymama/879019235/0C23C7D1-2D82-4AAB-B357-685255E7BD64_medium2.jpeg', 'small2_url': 'https://images4-g.ravelrycache.com/uploads/yetymama/879019235/0C23C7D1-2D82-4AAB-B357-685255E7BD64_small2.jpeg', 'caption': '159cm tall model wearing size XS with 11cm of positive ease.', 'caption_html': '159cm tall model wearing size XS with 11cm of positive ease.', 'copyright_holder': ''}, {'id': 115780416, 'sort_order': 3, 'user_id': 8444171, 'x_offset': 0, 'y_offset': -22, 'square_url': 'https://images4-g.ravelrycache.com/uploads/yetymama/879019232/08A30171-F76B-4E9F-9AD1-642475624CD9_square.jpeg', 'medium_url': 'https://images4-g.ravelrycache.com/uploads/yetymama/879019232/08A30171-F76B-4E9F-9AD1-642475624CD9_medium.jpeg', 'thumbnail_url': 'https://images4-f.ravelrycache.com/uploads/yetymama/879019232/08A30171-F76B-4E9F-9AD1-642475624CD9_thumbnail.jpeg', 'small_url': 'https://images4-f.ravelrycache.com/uploads/yetymama/879019232/08A30171-F76B-4E9F-9AD1-642475624CD9_small_best_fit.jpeg', 'flickr_url': None, 'shelved_url': 'https://images4-g.ravelrycache.com/uploads/yetymama/879019232/08A30171-F76B-4E9F-9AD1-642475624CD9_shelved.jpeg', 'medium2_url': 'https://images4-a.ravelrycache.com/uploads/yetymama/879019232/08A30171-F76B-4E9F-9AD1-642475624CD9_medium2.jpeg', 'small2_url': 'https://images4-f.ravelrycache.com/uploads/yetymama/879019232/08A30171-F76B-4E9F-9AD1-642475624CD9_small2.jpeg', 'caption': None, 'caption_html': None, 'copyright_holder': None}, {'id': 115780417, 'sort_order': 4, 'user_id': 8444171, 'x_offset': 0, 'y_offset': -22, 'square_url': 'https://images4-f.ravelrycache.com/uploads/yetymama/879019236/DD8B5E91-BA5D-4533-B0C7-48CB8CC73E6B_square.jpeg', 'medium_url': 'https://images4-f.ravelrycache.com/uploads/yetymama/879019236/DD8B5E91-BA5D-4533-B0C7-48CB8CC73E6B_medium.jpeg', 'thumbnail_url': 'https://images4-g.ravelrycache.com/uploads/yetymama/879019236/DD8B5E91-BA5D-4533-B0C7-48CB8CC73E6B_thumbnail.jpeg', 'small_url': 'https://images4-g.ravelrycache.com/uploads/yetymama/879019236/DD8B5E91-BA5D-4533-B0C7-48CB8CC73E6B_small_best_fit.jpeg', 'flickr_url': None, 'shelved_url': 'https://images4-f.ravelrycache.com/uploads/yetymama/879019236/DD8B5E91-BA5D-4533-B0C7-48CB8CC73E6B_shelved.jpeg', 'medium2_url': 'https://images4-a.ravelrycache.com/uploads/yetymama/879019236/DD8B5E91-BA5D-4533-B0C7-48CB8CC73E6B_medium2.jpeg', 'small2_url': 'https://images4-g.ravelrycache.com/uploads/yetymama/879019236/DD8B5E91-BA5D-4533-B0C7-48CB8CC73E6B_small2.jpeg', 'caption': 'Sample2: Yarn used Tvinni and Silk mohair from isager held together for body&sleeves, Single strand of isager silk mohair for collar.', 'caption_html': 'Sample2: Yarn used Tvinni and Silk mohair from isager held together for body&sleeves, Single strand of isager silk mohair for collar.', 'copyright_holder': ''}, {'id': 115780418, 'sort_order': 5, 'user_id': 8444171, 'x_offset': 0, 'y_offset': -22, 'square_url': 'https://images4-f.ravelrycache.com/uploads/yetymama/879019234/E5598859-F0FE-4CA6-97AC-56F054C5C303_square.jpeg', 'medium_url': 'https://images4-f.ravelrycache.com/uploads/yetymama/879019234/E5598859-F0FE-4CA6-97AC-56F054C5C303_medium.jpeg', 'thumbnail_url': 'https://images4-f.ravelrycache.com/uploads/yetymama/879019234/E5598859-F0FE-4CA6-97AC-56F054C5C303_thumbnail.jpeg', 'small_url': 'https://images4-g.ravelrycache.com/uploads/yetymama/879019234/E5598859-F0FE-4CA6-97AC-56F054C5C303_small_best_fit.jpeg', 'flickr_url': None, 'shelved_url': 'https://images4-f.ravelrycache.com/uploads/yetymama/879019234/E5598859-F0FE-4CA6-97AC-56F054C5C303_shelved.jpeg', 'medium2_url': 'https://images4-a.ravelrycache.com/uploads/yetymama/879019234/E5598859-F0FE-4CA6-97AC-56F054C5C303_medium2.jpeg', 'small2_url': 'https://images4-g.ravelrycache.com/uploads/yetymama/879019234/E5598859-F0FE-4CA6-97AC-56F054C5C303_small2.jpeg', 'caption': '159cm tall model wearing size M with 25cm of positive ease.', 'caption_html': '159cm tall model wearing size M with 25cm of positive ease.', 'copyright_holder': ''}, {'id': 117791545, 'sort_order': 6, 'user_id': 8444171, 'x_offset': -2, 'y_offset': -11, 'square_url': 'https://images4-f.ravelrycache.com/uploads/yetymama/895213916/7802E697-37D1-4191-B078-99FD56C9C35A_square.jpeg', 'medium_url': 'https://images4-f.ravelrycache.com/uploads/yetymama/895213916/7802E697-37D1-4191-B078-99FD56C9C35A_medium.jpeg', 'thumbnail_url': 'https://images4-f.ravelrycache.com/uploads/yetymama/895213916/7802E697-37D1-4191-B078-99FD56C9C35A_thumbnail.jpeg', 'small_url': 'https://images4-g.ravelrycache.com/uploads/yetymama/895213916/7802E697-37D1-4191-B078-99FD56C9C35A_small_best_fit.jpeg', 'flickr_url': None, 'shelved_url': 'https://images4-g.ravelrycache.com/uploads/yetymama/895213916/7802E697-37D1-4191-B078-99FD56C9C35A_shelved.jpeg', 'medium2_url': 'https://images4-a.ravelrycache.com/uploads/yetymama/895213916/7802E697-37D1-4191-B078-99FD56C9C35A_medium2.jpeg', 'small2_url': 'https://images4-g.ravelrycache.com/uploads/yetymama/895213916/7802E697-37D1-4191-B078-99FD56C9C35A_small2.jpeg', 'caption': '159cm tall model wearing size S with 18cm of positive ease.', 'caption_html': '159cm tall model wearing size S with 18cm of positive ease.', 'copyright_holder': ''}, {'id': 117791544, 'sort_order': 7, 'user_id': 8444171, 'x_offset': 0, 'y_offset': -1, 'square_url': 'https://images4-f.ravelrycache.com/uploads/yetymama/895213914/813655EE-6EBB-4A1D-89E8-C2E965B66F31_square.jpeg', 'medium_url': 'https://images4-f.ravelrycache.com/uploads/yetymama/895213914/813655EE-6EBB-4A1D-89E8-C2E965B66F31_medium.jpeg', 'thumbnail_url': 'https://images4-g.ravelrycache.com/uploads/yetymama/895213914/813655EE-6EBB-4A1D-89E8-C2E965B66F31_thumbnail.jpeg', 'small_url': 'https://images4-f.ravelrycache.com/uploads/yetymama/895213914/813655EE-6EBB-4A1D-89E8-C2E965B66F31_small_best_fit.jpeg', 'flickr_url': None, 'shelved_url': 'https://images4-g.ravelrycache.com/uploads/yetymama/895213914/813655EE-6EBB-4A1D-89E8-C2E965B66F31_shelved.jpeg', 'medium2_url': 'https://images4-a.ravelrycache.com/uploads/yetymama/895213914/813655EE-6EBB-4A1D-89E8-C2E965B66F31_medium2.jpeg', 'small2_url': 'https://images4-g.ravelrycache.com/uploads/yetymama/895213914/813655EE-6EBB-4A1D-89E8-C2E965B66F31_small2.jpeg', 'caption': 'Sample3 : Yarn used Knitting for Olive Merino + Soft Solk Mohair ; held each yarn together throughout.', 'caption_html': 'Sample3 : Yarn used Knitting for Olive Merino + Soft Solk Mohair ; held each yarn together throughout.', 'copyright_holder': ''}, {'id': 117791713, 'sort_order': 8, 'user_id': 8444171, 'x_offset': -1, 'y_offset': -15, 'square_url': 'https://images4-f.ravelrycache.com/uploads/yetymama/895215288/CFD61FC1-00B7-485D-A98C-6D2FF070AFAB_square.jpeg', 'medium_url': 'https://images4-f.ravelrycache.com/uploads/yetymama/895215288/CFD61FC1-00B7-485D-A98C-6D2FF070AFAB_medium.jpeg', 'thumbnail_url': 'https://images4-f.ravelrycache.com/uploads/yetymama/895215288/CFD61FC1-00B7-485D-A98C-6D2FF070AFAB_thumbnail.jpeg', 'small_url': 'https://images4-f.ravelrycache.com/uploads/yetymama/895215288/CFD61FC1-00B7-485D-A98C-6D2FF070AFAB_small_best_fit.jpeg', 'flickr_url': None, 'shelved_url': 'https://images4-g.ravelrycache.com/uploads/yetymama/895215288/CFD61FC1-00B7-485D-A98C-6D2FF070AFAB_shelved.jpeg', 'medium2_url': 'https://images4-a.ravelrycache.com/uploads/yetymama/895215288/CFD61FC1-00B7-485D-A98C-6D2FF070AFAB_medium2.jpeg', 'small2_url': 'https://images4-g.ravelrycache.com/uploads/yetymama/895215288/CFD61FC1-00B7-485D-A98C-6D2FF070AFAB_small2.jpeg', 'caption': None, 'caption_html': None, 'copyright_holder': ''}, {'id': 116374574, 'sort_order': 9, 'user_id': 8444171, 'x_offset': -2, 'y_offset': -8, 'square_url': 'https://images4-g.ravelrycache.com/uploads/yetymama/883785885/62C8B741-CDF9-4D59-B406-998089518385_square.jpeg', 'medium_url': 'https://images4-g.ravelrycache.com/uploads/yetymama/883785885/62C8B741-CDF9-4D59-B406-998089518385_medium.jpeg', 'thumbnail_url': 'https://images4-g.ravelrycache.com/uploads/yetymama/883785885/62C8B741-CDF9-4D59-B406-998089518385_thumbnail.jpeg', 'small_url': 'https://images4-f.ravelrycache.com/uploads/yetymama/883785885/62C8B741-CDF9-4D59-B406-998089518385_small_best_fit.jpeg', 'flickr_url': None, 'shelved_url': 'https://images4-f.ravelrycache.com/uploads/yetymama/883785885/62C8B741-CDF9-4D59-B406-998089518385_shelved.jpeg', 'medium2_url': 'https://images4-a.ravelrycache.com/uploads/yetymama/883785885/62C8B741-CDF9-4D59-B406-998089518385_medium2.jpeg', 'small2_url': 'https://images4-f.ravelrycache.com/uploads/yetymama/883785885/62C8B741-CDF9-4D59-B406-998089518385_small2.jpeg', 'caption': None, 'caption_html': None, 'copyright_holder': ''}]"
Nordura,Kirsten-Michele,1276541,https://www.ravelry.com/patterns/library/nordura,False,https://images4-a.ravelrycache.com/uploads/Kirsten-Michele/875127361/IMG_5496__2__medium2.jpg,Knitting,"['female', 'teen', 'adult', 'circular-yoke', 'waist', 'stranded', 'one-piece', 'seamless', 'short-rows', 'top-down', 'Shetland', 'circle-shaped', 'positive-ease', 'chart', 'fairisle', 'in-the-round', 'stripes-colorwork', 'icelandic', 'norwegian']",20.0,0.0,True,4.0,,pullover,DK,17,5.0,XS to 5XL,"[{'id': 115811338, 'sort_order': 1, 'user_id': 6246581, 'x_offset': 0, 'y_offset': -37, 'square_url': 'https://images4-g.ravelrycache.com/uploads/Kirsten-Michele/875127361/IMG_5496__2__square.jpg', 'medium_url': 'https://images4-f.ravelrycache.com/uploads/Kirsten-Michele/875127361/IMG_5496__2__medium.jpg', 'thumbnail_url': 'https://images4-g.ravelrycache.com/uploads/Kirsten-Michele/875127361/IMG_5496__2__thumbnail.jpg', 'small_url': 'https://images4-g.ravelrycache.com/uploads/Kirsten-Michele/875127361/IMG_5496__2__small_best_fit.jpg', 'flickr_url': None, 'shelved_url': 'https://images4-g.ravelrycache.com/uploads/Kirsten-Michele/875127361/IMG_5496__2__shelved.jpg', 'medium2_url': 'https://images4-a.ravelrycache.com/uploads/Kirsten-Michele/875127361/IMG_5496__2__medium2.jpg', 'small2_url': 'https://images4-g.ravelrycache.com/uploads/Kirsten-Michele/875127361/IMG_5496__2__small2.jpg', 'caption': None, 'caption_html': None, 'copyright_holder': None}, {'id': 115811339, 'sort_order': 2, 'user_id': 6246581, 'x_offset': -1, 'y_offset': -40, 'square_url': 'https://images4-f.ravelrycache.com/uploads/Kirsten-Michele/875127426/IMG_5474__2__square.jpg', 'medium_url': 'https://images4-g.ravelrycache.com/uploads/Kirsten-Michele/875127426/IMG_5474__2__medium.jpg', 'thumbnail_url': 'https://images4-g.ravelrycache.com/uploads/Kirsten-Michele/875127426/IMG_5474__2__thumbnail.jpg', 'small_url': 'https://images4-g.ravelrycache.com/uploads/Kirsten-Michele/875127426/IMG_5474__2__small_best_fit.jpg', 'flickr_url': None, 'shelved_url': 'https://images4-f.ravelrycache.com/uploads/Kirsten-Michele/875127426/IMG_5474__2__shelved.jpg', 'medium2_url': 'https://images4-a.ravelrycache.com/uploads/Kirsten-Michele/875127426/IMG_5474__2__medium2.jpg', 'small2_url': 'https://images4-f.ravelrycache.com/uploads/Kirsten-Michele/875127426/IMG_5474__2__small2.jpg', 'caption': None, 'caption_html': None, 'copyright_holder': None}, {'id': 115811340, 'sort_order': 3, 'user_id': 6246581, 'x_offset': -3, 'y_offset': -35, 'square_url': 'https://images4-f.ravelrycache.com/uploads/Kirsten-Michele/875127257/IMG_5478__2__square.jpg', 'medium_url': 'https://images4-g.ravelrycache.com/uploads/Kirsten-Michele/875127257/IMG_5478__2__medium.jpg', 'thumbnail_url': 'https://images4-g.ravelrycache.com/uploads/Kirsten-Michele/875127257/IMG_5478__2__thumbnail.jpg', 'small_url': 'https://images4-g.ravelrycache.com/uploads/Kirsten-Michele/875127257/IMG_5478__2__small.jpg', 'flickr_url': None, 'shelved_url': 'https://images4-g.ravelrycache.com/uploads/Kirsten-Michele/875127257/IMG_5478__2__shelved.jpg', 'medium2_url': 'https://images4-a.ravelrycache.com/uploads/Kirsten-Michele/875127257/IMG_5478__2__medium2.jpg', 'small2_url': 'https://images4-f.ravelrycache.com/uploads/Kirsten-Michele/875127257/IMG_5478__2__small2.jpg', 'caption': None, 'caption_html': None, 'copyright_holder': None}, {'id': 115811341, 'sort_order': 4, 'user_id': 6246581, 'x_offset': -17, 'y_offset': 0, 'square_url': 'https://images4-f.ravelrycache.com/uploads/Kirsten-Michele/875127302/IMG_5484__2__square.jpg', 'medium_url': 'https://images4-g.ravelrycache.com/uploads/Kirsten-Michele/875127302/IMG_5484__2__medium.jpg', 'thumbnail_url': 'https://images4-f.ravelrycache.com/uploads/Kirsten-Michele/875127302/IMG_5484__2__thumbnail.jpg', 'small_url': 'https://images4-g.ravelrycache.com/uploads/Kirsten-Michele/875127302/IMG_5484__2__small_best_fit.jpg', 'flickr_url': None, 'shelved_url': 'https://images4-f.ravelrycache.com/uploads/Kirsten-Michele/875127302/IMG_5484__2__shelved.jpg', 'medium2_url': 'https://images4-a.ravelrycache.com/uploads/Kirsten-Michele/875127302/IMG_5484__2__medium2.jpg', 'small2_url': 'https://images4-f.ravelrycache.com/uploads/Kirsten-Michele/875127302/IMG_5484__2__small2.jpg', 'caption': None, 'caption_html': None, 'copyright_holder': None}, {'id': 115811342, 'sort_order': 5, 'user_id': 6246581, 'x_offset': 0, 'y_offset': -2, 'square_url': 'https://images4-g.ravelrycache.com/uploads/Kirsten-Michele/875127291/IMG_5488__2__square.jpg', 'medium_url': 'https://images4-f.ravelrycache.com/uploads/Kirsten-Michele/875127291/IMG_5488__2__medium.jpg', 'thumbnail_url': 'https://images4-g.ravelrycache.com/uploads/Kirsten-Michele/875127291/IMG_5488__2__thumbnail.jpg', 'small_url': 'https://images4-g.ravelrycache.com/uploads/Kirsten-Michele/875127291/IMG_5488__2__small_best_fit.jpg', 'flickr_url': None, 'shelved_url': 'https://images4-f.ravelrycache.com/uploads/Kirsten-Michele/875127291/IMG_5488__2__shelved.jpg', 'medium2_url': 'https://images4-a.ravelrycache.com/uploads/Kirsten-Michele/875127291/IMG_5488__2__medium2.jpg', 'small2_url': 'https://images4-g.ravelrycache.com/uploads/Kirsten-Michele/875127291/IMG_5488__2__small2.jpg', 'caption': None, 'caption_html': None, 'copyright_holder': None}, {'id': 115811343, 'sort_order': 6, 'user_id': 6246581, 'x_offset': 0, 'y_offset': -43, 'square_url': 'https://images4-f.ravelrycache.com/uploads/Kirsten-Michele/837770759/IMG_5193_square.JPG', 'medium_url': 'https://images4-g.ravelrycache.com/uploads/Kirsten-Michele/837770759/IMG_5193_medium.JPG', 'thumbnail_url': 'https://images4-f.ravelrycache.com/uploads/Kirsten-Michele/837770759/IMG_5193_thumbnail.JPG', 'small_url': 'https://images4-g.ravelrycache.com/uploads/Kirsten-Michele/837770759/IMG_5193_small_best_fit.JPG', 'flickr_url': None, 'shelved_url': 'https://images4-g.ravelrycache.com/uploads/Kirsten-Michele/837770759/IMG_5193_shelved.JPG', 'medium2_url': 'https://images4-a.ravelrycache.com/uploads/Kirsten-Michele/837770759/IMG_5193_medium2.JPG', 'small2_url': 'https://images4-f.ravelrycache.com/uploads/Kirsten-Michele/837770759/IMG_5193_small2.JPG', 'caption': None, 'caption_html': None, 'copyright_holder': None}, {'id': 115811344, 'sort_order': 7, 'user_id': 6246581, 'x_offset': 0, 'y_offset': -43, 'square_url': 'https://images4-f.ravelrycache.com/uploads/Kirsten-Michele/837770551/IMG_5195__2__square.JPG', 'medium_url': 'https://images4-g.ravelrycache.com/uploads/Kirsten-Michele/837770551/IMG_5195__2__medium.JPG', 'thumbnail_url': 'https://images4-f.ravelrycache.com/uploads/Kirsten-Michele/837770551/IMG_5195__2__thumbnail.JPG', 'small_url': 'https://images4-g.ravelrycache.com/uploads/Kirsten-Michele/837770551/IMG_5195__2__small_best_fit.JPG', 'flickr_url': None, 'shelved_url': 'https://images4-g.ravelrycache.com/uploads/Kirsten-Michele/837770551/IMG_5195__2__shelved.JPG', 'medium2_url': 'https://images4-a.ravelrycache.com/uploads/Kirsten-Michele/837770551/IMG_5195__2__medium2.JPG', 'small2_url': 'https://images4-f.ravelrycache.com/uploads/Kirsten-Michele/837770551/IMG_5195__2__small2.JPG', 'caption': None, 'caption_html': None, 'copyright_holder': None}, {'id': 115811345, 'sort_order': 8, 'user_id': 6246581, 'x_offset': 0, 'y_offset': -43, 'square_url': 'https://images4-g.ravelrycache.com/uploads/Kirsten-Michele/837770831/IMG_5206_square.JPG', 'medium_url': 'https://images4-f.ravelrycache.com/uploads/Kirsten-Michele/837770831/IMG_5206_medium.JPG', 'thumbnail_url': 'https://images4-f.ravelrycache.com/uploads/Kirsten-Michele/837770831/IMG_5206_thumbnail.JPG', 'small_url': 'https://images4-f.ravelrycache.com/uploads/Kirsten-Michele/837770831/IMG_5206_small_best_fit.JPG', 'flickr_url': None, 'shelved_url': 'https://images4-f.ravelrycache.com/uploads/Kirsten-Michele/837770831/IMG_5206_shelved.JPG', 'medium2_url': 'https://images4-a.ravelrycache.com/uploads/Kirsten-Michele/837770831/IMG_5206_medium2.JPG', 'small2_url': 'https://images4-g.ravelrycache.com/uploads/Kirsten-Michele/837770831/IMG_5206_small2.JPG', 'caption': None, 'caption_html': None, 'copyright_holder': None}, {'id': 115811346, 'sort_order': 9, 'user_id': 6246581, 'x_offset': -43, 'y_offset': 0, 'square_url': 'https://images4-f.ravelrycache.com/uploads/Kirsten-Michele/837770835/IMG_5209_square.JPG', 'medium_url': 'https://images4-g.ravelrycache.com/uploads/Kirsten-Michele/837770835/IMG_5209_medium.JPG', 'thumbnail_url': 'https://images4-g.ravelrycache.com/uploads/Kirsten-Michele/837770835/IMG_5209_thumbnail.JPG', 'small_url': 'https://images4-f.ravelrycache.com/uploads/Kirsten-Michele/837770835/IMG_5209_small_best_fit.JPG', 'flickr_url': None, 'shelved_url': 'https://images4-g.ravelrycache.com/uploads/Kirsten-Michele/837770835/IMG_5209_shelved.JPG', 'medium2_url': 'https://images4-a.ravelrycache.com/uploads/Kirsten-Michele/837770835/IMG_5209_medium2.JPG', 'small2_url': 'https://images4-f.ravelrycache.com/uploads/Kirsten-Michele/837770835/IMG_5209_small2.JPG', 'caption': None, 'caption_html': None, 'copyright_holder': None}]"
Raglangenser,Olaug Beate Bjelland,1276700,https://www.ravelry.com/patterns/library/raglangenser-5,True,https://images4-a.ravelrycache.com/uploads/mfrengen/879361040/EAAB5F5C-7FD2-448B-891C-B4971425ACA6_medium2.jpeg,Knitting,"['toddler', 'child', 'unisex', 'top-down']",20.0,0.0,True,4.0,,child,Worsted,5,0.0,(2) 4 (6) 8 (10) 12 år,"[{'id': 115822779, 'sort_order': 1, 'user_id': 6152382, 'x_offset': -1, 'y_offset': -37, 'square_url': 'https://images4-f.ravelrycache.com/uploads/mfrengen/879361040/EAAB5F5C-7FD2-448B-891C-B4971425ACA6_square.jpeg', 'medium_url': 'https://images4-f.ravelrycache.com/uploads/mfrengen/879361040/EAAB5F5C-7FD2-448B-891C-B4971425ACA6_medium.jpeg', 'thumbnail_url': 'https://images4-f.ravelrycache.com/uploads/mfrengen/879361040/EAAB5F5C-7FD2-448B-891C-B4971425ACA6_thumbnail.jpeg', 'small_url': 'https://images4-f.ravelrycache.com/uploads/mfrengen/879361040/EAAB5F5C-7FD2-448B-891C-B4971425ACA6_small_best_fit.jpeg', 'flickr_url': None, 'shelved_url': 'https://images4-f.ravelrycache.com/uploads/mfrengen/879361040/EAAB5F5C-7FD2-448B-891C-B4971425ACA6_shelved.jpeg', 'medium2_url': 'https://images4-a.ravelrycache.com/uploads/mfrengen/879361040/EAAB5F5C-7FD2-448B-891C-B4971425ACA6_medium2.jpeg', 'small2_url': 'https://images4-g.ravelrycache.com/uploads/mfrengen/879361040/EAAB5F5C-7FD2-448B-891C-B4971425ACA6_small2.jpeg', 'caption': None, 'caption_html': None, 'copyright_holder': None}]"
Sweater TEN - Hoodie,Sylvia Heidinger,1276801,https://www.ravelry.com/patterns/library/sweater-ten---hoodie,False,https://images4-a.ravelrycache.com/uploads/belletricots/879433863/Gallery5_medium2.jpg,Knitting,"['unisex', 'adult', 'oversized', 'ribbed', 'hood', 'long-sleeve', 'straight', 'one-piece', 'seamless', 'top-down', 'positive-ease', 'written-pattern', 'worked-flat', 'in-the-round', 'male', 'female']",20.0,4.333333333333333,True,4.0,Stockinette Stitch in the round on larger needles,pullover,DK,7,4.0,"XXS, XS, S (M, L, XL) [2XL, 3XL, 4XL] (sample shown in size XL to be worn oversized)","[{'id': 115831667, 'sort_order': 1, 'user_id': 10306077, 'x_offset': 0, 'y_offset': -23, 'square_url': 'https://images4-f.ravelrycache.com/uploads/belletricots/879433863/Gallery5_square.jpg', 'medium_url': 'https://images4-g.ravelrycache.com/uploads/belletricots/879433863/Gallery5_medium.jpg', 'thumbnail_url': 'https://images4-f.ravelrycache.com/uploads/belletricots/879433863/Gallery5_thumbnail.jpg', 'small_url': 'https://images4-f.ravelrycache.com/uploads/belletricots/879433863/Gallery5_small_best_fit.jpg', 'flickr_url': None, 'shelved_url': 'https://images4-g.ravelrycache.com/uploads/belletricots/879433863/Gallery5_shelved.jpg', 'medium2_url': 'https://images4-a.ravelrycache.com/uploads/belletricots/879433863/Gallery5_medium2.jpg', 'small2_url': 'https://images4-f.ravelrycache.com/uploads/belletricots/879433863/Gallery5_small2.jpg', 'caption': None, 'caption_html': None, 'copyright_holder': None}, {'id': 115831668, 'sort_order': 2, 'user_id': 10306077, 'x_offset': -2, 'y_offset': -35, 'square_url': 'https://images4-g.ravelrycache.com/uploads/belletricots/879433866/Gallery3_square.jpg', 'medium_url': 'https://images4-f.ravelrycache.com/uploads/belletricots/879433866/Gallery3_medium.jpg', 'thumbnail_url': 'https://images4-g.ravelrycache.com/uploads/belletricots/879433866/Gallery3_thumbnail.jpg', 'small_url': 'https://images4-f.ravelrycache.com/uploads/belletricots/879433866/Gallery3_small.jpg', 'flickr_url': None, 'shelved_url': 'https://images4-f.ravelrycache.com/uploads/belletricots/879433866/Gallery3_shelved.jpg', 'medium2_url': 'https://images4-a.ravelrycache.com/uploads/belletricots/879433866/Gallery3_medium2.jpg', 'small2_url': 'https://images4-g.ravelrycache.com/uploads/belletricots/879433866/Gallery3_small2.jpg', 'caption': None, 'caption_html': None, 'copyright_holder': None}, {'id': 115834583, 'sort_order': 3, 'user_id': 10306077, 'x_offset': -9, 'y_offset': -12, 'square_url': 'https://images4-f.ravelrycache.com/uploads/belletricots/879457565/Gallery6_square.JPG', 'medium_url': 'https://images4-g.ravelrycache.com/uploads/belletricots/879457565/Gallery6_medium.JPG', 'thumbnail_url': 'https://images4-g.ravelrycache.com/uploads/belletricots/879457565/Gallery6_thumbnail.JPG', 'small_url': 'https://images4-g.ravelrycache.com/uploads/belletricots/879457565/Gallery6_small.JPG', 'flickr_url': None, 'shelved_url': 'https://images4-g.ravelrycache.com/uploads/belletricots/879457565/Gallery6_shelved.JPG', 'medium2_url': 'https://images4-a.ravelrycache.com/uploads/belletricots/879457565/Gallery6_medium2.JPG', 'small2_url': 'https://images4-f.ravelrycache.com/uploads/belletricots/879457565/Gallery6_small2.JPG', 'caption': None, 'caption_html': None, 'copyright_holder': None}, {'id': 115831666, 'sort_order': 4, 'user_id': 10306077, 'x_offset': 0, 'y_offset': -35, 'square_url': 'https://images4-f.ravelrycache.com/uploads/belletricots/879433864/Gallery1_square.jpg', 'medium_url': 'https://images4-g.ravelrycache.com/uploads/belletricots/879433864/Gallery1_medium.jpg', 'thumbnail_url': 'https://images4-f.ravelrycache.com/uploads/belletricots/879433864/Gallery1_thumbnail.jpg', 'small_url': 'https://images4-g.ravelrycache.com/uploads/belletricots/879433864/Gallery1_small.jpg', 'flickr_url': None, 'shelved_url': 'https://images4-f.ravelrycache.com/uploads/belletricots/879433864/Gallery1_shelved.jpg', 'medium2_url': 'https://images4-a.ravelrycache.com/uploads/belletricots/879433864/Gallery1_medium2.jpg', 'small2_url': 'https://images4-f.ravelrycache.com/uploads/belletricots/879433864/Gallery1_small2.jpg', 'caption': None, 'caption_html': None, 'copyright_holder': None}, {'id': 115831669, 'sort_order': 5, 'user_id': 10306077, 'x_offset': -5, 'y_offset': -35, 'square_url': 'https://images4-g.ravelrycache.com/uploads/belletricots/879433865/Gallery2_square.jpg', 'medium_url': 'https://images4-f.ravelrycache.com/uploads/belletricots/879433865/Gallery2_medium.jpg', 'thumbnail_url': 'https://images4-g.ravelrycache.com/uploads/belletricots/879433865/Gallery2_thumbnail.jpg', 'small_url': 'https://images4-g.ravelrycache.com/uploads/belletricots/879433865/Gallery2_small.jpg', 'flickr_url': None, 'shelved_url': 'https://images4-g.ravelrycache.com/uploads/belletricots/879433865/Gallery2_shelved.jpg', 'medium2_url': 'https://images4-a.ravelrycache.com/uploads/belletricots/879433865/Gallery2_medium2.jpg', 'small2_url': 'https://images4-g.ravelrycache.com/uploads/belletricots/879433865/Gallery2_small2.jpg', 'caption': None, 'caption_html': None, 'copyright_holder': None}, {'id': 115831670, 'sort_order': 6, 'user_id': 10306077, 'x_offset': -5, 'y_offset': -35, 'square_url': 'https://images4-g.ravelrycache.com/uploads/belletricots/879433871/Gallery4_square.jpg', 'medium_url': 'https://images4-f.ravelrycache.com/uploads/belletricots/879433871/Gallery4_medium.jpg', 'thumbnail_url': 'https://images4-g.ravelrycache.com/uploads/belletricots/879433871/Gallery4_thumbnail.jpg', 'small_url': 'https://images4-g.ravelrycache.com/uploads/belletricots/879433871/Gallery4_small.jpg', 'flickr_url': None, 'shelved_url': 'https://images4-f.ravelrycache.com/uploads/belletricots/879433871/Gallery4_shelved.jpg', 'medium2_url': 'https://images4-a.ravelrycache.com/uploads/belletricots/879433871/Gallery4_medium2.jpg', 'small2_url': 'https://images4-g.ravelrycache.com/uploads/belletricots/879433871/Gallery4_small2.jpg', 'caption': None, 'caption_html': None, 'copyright_holder': None}]"
Stomp like a Dino Sweater,Jane Burns,1276875,https://www.ravelry.com/patterns/library/stomp-like-a-dino-sweater,False,https://images4-a.ravelrycache.com/uploads/JaneBurnsDesigns/879468402/Untitled_design_-_2022-10-03T163259.207_medium2.png,Knitting,"['unisex', 'baby', 'child', 'Intarsia', 'positive-ease', 'chart', 'male', 'female']",22.0,0.0,True,4.0,stocking stitch,child,DK,1,0.0,2- 11 years To Fit chest 22-30 in,"[{'id': 115836006, 'sort_order': 1, 'user_id': 976711, 'x_offset': 0, 'y_offset': 0, 'square_url': 'https://images4-f.ravelrycache.com/uploads/JaneBurnsDesigns/879468402/Untitled_design_-_2022-10-03T163259.207_square.png', 'medium_url': 'https://images4-g.ravelrycache.com/uploads/JaneBurnsDesigns/879468402/Untitled_design_-_2022-10-03T163259.207_medium.png', 'thumbnail_url': 'https://images4-f.ravelrycache.com/uploads/JaneBurnsDesigns/879468402/Untitled_design_-_2022-10-03T163259.207_thumbnail.png', 'small_url': 'https://images4-f.ravelrycache.com/uploads/JaneBurnsDesigns/879468402/Untitled_design_-_2022-10-03T163259.207_small_best_fit.png', 'flickr_url': None, 'shelved_url': 'https://images4-g.ravelrycache.com/uploads/JaneBurnsDesigns/879468402/Untitled_design_-_2022-10-03T163259.207_shelved.png', 'medium2_url': 'https://images4-a.ravelrycache.com/uploads/JaneBurnsDesigns/879468402/Untitled_design_-_2022-10-03T163259.207_medium2.png', 'small2_url': 'https://images4-f.ravelrycache.com/uploads/JaneBurnsDesigns/879468402/Untitled_design_-_2022-10-03T163259.207_small2.png', 'caption': None, 'caption_html': None, 'copyright_holder': None}, {'id': 115836007, 'sort_order': 2, 'user_id': 976711, 'x_offset': 0, 'y_offset': 0, 'square_url': 'https://images4-g.ravelrycache.com/uploads/JaneBurnsDesigns/879468422/Untitled_design_-_2022-10-03T162501.437_square.png', 'medium_url': 'https://images4-f.ravelrycache.com/uploads/JaneBurnsDesigns/879468422/Untitled_design_-_2022-10-03T162501.437_medium.png', 'thumbnail_url': 'https://images4-g.ravelrycache.com/uploads/JaneBurnsDesigns/879468422/Untitled_design_-_2022-10-03T162501.437_thumbnail.png', 'small_url': 'https://images4-g.ravelrycache.com/uploads/JaneBurnsDesigns/879468422/Untitled_design_-_2022-10-03T162501.437_small_best_fit.png', 'flickr_url': None, 'shelved_url': 'https://images4-f.ravelrycache.com/uploads/JaneBurnsDesigns/879468422/Untitled_design_-_2022-10-03T162501.437_shelved.png', 'medium2_url': 'https://images4-a.ravelrycache.com/uploads/JaneBurnsDesigns/879468422/Untitled_design_-_2022-10-03T162501.437_medium2.png', 'small2_url': 'https://images4-g.ravelrycache.com/uploads/JaneBurnsDesigns/879468422/Untitled_design_-_2022-10-03T162501.437_small2.png', 'caption': None, 'caption_html': None, 'copyright_holder': None}, {'id': 115836008, 'sort_order': 3, 'user_id': 976711, 'x_offset': 0, 'y_offset': 0, 'square_url': 'https://images4-f.ravelrycache.com/uploads/JaneBurnsDesigns/879468488/Untitled_design_-_2022-10-03T162935.526_square.png', 'medium_url': 'https://images4-g.ravelrycache.com/uploads/JaneBurnsDesigns/879468488/Untitled_design_-_2022-10-03T162935.526_medium.png', 'thumbnail_url': 'https://images4-g.ravelrycache.com/uploads/JaneBurnsDesigns/879468488/Untitled_design_-_2022-10-03T162935.526_thumbnail.png', 'small_url': 'https://images4-g.ravelrycache.com/uploads/JaneBurnsDesigns/879468488/Untitled_design_-_2022-10-03T162935.526_small_best_fit.png', 'flickr_url': None, 'shelved_url': 'https://images4-g.ravelrycache.com/uploads/JaneBurnsDesigns/879468488/Untitled_design_-_2022-10-03T162935.526_shelved.png', 'medium2_url': 'https://images4-a.ravelrycache.com/uploads/JaneBurnsDesigns/879468488/Untitled_design_-_2022-10-03T162935.526_medium2.png', 'small2_url': 'https://images4-f.ravelrycache.com/uploads/JaneBurnsDesigns/879468488/Untitled_design_-_2022-10-03T162935.526_small2.png', 'caption': None, 'caption_html': None, 'copyright_holder': None}, {'id': 115836009, 'sort_order': 4, 'user_id': 976711, 'x_offset': 0, 'y_offset': 0, 'square_url': 'https://images4-f.ravelrycache.com/uploads/JaneBurnsDesigns/879468515/Untitled_design_-_2022-10-03T163203.754_square.png', 'medium_url': 'https://images4-g.ravelrycache.com/uploads/JaneBurnsDesigns/879468515/Untitled_design_-_2022-10-03T163203.754_medium.png', 'thumbnail_url': 'https://images4-f.ravelrycache.com/uploads/JaneBurnsDesigns/879468515/Untitled_design_-_2022-10-03T163203.754_thumbnail.png', 'small_url': 'https://images4-g.ravelrycache.com/uploads/JaneBurnsDesigns/879468515/Untitled_design_-_2022-10-03T163203.754_small_best_fit.png', 'flickr_url': None, 'shelved_url': 'https://images4-f.ravelrycache.com/uploads/JaneBurnsDesigns/879468515/Untitled_design_-_2022-10-03T163203.754_shelved.png', 'medium2_url': 'https://images4-a.ravelrycache.com/uploads/JaneBurnsDesigns/879468515/Untitled_design_-_2022-10-03T163203.754_medium2.png', 'small2_url': 'https://images4-f.ravelrycache.com/uploads/JaneBurnsDesigns/879468515/Untitled_design_-_2022-10-03T163203.754_small2.png', 'caption': None, 'caption_html': None, 'copyright_holder': None}, {'id': 115836010, 'sort_order': 5, 'user_id': 976711, 'x_offset': 0, 'y_offset': 0, 'square_url': 'https://images4-f.ravelrycache.com/uploads/JaneBurnsDesigns/879468441/Untitled_design_-_2022-10-03T162703.815_square.png', 'medium_url': 'https://images4-g.ravelrycache.com/uploads/JaneBurnsDesigns/879468441/Untitled_design_-_2022-10-03T162703.815_medium.png', 'thumbnail_url': 'https://images4-f.ravelrycache.com/uploads/JaneBurnsDesigns/879468441/Untitled_design_-_2022-10-03T162703.815_thumbnail.png', 'small_url': 'https://images4-f.ravelrycache.com/uploads/JaneBurnsDesigns/879468441/Untitled_design_-_2022-10-03T162703.815_small_best_fit.png', 'flickr_url': None, 'shelved_url': 'https://images4-f.ravelrycache.com/uploads/JaneBurnsDesigns/879468441/Untitled_design_-_2022-10-03T162703.815_shelved.png', 'medium2_url': 'https://images4-a.ravelrycache.com/uploads/JaneBurnsDesigns/879468441/Untitled_design_-_2022-10-03T162703.815_medium2.png', 'small2_url': 'https://images4-f.ravelrycache.com/uploads/JaneBurnsDesigns/879468441/Untitled_design_-_2022-10-03T162703.815_small2.png', 'caption': None, 'caption_html': None, 'copyright_holder': None}]"
Orla,Sloane Rosenthal,1277039,https://www.ravelry.com/patterns/library/orla-10,False,https://images4-a.ravelrycache.com/uploads/hudsonandwest/879603537/Orla-4_medium2.jpg,Knitting,"['female', 'adult', 'oversized', 'cables', 'eyelets', 'lace', 'ribbed', 'stripes', 'textured', 'seamed', 'crew-neck', 'long-sleeve', 'raglan-sleeve', 'straight', 'bottom-up', 'positive-ease', 'chart', 'written-pattern', 'modified-drop-sleeve', 'worked-flat', 'in-the-round', 'schematic']",21.0,4.0,True,4.0,in Charted pattern on Size A needle.,pullover,Worsted,12,5.0,"1 (2, 3, 4); 43 (53.75, 64.5, 75.25)” / 109 (136.5, 164, 191) cm","[{'id': 115852741, 'sort_order': 1, 'user_id': 8887271, 'x_offset': -1, 'y_offset': -29, 'square_url': 'https://images4-g.ravelrycache.com/uploads/hudsonandwest/879603537/Orla-4_square.jpg', 'medium_url': 'https://images4-f.ravelrycache.com/uploads/hudsonandwest/879603537/Orla-4_medium.jpg', 'thumbnail_url': 'https://images4-g.ravelrycache.com/uploads/hudsonandwest/879603537/Orla-4_thumbnail.jpg', 'small_url': 'https://images4-g.ravelrycache.com/uploads/hudsonandwest/879603537/Orla-4_small.jpg', 'flickr_url': None, 'shelved_url': 'https://images4-f.ravelrycache.com/uploads/hudsonandwest/879603537/Orla-4_shelved.jpg', 'medium2_url': 'https://images4-a.ravelrycache.com/uploads/hudsonandwest/879603537/Orla-4_medium2.jpg', 'small2_url': 'https://images4-g.ravelrycache.com/uploads/hudsonandwest/879603537/Orla-4_small2.jpg', 'caption': None, 'caption_html': None, 'copyright_holder': 'Hudson + West Co. / Hudson River Photographer'}, {'id': 115850902, 'sort_order': 2, 'user_id': 8887271, 'x_offset': 0, 'y_offset': 0, 'square_url': 'https://images4-f.ravelrycache.com/uploads/hudsonandwest/879353961/Split_Images_-_Rav_Lead_Image3_square.jpg', 'medium_url': 'https://images4-g.ravelrycache.com/uploads/hudsonandwest/879353961/Split_Images_-_Rav_Lead_Image3_medium.jpg', 'thumbnail_url': 'https://images4-g.ravelrycache.com/uploads/hudsonandwest/879353961/Split_Images_-_Rav_Lead_Image3_thumbnail.jpg', 'small_url': 'https://images4-f.ravelrycache.com/uploads/hudsonandwest/879353961/Split_Images_-_Rav_Lead_Image3_small_best_fit.jpg', 'flickr_url': None, 'shelved_url': 'https://images4-f.ravelrycache.com/uploads/hudsonandwest/879353961/Split_Images_-_Rav_Lead_Image3_shelved.jpg', 'medium2_url': 'https://images4-a.ravelrycache.com/uploads/hudsonandwest/879353961/Split_Images_-_Rav_Lead_Image3_medium2.jpg', 'small2_url': 'https://images4-f.ravelrycache.com/uploads/hudsonandwest/879353961/Split_Images_-_Rav_Lead_Image3_small2.jpg', 'caption': None, 'caption_html': None, 'copyright_holder': 'Hudson + West Co. / Hudson River Photographer'}, {'id': 115850905, 'sort_order': 3, 'user_id': 8887271, 'x_offset': 0, 'y_offset': 0, 'square_url': 'https://images4-f.ravelrycache.com/uploads/hudsonandwest/879344368/Orla-13_square.jpg', 'medium_url': 'https://images4-g.ravelrycache.com/uploads/hudsonandwest/879344368/Orla-13_medium.jpg', 'thumbnail_url': 'https://images4-f.ravelrycache.com/uploads/hudsonandwest/879344368/Orla-13_thumbnail.jpg', 'small_url': 'https://images4-g.ravelrycache.com/uploads/hudsonandwest/879344368/Orla-13_small_best_fit.jpg', 'flickr_url': None, 'shelved_url': 'https://images4-f.ravelrycache.com/uploads/hudsonandwest/879344368/Orla-13_shelved.jpg', 'medium2_url': 'https://images4-a.ravelrycache.com/uploads/hudsonandwest/879344368/Orla-13_medium2.jpg', 'small2_url': 'https://images4-f.ravelrycache.com/uploads/hudsonandwest/879344368/Orla-13_small2.jpg', 'caption': None, 'caption_html': None, 'copyright_holder': 'Hudson + West Co. / Hudson River Photographer'}, {'id': 115850903, 'sort_order': 4, 'user_id': 8887271, 'x_offset': 0, 'y_offset': 0, 'square_url': 'https://images4-f.ravelrycache.com/uploads/hudsonandwest/879344370/Orla-11_square.jpg', 'medium_url': 'https://images4-g.ravelrycache.com/uploads/hudsonandwest/879344370/Orla-11_medium.jpg', 'thumbnail_url': 'https://images4-f.ravelrycache.com/uploads/hudsonandwest/879344370/Orla-11_thumbnail.jpg', 'small_url': 'https://images4-g.ravelrycache.com/uploads/hudsonandwest/879344370/Orla-11_small_best_fit.jpg', 'flickr_url': None, 'shelved_url': 'https://images4-g.ravelrycache.com/uploads/hudsonandwest/879344370/Orla-11_shelved.jpg', 'medium2_url': 'https://images4-a.ravelrycache.com/uploads/hudsonandwest/879344370/Orla-11_medium2.jpg', 'small2_url': 'https://images4-f.ravelrycache.com/uploads/hudsonandwest/879344370/Orla-11_small2.jpg', 'caption': None, 'caption_html': None, 'copyright_holder': 'Hudson + West Co. / Hudson River Photographer'}, {'id': 115852743, 'sort_order': 5, 'user_id': 8887271, 'x_offset': 3, 'y_offset': -25, 'square_url': 'https://images4-g.ravelrycache.com/uploads/hudsonandwest/879603540/Orla-1_square.jpg', 'medium_url': 'https://images4-f.ravelrycache.com/uploads/hudsonandwest/879603540/Orla-1_medium.jpg', 'thumbnail_url': 'https://images4-f.ravelrycache.com/uploads/hudsonandwest/879603540/Orla-1_thumbnail.jpg', 'small_url': 'https://images4-f.ravelrycache.com/uploads/hudsonandwest/879603540/Orla-1_small.jpg', 'flickr_url': None, 'shelved_url': 'https://images4-f.ravelrycache.com/uploads/hudsonandwest/879603540/Orla-1_shelved.jpg', 'medium2_url': 'https://images4-a.ravelrycache.com/uploads/hudsonandwest/879603540/Orla-1_medium2.jpg', 'small2_url': 'https://images4-g.ravelrycache.com/uploads/hudsonandwest/879603540/Orla-1_small2.jpg', 'caption': None, 'caption_html': None, 'copyright_holder': 'Hudson + West Co. / Hudson River Photographer'}, {'id': 115852739, 'sort_order': 6, 'user_id': 8887271, 'x_offset': 11, 'y_offset': -33, 'square_url': 'https://images4-g.ravelrycache.com/uploads/hudsonandwest/879603536/Orla-5_square.jpg', 'medium_url': 'https://images4-f.ravelrycache.com/uploads/hudsonandwest/879603536/Orla-5_medium.jpg', 'thumbnail_url': 'https://images4-g.ravelrycache.com/uploads/hudsonandwest/879603536/Orla-5_thumbnail.jpg', 'small_url': 'https://images4-f.ravelrycache.com/uploads/hudsonandwest/879603536/Orla-5_small.jpg', 'flickr_url': None, 'shelved_url': 'https://images4-f.ravelrycache.com/uploads/hudsonandwest/879603536/Orla-5_shelved.jpg', 'medium2_url': 'https://images4-a.ravelrycache.com/uploads/hudsonandwest/879603536/Orla-5_medium2.jpg', 'small2_url': 'https://images4-g.ravelrycache.com/uploads/hudsonandwest/879603536/Orla-5_small2.jpg', 'caption': None, 'caption_html': None, 'copyright_holder': 'Hudson + West Co. / Hudson River Photographer'}, {'id': 115850904, 'sort_order': 7, 'user_id': 8887271, 'x_offset': 0, 'y_offset': 0, 'square_url': 'https://images4-f.ravelrycache.com/uploads/hudsonandwest/879344372/Orla-6_square.jpg', 'medium_url': 'https://images4-g.ravelrycache.com/uploads/hudsonandwest/879344372/Orla-6_medium.jpg', 'thumbnail_url': 'https://images4-g.ravelrycache.com/uploads/hudsonandwest/879344372/Orla-6_thumbnail.jpg', 'small_url': 'https://images4-f.ravelrycache.com/uploads/hudsonandwest/879344372/Orla-6_small_best_fit.jpg', 'flickr_url': None, 'shelved_url': 'https://images4-f.ravelrycache.com/uploads/hudsonandwest/879344372/Orla-6_shelved.jpg', 'medium2_url': 'https://images4-a.ravelrycache.com/uploads/hudsonandwest/879344372/Orla-6_medium2.jpg', 'small2_url': 'https://images4-f.ravelrycache.com/uploads/hudsonandwest/879344372/Orla-6_small2.jpg', 'caption': None, 'caption_html': None, 'copyright_holder': 'Hudson + West Co. / Hudson River Photographer'}, {'id': 115852698, 'sort_order': 8, 'user_id': 8887271, 'x_offset': 0, 'y_offset': 0, 'square_url': 'https://images4-g.ravelrycache.com/uploads/hudsonandwest/879603201/Orla_Teaser_2_square.jpg', 'medium_url': 'https://images4-f.ravelrycache.com/uploads/hudsonandwest/879603201/Orla_Teaser_2_medium.jpg', 'thumbnail_url': 'https://images4-g.ravelrycache.com/uploads/hudsonandwest/879603201/Orla_Teaser_2_thumbnail.jpg', 'small_url': 'https://images4-f.ravelrycache.com/uploads/hudsonandwest/879603201/Orla_Teaser_2_small_best_fit.jpg', 'flickr_url': None, 'shelved_url': 'https://images4-f.ravelrycache.com/uploads/hudsonandwest/879603201/Orla_Teaser_2_shelved.jpg', 'medium2_url': 'https://images4-a.ravelrycache.com/uploads/hudsonandwest/879603201/Orla_Teaser_2_medium2.jpg', 'small2_url': 'https://images4-g.ravelrycache.com/uploads/hudsonandwest/879603201/Orla_Teaser_2_small2.jpg', 'caption': None, 'caption_html': None, 'copyright_holder': 'Hudson + West Co. / Hudson River Photographer'}, {'id': 115851822, 'sort_order': 9, 'user_id': 8887271, 'x_offset': 0, 'y_offset': 0, 'square_url': 'https://images4-f.ravelrycache.com/uploads/hudsonandwest/879596000/Orla_9265_square.jpg', 'medium_url': 'https://images4-g.ravelrycache.com/uploads/hudsonandwest/879596000/Orla_9265_medium.jpg', 'thumbnail_url': 'https://images4-g.ravelrycache.com/uploads/hudsonandwest/879596000/Orla_9265_thumbnail.jpg', 'small_url': 'https://images4-f.ravelrycache.com/uploads/hudsonandwest/879596000/Orla_9265_small_best_fit.jpg', 'flickr_url': None, 'shelved_url': 'https://images4-f.ravelrycache.com/uploads/hudsonandwest/879596000/Orla_9265_shelved.jpg', 'medium2_url': 'https://images4-a.ravelrycache.com/uploads/hudsonandwest/879596000/Orla_9265_medium2.jpg', 'small2_url': 'https://images4-f.ravelrycache.com/uploads/hudsonandwest/879596000/Orla_9265_small2.jpg', 'caption': None, 'caption_html': None, 'copyright_holder': 'Hudson + West Co.'}, {'id': 115852742, 'sort_order': 10, 'user_id': 8887271, 'x_offset': -1, 'y_offset': -35, 'square_url': 'https://images4-f.ravelrycache.com/uploads/hudsonandwest/879603539/Orla-3_square.jpg', 'medium_url': 'https://images4-g.ravelrycache.com/uploads/hudsonandwest/879603539/Orla-3_medium.jpg', 'thumbnail_url': 'https://images4-f.ravelrycache.com/uploads/hudsonandwest/879603539/Orla-3_thumbnail.jpg', 'small_url': 'https://images4-f.ravelrycache.com/uploads/hudsonandwest/879603539/Orla-3_small.jpg', 'flickr_url': None, 'shelved_url': 'https://images4-f.ravelrycache.com/uploads/hudsonandwest/879603539/Orla-3_shelved.jpg', 'medium2_url': 'https://images4-a.ravelrycache.com/uploads/hudsonandwest/879603539/Orla-3_medium2.jpg', 'small2_url': 'https://images4-f.ravelrycache.com/uploads/hudsonandwest/879603539/Orla-3_small2.jpg', 'caption': None, 'caption_html': None, 'copyright_holder': 'Hudson + West Co. / Hudson River Photographer'}, {'id': 115851818, 'sort_order': 11, 'user_id': 8887271, 'x_offset': 0, 'y_offset': 0, 'square_url': 'https://images4-g.ravelrycache.com/uploads/hudsonandwest/879595995/Orla_9254_square.jpg', 'medium_url': 'https://images4-f.ravelrycache.com/uploads/hudsonandwest/879595995/Orla_9254_medium.jpg', 'thumbnail_url': 'https://images4-g.ravelrycache.com/uploads/hudsonandwest/879595995/Orla_9254_thumbnail.jpg', 'small_url': 'https://images4-f.ravelrycache.com/uploads/hudsonandwest/879595995/Orla_9254_small_best_fit.jpg', 'flickr_url': None, 'shelved_url': 'https://images4-g.ravelrycache.com/uploads/hudsonandwest/879595995/Orla_9254_shelved.jpg', 'medium2_url': 'https://images4-a.ravelrycache.com/uploads/hudsonandwest/879595995/Orla_9254_medium2.jpg', 'small2_url': 'https://images4-g.ravelrycache.com/uploads/hudsonandwest/879595995/Orla_9254_small2.jpg', 'caption': None, 'caption_html': None, 'copyright_holder': 'Hudson + West Co.'}, {'id': 115852740, 'sort_order': 12, 'user_id': 8887271, 'x_offset': -1, 'y_offset': -35, 'square_url': 'https://images4-f.ravelrycache.com/uploads/hudsonandwest/879603538/Orla-2_square.jpg', 'medium_url': 'https://images4-g.ravelrycache.com/uploads/hudsonandwest/879603538/Orla-2_medium.jpg', 'thumbnail_url': 'https://images4-f.ravelrycache.com/uploads/hudsonandwest/879603538/Orla-2_thumbnail.jpg', 'small_url': 'https://images4-g.ravelrycache.com/uploads/hudsonandwest/879603538/Orla-2_small.jpg', 'flickr_url': None, 'shelved_url': 'https://images4-f.ravelrycache.com/uploads/hudsonandwest/879603538/Orla-2_shelved.jpg', 'medium2_url': 'https://images4-a.ravelrycache.com/uploads/hudsonandwest/879603538/Orla-2_medium2.jpg', 'small2_url': 'https://images4-f.ravelrycache.com/uploads/hudsonandwest/879603538/Orla-2_small2.jpg', 'caption': None, 'caption_html': None, 'copyright_holder': 'Hudson + West Co. / Hudson River Photographer'}, {'id': 115851817, 'sort_order': 13, 'user_id': 8887271, 'x_offset': -35, 'y_offset': -1, 'square_url': 'https://images4-f.ravelrycache.com/uploads/hudsonandwest/879595998/Orla_9287_square.jpg', 'medium_url': 'https://images4-g.ravelrycache.com/uploads/hudsonandwest/879595998/Orla_9287_medium.jpg', 'thumbnail_url': 'https://images4-f.ravelrycache.com/uploads/hudsonandwest/879595998/Orla_9287_thumbnail.jpg', 'small_url': 'https://images4-g.ravelrycache.com/uploads/hudsonandwest/879595998/Orla_9287_small.jpg', 'flickr_url': None, 'shelved_url': 'https://images4-g.ravelrycache.com/uploads/hudsonandwest/879595998/Orla_9287_shelved.jpg', 'medium2_url': 'https://images4-a.ravelrycache.com/uploads/hudsonandwest/879595998/Orla_9287_medium2.jpg', 'small2_url': 'https://images4-f.ravelrycache.com/uploads/hudsonandwest/879595998/Orla_9287_small2.jpg', 'caption': None, 'caption_html': None, 'copyright_holder': 'Hudson + West Co.'}, {'id': 115850906, 'sort_order': 14, 'user_id': 8887271, 'x_offset': 0, 'y_offset': 0, 'square_url': 'https://images4-f.ravelrycache.com/uploads/hudsonandwest/879344354/Orla-1_square.jpg', 'medium_url': 'https://images4-g.ravelrycache.com/uploads/hudsonandwest/879344354/Orla-1_medium.jpg', 'thumbnail_url': 'https://images4-g.ravelrycache.com/uploads/hudsonandwest/879344354/Orla-1_thumbnail.jpg', 'small_url': 'https://images4-g.ravelrycache.com/uploads/hudsonandwest/879344354/Orla-1_small_best_fit.jpg', 'flickr_url': None, 'shelved_url': 'https://images4-f.ravelrycache.com/uploads/hudsonandwest/879344354/Orla-1_shelved.jpg', 'medium2_url': 'https://images4-a.ravelrycache.com/uploads/hudsonandwest/879344354/Orla-1_medium2.jpg', 'small2_url': 'https://images4-f.ravelrycache.com/uploads/hudsonandwest/879344354/Orla-1_small2.jpg', 'caption': None, 'caption_html': None, 'copyright_holder': 'Hudson + West Co. / Hudson River Photographer'}, {'id': 115851821, 'sort_order': 15, 'user_id': 8887271, 'x_offset': 0, 'y_offset': 0, 'square_url': 'https://images4-g.ravelrycache.com/uploads/hudsonandwest/879596003/Orla_9272_square.jpg', 'medium_url': 'https://images4-f.ravelrycache.com/uploads/hudsonandwest/879596003/Orla_9272_medium.jpg', 'thumbnail_url': 'https://images4-g.ravelrycache.com/uploads/hudsonandwest/879596003/Orla_9272_thumbnail.jpg', 'small_url': 'https://images4-g.ravelrycache.com/uploads/hudsonandwest/879596003/Orla_9272_small_best_fit.jpg', 'flickr_url': None, 'shelved_url': 'https://images4-f.ravelrycache.com/uploads/hudsonandwest/879596003/Orla_9272_shelved.jpg', 'medium2_url': 'https://images4-a.ravelrycache.com/uploads/hudsonandwest/879596003/Orla_9272_medium2.jpg', 'small2_url': 'https://images4-g.ravelrycache.com/uploads/hudsonandwest/879596003/Orla_9272_small2.jpg', 'caption': None, 'caption_html': None, 'copyright_holder': 'Hudson + West Co.'}, {'id': 115850907, 'sort_order': 16, 'user_id': 8887271, 'x_offset': 0, 'y_offset': 0, 'square_url': 'https://images4-f.ravelrycache.com/uploads/hudsonandwest/879344358/Orla-12_square.jpg', 'medium_url': 'https://images4-g.ravelrycache.com/uploads/hudsonandwest/879344358/Orla-12_medium.jpg', 'thumbnail_url': 'https://images4-f.ravelrycache.com/uploads/hudsonandwest/879344358/Orla-12_thumbnail.jpg', 'small_url': 'https://images4-f.ravelrycache.com/uploads/hudsonandwest/879344358/Orla-12_small_best_fit.jpg', 'flickr_url': None, 'shelved_url': 'https://images4-g.ravelrycache.com/uploads/hudsonandwest/879344358/Orla-12_shelved.jpg', 'medium2_url': 'https://images4-a.ravelrycache.com/uploads/hudsonandwest/879344358/Orla-12_medium2.jpg', 'small2_url': 'https://images4-f.ravelrycache.com/uploads/hudsonandwest/879344358/Orla-12_small2.jpg', 'caption': None, 'caption_html': None, 'copyright_holder': 'Hudson + West Co. / Hudson River Photographer'}, {'id': 115850908, 'sort_order': 17, 'user_id': 8887271, 'x_offset': 0, 'y_offset': 0, 'square_url': 'https://images4-g.ravelrycache.com/uploads/hudsonandwest/879344363/Orla-3_square.jpg', 'medium_url': 'https://images4-f.ravelrycache.com/uploads/hudsonandwest/879344363/Orla-3_medium.jpg', 'thumbnail_url': 'https://images4-g.ravelrycache.com/uploads/hudsonandwest/879344363/Orla-3_thumbnail.jpg', 'small_url': 'https://images4-f.ravelrycache.com/uploads/hudsonandwest/879344363/Orla-3_small_best_fit.jpg', 'flickr_url': None, 'shelved_url': 'https://images4-f.ravelrycache.com/uploads/hudsonandwest/879344363/Orla-3_shelved.jpg', 'medium2_url': 'https://images4-a.ravelrycache.com/uploads/hudsonandwest/879344363/Orla-3_medium2.jpg', 'small2_url': 'https://images4-g.ravelrycache.com/uploads/hudsonandwest/879344363/Orla-3_small2.jpg', 'caption': None, 'caption_html': None, 'copyright_holder': 'Hudson + West Co. / Hudson River Photographer'}, {'id': 115850909, 'sort_order': 18, 'user_id': 8887271, 'x_offset': 0, 'y_offset': 0, 'square_url': 'https://images4-f.ravelrycache.com/uploads/hudsonandwest/879344356/Orla-15_square.jpg', 'medium_url': 'https://images4-g.ravelrycache.com/uploads/hudsonandwest/879344356/Orla-15_medium.jpg', 'thumbnail_url': 'https://images4-g.ravelrycache.com/uploads/hudsonandwest/879344356/Orla-15_thumbnail.jpg', 'small_url': 'https://images4-g.ravelrycache.com/uploads/hudsonandwest/879344356/Orla-15_small_best_fit.jpg', 'flickr_url': None, 'shelved_url': 'https://images4-g.ravelrycache.com/uploads/hudsonandwest/879344356/Orla-15_shelved.jpg', 'medium2_url': 'https://images4-a.ravelrycache.com/uploads/hudsonandwest/879344356/Orla-15_medium2.jpg', 'small2_url': 'https://images4-f.ravelrycache.com/uploads/hudsonandwest/879344356/Orla-15_small2.jpg', 'caption': None, 'caption_html': None, 'copyright_holder': 'Hudson + West Co. / Hudson River Photographer'}, {'id': 115850910, 'sort_order': 19, 'user_id': 8887271, 'x_offset': 0, 'y_offset': 0, 'square_url': 'https://images4-g.ravelrycache.com/uploads/hudsonandwest/879344357/Orla-7_square.jpg', 'medium_url': 'https://images4-f.ravelrycache.com/uploads/hudsonandwest/879344357/Orla-7_medium.jpg', 'thumbnail_url': 'https://images4-f.ravelrycache.com/uploads/hudsonandwest/879344357/Orla-7_thumbnail.jpg', 'small_url': 'https://images4-f.ravelrycache.com/uploads/hudsonandwest/879344357/Orla-7_small_best_fit.jpg', 'flickr_url': None, 'shelved_url': 'https://images4-f.ravelrycache.com/uploads/hudsonandwest/879344357/Orla-7_shelved.jpg', 'medium2_url': 'https://images4-a.ravelrycache.com/uploads/hudsonandwest/879344357/Orla-7_medium2.jpg', 'small2_url': 'https://images4-g.ravelrycache.com/uploads/hudsonandwest/879344357/Orla-7_small2.jpg', 'caption': None, 'caption_html': None, 'copyright_holder': 'Hudson + West Co. / Hudson River Photographer'}, {'id': 115850911, 'sort_order': 20, 'user_id': 8887271, 'x_offset': 0, 'y_offset': 0, 'square_url': 'https://images4-f.ravelrycache.com/uploads/hudsonandwest/879344361/Orla-10_square.jpg', 'medium_url': 'https://images4-g.ravelrycache.com/uploads/hudsonandwest/879344361/Orla-10_medium.jpg', 'thumbnail_url': 'https://images4-f.ravelrycache.com/uploads/hudsonandwest/879344361/Orla-10_thumbnail.jpg', 'small_url': 'https://images4-g.ravelrycache.com/uploads/hudsonandwest/879344361/Orla-10_small_best_fit.jpg', 'flickr_url': None, 'shelved_url': 'https://images4-g.ravelrycache.com/uploads/hudsonandwest/879344361/Orla-10_shelved.jpg', 'medium2_url': 'https://images4-a.ravelrycache.com/uploads/hudsonandwest/879344361/Orla-10_medium2.jpg', 'small2_url': 'https://images4-f.ravelrycache.com/uploads/hudsonandwest/879344361/Orla-10_small2.jpg', 'caption': None, 'caption_html': None, 'copyright_holder': 'Hudson + West Co. / Hudson River Photographer'}, {'id': 115850912, 'sort_order': 21, 'user_id': 8887271, 'x_offset': 0, 'y_offset': 0, 'square_url': 'https://images4-g.ravelrycache.com/uploads/hudsonandwest/879344365/Orla-2_square.jpg', 'medium_url': 'https://images4-f.ravelrycache.com/uploads/hudsonandwest/879344365/Orla-2_medium.jpg', 'thumbnail_url': 'https://images4-g.ravelrycache.com/uploads/hudsonandwest/879344365/Orla-2_thumbnail.jpg', 'small_url': 'https://images4-g.ravelrycache.com/uploads/hudsonandwest/879344365/Orla-2_small_best_fit.jpg', 'flickr_url': None, 'shelved_url': 'https://images4-f.ravelrycache.com/uploads/hudsonandwest/879344365/Orla-2_shelved.jpg', 'medium2_url': 'https://images4-a.ravelrycache.com/uploads/hudsonandwest/879344365/Orla-2_medium2.jpg', 'small2_url': 'https://images4-g.ravelrycache.com/uploads/hudsonandwest/879344365/Orla-2_small2.jpg', 'caption': None, 'caption_html': None, 'copyright_holder': 'Hudson + West Co. / Hudson River Photographer'}, {'id': 115850913, 'sort_order': 22, 'user_id': 8887271, 'x_offset': 0, 'y_offset': 0, 'square_url': 'https://images4-g.ravelrycache.com/uploads/hudsonandwest/879344360/Orla-9_square.jpg', 'medium_url': 'https://images4-f.ravelrycache.com/uploads/hudsonandwest/879344360/Orla-9_medium.jpg', 'thumbnail_url': 'https://images4-f.ravelrycache.com/uploads/hudsonandwest/879344360/Orla-9_thumbnail.jpg', 'small_url': 'https://images4-g.ravelrycache.com/uploads/hudsonandwest/879344360/Orla-9_small_best_fit.jpg', 'flickr_url': None, 'shelved_url': 'https://images4-f.ravelrycache.com/uploads/hudsonandwest/879344360/Orla-9_shelved.jpg', 'medium2_url': 'https://images4-a.ravelrycache.com/uploads/hudsonandwest/879344360/Orla-9_medium2.jpg', 'small2_url': 'https://images4-g.ravelrycache.com/uploads/hudsonandwest/879344360/Orla-9_small2.jpg', 'caption': None, 'caption_html': None, 'copyright_holder': 'Hudson + West Co. / Hudson River Photographer'}, {'id': 115850914, 'sort_order': 23, 'user_id': 8887271, 'x_offset': 0, 'y_offset': 0, 'square_url': 'https://images4-f.ravelrycache.com/uploads/hudsonandwest/879344359/Orla-5_square.jpg', 'medium_url': 'https://images4-g.ravelrycache.com/uploads/hudsonandwest/879344359/Orla-5_medium.jpg', 'thumbnail_url': 'https://images4-g.ravelrycache.com/uploads/hudsonandwest/879344359/Orla-5_thumbnail.jpg', 'small_url': 'https://images4-g.ravelrycache.com/uploads/hudsonandwest/879344359/Orla-5_small_best_fit.jpg', 'flickr_url': None, 'shelved_url': 'https://images4-f.ravelrycache.com/uploads/hudsonandwest/879344359/Orla-5_shelved.jpg', 'medium2_url': 'https://images4-a.ravelrycache.com/uploads/hudsonandwest/879344359/Orla-5_medium2.jpg', 'small2_url': 'https://images4-f.ravelrycache.com/uploads/hudsonandwest/879344359/Orla-5_small2.jpg', 'caption': None, 'caption_html': None, 'copyright_holder': 'Hudson + West Co. / Hudson River Photographer'}, {'id': 115850915, 'sort_order': 24, 'user_id': 8887271, 'x_offset': 0, 'y_offset': 0, 'square_url': 'https://images4-g.ravelrycache.com/uploads/hudsonandwest/879344355/Orla-8_square.jpg', 'medium_url': 'https://images4-f.ravelrycache.com/uploads/hudsonandwest/879344355/Orla-8_medium.jpg', 'thumbnail_url': 'https://images4-g.ravelrycache.com/uploads/hudsonandwest/879344355/Orla-8_thumbnail.jpg', 'small_url': 'https://images4-f.ravelrycache.com/uploads/hudsonandwest/879344355/Orla-8_small_best_fit.jpg', 'flickr_url': None, 'shelved_url': 'https://images4-g.ravelrycache.com/uploads/hudsonandwest/879344355/Orla-8_shelved.jpg', 'medium2_url': 'https://images4-a.ravelrycache.com/uploads/hudsonandwest/879344355/Orla-8_medium2.jpg', 'small2_url': 'https://images4-g.ravelrycache.com/uploads/hudsonandwest/879344355/Orla-8_small2.jpg', 'caption': None, 'caption_html': None, 'copyright_holder': 'Hudson + West Co. / Hudson River Photographer'}, {'id': 115850916, 'sort_order': 25, 'user_id': 8887271, 'x_offset': 0, 'y_offset': 0, 'square_url': 'https://images4-g.ravelrycache.com/uploads/hudsonandwest/879344362/Orla-4_square.jpg', 'medium_url': 'https://images4-f.ravelrycache.com/uploads/hudsonandwest/879344362/Orla-4_medium.jpg', 'thumbnail_url': 'https://images4-f.ravelrycache.com/uploads/hudsonandwest/879344362/Orla-4_thumbnail.jpg', 'small_url': 'https://images4-g.ravelrycache.com/uploads/hudsonandwest/879344362/Orla-4_small_best_fit.jpg', 'flickr_url': None, 'shelved_url': 'https://images4-g.ravelrycache.com/uploads/hudsonandwest/879344362/Orla-4_shelved.jpg', 'medium2_url': 'https://images4-a.ravelrycache.com/uploads/hudsonandwest/879344362/Orla-4_medium2.jpg', 'small2_url': 'https://images4-g.ravelrycache.com/uploads/hudsonandwest/879344362/Orla-4_small2.jpg', 'caption': None, 'caption_html': None, 'copyright_holder': 'Hudson + West Co. / Hudson River Photographer'}, {'id': 115850917, 'sort_order': 26, 'user_id': 8887271, 'x_offset': -24, 'y_offset': 1, 'square_url': 'https://images4-f.ravelrycache.com/uploads/hudsonandwest/879344493/Orla_Schematic_with_measurements_square.png', 'medium_url': 'https://images4-g.ravelrycache.com/uploads/hudsonandwest/879344493/Orla_Schematic_with_measurements_medium.png', 'thumbnail_url': 'https://images4-f.ravelrycache.com/uploads/hudsonandwest/879344493/Orla_Schematic_with_measurements_thumbnail.png', 'small_url': 'https://images4-g.ravelrycache.com/uploads/hudsonandwest/879344493/Orla_Schematic_with_measurements_small_best_fit.png', 'flickr_url': None, 'shelved_url': 'https://images4-g.ravelrycache.com/uploads/hudsonandwest/879344493/Orla_Schematic_with_measurements_shelved.png', 'medium2_url': 'https://images4-a.ravelrycache.com/uploads/hudsonandwest/879344493/Orla_Schematic_with_measurements_medium2.png', 'small2_url': 'https://images4-f.ravelrycache.com/uploads/hudsonandwest/879344493/Orla_Schematic_with_measurements_small2.png', 'caption': None, 'caption_html': None, 'copyright_holder': 'Hudson + West Co. / Hudson River Photographer'}]"
Coral Wave,Soohyun Nam,1277232,https://www.ravelry.com/patterns/library/coral-wave,False,https://images4-a.ravelrycache.com/uploads/sootangos/879644025/20220930_Soo1427_medium2.jpg,Knitting,"['lace', 'textured', 'seamless', 'top-down', 'positive-ease', 'chart', 'phototutorial', 'written-pattern', 'video-tutorial', 'in-the-round', 'boat-neck', 'adult', 'oversized', 'twisted-stitches', 'plus', 'eyelets', 'schematic', 'ballet-neck', '3-4-sleeve', 'elbow-sleeve', 'short-sleeve', 'raglan-sleeve', 'bracelet-sleeve']",24.0,3.1666666666666665,True,4.0,"Stockinette st, blocked",pullover,Fingering,25,4.833333333333333,"Sizes 1-9 to fit a bust circumference of 30-62"" (76-158 cm)","[{'id': 115859093, 'sort_order': 1, 'user_id': 8571378, 'x_offset': -12, 'y_offset': 0, 'square_url': 'https://images4-f.ravelrycache.com/uploads/sootangos/879644025/20220930_Soo1427_square.jpg', 'medium_url': 'https://images4-g.ravelrycache.com/uploads/sootangos/879644025/20220930_Soo1427_medium.jpg', 'thumbnail_url': 'https://images4-g.ravelrycache.com/uploads/sootangos/879644025/20220930_Soo1427_thumbnail.jpg', 'small_url': 'https://images4-g.ravelrycache.com/uploads/sootangos/879644025/20220930_Soo1427_small_best_fit.jpg', 'flickr_url': None, 'shelved_url': 'https://images4-g.ravelrycache.com/uploads/sootangos/879644025/20220930_Soo1427_shelved.jpg', 'medium2_url': 'https://images4-a.ravelrycache.com/uploads/sootangos/879644025/20220930_Soo1427_medium2.jpg', 'small2_url': 'https://images4-f.ravelrycache.com/uploads/sootangos/879644025/20220930_Soo1427_small2.jpg', 'caption': 'Size 2 worn with 8 (20 cm) ease\nYarn: Julie Asselin Leizu Fingering Simple', 'caption_html': 'Size 2 worn with 8 (20 cm) ease\nYarn: Julie Asselin Leizu Fingering Simple', 'copyright_holder': ''}, {'id': 115859100, 'sort_order': 2, 'user_id': 8571378, 'x_offset': -5, 'y_offset': -35, 'square_url': 'https://images4-g.ravelrycache.com/uploads/sootangos/879644809/IMG_8436_square.jpg', 'medium_url': 'https://images4-f.ravelrycache.com/uploads/sootangos/879644809/IMG_8436_medium.jpg', 'thumbnail_url': 'https://images4-f.ravelrycache.com/uploads/sootangos/879644809/IMG_8436_thumbnail.jpg', 'small_url': 'https://images4-f.ravelrycache.com/uploads/sootangos/879644809/IMG_8436_small.jpg', 'flickr_url': None, 'shelved_url': 'https://images4-f.ravelrycache.com/uploads/sootangos/879644809/IMG_8436_shelved.jpg', 'medium2_url': 'https://images4-a.ravelrycache.com/uploads/sootangos/879644809/IMG_8436_medium2.jpg', 'small2_url': 'https://images4-g.ravelrycache.com/uploads/sootangos/879644809/IMG_8436_small2.jpg', 'caption': 'Size 2 worn with 4""(10cm) bust ease', 'caption_html': 'Size 2 worn with 4""(10cm) bust ease', 'copyright_holder': ''}, {'id': 115859103, 'sort_order': 3, 'user_id': 8571378, 'x_offset': -5, 'y_offset': -35, 'square_url': 'https://images4-f.ravelrycache.com/uploads/sootangos/879643982/20220930_Soo1404_square.jpg', 'medium_url': 'https://images4-g.ravelrycache.com/uploads/sootangos/879643982/20220930_Soo1404_medium.jpg', 'thumbnail_url': 'https://images4-g.ravelrycache.com/uploads/sootangos/879643982/20220930_Soo1404_thumbnail.jpg', 'small_url': 'https://images4-f.ravelrycache.com/uploads/sootangos/879643982/20220930_Soo1404_small.jpg', 'flickr_url': None, 'shelved_url': 'https://images4-f.ravelrycache.com/uploads/sootangos/879643982/20220930_Soo1404_shelved.jpg', 'medium2_url': 'https://images4-a.ravelrycache.com/uploads/sootangos/879643982/20220930_Soo1404_medium2.jpg', 'small2_url': 'https://images4-f.ravelrycache.com/uploads/sootangos/879643982/20220930_Soo1404_small2.jpg', 'caption': None, 'caption_html': None, 'copyright_holder': None}, {'id': 115864705, 'sort_order': 4, 'user_id': 8571378, 'x_offset': -2, 'y_offset': 0, 'square_url': 'https://images4-g.ravelrycache.com/uploads/sootangos/879695594/20220930_Soo1428_square.jpg', 'medium_url': 'https://images4-f.ravelrycache.com/uploads/sootangos/879695594/20220930_Soo1428_medium.jpg', 'thumbnail_url': 'https://images4-f.ravelrycache.com/uploads/sootangos/879695594/20220930_Soo1428_thumbnail.jpg', 'small_url': 'https://images4-g.ravelrycache.com/uploads/sootangos/879695594/20220930_Soo1428_small_best_fit.jpg', 'flickr_url': None, 'shelved_url': 'https://images4-f.ravelrycache.com/uploads/sootangos/879695594/20220930_Soo1428_shelved.jpg', 'medium2_url': 'https://images4-a.ravelrycache.com/uploads/sootangos/879695594/20220930_Soo1428_medium2.jpg', 'small2_url': 'https://images4-g.ravelrycache.com/uploads/sootangos/879695594/20220930_Soo1428_small2.jpg', 'caption': 'Size 2 worn with 8 (20 cm) ease\nYarn: Julie Asselin Leizu Fingering Simple', 'caption_html': 'Size 2 worn with 8 (20 cm) ease\nYarn: Julie Asselin Leizu Fingering Simple', 'copyright_holder': ''}, {'id': 115915240, 'sort_order': 5, 'user_id': 3987027, 'x_offset': 0, 'y_offset': -47, 'square_url': 'https://images4-f.ravelrycache.com/uploads/anitexx/875315771/20220911_163803_square.jpg', 'medium_url': 'https://images4-g.ravelrycache.com/uploads/anitexx/875315771/20220911_163803_medium.jpg', 'thumbnail_url': 'https://images4-f.ravelrycache.com/uploads/anitexx/875315771/20220911_163803_thumbnail.jpg', 'small_url': 'https://images4-f.ravelrycache.com/uploads/anitexx/875315771/20220911_163803_small_best_fit.jpg', 'flickr_url': None, 'shelved_url': 'https://images4-g.ravelrycache.com/uploads/anitexx/875315771/20220911_163803_shelved.jpg', 'medium2_url': 'https://images4-a.ravelrycache.com/uploads/anitexx/875315771/20220911_163803_medium2.jpg', 'small2_url': 'https://images4-f.ravelrycache.com/uploads/anitexx/875315771/20220911_163803_small2.jpg', 'caption': None, 'caption_html': None, 'copyright_holder': None}, {'id': 115915246, 'sort_order': 6, 'user_id': 3987027, 'x_offset': 0, 'y_offset': -67, 'square_url': 'https://images4-g.ravelrycache.com/uploads/anitexx/875315775/20220911_163812_square.jpg', 'medium_url': 'https://images4-f.ravelrycache.com/uploads/anitexx/875315775/20220911_163812_medium.jpg', 'thumbnail_url': 'https://images4-g.ravelrycache.com/uploads/anitexx/875315775/20220911_163812_thumbnail.jpg', 'small_url': 'https://images4-f.ravelrycache.com/uploads/anitexx/875315775/20220911_163812_small_best_fit.jpg', 'flickr_url': None, 'shelved_url': 'https://images4-f.ravelrycache.com/uploads/anitexx/875315775/20220911_163812_shelved.jpg', 'medium2_url': 'https://images4-a.ravelrycache.com/uploads/anitexx/875315775/20220911_163812_medium2.jpg', 'small2_url': 'https://images4-g.ravelrycache.com/uploads/anitexx/875315775/20220911_163812_small2.jpg', 'caption': None, 'caption_html': None, 'copyright_holder': None}, {'id': 115915275, 'sort_order': 7, 'user_id': 3987027, 'x_offset': 0, 'y_offset': -67, 'square_url': 'https://images4-g.ravelrycache.com/uploads/anitexx/875315773/20220911_163807_square.jpg', 'medium_url': 'https://images4-f.ravelrycache.com/uploads/anitexx/875315773/20220911_163807_medium.jpg', 'thumbnail_url': 'https://images4-g.ravelrycache.com/uploads/anitexx/875315773/20220911_163807_thumbnail.jpg', 'small_url': 'https://images4-g.ravelrycache.com/uploads/anitexx/875315773/20220911_163807_small_best_fit.jpg', 'flickr_url': None, 'shelved_url': 'https://images4-f.ravelrycache.com/uploads/anitexx/875315773/20220911_163807_shelved.jpg', 'medium2_url': 'https://images4-a.ravelrycache.com/uploads/anitexx/875315773/20220911_163807_medium2.jpg', 'small2_url': 'https://images4-g.ravelrycache.com/uploads/anitexx/875315773/20220911_163807_small2.jpg', 'caption': None, 'caption_html': None, 'copyright_holder': None}, {'id': 128670875, 'sort_order': 8, 'user_id': 9545917, 'x_offset': 4, 'y_offset': -74, 'square_url': 'https://images4-f.ravelrycache.com/uploads/Yskatz/983208047/IMG_5925_square.jpeg', 'medium_url': 'https://images4-f.ravelrycache.com/uploads/Yskatz/983208047/IMG_5925_medium.jpeg', 'thumbnail_url': 'https://images4-f.ravelrycache.com/uploads/Yskatz/983208047/IMG_5925_thumbnail.jpeg', 'small_url': 'https://images4-f.ravelrycache.com/uploads/Yskatz/983208047/IMG_5925_small_best_fit.jpeg', 'flickr_url': None, 'shelved_url': 'https://images4-g.ravelrycache.com/uploads/Yskatz/983208047/IMG_5925_shelved.jpeg', 'medium2_url': 'https://images4-a.ravelrycache.com/uploads/Yskatz/983208047/IMG_5925_medium2.jpeg', 'small2_url': 'https://images4-g.ravelrycache.com/uploads/Yskatz/983208047/IMG_5925_small2.jpeg', 'caption': None, 'caption_html': None, 'copyright_holder': None}, {'id': 121471941, 'sort_order': 9, 'user_id': 8571378, 'x_offset': 0, 'y_offset': -22, 'square_url': 'https://images4-g.ravelrycache.com/uploads/sootangos/879013718/upload_square', 'medium_url': 'https://images4-f.ravelrycache.com/uploads/sootangos/879013718/upload_medium', 'thumbnail_url': 'https://images4-g.ravelrycache.com/uploads/sootangos/879013718/upload_thumbnail', 'small_url': 'https://images4-g.ravelrycache.com/uploads/sootangos/879013718/upload_small_best_fit', 'flickr_url': None, 'shelved_url': 'https://images4-g.ravelrycache.com/uploads/sootangos/879013718/upload_shelved', 'medium2_url': 'https://images4-a.ravelrycache.com/uploads/sootangos/879013718/upload_medium2', 'small2_url': 'https://images4-g.ravelrycache.com/uploads/sootangos/879013718/upload_small2', 'caption': 'Size 2 at smaller gauge (see note), worn with 5"" (12.5 cm) ease\nYarn: Julie Asselin Fino', 'caption_html': 'Size 2 at smaller gauge (see note), worn with 5"" (12.5 cm) ease\nYarn: Julie Asselin Fino', 'copyright_holder': ''}, {'id': 115926309, 'sort_order': 10, 'user_id': 1189586, 'x_offset': -5, 'y_offset': -35, 'square_url': 'https://images4-g.ravelrycache.com/uploads/JensDreamYarn/871544158/IMG20220822115617_square.jpg', 'medium_url': 'https://images4-f.ravelrycache.com/uploads/JensDreamYarn/871544158/IMG20220822115617_medium.jpg', 'thumbnail_url': 'https://images4-f.ravelrycache.com/uploads/JensDreamYarn/871544158/IMG20220822115617_thumbnail.jpg', 'small_url': 'https://images4-f.ravelrycache.com/uploads/JensDreamYarn/871544158/IMG20220822115617_small.jpg', 'flickr_url': None, 'shelved_url': 'https://images4-g.ravelrycache.com/uploads/JensDreamYarn/871544158/IMG20220822115617_shelved.jpg', 'medium2_url': 'https://images4-a.ravelrycache.com/uploads/JensDreamYarn/871544158/IMG20220822115617_medium2.jpg', 'small2_url': 'https://images4-g.ravelrycache.com/uploads/JensDreamYarn/871544158/IMG20220822115617_small2.jpg', 'caption': None, 'caption_html': None, 'copyright_holder': None}, {'id': 115926313, 'sort_order': 11, 'user_id': 1189586, 'x_offset': -5, 'y_offset': -35, 'square_url': 'https://images4-g.ravelrycache.com/uploads/JensDreamYarn/871543447/IMG20220822115011_square.jpg', 'medium_url': 'https://images4-f.ravelrycache.com/uploads/JensDreamYarn/871543447/IMG20220822115011_medium.jpg', 'thumbnail_url': 'https://images4-f.ravelrycache.com/uploads/JensDreamYarn/871543447/IMG20220822115011_thumbnail.jpg', 'small_url': 'https://images4-g.ravelrycache.com/uploads/JensDreamYarn/871543447/IMG20220822115011_small.jpg', 'flickr_url': None, 'shelved_url': 'https://images4-g.ravelrycache.com/uploads/JensDreamYarn/871543447/IMG20220822115011_shelved.jpg', 'medium2_url': 'https://images4-a.ravelrycache.com/uploads/JensDreamYarn/871543447/IMG20220822115011_medium2.jpg', 'small2_url': 'https://images4-g.ravelrycache.com/uploads/JensDreamYarn/871543447/IMG20220822115011_small2.jpg', 'caption': None, 'caption_html': None, 'copyright_holder': None}, {'id': 115914288, 'sort_order': 12, 'user_id': 2606184, 'x_offset': -24, 'y_offset': 0, 'square_url': 'https://images4-g.ravelrycache.com/uploads/elsofa/880061589/8FD13D73-CE53-4639-9298-D7B4FEC9ED93_square.jpeg', 'medium_url': 'https://images4-g.ravelrycache.com/uploads/elsofa/880061589/8FD13D73-CE53-4639-9298-D7B4FEC9ED93_medium.jpeg', 'thumbnail_url': 'https://images4-g.ravelrycache.com/uploads/elsofa/880061589/8FD13D73-CE53-4639-9298-D7B4FEC9ED93_thumbnail.jpeg', 'small_url': 'https://images4-g.ravelrycache.com/uploads/elsofa/880061589/8FD13D73-CE53-4639-9298-D7B4FEC9ED93_small_best_fit.jpeg', 'flickr_url': None, 'shelved_url': 'https://images4-f.ravelrycache.com/uploads/elsofa/880061589/8FD13D73-CE53-4639-9298-D7B4FEC9ED93_shelved.jpeg', 'medium2_url': 'https://images4-a.ravelrycache.com/uploads/elsofa/880061589/8FD13D73-CE53-4639-9298-D7B4FEC9ED93_medium2.jpeg', 'small2_url': 'https://images4-f.ravelrycache.com/uploads/elsofa/880061589/8FD13D73-CE53-4639-9298-D7B4FEC9ED93_small2.jpeg', 'caption': None, 'caption_html': None, 'copyright_holder': None}, {'id': 116149647, 'sort_order': 13, 'user_id': 6327356, 'x_offset': -5, 'y_offset': -9, 'square_url': 'https://images4-f.ravelrycache.com/uploads/Ellamartine/880855343/IMG_2895_square.JPG', 'medium_url': 'https://images4-g.ravelrycache.com/uploads/Ellamartine/880855343/IMG_2895_medium.JPG', 'thumbnail_url': 'https://images4-f.ravelrycache.com/uploads/Ellamartine/880855343/IMG_2895_thumbnail.JPG', 'small_url': 'https://images4-g.ravelrycache.com/uploads/Ellamartine/880855343/IMG_2895_small.JPG', 'flickr_url': None, 'shelved_url': 'https://images4-g.ravelrycache.com/uploads/Ellamartine/880855343/IMG_2895_shelved.JPG', 'medium2_url': 'https://images4-a.ravelrycache.com/uploads/Ellamartine/880855343/IMG_2895_medium2.JPG', 'small2_url': 'https://images4-f.ravelrycache.com/uploads/Ellamartine/880855343/IMG_2895_small2.JPG', 'caption': None, 'caption_html': None, 'copyright_holder': None}, {'id': 116149637, 'sort_order': 14, 'user_id': 6327356, 'x_offset': -15, 'y_offset': -36, 'square_url': 'https://images4-g.ravelrycache.com/uploads/Ellamartine/880855302/IMG_2891_square.JPG', 'medium_url': 'https://images4-f.ravelrycache.com/uploads/Ellamartine/880855302/IMG_2891_medium.JPG', 'thumbnail_url': 'https://images4-f.ravelrycache.com/uploads/Ellamartine/880855302/IMG_2891_thumbnail.JPG', 'small_url': 'https://images4-g.ravelrycache.com/uploads/Ellamartine/880855302/IMG_2891_small.JPG', 'flickr_url': None, 'shelved_url': 'https://images4-f.ravelrycache.com/uploads/Ellamartine/880855302/IMG_2891_shelved.JPG', 'medium2_url': 'https://images4-a.ravelrycache.com/uploads/Ellamartine/880855302/IMG_2891_medium2.JPG', 'small2_url': 'https://images4-g.ravelrycache.com/uploads/Ellamartine/880855302/IMG_2891_small2.JPG', 'caption': None, 'caption_html': None, 'copyright_holder': None}, {'id': 115910574, 'sort_order': 15, 'user_id': 6298490, 'x_offset': -6, 'y_offset': -35, 'square_url': 'https://images4-f.ravelrycache.com/uploads/anxiouslamb/874945106/8F807568-A757-437A-8EE0-DFCA43F16201_square.jpeg', 'medium_url': 'https://images4-f.ravelrycache.com/uploads/anxiouslamb/874945106/8F807568-A757-437A-8EE0-DFCA43F16201_medium.jpeg', 'thumbnail_url': 'https://images4-g.ravelrycache.com/uploads/anxiouslamb/874945106/8F807568-A757-437A-8EE0-DFCA43F16201_thumbnail.jpeg', 'small_url': 'https://images4-f.ravelrycache.com/uploads/anxiouslamb/874945106/8F807568-A757-437A-8EE0-DFCA43F16201_small.jpeg', 'flickr_url': None, 'shelved_url': 'https://images4-f.ravelrycache.com/uploads/anxiouslamb/874945106/8F807568-A757-437A-8EE0-DFCA43F16201_shelved.jpeg', 'medium2_url': 'https://images4-a.ravelrycache.com/uploads/anxiouslamb/874945106/8F807568-A757-437A-8EE0-DFCA43F16201_medium2.jpeg', 'small2_url': 'https://images4-g.ravelrycache.com/uploads/anxiouslamb/874945106/8F807568-A757-437A-8EE0-DFCA43F16201_small2.jpeg', 'caption': None, 'caption_html': None, 'copyright_holder': None}, {'id': 115910561, 'sort_order': 16, 'user_id': 6298490, 'x_offset': 0, 'y_offset': -15, 'square_url': 'https://images4-f.ravelrycache.com/uploads/anxiouslamb/874945107/76975C45-35A7-4234-B565-733CA318BAF1_square.jpeg', 'medium_url': 'https://images4-f.ravelrycache.com/uploads/anxiouslamb/874945107/76975C45-35A7-4234-B565-733CA318BAF1_medium.jpeg', 'thumbnail_url': 'https://images4-g.ravelrycache.com/uploads/anxiouslamb/874945107/76975C45-35A7-4234-B565-733CA318BAF1_thumbnail.jpeg', 'small_url': 'https://images4-f.ravelrycache.com/uploads/anxiouslamb/874945107/76975C45-35A7-4234-B565-733CA318BAF1_small_best_fit.jpeg', 'flickr_url': None, 'shelved_url': 'https://images4-f.ravelrycache.com/uploads/anxiouslamb/874945107/76975C45-35A7-4234-B565-733CA318BAF1_shelved.jpeg', 'medium2_url': 'https://images4-a.ravelrycache.com/uploads/anxiouslamb/874945107/76975C45-35A7-4234-B565-733CA318BAF1_medium2.jpeg', 'small2_url': 'https://images4-g.ravelrycache.com/uploads/anxiouslamb/874945107/76975C45-35A7-4234-B565-733CA318BAF1_small2.jpeg', 'caption': None, 'caption_html': None, 'copyright_holder': None}, {'id': 115909479, 'sort_order': 17, 'user_id': 9545917, 'x_offset': -5, 'y_offset': -35, 'square_url': 'https://images4-f.ravelrycache.com/uploads/Yskatz/876612805/53927C3F-847C-4C12-B045-F98EE0EA73F0_square.jpeg', 'medium_url': 'https://images4-f.ravelrycache.com/uploads/Yskatz/876612805/53927C3F-847C-4C12-B045-F98EE0EA73F0_medium.jpeg', 'thumbnail_url': 'https://images4-g.ravelrycache.com/uploads/Yskatz/876612805/53927C3F-847C-4C12-B045-F98EE0EA73F0_thumbnail.jpeg', 'small_url': 'https://images4-g.ravelrycache.com/uploads/Yskatz/876612805/53927C3F-847C-4C12-B045-F98EE0EA73F0_small.jpeg', 'flickr_url': None, 'shelved_url': 'https://images4-f.ravelrycache.com/uploads/Yskatz/876612805/53927C3F-847C-4C12-B045-F98EE0EA73F0_shelved.jpeg', 'medium2_url': 'https://images4-a.ravelrycache.com/uploads/Yskatz/876612805/53927C3F-847C-4C12-B045-F98EE0EA73F0_medium2.jpeg', 'small2_url': 'https://images4-g.ravelrycache.com/uploads/Yskatz/876612805/53927C3F-847C-4C12-B045-F98EE0EA73F0_small2.jpeg', 'caption': 'w/ Julie Asselin Leizu Fingering Simple', 'caption_html': 'w/ Julie Asselin Leizu Fingering Simple', 'copyright_holder': ''}, {'id': 119347100, 'sort_order': 18, 'user_id': 8571378, 'x_offset': 0, 'y_offset': 0, 'square_url': 'https://images4-f.ravelrycache.com/uploads/sootangos/906177163/upload_square', 'medium_url': 'https://images4-g.ravelrycache.com/uploads/sootangos/906177163/upload_medium', 'thumbnail_url': 'https://images4-f.ravelrycache.com/uploads/sootangos/906177163/upload_thumbnail', 'small_url': 'https://images4-g.ravelrycache.com/uploads/sootangos/906177163/upload_small_best_fit', 'flickr_url': None, 'shelved_url': 'https://images4-g.ravelrycache.com/uploads/sootangos/906177163/upload_shelved', 'medium2_url': 'https://images4-a.ravelrycache.com/uploads/sootangos/906177163/upload_medium2', 'small2_url': 'https://images4-f.ravelrycache.com/uploads/sootangos/906177163/upload_small2', 'caption': 'Size 2 at smaller gauge (see note), worn with 5"" (12.5 cm) ease\nYarn: Julie Asselin Fino', 'caption_html': 'Size 2 at smaller gauge (see note), worn with 5"" (12.5 cm) ease\nYarn: Julie Asselin Fino', 'copyright_holder': ''}, {'id': 115859099, 'sort_order': 19, 'user_id': 8571378, 'x_offset': -7, 'y_offset': -1, 'square_url': 'https://images4-f.ravelrycache.com/uploads/sootangos/879644608/20220930_Soo1464_square.jpg', 'medium_url': 'https://images4-g.ravelrycache.com/uploads/sootangos/879644608/20220930_Soo1464_medium.jpg', 'thumbnail_url': 'https://images4-g.ravelrycache.com/uploads/sootangos/879644608/20220930_Soo1464_thumbnail.jpg', 'small_url': 'https://images4-f.ravelrycache.com/uploads/sootangos/879644608/20220930_Soo1464_small_best_fit.jpg', 'flickr_url': None, 'shelved_url': 'https://images4-f.ravelrycache.com/uploads/sootangos/879644608/20220930_Soo1464_shelved.jpg', 'medium2_url': 'https://images4-a.ravelrycache.com/uploads/sootangos/879644608/20220930_Soo1464_medium2.jpg', 'small2_url': 'https://images4-f.ravelrycache.com/uploads/sootangos/879644608/20220930_Soo1464_small2.jpg', 'caption': 'w/ Julie Asselin Fino', 'caption_html': 'w/ Julie Asselin Fino', 'copyright_holder': ''}, {'id': 115910807, 'sort_order': 20, 'user_id': 6323614, 'x_offset': -2, 'y_offset': 0, 'square_url': 'https://images4-f.ravelrycache.com/uploads/ochaliciouz/876311099/CYMERA_20220918_194804_square.jpg', 'medium_url': 'https://images4-g.ravelrycache.com/uploads/ochaliciouz/876311099/CYMERA_20220918_194804_medium.jpg', 'thumbnail_url': 'https://images4-f.ravelrycache.com/uploads/ochaliciouz/876311099/CYMERA_20220918_194804_thumbnail.jpg', 'small_url': 'https://images4-g.ravelrycache.com/uploads/ochaliciouz/876311099/CYMERA_20220918_194804_small_best_fit.jpg', 'flickr_url': None, 'shelved_url': 'https://images4-g.ravelrycache.com/uploads/ochaliciouz/876311099/CYMERA_20220918_194804_shelved.jpg', 'medium2_url': 'https://images4-a.ravelrycache.com/uploads/ochaliciouz/876311099/CYMERA_20220918_194804_medium2.jpg', 'small2_url': 'https://images4-f.ravelrycache.com/uploads/ochaliciouz/876311099/CYMERA_20220918_194804_small2.jpg', 'caption': None, 'caption_html': None, 'copyright_holder': None}, {'id': 115910814, 'sort_order': 21, 'user_id': 6323614, 'x_offset': -1, 'y_offset': 1, 'square_url': 'https://images4-f.ravelrycache.com/uploads/ochaliciouz/876311571/BeautyPlus_20220918174005209_save-01_square.jpeg', 'medium_url': 'https://images4-f.ravelrycache.com/uploads/ochaliciouz/876311571/BeautyPlus_20220918174005209_save-01_medium.jpeg', 'thumbnail_url': 'https://images4-f.ravelrycache.com/uploads/ochaliciouz/876311571/BeautyPlus_20220918174005209_save-01_thumbnail.jpeg', 'small_url': 'https://images4-g.ravelrycache.com/uploads/ochaliciouz/876311571/BeautyPlus_20220918174005209_save-01_small_best_fit.jpeg', 'flickr_url': None, 'shelved_url': 'https://images4-g.ravelrycache.com/uploads/ochaliciouz/876311571/BeautyPlus_20220918174005209_save-01_shelved.jpeg', 'medium2_url': 'https://images4-a.ravelrycache.com/uploads/ochaliciouz/876311571/BeautyPlus_20220918174005209_save-01_medium2.jpeg', 'small2_url': 'https://images4-g.ravelrycache.com/uploads/ochaliciouz/876311571/BeautyPlus_20220918174005209_save-01_small2.jpeg', 'caption': None, 'caption_html': None, 'copyright_holder': None}, {'id': 123316216, 'sort_order': 22, 'user_id': 7973480, 'x_offset': -2, 'y_offset': -97, 'square_url': 'https://images4-f.ravelrycache.com/uploads/SilverNeons/925365166/IMG_1281_square.jpeg', 'medium_url': 'https://images4-f.ravelrycache.com/uploads/SilverNeons/925365166/IMG_1281_medium.jpeg', 'thumbnail_url': 'https://images4-f.ravelrycache.com/uploads/SilverNeons/925365166/IMG_1281_thumbnail.jpeg', 'small_url': 'https://images4-f.ravelrycache.com/uploads/SilverNeons/925365166/IMG_1281_small_best_fit.jpeg', 'flickr_url': None, 'shelved_url': 'https://images4-f.ravelrycache.com/uploads/SilverNeons/925365166/IMG_1281_shelved.jpeg', 'medium2_url': 'https://images4-a.ravelrycache.com/uploads/SilverNeons/925365166/IMG_1281_medium2.jpeg', 'small2_url': 'https://images4-g.ravelrycache.com/uploads/SilverNeons/925365166/IMG_1281_small2.jpeg', 'caption': None, 'caption_html': None, 'copyright_holder': None}, {'id': 115859092, 'sort_order': 23, 'user_id': 8571378, 'x_offset': -1, 'y_offset': 0, 'square_url': 'https://images4-f.ravelrycache.com/uploads/sootangos/879644034/20220930_Soo1425_square.jpg', 'medium_url': 'https://images4-g.ravelrycache.com/uploads/sootangos/879644034/20220930_Soo1425_medium.jpg', 'thumbnail_url': 'https://images4-g.ravelrycache.com/uploads/sootangos/879644034/20220930_Soo1425_thumbnail.jpg', 'small_url': 'https://images4-f.ravelrycache.com/uploads/sootangos/879644034/20220930_Soo1425_small_best_fit.jpg', 'flickr_url': None, 'shelved_url': 'https://images4-f.ravelrycache.com/uploads/sootangos/879644034/20220930_Soo1425_shelved.jpg', 'medium2_url': 'https://images4-a.ravelrycache.com/uploads/sootangos/879644034/20220930_Soo1425_medium2.jpg', 'small2_url': 'https://images4-f.ravelrycache.com/uploads/sootangos/879644034/20220930_Soo1425_small2.jpg', 'caption': 'w/ Julie Asselin Leizu Fingering Simple', 'caption_html': 'w/ Julie Asselin Leizu Fingering Simple', 'copyright_holder': ''}, {'id': 115865135, 'sort_order': 24, 'user_id': 8571378, 'x_offset': -35, 'y_offset': 0, 'square_url': 'https://images4-g.ravelrycache.com/uploads/sootangos/879699105/20220930_Soo1430_square.jpg', 'medium_url': 'https://images4-f.ravelrycache.com/uploads/sootangos/879699105/20220930_Soo1430_medium.jpg', 'thumbnail_url': 'https://images4-g.ravelrycache.com/uploads/sootangos/879699105/20220930_Soo1430_thumbnail.jpg', 'small_url': 'https://images4-f.ravelrycache.com/uploads/sootangos/879699105/20220930_Soo1430_small.jpg', 'flickr_url': None, 'shelved_url': 'https://images4-g.ravelrycache.com/uploads/sootangos/879699105/20220930_Soo1430_shelved.jpg', 'medium2_url': 'https://images4-a.ravelrycache.com/uploads/sootangos/879699105/20220930_Soo1430_medium2.jpg', 'small2_url': 'https://images4-g.ravelrycache.com/uploads/sootangos/879699105/20220930_Soo1430_small2.jpg', 'caption': None, 'caption_html': None, 'copyright_holder': None}, {'id': 115956220, 'sort_order': 25, 'user_id': 3841584, 'x_offset': -4, 'y_offset': -6, 'square_url': 'https://images4-g.ravelrycache.com/uploads/aisakuragi/875917590/knittedpoetry-photo1_square.png', 'medium_url': 'https://images4-f.ravelrycache.com/uploads/aisakuragi/875917590/knittedpoetry-photo1_medium.png', 'thumbnail_url': 'https://images4-g.ravelrycache.com/uploads/aisakuragi/875917590/knittedpoetry-photo1_thumbnail.png', 'small_url': 'https://images4-f.ravelrycache.com/uploads/aisakuragi/875917590/knittedpoetry-photo1_small.png', 'flickr_url': None, 'shelved_url': 'https://images4-g.ravelrycache.com/uploads/aisakuragi/875917590/knittedpoetry-photo1_shelved.png', 'medium2_url': 'https://images4-a.ravelrycache.com/uploads/aisakuragi/875917590/knittedpoetry-photo1_medium2.png', 'small2_url': 'https://images4-g.ravelrycache.com/uploads/aisakuragi/875917590/knittedpoetry-photo1_small2.png', 'caption': None, 'caption_html': None, 'copyright_holder': None}, {'id': 119630119, 'sort_order': 26, 'user_id': 1402672, 'x_offset': 0, 'y_offset': 0, 'square_url': 'https://images4-f.ravelrycache.com/uploads/westover/908787477/IMG_20230223_115849_square.jpg', 'medium_url': 'https://images4-g.ravelrycache.com/uploads/westover/908787477/IMG_20230223_115849_medium.jpg', 'thumbnail_url': 'https://images4-f.ravelrycache.com/uploads/westover/908787477/IMG_20230223_115849_thumbnail.jpg', 'small_url': 'https://images4-g.ravelrycache.com/uploads/westover/908787477/IMG_20230223_115849_small_best_fit.jpg', 'flickr_url': None, 'shelved_url': 'https://images4-f.ravelrycache.com/uploads/westover/908787477/IMG_20230223_115849_shelved.jpg', 'medium2_url': 'https://images4-a.ravelrycache.com/uploads/westover/908787477/IMG_20230223_115849_medium2.jpg', 'small2_url': 'https://images4-f.ravelrycache.com/uploads/westover/908787477/IMG_20230223_115849_small2.jpg', 'caption': None, 'caption_html': None, 'copyright_holder': None}, {'id': 115917766, 'sort_order': 27, 'user_id': 1633686, 'x_offset': -5, 'y_offset': -35, 'square_url': 'https://images4-f.ravelrycache.com/uploads/LoraMitchell/878064231/18F82C26-779A-46A1-9418-DFDA34A32A02_square.jpeg', 'medium_url': 'https://images4-f.ravelrycache.com/uploads/LoraMitchell/878064231/18F82C26-779A-46A1-9418-DFDA34A32A02_medium.jpeg', 'thumbnail_url': 'https://images4-g.ravelrycache.com/uploads/LoraMitchell/878064231/18F82C26-779A-46A1-9418-DFDA34A32A02_thumbnail.jpeg', 'small_url': 'https://images4-g.ravelrycache.com/uploads/LoraMitchell/878064231/18F82C26-779A-46A1-9418-DFDA34A32A02_small.jpeg', 'flickr_url': None, 'shelved_url': 'https://images4-g.ravelrycache.com/uploads/LoraMitchell/878064231/18F82C26-779A-46A1-9418-DFDA34A32A02_shelved.jpeg', 'medium2_url': 'https://images4-a.ravelrycache.com/uploads/LoraMitchell/878064231/18F82C26-779A-46A1-9418-DFDA34A32A02_medium2.jpeg', 'small2_url': 'https://images4-g.ravelrycache.com/uploads/LoraMitchell/878064231/18F82C26-779A-46A1-9418-DFDA34A32A02_small2.jpeg', 'caption': None, 'caption_html': None, 'copyright_holder': None}, {'id': 115859096, 'sort_order': 28, 'user_id': 8571378, 'x_offset': -21, 'y_offset': 0, 'square_url': 'https://images4-g.ravelrycache.com/uploads/sootangos/879644481/20220930_Soo1461_square.jpg', 'medium_url': 'https://images4-f.ravelrycache.com/uploads/sootangos/879644481/20220930_Soo1461_medium.jpg', 'thumbnail_url': 'https://images4-g.ravelrycache.com/uploads/sootangos/879644481/20220930_Soo1461_thumbnail.jpg', 'small_url': 'https://images4-g.ravelrycache.com/uploads/sootangos/879644481/20220930_Soo1461_small_best_fit.jpg', 'flickr_url': None, 'shelved_url': 'https://images4-f.ravelrycache.com/uploads/sootangos/879644481/20220930_Soo1461_shelved.jpg', 'medium2_url': 'https://images4-a.ravelrycache.com/uploads/sootangos/879644481/20220930_Soo1461_medium2.jpg', 'small2_url': 'https://images4-g.ravelrycache.com/uploads/sootangos/879644481/20220930_Soo1461_small2.jpg', 'caption': None, 'caption_html': None, 'copyright_holder': None}]"
237-23 Green Harmony,DROPS design,1277442,https://www.ravelry.com/patterns/library/237-23-green-harmony,True,https://images4-a.ravelrycache.com/uploads/Drops/879785043/23b-2_medium2.jpg,Knitting,"['female', 'teen', 'adult', 'plus', 'stripes', 'textured', 'long-sleeve', 'raglan-sleeve', 'hems', 'seamless', 'top-down', 'mock-turtleneck', 'cuffed-sleeve', 'in-the-round']",24.0,3.75,True,4.0,stocking stitch with larger needles,pullover,Fingering,7,4.5,S – M – L – XL – XXL – XXXL,"[{'id': 115875786, 'sort_order': 1, 'user_id': 32910, 'x_offset': -1, 'y_offset': -47, 'square_url': 'https://images4-f.ravelrycache.com/uploads/Drops/879785043/23b-2_square.jpg', 'medium_url': 'https://images4-g.ravelrycache.com/uploads/Drops/879785043/23b-2_medium.jpg', 'thumbnail_url': 'https://images4-g.ravelrycache.com/uploads/Drops/879785043/23b-2_thumbnail.jpg', 'small_url': 'https://images4-g.ravelrycache.com/uploads/Drops/879785043/23b-2_small_best_fit.jpg', 'flickr_url': None, 'shelved_url': 'https://images4-g.ravelrycache.com/uploads/Drops/879785043/23b-2_shelved.jpg', 'medium2_url': 'https://images4-a.ravelrycache.com/uploads/Drops/879785043/23b-2_medium2.jpg', 'small2_url': 'https://images4-f.ravelrycache.com/uploads/Drops/879785043/23b-2_small2.jpg', 'caption': None, 'caption_html': None, 'copyright_holder': None}, {'id': 124394881, 'sort_order': 2, 'user_id': 192180, 'x_offset': -5, 'y_offset': -35, 'square_url': 'https://images4-f.ravelrycache.com/uploads/Emmaliine/918440067/upload_square', 'medium_url': 'https://images4-g.ravelrycache.com/uploads/Emmaliine/918440067/upload_medium', 'thumbnail_url': 'https://images4-g.ravelrycache.com/uploads/Emmaliine/918440067/upload_thumbnail', 'small_url': 'https://images4-g.ravelrycache.com/uploads/Emmaliine/918440067/upload_small', 'flickr_url': None, 'shelved_url': 'https://images4-g.ravelrycache.com/uploads/Emmaliine/918440067/upload_shelved', 'medium2_url': 'https://images4-a.ravelrycache.com/uploads/Emmaliine/918440067/upload_medium2', 'small2_url': 'https://images4-f.ravelrycache.com/uploads/Emmaliine/918440067/upload_small2', 'caption': None, 'caption_html': None, 'copyright_holder': None}, {'id': 115875785, 'sort_order': 3, 'user_id': 32910, 'x_offset': 0, 'y_offset': -31, 'square_url': 'https://images4-g.ravelrycache.com/uploads/Drops/879785041/23-2_square.jpg', 'medium_url': 'https://images4-f.ravelrycache.com/uploads/Drops/879785041/23-2_medium.jpg', 'thumbnail_url': 'https://images4-g.ravelrycache.com/uploads/Drops/879785041/23-2_thumbnail.jpg', 'small_url': 'https://images4-f.ravelrycache.com/uploads/Drops/879785041/23-2_small_best_fit.jpg', 'flickr_url': None, 'shelved_url': 'https://images4-f.ravelrycache.com/uploads/Drops/879785041/23-2_shelved.jpg', 'medium2_url': 'https://images4-a.ravelrycache.com/uploads/Drops/879785041/23-2_medium2.jpg', 'small2_url': 'https://images4-g.ravelrycache.com/uploads/Drops/879785041/23-2_small2.jpg', 'caption': None, 'caption_html': None, 'copyright_holder': None}, {'id': 115875787, 'sort_order': 4, 'user_id': 32910, 'x_offset': 1, 'y_offset': -27, 'square_url': 'https://images4-g.ravelrycache.com/uploads/Drops/879785039/23c-2_square.jpg', 'medium_url': 'https://images4-f.ravelrycache.com/uploads/Drops/879785039/23c-2_medium.jpg', 'thumbnail_url': 'https://images4-g.ravelrycache.com/uploads/Drops/879785039/23c-2_thumbnail.jpg', 'small_url': 'https://images4-f.ravelrycache.com/uploads/Drops/879785039/23c-2_small_best_fit.jpg', 'flickr_url': None, 'shelved_url': 'https://images4-g.ravelrycache.com/uploads/Drops/879785039/23c-2_shelved.jpg', 'medium2_url': 'https://images4-a.ravelrycache.com/uploads/Drops/879785039/23c-2_medium2.jpg', 'small2_url': 'https://images4-g.ravelrycache.com/uploads/Drops/879785039/23c-2_small2.jpg', 'caption': None, 'caption_html': None, 'copyright_holder': None}, {'id': 115875788, 'sort_order': 5, 'user_id': 32910, 'x_offset': 0, 'y_offset': -47, 'square_url': 'https://images4-f.ravelrycache.com/uploads/Drops/879785042/23d-2_square.jpg', 'medium_url': 'https://images4-g.ravelrycache.com/uploads/Drops/879785042/23d-2_medium.jpg', 'thumbnail_url': 'https://images4-f.ravelrycache.com/uploads/Drops/879785042/23d-2_thumbnail.jpg', 'small_url': 'https://images4-g.ravelrycache.com/uploads/Drops/879785042/23d-2_small_best_fit.jpg', 'flickr_url': None, 'shelved_url': 'https://images4-f.ravelrycache.com/uploads/Drops/879785042/23d-2_shelved.jpg', 'medium2_url': 'https://images4-a.ravelrycache.com/uploads/Drops/879785042/23d-2_medium2.jpg', 'small2_url': 'https://images4-f.ravelrycache.com/uploads/Drops/879785042/23d-2_small2.jpg', 'caption': None, 'caption_html': None, 'copyright_holder': None}]"
GEEKのボリュームスリーブプルオーバー,Mariko Oka (岡まり子),1277448,https://www.ravelry.com/patterns/library/geek-2,False,https://images4-a.ravelrycache.com/uploads/yokota-daruma/879786779/cut_247_medium2.jpg,Knitting,"['female', 'adult']",,0.0,False,4.0,,pullover,Bulky,12,0.0,胸囲116cm、身丈56cm、背肩幅65cm、袖丈42.5cm,"[{'id': 115876039, 'sort_order': 1, 'user_id': 2544082, 'x_offset': 1, 'y_offset': -39, 'square_url': 'https://images4-f.ravelrycache.com/uploads/yokota-daruma/879786779/cut_247_square.jpg', 'medium_url': 'https://images4-g.ravelrycache.com/uploads/yokota-daruma/879786779/cut_247_medium.jpg', 'thumbnail_url': 'https://images4-g.ravelrycache.com/uploads/yokota-daruma/879786779/cut_247_thumbnail.jpg', 'small_url': 'https://images4-f.ravelrycache.com/uploads/yokota-daruma/879786779/cut_247_small_best_fit.jpg', 'flickr_url': None, 'shelved_url': 'https://images4-g.ravelrycache.com/uploads/yokota-daruma/879786779/cut_247_shelved.jpg', 'medium2_url': 'https://images4-a.ravelrycache.com/uploads/yokota-daruma/879786779/cut_247_medium2.jpg', 'small2_url': 'https://images4-f.ravelrycache.com/uploads/yokota-daruma/879786779/cut_247_small2.jpg', 'caption': None, 'caption_html': None, 'copyright_holder': None}, {'id': 115876040, 'sort_order': 2, 'user_id': 2544082, 'x_offset': -23, 'y_offset': 0, 'square_url': 'https://images4-g.ravelrycache.com/uploads/yokota-daruma/879786778/cut_232_square.jpg', 'medium_url': 'https://images4-f.ravelrycache.com/uploads/yokota-daruma/879786778/cut_232_medium.jpg', 'thumbnail_url': 'https://images4-f.ravelrycache.com/uploads/yokota-daruma/879786778/cut_232_thumbnail.jpg', 'small_url': 'https://images4-g.ravelrycache.com/uploads/yokota-daruma/879786778/cut_232_small_best_fit.jpg', 'flickr_url': None, 'shelved_url': 'https://images4-f.ravelrycache.com/uploads/yokota-daruma/879786778/cut_232_shelved.jpg', 'medium2_url': 'https://images4-a.ravelrycache.com/uploads/yokota-daruma/879786778/cut_232_medium2.jpg', 'small2_url': 'https://images4-g.ravelrycache.com/uploads/yokota-daruma/879786778/cut_232_small2.jpg', 'caption': None, 'caption_html': None, 'copyright_holder': None}, {'id': 115876041, 'sort_order': 3, 'user_id': 2544082, 'x_offset': 0, 'y_offset': -43, 'square_url': 'https://images4-f.ravelrycache.com/uploads/yokota-daruma/879786846/cut_207_square.jpg', 'medium_url': 'https://images4-g.ravelrycache.com/uploads/yokota-daruma/879786846/cut_207_medium.jpg', 'thumbnail_url': 'https://images4-g.ravelrycache.com/uploads/yokota-daruma/879786846/cut_207_thumbnail.jpg', 'small_url': 'https://images4-g.ravelrycache.com/uploads/yokota-daruma/879786846/cut_207_small_best_fit.jpg', 'flickr_url': None, 'shelved_url': 'https://images4-f.ravelrycache.com/uploads/yokota-daruma/879786846/cut_207_shelved.jpg', 'medium2_url': 'https://images4-a.ravelrycache.com/uploads/yokota-daruma/879786846/cut_207_medium2.jpg', 'small2_url': 'https://images4-f.ravelrycache.com/uploads/yokota-daruma/879786846/cut_207_small2.jpg', 'caption': None, 'caption_html': None, 'copyright_holder': None}, {'id': 115876042, 'sort_order': 4, 'user_id': 2544082, 'x_offset': 0, 'y_offset': -29, 'square_url': 'https://images4-f.ravelrycache.com/uploads/yokota-daruma/879786844/cut_201_square.jpg', 'medium_url': 'https://images4-g.ravelrycache.com/uploads/yokota-daruma/879786844/cut_201_medium.jpg', 'thumbnail_url': 'https://images4-g.ravelrycache.com/uploads/yokota-daruma/879786844/cut_201_thumbnail.jpg', 'small_url': 'https://images4-g.ravelrycache.com/uploads/yokota-daruma/879786844/cut_201_small_best_fit.jpg', 'flickr_url': None, 'shelved_url': 'https://images4-f.ravelrycache.com/uploads/yokota-daruma/879786844/cut_201_shelved.jpg', 'medium2_url': 'https://images4-a.ravelrycache.com/uploads/yokota-daruma/879786844/cut_201_medium2.jpg', 'small2_url': 'https://images4-f.ravelrycache.com/uploads/yokota-daruma/879786844/cut_201_small2.jpg', 'caption': None, 'caption_html': None, 'copyright_holder': None}, {'id': 115876043, 'sort_order': 5, 'user_id': 2544082, 'x_offset': 0, 'y_offset': -43, 'square_url': 'https://images4-g.ravelrycache.com/uploads/yokota-daruma/879786845/cut_197_square.jpg', 'medium_url': 'https://images4-f.ravelrycache.com/uploads/yokota-daruma/879786845/cut_197_medium.jpg', 'thumbnail_url': 'https://images4-g.ravelrycache.com/uploads/yokota-daruma/879786845/cut_197_thumbnail.jpg', 'small_url': 'https://images4-g.ravelrycache.com/uploads/yokota-daruma/879786845/cut_197_small_best_fit.jpg', 'flickr_url': None, 'shelved_url': 'https://images4-g.ravelrycache.com/uploads/yokota-daruma/879786845/cut_197_shelved.jpg', 'medium2_url': 'https://images4-a.ravelrycache.com/uploads/yokota-daruma/879786845/cut_197_medium2.jpg', 'small2_url': 'https://images4-g.ravelrycache.com/uploads/yokota-daruma/879786845/cut_197_small2.jpg', 'caption': None, 'caption_html': None, 'copyright_holder': None}, {'id': 115876044, 'sort_order': 6, 'user_id': 2544082, 'x_offset': -43, 'y_offset': 0, 'square_url': 'https://images4-f.ravelrycache.com/uploads/yokota-daruma/879786777/cut_265_square.jpg', 'medium_url': 'https://images4-g.ravelrycache.com/uploads/yokota-daruma/879786777/cut_265_medium.jpg', 'thumbnail_url': 'https://images4-f.ravelrycache.com/uploads/yokota-daruma/879786777/cut_265_thumbnail.jpg', 'small_url': 'https://images4-f.ravelrycache.com/uploads/yokota-daruma/879786777/cut_265_small_best_fit.jpg', 'flickr_url': None, 'shelved_url': 'https://images4-f.ravelrycache.com/uploads/yokota-daruma/879786777/cut_265_shelved.jpg', 'medium2_url': 'https://images4-a.ravelrycache.com/uploads/yokota-daruma/879786777/cut_265_medium2.jpg', 'small2_url': 'https://images4-f.ravelrycache.com/uploads/yokota-daruma/879786777/cut_265_small2.jpg', 'caption': None, 'caption_html': None, 'copyright_holder': None}]"
Malvarosa,Candy Key,1277493,https://www.ravelry.com/patterns/library/malvarosa-2,False,https://images4-a.ravelrycache.com/uploads/ExpressionFiber/877583847/unnamed-20_medium2.jpg,Knitting,"['one-piece', 'short-rows', 'top-down', 'phototutorial', 'written-pattern', 'video-tutorial', 'cropped', 'in-the-round', 'embroidery', 'appliqued', 'captioned-video']",24.0,2.6666666666666665,True,4.0,Stockinette Stitch,pullover,DK,16,4.666666666666667,XS-4XL,"[{'id': 115877539, 'sort_order': 1, 'user_id': 1570279, 'x_offset': 0, 'y_offset': -31, 'square_url': 'https://images4-f.ravelrycache.com/uploads/ExpressionFiber/877583847/unnamed-20_square.jpg', 'medium_url': 'https://images4-g.ravelrycache.com/uploads/ExpressionFiber/877583847/unnamed-20_medium.jpg', 'thumbnail_url': 'https://images4-f.ravelrycache.com/uploads/ExpressionFiber/877583847/unnamed-20_thumbnail.jpg', 'small_url': 'https://images4-f.ravelrycache.com/uploads/ExpressionFiber/877583847/unnamed-20_small_best_fit.jpg', 'flickr_url': None, 'shelved_url': 'https://images4-g.ravelrycache.com/uploads/ExpressionFiber/877583847/unnamed-20_shelved.jpg', 'medium2_url': 'https://images4-a.ravelrycache.com/uploads/ExpressionFiber/877583847/unnamed-20_medium2.jpg', 'small2_url': 'https://images4-f.ravelrycache.com/uploads/ExpressionFiber/877583847/unnamed-20_small2.jpg', 'caption': None, 'caption_html': None, 'copyright_holder': 'Expression Fiber Arts'}, {'id': 115877540, 'sort_order': 2, 'user_id': 1570279, 'x_offset': -2, 'y_offset': -20, 'square_url': 'https://images4-f.ravelrycache.com/uploads/ExpressionFiber/877583854/unnamed-12_square.jpg', 'medium_url': 'https://images4-g.ravelrycache.com/uploads/ExpressionFiber/877583854/unnamed-12_medium.jpg', 'thumbnail_url': 'https://images4-g.ravelrycache.com/uploads/ExpressionFiber/877583854/unnamed-12_thumbnail.jpg', 'small_url': 'https://images4-g.ravelrycache.com/uploads/ExpressionFiber/877583854/unnamed-12_small_best_fit.jpg', 'flickr_url': None, 'shelved_url': 'https://images4-f.ravelrycache.com/uploads/ExpressionFiber/877583854/unnamed-12_shelved.jpg', 'medium2_url': 'https://images4-a.ravelrycache.com/uploads/ExpressionFiber/877583854/unnamed-12_medium2.jpg', 'small2_url': 'https://images4-f.ravelrycache.com/uploads/ExpressionFiber/877583854/unnamed-12_small2.jpg', 'caption': None, 'caption_html': None, 'copyright_holder': 'Expression Fiber Arts'}, {'id': 115877541, 'sort_order': 3, 'user_id': 1570279, 'x_offset': -1, 'y_offset': -28, 'square_url': 'https://images4-f.ravelrycache.com/uploads/ExpressionFiber/877583845/unnamed-8_square.jpg', 'medium_url': 'https://images4-g.ravelrycache.com/uploads/ExpressionFiber/877583845/unnamed-8_medium.jpg', 'thumbnail_url': 'https://images4-f.ravelrycache.com/uploads/ExpressionFiber/877583845/unnamed-8_thumbnail.jpg', 'small_url': 'https://images4-f.ravelrycache.com/uploads/ExpressionFiber/877583845/unnamed-8_small_best_fit.jpg', 'flickr_url': None, 'shelved_url': 'https://images4-f.ravelrycache.com/uploads/ExpressionFiber/877583845/unnamed-8_shelved.jpg', 'medium2_url': 'https://images4-a.ravelrycache.com/uploads/ExpressionFiber/877583845/unnamed-8_medium2.jpg', 'small2_url': 'https://images4-f.ravelrycache.com/uploads/ExpressionFiber/877583845/unnamed-8_small2.jpg', 'caption': None, 'caption_html': None, 'copyright_holder': 'Expression Fiber Arts'}, {'id': 115877542, 'sort_order': 4, 'user_id': 1570279, 'x_offset': -2, 'y_offset': -25, 'square_url': 'https://images4-g.ravelrycache.com/uploads/ExpressionFiber/877583855/unnamed-21_square.jpg', 'medium_url': 'https://images4-f.ravelrycache.com/uploads/ExpressionFiber/877583855/unnamed-21_medium.jpg', 'thumbnail_url': 'https://images4-g.ravelrycache.com/uploads/ExpressionFiber/877583855/unnamed-21_thumbnail.jpg', 'small_url': 'https://images4-g.ravelrycache.com/uploads/ExpressionFiber/877583855/unnamed-21_small_best_fit.jpg', 'flickr_url': None, 'shelved_url': 'https://images4-g.ravelrycache.com/uploads/ExpressionFiber/877583855/unnamed-21_shelved.jpg', 'medium2_url': 'https://images4-a.ravelrycache.com/uploads/ExpressionFiber/877583855/unnamed-21_medium2.jpg', 'small2_url': 'https://images4-g.ravelrycache.com/uploads/ExpressionFiber/877583855/unnamed-21_small2.jpg', 'caption': None, 'caption_html': None, 'copyright_holder': 'Expression Fiber Arts'}, {'id': 115877543, 'sort_order': 5, 'user_id': 1570279, 'x_offset': 0, 'y_offset': -43, 'square_url': 'https://images4-g.ravelrycache.com/uploads/ExpressionFiber/877583852/unnamed-7_square.jpg', 'medium_url': 'https://images4-f.ravelrycache.com/uploads/ExpressionFiber/877583852/unnamed-7_medium.jpg', 'thumbnail_url': 'https://images4-g.ravelrycache.com/uploads/ExpressionFiber/877583852/unnamed-7_thumbnail.jpg', 'small_url': 'https://images4-f.ravelrycache.com/uploads/ExpressionFiber/877583852/unnamed-7_small_best_fit.jpg', 'flickr_url': None, 'shelved_url': 'https://images4-f.ravelrycache.com/uploads/ExpressionFiber/877583852/unnamed-7_shelved.jpg', 'medium2_url': 'https://images4-a.ravelrycache.com/uploads/ExpressionFiber/877583852/unnamed-7_medium2.jpg', 'small2_url': 'https://images4-g.ravelrycache.com/uploads/ExpressionFiber/877583852/unnamed-7_small2.jpg', 'caption': None, 'caption_html': None, 'copyright_holder': 'Expression Fiber Arts'}, {'id': 115877544, 'sort_order': 6, 'user_id': 1570279, 'x_offset': -43, 'y_offset': 0, 'square_url': 'https://images4-f.ravelrycache.com/uploads/ExpressionFiber/877583849/unnamed-19_square.jpg', 'medium_url': 'https://images4-g.ravelrycache.com/uploads/ExpressionFiber/877583849/unnamed-19_medium.jpg', 'thumbnail_url': 'https://images4-f.ravelrycache.com/uploads/ExpressionFiber/877583849/unnamed-19_thumbnail.jpg', 'small_url': 'https://images4-g.ravelrycache.com/uploads/ExpressionFiber/877583849/unnamed-19_small_best_fit.jpg', 'flickr_url': None, 'shelved_url': 'https://images4-f.ravelrycache.com/uploads/ExpressionFiber/877583849/unnamed-19_shelved.jpg', 'medium2_url': 'https://images4-a.ravelrycache.com/uploads/ExpressionFiber/877583849/unnamed-19_medium2.jpg', 'small2_url': 'https://images4-f.ravelrycache.com/uploads/ExpressionFiber/877583849/unnamed-19_small2.jpg', 'caption': None, 'caption_html': None, 'copyright_holder': 'Expression Fiber Arts'}, {'id': 115877545, 'sort_order': 7, 'user_id': 1570279, 'x_offset': -1, 'y_offset': -31, 'square_url': 'https://images4-g.ravelrycache.com/uploads/ExpressionFiber/877583861/unnamed-18_square.jpg', 'medium_url': 'https://images4-f.ravelrycache.com/uploads/ExpressionFiber/877583861/unnamed-18_medium.jpg', 'thumbnail_url': 'https://images4-g.ravelrycache.com/uploads/ExpressionFiber/877583861/unnamed-18_thumbnail.jpg', 'small_url': 'https://images4-g.ravelrycache.com/uploads/ExpressionFiber/877583861/unnamed-18_small_best_fit.jpg', 'flickr_url': None, 'shelved_url': 'https://images4-g.ravelrycache.com/uploads/ExpressionFiber/877583861/unnamed-18_shelved.jpg', 'medium2_url': 'https://images4-a.ravelrycache.com/uploads/ExpressionFiber/877583861/unnamed-18_medium2.jpg', 'small2_url': 'https://images4-g.ravelrycache.com/uploads/ExpressionFiber/877583861/unnamed-18_small2.jpg', 'caption': None, 'caption_html': None, 'copyright_holder': 'Expression Fiber Arts'}, {'id': 115877546, 'sort_order': 8, 'user_id': 1570279, 'x_offset': 0, 'y_offset': -30, 'square_url': 'https://images4-f.ravelrycache.com/uploads/ExpressionFiber/877583848/unnamed-9_square.jpg', 'medium_url': 'https://images4-g.ravelrycache.com/uploads/ExpressionFiber/877583848/unnamed-9_medium.jpg', 'thumbnail_url': 'https://images4-g.ravelrycache.com/uploads/ExpressionFiber/877583848/unnamed-9_thumbnail.jpg', 'small_url': 'https://images4-f.ravelrycache.com/uploads/ExpressionFiber/877583848/unnamed-9_small_best_fit.jpg', 'flickr_url': None, 'shelved_url': 'https://images4-f.ravelrycache.com/uploads/ExpressionFiber/877583848/unnamed-9_shelved.jpg', 'medium2_url': 'https://images4-a.ravelrycache.com/uploads/ExpressionFiber/877583848/unnamed-9_medium2.jpg', 'small2_url': 'https://images4-f.ravelrycache.com/uploads/ExpressionFiber/877583848/unnamed-9_small2.jpg', 'caption': None, 'caption_html': None, 'copyright_holder': 'Expression Fiber Arts'}, {'id': 115877547, 'sort_order': 9, 'user_id': 1570279, 'x_offset': 0, 'y_offset': -43, 'square_url': 'https://images4-g.ravelrycache.com/uploads/ExpressionFiber/877583863/unnamed-17_square.jpg', 'medium_url': 'https://images4-f.ravelrycache.com/uploads/ExpressionFiber/877583863/unnamed-17_medium.jpg', 'thumbnail_url': 'https://images4-f.ravelrycache.com/uploads/ExpressionFiber/877583863/unnamed-17_thumbnail.jpg', 'small_url': 'https://images4-g.ravelrycache.com/uploads/ExpressionFiber/877583863/unnamed-17_small_best_fit.jpg', 'flickr_url': None, 'shelved_url': 'https://images4-f.ravelrycache.com/uploads/ExpressionFiber/877583863/unnamed-17_shelved.jpg', 'medium2_url': 'https://images4-a.ravelrycache.com/uploads/ExpressionFiber/877583863/unnamed-17_medium2.jpg', 'small2_url': 'https://images4-g.ravelrycache.com/uploads/ExpressionFiber/877583863/unnamed-17_small2.jpg', 'caption': None, 'caption_html': None, 'copyright_holder': 'Expression Fiber Arts'}, {'id': 115877548, 'sort_order': 10, 'user_id': 1570279, 'x_offset': -2, 'y_offset': -28, 'square_url': 'https://images4-g.ravelrycache.com/uploads/ExpressionFiber/877583857/unnamed-16_square.jpg', 'medium_url': 'https://images4-f.ravelrycache.com/uploads/ExpressionFiber/877583857/unnamed-16_medium.jpg', 'thumbnail_url': 'https://images4-g.ravelrycache.com/uploads/ExpressionFiber/877583857/unnamed-16_thumbnail.jpg', 'small_url': 'https://images4-f.ravelrycache.com/uploads/ExpressionFiber/877583857/unnamed-16_small_best_fit.jpg', 'flickr_url': None, 'shelved_url': 'https://images4-g.ravelrycache.com/uploads/ExpressionFiber/877583857/unnamed-16_shelved.jpg', 'medium2_url': 'https://images4-a.ravelrycache.com/uploads/ExpressionFiber/877583857/unnamed-16_medium2.jpg', 'small2_url': 'https://images4-g.ravelrycache.com/uploads/ExpressionFiber/877583857/unnamed-16_small2.jpg', 'caption': None, 'caption_html': None, 'copyright_holder': 'Expression Fiber Arts'}, {'id': 115877549, 'sort_order': 11, 'user_id': 1570279, 'x_offset': -1, 'y_offset': -31, 'square_url': 'https://images4-g.ravelrycache.com/uploads/ExpressionFiber/877583856/unnamed-15_square.jpg', 'medium_url': 'https://images4-f.ravelrycache.com/uploads/ExpressionFiber/877583856/unnamed-15_medium.jpg', 'thumbnail_url': 'https://images4-f.ravelrycache.com/uploads/ExpressionFiber/877583856/unnamed-15_thumbnail.jpg', 'small_url': 'https://images4-f.ravelrycache.com/uploads/ExpressionFiber/877583856/unnamed-15_small_best_fit.jpg', 'flickr_url': None, 'shelved_url': 'https://images4-f.ravelrycache.com/uploads/ExpressionFiber/877583856/unnamed-15_shelved.jpg', 'medium2_url': 'https://images4-a.ravelrycache.com/uploads/ExpressionFiber/877583856/unnamed-15_medium2.jpg', 'small2_url': 'https://images4-g.ravelrycache.com/uploads/ExpressionFiber/877583856/unnamed-15_small2.jpg', 'caption': None, 'caption_html': None, 'copyright_holder': 'Expression Fiber Arts'}, {'id': 115877550, 'sort_order': 12, 'user_id': 1570279, 'x_offset': -43, 'y_offset': 0, 'square_url': 'https://images4-f.ravelrycache.com/uploads/ExpressionFiber/877583864/unnamed-14_square.jpg', 'medium_url': 'https://images4-g.ravelrycache.com/uploads/ExpressionFiber/877583864/unnamed-14_medium.jpg', 'thumbnail_url': 'https://images4-f.ravelrycache.com/uploads/ExpressionFiber/877583864/unnamed-14_thumbnail.jpg', 'small_url': 'https://images4-f.ravelrycache.com/uploads/ExpressionFiber/877583864/unnamed-14_small_best_fit.jpg', 'flickr_url': None, 'shelved_url': 'https://images4-g.ravelrycache.com/uploads/ExpressionFiber/877583864/unnamed-14_shelved.jpg', 'medium2_url': 'https://images4-a.ravelrycache.com/uploads/ExpressionFiber/877583864/unnamed-14_medium2.jpg', 'small2_url': 'https://images4-f.ravelrycache.com/uploads/ExpressionFiber/877583864/unnamed-14_small2.jpg', 'caption': None, 'caption_html': None, 'copyright_holder': 'Expression Fiber Arts'}, {'id': 115877551, 'sort_order': 13, 'user_id': 1570279, 'x_offset': -43, 'y_offset': 0, 'square_url': 'https://images4-g.ravelrycache.com/uploads/ExpressionFiber/877583862/unnamed-13_square.jpg', 'medium_url': 'https://images4-f.ravelrycache.com/uploads/ExpressionFiber/877583862/unnamed-13_medium.jpg', 'thumbnail_url': 'https://images4-f.ravelrycache.com/uploads/ExpressionFiber/877583862/unnamed-13_thumbnail.jpg', 'small_url': 'https://images4-g.ravelrycache.com/uploads/ExpressionFiber/877583862/unnamed-13_small_best_fit.jpg', 'flickr_url': None, 'shelved_url': 'https://images4-g.ravelrycache.com/uploads/ExpressionFiber/877583862/unnamed-13_shelved.jpg', 'medium2_url': 'https://images4-a.ravelrycache.com/uploads/ExpressionFiber/877583862/unnamed-13_medium2.jpg', 'small2_url': 'https://images4-g.ravelrycache.com/uploads/ExpressionFiber/877583862/unnamed-13_small2.jpg', 'caption': None, 'caption_html': None, 'copyright_holder': 'Expression Fiber Arts'}, {'id': 115877552, 'sort_order': 14, 'user_id': 1570279, 'x_offset': 0, 'y_offset': -29, 'square_url': 'https://images4-g.ravelrycache.com/uploads/ExpressionFiber/877583850/unnamed-5_square.jpg', 'medium_url': 'https://images4-f.ravelrycache.com/uploads/ExpressionFiber/877583850/unnamed-5_medium.jpg', 'thumbnail_url': 'https://images4-g.ravelrycache.com/uploads/ExpressionFiber/877583850/unnamed-5_thumbnail.jpg', 'small_url': 'https://images4-f.ravelrycache.com/uploads/ExpressionFiber/877583850/unnamed-5_small_best_fit.jpg', 'flickr_url': None, 'shelved_url': 'https://images4-g.ravelrycache.com/uploads/ExpressionFiber/877583850/unnamed-5_shelved.jpg', 'medium2_url': 'https://images4-a.ravelrycache.com/uploads/ExpressionFiber/877583850/unnamed-5_medium2.jpg', 'small2_url': 'https://images4-g.ravelrycache.com/uploads/ExpressionFiber/877583850/unnamed-5_small2.jpg', 'caption': None, 'caption_html': None, 'copyright_holder': 'Expression Fiber Arts'}, {'id': 115877553, 'sort_order': 15, 'user_id': 1570279, 'x_offset': -43, 'y_offset': 0, 'square_url': 'https://images4-g.ravelrycache.com/uploads/ExpressionFiber/877583846/unnamed-10_square.jpg', 'medium_url': 'https://images4-f.ravelrycache.com/uploads/ExpressionFiber/877583846/unnamed-10_medium.jpg', 'thumbnail_url': 'https://images4-g.ravelrycache.com/uploads/ExpressionFiber/877583846/unnamed-10_thumbnail.jpg', 'small_url': 'https://images4-g.ravelrycache.com/uploads/ExpressionFiber/877583846/unnamed-10_small_best_fit.jpg', 'flickr_url': None, 'shelved_url': 'https://images4-g.ravelrycache.com/uploads/ExpressionFiber/877583846/unnamed-10_shelved.jpg', 'medium2_url': 'https://images4-a.ravelrycache.com/uploads/ExpressionFiber/877583846/unnamed-10_medium2.jpg', 'small2_url': 'https://images4-g.ravelrycache.com/uploads/ExpressionFiber/877583846/unnamed-10_small2.jpg', 'caption': None, 'caption_html': None, 'copyright_holder': 'Expression Fiber Arts'}, {'id': 115877554, 'sort_order': 16, 'user_id': 1570279, 'x_offset': -43, 'y_offset': 0, 'square_url': 'https://images4-g.ravelrycache.com/uploads/ExpressionFiber/877583851/unnamed-6_square.jpg', 'medium_url': 'https://images4-f.ravelrycache.com/uploads/ExpressionFiber/877583851/unnamed-6_medium.jpg', 'thumbnail_url': 'https://images4-g.ravelrycache.com/uploads/ExpressionFiber/877583851/unnamed-6_thumbnail.jpg', 'small_url': 'https://images4-g.ravelrycache.com/uploads/ExpressionFiber/877583851/unnamed-6_small_best_fit.jpg', 'flickr_url': None, 'shelved_url': 'https://images4-f.ravelrycache.com/uploads/ExpressionFiber/877583851/unnamed-6_shelved.jpg', 'medium2_url': 'https://images4-a.ravelrycache.com/uploads/ExpressionFiber/877583851/unnamed-6_medium2.jpg', 'small2_url': 'https://images4-g.ravelrycache.com/uploads/ExpressionFiber/877583851/unnamed-6_small2.jpg', 'caption': None, 'caption_html': None, 'copyright_holder': 'Expression Fiber Arts'}, {'id': 115877555, 'sort_order': 17, 'user_id': 1570279, 'x_offset': 1, 'y_offset': -30, 'square_url': 'https://images4-g.ravelrycache.com/uploads/ExpressionFiber/877583853/unnamed-11_square.jpg', 'medium_url': 'https://images4-f.ravelrycache.com/uploads/ExpressionFiber/877583853/unnamed-11_medium.jpg', 'thumbnail_url': 'https://images4-g.ravelrycache.com/uploads/ExpressionFiber/877583853/unnamed-11_thumbnail.jpg', 'small_url': 'https://images4-f.ravelrycache.com/uploads/ExpressionFiber/877583853/unnamed-11_small_best_fit.jpg', 'flickr_url': None, 'shelved_url': 'https://images4-g.ravelrycache.com/uploads/ExpressionFiber/877583853/unnamed-11_shelved.jpg', 'medium2_url': 'https://images4-a.ravelrycache.com/uploads/ExpressionFiber/877583853/unnamed-11_medium2.jpg', 'small2_url': 'https://images4-g.ravelrycache.com/uploads/ExpressionFiber/877583853/unnamed-11_small2.jpg', 'caption': None, 'caption_html': None, 'copyright_holder': 'Expression Fiber Arts'}, {'id': 121276939, 'sort_order': 18, 'user_id': 8834290, 'x_offset': -2, 'y_offset': -2, 'square_url': 'https://images4-g.ravelrycache.com/uploads/lsb48154/912553841/IMG_1291_square.jpeg', 'medium_url': 'https://images4-g.ravelrycache.com/uploads/lsb48154/912553841/IMG_1291_medium.jpeg', 'thumbnail_url': 'https://images4-f.ravelrycache.com/uploads/lsb48154/912553841/IMG_1291_thumbnail.jpeg', 'small_url': 'https://images4-g.ravelrycache.com/uploads/lsb48154/912553841/IMG_1291_small.jpeg', 'flickr_url': None, 'shelved_url': 'https://images4-f.ravelrycache.com/uploads/lsb48154/912553841/IMG_1291_shelved.jpeg', 'medium2_url': 'https://images4-a.ravelrycache.com/uploads/lsb48154/912553841/IMG_1291_medium2.jpeg', 'small2_url': 'https://images4-f.ravelrycache.com/uploads/lsb48154/912553841/IMG_1291_small2.jpeg', 'caption': None, 'caption_html': None, 'copyright_holder': None}]"
Kunoy Sweater,Kit Couture,1277578,https://www.ravelry.com/patterns/library/kunoy-sweater,False,https://images4-a.ravelrycache.com/uploads/KitCouture/879820245/Kit_Couture_Kunoy_Sweater_Teaser_medium2.jpg,Knitting,"['one-piece', 'bottom-up', 'mock-turtleneck', 'positive-ease', 'written-pattern', 'video-tutorial', 'in-the-round', 'brioche-tuck']",13.0,0.0,True,4.0,two-colour brioche,pullover,Aran,3,0.0,XS (S) M (L) XL (XXL),"[{'id': 115880506, 'sort_order': 1, 'user_id': 5658217, 'x_offset': 0, 'y_offset': 0, 'square_url': 'https://images4-g.ravelrycache.com/uploads/KitCouture/879820245/Kit_Couture_Kunoy_Sweater_Teaser_square.jpg', 'medium_url': 'https://images4-f.ravelrycache.com/uploads/KitCouture/879820245/Kit_Couture_Kunoy_Sweater_Teaser_medium.jpg', 'thumbnail_url': 'https://images4-f.ravelrycache.com/uploads/KitCouture/879820245/Kit_Couture_Kunoy_Sweater_Teaser_thumbnail.jpg', 'small_url': 'https://images4-f.ravelrycache.com/uploads/KitCouture/879820245/Kit_Couture_Kunoy_Sweater_Teaser_small_best_fit.jpg', 'flickr_url': None, 'shelved_url': 'https://images4-g.ravelrycache.com/uploads/KitCouture/879820245/Kit_Couture_Kunoy_Sweater_Teaser_shelved.jpg', 'medium2_url': 'https://images4-a.ravelrycache.com/uploads/KitCouture/879820245/Kit_Couture_Kunoy_Sweater_Teaser_medium2.jpg', 'small2_url': 'https://images4-g.ravelrycache.com/uploads/KitCouture/879820245/Kit_Couture_Kunoy_Sweater_Teaser_small2.jpg', 'caption': None, 'caption_html': None, 'copyright_holder': None}, {'id': 115880507, 'sort_order': 2, 'user_id': 5658217, 'x_offset': 0, 'y_offset': 0, 'square_url': 'https://images4-f.ravelrycache.com/uploads/KitCouture/879820247/Kit_Couture_Kunoy_Sweater_Teaser2_square.jpg', 'medium_url': 'https://images4-g.ravelrycache.com/uploads/KitCouture/879820247/Kit_Couture_Kunoy_Sweater_Teaser2_medium.jpg', 'thumbnail_url': 'https://images4-g.ravelrycache.com/uploads/KitCouture/879820247/Kit_Couture_Kunoy_Sweater_Teaser2_thumbnail.jpg', 'small_url': 'https://images4-f.ravelrycache.com/uploads/KitCouture/879820247/Kit_Couture_Kunoy_Sweater_Teaser2_small_best_fit.jpg', 'flickr_url': None, 'shelved_url': 'https://images4-f.ravelrycache.com/uploads/KitCouture/879820247/Kit_Couture_Kunoy_Sweater_Teaser2_shelved.jpg', 'medium2_url': 'https://images4-a.ravelrycache.com/uploads/KitCouture/879820247/Kit_Couture_Kunoy_Sweater_Teaser2_medium2.jpg', 'small2_url': 'https://images4-f.ravelrycache.com/uploads/KitCouture/879820247/Kit_Couture_Kunoy_Sweater_Teaser2_small2.jpg', 'caption': None, 'caption_html': None, 'copyright_holder': None}, {'id': 115880508, 'sort_order': 3, 'user_id': 5658217, 'x_offset': 0, 'y_offset': 0, 'square_url': 'https://images4-g.ravelrycache.com/uploads/KitCouture/879820246/Kit_Couture_Kunoy_Sweater_Kit_Beige_square.jpg', 'medium_url': 'https://images4-f.ravelrycache.com/uploads/KitCouture/879820246/Kit_Couture_Kunoy_Sweater_Kit_Beige_medium.jpg', 'thumbnail_url': 'https://images4-f.ravelrycache.com/uploads/KitCouture/879820246/Kit_Couture_Kunoy_Sweater_Kit_Beige_thumbnail.jpg', 'small_url': 'https://images4-f.ravelrycache.com/uploads/KitCouture/879820246/Kit_Couture_Kunoy_Sweater_Kit_Beige_small_best_fit.jpg', 'flickr_url': None, 'shelved_url': 'https://images4-f.ravelrycache.com/uploads/KitCouture/879820246/Kit_Couture_Kunoy_Sweater_Kit_Beige_shelved.jpg', 'medium2_url': 'https://images4-a.ravelrycache.com/uploads/KitCouture/879820246/Kit_Couture_Kunoy_Sweater_Kit_Beige_medium2.jpg', 'small2_url': 'https://images4-g.ravelrycache.com/uploads/KitCouture/879820246/Kit_Couture_Kunoy_Sweater_Kit_Beige_small2.jpg', 'caption': None, 'caption_html': None, 'copyright_holder': None}, {'id': 115880509, 'sort_order': 4, 'user_id': 5658217, 'x_offset': 0, 'y_offset': 0, 'square_url': 'https://images4-f.ravelrycache.com/uploads/KitCouture/879820248/Kit_Couture_Kunoy_Sweater_Closeup_square.jpg', 'medium_url': 'https://images4-g.ravelrycache.com/uploads/KitCouture/879820248/Kit_Couture_Kunoy_Sweater_Closeup_medium.jpg', 'thumbnail_url': 'https://images4-f.ravelrycache.com/uploads/KitCouture/879820248/Kit_Couture_Kunoy_Sweater_Closeup_thumbnail.jpg', 'small_url': 'https://images4-g.ravelrycache.com/uploads/KitCouture/879820248/Kit_Couture_Kunoy_Sweater_Closeup_small_best_fit.jpg', 'flickr_url': None, 'shelved_url': 'https://images4-g.ravelrycache.com/uploads/KitCouture/879820248/Kit_Couture_Kunoy_Sweater_Closeup_shelved.jpg', 'medium2_url': 'https://images4-a.ravelrycache.com/uploads/KitCouture/879820248/Kit_Couture_Kunoy_Sweater_Closeup_medium2.jpg', 'small2_url': 'https://images4-f.ravelrycache.com/uploads/KitCouture/879820248/Kit_Couture_Kunoy_Sweater_Closeup_small2.jpg', 'caption': None, 'caption_html': None, 'copyright_holder': None}, {'id': 115880510, 'sort_order': 5, 'user_id': 5658217, 'x_offset': 0, 'y_offset': 0, 'square_url': 'https://images4-f.ravelrycache.com/uploads/KitCouture/879820244/Kit_Couture_Kunoy_Sweater_front_square.jpg', 'medium_url': 'https://images4-g.ravelrycache.com/uploads/KitCouture/879820244/Kit_Couture_Kunoy_Sweater_front_medium.jpg', 'thumbnail_url': 'https://images4-g.ravelrycache.com/uploads/KitCouture/879820244/Kit_Couture_Kunoy_Sweater_front_thumbnail.jpg', 'small_url': 'https://images4-f.ravelrycache.com/uploads/KitCouture/879820244/Kit_Couture_Kunoy_Sweater_front_small_best_fit.jpg', 'flickr_url': None, 'shelved_url': 'https://images4-f.ravelrycache.com/uploads/KitCouture/879820244/Kit_Couture_Kunoy_Sweater_front_shelved.jpg', 'medium2_url': 'https://images4-a.ravelrycache.com/uploads/KitCouture/879820244/Kit_Couture_Kunoy_Sweater_front_medium2.jpg', 'small2_url': 'https://images4-f.ravelrycache.com/uploads/KitCouture/879820244/Kit_Couture_Kunoy_Sweater_front_small2.jpg', 'caption': None, 'caption_html': None, 'copyright_holder': None}]"
The Bloom,Marina Storm,1277649,https://www.ravelry.com/patterns/library/the-bloom,False,https://images4-a.ravelrycache.com/uploads/StormKnittingArt/875777194/FILE-22_medium2.jpg,Knitting,"['unisex', 'teen', 'adult', 'eyelets', 'lace', 'ribbed', 'elastic', 'textured', 'sleeves', '3-4-sleeve', 'sleeveless', 'straight', 'one-piece', 'seamless', 'short-rows', 'top-down', 'mock-turtleneck', 'positive-ease', 'chart', 'written-pattern', 'video-tutorial', 'in-the-round', 'twisted-stitches', 'captioned-video', 'male', 'female']",17.0,4.3,True,4.0,,pullover,DK,31,4.9,"1 (2, 3, 4)(5, 6, 7, 8)","[{'id': 115884932, 'sort_order': 1, 'user_id': 8663420, 'x_offset': -1, 'y_offset': -22, 'square_url': 'https://images4-g.ravelrycache.com/uploads/StormKnittingArt/875777194/FILE-22_square.jpg', 'medium_url': 'https://images4-f.ravelrycache.com/uploads/StormKnittingArt/875777194/FILE-22_medium.jpg', 'thumbnail_url': 'https://images4-f.ravelrycache.com/uploads/StormKnittingArt/875777194/FILE-22_thumbnail.jpg', 'small_url': 'https://images4-g.ravelrycache.com/uploads/StormKnittingArt/875777194/FILE-22_small_best_fit.jpg', 'flickr_url': None, 'shelved_url': 'https://images4-f.ravelrycache.com/uploads/StormKnittingArt/875777194/FILE-22_shelved.jpg', 'medium2_url': 'https://images4-a.ravelrycache.com/uploads/StormKnittingArt/875777194/FILE-22_medium2.jpg', 'small2_url': 'https://images4-g.ravelrycache.com/uploads/StormKnittingArt/875777194/FILE-22_small2.jpg', 'caption': None, 'caption_html': None, 'copyright_holder': None}, {'id': 115884933, 'sort_order': 2, 'user_id': 8663420, 'x_offset': 0, 'y_offset': -43, 'square_url': 'https://images4-f.ravelrycache.com/uploads/StormKnittingArt/875777197/FILE-25_square.jpg', 'medium_url': 'https://images4-g.ravelrycache.com/uploads/StormKnittingArt/875777197/FILE-25_medium.jpg', 'thumbnail_url': 'https://images4-f.ravelrycache.com/uploads/StormKnittingArt/875777197/FILE-25_thumbnail.jpg', 'small_url': 'https://images4-g.ravelrycache.com/uploads/StormKnittingArt/875777197/FILE-25_small_best_fit.jpg', 'flickr_url': None, 'shelved_url': 'https://images4-f.ravelrycache.com/uploads/StormKnittingArt/875777197/FILE-25_shelved.jpg', 'medium2_url': 'https://images4-a.ravelrycache.com/uploads/StormKnittingArt/875777197/FILE-25_medium2.jpg', 'small2_url': 'https://images4-f.ravelrycache.com/uploads/StormKnittingArt/875777197/FILE-25_small2.jpg', 'caption': None, 'caption_html': None, 'copyright_holder': None}, {'id': 115884934, 'sort_order': 3, 'user_id': 8663420, 'x_offset': -43, 'y_offset': 0, 'square_url': 'https://images4-f.ravelrycache.com/uploads/StormKnittingArt/875777198/FILE-28_square.jpg', 'medium_url': 'https://images4-g.ravelrycache.com/uploads/StormKnittingArt/875777198/FILE-28_medium.jpg', 'thumbnail_url': 'https://images4-f.ravelrycache.com/uploads/StormKnittingArt/875777198/FILE-28_thumbnail.jpg', 'small_url': 'https://images4-f.ravelrycache.com/uploads/StormKnittingArt/875777198/FILE-28_small_best_fit.jpg', 'flickr_url': None, 'shelved_url': 'https://images4-f.ravelrycache.com/uploads/StormKnittingArt/875777198/FILE-28_shelved.jpg', 'medium2_url': 'https://images4-a.ravelrycache.com/uploads/StormKnittingArt/875777198/FILE-28_medium2.jpg', 'small2_url': 'https://images4-f.ravelrycache.com/uploads/StormKnittingArt/875777198/FILE-28_small2.jpg', 'caption': None, 'caption_html': None, 'copyright_holder': None}, {'id': 115884935, 'sort_order': 4, 'user_id': 8663420, 'x_offset': -5, 'y_offset': -37, 'square_url': 'https://images4-g.ravelrycache.com/uploads/StormKnittingArt/875777196/FILE-23_square.jpg', 'medium_url': 'https://images4-f.ravelrycache.com/uploads/StormKnittingArt/875777196/FILE-23_medium.jpg', 'thumbnail_url': 'https://images4-g.ravelrycache.com/uploads/StormKnittingArt/875777196/FILE-23_thumbnail.jpg', 'small_url': 'https://images4-g.ravelrycache.com/uploads/StormKnittingArt/875777196/FILE-23_small_best_fit.jpg', 'flickr_url': None, 'shelved_url': 'https://images4-f.ravelrycache.com/uploads/StormKnittingArt/875777196/FILE-23_shelved.jpg', 'medium2_url': 'https://images4-a.ravelrycache.com/uploads/StormKnittingArt/875777196/FILE-23_medium2.jpg', 'small2_url': 'https://images4-g.ravelrycache.com/uploads/StormKnittingArt/875777196/FILE-23_small2.jpg', 'caption': None, 'caption_html': None, 'copyright_holder': None}, {'id': 115884936, 'sort_order': 5, 'user_id': 8663420, 'x_offset': -43, 'y_offset': 0, 'square_url': 'https://images4-f.ravelrycache.com/uploads/StormKnittingArt/875777195/FILE-19_square.jpg', 'medium_url': 'https://images4-g.ravelrycache.com/uploads/StormKnittingArt/875777195/FILE-19_medium.jpg', 'thumbnail_url': 'https://images4-f.ravelrycache.com/uploads/StormKnittingArt/875777195/FILE-19_thumbnail.jpg', 'small_url': 'https://images4-f.ravelrycache.com/uploads/StormKnittingArt/875777195/FILE-19_small_best_fit.jpg', 'flickr_url': None, 'shelved_url': 'https://images4-g.ravelrycache.com/uploads/StormKnittingArt/875777195/FILE-19_shelved.jpg', 'medium2_url': 'https://images4-a.ravelrycache.com/uploads/StormKnittingArt/875777195/FILE-19_medium2.jpg', 'small2_url': 'https://images4-f.ravelrycache.com/uploads/StormKnittingArt/875777195/FILE-19_small2.jpg', 'caption': None, 'caption_html': None, 'copyright_holder': None}]"
Holly Jolly Jumper (Ugly Christmas Sweater),Casie Grevé,1278094,https://www.ravelry.com/patterns/library/holly-jolly-jumper-ugly-christmas-sweater,False,https://images4-a.ravelrycache.com/uploads/Casiegreve/880682339/IMG_5360_medium2.heic,Knitting,"['unisex', 'teen', 'adult', 'bobble-or-popcorn', 'stripes', 'textured', 'tassel', 'circular-yoke', 'turtleneck', 'stranded', 'one-piece', 'seamless', 'short-rows', 'top-down', 'positive-ease', 'in-the-round', 'stripes-colorwork', 'chart', 'written-pattern', 'video-tutorial', 'schematic', 'male', 'female']",20.0,4.0,True,4.0,,pullover,DK,19,5.0,"Bust/Chest: A (33""/84cm), B (36""/91cm), C (39""/99cm), D (42""/107cm), E (45""/114cm), F (48""/122cm), G (54""/137cm), H (60""/152cm), I (63""/160cm) ","[{'id': 115986835, 'sort_order': 1, 'user_id': 351600, 'x_offset': -2, 'y_offset': 0, 'square_url': 'https://images4-g.ravelrycache.com/uploads/Casiegreve/880682339/IMG_5360_square.heic', 'medium_url': 'https://images4-g.ravelrycache.com/uploads/Casiegreve/880682339/IMG_5360_medium.heic', 'thumbnail_url': 'https://images4-f.ravelrycache.com/uploads/Casiegreve/880682339/IMG_5360_thumbnail.heic', 'small_url': 'https://images4-g.ravelrycache.com/uploads/Casiegreve/880682339/IMG_5360_small_best_fit.heic', 'flickr_url': None, 'shelved_url': 'https://images4-f.ravelrycache.com/uploads/Casiegreve/880682339/IMG_5360_shelved.heic', 'medium2_url': 'https://images4-a.ravelrycache.com/uploads/Casiegreve/880682339/IMG_5360_medium2.heic', 'small2_url': 'https://images4-f.ravelrycache.com/uploads/Casiegreve/880682339/IMG_5360_small2.heic', 'caption': None, 'caption_html': None, 'copyright_holder': None}, {'id': 115986836, 'sort_order': 2, 'user_id': 351600, 'x_offset': -5, 'y_offset': -35, 'square_url': 'https://images4-g.ravelrycache.com/uploads/Casiegreve/880682351/IMG_5345_square.heic', 'medium_url': 'https://images4-g.ravelrycache.com/uploads/Casiegreve/880682351/IMG_5345_medium.heic', 'thumbnail_url': 'https://images4-f.ravelrycache.com/uploads/Casiegreve/880682351/IMG_5345_thumbnail.heic', 'small_url': 'https://images4-g.ravelrycache.com/uploads/Casiegreve/880682351/IMG_5345_small.heic', 'flickr_url': None, 'shelved_url': 'https://images4-g.ravelrycache.com/uploads/Casiegreve/880682351/IMG_5345_shelved.heic', 'medium2_url': 'https://images4-a.ravelrycache.com/uploads/Casiegreve/880682351/IMG_5345_medium2.heic', 'small2_url': 'https://images4-f.ravelrycache.com/uploads/Casiegreve/880682351/IMG_5345_small2.heic', 'caption': None, 'caption_html': None, 'copyright_holder': None}, {'id': 120251800, 'sort_order': 3, 'user_id': 9382717, 'x_offset': 0, 'y_offset': -22, 'square_url': 'https://images4-f.ravelrycache.com/uploads/LacyKnitterStudio/880480207/IMG_20221010_221010_square.jpg', 'medium_url': 'https://images4-g.ravelrycache.com/uploads/LacyKnitterStudio/880480207/IMG_20221010_221010_medium.jpg', 'thumbnail_url': 'https://images4-g.ravelrycache.com/uploads/LacyKnitterStudio/880480207/IMG_20221010_221010_thumbnail.jpg', 'small_url': 'https://images4-f.ravelrycache.com/uploads/LacyKnitterStudio/880480207/IMG_20221010_221010_small_best_fit.jpg', 'flickr_url': None, 'shelved_url': 'https://images4-f.ravelrycache.com/uploads/LacyKnitterStudio/880480207/IMG_20221010_221010_shelved.jpg', 'medium2_url': 'https://images4-a.ravelrycache.com/uploads/LacyKnitterStudio/880480207/IMG_20221010_221010_medium2.jpg', 'small2_url': 'https://images4-f.ravelrycache.com/uploads/LacyKnitterStudio/880480207/IMG_20221010_221010_small2.jpg', 'caption': None, 'caption_html': None, 'copyright_holder': None}, {'id': 115986829, 'sort_order': 4, 'user_id': 351600, 'x_offset': -5, 'y_offset': -35, 'square_url': 'https://images4-f.ravelrycache.com/uploads/Casiegreve/880682344/IMG_5350_square.heic', 'medium_url': 'https://images4-f.ravelrycache.com/uploads/Casiegreve/880682344/IMG_5350_medium.heic', 'thumbnail_url': 'https://images4-f.ravelrycache.com/uploads/Casiegreve/880682344/IMG_5350_thumbnail.heic', 'small_url': 'https://images4-g.ravelrycache.com/uploads/Casiegreve/880682344/IMG_5350_small.heic', 'flickr_url': None, 'shelved_url': 'https://images4-f.ravelrycache.com/uploads/Casiegreve/880682344/IMG_5350_shelved.heic', 'medium2_url': 'https://images4-a.ravelrycache.com/uploads/Casiegreve/880682344/IMG_5350_medium2.heic', 'small2_url': 'https://images4-g.ravelrycache.com/uploads/Casiegreve/880682344/IMG_5350_small2.heic', 'caption': None, 'caption_html': None, 'copyright_holder': None}, {'id': 115986826, 'sort_order': 5, 'user_id': 351600, 'x_offset': -5, 'y_offset': -35, 'square_url': 'https://images4-g.ravelrycache.com/uploads/Casiegreve/880682340/IMG_5342_square.heic', 'medium_url': 'https://images4-g.ravelrycache.com/uploads/Casiegreve/880682340/IMG_5342_medium.heic', 'thumbnail_url': 'https://images4-f.ravelrycache.com/uploads/Casiegreve/880682340/IMG_5342_thumbnail.heic', 'small_url': 'https://images4-f.ravelrycache.com/uploads/Casiegreve/880682340/IMG_5342_small.heic', 'flickr_url': None, 'shelved_url': 'https://images4-g.ravelrycache.com/uploads/Casiegreve/880682340/IMG_5342_shelved.heic', 'medium2_url': 'https://images4-a.ravelrycache.com/uploads/Casiegreve/880682340/IMG_5342_medium2.heic', 'small2_url': 'https://images4-f.ravelrycache.com/uploads/Casiegreve/880682340/IMG_5342_small2.heic', 'caption': None, 'caption_html': None, 'copyright_holder': None}, {'id': 115986823, 'sort_order': 6, 'user_id': 351600, 'x_offset': -5, 'y_offset': -35, 'square_url': 'https://images4-f.ravelrycache.com/uploads/Casiegreve/880682338/IMG_5335_square.heic', 'medium_url': 'https://images4-f.ravelrycache.com/uploads/Casiegreve/880682338/IMG_5335_medium.heic', 'thumbnail_url': 'https://images4-f.ravelrycache.com/uploads/Casiegreve/880682338/IMG_5335_thumbnail.heic', 'small_url': 'https://images4-g.ravelrycache.com/uploads/Casiegreve/880682338/IMG_5335_small.heic', 'flickr_url': None, 'shelved_url': 'https://images4-g.ravelrycache.com/uploads/Casiegreve/880682338/IMG_5335_shelved.heic', 'medium2_url': 'https://images4-a.ravelrycache.com/uploads/Casiegreve/880682338/IMG_5335_medium2.heic', 'small2_url': 'https://images4-g.ravelrycache.com/uploads/Casiegreve/880682338/IMG_5335_small2.heic', 'caption': None, 'caption_html': None, 'copyright_holder': None}, {'id': 115986838, 'sort_order': 7, 'user_id': 351600, 'x_offset': -6, 'y_offset': 0, 'square_url': 'https://images4-g.ravelrycache.com/uploads/Casiegreve/880682412/IMG_5321_square.heic', 'medium_url': 'https://images4-g.ravelrycache.com/uploads/Casiegreve/880682412/IMG_5321_medium.heic', 'thumbnail_url': 'https://images4-f.ravelrycache.com/uploads/Casiegreve/880682412/IMG_5321_thumbnail.heic', 'small_url': 'https://images4-g.ravelrycache.com/uploads/Casiegreve/880682412/IMG_5321_small_best_fit.heic', 'flickr_url': None, 'shelved_url': 'https://images4-g.ravelrycache.com/uploads/Casiegreve/880682412/IMG_5321_shelved.heic', 'medium2_url': 'https://images4-a.ravelrycache.com/uploads/Casiegreve/880682412/IMG_5321_medium2.heic', 'small2_url': 'https://images4-f.ravelrycache.com/uploads/Casiegreve/880682412/IMG_5321_small2.heic', 'caption': None, 'caption_html': None, 'copyright_holder': None}, {'id': 116116579, 'sort_order': 8, 'user_id': 557941, 'x_offset': -5, 'y_offset': -35, 'square_url': 'https://images4-f.ravelrycache.com/uploads/Monica1985/880524558/AE159CCD-394D-4E25-99BA-3FCBBF5DA128_square.jpeg', 'medium_url': 'https://images4-f.ravelrycache.com/uploads/Monica1985/880524558/AE159CCD-394D-4E25-99BA-3FCBBF5DA128_medium.jpeg', 'thumbnail_url': 'https://images4-g.ravelrycache.com/uploads/Monica1985/880524558/AE159CCD-394D-4E25-99BA-3FCBBF5DA128_thumbnail.jpeg', 'small_url': 'https://images4-g.ravelrycache.com/uploads/Monica1985/880524558/AE159CCD-394D-4E25-99BA-3FCBBF5DA128_small.jpeg', 'flickr_url': None, 'shelved_url': 'https://images4-f.ravelrycache.com/uploads/Monica1985/880524558/AE159CCD-394D-4E25-99BA-3FCBBF5DA128_shelved.jpeg', 'medium2_url': 'https://images4-a.ravelrycache.com/uploads/Monica1985/880524558/AE159CCD-394D-4E25-99BA-3FCBBF5DA128_medium2.jpeg', 'small2_url': 'https://images4-g.ravelrycache.com/uploads/Monica1985/880524558/AE159CCD-394D-4E25-99BA-3FCBBF5DA128_small2.jpeg', 'caption': None, 'caption_html': None, 'copyright_holder': None}, {'id': 116116577, 'sort_order': 9, 'user_id': 557941, 'x_offset': -5, 'y_offset': -35, 'square_url': 'https://images4-f.ravelrycache.com/uploads/Monica1985/880524562/FA780589-48FB-4D04-B77D-CE01D925A711_square.jpeg', 'medium_url': 'https://images4-f.ravelrycache.com/uploads/Monica1985/880524562/FA780589-48FB-4D04-B77D-CE01D925A711_medium.jpeg', 'thumbnail_url': 'https://images4-f.ravelrycache.com/uploads/Monica1985/880524562/FA780589-48FB-4D04-B77D-CE01D925A711_thumbnail.jpeg', 'small_url': 'https://images4-f.ravelrycache.com/uploads/Monica1985/880524562/FA780589-48FB-4D04-B77D-CE01D925A711_small.jpeg', 'flickr_url': None, 'shelved_url': 'https://images4-g.ravelrycache.com/uploads/Monica1985/880524562/FA780589-48FB-4D04-B77D-CE01D925A711_shelved.jpeg', 'medium2_url': 'https://images4-a.ravelrycache.com/uploads/Monica1985/880524562/FA780589-48FB-4D04-B77D-CE01D925A711_medium2.jpeg', 'small2_url': 'https://images4-g.ravelrycache.com/uploads/Monica1985/880524562/FA780589-48FB-4D04-B77D-CE01D925A711_small2.jpeg', 'caption': None, 'caption_html': None, 'copyright_holder': None}, {'id': 116116574, 'sort_order': 10, 'user_id': 557941, 'x_offset': -5, 'y_offset': -35, 'square_url': 'https://images4-f.ravelrycache.com/uploads/Monica1985/880524555/41F23F14-DCF4-42EF-8C08-9F3D15C07894_square.jpeg', 'medium_url': 'https://images4-f.ravelrycache.com/uploads/Monica1985/880524555/41F23F14-DCF4-42EF-8C08-9F3D15C07894_medium.jpeg', 'thumbnail_url': 'https://images4-f.ravelrycache.com/uploads/Monica1985/880524555/41F23F14-DCF4-42EF-8C08-9F3D15C07894_thumbnail.jpeg', 'small_url': 'https://images4-g.ravelrycache.com/uploads/Monica1985/880524555/41F23F14-DCF4-42EF-8C08-9F3D15C07894_small.jpeg', 'flickr_url': None, 'shelved_url': 'https://images4-f.ravelrycache.com/uploads/Monica1985/880524555/41F23F14-DCF4-42EF-8C08-9F3D15C07894_shelved.jpeg', 'medium2_url': 'https://images4-a.ravelrycache.com/uploads/Monica1985/880524555/41F23F14-DCF4-42EF-8C08-9F3D15C07894_medium2.jpeg', 'small2_url': 'https://images4-g.ravelrycache.com/uploads/Monica1985/880524555/41F23F14-DCF4-42EF-8C08-9F3D15C07894_small2.jpeg', 'caption': None, 'caption_html': None, 'copyright_holder': None}, {'id': 116016825, 'sort_order': 11, 'user_id': 6393872, 'x_offset': -5, 'y_offset': -35, 'square_url': 'https://images4-g.ravelrycache.com/uploads/slipslipsis/877679032/AF936E4D-8B4D-4741-95E1-9A573D6321F3_square.jpeg', 'medium_url': 'https://images4-g.ravelrycache.com/uploads/slipslipsis/877679032/AF936E4D-8B4D-4741-95E1-9A573D6321F3_medium.jpeg', 'thumbnail_url': 'https://images4-f.ravelrycache.com/uploads/slipslipsis/877679032/AF936E4D-8B4D-4741-95E1-9A573D6321F3_thumbnail.jpeg', 'small_url': 'https://images4-g.ravelrycache.com/uploads/slipslipsis/877679032/AF936E4D-8B4D-4741-95E1-9A573D6321F3_small.jpeg', 'flickr_url': None, 'shelved_url': 'https://images4-g.ravelrycache.com/uploads/slipslipsis/877679032/AF936E4D-8B4D-4741-95E1-9A573D6321F3_shelved.jpeg', 'medium2_url': 'https://images4-a.ravelrycache.com/uploads/slipslipsis/877679032/AF936E4D-8B4D-4741-95E1-9A573D6321F3_medium2.jpeg', 'small2_url': 'https://images4-f.ravelrycache.com/uploads/slipslipsis/877679032/AF936E4D-8B4D-4741-95E1-9A573D6321F3_small2.jpeg', 'caption': None, 'caption_html': None, 'copyright_holder': None}, {'id': 116016829, 'sort_order': 12, 'user_id': 6393872, 'x_offset': -5, 'y_offset': -35, 'square_url': 'https://images4-f.ravelrycache.com/uploads/slipslipsis/877679033/BE11C2EA-7BF0-4D41-8570-D3A09865B523_square.jpeg', 'medium_url': 'https://images4-f.ravelrycache.com/uploads/slipslipsis/877679033/BE11C2EA-7BF0-4D41-8570-D3A09865B523_medium.jpeg', 'thumbnail_url': 'https://images4-f.ravelrycache.com/uploads/slipslipsis/877679033/BE11C2EA-7BF0-4D41-8570-D3A09865B523_thumbnail.jpeg', 'small_url': 'https://images4-f.ravelrycache.com/uploads/slipslipsis/877679033/BE11C2EA-7BF0-4D41-8570-D3A09865B523_small.jpeg', 'flickr_url': None, 'shelved_url': 'https://images4-g.ravelrycache.com/uploads/slipslipsis/877679033/BE11C2EA-7BF0-4D41-8570-D3A09865B523_shelved.jpeg', 'medium2_url': 'https://images4-a.ravelrycache.com/uploads/slipslipsis/877679033/BE11C2EA-7BF0-4D41-8570-D3A09865B523_medium2.jpeg', 'small2_url': 'https://images4-g.ravelrycache.com/uploads/slipslipsis/877679033/BE11C2EA-7BF0-4D41-8570-D3A09865B523_small2.jpeg', 'caption': None, 'caption_html': None, 'copyright_holder': None}, {'id': 116016823, 'sort_order': 13, 'user_id': 6393872, 'x_offset': -5, 'y_offset': -35, 'square_url': 'https://images4-f.ravelrycache.com/uploads/slipslipsis/877679035/21E26231-5E6F-4C13-9505-17C2ECCD78EE_square.jpeg', 'medium_url': 'https://images4-f.ravelrycache.com/uploads/slipslipsis/877679035/21E26231-5E6F-4C13-9505-17C2ECCD78EE_medium.jpeg', 'thumbnail_url': 'https://images4-g.ravelrycache.com/uploads/slipslipsis/877679035/21E26231-5E6F-4C13-9505-17C2ECCD78EE_thumbnail.jpeg', 'small_url': 'https://images4-g.ravelrycache.com/uploads/slipslipsis/877679035/21E26231-5E6F-4C13-9505-17C2ECCD78EE_small.jpeg', 'flickr_url': None, 'shelved_url': 'https://images4-g.ravelrycache.com/uploads/slipslipsis/877679035/21E26231-5E6F-4C13-9505-17C2ECCD78EE_shelved.jpeg', 'medium2_url': 'https://images4-a.ravelrycache.com/uploads/slipslipsis/877679035/21E26231-5E6F-4C13-9505-17C2ECCD78EE_medium2.jpeg', 'small2_url': 'https://images4-g.ravelrycache.com/uploads/slipslipsis/877679035/21E26231-5E6F-4C13-9505-17C2ECCD78EE_small2.jpeg', 'caption': None, 'caption_html': None, 'copyright_holder': None}, {'id': 115986707, 'sort_order': 14, 'user_id': 10420481, 'x_offset': 0, 'y_offset': -16, 'square_url': 'https://images4-g.ravelrycache.com/uploads/ShabbyHareKnits/880599779/C46826B8-232F-4B05-9A7F-5AADC37BCB21_square.jpeg', 'medium_url': 'https://images4-g.ravelrycache.com/uploads/ShabbyHareKnits/880599779/C46826B8-232F-4B05-9A7F-5AADC37BCB21_medium.jpeg', 'thumbnail_url': 'https://images4-f.ravelrycache.com/uploads/ShabbyHareKnits/880599779/C46826B8-232F-4B05-9A7F-5AADC37BCB21_thumbnail.jpeg', 'small_url': 'https://images4-g.ravelrycache.com/uploads/ShabbyHareKnits/880599779/C46826B8-232F-4B05-9A7F-5AADC37BCB21_small_best_fit.jpeg', 'flickr_url': None, 'shelved_url': 'https://images4-g.ravelrycache.com/uploads/ShabbyHareKnits/880599779/C46826B8-232F-4B05-9A7F-5AADC37BCB21_shelved.jpeg', 'medium2_url': 'https://images4-a.ravelrycache.com/uploads/ShabbyHareKnits/880599779/C46826B8-232F-4B05-9A7F-5AADC37BCB21_medium2.jpeg', 'small2_url': 'https://images4-f.ravelrycache.com/uploads/ShabbyHareKnits/880599779/C46826B8-232F-4B05-9A7F-5AADC37BCB21_small2.jpeg', 'caption': None, 'caption_html': None, 'copyright_holder': None}, {'id': 115986706, 'sort_order': 15, 'user_id': 10420481, 'x_offset': -2, 'y_offset': -22, 'square_url': 'https://images4-g.ravelrycache.com/uploads/ShabbyHareKnits/880529885/IMG_3255_square.JPG', 'medium_url': 'https://images4-f.ravelrycache.com/uploads/ShabbyHareKnits/880529885/IMG_3255_medium.JPG', 'thumbnail_url': 'https://images4-f.ravelrycache.com/uploads/ShabbyHareKnits/880529885/IMG_3255_thumbnail.JPG', 'small_url': 'https://images4-f.ravelrycache.com/uploads/ShabbyHareKnits/880529885/IMG_3255_small_best_fit.JPG', 'flickr_url': None, 'shelved_url': 'https://images4-g.ravelrycache.com/uploads/ShabbyHareKnits/880529885/IMG_3255_shelved.JPG', 'medium2_url': 'https://images4-a.ravelrycache.com/uploads/ShabbyHareKnits/880529885/IMG_3255_medium2.JPG', 'small2_url': 'https://images4-g.ravelrycache.com/uploads/ShabbyHareKnits/880529885/IMG_3255_small2.JPG', 'caption': None, 'caption_html': None, 'copyright_holder': None}, {'id': 115986701, 'sort_order': 16, 'user_id': 10420481, 'x_offset': 0, 'y_offset': -22, 'square_url': 'https://images4-g.ravelrycache.com/uploads/ShabbyHareKnits/880599783/95B86EB9-4699-4D53-A65D-3F00F3E78C9D_square.jpeg', 'medium_url': 'https://images4-g.ravelrycache.com/uploads/ShabbyHareKnits/880599783/95B86EB9-4699-4D53-A65D-3F00F3E78C9D_medium.jpeg', 'thumbnail_url': 'https://images4-g.ravelrycache.com/uploads/ShabbyHareKnits/880599783/95B86EB9-4699-4D53-A65D-3F00F3E78C9D_thumbnail.jpeg', 'small_url': 'https://images4-f.ravelrycache.com/uploads/ShabbyHareKnits/880599783/95B86EB9-4699-4D53-A65D-3F00F3E78C9D_small_best_fit.jpeg', 'flickr_url': None, 'shelved_url': 'https://images4-f.ravelrycache.com/uploads/ShabbyHareKnits/880599783/95B86EB9-4699-4D53-A65D-3F00F3E78C9D_shelved.jpeg', 'medium2_url': 'https://images4-a.ravelrycache.com/uploads/ShabbyHareKnits/880599783/95B86EB9-4699-4D53-A65D-3F00F3E78C9D_medium2.jpeg', 'small2_url': 'https://images4-f.ravelrycache.com/uploads/ShabbyHareKnits/880599783/95B86EB9-4699-4D53-A65D-3F00F3E78C9D_small2.jpeg', 'caption': None, 'caption_html': None, 'copyright_holder': None}, {'id': 115958183, 'sort_order': 17, 'user_id': 6033954, 'x_offset': -6, 'y_offset': -35, 'square_url': 'https://images4-g.ravelrycache.com/uploads/Andreannedp/876164951/PXL_20220917_140156723_square.jpg', 'medium_url': 'https://images4-f.ravelrycache.com/uploads/Andreannedp/876164951/PXL_20220917_140156723_medium.jpg', 'thumbnail_url': 'https://images4-f.ravelrycache.com/uploads/Andreannedp/876164951/PXL_20220917_140156723_thumbnail.jpg', 'small_url': 'https://images4-f.ravelrycache.com/uploads/Andreannedp/876164951/PXL_20220917_140156723_small.jpg', 'flickr_url': None, 'shelved_url': 'https://images4-g.ravelrycache.com/uploads/Andreannedp/876164951/PXL_20220917_140156723_shelved.jpg', 'medium2_url': 'https://images4-a.ravelrycache.com/uploads/Andreannedp/876164951/PXL_20220917_140156723_medium2.jpg', 'small2_url': 'https://images4-g.ravelrycache.com/uploads/Andreannedp/876164951/PXL_20220917_140156723_small2.jpg', 'caption': None, 'caption_html': None, 'copyright_holder': None}, {'id': 115958186, 'sort_order': 18, 'user_id': 6033954, 'x_offset': -6, 'y_offset': -35, 'square_url': 'https://images4-f.ravelrycache.com/uploads/Andreannedp/876164947/PXL_20220917_140234914_square.jpg', 'medium_url': 'https://images4-g.ravelrycache.com/uploads/Andreannedp/876164947/PXL_20220917_140234914_medium.jpg', 'thumbnail_url': 'https://images4-f.ravelrycache.com/uploads/Andreannedp/876164947/PXL_20220917_140234914_thumbnail.jpg', 'small_url': 'https://images4-g.ravelrycache.com/uploads/Andreannedp/876164947/PXL_20220917_140234914_small.jpg', 'flickr_url': None, 'shelved_url': 'https://images4-g.ravelrycache.com/uploads/Andreannedp/876164947/PXL_20220917_140234914_shelved.jpg', 'medium2_url': 'https://images4-a.ravelrycache.com/uploads/Andreannedp/876164947/PXL_20220917_140234914_medium2.jpg', 'small2_url': 'https://images4-f.ravelrycache.com/uploads/Andreannedp/876164947/PXL_20220917_140234914_small2.jpg', 'caption': None, 'caption_html': None, 'copyright_holder': None}, {'id': 115958190, 'sort_order': 19, 'user_id': 6033954, 'x_offset': -35, 'y_offset': -6, 'square_url': 'https://images4-f.ravelrycache.com/uploads/Andreannedp/876164946/PXL_20220917_140221975_square.jpg', 'medium_url': 'https://images4-g.ravelrycache.com/uploads/Andreannedp/876164946/PXL_20220917_140221975_medium.jpg', 'thumbnail_url': 'https://images4-g.ravelrycache.com/uploads/Andreannedp/876164946/PXL_20220917_140221975_thumbnail.jpg', 'small_url': 'https://images4-g.ravelrycache.com/uploads/Andreannedp/876164946/PXL_20220917_140221975_small.jpg', 'flickr_url': None, 'shelved_url': 'https://images4-g.ravelrycache.com/uploads/Andreannedp/876164946/PXL_20220917_140221975_shelved.jpg', 'medium2_url': 'https://images4-a.ravelrycache.com/uploads/Andreannedp/876164946/PXL_20220917_140221975_medium2.jpg', 'small2_url': 'https://images4-f.ravelrycache.com/uploads/Andreannedp/876164946/PXL_20220917_140221975_small2.jpg', 'caption': None, 'caption_html': None, 'copyright_holder': None}, {'id': 115958193, 'sort_order': 20, 'user_id': 6033954, 'x_offset': -6, 'y_offset': -35, 'square_url': 'https://images4-g.ravelrycache.com/uploads/Andreannedp/876164950/PXL_20220917_140250269_square.jpg', 'medium_url': 'https://images4-f.ravelrycache.com/uploads/Andreannedp/876164950/PXL_20220917_140250269_medium.jpg', 'thumbnail_url': 'https://images4-f.ravelrycache.com/uploads/Andreannedp/876164950/PXL_20220917_140250269_thumbnail.jpg', 'small_url': 'https://images4-g.ravelrycache.com/uploads/Andreannedp/876164950/PXL_20220917_140250269_small.jpg', 'flickr_url': None, 'shelved_url': 'https://images4-f.ravelrycache.com/uploads/Andreannedp/876164950/PXL_20220917_140250269_shelved.jpg', 'medium2_url': 'https://images4-a.ravelrycache.com/uploads/Andreannedp/876164950/PXL_20220917_140250269_medium2.jpg', 'small2_url': 'https://images4-g.ravelrycache.com/uploads/Andreannedp/876164950/PXL_20220917_140250269_small2.jpg', 'caption': None, 'caption_html': None, 'copyright_holder': None}, {'id': 115990067, 'sort_order': 21, 'user_id': 430351, 'x_offset': 0, 'y_offset': 0, 'square_url': 'https://images4-f.ravelrycache.com/uploads/ctap/880480901/BB79A3CA-9F18-4419-9AE3-526E959B5BC2_square.jpeg', 'medium_url': 'https://images4-f.ravelrycache.com/uploads/ctap/880480901/BB79A3CA-9F18-4419-9AE3-526E959B5BC2_medium.jpeg', 'thumbnail_url': 'https://images4-g.ravelrycache.com/uploads/ctap/880480901/BB79A3CA-9F18-4419-9AE3-526E959B5BC2_thumbnail.jpeg', 'small_url': 'https://images4-g.ravelrycache.com/uploads/ctap/880480901/BB79A3CA-9F18-4419-9AE3-526E959B5BC2_small_best_fit.jpeg', 'flickr_url': None, 'shelved_url': 'https://images4-f.ravelrycache.com/uploads/ctap/880480901/BB79A3CA-9F18-4419-9AE3-526E959B5BC2_shelved.jpeg', 'medium2_url': 'https://images4-a.ravelrycache.com/uploads/ctap/880480901/BB79A3CA-9F18-4419-9AE3-526E959B5BC2_medium2.jpeg', 'small2_url': 'https://images4-g.ravelrycache.com/uploads/ctap/880480901/BB79A3CA-9F18-4419-9AE3-526E959B5BC2_small2.jpeg', 'caption': None, 'caption_html': None, 'copyright_holder': None}, {'id': 116778575, 'sort_order': 22, 'user_id': 9382717, 'x_offset': 0, 'y_offset': -11, 'square_url': 'https://images4-f.ravelrycache.com/uploads/LacyKnitterStudio/880480206/IMG_20221010_220951_square.jpg', 'medium_url': 'https://images4-g.ravelrycache.com/uploads/LacyKnitterStudio/880480206/IMG_20221010_220951_medium.jpg', 'thumbnail_url': 'https://images4-g.ravelrycache.com/uploads/LacyKnitterStudio/880480206/IMG_20221010_220951_thumbnail.jpg', 'small_url': 'https://images4-g.ravelrycache.com/uploads/LacyKnitterStudio/880480206/IMG_20221010_220951_small_best_fit.jpg', 'flickr_url': None, 'shelved_url': 'https://images4-f.ravelrycache.com/uploads/LacyKnitterStudio/880480206/IMG_20221010_220951_shelved.jpg', 'medium2_url': 'https://images4-a.ravelrycache.com/uploads/LacyKnitterStudio/880480206/IMG_20221010_220951_medium2.jpg', 'small2_url': 'https://images4-f.ravelrycache.com/uploads/LacyKnitterStudio/880480206/IMG_20221010_220951_small2.jpg', 'caption': None, 'caption_html': None, 'copyright_holder': None}, {'id': 115958195, 'sort_order': 23, 'user_id': 6033954, 'x_offset': -35, 'y_offset': -6, 'square_url': 'https://images4-f.ravelrycache.com/uploads/Andreannedp/872149222/PXL_20220825_195728618_square.jpg', 'medium_url': 'https://images4-g.ravelrycache.com/uploads/Andreannedp/872149222/PXL_20220825_195728618_medium.jpg', 'thumbnail_url': 'https://images4-g.ravelrycache.com/uploads/Andreannedp/872149222/PXL_20220825_195728618_thumbnail.jpg', 'small_url': 'https://images4-f.ravelrycache.com/uploads/Andreannedp/872149222/PXL_20220825_195728618_small.jpg', 'flickr_url': None, 'shelved_url': 'https://images4-f.ravelrycache.com/uploads/Andreannedp/872149222/PXL_20220825_195728618_shelved.jpg', 'medium2_url': 'https://images4-a.ravelrycache.com/uploads/Andreannedp/872149222/PXL_20220825_195728618_medium2.jpg', 'small2_url': 'https://images4-f.ravelrycache.com/uploads/Andreannedp/872149222/PXL_20220825_195728618_small2.jpg', 'caption': None, 'caption_html': None, 'copyright_holder': None}, {'id': 116021153, 'sort_order': 24, 'user_id': 588694, 'x_offset': 0, 'y_offset': -40, 'square_url': 'https://images4-f.ravelrycache.com/uploads/vinnarkort/880537553/IMG_20221010_211958_square.jpg', 'medium_url': 'https://images4-g.ravelrycache.com/uploads/vinnarkort/880537553/IMG_20221010_211958_medium.jpg', 'thumbnail_url': 'https://images4-g.ravelrycache.com/uploads/vinnarkort/880537553/IMG_20221010_211958_thumbnail.jpg', 'small_url': 'https://images4-f.ravelrycache.com/uploads/vinnarkort/880537553/IMG_20221010_211958_small_best_fit.jpg', 'flickr_url': None, 'shelved_url': 'https://images4-f.ravelrycache.com/uploads/vinnarkort/880537553/IMG_20221010_211958_shelved.jpg', 'medium2_url': 'https://images4-a.ravelrycache.com/uploads/vinnarkort/880537553/IMG_20221010_211958_medium2.jpg', 'small2_url': 'https://images4-f.ravelrycache.com/uploads/vinnarkort/880537553/IMG_20221010_211958_small2.jpg', 'caption': None, 'caption_html': None, 'copyright_holder': None}, {'id': 115968617, 'sort_order': 25, 'user_id': 588694, 'x_offset': -35, 'y_offset': -5, 'square_url': 'https://images4-f.ravelrycache.com/uploads/vinnarkort/878164950/IMG_20220928_171405_square.jpg', 'medium_url': 'https://images4-g.ravelrycache.com/uploads/vinnarkort/878164950/IMG_20220928_171405_medium.jpg', 'thumbnail_url': 'https://images4-g.ravelrycache.com/uploads/vinnarkort/878164950/IMG_20220928_171405_thumbnail.jpg', 'small_url': 'https://images4-f.ravelrycache.com/uploads/vinnarkort/878164950/IMG_20220928_171405_small.jpg', 'flickr_url': None, 'shelved_url': 'https://images4-f.ravelrycache.com/uploads/vinnarkort/878164950/IMG_20220928_171405_shelved.jpg', 'medium2_url': 'https://images4-a.ravelrycache.com/uploads/vinnarkort/878164950/IMG_20220928_171405_medium2.jpg', 'small2_url': 'https://images4-f.ravelrycache.com/uploads/vinnarkort/878164950/IMG_20220928_171405_small2.jpg', 'caption': None, 'caption_html': None, 'copyright_holder': None}, {'id': 115934911, 'sort_order': 26, 'user_id': 351600, 'x_offset': 0, 'y_offset': -16, 'square_url': 'https://images4-f.ravelrycache.com/uploads/Casiegreve/871990852/IMG_4791_square.heic', 'medium_url': 'https://images4-f.ravelrycache.com/uploads/Casiegreve/871990852/IMG_4791_medium.heic', 'thumbnail_url': 'https://images4-g.ravelrycache.com/uploads/Casiegreve/871990852/IMG_4791_thumbnail.heic', 'small_url': 'https://images4-g.ravelrycache.com/uploads/Casiegreve/871990852/IMG_4791_small_best_fit.heic', 'flickr_url': None, 'shelved_url': 'https://images4-f.ravelrycache.com/uploads/Casiegreve/871990852/IMG_4791_shelved.heic', 'medium2_url': 'https://images4-a.ravelrycache.com/uploads/Casiegreve/871990852/IMG_4791_medium2.heic', 'small2_url': 'https://images4-g.ravelrycache.com/uploads/Casiegreve/871990852/IMG_4791_small2.heic', 'caption': None, 'caption_html': None, 'copyright_holder': None}, {'id': 115934912, 'sort_order': 27, 'user_id': 351600, 'x_offset': -5, 'y_offset': -35, 'square_url': 'https://images4-g.ravelrycache.com/uploads/Casiegreve/871990848/IMG_4783_square.heic', 'medium_url': 'https://images4-g.ravelrycache.com/uploads/Casiegreve/871990848/IMG_4783_medium.heic', 'thumbnail_url': 'https://images4-f.ravelrycache.com/uploads/Casiegreve/871990848/IMG_4783_thumbnail.heic', 'small_url': 'https://images4-f.ravelrycache.com/uploads/Casiegreve/871990848/IMG_4783_small.heic', 'flickr_url': None, 'shelved_url': 'https://images4-g.ravelrycache.com/uploads/Casiegreve/871990848/IMG_4783_shelved.heic', 'medium2_url': 'https://images4-a.ravelrycache.com/uploads/Casiegreve/871990848/IMG_4783_medium2.heic', 'small2_url': 'https://images4-f.ravelrycache.com/uploads/Casiegreve/871990848/IMG_4783_small2.heic', 'caption': None, 'caption_html': None, 'copyright_holder': None}, {'id': 115934913, 'sort_order': 28, 'user_id': 351600, 'x_offset': -5, 'y_offset': -35, 'square_url': 'https://images4-f.ravelrycache.com/uploads/Casiegreve/871990851/IMG_4785_square.heic', 'medium_url': 'https://images4-f.ravelrycache.com/uploads/Casiegreve/871990851/IMG_4785_medium.heic', 'thumbnail_url': 'https://images4-g.ravelrycache.com/uploads/Casiegreve/871990851/IMG_4785_thumbnail.heic', 'small_url': 'https://images4-f.ravelrycache.com/uploads/Casiegreve/871990851/IMG_4785_small.heic', 'flickr_url': None, 'shelved_url': 'https://images4-g.ravelrycache.com/uploads/Casiegreve/871990851/IMG_4785_shelved.heic', 'medium2_url': 'https://images4-a.ravelrycache.com/uploads/Casiegreve/871990851/IMG_4785_medium2.heic', 'small2_url': 'https://images4-g.ravelrycache.com/uploads/Casiegreve/871990851/IMG_4785_small2.heic', 'caption': None, 'caption_html': None, 'copyright_holder': None}, {'id': 115934914, 'sort_order': 29, 'user_id': 351600, 'x_offset': -5, 'y_offset': -35, 'square_url': 'https://images4-g.ravelrycache.com/uploads/Casiegreve/871990845/IMG_4786_square.heic', 'medium_url': 'https://images4-g.ravelrycache.com/uploads/Casiegreve/871990845/IMG_4786_medium.heic', 'thumbnail_url': 'https://images4-f.ravelrycache.com/uploads/Casiegreve/871990845/IMG_4786_thumbnail.heic', 'small_url': 'https://images4-f.ravelrycache.com/uploads/Casiegreve/871990845/IMG_4786_small.heic', 'flickr_url': None, 'shelved_url': 'https://images4-g.ravelrycache.com/uploads/Casiegreve/871990845/IMG_4786_shelved.heic', 'medium2_url': 'https://images4-a.ravelrycache.com/uploads/Casiegreve/871990845/IMG_4786_medium2.heic', 'small2_url': 'https://images4-f.ravelrycache.com/uploads/Casiegreve/871990845/IMG_4786_small2.heic', 'caption': None, 'caption_html': None, 'copyright_holder': None}]"
Paddington Jumper,Vikki Bird,1278216,https://www.ravelry.com/patterns/library/paddington-jumper,False,https://images4-a.ravelrycache.com/uploads/VikkiBirdDesigns/880377855/Paddington_2_medium2.png,Knitting,"['unisex', 'toddler', 'child', 'ribbed', 'seamed', 'crew-neck', 'Intarsia', 'bottom-up', 'positive-ease', 'chart', 'written-pattern', 'worked-flat', 'schematic']",22.0,0.0,False,4.0,stocking stitch,child,DK,5,0.0,"2 (4, 6, 8, 10) years","[{'id': 115948848, 'sort_order': 1, 'user_id': 824183, 'x_offset': 0, 'y_offset': 0, 'square_url': 'https://images4-g.ravelrycache.com/uploads/VikkiBirdDesigns/880377855/Paddington_2_square.png', 'medium_url': 'https://images4-f.ravelrycache.com/uploads/VikkiBirdDesigns/880377855/Paddington_2_medium.png', 'thumbnail_url': 'https://images4-g.ravelrycache.com/uploads/VikkiBirdDesigns/880377855/Paddington_2_thumbnail.png', 'small_url': 'https://images4-g.ravelrycache.com/uploads/VikkiBirdDesigns/880377855/Paddington_2_small_best_fit.png', 'flickr_url': None, 'shelved_url': 'https://images4-f.ravelrycache.com/uploads/VikkiBirdDesigns/880377855/Paddington_2_shelved.png', 'medium2_url': 'https://images4-a.ravelrycache.com/uploads/VikkiBirdDesigns/880377855/Paddington_2_medium2.png', 'small2_url': 'https://images4-g.ravelrycache.com/uploads/VikkiBirdDesigns/880377855/Paddington_2_small2.png', 'caption': None, 'caption_html': None, 'copyright_holder': 'Practical Publishing'}, {'id': 115948849, 'sort_order': 2, 'user_id': 824183, 'x_offset': 0, 'y_offset': -20, 'square_url': 'https://images4-f.ravelrycache.com/uploads/VikkiBirdDesigns/880377829/Paddington_1_square.png', 'medium_url': 'https://images4-g.ravelrycache.com/uploads/VikkiBirdDesigns/880377829/Paddington_1_medium.png', 'thumbnail_url': 'https://images4-g.ravelrycache.com/uploads/VikkiBirdDesigns/880377829/Paddington_1_thumbnail.png', 'small_url': 'https://images4-f.ravelrycache.com/uploads/VikkiBirdDesigns/880377829/Paddington_1_small_best_fit.png', 'flickr_url': None, 'shelved_url': 'https://images4-g.ravelrycache.com/uploads/VikkiBirdDesigns/880377829/Paddington_1_shelved.png', 'medium2_url': 'https://images4-a.ravelrycache.com/uploads/VikkiBirdDesigns/880377829/Paddington_1_medium2.png', 'small2_url': 'https://images4-f.ravelrycache.com/uploads/VikkiBirdDesigns/880377829/Paddington_1_small2.png', 'caption': None, 'caption_html': None, 'copyright_holder': 'Practical Publishing'}]"
Nr. 11 Guernsey Genser Herre,Sandnes Design,1278259,https://www.ravelry.com/patterns/library/nr-11-guernsey-genser-herre,False,https://images4-a.ravelrycache.com/uploads/mfrengen/880396282/8113ECF1-D5DA-4EC4-AD96-721CA082F206_medium2.jpeg,Knitting,"['male', 'adult', 'cables', 'top-down', 'guernsey']",27.0,4.333333333333333,True,4.0,3 mm needles ,pullover,Fingering,15,4.333333333333333,S - 5XL,"[{'id': 115951118, 'sort_order': 1, 'user_id': 6152382, 'x_offset': -7, 'y_offset': -55, 'square_url': 'https://images4-f.ravelrycache.com/uploads/mfrengen/880396282/8113ECF1-D5DA-4EC4-AD96-721CA082F206_square.jpeg', 'medium_url': 'https://images4-f.ravelrycache.com/uploads/mfrengen/880396282/8113ECF1-D5DA-4EC4-AD96-721CA082F206_medium.jpeg', 'thumbnail_url': 'https://images4-g.ravelrycache.com/uploads/mfrengen/880396282/8113ECF1-D5DA-4EC4-AD96-721CA082F206_thumbnail.jpeg', 'small_url': 'https://images4-f.ravelrycache.com/uploads/mfrengen/880396282/8113ECF1-D5DA-4EC4-AD96-721CA082F206_small.jpeg', 'flickr_url': None, 'shelved_url': 'https://images4-g.ravelrycache.com/uploads/mfrengen/880396282/8113ECF1-D5DA-4EC4-AD96-721CA082F206_shelved.jpeg', 'medium2_url': 'https://images4-a.ravelrycache.com/uploads/mfrengen/880396282/8113ECF1-D5DA-4EC4-AD96-721CA082F206_medium2.jpeg', 'small2_url': 'https://images4-g.ravelrycache.com/uploads/mfrengen/880396282/8113ECF1-D5DA-4EC4-AD96-721CA082F206_small2.jpeg', 'caption': None, 'caption_html': None, 'copyright_holder': None}, {'id': 115951119, 'sort_order': 2, 'user_id': 6152382, 'x_offset': -7, 'y_offset': -35, 'square_url': 'https://images4-f.ravelrycache.com/uploads/mfrengen/880396280/8E6803DC-526B-4D21-83E2-999F71300BC3_square.jpeg', 'medium_url': 'https://images4-f.ravelrycache.com/uploads/mfrengen/880396280/8E6803DC-526B-4D21-83E2-999F71300BC3_medium.jpeg', 'thumbnail_url': 'https://images4-g.ravelrycache.com/uploads/mfrengen/880396280/8E6803DC-526B-4D21-83E2-999F71300BC3_thumbnail.jpeg', 'small_url': 'https://images4-g.ravelrycache.com/uploads/mfrengen/880396280/8E6803DC-526B-4D21-83E2-999F71300BC3_small.jpeg', 'flickr_url': None, 'shelved_url': 'https://images4-f.ravelrycache.com/uploads/mfrengen/880396280/8E6803DC-526B-4D21-83E2-999F71300BC3_shelved.jpeg', 'medium2_url': 'https://images4-a.ravelrycache.com/uploads/mfrengen/880396280/8E6803DC-526B-4D21-83E2-999F71300BC3_medium2.jpeg', 'small2_url': 'https://images4-g.ravelrycache.com/uploads/mfrengen/880396280/8E6803DC-526B-4D21-83E2-999F71300BC3_small2.jpeg', 'caption': None, 'caption_html': None, 'copyright_holder': None}]"
Nr. 10 Guernsey Genser Herre,Sandnes Design,1278265,https://www.ravelry.com/patterns/library/nr-10-guernsey-genser-herre,False,https://images4-a.ravelrycache.com/uploads/mfrengen/880398785/878CF1E5-4A26-42A5-A75F-94D91FFEDDCD_medium2.jpeg,Knitting,"['male', 'adult', 'cables', 'textured']",21.0,0.0,True,4.0,4 mm needle,pullover,Fingering,9,0.0,S - 5XL,"[{'id': 115951419, 'sort_order': 1, 'user_id': 6152382, 'x_offset': -9, 'y_offset': -48, 'square_url': 'https://images4-f.ravelrycache.com/uploads/mfrengen/880398785/878CF1E5-4A26-42A5-A75F-94D91FFEDDCD_square.jpeg', 'medium_url': 'https://images4-f.ravelrycache.com/uploads/mfrengen/880398785/878CF1E5-4A26-42A5-A75F-94D91FFEDDCD_medium.jpeg', 'thumbnail_url': 'https://images4-f.ravelrycache.com/uploads/mfrengen/880398785/878CF1E5-4A26-42A5-A75F-94D91FFEDDCD_thumbnail.jpeg', 'small_url': 'https://images4-g.ravelrycache.com/uploads/mfrengen/880398785/878CF1E5-4A26-42A5-A75F-94D91FFEDDCD_small.jpeg', 'flickr_url': None, 'shelved_url': 'https://images4-f.ravelrycache.com/uploads/mfrengen/880398785/878CF1E5-4A26-42A5-A75F-94D91FFEDDCD_shelved.jpeg', 'medium2_url': 'https://images4-a.ravelrycache.com/uploads/mfrengen/880398785/878CF1E5-4A26-42A5-A75F-94D91FFEDDCD_medium2.jpeg', 'small2_url': 'https://images4-g.ravelrycache.com/uploads/mfrengen/880398785/878CF1E5-4A26-42A5-A75F-94D91FFEDDCD_small2.jpeg', 'caption': None, 'caption_html': None, 'copyright_holder': None}]"
Nr. 13 Guernsey Genser,Sandnes Design,1278280,https://www.ravelry.com/patterns/library/nr-13-guernsey-genser,False,https://images4-a.ravelrycache.com/uploads/mfrengen/880404010/916D687E-B1FA-437E-A85A-6AFB4BA0B4B1_medium2.jpeg,Knitting,"['female', 'adult', 'textured', 'top-down', 'positive-ease', 'guernsey']",27.0,3.3333333333333335,True,4.0,3 mm needle,pullover,Fingering,11,4.25,XS - 4XL,"[{'id': 115952077, 'sort_order': 1, 'user_id': 6152382, 'x_offset': -3, 'y_offset': -63, 'square_url': 'https://images4-f.ravelrycache.com/uploads/mfrengen/880404010/916D687E-B1FA-437E-A85A-6AFB4BA0B4B1_square.jpeg', 'medium_url': 'https://images4-f.ravelrycache.com/uploads/mfrengen/880404010/916D687E-B1FA-437E-A85A-6AFB4BA0B4B1_medium.jpeg', 'thumbnail_url': 'https://images4-f.ravelrycache.com/uploads/mfrengen/880404010/916D687E-B1FA-437E-A85A-6AFB4BA0B4B1_thumbnail.jpeg', 'small_url': 'https://images4-g.ravelrycache.com/uploads/mfrengen/880404010/916D687E-B1FA-437E-A85A-6AFB4BA0B4B1_small.jpeg', 'flickr_url': None, 'shelved_url': 'https://images4-f.ravelrycache.com/uploads/mfrengen/880404010/916D687E-B1FA-437E-A85A-6AFB4BA0B4B1_shelved.jpeg', 'medium2_url': 'https://images4-a.ravelrycache.com/uploads/mfrengen/880404010/916D687E-B1FA-437E-A85A-6AFB4BA0B4B1_medium2.jpeg', 'small2_url': 'https://images4-g.ravelrycache.com/uploads/mfrengen/880404010/916D687E-B1FA-437E-A85A-6AFB4BA0B4B1_small2.jpeg', 'caption': None, 'caption_html': None, 'copyright_holder': None}, {'id': 115952078, 'sort_order': 2, 'user_id': 6152382, 'x_offset': -4, 'y_offset': -56, 'square_url': 'https://images4-g.ravelrycache.com/uploads/mfrengen/880404014/D6F272B6-1459-42F8-A4AA-AE08F1C0C3A5_square.jpeg', 'medium_url': 'https://images4-g.ravelrycache.com/uploads/mfrengen/880404014/D6F272B6-1459-42F8-A4AA-AE08F1C0C3A5_medium.jpeg', 'thumbnail_url': 'https://images4-f.ravelrycache.com/uploads/mfrengen/880404014/D6F272B6-1459-42F8-A4AA-AE08F1C0C3A5_thumbnail.jpeg', 'small_url': 'https://images4-g.ravelrycache.com/uploads/mfrengen/880404014/D6F272B6-1459-42F8-A4AA-AE08F1C0C3A5_small.jpeg', 'flickr_url': None, 'shelved_url': 'https://images4-g.ravelrycache.com/uploads/mfrengen/880404014/D6F272B6-1459-42F8-A4AA-AE08F1C0C3A5_shelved.jpeg', 'medium2_url': 'https://images4-a.ravelrycache.com/uploads/mfrengen/880404014/D6F272B6-1459-42F8-A4AA-AE08F1C0C3A5_medium2.jpeg', 'small2_url': 'https://images4-f.ravelrycache.com/uploads/mfrengen/880404014/D6F272B6-1459-42F8-A4AA-AE08F1C0C3A5_small2.jpeg', 'caption': None, 'caption_html': None, 'copyright_holder': None}]"
Nr. 7 Zoe Zipper Genser,Sandnes Design,1278328,https://www.ravelry.com/patterns/library/nr-7-zoe-zipper-genser,False,https://images4-a.ravelrycache.com/uploads/mfrengen/880440375/4D90E7A2-05DD-497F-AAD7-D45E6405F24E_medium2.jpeg,Knitting,"['female', 'adult', 'zipper', 'top-down', 'worked-flat', 'in-the-round', 'brioche-tuck']",,6.666666666666667,True,4.0,,pullover,Fingering,16,4.0,XS - XXL,"[{'id': 115956537, 'sort_order': 1, 'user_id': 6152382, 'x_offset': -4, 'y_offset': -35, 'square_url': 'https://images4-g.ravelrycache.com/uploads/mfrengen/880440375/4D90E7A2-05DD-497F-AAD7-D45E6405F24E_square.jpeg', 'medium_url': 'https://images4-g.ravelrycache.com/uploads/mfrengen/880440375/4D90E7A2-05DD-497F-AAD7-D45E6405F24E_medium.jpeg', 'thumbnail_url': 'https://images4-f.ravelrycache.com/uploads/mfrengen/880440375/4D90E7A2-05DD-497F-AAD7-D45E6405F24E_thumbnail.jpeg', 'small_url': 'https://images4-g.ravelrycache.com/uploads/mfrengen/880440375/4D90E7A2-05DD-497F-AAD7-D45E6405F24E_small.jpeg', 'flickr_url': None, 'shelved_url': 'https://images4-g.ravelrycache.com/uploads/mfrengen/880440375/4D90E7A2-05DD-497F-AAD7-D45E6405F24E_shelved.jpeg', 'medium2_url': 'https://images4-a.ravelrycache.com/uploads/mfrengen/880440375/4D90E7A2-05DD-497F-AAD7-D45E6405F24E_medium2.jpeg', 'small2_url': 'https://images4-f.ravelrycache.com/uploads/mfrengen/880440375/4D90E7A2-05DD-497F-AAD7-D45E6405F24E_small2.jpeg', 'caption': None, 'caption_html': None, 'copyright_holder': None}, {'id': 115956536, 'sort_order': 2, 'user_id': 6152382, 'x_offset': -6, 'y_offset': -35, 'square_url': 'https://images4-g.ravelrycache.com/uploads/mfrengen/880440374/80B788E3-FC79-4920-A53C-8507544D717C_square.jpeg', 'medium_url': 'https://images4-g.ravelrycache.com/uploads/mfrengen/880440374/80B788E3-FC79-4920-A53C-8507544D717C_medium.jpeg', 'thumbnail_url': 'https://images4-g.ravelrycache.com/uploads/mfrengen/880440374/80B788E3-FC79-4920-A53C-8507544D717C_thumbnail.jpeg', 'small_url': 'https://images4-g.ravelrycache.com/uploads/mfrengen/880440374/80B788E3-FC79-4920-A53C-8507544D717C_small.jpeg', 'flickr_url': None, 'shelved_url': 'https://images4-g.ravelrycache.com/uploads/mfrengen/880440374/80B788E3-FC79-4920-A53C-8507544D717C_shelved.jpeg', 'medium2_url': 'https://images4-a.ravelrycache.com/uploads/mfrengen/880440374/80B788E3-FC79-4920-A53C-8507544D717C_medium2.jpeg', 'small2_url': 'https://images4-f.ravelrycache.com/uploads/mfrengen/880440374/80B788E3-FC79-4920-A53C-8507544D717C_small2.jpeg', 'caption': None, 'caption_html': None, 'copyright_holder': None}, {'id': 115956538, 'sort_order': 3, 'user_id': 6152382, 'x_offset': -5, 'y_offset': -35, 'square_url': 'https://images4-g.ravelrycache.com/uploads/mfrengen/880440377/F9278E12-6D21-46D7-AE36-E44DCB559F56_square.jpeg', 'medium_url': 'https://images4-g.ravelrycache.com/uploads/mfrengen/880440377/F9278E12-6D21-46D7-AE36-E44DCB559F56_medium.jpeg', 'thumbnail_url': 'https://images4-f.ravelrycache.com/uploads/mfrengen/880440377/F9278E12-6D21-46D7-AE36-E44DCB559F56_thumbnail.jpeg', 'small_url': 'https://images4-g.ravelrycache.com/uploads/mfrengen/880440377/F9278E12-6D21-46D7-AE36-E44DCB559F56_small.jpeg', 'flickr_url': None, 'shelved_url': 'https://images4-f.ravelrycache.com/uploads/mfrengen/880440377/F9278E12-6D21-46D7-AE36-E44DCB559F56_shelved.jpeg', 'medium2_url': 'https://images4-a.ravelrycache.com/uploads/mfrengen/880440377/F9278E12-6D21-46D7-AE36-E44DCB559F56_medium2.jpeg', 'small2_url': 'https://images4-f.ravelrycache.com/uploads/mfrengen/880440377/F9278E12-6D21-46D7-AE36-E44DCB559F56_small2.jpeg', 'caption': None, 'caption_html': None, 'copyright_holder': None}]"
Fearless Pullover,Paul Haesemeyer,1278360,https://www.ravelry.com/patterns/library/fearless-pullover,False,https://images4-a.ravelrycache.com/uploads/radammagazine/879945806/radam_03-505_medium2.jpg,Knitting,"['unisex', 'teen', 'adult', 'oversized', 'positive-ease', 'bobble-or-popcorn', 'cables', 'ribbed', 'seamed', 'long-sleeve', 'mock-turtleneck', 'chart', 'written-pattern', 'drop-sleeve', 'worked-flat', 'male', 'female']",21.0,0.0,True,4.0,Stockinette st,pullover,Worsted,11,0.0,"1 (2, 3, 4, 5, 6, 7, 8)","[{'id': 115958256, 'sort_order': 1, 'user_id': 11022220, 'x_offset': 0, 'y_offset': -43, 'square_url': 'https://images4-f.ravelrycache.com/uploads/radammagazine/879945806/radam_03-505_square.jpg', 'medium_url': 'https://images4-g.ravelrycache.com/uploads/radammagazine/879945806/radam_03-505_medium.jpg', 'thumbnail_url': 'https://images4-f.ravelrycache.com/uploads/radammagazine/879945806/radam_03-505_thumbnail.jpg', 'small_url': 'https://images4-f.ravelrycache.com/uploads/radammagazine/879945806/radam_03-505_small_best_fit.jpg', 'flickr_url': None, 'shelved_url': 'https://images4-g.ravelrycache.com/uploads/radammagazine/879945806/radam_03-505_shelved.jpg', 'medium2_url': 'https://images4-a.ravelrycache.com/uploads/radammagazine/879945806/radam_03-505_medium2.jpg', 'small2_url': 'https://images4-f.ravelrycache.com/uploads/radammagazine/879945806/radam_03-505_small2.jpg', 'caption': None, 'caption_html': None, 'copyright_holder': None}, {'id': 115958257, 'sort_order': 2, 'user_id': 11022220, 'x_offset': 0, 'y_offset': -43, 'square_url': 'https://images4-g.ravelrycache.com/uploads/radammagazine/879945813/radam_03-487_square.jpg', 'medium_url': 'https://images4-f.ravelrycache.com/uploads/radammagazine/879945813/radam_03-487_medium.jpg', 'thumbnail_url': 'https://images4-f.ravelrycache.com/uploads/radammagazine/879945813/radam_03-487_thumbnail.jpg', 'small_url': 'https://images4-f.ravelrycache.com/uploads/radammagazine/879945813/radam_03-487_small_best_fit.jpg', 'flickr_url': None, 'shelved_url': 'https://images4-f.ravelrycache.com/uploads/radammagazine/879945813/radam_03-487_shelved.jpg', 'medium2_url': 'https://images4-a.ravelrycache.com/uploads/radammagazine/879945813/radam_03-487_medium2.jpg', 'small2_url': 'https://images4-g.ravelrycache.com/uploads/radammagazine/879945813/radam_03-487_small2.jpg', 'caption': None, 'caption_html': None, 'copyright_holder': None}, {'id': 115958258, 'sort_order': 3, 'user_id': 11022220, 'x_offset': 0, 'y_offset': -43, 'square_url': 'https://images4-f.ravelrycache.com/uploads/radammagazine/879945816/radam_03-486_square.jpg', 'medium_url': 'https://images4-g.ravelrycache.com/uploads/radammagazine/879945816/radam_03-486_medium.jpg', 'thumbnail_url': 'https://images4-g.ravelrycache.com/uploads/radammagazine/879945816/radam_03-486_thumbnail.jpg', 'small_url': 'https://images4-g.ravelrycache.com/uploads/radammagazine/879945816/radam_03-486_small_best_fit.jpg', 'flickr_url': None, 'shelved_url': 'https://images4-f.ravelrycache.com/uploads/radammagazine/879945816/radam_03-486_shelved.jpg', 'medium2_url': 'https://images4-a.ravelrycache.com/uploads/radammagazine/879945816/radam_03-486_medium2.jpg', 'small2_url': 'https://images4-f.ravelrycache.com/uploads/radammagazine/879945816/radam_03-486_small2.jpg', 'caption': None, 'caption_html': None, 'copyright_holder': None}, {'id': 115958259, 'sort_order': 4, 'user_id': 11022220, 'x_offset': 0, 'y_offset': -43, 'square_url': 'https://images4-f.ravelrycache.com/uploads/radammagazine/879945809/radam_03-500_square.jpg', 'medium_url': 'https://images4-g.ravelrycache.com/uploads/radammagazine/879945809/radam_03-500_medium.jpg', 'thumbnail_url': 'https://images4-f.ravelrycache.com/uploads/radammagazine/879945809/radam_03-500_thumbnail.jpg', 'small_url': 'https://images4-f.ravelrycache.com/uploads/radammagazine/879945809/radam_03-500_small_best_fit.jpg', 'flickr_url': None, 'shelved_url': 'https://images4-f.ravelrycache.com/uploads/radammagazine/879945809/radam_03-500_shelved.jpg', 'medium2_url': 'https://images4-a.ravelrycache.com/uploads/radammagazine/879945809/radam_03-500_medium2.jpg', 'small2_url': 'https://images4-f.ravelrycache.com/uploads/radammagazine/879945809/radam_03-500_small2.jpg', 'caption': None, 'caption_html': None, 'copyright_holder': None}, {'id': 115958260, 'sort_order': 5, 'user_id': 11022220, 'x_offset': 0, 'y_offset': -43, 'square_url': 'https://images4-f.ravelrycache.com/uploads/radammagazine/879945812/radam_03-480_square.jpg', 'medium_url': 'https://images4-g.ravelrycache.com/uploads/radammagazine/879945812/radam_03-480_medium.jpg', 'thumbnail_url': 'https://images4-f.ravelrycache.com/uploads/radammagazine/879945812/radam_03-480_thumbnail.jpg', 'small_url': 'https://images4-f.ravelrycache.com/uploads/radammagazine/879945812/radam_03-480_small_best_fit.jpg', 'flickr_url': None, 'shelved_url': 'https://images4-f.ravelrycache.com/uploads/radammagazine/879945812/radam_03-480_shelved.jpg', 'medium2_url': 'https://images4-a.ravelrycache.com/uploads/radammagazine/879945812/radam_03-480_medium2.jpg', 'small2_url': 'https://images4-f.ravelrycache.com/uploads/radammagazine/879945812/radam_03-480_small2.jpg', 'caption': None, 'caption_html': None, 'copyright_holder': None}, {'id': 115958261, 'sort_order': 6, 'user_id': 11022220, 'x_offset': -43, 'y_offset': 0, 'square_url': 'https://images4-f.ravelrycache.com/uploads/radammagazine/879945808/radam_03-494_square.jpg', 'medium_url': 'https://images4-g.ravelrycache.com/uploads/radammagazine/879945808/radam_03-494_medium.jpg', 'thumbnail_url': 'https://images4-f.ravelrycache.com/uploads/radammagazine/879945808/radam_03-494_thumbnail.jpg', 'small_url': 'https://images4-g.ravelrycache.com/uploads/radammagazine/879945808/radam_03-494_small_best_fit.jpg', 'flickr_url': None, 'shelved_url': 'https://images4-g.ravelrycache.com/uploads/radammagazine/879945808/radam_03-494_shelved.jpg', 'medium2_url': 'https://images4-a.ravelrycache.com/uploads/radammagazine/879945808/radam_03-494_medium2.jpg', 'small2_url': 'https://images4-f.ravelrycache.com/uploads/radammagazine/879945808/radam_03-494_small2.jpg', 'caption': None, 'caption_html': None, 'copyright_holder': None}, {'id': 115958262, 'sort_order': 7, 'user_id': 11022220, 'x_offset': 0, 'y_offset': -43, 'square_url': 'https://images4-f.ravelrycache.com/uploads/radammagazine/879945835/radam_03-506_square.jpg', 'medium_url': 'https://images4-g.ravelrycache.com/uploads/radammagazine/879945835/radam_03-506_medium.jpg', 'thumbnail_url': 'https://images4-g.ravelrycache.com/uploads/radammagazine/879945835/radam_03-506_thumbnail.jpg', 'small_url': 'https://images4-g.ravelrycache.com/uploads/radammagazine/879945835/radam_03-506_small_best_fit.jpg', 'flickr_url': None, 'shelved_url': 'https://images4-f.ravelrycache.com/uploads/radammagazine/879945835/radam_03-506_shelved.jpg', 'medium2_url': 'https://images4-a.ravelrycache.com/uploads/radammagazine/879945835/radam_03-506_medium2.jpg', 'small2_url': 'https://images4-f.ravelrycache.com/uploads/radammagazine/879945835/radam_03-506_small2.jpg', 'caption': None, 'caption_html': None, 'copyright_holder': None}, {'id': 115958263, 'sort_order': 8, 'user_id': 11022220, 'x_offset': 0, 'y_offset': -43, 'square_url': 'https://images4-g.ravelrycache.com/uploads/radammagazine/879945807/radam_03-483_square.jpg', 'medium_url': 'https://images4-f.ravelrycache.com/uploads/radammagazine/879945807/radam_03-483_medium.jpg', 'thumbnail_url': 'https://images4-f.ravelrycache.com/uploads/radammagazine/879945807/radam_03-483_thumbnail.jpg', 'small_url': 'https://images4-f.ravelrycache.com/uploads/radammagazine/879945807/radam_03-483_small_best_fit.jpg', 'flickr_url': None, 'shelved_url': 'https://images4-g.ravelrycache.com/uploads/radammagazine/879945807/radam_03-483_shelved.jpg', 'medium2_url': 'https://images4-a.ravelrycache.com/uploads/radammagazine/879945807/radam_03-483_medium2.jpg', 'small2_url': 'https://images4-g.ravelrycache.com/uploads/radammagazine/879945807/radam_03-483_small2.jpg', 'caption': None, 'caption_html': None, 'copyright_holder': None}, {'id': 115958264, 'sort_order': 9, 'user_id': 11022220, 'x_offset': 0, 'y_offset': -43, 'square_url': 'https://images4-g.ravelrycache.com/uploads/radammagazine/879945817/radam_03-481_square.jpg', 'medium_url': 'https://images4-f.ravelrycache.com/uploads/radammagazine/879945817/radam_03-481_medium.jpg', 'thumbnail_url': 'https://images4-g.ravelrycache.com/uploads/radammagazine/879945817/radam_03-481_thumbnail.jpg', 'small_url': 'https://images4-g.ravelrycache.com/uploads/radammagazine/879945817/radam_03-481_small_best_fit.jpg', 'flickr_url': None, 'shelved_url': 'https://images4-f.ravelrycache.com/uploads/radammagazine/879945817/radam_03-481_shelved.jpg', 'medium2_url': 'https://images4-a.ravelrycache.com/uploads/radammagazine/879945817/radam_03-481_medium2.jpg', 'small2_url': 'https://images4-g.ravelrycache.com/uploads/radammagazine/879945817/radam_03-481_small2.jpg', 'caption': None, 'caption_html': None, 'copyright_holder': None}]"
Loella Sweater,Katrinine,1278395,https://www.ravelry.com/patterns/library/loella-sweater,False,https://images4-a.ravelrycache.com/uploads/Katriine/880485462/IMG8974_medium2.jpg,Knitting,"['cables', 'eyelets', 'lace', 'textured', 'sideways', 'bottom-up', 'positive-ease', 'chart', 'written-pattern', 'worked-flat', 'in-the-round', 'three-needle-bind']",16.0,4.2,True,4.0,,pullover,Aran,16,4.5,One size M-L,"[{'id': 115962352, 'sort_order': 1, 'user_id': 1378031, 'x_offset': -35, 'y_offset': -5, 'square_url': 'https://images4-f.ravelrycache.com/uploads/Katriine/880485462/IMG8974_square.jpg', 'medium_url': 'https://images4-g.ravelrycache.com/uploads/Katriine/880485462/IMG8974_medium.jpg', 'thumbnail_url': 'https://images4-g.ravelrycache.com/uploads/Katriine/880485462/IMG8974_thumbnail.jpg', 'small_url': 'https://images4-g.ravelrycache.com/uploads/Katriine/880485462/IMG8974_small.jpg', 'flickr_url': None, 'shelved_url': 'https://images4-g.ravelrycache.com/uploads/Katriine/880485462/IMG8974_shelved.jpg', 'medium2_url': 'https://images4-a.ravelrycache.com/uploads/Katriine/880485462/IMG8974_medium2.jpg', 'small2_url': 'https://images4-f.ravelrycache.com/uploads/Katriine/880485462/IMG8974_small2.jpg', 'caption': None, 'caption_html': None, 'copyright_holder': None}, {'id': 115962353, 'sort_order': 2, 'user_id': 1378031, 'x_offset': 0, 'y_offset': 0, 'square_url': 'https://images4-g.ravelrycache.com/uploads/Katriine/880486071/IMG8999-SQlys_square.jpg', 'medium_url': 'https://images4-f.ravelrycache.com/uploads/Katriine/880486071/IMG8999-SQlys_medium.jpg', 'thumbnail_url': 'https://images4-g.ravelrycache.com/uploads/Katriine/880486071/IMG8999-SQlys_thumbnail.jpg', 'small_url': 'https://images4-g.ravelrycache.com/uploads/Katriine/880486071/IMG8999-SQlys_small_best_fit.jpg', 'flickr_url': None, 'shelved_url': 'https://images4-g.ravelrycache.com/uploads/Katriine/880486071/IMG8999-SQlys_shelved.jpg', 'medium2_url': 'https://images4-a.ravelrycache.com/uploads/Katriine/880486071/IMG8999-SQlys_medium2.jpg', 'small2_url': 'https://images4-g.ravelrycache.com/uploads/Katriine/880486071/IMG8999-SQlys_small2.jpg', 'caption': None, 'caption_html': None, 'copyright_holder': None}, {'id': 115962354, 'sort_order': 3, 'user_id': 1378031, 'x_offset': -38, 'y_offset': 0, 'square_url': 'https://images4-g.ravelrycache.com/uploads/Katriine/880485639/FlettekantPickUp6180-smal_square.jpg', 'medium_url': 'https://images4-f.ravelrycache.com/uploads/Katriine/880485639/FlettekantPickUp6180-smal_medium.jpg', 'thumbnail_url': 'https://images4-f.ravelrycache.com/uploads/Katriine/880485639/FlettekantPickUp6180-smal_thumbnail.jpg', 'small_url': 'https://images4-f.ravelrycache.com/uploads/Katriine/880485639/FlettekantPickUp6180-smal_small_best_fit.jpg', 'flickr_url': None, 'shelved_url': 'https://images4-f.ravelrycache.com/uploads/Katriine/880485639/FlettekantPickUp6180-smal_shelved.jpg', 'medium2_url': 'https://images4-a.ravelrycache.com/uploads/Katriine/880485639/FlettekantPickUp6180-smal_medium2.jpg', 'small2_url': 'https://images4-g.ravelrycache.com/uploads/Katriine/880485639/FlettekantPickUp6180-smal_small2.jpg', 'caption': None, 'caption_html': None, 'copyright_holder': None}, {'id': 115962355, 'sort_order': 4, 'user_id': 1378031, 'x_offset': -1, 'y_offset': -35, 'square_url': 'https://images4-f.ravelrycache.com/uploads/Katriine/880485529/IMG-8999_square.jpg', 'medium_url': 'https://images4-g.ravelrycache.com/uploads/Katriine/880485529/IMG-8999_medium.jpg', 'thumbnail_url': 'https://images4-f.ravelrycache.com/uploads/Katriine/880485529/IMG-8999_thumbnail.jpg', 'small_url': 'https://images4-f.ravelrycache.com/uploads/Katriine/880485529/IMG-8999_small.jpg', 'flickr_url': None, 'shelved_url': 'https://images4-g.ravelrycache.com/uploads/Katriine/880485529/IMG-8999_shelved.jpg', 'medium2_url': 'https://images4-a.ravelrycache.com/uploads/Katriine/880485529/IMG-8999_medium2.jpg', 'small2_url': 'https://images4-f.ravelrycache.com/uploads/Katriine/880485529/IMG-8999_small2.jpg', 'caption': None, 'caption_html': None, 'copyright_holder': None}]"
237-11  Sweet Honeycomb Jumper,DROPS design,1278532,https://www.ravelry.com/patterns/library/237-11-sweet-honeycomb-jumper,True,https://images4-a.ravelrycache.com/uploads/Drops/880575617/11-2_medium2.jpg,Knitting,"['female', 'teen', 'adult', 'plus', 'cables', 'ribbed', 'textured', 'seamed', 'long-sleeve', 'bottom-up', 'mock-turtleneck', 'chart', 'written-pattern', 'video-tutorial', 'modified-drop-sleeve', 'cuffed-sleeve', 'worked-flat', 'in-the-round', 'schematic']",16.0,0.0,True,4.0,stocking stitch with larger needles,pullover,Aran,8,0.0,S – M – L – XL – XXL – XXXL,"[{'id': 115973449, 'sort_order': 1, 'user_id': 32910, 'x_offset': -1, 'y_offset': -27, 'square_url': 'https://images4-f.ravelrycache.com/uploads/Drops/880575617/11-2_square.jpg', 'medium_url': 'https://images4-g.ravelrycache.com/uploads/Drops/880575617/11-2_medium.jpg', 'thumbnail_url': 'https://images4-f.ravelrycache.com/uploads/Drops/880575617/11-2_thumbnail.jpg', 'small_url': 'https://images4-g.ravelrycache.com/uploads/Drops/880575617/11-2_small_best_fit.jpg', 'flickr_url': None, 'shelved_url': 'https://images4-g.ravelrycache.com/uploads/Drops/880575617/11-2_shelved.jpg', 'medium2_url': 'https://images4-a.ravelrycache.com/uploads/Drops/880575617/11-2_medium2.jpg', 'small2_url': 'https://images4-f.ravelrycache.com/uploads/Drops/880575617/11-2_small2.jpg', 'caption': None, 'caption_html': None, 'copyright_holder': None}, {'id': 115973450, 'sort_order': 2, 'user_id': 32910, 'x_offset': 0, 'y_offset': -47, 'square_url': 'https://images4-g.ravelrycache.com/uploads/Drops/880575615/11b-2_square.jpg', 'medium_url': 'https://images4-f.ravelrycache.com/uploads/Drops/880575615/11b-2_medium.jpg', 'thumbnail_url': 'https://images4-f.ravelrycache.com/uploads/Drops/880575615/11b-2_thumbnail.jpg', 'small_url': 'https://images4-g.ravelrycache.com/uploads/Drops/880575615/11b-2_small_best_fit.jpg', 'flickr_url': None, 'shelved_url': 'https://images4-f.ravelrycache.com/uploads/Drops/880575615/11b-2_shelved.jpg', 'medium2_url': 'https://images4-a.ravelrycache.com/uploads/Drops/880575615/11b-2_medium2.jpg', 'small2_url': 'https://images4-g.ravelrycache.com/uploads/Drops/880575615/11b-2_small2.jpg', 'caption': None, 'caption_html': None, 'copyright_holder': None}, {'id': 115973451, 'sort_order': 3, 'user_id': 32910, 'x_offset': -1, 'y_offset': -32, 'square_url': 'https://images4-g.ravelrycache.com/uploads/Drops/880575619/11c-2_square.jpg', 'medium_url': 'https://images4-f.ravelrycache.com/uploads/Drops/880575619/11c-2_medium.jpg', 'thumbnail_url': 'https://images4-g.ravelrycache.com/uploads/Drops/880575619/11c-2_thumbnail.jpg', 'small_url': 'https://images4-f.ravelrycache.com/uploads/Drops/880575619/11c-2_small_best_fit.jpg', 'flickr_url': None, 'shelved_url': 'https://images4-f.ravelrycache.com/uploads/Drops/880575619/11c-2_shelved.jpg', 'medium2_url': 'https://images4-a.ravelrycache.com/uploads/Drops/880575619/11c-2_medium2.jpg', 'small2_url': 'https://images4-g.ravelrycache.com/uploads/Drops/880575619/11c-2_small2.jpg', 'caption': None, 'caption_html': None, 'copyright_holder': None}, {'id': 115973452, 'sort_order': 4, 'user_id': 32910, 'x_offset': 0, 'y_offset': -43, 'square_url': 'https://images4-g.ravelrycache.com/uploads/Drops/880575616/11d-2_square.jpg', 'medium_url': 'https://images4-f.ravelrycache.com/uploads/Drops/880575616/11d-2_medium.jpg', 'thumbnail_url': 'https://images4-f.ravelrycache.com/uploads/Drops/880575616/11d-2_thumbnail.jpg', 'small_url': 'https://images4-g.ravelrycache.com/uploads/Drops/880575616/11d-2_small_best_fit.jpg', 'flickr_url': None, 'shelved_url': 'https://images4-f.ravelrycache.com/uploads/Drops/880575616/11d-2_shelved.jpg', 'medium2_url': 'https://images4-a.ravelrycache.com/uploads/Drops/880575616/11d-2_medium2.jpg', 'small2_url': 'https://images4-g.ravelrycache.com/uploads/Drops/880575616/11d-2_small2.jpg', 'caption': None, 'caption_html': None, 'copyright_holder': None}, {'id': 115973453, 'sort_order': 5, 'user_id': 32910, 'x_offset': 0, 'y_offset': -43, 'square_url': 'https://images4-g.ravelrycache.com/uploads/Drops/880575618/11e-2_square.jpg', 'medium_url': 'https://images4-f.ravelrycache.com/uploads/Drops/880575618/11e-2_medium.jpg', 'thumbnail_url': 'https://images4-f.ravelrycache.com/uploads/Drops/880575618/11e-2_thumbnail.jpg', 'small_url': 'https://images4-f.ravelrycache.com/uploads/Drops/880575618/11e-2_small_best_fit.jpg', 'flickr_url': None, 'shelved_url': 'https://images4-g.ravelrycache.com/uploads/Drops/880575618/11e-2_shelved.jpg', 'medium2_url': 'https://images4-a.ravelrycache.com/uploads/Drops/880575618/11e-2_medium2.jpg', 'small2_url': 'https://images4-g.ravelrycache.com/uploads/Drops/880575618/11e-2_small2.jpg', 'caption': None, 'caption_html': None, 'copyright_holder': None}]"
Sunde Sweater JUNIOR,Ane Fiskum Sunde,1278613,https://www.ravelry.com/patterns/library/sunde-sweater-junior,False,https://images4-a.ravelrycache.com/uploads/NovemberknitsNO/880614530/sundeminijr2_medium2.jpg,Knitting,"['child', 'teen', 'top-down', 'positive-ease']",21.0,0.0,True,4.0,,child,Fingering,11,5.0,4-6 (6-8) 8-10 (10-12) 12-14 years,"[{'id': 115978413, 'sort_order': 1, 'user_id': 9453621, 'x_offset': 0, 'y_offset': -22, 'square_url': 'https://images4-f.ravelrycache.com/uploads/NovemberknitsNO/880614530/sundeminijr2_square.jpg', 'medium_url': 'https://images4-g.ravelrycache.com/uploads/NovemberknitsNO/880614530/sundeminijr2_medium.jpg', 'thumbnail_url': 'https://images4-g.ravelrycache.com/uploads/NovemberknitsNO/880614530/sundeminijr2_thumbnail.jpg', 'small_url': 'https://images4-f.ravelrycache.com/uploads/NovemberknitsNO/880614530/sundeminijr2_small_best_fit.jpg', 'flickr_url': None, 'shelved_url': 'https://images4-f.ravelrycache.com/uploads/NovemberknitsNO/880614530/sundeminijr2_shelved.jpg', 'medium2_url': 'https://images4-a.ravelrycache.com/uploads/NovemberknitsNO/880614530/sundeminijr2_medium2.jpg', 'small2_url': 'https://images4-f.ravelrycache.com/uploads/NovemberknitsNO/880614530/sundeminijr2_small2.jpg', 'caption': None, 'caption_html': None, 'copyright_holder': None}, {'id': 115978414, 'sort_order': 2, 'user_id': 9453621, 'x_offset': 0, 'y_offset': -43, 'square_url': 'https://images4-g.ravelrycache.com/uploads/NovemberknitsNO/880614533/sundeminijr3_square.JPG', 'medium_url': 'https://images4-f.ravelrycache.com/uploads/NovemberknitsNO/880614533/sundeminijr3_medium.JPG', 'thumbnail_url': 'https://images4-f.ravelrycache.com/uploads/NovemberknitsNO/880614533/sundeminijr3_thumbnail.JPG', 'small_url': 'https://images4-g.ravelrycache.com/uploads/NovemberknitsNO/880614533/sundeminijr3_small_best_fit.JPG', 'flickr_url': None, 'shelved_url': 'https://images4-f.ravelrycache.com/uploads/NovemberknitsNO/880614533/sundeminijr3_shelved.JPG', 'medium2_url': 'https://images4-a.ravelrycache.com/uploads/NovemberknitsNO/880614533/sundeminijr3_medium2.JPG', 'small2_url': 'https://images4-g.ravelrycache.com/uploads/NovemberknitsNO/880614533/sundeminijr3_small2.JPG', 'caption': None, 'caption_html': None, 'copyright_holder': None}, {'id': 115978415, 'sort_order': 3, 'user_id': 9453621, 'x_offset': 0, 'y_offset': -22, 'square_url': 'https://images4-f.ravelrycache.com/uploads/NovemberknitsNO/880614531/sundeminijr4_square.JPG', 'medium_url': 'https://images4-g.ravelrycache.com/uploads/NovemberknitsNO/880614531/sundeminijr4_medium.JPG', 'thumbnail_url': 'https://images4-f.ravelrycache.com/uploads/NovemberknitsNO/880614531/sundeminijr4_thumbnail.JPG', 'small_url': 'https://images4-f.ravelrycache.com/uploads/NovemberknitsNO/880614531/sundeminijr4_small_best_fit.JPG', 'flickr_url': None, 'shelved_url': 'https://images4-f.ravelrycache.com/uploads/NovemberknitsNO/880614531/sundeminijr4_shelved.JPG', 'medium2_url': 'https://images4-a.ravelrycache.com/uploads/NovemberknitsNO/880614531/sundeminijr4_medium2.JPG', 'small2_url': 'https://images4-f.ravelrycache.com/uploads/NovemberknitsNO/880614531/sundeminijr4_small2.JPG', 'caption': None, 'caption_html': None, 'copyright_holder': None}, {'id': 115978416, 'sort_order': 4, 'user_id': 9453621, 'x_offset': 0, 'y_offset': -22, 'square_url': 'https://images4-g.ravelrycache.com/uploads/NovemberknitsNO/880614540/sundeminijr1_square.jpg', 'medium_url': 'https://images4-f.ravelrycache.com/uploads/NovemberknitsNO/880614540/sundeminijr1_medium.jpg', 'thumbnail_url': 'https://images4-g.ravelrycache.com/uploads/NovemberknitsNO/880614540/sundeminijr1_thumbnail.jpg', 'small_url': 'https://images4-f.ravelrycache.com/uploads/NovemberknitsNO/880614540/sundeminijr1_small_best_fit.jpg', 'flickr_url': None, 'shelved_url': 'https://images4-f.ravelrycache.com/uploads/NovemberknitsNO/880614540/sundeminijr1_shelved.jpg', 'medium2_url': 'https://images4-a.ravelrycache.com/uploads/NovemberknitsNO/880614540/sundeminijr1_medium2.jpg', 'small2_url': 'https://images4-g.ravelrycache.com/uploads/NovemberknitsNO/880614540/sundeminijr1_small2.jpg', 'caption': None, 'caption_html': None, 'copyright_holder': None}, {'id': 115978417, 'sort_order': 5, 'user_id': 9453621, 'x_offset': 0, 'y_offset': -22, 'square_url': 'https://images4-g.ravelrycache.com/uploads/NovemberknitsNO/880614538/sundeminijr5_square.JPG', 'medium_url': 'https://images4-f.ravelrycache.com/uploads/NovemberknitsNO/880614538/sundeminijr5_medium.JPG', 'thumbnail_url': 'https://images4-g.ravelrycache.com/uploads/NovemberknitsNO/880614538/sundeminijr5_thumbnail.JPG', 'small_url': 'https://images4-f.ravelrycache.com/uploads/NovemberknitsNO/880614538/sundeminijr5_small_best_fit.JPG', 'flickr_url': None, 'shelved_url': 'https://images4-g.ravelrycache.com/uploads/NovemberknitsNO/880614538/sundeminijr5_shelved.JPG', 'medium2_url': 'https://images4-a.ravelrycache.com/uploads/NovemberknitsNO/880614538/sundeminijr5_medium2.JPG', 'small2_url': 'https://images4-g.ravelrycache.com/uploads/NovemberknitsNO/880614538/sundeminijr5_small2.JPG', 'caption': None, 'caption_html': None, 'copyright_holder': None}, {'id': 115978418, 'sort_order': 6, 'user_id': 9453621, 'x_offset': 0, 'y_offset': -22, 'square_url': 'https://images4-f.ravelrycache.com/uploads/NovemberknitsNO/880614532/sundeminijr6_square.JPG', 'medium_url': 'https://images4-g.ravelrycache.com/uploads/NovemberknitsNO/880614532/sundeminijr6_medium.JPG', 'thumbnail_url': 'https://images4-g.ravelrycache.com/uploads/NovemberknitsNO/880614532/sundeminijr6_thumbnail.JPG', 'small_url': 'https://images4-g.ravelrycache.com/uploads/NovemberknitsNO/880614532/sundeminijr6_small_best_fit.JPG', 'flickr_url': None, 'shelved_url': 'https://images4-f.ravelrycache.com/uploads/NovemberknitsNO/880614532/sundeminijr6_shelved.JPG', 'medium2_url': 'https://images4-a.ravelrycache.com/uploads/NovemberknitsNO/880614532/sundeminijr6_medium2.JPG', 'small2_url': 'https://images4-f.ravelrycache.com/uploads/NovemberknitsNO/880614532/sundeminijr6_small2.JPG', 'caption': None, 'caption_html': None, 'copyright_holder': None}]"
Palatsineule,Villahullu,1278634,https://www.ravelry.com/patterns/library/palatsineule,False,https://images4-a.ravelrycache.com/uploads/villahullu/880623850/IMG_20220919_113936_medium2.jpg,Knitting,"['stranded', 'bottom-up', 'in-the-round', 'circular-yoke']",13.0,3.0,True,4.0,,pullover,Bulky,13,5.0,"XXS, XS, S, M, L, XL, XXL","[{'id': 115979696, 'sort_order': 1, 'user_id': 10021084, 'x_offset': -5, 'y_offset': -35, 'square_url': 'https://images4-g.ravelrycache.com/uploads/villahullu/880623850/IMG_20220919_113936_square.jpg', 'medium_url': 'https://images4-f.ravelrycache.com/uploads/villahullu/880623850/IMG_20220919_113936_medium.jpg', 'thumbnail_url': 'https://images4-f.ravelrycache.com/uploads/villahullu/880623850/IMG_20220919_113936_thumbnail.jpg', 'small_url': 'https://images4-g.ravelrycache.com/uploads/villahullu/880623850/IMG_20220919_113936_small.jpg', 'flickr_url': None, 'shelved_url': 'https://images4-g.ravelrycache.com/uploads/villahullu/880623850/IMG_20220919_113936_shelved.jpg', 'medium2_url': 'https://images4-a.ravelrycache.com/uploads/villahullu/880623850/IMG_20220919_113936_medium2.jpg', 'small2_url': 'https://images4-g.ravelrycache.com/uploads/villahullu/880623850/IMG_20220919_113936_small2.jpg', 'caption': None, 'caption_html': None, 'copyright_holder': None}, {'id': 115979697, 'sort_order': 2, 'user_id': 10021084, 'x_offset': -5, 'y_offset': -35, 'square_url': 'https://images4-g.ravelrycache.com/uploads/villahullu/880623849/IMG_20220924_113621_square.jpg', 'medium_url': 'https://images4-f.ravelrycache.com/uploads/villahullu/880623849/IMG_20220924_113621_medium.jpg', 'thumbnail_url': 'https://images4-f.ravelrycache.com/uploads/villahullu/880623849/IMG_20220924_113621_thumbnail.jpg', 'small_url': 'https://images4-g.ravelrycache.com/uploads/villahullu/880623849/IMG_20220924_113621_small.jpg', 'flickr_url': None, 'shelved_url': 'https://images4-f.ravelrycache.com/uploads/villahullu/880623849/IMG_20220924_113621_shelved.jpg', 'medium2_url': 'https://images4-a.ravelrycache.com/uploads/villahullu/880623849/IMG_20220924_113621_medium2.jpg', 'small2_url': 'https://images4-g.ravelrycache.com/uploads/villahullu/880623849/IMG_20220924_113621_small2.jpg', 'caption': None, 'caption_html': None, 'copyright_holder': None}, {'id': 115979698, 'sort_order': 3, 'user_id': 10021084, 'x_offset': 0, 'y_offset': -66, 'square_url': 'https://images4-f.ravelrycache.com/uploads/villahullu/880623844/image1_square.jpeg', 'medium_url': 'https://images4-f.ravelrycache.com/uploads/villahullu/880623844/image1_medium.jpeg', 'thumbnail_url': 'https://images4-g.ravelrycache.com/uploads/villahullu/880623844/image1_thumbnail.jpeg', 'small_url': 'https://images4-f.ravelrycache.com/uploads/villahullu/880623844/image1_small_best_fit.jpeg', 'flickr_url': None, 'shelved_url': 'https://images4-g.ravelrycache.com/uploads/villahullu/880623844/image1_shelved.jpeg', 'medium2_url': 'https://images4-a.ravelrycache.com/uploads/villahullu/880623844/image1_medium2.jpeg', 'small2_url': 'https://images4-g.ravelrycache.com/uploads/villahullu/880623844/image1_small2.jpeg', 'caption': None, 'caption_html': None, 'copyright_holder': None}, {'id': 115979699, 'sort_order': 4, 'user_id': 10021084, 'x_offset': 0, 'y_offset': -43, 'square_url': 'https://images4-g.ravelrycache.com/uploads/villahullu/880623848/20220924161844_IMG_7885_square.jpg', 'medium_url': 'https://images4-f.ravelrycache.com/uploads/villahullu/880623848/20220924161844_IMG_7885_medium.jpg', 'thumbnail_url': 'https://images4-g.ravelrycache.com/uploads/villahullu/880623848/20220924161844_IMG_7885_thumbnail.jpg', 'small_url': 'https://images4-f.ravelrycache.com/uploads/villahullu/880623848/20220924161844_IMG_7885_small_best_fit.jpg', 'flickr_url': None, 'shelved_url': 'https://images4-g.ravelrycache.com/uploads/villahullu/880623848/20220924161844_IMG_7885_shelved.jpg', 'medium2_url': 'https://images4-a.ravelrycache.com/uploads/villahullu/880623848/20220924161844_IMG_7885_medium2.jpg', 'small2_url': 'https://images4-g.ravelrycache.com/uploads/villahullu/880623848/20220924161844_IMG_7885_small2.jpg', 'caption': None, 'caption_html': None, 'copyright_holder': None}, {'id': 115979700, 'sort_order': 5, 'user_id': 10021084, 'x_offset': 0, 'y_offset': -43, 'square_url': 'https://images4-f.ravelrycache.com/uploads/villahullu/880623845/20220924155925_IMG_7867_square.jpg', 'medium_url': 'https://images4-g.ravelrycache.com/uploads/villahullu/880623845/20220924155925_IMG_7867_medium.jpg', 'thumbnail_url': 'https://images4-f.ravelrycache.com/uploads/villahullu/880623845/20220924155925_IMG_7867_thumbnail.jpg', 'small_url': 'https://images4-g.ravelrycache.com/uploads/villahullu/880623845/20220924155925_IMG_7867_small_best_fit.jpg', 'flickr_url': None, 'shelved_url': 'https://images4-g.ravelrycache.com/uploads/villahullu/880623845/20220924155925_IMG_7867_shelved.jpg', 'medium2_url': 'https://images4-a.ravelrycache.com/uploads/villahullu/880623845/20220924155925_IMG_7867_medium2.jpg', 'small2_url': 'https://images4-f.ravelrycache.com/uploads/villahullu/880623845/20220924155925_IMG_7867_small2.jpg', 'caption': None, 'caption_html': None, 'copyright_holder': None}, {'id': 115979701, 'sort_order': 6, 'user_id': 10021084, 'x_offset': -5, 'y_offset': -35, 'square_url': 'https://images4-g.ravelrycache.com/uploads/villahullu/880623866/20221010_090843_square.jpg', 'medium_url': 'https://images4-f.ravelrycache.com/uploads/villahullu/880623866/20221010_090843_medium.jpg', 'thumbnail_url': 'https://images4-g.ravelrycache.com/uploads/villahullu/880623866/20221010_090843_thumbnail.jpg', 'small_url': 'https://images4-f.ravelrycache.com/uploads/villahullu/880623866/20221010_090843_small.jpg', 'flickr_url': None, 'shelved_url': 'https://images4-f.ravelrycache.com/uploads/villahullu/880623866/20221010_090843_shelved.jpg', 'medium2_url': 'https://images4-a.ravelrycache.com/uploads/villahullu/880623866/20221010_090843_medium2.jpg', 'small2_url': 'https://images4-g.ravelrycache.com/uploads/villahullu/880623866/20221010_090843_small2.jpg', 'caption': None, 'caption_html': None, 'copyright_holder': None}, {'id': 115979702, 'sort_order': 7, 'user_id': 10021084, 'x_offset': 0, 'y_offset': 0, 'square_url': 'https://images4-g.ravelrycache.com/uploads/villahullu/880623842/9767F237-4CA3-4A49-B286-FA6EC02DED79_square.jpeg', 'medium_url': 'https://images4-g.ravelrycache.com/uploads/villahullu/880623842/9767F237-4CA3-4A49-B286-FA6EC02DED79_medium.jpeg', 'thumbnail_url': 'https://images4-g.ravelrycache.com/uploads/villahullu/880623842/9767F237-4CA3-4A49-B286-FA6EC02DED79_thumbnail.jpeg', 'small_url': 'https://images4-g.ravelrycache.com/uploads/villahullu/880623842/9767F237-4CA3-4A49-B286-FA6EC02DED79_small_best_fit.jpeg', 'flickr_url': None, 'shelved_url': 'https://images4-g.ravelrycache.com/uploads/villahullu/880623842/9767F237-4CA3-4A49-B286-FA6EC02DED79_shelved.jpeg', 'medium2_url': 'https://images4-a.ravelrycache.com/uploads/villahullu/880623842/9767F237-4CA3-4A49-B286-FA6EC02DED79_medium2.jpeg', 'small2_url': 'https://images4-f.ravelrycache.com/uploads/villahullu/880623842/9767F237-4CA3-4A49-B286-FA6EC02DED79_small2.jpeg', 'caption': None, 'caption_html': None, 'copyright_holder': None}]"
Lowell Sweater,Sarah Monroe,1278820,https://www.ravelry.com/patterns/library/lowell-sweater,False,https://images4-a.ravelrycache.com/uploads/sdorothym/880179072/DP2A1127_medium2.jpeg,Knitting,"['adult', 'textured', 'circular-yoke', 'mosaic', 'seamless', 'short-rows', 'top-down', 'positive-ease', 'chart', 'in-the-round', 'slipped-stitches', 'schematic']",6.0,0.0,False,1.0,,pullover,Sport,9,0.0,"31"" - 59"" bust","[{'id': 115996036, 'sort_order': 1, 'user_id': 78699, 'x_offset': 0, 'y_offset': -43, 'square_url': 'https://images4-g.ravelrycache.com/uploads/sdorothym/880179072/DP2A1127_square.jpeg', 'medium_url': 'https://images4-g.ravelrycache.com/uploads/sdorothym/880179072/DP2A1127_medium.jpeg', 'thumbnail_url': 'https://images4-g.ravelrycache.com/uploads/sdorothym/880179072/DP2A1127_thumbnail.jpeg', 'small_url': 'https://images4-f.ravelrycache.com/uploads/sdorothym/880179072/DP2A1127_small_best_fit.jpeg', 'flickr_url': None, 'shelved_url': 'https://images4-f.ravelrycache.com/uploads/sdorothym/880179072/DP2A1127_shelved.jpeg', 'medium2_url': 'https://images4-a.ravelrycache.com/uploads/sdorothym/880179072/DP2A1127_medium2.jpeg', 'small2_url': 'https://images4-f.ravelrycache.com/uploads/sdorothym/880179072/DP2A1127_small2.jpeg', 'caption': None, 'caption_html': None, 'copyright_holder': None}, {'id': 115996037, 'sort_order': 2, 'user_id': 78699, 'x_offset': 0, 'y_offset': -43, 'square_url': 'https://images4-f.ravelrycache.com/uploads/sdorothym/880179069/DP2A1128_square.jpeg', 'medium_url': 'https://images4-f.ravelrycache.com/uploads/sdorothym/880179069/DP2A1128_medium.jpeg', 'thumbnail_url': 'https://images4-f.ravelrycache.com/uploads/sdorothym/880179069/DP2A1128_thumbnail.jpeg', 'small_url': 'https://images4-g.ravelrycache.com/uploads/sdorothym/880179069/DP2A1128_small_best_fit.jpeg', 'flickr_url': None, 'shelved_url': 'https://images4-g.ravelrycache.com/uploads/sdorothym/880179069/DP2A1128_shelved.jpeg', 'medium2_url': 'https://images4-a.ravelrycache.com/uploads/sdorothym/880179069/DP2A1128_medium2.jpeg', 'small2_url': 'https://images4-g.ravelrycache.com/uploads/sdorothym/880179069/DP2A1128_small2.jpeg', 'caption': None, 'caption_html': None, 'copyright_holder': None}, {'id': 115996038, 'sort_order': 3, 'user_id': 78699, 'x_offset': 0, 'y_offset': -43, 'square_url': 'https://images4-f.ravelrycache.com/uploads/sdorothym/880179070/DP2A1139-1_square.jpeg', 'medium_url': 'https://images4-f.ravelrycache.com/uploads/sdorothym/880179070/DP2A1139-1_medium.jpeg', 'thumbnail_url': 'https://images4-f.ravelrycache.com/uploads/sdorothym/880179070/DP2A1139-1_thumbnail.jpeg', 'small_url': 'https://images4-g.ravelrycache.com/uploads/sdorothym/880179070/DP2A1139-1_small_best_fit.jpeg', 'flickr_url': None, 'shelved_url': 'https://images4-f.ravelrycache.com/uploads/sdorothym/880179070/DP2A1139-1_shelved.jpeg', 'medium2_url': 'https://images4-a.ravelrycache.com/uploads/sdorothym/880179070/DP2A1139-1_medium2.jpeg', 'small2_url': 'https://images4-g.ravelrycache.com/uploads/sdorothym/880179070/DP2A1139-1_small2.jpeg', 'caption': None, 'caption_html': None, 'copyright_holder': None}, {'id': 115996039, 'sort_order': 4, 'user_id': 78699, 'x_offset': -22, 'y_offset': 0, 'square_url': 'https://images4-g.ravelrycache.com/uploads/sdorothym/880179068/DP2A1133_square.jpeg', 'medium_url': 'https://images4-g.ravelrycache.com/uploads/sdorothym/880179068/DP2A1133_medium.jpeg', 'thumbnail_url': 'https://images4-f.ravelrycache.com/uploads/sdorothym/880179068/DP2A1133_thumbnail.jpeg', 'small_url': 'https://images4-f.ravelrycache.com/uploads/sdorothym/880179068/DP2A1133_small_best_fit.jpeg', 'flickr_url': None, 'shelved_url': 'https://images4-f.ravelrycache.com/uploads/sdorothym/880179068/DP2A1133_shelved.jpeg', 'medium2_url': 'https://images4-a.ravelrycache.com/uploads/sdorothym/880179068/DP2A1133_medium2.jpeg', 'small2_url': 'https://images4-f.ravelrycache.com/uploads/sdorothym/880179068/DP2A1133_small2.jpeg', 'caption': None, 'caption_html': None, 'copyright_holder': None}]"
Snowglobe Sweater,Hannah Graham,1278927,https://www.ravelry.com/patterns/library/snowglobe-sweater,False,https://images4-a.ravelrycache.com/uploads/hannahgknits/881895883/B8A9E39A-5B76-45E4-B3CD-79128B42B347_medium2.jpeg,Knitting,"['baby', 'newborn-size', 'toddler', 'child', 'teen', 'bobble-or-popcorn', 'ribbed', 'textured', 'circular-yoke', 'aline', 'stranded', 'seamless', 'top-down', 'positive-ease', 'chart', 'written-pattern', 'in-the-round', 'corrugated-ribbing', 'schematic', 'crew-neck', 'male', 'female']",22.0,2.4,True,4.0,,child,Sport,15,5.0,"Baby, 3-12M, 12-18 M (18-24 M, 2-3 YR, 4-5 YR) (6-7 YR, 8-9 YR, 10+ YR)","[{'id': 116138917, 'sort_order': 1, 'user_id': 8412968, 'x_offset': -5, 'y_offset': -35, 'square_url': 'https://images4-f.ravelrycache.com/uploads/hannahgknits/881895883/B8A9E39A-5B76-45E4-B3CD-79128B42B347_square.jpeg', 'medium_url': 'https://images4-f.ravelrycache.com/uploads/hannahgknits/881895883/B8A9E39A-5B76-45E4-B3CD-79128B42B347_medium.jpeg', 'thumbnail_url': 'https://images4-g.ravelrycache.com/uploads/hannahgknits/881895883/B8A9E39A-5B76-45E4-B3CD-79128B42B347_thumbnail.jpeg', 'small_url': 'https://images4-g.ravelrycache.com/uploads/hannahgknits/881895883/B8A9E39A-5B76-45E4-B3CD-79128B42B347_small.jpeg', 'flickr_url': None, 'shelved_url': 'https://images4-g.ravelrycache.com/uploads/hannahgknits/881895883/B8A9E39A-5B76-45E4-B3CD-79128B42B347_shelved.jpeg', 'medium2_url': 'https://images4-a.ravelrycache.com/uploads/hannahgknits/881895883/B8A9E39A-5B76-45E4-B3CD-79128B42B347_medium2.jpeg', 'small2_url': 'https://images4-g.ravelrycache.com/uploads/hannahgknits/881895883/B8A9E39A-5B76-45E4-B3CD-79128B42B347_small2.jpeg', 'caption': None, 'caption_html': None, 'copyright_holder': None}, {'id': 116138916, 'sort_order': 2, 'user_id': 8412968, 'x_offset': -5, 'y_offset': -35, 'square_url': 'https://images4-g.ravelrycache.com/uploads/hannahgknits/881895880/E74F5927-2799-4B5B-87FF-AD8C27F4F946_square.jpeg', 'medium_url': 'https://images4-g.ravelrycache.com/uploads/hannahgknits/881895880/E74F5927-2799-4B5B-87FF-AD8C27F4F946_medium.jpeg', 'thumbnail_url': 'https://images4-f.ravelrycache.com/uploads/hannahgknits/881895880/E74F5927-2799-4B5B-87FF-AD8C27F4F946_thumbnail.jpeg', 'small_url': 'https://images4-g.ravelrycache.com/uploads/hannahgknits/881895880/E74F5927-2799-4B5B-87FF-AD8C27F4F946_small.jpeg', 'flickr_url': None, 'shelved_url': 'https://images4-g.ravelrycache.com/uploads/hannahgknits/881895880/E74F5927-2799-4B5B-87FF-AD8C27F4F946_shelved.jpeg', 'medium2_url': 'https://images4-a.ravelrycache.com/uploads/hannahgknits/881895880/E74F5927-2799-4B5B-87FF-AD8C27F4F946_medium2.jpeg', 'small2_url': 'https://images4-f.ravelrycache.com/uploads/hannahgknits/881895880/E74F5927-2799-4B5B-87FF-AD8C27F4F946_small2.jpeg', 'caption': None, 'caption_html': None, 'copyright_holder': None}, {'id': 116146636, 'sort_order': 3, 'user_id': 8412968, 'x_offset': -35, 'y_offset': -6, 'square_url': 'https://images4-f.ravelrycache.com/uploads/hannahgknits/881958016/96ED6715-C7EE-4BF9-B0FD-152F5D68D6B8_square.jpeg', 'medium_url': 'https://images4-f.ravelrycache.com/uploads/hannahgknits/881958016/96ED6715-C7EE-4BF9-B0FD-152F5D68D6B8_medium.jpeg', 'thumbnail_url': 'https://images4-f.ravelrycache.com/uploads/hannahgknits/881958016/96ED6715-C7EE-4BF9-B0FD-152F5D68D6B8_thumbnail.jpeg', 'small_url': 'https://images4-g.ravelrycache.com/uploads/hannahgknits/881958016/96ED6715-C7EE-4BF9-B0FD-152F5D68D6B8_small.jpeg', 'flickr_url': None, 'shelved_url': 'https://images4-g.ravelrycache.com/uploads/hannahgknits/881958016/96ED6715-C7EE-4BF9-B0FD-152F5D68D6B8_shelved.jpeg', 'medium2_url': 'https://images4-a.ravelrycache.com/uploads/hannahgknits/881958016/96ED6715-C7EE-4BF9-B0FD-152F5D68D6B8_medium2.jpeg', 'small2_url': 'https://images4-g.ravelrycache.com/uploads/hannahgknits/881958016/96ED6715-C7EE-4BF9-B0FD-152F5D68D6B8_small2.jpeg', 'caption': None, 'caption_html': None, 'copyright_holder': None}]"
Notes,Lone Kjeldsen,1278935,https://www.ravelry.com/patterns/library/notes-2,False,https://images4-a.ravelrycache.com/uploads/lk1963/880802287/66AC330C-4B40-4914-9791-832B7BF5CF76_medium2.jpeg,Knitting,"['male', 'unisex', 'teen', 'adult', 'long-sleeve', 'set-in-sleeve', 'seamless', 'short-rows', 'top-down', 'positive-ease', 'written-pattern', 'worked-flat', 'in-the-round', 'three-needle-bind', 'other-colorwork']",15.0,0.0,True,4.0,Stockinette Stitch ,pullover,Aran,8,0.0,S - M - L - XL - 2XL,"[{'id': 116002215, 'sort_order': 1, 'user_id': 634410, 'x_offset': 0, 'y_offset': -8, 'square_url': 'https://images4-g.ravelrycache.com/uploads/lk1963/880802287/66AC330C-4B40-4914-9791-832B7BF5CF76_square.jpeg', 'medium_url': 'https://images4-g.ravelrycache.com/uploads/lk1963/880802287/66AC330C-4B40-4914-9791-832B7BF5CF76_medium.jpeg', 'thumbnail_url': 'https://images4-g.ravelrycache.com/uploads/lk1963/880802287/66AC330C-4B40-4914-9791-832B7BF5CF76_thumbnail.jpeg', 'small_url': 'https://images4-f.ravelrycache.com/uploads/lk1963/880802287/66AC330C-4B40-4914-9791-832B7BF5CF76_small_best_fit.jpeg', 'flickr_url': None, 'shelved_url': 'https://images4-f.ravelrycache.com/uploads/lk1963/880802287/66AC330C-4B40-4914-9791-832B7BF5CF76_shelved.jpeg', 'medium2_url': 'https://images4-a.ravelrycache.com/uploads/lk1963/880802287/66AC330C-4B40-4914-9791-832B7BF5CF76_medium2.jpeg', 'small2_url': 'https://images4-f.ravelrycache.com/uploads/lk1963/880802287/66AC330C-4B40-4914-9791-832B7BF5CF76_small2.jpeg', 'caption': None, 'caption_html': None, 'copyright_holder': None}, {'id': 116002216, 'sort_order': 2, 'user_id': 634410, 'x_offset': 0, 'y_offset': -2, 'square_url': 'https://images4-g.ravelrycache.com/uploads/lk1963/880802289/87994184-D6B9-44B7-AB82-4264A9E4D66F_square.jpeg', 'medium_url': 'https://images4-g.ravelrycache.com/uploads/lk1963/880802289/87994184-D6B9-44B7-AB82-4264A9E4D66F_medium.jpeg', 'thumbnail_url': 'https://images4-g.ravelrycache.com/uploads/lk1963/880802289/87994184-D6B9-44B7-AB82-4264A9E4D66F_thumbnail.jpeg', 'small_url': 'https://images4-g.ravelrycache.com/uploads/lk1963/880802289/87994184-D6B9-44B7-AB82-4264A9E4D66F_small_best_fit.jpeg', 'flickr_url': None, 'shelved_url': 'https://images4-f.ravelrycache.com/uploads/lk1963/880802289/87994184-D6B9-44B7-AB82-4264A9E4D66F_shelved.jpeg', 'medium2_url': 'https://images4-a.ravelrycache.com/uploads/lk1963/880802289/87994184-D6B9-44B7-AB82-4264A9E4D66F_medium2.jpeg', 'small2_url': 'https://images4-f.ravelrycache.com/uploads/lk1963/880802289/87994184-D6B9-44B7-AB82-4264A9E4D66F_small2.jpeg', 'caption': None, 'caption_html': None, 'copyright_holder': None}, {'id': 116002217, 'sort_order': 3, 'user_id': 634410, 'x_offset': -6, 'y_offset': 0, 'square_url': 'https://images4-f.ravelrycache.com/uploads/lk1963/880803677/8C858BB8-EF1B-4EE5-9FB3-E7B29B193DF6_square.jpeg', 'medium_url': 'https://images4-f.ravelrycache.com/uploads/lk1963/880803677/8C858BB8-EF1B-4EE5-9FB3-E7B29B193DF6_medium.jpeg', 'thumbnail_url': 'https://images4-f.ravelrycache.com/uploads/lk1963/880803677/8C858BB8-EF1B-4EE5-9FB3-E7B29B193DF6_thumbnail.jpeg', 'small_url': 'https://images4-g.ravelrycache.com/uploads/lk1963/880803677/8C858BB8-EF1B-4EE5-9FB3-E7B29B193DF6_small_best_fit.jpeg', 'flickr_url': None, 'shelved_url': 'https://images4-g.ravelrycache.com/uploads/lk1963/880803677/8C858BB8-EF1B-4EE5-9FB3-E7B29B193DF6_shelved.jpeg', 'medium2_url': 'https://images4-a.ravelrycache.com/uploads/lk1963/880803677/8C858BB8-EF1B-4EE5-9FB3-E7B29B193DF6_medium2.jpeg', 'small2_url': 'https://images4-g.ravelrycache.com/uploads/lk1963/880803677/8C858BB8-EF1B-4EE5-9FB3-E7B29B193DF6_small2.jpeg', 'caption': None, 'caption_html': None, 'copyright_holder': None}, {'id': 116002218, 'sort_order': 4, 'user_id': 634410, 'x_offset': 0, 'y_offset': -11, 'square_url': 'https://images4-f.ravelrycache.com/uploads/lk1963/880803678/6D4C1BF5-81D5-4548-9DEA-F4C8F30E01BC_square.jpeg', 'medium_url': 'https://images4-f.ravelrycache.com/uploads/lk1963/880803678/6D4C1BF5-81D5-4548-9DEA-F4C8F30E01BC_medium.jpeg', 'thumbnail_url': 'https://images4-g.ravelrycache.com/uploads/lk1963/880803678/6D4C1BF5-81D5-4548-9DEA-F4C8F30E01BC_thumbnail.jpeg', 'small_url': 'https://images4-g.ravelrycache.com/uploads/lk1963/880803678/6D4C1BF5-81D5-4548-9DEA-F4C8F30E01BC_small_best_fit.jpeg', 'flickr_url': None, 'shelved_url': 'https://images4-g.ravelrycache.com/uploads/lk1963/880803678/6D4C1BF5-81D5-4548-9DEA-F4C8F30E01BC_shelved.jpeg', 'medium2_url': 'https://images4-a.ravelrycache.com/uploads/lk1963/880803678/6D4C1BF5-81D5-4548-9DEA-F4C8F30E01BC_medium2.jpeg', 'small2_url': 'https://images4-g.ravelrycache.com/uploads/lk1963/880803678/6D4C1BF5-81D5-4548-9DEA-F4C8F30E01BC_small2.jpeg', 'caption': None, 'caption_html': None, 'copyright_holder': None}, {'id': 116002219, 'sort_order': 5, 'user_id': 634410, 'x_offset': -3, 'y_offset': -35, 'square_url': 'https://images4-g.ravelrycache.com/uploads/lk1963/880802281/0E3623C7-243C-486E-A216-878A6CDEB131_square.jpeg', 'medium_url': 'https://images4-g.ravelrycache.com/uploads/lk1963/880802281/0E3623C7-243C-486E-A216-878A6CDEB131_medium.jpeg', 'thumbnail_url': 'https://images4-f.ravelrycache.com/uploads/lk1963/880802281/0E3623C7-243C-486E-A216-878A6CDEB131_thumbnail.jpeg', 'small_url': 'https://images4-f.ravelrycache.com/uploads/lk1963/880802281/0E3623C7-243C-486E-A216-878A6CDEB131_small.jpeg', 'flickr_url': None, 'shelved_url': 'https://images4-g.ravelrycache.com/uploads/lk1963/880802281/0E3623C7-243C-486E-A216-878A6CDEB131_shelved.jpeg', 'medium2_url': 'https://images4-a.ravelrycache.com/uploads/lk1963/880802281/0E3623C7-243C-486E-A216-878A6CDEB131_medium2.jpeg', 'small2_url': 'https://images4-f.ravelrycache.com/uploads/lk1963/880802281/0E3623C7-243C-486E-A216-878A6CDEB131_small2.jpeg', 'caption': None, 'caption_html': None, 'copyright_holder': None}, {'id': 116002220, 'sort_order': 6, 'user_id': 634410, 'x_offset': 0, 'y_offset': -2, 'square_url': 'https://images4-g.ravelrycache.com/uploads/lk1963/880802290/37D9E064-0EE8-4E08-A018-1C6BD732A8B7_square.jpeg', 'medium_url': 'https://images4-g.ravelrycache.com/uploads/lk1963/880802290/37D9E064-0EE8-4E08-A018-1C6BD732A8B7_medium.jpeg', 'thumbnail_url': 'https://images4-g.ravelrycache.com/uploads/lk1963/880802290/37D9E064-0EE8-4E08-A018-1C6BD732A8B7_thumbnail.jpeg', 'small_url': 'https://images4-f.ravelrycache.com/uploads/lk1963/880802290/37D9E064-0EE8-4E08-A018-1C6BD732A8B7_small_best_fit.jpeg', 'flickr_url': None, 'shelved_url': 'https://images4-g.ravelrycache.com/uploads/lk1963/880802290/37D9E064-0EE8-4E08-A018-1C6BD732A8B7_shelved.jpeg', 'medium2_url': 'https://images4-a.ravelrycache.com/uploads/lk1963/880802290/37D9E064-0EE8-4E08-A018-1C6BD732A8B7_medium2.jpeg', 'small2_url': 'https://images4-f.ravelrycache.com/uploads/lk1963/880802290/37D9E064-0EE8-4E08-A018-1C6BD732A8B7_small2.jpeg', 'caption': None, 'caption_html': None, 'copyright_holder': None}, {'id': 116002221, 'sort_order': 7, 'user_id': 634410, 'x_offset': -14, 'y_offset': 0, 'square_url': 'https://images4-g.ravelrycache.com/uploads/lk1963/880802284/10D14F8F-D5F4-4C29-9006-7B99BD3C9380_square.jpeg', 'medium_url': 'https://images4-g.ravelrycache.com/uploads/lk1963/880802284/10D14F8F-D5F4-4C29-9006-7B99BD3C9380_medium.jpeg', 'thumbnail_url': 'https://images4-f.ravelrycache.com/uploads/lk1963/880802284/10D14F8F-D5F4-4C29-9006-7B99BD3C9380_thumbnail.jpeg', 'small_url': 'https://images4-f.ravelrycache.com/uploads/lk1963/880802284/10D14F8F-D5F4-4C29-9006-7B99BD3C9380_small_best_fit.jpeg', 'flickr_url': None, 'shelved_url': 'https://images4-f.ravelrycache.com/uploads/lk1963/880802284/10D14F8F-D5F4-4C29-9006-7B99BD3C9380_shelved.jpeg', 'medium2_url': 'https://images4-a.ravelrycache.com/uploads/lk1963/880802284/10D14F8F-D5F4-4C29-9006-7B99BD3C9380_medium2.jpeg', 'small2_url': 'https://images4-f.ravelrycache.com/uploads/lk1963/880802284/10D14F8F-D5F4-4C29-9006-7B99BD3C9380_small2.jpeg', 'caption': None, 'caption_html': None, 'copyright_holder': None}, {'id': 116002222, 'sort_order': 8, 'user_id': 634410, 'x_offset': 0, 'y_offset': -19, 'square_url': 'https://images4-f.ravelrycache.com/uploads/lk1963/880802296/6A1858F4-946E-45C4-A039-51A6BA8ECBF0_square.jpeg', 'medium_url': 'https://images4-f.ravelrycache.com/uploads/lk1963/880802296/6A1858F4-946E-45C4-A039-51A6BA8ECBF0_medium.jpeg', 'thumbnail_url': 'https://images4-f.ravelrycache.com/uploads/lk1963/880802296/6A1858F4-946E-45C4-A039-51A6BA8ECBF0_thumbnail.jpeg', 'small_url': 'https://images4-f.ravelrycache.com/uploads/lk1963/880802296/6A1858F4-946E-45C4-A039-51A6BA8ECBF0_small_best_fit.jpeg', 'flickr_url': None, 'shelved_url': 'https://images4-g.ravelrycache.com/uploads/lk1963/880802296/6A1858F4-946E-45C4-A039-51A6BA8ECBF0_shelved.jpeg', 'medium2_url': 'https://images4-a.ravelrycache.com/uploads/lk1963/880802296/6A1858F4-946E-45C4-A039-51A6BA8ECBF0_medium2.jpeg', 'small2_url': 'https://images4-g.ravelrycache.com/uploads/lk1963/880802296/6A1858F4-946E-45C4-A039-51A6BA8ECBF0_small2.jpeg', 'caption': None, 'caption_html': None, 'copyright_holder': None}, {'id': 116002223, 'sort_order': 9, 'user_id': 634410, 'x_offset': 0, 'y_offset': -12, 'square_url': 'https://images4-f.ravelrycache.com/uploads/lk1963/880802283/C63480C1-5AE9-47EF-B2A1-0C4BC7340965_square.jpeg', 'medium_url': 'https://images4-f.ravelrycache.com/uploads/lk1963/880802283/C63480C1-5AE9-47EF-B2A1-0C4BC7340965_medium.jpeg', 'thumbnail_url': 'https://images4-g.ravelrycache.com/uploads/lk1963/880802283/C63480C1-5AE9-47EF-B2A1-0C4BC7340965_thumbnail.jpeg', 'small_url': 'https://images4-f.ravelrycache.com/uploads/lk1963/880802283/C63480C1-5AE9-47EF-B2A1-0C4BC7340965_small_best_fit.jpeg', 'flickr_url': None, 'shelved_url': 'https://images4-g.ravelrycache.com/uploads/lk1963/880802283/C63480C1-5AE9-47EF-B2A1-0C4BC7340965_shelved.jpeg', 'medium2_url': 'https://images4-a.ravelrycache.com/uploads/lk1963/880802283/C63480C1-5AE9-47EF-B2A1-0C4BC7340965_medium2.jpeg', 'small2_url': 'https://images4-g.ravelrycache.com/uploads/lk1963/880802283/C63480C1-5AE9-47EF-B2A1-0C4BC7340965_small2.jpeg', 'caption': None, 'caption_html': None, 'copyright_holder': None}, {'id': 116002224, 'sort_order': 10, 'user_id': 634410, 'x_offset': -1, 'y_offset': 0, 'square_url': 'https://images4-g.ravelrycache.com/uploads/lk1963/880802285/9454ECBF-97B7-4809-941C-83A980C22460_square.jpeg', 'medium_url': 'https://images4-g.ravelrycache.com/uploads/lk1963/880802285/9454ECBF-97B7-4809-941C-83A980C22460_medium.jpeg', 'thumbnail_url': 'https://images4-g.ravelrycache.com/uploads/lk1963/880802285/9454ECBF-97B7-4809-941C-83A980C22460_thumbnail.jpeg', 'small_url': 'https://images4-g.ravelrycache.com/uploads/lk1963/880802285/9454ECBF-97B7-4809-941C-83A980C22460_small_best_fit.jpeg', 'flickr_url': None, 'shelved_url': 'https://images4-f.ravelrycache.com/uploads/lk1963/880802285/9454ECBF-97B7-4809-941C-83A980C22460_shelved.jpeg', 'medium2_url': 'https://images4-a.ravelrycache.com/uploads/lk1963/880802285/9454ECBF-97B7-4809-941C-83A980C22460_medium2.jpeg', 'small2_url': 'https://images4-f.ravelrycache.com/uploads/lk1963/880802285/9454ECBF-97B7-4809-941C-83A980C22460_small2.jpeg', 'caption': None, 'caption_html': None, 'copyright_holder': None}, {'id': 116002225, 'sort_order': 11, 'user_id': 634410, 'x_offset': -4, 'y_offset': -35, 'square_url': 'https://images4-f.ravelrycache.com/uploads/lk1963/880802291/4291E626-4ED6-4E04-816C-469F80B9AFD7_square.jpeg', 'medium_url': 'https://images4-f.ravelrycache.com/uploads/lk1963/880802291/4291E626-4ED6-4E04-816C-469F80B9AFD7_medium.jpeg', 'thumbnail_url': 'https://images4-f.ravelrycache.com/uploads/lk1963/880802291/4291E626-4ED6-4E04-816C-469F80B9AFD7_thumbnail.jpeg', 'small_url': 'https://images4-g.ravelrycache.com/uploads/lk1963/880802291/4291E626-4ED6-4E04-816C-469F80B9AFD7_small.jpeg', 'flickr_url': None, 'shelved_url': 'https://images4-g.ravelrycache.com/uploads/lk1963/880802291/4291E626-4ED6-4E04-816C-469F80B9AFD7_shelved.jpeg', 'medium2_url': 'https://images4-a.ravelrycache.com/uploads/lk1963/880802291/4291E626-4ED6-4E04-816C-469F80B9AFD7_medium2.jpeg', 'small2_url': 'https://images4-g.ravelrycache.com/uploads/lk1963/880802291/4291E626-4ED6-4E04-816C-469F80B9AFD7_small2.jpeg', 'caption': None, 'caption_html': None, 'copyright_holder': None}, {'id': 116002226, 'sort_order': 12, 'user_id': 634410, 'x_offset': 11, 'y_offset': -30, 'square_url': 'https://images4-f.ravelrycache.com/uploads/lk1963/880802276/0832CB49-CE8F-4C86-BC66-A08B46F8C8CD_square.jpeg', 'medium_url': 'https://images4-f.ravelrycache.com/uploads/lk1963/880802276/0832CB49-CE8F-4C86-BC66-A08B46F8C8CD_medium.jpeg', 'thumbnail_url': 'https://images4-f.ravelrycache.com/uploads/lk1963/880802276/0832CB49-CE8F-4C86-BC66-A08B46F8C8CD_thumbnail.jpeg', 'small_url': 'https://images4-g.ravelrycache.com/uploads/lk1963/880802276/0832CB49-CE8F-4C86-BC66-A08B46F8C8CD_small_best_fit.jpeg', 'flickr_url': None, 'shelved_url': 'https://images4-f.ravelrycache.com/uploads/lk1963/880802276/0832CB49-CE8F-4C86-BC66-A08B46F8C8CD_shelved.jpeg', 'medium2_url': 'https://images4-a.ravelrycache.com/uploads/lk1963/880802276/0832CB49-CE8F-4C86-BC66-A08B46F8C8CD_medium2.jpeg', 'small2_url': 'https://images4-g.ravelrycache.com/uploads/lk1963/880802276/0832CB49-CE8F-4C86-BC66-A08B46F8C8CD_small2.jpeg', 'caption': None, 'caption_html': None, 'copyright_holder': None}, {'id': 116002227, 'sort_order': 13, 'user_id': 634410, 'x_offset': 3, 'y_offset': -37, 'square_url': 'https://images4-f.ravelrycache.com/uploads/lk1963/880802277/AF5C319A-A14F-4DB7-B144-52C34154BC5C_square.jpeg', 'medium_url': 'https://images4-f.ravelrycache.com/uploads/lk1963/880802277/AF5C319A-A14F-4DB7-B144-52C34154BC5C_medium.jpeg', 'thumbnail_url': 'https://images4-g.ravelrycache.com/uploads/lk1963/880802277/AF5C319A-A14F-4DB7-B144-52C34154BC5C_thumbnail.jpeg', 'small_url': 'https://images4-f.ravelrycache.com/uploads/lk1963/880802277/AF5C319A-A14F-4DB7-B144-52C34154BC5C_small_best_fit.jpeg', 'flickr_url': None, 'shelved_url': 'https://images4-f.ravelrycache.com/uploads/lk1963/880802277/AF5C319A-A14F-4DB7-B144-52C34154BC5C_shelved.jpeg', 'medium2_url': 'https://images4-a.ravelrycache.com/uploads/lk1963/880802277/AF5C319A-A14F-4DB7-B144-52C34154BC5C_medium2.jpeg', 'small2_url': 'https://images4-g.ravelrycache.com/uploads/lk1963/880802277/AF5C319A-A14F-4DB7-B144-52C34154BC5C_small2.jpeg', 'caption': None, 'caption_html': None, 'copyright_holder': None}, {'id': 116002228, 'sort_order': 14, 'user_id': 634410, 'x_offset': 9, 'y_offset': -25, 'square_url': 'https://images4-f.ravelrycache.com/uploads/lk1963/880802278/CBB1A17F-9BAE-4BCF-BFCF-0AAADCED2DC2_square.jpeg', 'medium_url': 'https://images4-f.ravelrycache.com/uploads/lk1963/880802278/CBB1A17F-9BAE-4BCF-BFCF-0AAADCED2DC2_medium.jpeg', 'thumbnail_url': 'https://images4-f.ravelrycache.com/uploads/lk1963/880802278/CBB1A17F-9BAE-4BCF-BFCF-0AAADCED2DC2_thumbnail.jpeg', 'small_url': 'https://images4-g.ravelrycache.com/uploads/lk1963/880802278/CBB1A17F-9BAE-4BCF-BFCF-0AAADCED2DC2_small_best_fit.jpeg', 'flickr_url': None, 'shelved_url': 'https://images4-f.ravelrycache.com/uploads/lk1963/880802278/CBB1A17F-9BAE-4BCF-BFCF-0AAADCED2DC2_shelved.jpeg', 'medium2_url': 'https://images4-a.ravelrycache.com/uploads/lk1963/880802278/CBB1A17F-9BAE-4BCF-BFCF-0AAADCED2DC2_medium2.jpeg', 'small2_url': 'https://images4-g.ravelrycache.com/uploads/lk1963/880802278/CBB1A17F-9BAE-4BCF-BFCF-0AAADCED2DC2_small2.jpeg', 'caption': None, 'caption_html': None, 'copyright_holder': None}, {'id': 116002229, 'sort_order': 15, 'user_id': 634410, 'x_offset': -5, 'y_offset': -35, 'square_url': 'https://images4-g.ravelrycache.com/uploads/lk1963/880802305/1FC24F7F-994E-4903-B491-3A35EABE1197_square.jpeg', 'medium_url': 'https://images4-g.ravelrycache.com/uploads/lk1963/880802305/1FC24F7F-994E-4903-B491-3A35EABE1197_medium.jpeg', 'thumbnail_url': 'https://images4-f.ravelrycache.com/uploads/lk1963/880802305/1FC24F7F-994E-4903-B491-3A35EABE1197_thumbnail.jpeg', 'small_url': 'https://images4-g.ravelrycache.com/uploads/lk1963/880802305/1FC24F7F-994E-4903-B491-3A35EABE1197_small.jpeg', 'flickr_url': None, 'shelved_url': 'https://images4-f.ravelrycache.com/uploads/lk1963/880802305/1FC24F7F-994E-4903-B491-3A35EABE1197_shelved.jpeg', 'medium2_url': 'https://images4-a.ravelrycache.com/uploads/lk1963/880802305/1FC24F7F-994E-4903-B491-3A35EABE1197_medium2.jpeg', 'small2_url': 'https://images4-f.ravelrycache.com/uploads/lk1963/880802305/1FC24F7F-994E-4903-B491-3A35EABE1197_small2.jpeg', 'caption': None, 'caption_html': None, 'copyright_holder': None}, {'id': 116002230, 'sort_order': 16, 'user_id': 634410, 'x_offset': 0, 'y_offset': -40, 'square_url': 'https://images4-f.ravelrycache.com/uploads/lk1963/880802286/8B4E7B80-9C2C-4924-B384-88525E141D7D_square.jpeg', 'medium_url': 'https://images4-f.ravelrycache.com/uploads/lk1963/880802286/8B4E7B80-9C2C-4924-B384-88525E141D7D_medium.jpeg', 'thumbnail_url': 'https://images4-g.ravelrycache.com/uploads/lk1963/880802286/8B4E7B80-9C2C-4924-B384-88525E141D7D_thumbnail.jpeg', 'small_url': 'https://images4-g.ravelrycache.com/uploads/lk1963/880802286/8B4E7B80-9C2C-4924-B384-88525E141D7D_small_best_fit.jpeg', 'flickr_url': None, 'shelved_url': 'https://images4-g.ravelrycache.com/uploads/lk1963/880802286/8B4E7B80-9C2C-4924-B384-88525E141D7D_shelved.jpeg', 'medium2_url': 'https://images4-a.ravelrycache.com/uploads/lk1963/880802286/8B4E7B80-9C2C-4924-B384-88525E141D7D_medium2.jpeg', 'small2_url': 'https://images4-g.ravelrycache.com/uploads/lk1963/880802286/8B4E7B80-9C2C-4924-B384-88525E141D7D_small2.jpeg', 'caption': None, 'caption_html': None, 'copyright_holder': None}]"
Lennox Pullover,Anna Daku,1279219,https://www.ravelry.com/patterns/library/lennox-pullover,False,https://images4-a.ravelrycache.com/uploads/TheBluebirdBox/879670947/_DSC0095_medium2.jpg,Knitting,"['adult', 'oversized', 'raglan-sleeve', 'seamless', 'bottom-up', 'positive-ease', 'in-the-round']",22.0,6.5,True,4.0,stockinette in the round,pullover,Sport,21,5.0,"1 (2, 3, 4, 5, 6, 7, 8, 9) sizes","[{'id': 116020494, 'sort_order': 1, 'user_id': 482689, 'x_offset': -44, 'y_offset': -1, 'square_url': 'https://images4-g.ravelrycache.com/uploads/TheBluebirdBox/879670947/_DSC0095_square.jpg', 'medium_url': 'https://images4-f.ravelrycache.com/uploads/TheBluebirdBox/879670947/_DSC0095_medium.jpg', 'thumbnail_url': 'https://images4-f.ravelrycache.com/uploads/TheBluebirdBox/879670947/_DSC0095_thumbnail.jpg', 'small_url': 'https://images4-f.ravelrycache.com/uploads/TheBluebirdBox/879670947/_DSC0095_small_best_fit.jpg', 'flickr_url': None, 'shelved_url': 'https://images4-g.ravelrycache.com/uploads/TheBluebirdBox/879670947/_DSC0095_shelved.jpg', 'medium2_url': 'https://images4-a.ravelrycache.com/uploads/TheBluebirdBox/879670947/_DSC0095_medium2.jpg', 'small2_url': 'https://images4-g.ravelrycache.com/uploads/TheBluebirdBox/879670947/_DSC0095_small2.jpg', 'caption': None, 'caption_html': None, 'copyright_holder': None}, {'id': 133960650, 'sort_order': 2, 'user_id': 5072087, 'x_offset': 0, 'y_offset': -66, 'square_url': 'https://images4-f.ravelrycache.com/uploads/Rachsg7/984006727/IMG_1206_square.jpeg', 'medium_url': 'https://images4-f.ravelrycache.com/uploads/Rachsg7/984006727/IMG_1206_medium.jpeg', 'thumbnail_url': 'https://images4-g.ravelrycache.com/uploads/Rachsg7/984006727/IMG_1206_thumbnail.jpeg', 'small_url': 'https://images4-g.ravelrycache.com/uploads/Rachsg7/984006727/IMG_1206_small_best_fit.jpeg', 'flickr_url': None, 'shelved_url': 'https://images4-g.ravelrycache.com/uploads/Rachsg7/984006727/IMG_1206_shelved.jpeg', 'medium2_url': 'https://images4-a.ravelrycache.com/uploads/Rachsg7/984006727/IMG_1206_medium2.jpeg', 'small2_url': 'https://images4-g.ravelrycache.com/uploads/Rachsg7/984006727/IMG_1206_small2.jpeg', 'caption': None, 'caption_html': None, 'copyright_holder': None}, {'id': 134660667, 'sort_order': 3, 'user_id': 5497752, 'x_offset': 0, 'y_offset': 0, 'square_url': 'https://images4-g.ravelrycache.com/uploads/ToothFairyPurls/900036607/0394A336-B950-4508-AF2F-1D2852FB4CB4_square.jpeg', 'medium_url': 'https://images4-g.ravelrycache.com/uploads/ToothFairyPurls/900036607/0394A336-B950-4508-AF2F-1D2852FB4CB4_medium.jpeg', 'thumbnail_url': 'https://images4-f.ravelrycache.com/uploads/ToothFairyPurls/900036607/0394A336-B950-4508-AF2F-1D2852FB4CB4_thumbnail.jpeg', 'small_url': 'https://images4-g.ravelrycache.com/uploads/ToothFairyPurls/900036607/0394A336-B950-4508-AF2F-1D2852FB4CB4_small_best_fit.jpeg', 'flickr_url': None, 'shelved_url': 'https://images4-g.ravelrycache.com/uploads/ToothFairyPurls/900036607/0394A336-B950-4508-AF2F-1D2852FB4CB4_shelved.jpeg', 'medium2_url': 'https://images4-a.ravelrycache.com/uploads/ToothFairyPurls/900036607/0394A336-B950-4508-AF2F-1D2852FB4CB4_medium2.jpeg', 'small2_url': 'https://images4-f.ravelrycache.com/uploads/ToothFairyPurls/900036607/0394A336-B950-4508-AF2F-1D2852FB4CB4_small2.jpeg', 'caption': None, 'caption_html': None, 'copyright_holder': None}, {'id': 116020499, 'sort_order': 4, 'user_id': 482689, 'x_offset': -44, 'y_offset': -1, 'square_url': 'https://images4-g.ravelrycache.com/uploads/TheBluebirdBox/879670955/_DSC0083_square.jpg', 'medium_url': 'https://images4-f.ravelrycache.com/uploads/TheBluebirdBox/879670955/_DSC0083_medium.jpg', 'thumbnail_url': 'https://images4-g.ravelrycache.com/uploads/TheBluebirdBox/879670955/_DSC0083_thumbnail.jpg', 'small_url': 'https://images4-f.ravelrycache.com/uploads/TheBluebirdBox/879670955/_DSC0083_small_best_fit.jpg', 'flickr_url': None, 'shelved_url': 'https://images4-g.ravelrycache.com/uploads/TheBluebirdBox/879670955/_DSC0083_shelved.jpg', 'medium2_url': 'https://images4-a.ravelrycache.com/uploads/TheBluebirdBox/879670955/_DSC0083_medium2.jpg', 'small2_url': 'https://images4-g.ravelrycache.com/uploads/TheBluebirdBox/879670955/_DSC0083_small2.jpg', 'caption': None, 'caption_html': None, 'copyright_holder': None}, {'id': 133933280, 'sort_order': 5, 'user_id': 11383481, 'x_offset': -5, 'y_offset': -35, 'square_url': 'https://images4-f.ravelrycache.com/uploads/TheShepherdsSheep/939477070/IMG_3094_square.jpg', 'medium_url': 'https://images4-g.ravelrycache.com/uploads/TheShepherdsSheep/939477070/IMG_3094_medium.jpg', 'thumbnail_url': 'https://images4-g.ravelrycache.com/uploads/TheShepherdsSheep/939477070/IMG_3094_thumbnail.jpg', 'small_url': 'https://images4-g.ravelrycache.com/uploads/TheShepherdsSheep/939477070/IMG_3094_small.jpg', 'flickr_url': None, 'shelved_url': 'https://images4-g.ravelrycache.com/uploads/TheShepherdsSheep/939477070/IMG_3094_shelved.jpg', 'medium2_url': 'https://images4-a.ravelrycache.com/uploads/TheShepherdsSheep/939477070/IMG_3094_medium2.jpg', 'small2_url': 'https://images4-f.ravelrycache.com/uploads/TheShepherdsSheep/939477070/IMG_3094_small2.jpg', 'caption': None, 'caption_html': None, 'copyright_holder': None}, {'id': 116020495, 'sort_order': 6, 'user_id': 482689, 'x_offset': -44, 'y_offset': -1, 'square_url': 'https://images4-g.ravelrycache.com/uploads/TheBluebirdBox/879670950/_DSC0072_square.jpg', 'medium_url': 'https://images4-f.ravelrycache.com/uploads/TheBluebirdBox/879670950/_DSC0072_medium.jpg', 'thumbnail_url': 'https://images4-f.ravelrycache.com/uploads/TheBluebirdBox/879670950/_DSC0072_thumbnail.jpg', 'small_url': 'https://images4-g.ravelrycache.com/uploads/TheBluebirdBox/879670950/_DSC0072_small_best_fit.jpg', 'flickr_url': None, 'shelved_url': 'https://images4-g.ravelrycache.com/uploads/TheBluebirdBox/879670950/_DSC0072_shelved.jpg', 'medium2_url': 'https://images4-a.ravelrycache.com/uploads/TheBluebirdBox/879670950/_DSC0072_medium2.jpg', 'small2_url': 'https://images4-g.ravelrycache.com/uploads/TheBluebirdBox/879670950/_DSC0072_small2.jpg', 'caption': None, 'caption_html': None, 'copyright_holder': None}, {'id': 116020500, 'sort_order': 7, 'user_id': 482689, 'x_offset': -44, 'y_offset': -1, 'square_url': 'https://images4-f.ravelrycache.com/uploads/TheBluebirdBox/879670957/_DSC0080_square.jpg', 'medium_url': 'https://images4-g.ravelrycache.com/uploads/TheBluebirdBox/879670957/_DSC0080_medium.jpg', 'thumbnail_url': 'https://images4-f.ravelrycache.com/uploads/TheBluebirdBox/879670957/_DSC0080_thumbnail.jpg', 'small_url': 'https://images4-g.ravelrycache.com/uploads/TheBluebirdBox/879670957/_DSC0080_small_best_fit.jpg', 'flickr_url': None, 'shelved_url': 'https://images4-f.ravelrycache.com/uploads/TheBluebirdBox/879670957/_DSC0080_shelved.jpg', 'medium2_url': 'https://images4-a.ravelrycache.com/uploads/TheBluebirdBox/879670957/_DSC0080_medium2.jpg', 'small2_url': 'https://images4-f.ravelrycache.com/uploads/TheBluebirdBox/879670957/_DSC0080_small2.jpg', 'caption': None, 'caption_html': None, 'copyright_holder': None}, {'id': 116020497, 'sort_order': 8, 'user_id': 482689, 'x_offset': -44, 'y_offset': -1, 'square_url': 'https://images4-g.ravelrycache.com/uploads/TheBluebirdBox/879670953/_DSC0092_square.jpg', 'medium_url': 'https://images4-f.ravelrycache.com/uploads/TheBluebirdBox/879670953/_DSC0092_medium.jpg', 'thumbnail_url': 'https://images4-f.ravelrycache.com/uploads/TheBluebirdBox/879670953/_DSC0092_thumbnail.jpg', 'small_url': 'https://images4-g.ravelrycache.com/uploads/TheBluebirdBox/879670953/_DSC0092_small_best_fit.jpg', 'flickr_url': None, 'shelved_url': 'https://images4-g.ravelrycache.com/uploads/TheBluebirdBox/879670953/_DSC0092_shelved.jpg', 'medium2_url': 'https://images4-a.ravelrycache.com/uploads/TheBluebirdBox/879670953/_DSC0092_medium2.jpg', 'small2_url': 'https://images4-g.ravelrycache.com/uploads/TheBluebirdBox/879670953/_DSC0092_small2.jpg', 'caption': None, 'caption_html': None, 'copyright_holder': None}, {'id': 116020498, 'sort_order': 9, 'user_id': 482689, 'x_offset': -1, 'y_offset': -44, 'square_url': 'https://images4-f.ravelrycache.com/uploads/TheBluebirdBox/879670951/_DSC0089_square.jpg', 'medium_url': 'https://images4-g.ravelrycache.com/uploads/TheBluebirdBox/879670951/_DSC0089_medium.jpg', 'thumbnail_url': 'https://images4-f.ravelrycache.com/uploads/TheBluebirdBox/879670951/_DSC0089_thumbnail.jpg', 'small_url': 'https://images4-f.ravelrycache.com/uploads/TheBluebirdBox/879670951/_DSC0089_small_best_fit.jpg', 'flickr_url': None, 'shelved_url': 'https://images4-f.ravelrycache.com/uploads/TheBluebirdBox/879670951/_DSC0089_shelved.jpg', 'medium2_url': 'https://images4-a.ravelrycache.com/uploads/TheBluebirdBox/879670951/_DSC0089_medium2.jpg', 'small2_url': 'https://images4-f.ravelrycache.com/uploads/TheBluebirdBox/879670951/_DSC0089_small2.jpg', 'caption': None, 'caption_html': None, 'copyright_holder': None}, {'id': 116020501, 'sort_order': 10, 'user_id': 482689, 'x_offset': -1, 'y_offset': -44, 'square_url': 'https://images4-f.ravelrycache.com/uploads/TheBluebirdBox/879670948/_DSC0051_square.jpg', 'medium_url': 'https://images4-g.ravelrycache.com/uploads/TheBluebirdBox/879670948/_DSC0051_medium.jpg', 'thumbnail_url': 'https://images4-g.ravelrycache.com/uploads/TheBluebirdBox/879670948/_DSC0051_thumbnail.jpg', 'small_url': 'https://images4-f.ravelrycache.com/uploads/TheBluebirdBox/879670948/_DSC0051_small_best_fit.jpg', 'flickr_url': None, 'shelved_url': 'https://images4-g.ravelrycache.com/uploads/TheBluebirdBox/879670948/_DSC0051_shelved.jpg', 'medium2_url': 'https://images4-a.ravelrycache.com/uploads/TheBluebirdBox/879670948/_DSC0051_medium2.jpg', 'small2_url': 'https://images4-f.ravelrycache.com/uploads/TheBluebirdBox/879670948/_DSC0051_small2.jpg', 'caption': None, 'caption_html': None, 'copyright_holder': None}, {'id': 116020496, 'sort_order': 11, 'user_id': 482689, 'x_offset': -1, 'y_offset': -44, 'square_url': 'https://images4-f.ravelrycache.com/uploads/TheBluebirdBox/879670949/_DSC0103_square.jpg', 'medium_url': 'https://images4-g.ravelrycache.com/uploads/TheBluebirdBox/879670949/_DSC0103_medium.jpg', 'thumbnail_url': 'https://images4-g.ravelrycache.com/uploads/TheBluebirdBox/879670949/_DSC0103_thumbnail.jpg', 'small_url': 'https://images4-g.ravelrycache.com/uploads/TheBluebirdBox/879670949/_DSC0103_small_best_fit.jpg', 'flickr_url': None, 'shelved_url': 'https://images4-f.ravelrycache.com/uploads/TheBluebirdBox/879670949/_DSC0103_shelved.jpg', 'medium2_url': 'https://images4-a.ravelrycache.com/uploads/TheBluebirdBox/879670949/_DSC0103_medium2.jpg', 'small2_url': 'https://images4-f.ravelrycache.com/uploads/TheBluebirdBox/879670949/_DSC0103_small2.jpg', 'caption': None, 'caption_html': None, 'copyright_holder': None}]"
Sprocket Sweater,Megan Nodecker,1279244,https://www.ravelry.com/patterns/library/sprocket-sweater,False,https://images4-a.ravelrycache.com/uploads/knitpipandpin/880651664/DSC_0845-2_medium2.jpg,Knitting,"['teen', 'adult', 'oversized', 'no-ease', 'fitted', 'circular-yoke', 'crew-neck', 'long-sleeve', 'hems', 'mosaic', 'one-piece', 'seamless', 'short-rows', 'top-down', 'positive-ease', 'chart', 'written-pattern', 'cuffed-sleeve', 'in-the-round', 'slipped-stitches', 'stripes-colorwork', 'schematic']",30.0,3.2,True,4.0,Stockinette Stitch on larger needles,pullover,Fingering,36,4.75,"XXS - 7XL; 26.35""-67.25"" chest circumference","[{'id': 116021950, 'sort_order': 1, 'user_id': 3677212, 'x_offset': -57, 'y_offset': 0, 'square_url': 'https://images4-f.ravelrycache.com/uploads/knitpipandpin/880651664/DSC_0845-2_square.jpg', 'medium_url': 'https://images4-g.ravelrycache.com/uploads/knitpipandpin/880651664/DSC_0845-2_medium.jpg', 'thumbnail_url': 'https://images4-g.ravelrycache.com/uploads/knitpipandpin/880651664/DSC_0845-2_thumbnail.jpg', 'small_url': 'https://images4-f.ravelrycache.com/uploads/knitpipandpin/880651664/DSC_0845-2_small_best_fit.jpg', 'flickr_url': None, 'shelved_url': 'https://images4-g.ravelrycache.com/uploads/knitpipandpin/880651664/DSC_0845-2_shelved.jpg', 'medium2_url': 'https://images4-a.ravelrycache.com/uploads/knitpipandpin/880651664/DSC_0845-2_medium2.jpg', 'small2_url': 'https://images4-f.ravelrycache.com/uploads/knitpipandpin/880651664/DSC_0845-2_small2.jpg', 'caption': None, 'caption_html': None, 'copyright_holder': None}, {'id': 117466300, 'sort_order': 2, 'user_id': 6363125, 'x_offset': 0, 'y_offset': 0, 'square_url': 'https://images4-f.ravelrycache.com/uploads/Craftyrachelb/866537429/F4BCBD6B-17C2-4883-8850-C11D48BCDF0A_square.jpeg', 'medium_url': 'https://images4-f.ravelrycache.com/uploads/Craftyrachelb/866537429/F4BCBD6B-17C2-4883-8850-C11D48BCDF0A_medium.jpeg', 'thumbnail_url': 'https://images4-f.ravelrycache.com/uploads/Craftyrachelb/866537429/F4BCBD6B-17C2-4883-8850-C11D48BCDF0A_thumbnail.jpeg', 'small_url': 'https://images4-f.ravelrycache.com/uploads/Craftyrachelb/866537429/F4BCBD6B-17C2-4883-8850-C11D48BCDF0A_small_best_fit.jpeg', 'flickr_url': None, 'shelved_url': 'https://images4-g.ravelrycache.com/uploads/Craftyrachelb/866537429/F4BCBD6B-17C2-4883-8850-C11D48BCDF0A_shelved.jpeg', 'medium2_url': 'https://images4-a.ravelrycache.com/uploads/Craftyrachelb/866537429/F4BCBD6B-17C2-4883-8850-C11D48BCDF0A_medium2.jpeg', 'small2_url': 'https://images4-g.ravelrycache.com/uploads/Craftyrachelb/866537429/F4BCBD6B-17C2-4883-8850-C11D48BCDF0A_small2.jpeg', 'caption': None, 'caption_html': None, 'copyright_holder': None}, {'id': 116309877, 'sort_order': 3, 'user_id': 59064, 'x_offset': -1, 'y_offset': -16, 'square_url': 'https://images4-g.ravelrycache.com/uploads/Geekymumma/880695425/20221012_140932_square.jpg', 'medium_url': 'https://images4-f.ravelrycache.com/uploads/Geekymumma/880695425/20221012_140932_medium.jpg', 'thumbnail_url': 'https://images4-f.ravelrycache.com/uploads/Geekymumma/880695425/20221012_140932_thumbnail.jpg', 'small_url': 'https://images4-g.ravelrycache.com/uploads/Geekymumma/880695425/20221012_140932_small_best_fit.jpg', 'flickr_url': None, 'shelved_url': 'https://images4-g.ravelrycache.com/uploads/Geekymumma/880695425/20221012_140932_shelved.jpg', 'medium2_url': 'https://images4-a.ravelrycache.com/uploads/Geekymumma/880695425/20221012_140932_medium2.jpg', 'small2_url': 'https://images4-g.ravelrycache.com/uploads/Geekymumma/880695425/20221012_140932_small2.jpg', 'caption': None, 'caption_html': None, 'copyright_holder': None}, {'id': 116305519, 'sort_order': 4, 'user_id': 8137603, 'x_offset': -12, 'y_offset': -1, 'square_url': 'https://images4-f.ravelrycache.com/uploads/GardenerGretch/872686881/PXL_20220828_230854096.PORTRAIT_square.jpg', 'medium_url': 'https://images4-g.ravelrycache.com/uploads/GardenerGretch/872686881/PXL_20220828_230854096.PORTRAIT_medium.jpg', 'thumbnail_url': 'https://images4-g.ravelrycache.com/uploads/GardenerGretch/872686881/PXL_20220828_230854096.PORTRAIT_thumbnail.jpg', 'small_url': 'https://images4-f.ravelrycache.com/uploads/GardenerGretch/872686881/PXL_20220828_230854096.PORTRAIT_small.jpg', 'flickr_url': None, 'shelved_url': 'https://images4-g.ravelrycache.com/uploads/GardenerGretch/872686881/PXL_20220828_230854096.PORTRAIT_shelved.jpg', 'medium2_url': 'https://images4-a.ravelrycache.com/uploads/GardenerGretch/872686881/PXL_20220828_230854096.PORTRAIT_medium2.jpg', 'small2_url': 'https://images4-f.ravelrycache.com/uploads/GardenerGretch/872686881/PXL_20220828_230854096.PORTRAIT_small2.jpg', 'caption': None, 'caption_html': None, 'copyright_holder': None}, {'id': 116316928, 'sort_order': 5, 'user_id': 7351613, 'x_offset': 0, 'y_offset': -66, 'square_url': 'https://images4-f.ravelrycache.com/uploads/Kurpielknits/871985943/5A7F4D13-2008-4ED7-A5D3-5951CDCCE8EB_square.jpeg', 'medium_url': 'https://images4-f.ravelrycache.com/uploads/Kurpielknits/871985943/5A7F4D13-2008-4ED7-A5D3-5951CDCCE8EB_medium.jpeg', 'thumbnail_url': 'https://images4-g.ravelrycache.com/uploads/Kurpielknits/871985943/5A7F4D13-2008-4ED7-A5D3-5951CDCCE8EB_thumbnail.jpeg', 'small_url': 'https://images4-g.ravelrycache.com/uploads/Kurpielknits/871985943/5A7F4D13-2008-4ED7-A5D3-5951CDCCE8EB_small_best_fit.jpeg', 'flickr_url': None, 'shelved_url': 'https://images4-g.ravelrycache.com/uploads/Kurpielknits/871985943/5A7F4D13-2008-4ED7-A5D3-5951CDCCE8EB_shelved.jpeg', 'medium2_url': 'https://images4-a.ravelrycache.com/uploads/Kurpielknits/871985943/5A7F4D13-2008-4ED7-A5D3-5951CDCCE8EB_medium2.jpeg', 'small2_url': 'https://images4-g.ravelrycache.com/uploads/Kurpielknits/871985943/5A7F4D13-2008-4ED7-A5D3-5951CDCCE8EB_small2.jpeg', 'caption': None, 'caption_html': None, 'copyright_holder': None}, {'id': 116021949, 'sort_order': 6, 'user_id': 3677212, 'x_offset': -49, 'y_offset': 0, 'square_url': 'https://images4-g.ravelrycache.com/uploads/knitpipandpin/880654327/DSC_0818b_square.jpg', 'medium_url': 'https://images4-f.ravelrycache.com/uploads/knitpipandpin/880654327/DSC_0818b_medium.jpg', 'thumbnail_url': 'https://images4-g.ravelrycache.com/uploads/knitpipandpin/880654327/DSC_0818b_thumbnail.jpg', 'small_url': 'https://images4-g.ravelrycache.com/uploads/knitpipandpin/880654327/DSC_0818b_small_best_fit.jpg', 'flickr_url': None, 'shelved_url': 'https://images4-f.ravelrycache.com/uploads/knitpipandpin/880654327/DSC_0818b_shelved.jpg', 'medium2_url': 'https://images4-a.ravelrycache.com/uploads/knitpipandpin/880654327/DSC_0818b_medium2.jpg', 'small2_url': 'https://images4-g.ravelrycache.com/uploads/knitpipandpin/880654327/DSC_0818b_small2.jpg', 'caption': None, 'caption_html': None, 'copyright_holder': None}, {'id': 116021953, 'sort_order': 7, 'user_id': 3677212, 'x_offset': -43, 'y_offset': 0, 'square_url': 'https://images4-g.ravelrycache.com/uploads/knitpipandpin/880651668/DSC_0808-2_square.jpg', 'medium_url': 'https://images4-f.ravelrycache.com/uploads/knitpipandpin/880651668/DSC_0808-2_medium.jpg', 'thumbnail_url': 'https://images4-f.ravelrycache.com/uploads/knitpipandpin/880651668/DSC_0808-2_thumbnail.jpg', 'small_url': 'https://images4-f.ravelrycache.com/uploads/knitpipandpin/880651668/DSC_0808-2_small_best_fit.jpg', 'flickr_url': None, 'shelved_url': 'https://images4-f.ravelrycache.com/uploads/knitpipandpin/880651668/DSC_0808-2_shelved.jpg', 'medium2_url': 'https://images4-a.ravelrycache.com/uploads/knitpipandpin/880651668/DSC_0808-2_medium2.jpg', 'small2_url': 'https://images4-g.ravelrycache.com/uploads/knitpipandpin/880651668/DSC_0808-2_small2.jpg', 'caption': None, 'caption_html': None, 'copyright_holder': None}, {'id': 116021954, 'sort_order': 8, 'user_id': 3677212, 'x_offset': -43, 'y_offset': 0, 'square_url': 'https://images4-g.ravelrycache.com/uploads/knitpipandpin/880651665/DSC_0585-2_square.jpg', 'medium_url': 'https://images4-f.ravelrycache.com/uploads/knitpipandpin/880651665/DSC_0585-2_medium.jpg', 'thumbnail_url': 'https://images4-f.ravelrycache.com/uploads/knitpipandpin/880651665/DSC_0585-2_thumbnail.jpg', 'small_url': 'https://images4-g.ravelrycache.com/uploads/knitpipandpin/880651665/DSC_0585-2_small_best_fit.jpg', 'flickr_url': None, 'shelved_url': 'https://images4-f.ravelrycache.com/uploads/knitpipandpin/880651665/DSC_0585-2_shelved.jpg', 'medium2_url': 'https://images4-a.ravelrycache.com/uploads/knitpipandpin/880651665/DSC_0585-2_medium2.jpg', 'small2_url': 'https://images4-g.ravelrycache.com/uploads/knitpipandpin/880651665/DSC_0585-2_small2.jpg', 'caption': None, 'caption_html': None, 'copyright_holder': None}, {'id': 116021951, 'sort_order': 9, 'user_id': 3677212, 'x_offset': -25, 'y_offset': 0, 'square_url': 'https://images4-g.ravelrycache.com/uploads/knitpipandpin/880654115/DSC_0762_square.jpg', 'medium_url': 'https://images4-f.ravelrycache.com/uploads/knitpipandpin/880654115/DSC_0762_medium.jpg', 'thumbnail_url': 'https://images4-f.ravelrycache.com/uploads/knitpipandpin/880654115/DSC_0762_thumbnail.jpg', 'small_url': 'https://images4-f.ravelrycache.com/uploads/knitpipandpin/880654115/DSC_0762_small_best_fit.jpg', 'flickr_url': None, 'shelved_url': 'https://images4-f.ravelrycache.com/uploads/knitpipandpin/880654115/DSC_0762_shelved.jpg', 'medium2_url': 'https://images4-a.ravelrycache.com/uploads/knitpipandpin/880654115/DSC_0762_medium2.jpg', 'small2_url': 'https://images4-g.ravelrycache.com/uploads/knitpipandpin/880654115/DSC_0762_small2.jpg', 'caption': None, 'caption_html': None, 'copyright_holder': None}, {'id': 116021952, 'sort_order': 10, 'user_id': 3677212, 'x_offset': -43, 'y_offset': 0, 'square_url': 'https://images4-g.ravelrycache.com/uploads/knitpipandpin/880651670/DSC_0832-2_square.jpg', 'medium_url': 'https://images4-f.ravelrycache.com/uploads/knitpipandpin/880651670/DSC_0832-2_medium.jpg', 'thumbnail_url': 'https://images4-g.ravelrycache.com/uploads/knitpipandpin/880651670/DSC_0832-2_thumbnail.jpg', 'small_url': 'https://images4-f.ravelrycache.com/uploads/knitpipandpin/880651670/DSC_0832-2_small_best_fit.jpg', 'flickr_url': None, 'shelved_url': 'https://images4-f.ravelrycache.com/uploads/knitpipandpin/880651670/DSC_0832-2_shelved.jpg', 'medium2_url': 'https://images4-a.ravelrycache.com/uploads/knitpipandpin/880651670/DSC_0832-2_medium2.jpg', 'small2_url': 'https://images4-g.ravelrycache.com/uploads/knitpipandpin/880651670/DSC_0832-2_small2.jpg', 'caption': None, 'caption_html': None, 'copyright_holder': None}, {'id': 116021955, 'sort_order': 11, 'user_id': 3677212, 'x_offset': -25, 'y_offset': 1, 'square_url': 'https://images4-f.ravelrycache.com/uploads/knitpipandpin/880651986/Measurements_square.jpg', 'medium_url': 'https://images4-g.ravelrycache.com/uploads/knitpipandpin/880651986/Measurements_medium.jpg', 'thumbnail_url': 'https://images4-g.ravelrycache.com/uploads/knitpipandpin/880651986/Measurements_thumbnail.jpg', 'small_url': 'https://images4-f.ravelrycache.com/uploads/knitpipandpin/880651986/Measurements_small_best_fit.jpg', 'flickr_url': None, 'shelved_url': 'https://images4-g.ravelrycache.com/uploads/knitpipandpin/880651986/Measurements_shelved.jpg', 'medium2_url': 'https://images4-a.ravelrycache.com/uploads/knitpipandpin/880651986/Measurements_medium2.jpg', 'small2_url': 'https://images4-f.ravelrycache.com/uploads/knitpipandpin/880651986/Measurements_small2.jpg', 'caption': None, 'caption_html': None, 'copyright_holder': None}, {'id': 116021956, 'sort_order': 12, 'user_id': 3677212, 'x_offset': -26, 'y_offset': -1, 'square_url': 'https://images4-f.ravelrycache.com/uploads/knitpipandpin/880651985/Yardage_square.jpg', 'medium_url': 'https://images4-g.ravelrycache.com/uploads/knitpipandpin/880651985/Yardage_medium.jpg', 'thumbnail_url': 'https://images4-f.ravelrycache.com/uploads/knitpipandpin/880651985/Yardage_thumbnail.jpg', 'small_url': 'https://images4-g.ravelrycache.com/uploads/knitpipandpin/880651985/Yardage_small_best_fit.jpg', 'flickr_url': None, 'shelved_url': 'https://images4-f.ravelrycache.com/uploads/knitpipandpin/880651985/Yardage_shelved.jpg', 'medium2_url': 'https://images4-a.ravelrycache.com/uploads/knitpipandpin/880651985/Yardage_medium2.jpg', 'small2_url': 'https://images4-f.ravelrycache.com/uploads/knitpipandpin/880651985/Yardage_small2.jpg', 'caption': None, 'caption_html': None, 'copyright_holder': None}]"
Adna Striped Raglan Jumper,Chloe Elizabeth Birch,1279265,https://www.ravelry.com/patterns/library/adna-striped-raglan-jumper,False,https://images4-a.ravelrycache.com/uploads/WYSPINNERS/880964916/WYS_Retreat_Super_Chunky_Roving_L_Knit_Flow_Grow_Adna_Striped_Raglan_Jumper_01_S_72_medium2.jpg,Knitting,"['unisex', 'adult', 'seamed', 'worked-flat']",9.0,0.0,True,4.0,stocking stitch,pullover,Bulky,3,0.0,"28/30"" - 52-54""","[{'id': 116022925, 'sort_order': 1, 'user_id': 2779531, 'x_offset': 0, 'y_offset': 0, 'square_url': 'https://images4-f.ravelrycache.com/uploads/WYSPINNERS/880964916/WYS_Retreat_Super_Chunky_Roving_L_Knit_Flow_Grow_Adna_Striped_Raglan_Jumper_01_S_72_square.jpg', 'medium_url': 'https://images4-g.ravelrycache.com/uploads/WYSPINNERS/880964916/WYS_Retreat_Super_Chunky_Roving_L_Knit_Flow_Grow_Adna_Striped_Raglan_Jumper_01_S_72_medium.jpg', 'thumbnail_url': 'https://images4-g.ravelrycache.com/uploads/WYSPINNERS/880964916/WYS_Retreat_Super_Chunky_Roving_L_Knit_Flow_Grow_Adna_Striped_Raglan_Jumper_01_S_72_thumbnail.jpg', 'small_url': 'https://images4-g.ravelrycache.com/uploads/WYSPINNERS/880964916/WYS_Retreat_Super_Chunky_Roving_L_Knit_Flow_Grow_Adna_Striped_Raglan_Jumper_01_S_72_small_best_fit.jpg', 'flickr_url': None, 'shelved_url': 'https://images4-g.ravelrycache.com/uploads/WYSPINNERS/880964916/WYS_Retreat_Super_Chunky_Roving_L_Knit_Flow_Grow_Adna_Striped_Raglan_Jumper_01_S_72_shelved.jpg', 'medium2_url': 'https://images4-a.ravelrycache.com/uploads/WYSPINNERS/880964916/WYS_Retreat_Super_Chunky_Roving_L_Knit_Flow_Grow_Adna_Striped_Raglan_Jumper_01_S_72_medium2.jpg', 'small2_url': 'https://images4-f.ravelrycache.com/uploads/WYSPINNERS/880964916/WYS_Retreat_Super_Chunky_Roving_L_Knit_Flow_Grow_Adna_Striped_Raglan_Jumper_01_S_72_small2.jpg', 'caption': None, 'caption_html': None, 'copyright_holder': None}, {'id': 116022926, 'sort_order': 2, 'user_id': 2779531, 'x_offset': 0, 'y_offset': 0, 'square_url': 'https://images4-g.ravelrycache.com/uploads/WYSPINNERS/880964881/WYS_Retreat_Super_Chunky_Roving_L_Knit_Flow_Grow_Adna_Striped_Raglan_Jumper_02_S_72_square.jpg', 'medium_url': 'https://images4-f.ravelrycache.com/uploads/WYSPINNERS/880964881/WYS_Retreat_Super_Chunky_Roving_L_Knit_Flow_Grow_Adna_Striped_Raglan_Jumper_02_S_72_medium.jpg', 'thumbnail_url': 'https://images4-g.ravelrycache.com/uploads/WYSPINNERS/880964881/WYS_Retreat_Super_Chunky_Roving_L_Knit_Flow_Grow_Adna_Striped_Raglan_Jumper_02_S_72_thumbnail.jpg', 'small_url': 'https://images4-g.ravelrycache.com/uploads/WYSPINNERS/880964881/WYS_Retreat_Super_Chunky_Roving_L_Knit_Flow_Grow_Adna_Striped_Raglan_Jumper_02_S_72_small_best_fit.jpg', 'flickr_url': None, 'shelved_url': 'https://images4-g.ravelrycache.com/uploads/WYSPINNERS/880964881/WYS_Retreat_Super_Chunky_Roving_L_Knit_Flow_Grow_Adna_Striped_Raglan_Jumper_02_S_72_shelved.jpg', 'medium2_url': 'https://images4-a.ravelrycache.com/uploads/WYSPINNERS/880964881/WYS_Retreat_Super_Chunky_Roving_L_Knit_Flow_Grow_Adna_Striped_Raglan_Jumper_02_S_72_medium2.jpg', 'small2_url': 'https://images4-g.ravelrycache.com/uploads/WYSPINNERS/880964881/WYS_Retreat_Super_Chunky_Roving_L_Knit_Flow_Grow_Adna_Striped_Raglan_Jumper_02_S_72_small2.jpg', 'caption': None, 'caption_html': None, 'copyright_holder': None}, {'id': 116022927, 'sort_order': 3, 'user_id': 2779531, 'x_offset': 0, 'y_offset': 0, 'square_url': 'https://images4-g.ravelrycache.com/uploads/WYSPINNERS/880964872/WYS_Retreat_Super_Chunky_Roving_L_Knit_Flow_Grow_Adna_Striped_Raglan_Jumper_03_S_72_square.jpg', 'medium_url': 'https://images4-f.ravelrycache.com/uploads/WYSPINNERS/880964872/WYS_Retreat_Super_Chunky_Roving_L_Knit_Flow_Grow_Adna_Striped_Raglan_Jumper_03_S_72_medium.jpg', 'thumbnail_url': 'https://images4-f.ravelrycache.com/uploads/WYSPINNERS/880964872/WYS_Retreat_Super_Chunky_Roving_L_Knit_Flow_Grow_Adna_Striped_Raglan_Jumper_03_S_72_thumbnail.jpg', 'small_url': 'https://images4-g.ravelrycache.com/uploads/WYSPINNERS/880964872/WYS_Retreat_Super_Chunky_Roving_L_Knit_Flow_Grow_Adna_Striped_Raglan_Jumper_03_S_72_small_best_fit.jpg', 'flickr_url': None, 'shelved_url': 'https://images4-g.ravelrycache.com/uploads/WYSPINNERS/880964872/WYS_Retreat_Super_Chunky_Roving_L_Knit_Flow_Grow_Adna_Striped_Raglan_Jumper_03_S_72_shelved.jpg', 'medium2_url': 'https://images4-a.ravelrycache.com/uploads/WYSPINNERS/880964872/WYS_Retreat_Super_Chunky_Roving_L_Knit_Flow_Grow_Adna_Striped_Raglan_Jumper_03_S_72_medium2.jpg', 'small2_url': 'https://images4-g.ravelrycache.com/uploads/WYSPINNERS/880964872/WYS_Retreat_Super_Chunky_Roving_L_Knit_Flow_Grow_Adna_Striped_Raglan_Jumper_03_S_72_small2.jpg', 'caption': None, 'caption_html': None, 'copyright_holder': None}, {'id': 116022928, 'sort_order': 4, 'user_id': 2779531, 'x_offset': 0, 'y_offset': 0, 'square_url': 'https://images4-g.ravelrycache.com/uploads/WYSPINNERS/880964863/WYS_Retreat_Super_Chunky_Roving_L_Knit_Flow_Grow_Adna_Striped_Raglan_Jumper_04_S_72_square.jpg', 'medium_url': 'https://images4-f.ravelrycache.com/uploads/WYSPINNERS/880964863/WYS_Retreat_Super_Chunky_Roving_L_Knit_Flow_Grow_Adna_Striped_Raglan_Jumper_04_S_72_medium.jpg', 'thumbnail_url': 'https://images4-f.ravelrycache.com/uploads/WYSPINNERS/880964863/WYS_Retreat_Super_Chunky_Roving_L_Knit_Flow_Grow_Adna_Striped_Raglan_Jumper_04_S_72_thumbnail.jpg', 'small_url': 'https://images4-g.ravelrycache.com/uploads/WYSPINNERS/880964863/WYS_Retreat_Super_Chunky_Roving_L_Knit_Flow_Grow_Adna_Striped_Raglan_Jumper_04_S_72_small_best_fit.jpg', 'flickr_url': None, 'shelved_url': 'https://images4-f.ravelrycache.com/uploads/WYSPINNERS/880964863/WYS_Retreat_Super_Chunky_Roving_L_Knit_Flow_Grow_Adna_Striped_Raglan_Jumper_04_S_72_shelved.jpg', 'medium2_url': 'https://images4-a.ravelrycache.com/uploads/WYSPINNERS/880964863/WYS_Retreat_Super_Chunky_Roving_L_Knit_Flow_Grow_Adna_Striped_Raglan_Jumper_04_S_72_medium2.jpg', 'small2_url': 'https://images4-g.ravelrycache.com/uploads/WYSPINNERS/880964863/WYS_Retreat_Super_Chunky_Roving_L_Knit_Flow_Grow_Adna_Striped_Raglan_Jumper_04_S_72_small2.jpg', 'caption': None, 'caption_html': None, 'copyright_holder': None}]"
Palatsineule Lite,Villahullu,1279284,https://www.ravelry.com/patterns/library/palatsineule-lite,False,https://images4-a.ravelrycache.com/uploads/villahullu/880974346/IMG_20220822_105413_medium2.jpg,Knitting,"['stranded', 'bottom-up', 'in-the-round', 'circular-yoke']",18.0,0.0,True,4.0,,pullover,Aran,5,0.0,"Koot XXS, XS, S, M, L, XL, XXL","[{'id': 116024202, 'sort_order': 1, 'user_id': 10021084, 'x_offset': -5, 'y_offset': -35, 'square_url': 'https://images4-g.ravelrycache.com/uploads/villahullu/880974346/IMG_20220822_105413_square.jpg', 'medium_url': 'https://images4-f.ravelrycache.com/uploads/villahullu/880974346/IMG_20220822_105413_medium.jpg', 'thumbnail_url': 'https://images4-g.ravelrycache.com/uploads/villahullu/880974346/IMG_20220822_105413_thumbnail.jpg', 'small_url': 'https://images4-g.ravelrycache.com/uploads/villahullu/880974346/IMG_20220822_105413_small.jpg', 'flickr_url': None, 'shelved_url': 'https://images4-f.ravelrycache.com/uploads/villahullu/880974346/IMG_20220822_105413_shelved.jpg', 'medium2_url': 'https://images4-a.ravelrycache.com/uploads/villahullu/880974346/IMG_20220822_105413_medium2.jpg', 'small2_url': 'https://images4-g.ravelrycache.com/uploads/villahullu/880974346/IMG_20220822_105413_small2.jpg', 'caption': None, 'caption_html': None, 'copyright_holder': None}, {'id': 116024203, 'sort_order': 2, 'user_id': 10021084, 'x_offset': -5, 'y_offset': -35, 'square_url': 'https://images4-g.ravelrycache.com/uploads/villahullu/880974808/IMG_20220924_115254_square.jpg', 'medium_url': 'https://images4-f.ravelrycache.com/uploads/villahullu/880974808/IMG_20220924_115254_medium.jpg', 'thumbnail_url': 'https://images4-f.ravelrycache.com/uploads/villahullu/880974808/IMG_20220924_115254_thumbnail.jpg', 'small_url': 'https://images4-f.ravelrycache.com/uploads/villahullu/880974808/IMG_20220924_115254_small.jpg', 'flickr_url': None, 'shelved_url': 'https://images4-f.ravelrycache.com/uploads/villahullu/880974808/IMG_20220924_115254_shelved.jpg', 'medium2_url': 'https://images4-a.ravelrycache.com/uploads/villahullu/880974808/IMG_20220924_115254_medium2.jpg', 'small2_url': 'https://images4-g.ravelrycache.com/uploads/villahullu/880974808/IMG_20220924_115254_small2.jpg', 'caption': None, 'caption_html': None, 'copyright_holder': None}, {'id': 116024204, 'sort_order': 3, 'user_id': 10021084, 'x_offset': -5, 'y_offset': -35, 'square_url': 'https://images4-f.ravelrycache.com/uploads/villahullu/880974806/IMG_20220822_105419_square.jpg', 'medium_url': 'https://images4-g.ravelrycache.com/uploads/villahullu/880974806/IMG_20220822_105419_medium.jpg', 'thumbnail_url': 'https://images4-g.ravelrycache.com/uploads/villahullu/880974806/IMG_20220822_105419_thumbnail.jpg', 'small_url': 'https://images4-f.ravelrycache.com/uploads/villahullu/880974806/IMG_20220822_105419_small.jpg', 'flickr_url': None, 'shelved_url': 'https://images4-g.ravelrycache.com/uploads/villahullu/880974806/IMG_20220822_105419_shelved.jpg', 'medium2_url': 'https://images4-a.ravelrycache.com/uploads/villahullu/880974806/IMG_20220822_105419_medium2.jpg', 'small2_url': 'https://images4-f.ravelrycache.com/uploads/villahullu/880974806/IMG_20220822_105419_small2.jpg', 'caption': None, 'caption_html': None, 'copyright_holder': None}, {'id': 116024205, 'sort_order': 4, 'user_id': 10021084, 'x_offset': -2, 'y_offset': -35, 'square_url': 'https://images4-g.ravelrycache.com/uploads/villahullu/880974115/20221009_172651_square.jpg', 'medium_url': 'https://images4-f.ravelrycache.com/uploads/villahullu/880974115/20221009_172651_medium.jpg', 'thumbnail_url': 'https://images4-f.ravelrycache.com/uploads/villahullu/880974115/20221009_172651_thumbnail.jpg', 'small_url': 'https://images4-f.ravelrycache.com/uploads/villahullu/880974115/20221009_172651_small.jpg', 'flickr_url': None, 'shelved_url': 'https://images4-g.ravelrycache.com/uploads/villahullu/880974115/20221009_172651_shelved.jpg', 'medium2_url': 'https://images4-a.ravelrycache.com/uploads/villahullu/880974115/20221009_172651_medium2.jpg', 'small2_url': 'https://images4-g.ravelrycache.com/uploads/villahullu/880974115/20221009_172651_small2.jpg', 'caption': None, 'caption_html': None, 'copyright_holder': None}, {'id': 116024206, 'sort_order': 5, 'user_id': 10021084, 'x_offset': 0, 'y_offset': -43, 'square_url': 'https://images4-f.ravelrycache.com/uploads/villahullu/880974104/20221006175309_IMG_7949_square.JPG', 'medium_url': 'https://images4-g.ravelrycache.com/uploads/villahullu/880974104/20221006175309_IMG_7949_medium.JPG', 'thumbnail_url': 'https://images4-f.ravelrycache.com/uploads/villahullu/880974104/20221006175309_IMG_7949_thumbnail.JPG', 'small_url': 'https://images4-f.ravelrycache.com/uploads/villahullu/880974104/20221006175309_IMG_7949_small_best_fit.JPG', 'flickr_url': None, 'shelved_url': 'https://images4-g.ravelrycache.com/uploads/villahullu/880974104/20221006175309_IMG_7949_shelved.JPG', 'medium2_url': 'https://images4-a.ravelrycache.com/uploads/villahullu/880974104/20221006175309_IMG_7949_medium2.JPG', 'small2_url': 'https://images4-f.ravelrycache.com/uploads/villahullu/880974104/20221006175309_IMG_7949_small2.JPG', 'caption': None, 'caption_html': None, 'copyright_holder': None}, {'id': 116024207, 'sort_order': 6, 'user_id': 10021084, 'x_offset': 0, 'y_offset': 0, 'square_url': 'https://images4-g.ravelrycache.com/uploads/villahullu/880974112/IMG_20221009_203304_094_square.jpg', 'medium_url': 'https://images4-f.ravelrycache.com/uploads/villahullu/880974112/IMG_20221009_203304_094_medium.jpg', 'thumbnail_url': 'https://images4-g.ravelrycache.com/uploads/villahullu/880974112/IMG_20221009_203304_094_thumbnail.jpg', 'small_url': 'https://images4-f.ravelrycache.com/uploads/villahullu/880974112/IMG_20221009_203304_094_small_best_fit.jpg', 'flickr_url': None, 'shelved_url': 'https://images4-g.ravelrycache.com/uploads/villahullu/880974112/IMG_20221009_203304_094_shelved.jpg', 'medium2_url': 'https://images4-a.ravelrycache.com/uploads/villahullu/880974112/IMG_20221009_203304_094_medium2.jpg', 'small2_url': 'https://images4-g.ravelrycache.com/uploads/villahullu/880974112/IMG_20221009_203304_094_small2.jpg', 'caption': None, 'caption_html': None, 'copyright_holder': None}, {'id': 116024208, 'sort_order': 7, 'user_id': 10021084, 'x_offset': -5, 'y_offset': -35, 'square_url': 'https://images4-f.ravelrycache.com/uploads/villahullu/880974099/IMG_9890_square.jpg', 'medium_url': 'https://images4-g.ravelrycache.com/uploads/villahullu/880974099/IMG_9890_medium.jpg', 'thumbnail_url': 'https://images4-f.ravelrycache.com/uploads/villahullu/880974099/IMG_9890_thumbnail.jpg', 'small_url': 'https://images4-f.ravelrycache.com/uploads/villahullu/880974099/IMG_9890_small.jpg', 'flickr_url': None, 'shelved_url': 'https://images4-f.ravelrycache.com/uploads/villahullu/880974099/IMG_9890_shelved.jpg', 'medium2_url': 'https://images4-a.ravelrycache.com/uploads/villahullu/880974099/IMG_9890_medium2.jpg', 'small2_url': 'https://images4-f.ravelrycache.com/uploads/villahullu/880974099/IMG_9890_small2.jpg', 'caption': None, 'caption_html': None, 'copyright_holder': None}, {'id': 116024209, 'sort_order': 8, 'user_id': 10021084, 'x_offset': 0, 'y_offset': -43, 'square_url': 'https://images4-f.ravelrycache.com/uploads/villahullu/880974100/20221006175512_IMG_7952_square.JPG', 'medium_url': 'https://images4-g.ravelrycache.com/uploads/villahullu/880974100/20221006175512_IMG_7952_medium.JPG', 'thumbnail_url': 'https://images4-f.ravelrycache.com/uploads/villahullu/880974100/20221006175512_IMG_7952_thumbnail.JPG', 'small_url': 'https://images4-g.ravelrycache.com/uploads/villahullu/880974100/20221006175512_IMG_7952_small_best_fit.JPG', 'flickr_url': None, 'shelved_url': 'https://images4-f.ravelrycache.com/uploads/villahullu/880974100/20221006175512_IMG_7952_shelved.JPG', 'medium2_url': 'https://images4-a.ravelrycache.com/uploads/villahullu/880974100/20221006175512_IMG_7952_medium2.JPG', 'small2_url': 'https://images4-f.ravelrycache.com/uploads/villahullu/880974100/20221006175512_IMG_7952_small2.JPG', 'caption': None, 'caption_html': None, 'copyright_holder': None}]"
Maikki Sweater,Marita Clementz,1279335,https://www.ravelry.com/patterns/library/maikki-sweater,False,https://images4-a.ravelrycache.com/uploads/MaritaClementz/1044071858/Maikki18_medium2.jpg,Knitting,"['unisex', 'teen', 'adult', 'elastic', 'long-sleeve', 'raglan-sleeve', 'stranded', 'seamless', 'top-down', 'written-pattern', 'in-the-round', 'stripes-colorwork', 'male', 'female']",18.0,5.75,True,4.0,,pullover,Aran,16,3.3333333333333335,"XS, S, M, L, XL, XXL, XXXL","[{'id': 136195486, 'sort_order': 1, 'user_id': 9724215, 'x_offset': -11, 'y_offset': 3, 'square_url': 'https://images4-g.ravelrycache.com/uploads/MaritaClementz/1044071858/Maikki18_square.jpg', 'medium_url': 'https://images4-f.ravelrycache.com/uploads/MaritaClementz/1044071858/Maikki18_medium.jpg', 'thumbnail_url': 'https://images4-f.ravelrycache.com/uploads/MaritaClementz/1044071858/Maikki18_thumbnail.jpg', 'small_url': 'https://images4-g.ravelrycache.com/uploads/MaritaClementz/1044071858/Maikki18_small_best_fit.jpg', 'flickr_url': None, 'shelved_url': 'https://images4-f.ravelrycache.com/uploads/MaritaClementz/1044071858/Maikki18_shelved.jpg', 'medium2_url': 'https://images4-a.ravelrycache.com/uploads/MaritaClementz/1044071858/Maikki18_medium2.jpg', 'small2_url': 'https://images4-g.ravelrycache.com/uploads/MaritaClementz/1044071858/Maikki18_small2.jpg', 'caption': None, 'caption_html': None, 'copyright_holder': None}, {'id': 136195622, 'sort_order': 2, 'user_id': 9724215, 'x_offset': 2, 'y_offset': -41, 'square_url': 'https://images4-f.ravelrycache.com/uploads/MaritaClementz/1044073008/Maikki19_square.jpg', 'medium_url': 'https://images4-g.ravelrycache.com/uploads/MaritaClementz/1044073008/Maikki19_medium.jpg', 'thumbnail_url': 'https://images4-f.ravelrycache.com/uploads/MaritaClementz/1044073008/Maikki19_thumbnail.jpg', 'small_url': 'https://images4-g.ravelrycache.com/uploads/MaritaClementz/1044073008/Maikki19_small_best_fit.jpg', 'flickr_url': None, 'shelved_url': 'https://images4-g.ravelrycache.com/uploads/MaritaClementz/1044073008/Maikki19_shelved.jpg', 'medium2_url': 'https://images4-a.ravelrycache.com/uploads/MaritaClementz/1044073008/Maikki19_medium2.jpg', 'small2_url': 'https://images4-f.ravelrycache.com/uploads/MaritaClementz/1044073008/Maikki19_small2.jpg', 'caption': None, 'caption_html': None, 'copyright_holder': None}, {'id': 119842030, 'sort_order': 3, 'user_id': 9724215, 'x_offset': -5, 'y_offset': -45, 'square_url': 'https://images4-f.ravelrycache.com/uploads/MaritaClementz/911864241/Maikki15_square.jpg', 'medium_url': 'https://images4-g.ravelrycache.com/uploads/MaritaClementz/911864241/Maikki15_medium.jpg', 'thumbnail_url': 'https://images4-g.ravelrycache.com/uploads/MaritaClementz/911864241/Maikki15_thumbnail.jpg', 'small_url': 'https://images4-g.ravelrycache.com/uploads/MaritaClementz/911864241/Maikki15_small.jpg', 'flickr_url': None, 'shelved_url': 'https://images4-g.ravelrycache.com/uploads/MaritaClementz/911864241/Maikki15_shelved.jpg', 'medium2_url': 'https://images4-a.ravelrycache.com/uploads/MaritaClementz/911864241/Maikki15_medium2.jpg', 'small2_url': 'https://images4-f.ravelrycache.com/uploads/MaritaClementz/911864241/Maikki15_small2.jpg', 'caption': None, 'caption_html': None, 'copyright_holder': None}, {'id': 136196156, 'sort_order': 4, 'user_id': 9724215, 'x_offset': -2, 'y_offset': -47, 'square_url': 'https://images4-g.ravelrycache.com/uploads/MaritaClementz/1044077212/Maikki21_square.jpg', 'medium_url': 'https://images4-f.ravelrycache.com/uploads/MaritaClementz/1044077212/Maikki21_medium.jpg', 'thumbnail_url': 'https://images4-f.ravelrycache.com/uploads/MaritaClementz/1044077212/Maikki21_thumbnail.jpg', 'small_url': 'https://images4-g.ravelrycache.com/uploads/MaritaClementz/1044077212/Maikki21_small_best_fit.jpg', 'flickr_url': None, 'shelved_url': 'https://images4-f.ravelrycache.com/uploads/MaritaClementz/1044077212/Maikki21_shelved.jpg', 'medium2_url': 'https://images4-a.ravelrycache.com/uploads/MaritaClementz/1044077212/Maikki21_medium2.jpg', 'small2_url': 'https://images4-g.ravelrycache.com/uploads/MaritaClementz/1044077212/Maikki21_small2.jpg', 'caption': None, 'caption_html': None, 'copyright_holder': None}, {'id': 116027533, 'sort_order': 5, 'user_id': 9724215, 'x_offset': 0, 'y_offset': 0, 'square_url': 'https://images4-g.ravelrycache.com/uploads/MaritaClementz/881000242/Maikki5_square.jpg', 'medium_url': 'https://images4-f.ravelrycache.com/uploads/MaritaClementz/881000242/Maikki5_medium.jpg', 'thumbnail_url': 'https://images4-g.ravelrycache.com/uploads/MaritaClementz/881000242/Maikki5_thumbnail.jpg', 'small_url': 'https://images4-f.ravelrycache.com/uploads/MaritaClementz/881000242/Maikki5_small_best_fit.jpg', 'flickr_url': None, 'shelved_url': 'https://images4-g.ravelrycache.com/uploads/MaritaClementz/881000242/Maikki5_shelved.jpg', 'medium2_url': 'https://images4-a.ravelrycache.com/uploads/MaritaClementz/881000242/Maikki5_medium2.jpg', 'small2_url': 'https://images4-g.ravelrycache.com/uploads/MaritaClementz/881000242/Maikki5_small2.jpg', 'caption': None, 'caption_html': None, 'copyright_holder': None}, {'id': 136195623, 'sort_order': 6, 'user_id': 9724215, 'x_offset': -5, 'y_offset': -59, 'square_url': 'https://images4-f.ravelrycache.com/uploads/MaritaClementz/1044073016/Maikki20_square.jpg', 'medium_url': 'https://images4-g.ravelrycache.com/uploads/MaritaClementz/1044073016/Maikki20_medium.jpg', 'thumbnail_url': 'https://images4-g.ravelrycache.com/uploads/MaritaClementz/1044073016/Maikki20_thumbnail.jpg', 'small_url': 'https://images4-f.ravelrycache.com/uploads/MaritaClementz/1044073016/Maikki20_small.jpg', 'flickr_url': None, 'shelved_url': 'https://images4-g.ravelrycache.com/uploads/MaritaClementz/1044073016/Maikki20_shelved.jpg', 'medium2_url': 'https://images4-a.ravelrycache.com/uploads/MaritaClementz/1044073016/Maikki20_medium2.jpg', 'small2_url': 'https://images4-f.ravelrycache.com/uploads/MaritaClementz/1044073016/Maikki20_small2.jpg', 'caption': None, 'caption_html': None, 'copyright_holder': None}, {'id': 123963040, 'sort_order': 7, 'user_id': 9724215, 'x_offset': 0, 'y_offset': -44, 'square_url': 'https://images4-g.ravelrycache.com/uploads/MaritaClementz/945165646/MaikkiIce_square.jpg', 'medium_url': 'https://images4-f.ravelrycache.com/uploads/MaritaClementz/945165646/MaikkiIce_medium.jpg', 'thumbnail_url': 'https://images4-f.ravelrycache.com/uploads/MaritaClementz/945165646/MaikkiIce_thumbnail.jpg', 'small_url': 'https://images4-g.ravelrycache.com/uploads/MaritaClementz/945165646/MaikkiIce_small_best_fit.jpg', 'flickr_url': None, 'shelved_url': 'https://images4-f.ravelrycache.com/uploads/MaritaClementz/945165646/MaikkiIce_shelved.jpg', 'medium2_url': 'https://images4-a.ravelrycache.com/uploads/MaritaClementz/945165646/MaikkiIce_medium2.jpg', 'small2_url': 'https://images4-g.ravelrycache.com/uploads/MaritaClementz/945165646/MaikkiIce_small2.jpg', 'caption': None, 'caption_html': None, 'copyright_holder': None}, {'id': 119842031, 'sort_order': 8, 'user_id': 9724215, 'x_offset': 0, 'y_offset': -58, 'square_url': 'https://images4-g.ravelrycache.com/uploads/MaritaClementz/911864240/Maikki16_square.jpg', 'medium_url': 'https://images4-f.ravelrycache.com/uploads/MaritaClementz/911864240/Maikki16_medium.jpg', 'thumbnail_url': 'https://images4-f.ravelrycache.com/uploads/MaritaClementz/911864240/Maikki16_thumbnail.jpg', 'small_url': 'https://images4-f.ravelrycache.com/uploads/MaritaClementz/911864240/Maikki16_small_best_fit.jpg', 'flickr_url': None, 'shelved_url': 'https://images4-f.ravelrycache.com/uploads/MaritaClementz/911864240/Maikki16_shelved.jpg', 'medium2_url': 'https://images4-a.ravelrycache.com/uploads/MaritaClementz/911864240/Maikki16_medium2.jpg', 'small2_url': 'https://images4-g.ravelrycache.com/uploads/MaritaClementz/911864240/Maikki16_small2.jpg', 'caption': None, 'caption_html': None, 'copyright_holder': None}, {'id': 123963054, 'sort_order': 9, 'user_id': 9724215, 'x_offset': -5, 'y_offset': -35, 'square_url': 'https://images4-f.ravelrycache.com/uploads/MaritaClementz/945165769/Maikki15b_square.jpg', 'medium_url': 'https://images4-g.ravelrycache.com/uploads/MaritaClementz/945165769/Maikki15b_medium.jpg', 'thumbnail_url': 'https://images4-g.ravelrycache.com/uploads/MaritaClementz/945165769/Maikki15b_thumbnail.jpg', 'small_url': 'https://images4-g.ravelrycache.com/uploads/MaritaClementz/945165769/Maikki15b_small.jpg', 'flickr_url': None, 'shelved_url': 'https://images4-g.ravelrycache.com/uploads/MaritaClementz/945165769/Maikki15b_shelved.jpg', 'medium2_url': 'https://images4-a.ravelrycache.com/uploads/MaritaClementz/945165769/Maikki15b_medium2.jpg', 'small2_url': 'https://images4-f.ravelrycache.com/uploads/MaritaClementz/945165769/Maikki15b_small2.jpg', 'caption': None, 'caption_html': None, 'copyright_holder': None}]"
Stay Cozy Worsted,Shaina Bilow,1279354,https://www.ravelry.com/patterns/library/stay-cozy-worsted,False,https://images4-a.ravelrycache.com/uploads/ShainaBilow/881017876/IMG_8998_medium2.jpg,Knitting,"['adult', 'oversized', 'petite', 'plus', 'seamed', 'v-neck', 'long-sleeve', 'straight', 'short-rows', 'bottom-up', 'written-pattern', 'drop-sleeve', 'cuffed-sleeve', 'worked-flat', 'schematic']",18.0,0.0,True,4.0,Stockinette Stitch with 2 strands of yarn held together,pullover,Worsted,13,0.0,"Adult Sizes 1 (2, 3, 4, 5)(6, 7, 8)  - (XS-4XL)","[{'id': 116029627, 'sort_order': 1, 'user_id': 23261, 'x_offset': -5, 'y_offset': -35, 'square_url': 'https://images4-g.ravelrycache.com/uploads/ShainaBilow/881017876/IMG_8998_square.jpg', 'medium_url': 'https://images4-f.ravelrycache.com/uploads/ShainaBilow/881017876/IMG_8998_medium.jpg', 'thumbnail_url': 'https://images4-g.ravelrycache.com/uploads/ShainaBilow/881017876/IMG_8998_thumbnail.jpg', 'small_url': 'https://images4-g.ravelrycache.com/uploads/ShainaBilow/881017876/IMG_8998_small.jpg', 'flickr_url': None, 'shelved_url': 'https://images4-f.ravelrycache.com/uploads/ShainaBilow/881017876/IMG_8998_shelved.jpg', 'medium2_url': 'https://images4-a.ravelrycache.com/uploads/ShainaBilow/881017876/IMG_8998_medium2.jpg', 'small2_url': 'https://images4-g.ravelrycache.com/uploads/ShainaBilow/881017876/IMG_8998_small2.jpg', 'caption': None, 'caption_html': None, 'copyright_holder': None}, {'id': 116029628, 'sort_order': 2, 'user_id': 23261, 'x_offset': -5, 'y_offset': -35, 'square_url': 'https://images4-g.ravelrycache.com/uploads/ShainaBilow/881017887/IMG_9001_square.jpg', 'medium_url': 'https://images4-f.ravelrycache.com/uploads/ShainaBilow/881017887/IMG_9001_medium.jpg', 'thumbnail_url': 'https://images4-f.ravelrycache.com/uploads/ShainaBilow/881017887/IMG_9001_thumbnail.jpg', 'small_url': 'https://images4-f.ravelrycache.com/uploads/ShainaBilow/881017887/IMG_9001_small.jpg', 'flickr_url': None, 'shelved_url': 'https://images4-g.ravelrycache.com/uploads/ShainaBilow/881017887/IMG_9001_shelved.jpg', 'medium2_url': 'https://images4-a.ravelrycache.com/uploads/ShainaBilow/881017887/IMG_9001_medium2.jpg', 'small2_url': 'https://images4-g.ravelrycache.com/uploads/ShainaBilow/881017887/IMG_9001_small2.jpg', 'caption': None, 'caption_html': None, 'copyright_holder': None}, {'id': 116029629, 'sort_order': 3, 'user_id': 23261, 'x_offset': -5, 'y_offset': -35, 'square_url': 'https://images4-f.ravelrycache.com/uploads/ShainaBilow/881017880/IMG_8980_square.jpg', 'medium_url': 'https://images4-g.ravelrycache.com/uploads/ShainaBilow/881017880/IMG_8980_medium.jpg', 'thumbnail_url': 'https://images4-f.ravelrycache.com/uploads/ShainaBilow/881017880/IMG_8980_thumbnail.jpg', 'small_url': 'https://images4-f.ravelrycache.com/uploads/ShainaBilow/881017880/IMG_8980_small.jpg', 'flickr_url': None, 'shelved_url': 'https://images4-f.ravelrycache.com/uploads/ShainaBilow/881017880/IMG_8980_shelved.jpg', 'medium2_url': 'https://images4-a.ravelrycache.com/uploads/ShainaBilow/881017880/IMG_8980_medium2.jpg', 'small2_url': 'https://images4-f.ravelrycache.com/uploads/ShainaBilow/881017880/IMG_8980_small2.jpg', 'caption': None, 'caption_html': None, 'copyright_holder': None}, {'id': 116029630, 'sort_order': 4, 'user_id': 23261, 'x_offset': -5, 'y_offset': -35, 'square_url': 'https://images4-g.ravelrycache.com/uploads/ShainaBilow/881017879/IMG_8995_square.jpg', 'medium_url': 'https://images4-f.ravelrycache.com/uploads/ShainaBilow/881017879/IMG_8995_medium.jpg', 'thumbnail_url': 'https://images4-f.ravelrycache.com/uploads/ShainaBilow/881017879/IMG_8995_thumbnail.jpg', 'small_url': 'https://images4-f.ravelrycache.com/uploads/ShainaBilow/881017879/IMG_8995_small.jpg', 'flickr_url': None, 'shelved_url': 'https://images4-g.ravelrycache.com/uploads/ShainaBilow/881017879/IMG_8995_shelved.jpg', 'medium2_url': 'https://images4-a.ravelrycache.com/uploads/ShainaBilow/881017879/IMG_8995_medium2.jpg', 'small2_url': 'https://images4-g.ravelrycache.com/uploads/ShainaBilow/881017879/IMG_8995_small2.jpg', 'caption': None, 'caption_html': None, 'copyright_holder': None}, {'id': 116029631, 'sort_order': 5, 'user_id': 23261, 'x_offset': -5, 'y_offset': -35, 'square_url': 'https://images4-f.ravelrycache.com/uploads/ShainaBilow/881017885/IMG_8988_square.jpg', 'medium_url': 'https://images4-g.ravelrycache.com/uploads/ShainaBilow/881017885/IMG_8988_medium.jpg', 'thumbnail_url': 'https://images4-f.ravelrycache.com/uploads/ShainaBilow/881017885/IMG_8988_thumbnail.jpg', 'small_url': 'https://images4-g.ravelrycache.com/uploads/ShainaBilow/881017885/IMG_8988_small.jpg', 'flickr_url': None, 'shelved_url': 'https://images4-g.ravelrycache.com/uploads/ShainaBilow/881017885/IMG_8988_shelved.jpg', 'medium2_url': 'https://images4-a.ravelrycache.com/uploads/ShainaBilow/881017885/IMG_8988_medium2.jpg', 'small2_url': 'https://images4-f.ravelrycache.com/uploads/ShainaBilow/881017885/IMG_8988_small2.jpg', 'caption': None, 'caption_html': None, 'copyright_holder': None}, {'id': 116029632, 'sort_order': 6, 'user_id': 23261, 'x_offset': -5, 'y_offset': -35, 'square_url': 'https://images4-f.ravelrycache.com/uploads/ShainaBilow/881017878/IMG_8994_square.jpg', 'medium_url': 'https://images4-g.ravelrycache.com/uploads/ShainaBilow/881017878/IMG_8994_medium.jpg', 'thumbnail_url': 'https://images4-f.ravelrycache.com/uploads/ShainaBilow/881017878/IMG_8994_thumbnail.jpg', 'small_url': 'https://images4-g.ravelrycache.com/uploads/ShainaBilow/881017878/IMG_8994_small.jpg', 'flickr_url': None, 'shelved_url': 'https://images4-f.ravelrycache.com/uploads/ShainaBilow/881017878/IMG_8994_shelved.jpg', 'medium2_url': 'https://images4-a.ravelrycache.com/uploads/ShainaBilow/881017878/IMG_8994_medium2.jpg', 'small2_url': 'https://images4-f.ravelrycache.com/uploads/ShainaBilow/881017878/IMG_8994_small2.jpg', 'caption': None, 'caption_html': None, 'copyright_holder': None}, {'id': 116029633, 'sort_order': 7, 'user_id': 23261, 'x_offset': -5, 'y_offset': -35, 'square_url': 'https://images4-f.ravelrycache.com/uploads/ShainaBilow/881017889/IMG_8983_square.jpg', 'medium_url': 'https://images4-g.ravelrycache.com/uploads/ShainaBilow/881017889/IMG_8983_medium.jpg', 'thumbnail_url': 'https://images4-f.ravelrycache.com/uploads/ShainaBilow/881017889/IMG_8983_thumbnail.jpg', 'small_url': 'https://images4-g.ravelrycache.com/uploads/ShainaBilow/881017889/IMG_8983_small.jpg', 'flickr_url': None, 'shelved_url': 'https://images4-g.ravelrycache.com/uploads/ShainaBilow/881017889/IMG_8983_shelved.jpg', 'medium2_url': 'https://images4-a.ravelrycache.com/uploads/ShainaBilow/881017889/IMG_8983_medium2.jpg', 'small2_url': 'https://images4-f.ravelrycache.com/uploads/ShainaBilow/881017889/IMG_8983_small2.jpg', 'caption': None, 'caption_html': None, 'copyright_holder': None}, {'id': 116029634, 'sort_order': 8, 'user_id': 23261, 'x_offset': -5, 'y_offset': -35, 'square_url': 'https://images4-g.ravelrycache.com/uploads/ShainaBilow/881017877/IMG_8973_square.jpg', 'medium_url': 'https://images4-f.ravelrycache.com/uploads/ShainaBilow/881017877/IMG_8973_medium.jpg', 'thumbnail_url': 'https://images4-f.ravelrycache.com/uploads/ShainaBilow/881017877/IMG_8973_thumbnail.jpg', 'small_url': 'https://images4-g.ravelrycache.com/uploads/ShainaBilow/881017877/IMG_8973_small.jpg', 'flickr_url': None, 'shelved_url': 'https://images4-f.ravelrycache.com/uploads/ShainaBilow/881017877/IMG_8973_shelved.jpg', 'medium2_url': 'https://images4-a.ravelrycache.com/uploads/ShainaBilow/881017877/IMG_8973_medium2.jpg', 'small2_url': 'https://images4-g.ravelrycache.com/uploads/ShainaBilow/881017877/IMG_8973_small2.jpg', 'caption': None, 'caption_html': None, 'copyright_holder': None}]"
Whisper After Dark,Jennifer Shiels Toland,1279401,https://www.ravelry.com/patterns/library/whisper-after-dark,False,https://images4-a.ravelrycache.com/uploads/JSTDesigns/880666845/IMG_3536_medium2.jpg,Knitting,"['oversized', 'fitted', 'lace', 'circular-yoke', 'waist', '3-4-sleeve', 'long-sleeve', 'short-sleeve', 'straight', 'one-piece', 'seamless', 'short-rows', 'top-down', 'mock-turtleneck', 'positive-ease', 'written-pattern', 'video-tutorial', 'in-the-round']",20.0,5.0,True,4.0,Stocking stitch in the round on Needle B both yarns held together,pullover,DK,28,5.0,"1 (2, 3, 4, 5) (6, 7, 8, 9) Finished chest circumference:  80 (90, 102 ,110, 119.5) (129.5, 139.5, 148.5, 156.5)cm 32 (36, 40.75, 44, 47.75) (51.75, 55.75, 59.25, 62.5)”","[{'id': 116033774, 'sort_order': 1, 'user_id': 5149182, 'x_offset': 0, 'y_offset': -37, 'square_url': 'https://images4-g.ravelrycache.com/uploads/JSTDesigns/880666845/IMG_3536_square.jpg', 'medium_url': 'https://images4-f.ravelrycache.com/uploads/JSTDesigns/880666845/IMG_3536_medium.jpg', 'thumbnail_url': 'https://images4-f.ravelrycache.com/uploads/JSTDesigns/880666845/IMG_3536_thumbnail.jpg', 'small_url': 'https://images4-g.ravelrycache.com/uploads/JSTDesigns/880666845/IMG_3536_small_best_fit.jpg', 'flickr_url': None, 'shelved_url': 'https://images4-f.ravelrycache.com/uploads/JSTDesigns/880666845/IMG_3536_shelved.jpg', 'medium2_url': 'https://images4-a.ravelrycache.com/uploads/JSTDesigns/880666845/IMG_3536_medium2.jpg', 'small2_url': 'https://images4-g.ravelrycache.com/uploads/JSTDesigns/880666845/IMG_3536_small2.jpg', 'caption': 'Short sleeves: 5.75cm/ 2.25"" long', 'caption_html': 'Short sleeves: 5.75cm/ 2.25"" long', 'copyright_holder': ''}, {'id': 116226533, 'sort_order': 2, 'user_id': 5149182, 'x_offset': -3, 'y_offset': -44, 'square_url': 'https://images4-g.ravelrycache.com/uploads/JSTDesigns/882596756/3AE7A3BC-ED10-4058-8125-78A209D163E8_square.jpeg', 'medium_url': 'https://images4-g.ravelrycache.com/uploads/JSTDesigns/882596756/3AE7A3BC-ED10-4058-8125-78A209D163E8_medium.jpeg', 'thumbnail_url': 'https://images4-g.ravelrycache.com/uploads/JSTDesigns/882596756/3AE7A3BC-ED10-4058-8125-78A209D163E8_thumbnail.jpeg', 'small_url': 'https://images4-f.ravelrycache.com/uploads/JSTDesigns/882596756/3AE7A3BC-ED10-4058-8125-78A209D163E8_small.jpeg', 'flickr_url': None, 'shelved_url': 'https://images4-f.ravelrycache.com/uploads/JSTDesigns/882596756/3AE7A3BC-ED10-4058-8125-78A209D163E8_shelved.jpeg', 'medium2_url': 'https://images4-a.ravelrycache.com/uploads/JSTDesigns/882596756/3AE7A3BC-ED10-4058-8125-78A209D163E8_medium2.jpeg', 'small2_url': 'https://images4-f.ravelrycache.com/uploads/JSTDesigns/882596756/3AE7A3BC-ED10-4058-8125-78A209D163E8_small2.jpeg', 'caption': None, 'caption_html': None, 'copyright_holder': None}, {'id': 116033782, 'sort_order': 3, 'user_id': 5149182, 'x_offset': 0, 'y_offset': 0, 'square_url': 'https://images4-g.ravelrycache.com/uploads/JSTDesigns/880499808/WAD7_square.jpg', 'medium_url': 'https://images4-f.ravelrycache.com/uploads/JSTDesigns/880499808/WAD7_medium.jpg', 'thumbnail_url': 'https://images4-f.ravelrycache.com/uploads/JSTDesigns/880499808/WAD7_thumbnail.jpg', 'small_url': 'https://images4-g.ravelrycache.com/uploads/JSTDesigns/880499808/WAD7_small_best_fit.jpg', 'flickr_url': None, 'shelved_url': 'https://images4-g.ravelrycache.com/uploads/JSTDesigns/880499808/WAD7_shelved.jpg', 'medium2_url': 'https://images4-a.ravelrycache.com/uploads/JSTDesigns/880499808/WAD7_medium2.jpg', 'small2_url': 'https://images4-g.ravelrycache.com/uploads/JSTDesigns/880499808/WAD7_small2.jpg', 'caption': None, 'caption_html': None, 'copyright_holder': None}, {'id': 116109312, 'sort_order': 4, 'user_id': 5149182, 'x_offset': -8, 'y_offset': -2, 'square_url': 'https://images4-g.ravelrycache.com/uploads/JSTDesigns/881657659/A4773592-6313-4486-8DE7-109D0DA5132E_square.jpeg', 'medium_url': 'https://images4-g.ravelrycache.com/uploads/JSTDesigns/881657659/A4773592-6313-4486-8DE7-109D0DA5132E_medium.jpeg', 'thumbnail_url': 'https://images4-f.ravelrycache.com/uploads/JSTDesigns/881657659/A4773592-6313-4486-8DE7-109D0DA5132E_thumbnail.jpeg', 'small_url': 'https://images4-f.ravelrycache.com/uploads/JSTDesigns/881657659/A4773592-6313-4486-8DE7-109D0DA5132E_small_best_fit.jpeg', 'flickr_url': None, 'shelved_url': 'https://images4-g.ravelrycache.com/uploads/JSTDesigns/881657659/A4773592-6313-4486-8DE7-109D0DA5132E_shelved.jpeg', 'medium2_url': 'https://images4-a.ravelrycache.com/uploads/JSTDesigns/881657659/A4773592-6313-4486-8DE7-109D0DA5132E_medium2.jpeg', 'small2_url': 'https://images4-f.ravelrycache.com/uploads/JSTDesigns/881657659/A4773592-6313-4486-8DE7-109D0DA5132E_small2.jpeg', 'caption': None, 'caption_html': None, 'copyright_holder': None}, {'id': 116033776, 'sort_order': 5, 'user_id': 5149182, 'x_offset': -1, 'y_offset': -4, 'square_url': 'https://images4-f.ravelrycache.com/uploads/JSTDesigns/880764462/IMG_3536_2_square.jpg', 'medium_url': 'https://images4-g.ravelrycache.com/uploads/JSTDesigns/880764462/IMG_3536_2_medium.jpg', 'thumbnail_url': 'https://images4-f.ravelrycache.com/uploads/JSTDesigns/880764462/IMG_3536_2_thumbnail.jpg', 'small_url': 'https://images4-g.ravelrycache.com/uploads/JSTDesigns/880764462/IMG_3536_2_small_best_fit.jpg', 'flickr_url': None, 'shelved_url': 'https://images4-g.ravelrycache.com/uploads/JSTDesigns/880764462/IMG_3536_2_shelved.jpg', 'medium2_url': 'https://images4-a.ravelrycache.com/uploads/JSTDesigns/880764462/IMG_3536_2_medium2.jpg', 'small2_url': 'https://images4-f.ravelrycache.com/uploads/JSTDesigns/880764462/IMG_3536_2_small2.jpg', 'caption': None, 'caption_html': None, 'copyright_holder': None}, {'id': 116033778, 'sort_order': 6, 'user_id': 5149182, 'x_offset': 0, 'y_offset': 0, 'square_url': 'https://images4-f.ravelrycache.com/uploads/JSTDesigns/880763186/WADback_square.jpg', 'medium_url': 'https://images4-g.ravelrycache.com/uploads/JSTDesigns/880763186/WADback_medium.jpg', 'thumbnail_url': 'https://images4-g.ravelrycache.com/uploads/JSTDesigns/880763186/WADback_thumbnail.jpg', 'small_url': 'https://images4-f.ravelrycache.com/uploads/JSTDesigns/880763186/WADback_small_best_fit.jpg', 'flickr_url': None, 'shelved_url': 'https://images4-f.ravelrycache.com/uploads/JSTDesigns/880763186/WADback_shelved.jpg', 'medium2_url': 'https://images4-a.ravelrycache.com/uploads/JSTDesigns/880763186/WADback_medium2.jpg', 'small2_url': 'https://images4-f.ravelrycache.com/uploads/JSTDesigns/880763186/WADback_small2.jpg', 'caption': None, 'caption_html': None, 'copyright_holder': None}, {'id': 116033781, 'sort_order': 7, 'user_id': 5149182, 'x_offset': 0, 'y_offset': 0, 'square_url': 'https://images4-f.ravelrycache.com/uploads/JSTDesigns/880825760/IMG_3623_2_square.jpg', 'medium_url': 'https://images4-g.ravelrycache.com/uploads/JSTDesigns/880825760/IMG_3623_2_medium.jpg', 'thumbnail_url': 'https://images4-f.ravelrycache.com/uploads/JSTDesigns/880825760/IMG_3623_2_thumbnail.jpg', 'small_url': 'https://images4-g.ravelrycache.com/uploads/JSTDesigns/880825760/IMG_3623_2_small_best_fit.jpg', 'flickr_url': None, 'shelved_url': 'https://images4-g.ravelrycache.com/uploads/JSTDesigns/880825760/IMG_3623_2_shelved.jpg', 'medium2_url': 'https://images4-a.ravelrycache.com/uploads/JSTDesigns/880825760/IMG_3623_2_medium2.jpg', 'small2_url': 'https://images4-f.ravelrycache.com/uploads/JSTDesigns/880825760/IMG_3623_2_small2.jpg', 'caption': 'Shorts sleeves: 10.75cm/ 4.25"" long', 'caption_html': 'Shorts sleeves: 10.75cm/ 4.25"" long', 'copyright_holder': ''}, {'id': 116033785, 'sort_order': 8, 'user_id': 5149182, 'x_offset': -5, 'y_offset': -35, 'square_url': 'https://images4-f.ravelrycache.com/uploads/JSTDesigns/880499817/WAD6_square.JPG', 'medium_url': 'https://images4-g.ravelrycache.com/uploads/JSTDesigns/880499817/WAD6_medium.JPG', 'thumbnail_url': 'https://images4-g.ravelrycache.com/uploads/JSTDesigns/880499817/WAD6_thumbnail.JPG', 'small_url': 'https://images4-f.ravelrycache.com/uploads/JSTDesigns/880499817/WAD6_small.JPG', 'flickr_url': None, 'shelved_url': 'https://images4-g.ravelrycache.com/uploads/JSTDesigns/880499817/WAD6_shelved.JPG', 'medium2_url': 'https://images4-a.ravelrycache.com/uploads/JSTDesigns/880499817/WAD6_medium2.JPG', 'small2_url': 'https://images4-f.ravelrycache.com/uploads/JSTDesigns/880499817/WAD6_small2.JPG', 'caption': 'Long sleeves version with slightly deeper cuffs and neck of 5cm/ 2""', 'caption_html': 'Long sleeves version with slightly deeper cuffs and neck of 5cm/ 2""', 'copyright_holder': ''}, {'id': 126707595, 'sort_order': 9, 'user_id': 5149182, 'x_offset': 0, 'y_offset': -23, 'square_url': 'https://images4-g.ravelrycache.com/uploads/JSTDesigns/967364099/IMG_6656_square.jpeg', 'medium_url': 'https://images4-g.ravelrycache.com/uploads/JSTDesigns/967364099/IMG_6656_medium.jpeg', 'thumbnail_url': 'https://images4-g.ravelrycache.com/uploads/JSTDesigns/967364099/IMG_6656_thumbnail.jpeg', 'small_url': 'https://images4-g.ravelrycache.com/uploads/JSTDesigns/967364099/IMG_6656_small_best_fit.jpeg', 'flickr_url': None, 'shelved_url': 'https://images4-f.ravelrycache.com/uploads/JSTDesigns/967364099/IMG_6656_shelved.jpeg', 'medium2_url': 'https://images4-a.ravelrycache.com/uploads/JSTDesigns/967364099/IMG_6656_medium2.jpeg', 'small2_url': 'https://images4-f.ravelrycache.com/uploads/JSTDesigns/967364099/IMG_6656_small2.jpeg', 'caption': 'Longer body - extra 2.5cm/ 1”', 'caption_html': 'Longer body - extra 2.5cm/ 1”', 'copyright_holder': ''}, {'id': 116033789, 'sort_order': 10, 'user_id': 5149182, 'x_offset': 0, 'y_offset': -4, 'square_url': 'https://images4-f.ravelrycache.com/uploads/JSTDesigns/880761982/WAD0_square.jpg', 'medium_url': 'https://images4-g.ravelrycache.com/uploads/JSTDesigns/880761982/WAD0_medium.jpg', 'thumbnail_url': 'https://images4-g.ravelrycache.com/uploads/JSTDesigns/880761982/WAD0_thumbnail.jpg', 'small_url': 'https://images4-g.ravelrycache.com/uploads/JSTDesigns/880761982/WAD0_small_best_fit.jpg', 'flickr_url': None, 'shelved_url': 'https://images4-g.ravelrycache.com/uploads/JSTDesigns/880761982/WAD0_shelved.jpg', 'medium2_url': 'https://images4-a.ravelrycache.com/uploads/JSTDesigns/880761982/WAD0_medium2.jpg', 'small2_url': 'https://images4-f.ravelrycache.com/uploads/JSTDesigns/880761982/WAD0_small2.jpg', 'caption': None, 'caption_html': None, 'copyright_holder': None}, {'id': 116033775, 'sort_order': 11, 'user_id': 5149182, 'x_offset': 0, 'y_offset': -18, 'square_url': 'https://images4-g.ravelrycache.com/uploads/JSTDesigns/880968703/WAD_Hang_square.jpg', 'medium_url': 'https://images4-f.ravelrycache.com/uploads/JSTDesigns/880968703/WAD_Hang_medium.jpg', 'thumbnail_url': 'https://images4-g.ravelrycache.com/uploads/JSTDesigns/880968703/WAD_Hang_thumbnail.jpg', 'small_url': 'https://images4-f.ravelrycache.com/uploads/JSTDesigns/880968703/WAD_Hang_small_best_fit.jpg', 'flickr_url': None, 'shelved_url': 'https://images4-f.ravelrycache.com/uploads/JSTDesigns/880968703/WAD_Hang_shelved.jpg', 'medium2_url': 'https://images4-a.ravelrycache.com/uploads/JSTDesigns/880968703/WAD_Hang_medium2.jpg', 'small2_url': 'https://images4-g.ravelrycache.com/uploads/JSTDesigns/880968703/WAD_Hang_small2.jpg', 'caption': None, 'caption_html': None, 'copyright_holder': None}, {'id': 116033777, 'sort_order': 12, 'user_id': 5149182, 'x_offset': -5, 'y_offset': -35, 'square_url': 'https://images4-f.ravelrycache.com/uploads/JSTDesigns/880499821/WAD_H1_square.jpg', 'medium_url': 'https://images4-g.ravelrycache.com/uploads/JSTDesigns/880499821/WAD_H1_medium.jpg', 'thumbnail_url': 'https://images4-f.ravelrycache.com/uploads/JSTDesigns/880499821/WAD_H1_thumbnail.jpg', 'small_url': 'https://images4-g.ravelrycache.com/uploads/JSTDesigns/880499821/WAD_H1_small.jpg', 'flickr_url': None, 'shelved_url': 'https://images4-f.ravelrycache.com/uploads/JSTDesigns/880499821/WAD_H1_shelved.jpg', 'medium2_url': 'https://images4-a.ravelrycache.com/uploads/JSTDesigns/880499821/WAD_H1_medium2.jpg', 'small2_url': 'https://images4-f.ravelrycache.com/uploads/JSTDesigns/880499821/WAD_H1_small2.jpg', 'caption': None, 'caption_html': None, 'copyright_holder': None}]"
Meadow Crew Neck Sweater,Dee Hardwicke,1279414,https://www.ravelry.com/patterns/library/meadow-crew-neck-sweater,False,https://images4-a.ravelrycache.com/uploads/lainemagazine/880030146/pbD76aps_medium2.jpeg,Knitting,"['stranded', 'bottom-up', 'chart', 'written-pattern', 'in-the-round', 'stripes-colorwork']",27.0,5.0,False,4.0," over pattern, with 3.5mm (US 4) needles",pullover,DK,7,4.666666666666667,"1 (2, 3, 4, 5) (6, 7, 8, 9) (10, 11, 12, 13)","[{'id': 116034232, 'sort_order': 1, 'user_id': 6870824, 'x_offset': 0, 'y_offset': -43, 'square_url': 'https://images4-g.ravelrycache.com/uploads/lainemagazine/880030146/pbD76aps_square.jpeg', 'medium_url': 'https://images4-g.ravelrycache.com/uploads/lainemagazine/880030146/pbD76aps_medium.jpeg', 'thumbnail_url': 'https://images4-g.ravelrycache.com/uploads/lainemagazine/880030146/pbD76aps_thumbnail.jpeg', 'small_url': 'https://images4-f.ravelrycache.com/uploads/lainemagazine/880030146/pbD76aps_small_best_fit.jpeg', 'flickr_url': None, 'shelved_url': 'https://images4-f.ravelrycache.com/uploads/lainemagazine/880030146/pbD76aps_shelved.jpeg', 'medium2_url': 'https://images4-a.ravelrycache.com/uploads/lainemagazine/880030146/pbD76aps_medium2.jpeg', 'small2_url': 'https://images4-f.ravelrycache.com/uploads/lainemagazine/880030146/pbD76aps_small2.jpeg', 'caption': None, 'caption_html': None, 'copyright_holder': 'Laine Publishing'}, {'id': 116034233, 'sort_order': 2, 'user_id': 6870824, 'x_offset': 0, 'y_offset': -43, 'square_url': 'https://images4-f.ravelrycache.com/uploads/lainemagazine/880030148/ohd68KO4_square.jpeg', 'medium_url': 'https://images4-f.ravelrycache.com/uploads/lainemagazine/880030148/ohd68KO4_medium.jpeg', 'thumbnail_url': 'https://images4-g.ravelrycache.com/uploads/lainemagazine/880030148/ohd68KO4_thumbnail.jpeg', 'small_url': 'https://images4-f.ravelrycache.com/uploads/lainemagazine/880030148/ohd68KO4_small_best_fit.jpeg', 'flickr_url': None, 'shelved_url': 'https://images4-f.ravelrycache.com/uploads/lainemagazine/880030148/ohd68KO4_shelved.jpeg', 'medium2_url': 'https://images4-a.ravelrycache.com/uploads/lainemagazine/880030148/ohd68KO4_medium2.jpeg', 'small2_url': 'https://images4-g.ravelrycache.com/uploads/lainemagazine/880030148/ohd68KO4_small2.jpeg', 'caption': None, 'caption_html': None, 'copyright_holder': 'Laine Publishing'}, {'id': 116034234, 'sort_order': 3, 'user_id': 6870824, 'x_offset': 0, 'y_offset': -33, 'square_url': 'https://images4-g.ravelrycache.com/uploads/lainemagazine/880030145/YbCvaM7E_square.jpeg', 'medium_url': 'https://images4-g.ravelrycache.com/uploads/lainemagazine/880030145/YbCvaM7E_medium.jpeg', 'thumbnail_url': 'https://images4-f.ravelrycache.com/uploads/lainemagazine/880030145/YbCvaM7E_thumbnail.jpeg', 'small_url': 'https://images4-f.ravelrycache.com/uploads/lainemagazine/880030145/YbCvaM7E_small_best_fit.jpeg', 'flickr_url': None, 'shelved_url': 'https://images4-g.ravelrycache.com/uploads/lainemagazine/880030145/YbCvaM7E_shelved.jpeg', 'medium2_url': 'https://images4-a.ravelrycache.com/uploads/lainemagazine/880030145/YbCvaM7E_medium2.jpeg', 'small2_url': 'https://images4-f.ravelrycache.com/uploads/lainemagazine/880030145/YbCvaM7E_small2.jpeg', 'caption': None, 'caption_html': None, 'copyright_holder': 'Laine Publishing'}, {'id': 116034235, 'sort_order': 4, 'user_id': 6870824, 'x_offset': 0, 'y_offset': -43, 'square_url': 'https://images4-g.ravelrycache.com/uploads/lainemagazine/880030156/5-felaoA_square.jpeg', 'medium_url': 'https://images4-g.ravelrycache.com/uploads/lainemagazine/880030156/5-felaoA_medium.jpeg', 'thumbnail_url': 'https://images4-g.ravelrycache.com/uploads/lainemagazine/880030156/5-felaoA_thumbnail.jpeg', 'small_url': 'https://images4-f.ravelrycache.com/uploads/lainemagazine/880030156/5-felaoA_small_best_fit.jpeg', 'flickr_url': None, 'shelved_url': 'https://images4-g.ravelrycache.com/uploads/lainemagazine/880030156/5-felaoA_shelved.jpeg', 'medium2_url': 'https://images4-a.ravelrycache.com/uploads/lainemagazine/880030156/5-felaoA_medium2.jpeg', 'small2_url': 'https://images4-f.ravelrycache.com/uploads/lainemagazine/880030156/5-felaoA_small2.jpeg', 'caption': None, 'caption_html': None, 'copyright_holder': 'Laine Publishing'}]"
Metsänpeitto kesä,Jenna K.,1279456,https://www.ravelry.com/patterns/library/metsanpeitto-kesa,False,https://images4-a.ravelrycache.com/uploads/Ihtiriekkoknits/881067212/IMG_0169_b_medium2.jpg,Knitting,"['stranded', 'finnish', 'circular-yoke']",26.0,0.0,True,4.0,stockinette stitch,pullover,Fingering,4,0.0,"XS (S, M, L, XL, 2XL, 3XL 4XL)","[{'id': 116036052, 'sort_order': 1, 'user_id': 8826868, 'x_offset': -43, 'y_offset': 0, 'square_url': 'https://images4-f.ravelrycache.com/uploads/Ihtiriekkoknits/881067212/IMG_0169_b_square.jpg', 'medium_url': 'https://images4-g.ravelrycache.com/uploads/Ihtiriekkoknits/881067212/IMG_0169_b_medium.jpg', 'thumbnail_url': 'https://images4-g.ravelrycache.com/uploads/Ihtiriekkoknits/881067212/IMG_0169_b_thumbnail.jpg', 'small_url': 'https://images4-f.ravelrycache.com/uploads/Ihtiriekkoknits/881067212/IMG_0169_b_small_best_fit.jpg', 'flickr_url': None, 'shelved_url': 'https://images4-g.ravelrycache.com/uploads/Ihtiriekkoknits/881067212/IMG_0169_b_shelved.jpg', 'medium2_url': 'https://images4-a.ravelrycache.com/uploads/Ihtiriekkoknits/881067212/IMG_0169_b_medium2.jpg', 'small2_url': 'https://images4-f.ravelrycache.com/uploads/Ihtiriekkoknits/881067212/IMG_0169_b_small2.jpg', 'caption': None, 'caption_html': None, 'copyright_holder': None}, {'id': 116036053, 'sort_order': 2, 'user_id': 8826868, 'x_offset': -43, 'y_offset': 0, 'square_url': 'https://images4-g.ravelrycache.com/uploads/Ihtiriekkoknits/881067209/IMG_0096_b_square.jpg', 'medium_url': 'https://images4-f.ravelrycache.com/uploads/Ihtiriekkoknits/881067209/IMG_0096_b_medium.jpg', 'thumbnail_url': 'https://images4-g.ravelrycache.com/uploads/Ihtiriekkoknits/881067209/IMG_0096_b_thumbnail.jpg', 'small_url': 'https://images4-g.ravelrycache.com/uploads/Ihtiriekkoknits/881067209/IMG_0096_b_small_best_fit.jpg', 'flickr_url': None, 'shelved_url': 'https://images4-g.ravelrycache.com/uploads/Ihtiriekkoknits/881067209/IMG_0096_b_shelved.jpg', 'medium2_url': 'https://images4-a.ravelrycache.com/uploads/Ihtiriekkoknits/881067209/IMG_0096_b_medium2.jpg', 'small2_url': 'https://images4-g.ravelrycache.com/uploads/Ihtiriekkoknits/881067209/IMG_0096_b_small2.jpg', 'caption': None, 'caption_html': None, 'copyright_holder': None}, {'id': 116036054, 'sort_order': 3, 'user_id': 8826868, 'x_offset': -43, 'y_offset': 0, 'square_url': 'https://images4-g.ravelrycache.com/uploads/Ihtiriekkoknits/881067211/IMG_0475_b_square.jpg', 'medium_url': 'https://images4-f.ravelrycache.com/uploads/Ihtiriekkoknits/881067211/IMG_0475_b_medium.jpg', 'thumbnail_url': 'https://images4-f.ravelrycache.com/uploads/Ihtiriekkoknits/881067211/IMG_0475_b_thumbnail.jpg', 'small_url': 'https://images4-f.ravelrycache.com/uploads/Ihtiriekkoknits/881067211/IMG_0475_b_small_best_fit.jpg', 'flickr_url': None, 'shelved_url': 'https://images4-f.ravelrycache.com/uploads/Ihtiriekkoknits/881067211/IMG_0475_b_shelved.jpg', 'medium2_url': 'https://images4-a.ravelrycache.com/uploads/Ihtiriekkoknits/881067211/IMG_0475_b_medium2.jpg', 'small2_url': 'https://images4-g.ravelrycache.com/uploads/Ihtiriekkoknits/881067211/IMG_0475_b_small2.jpg', 'caption': None, 'caption_html': None, 'copyright_holder': None}, {'id': 116036055, 'sort_order': 4, 'user_id': 8826868, 'x_offset': -43, 'y_offset': 0, 'square_url': 'https://images4-g.ravelrycache.com/uploads/Ihtiriekkoknits/881067210/IMG_0175_square.JPG', 'medium_url': 'https://images4-f.ravelrycache.com/uploads/Ihtiriekkoknits/881067210/IMG_0175_medium.JPG', 'thumbnail_url': 'https://images4-f.ravelrycache.com/uploads/Ihtiriekkoknits/881067210/IMG_0175_thumbnail.JPG', 'small_url': 'https://images4-f.ravelrycache.com/uploads/Ihtiriekkoknits/881067210/IMG_0175_small_best_fit.JPG', 'flickr_url': None, 'shelved_url': 'https://images4-g.ravelrycache.com/uploads/Ihtiriekkoknits/881067210/IMG_0175_shelved.JPG', 'medium2_url': 'https://images4-a.ravelrycache.com/uploads/Ihtiriekkoknits/881067210/IMG_0175_medium2.JPG', 'small2_url': 'https://images4-g.ravelrycache.com/uploads/Ihtiriekkoknits/881067210/IMG_0175_small2.JPG', 'caption': None, 'caption_html': None, 'copyright_holder': None}, {'id': 116036056, 'sort_order': 5, 'user_id': 8826868, 'x_offset': -43, 'y_offset': 0, 'square_url': 'https://images4-g.ravelrycache.com/uploads/Ihtiriekkoknits/881067213/IMG_0109_b_square.jpg', 'medium_url': 'https://images4-f.ravelrycache.com/uploads/Ihtiriekkoknits/881067213/IMG_0109_b_medium.jpg', 'thumbnail_url': 'https://images4-f.ravelrycache.com/uploads/Ihtiriekkoknits/881067213/IMG_0109_b_thumbnail.jpg', 'small_url': 'https://images4-f.ravelrycache.com/uploads/Ihtiriekkoknits/881067213/IMG_0109_b_small_best_fit.jpg', 'flickr_url': None, 'shelved_url': 'https://images4-g.ravelrycache.com/uploads/Ihtiriekkoknits/881067213/IMG_0109_b_shelved.jpg', 'medium2_url': 'https://images4-a.ravelrycache.com/uploads/Ihtiriekkoknits/881067213/IMG_0109_b_medium2.jpg', 'small2_url': 'https://images4-g.ravelrycache.com/uploads/Ihtiriekkoknits/881067213/IMG_0109_b_small2.jpg', 'caption': None, 'caption_html': None, 'copyright_holder': None}]"
Nr. 5 Kelly Sweater Kids,Sandnes Design,1279881,https://www.ravelry.com/patterns/library/nr-5-kelly-sweater-kids,False,https://images4-a.ravelrycache.com/uploads/mfrengen/881327134/0794E12B-F336-4B56-837E-285AD561F869_medium2.jpeg,Knitting,"['unisex', 'toddler', 'child', 'raglan-sleeve', 'top-down', 'worked-flat', 'in-the-round']",21.0,0.0,True,4.0,,child,Fingering,3,0.0, 2 years (4 years) 6 years (8 years) 10 years (12 years ),"[{'id': 116068896, 'sort_order': 1, 'user_id': 6152382, 'x_offset': -3, 'y_offset': -51, 'square_url': 'https://images4-f.ravelrycache.com/uploads/mfrengen/881327134/0794E12B-F336-4B56-837E-285AD561F869_square.jpeg', 'medium_url': 'https://images4-f.ravelrycache.com/uploads/mfrengen/881327134/0794E12B-F336-4B56-837E-285AD561F869_medium.jpeg', 'thumbnail_url': 'https://images4-g.ravelrycache.com/uploads/mfrengen/881327134/0794E12B-F336-4B56-837E-285AD561F869_thumbnail.jpeg', 'small_url': 'https://images4-f.ravelrycache.com/uploads/mfrengen/881327134/0794E12B-F336-4B56-837E-285AD561F869_small.jpeg', 'flickr_url': None, 'shelved_url': 'https://images4-f.ravelrycache.com/uploads/mfrengen/881327134/0794E12B-F336-4B56-837E-285AD561F869_shelved.jpeg', 'medium2_url': 'https://images4-a.ravelrycache.com/uploads/mfrengen/881327134/0794E12B-F336-4B56-837E-285AD561F869_medium2.jpeg', 'small2_url': 'https://images4-g.ravelrycache.com/uploads/mfrengen/881327134/0794E12B-F336-4B56-837E-285AD561F869_small2.jpeg', 'caption': None, 'caption_html': None, 'copyright_holder': None}, {'id': 116068897, 'sort_order': 2, 'user_id': 6152382, 'x_offset': -9, 'y_offset': -69, 'square_url': 'https://images4-f.ravelrycache.com/uploads/mfrengen/881327133/F73F1242-5EB8-42DA-931D-50DB2B87C714_square.jpeg', 'medium_url': 'https://images4-f.ravelrycache.com/uploads/mfrengen/881327133/F73F1242-5EB8-42DA-931D-50DB2B87C714_medium.jpeg', 'thumbnail_url': 'https://images4-g.ravelrycache.com/uploads/mfrengen/881327133/F73F1242-5EB8-42DA-931D-50DB2B87C714_thumbnail.jpeg', 'small_url': 'https://images4-g.ravelrycache.com/uploads/mfrengen/881327133/F73F1242-5EB8-42DA-931D-50DB2B87C714_small.jpeg', 'flickr_url': None, 'shelved_url': 'https://images4-f.ravelrycache.com/uploads/mfrengen/881327133/F73F1242-5EB8-42DA-931D-50DB2B87C714_shelved.jpeg', 'medium2_url': 'https://images4-a.ravelrycache.com/uploads/mfrengen/881327133/F73F1242-5EB8-42DA-931D-50DB2B87C714_medium2.jpeg', 'small2_url': 'https://images4-g.ravelrycache.com/uploads/mfrengen/881327133/F73F1242-5EB8-42DA-931D-50DB2B87C714_small2.jpeg', 'caption': None, 'caption_html': None, 'copyright_holder': None}]"
What a Catch Sweater,Dagmar Øye,1279935,https://www.ravelry.com/patterns/library/what-a-catch-sweater,False,https://images4-a.ravelrycache.com/uploads/Struk/881407240/IMG_5302_medium2.jpg,Knitting,"['adult', 'no-ease', 'textured', 'circular-yoke', 'seamless', 'top-down', 'chart', 'written-pattern', 'in-the-round', 'plus']",,0.0,True,4.0,"Gauge varies for different sizes, see notes",pullover,Fingering,10,0.0,"XS, (S, M, L, 1X, 2X)","[{'id': 116078697, 'sort_order': 1, 'user_id': 1925568, 'x_offset': 0, 'y_offset': 0, 'square_url': 'https://images4-f.ravelrycache.com/uploads/Struk/881407240/IMG_5302_square.jpg', 'medium_url': 'https://images4-g.ravelrycache.com/uploads/Struk/881407240/IMG_5302_medium.jpg', 'thumbnail_url': 'https://images4-g.ravelrycache.com/uploads/Struk/881407240/IMG_5302_thumbnail.jpg', 'small_url': 'https://images4-f.ravelrycache.com/uploads/Struk/881407240/IMG_5302_small_best_fit.jpg', 'flickr_url': None, 'shelved_url': 'https://images4-g.ravelrycache.com/uploads/Struk/881407240/IMG_5302_shelved.jpg', 'medium2_url': 'https://images4-a.ravelrycache.com/uploads/Struk/881407240/IMG_5302_medium2.jpg', 'small2_url': 'https://images4-f.ravelrycache.com/uploads/Struk/881407240/IMG_5302_small2.jpg', 'caption': None, 'caption_html': None, 'copyright_holder': None}, {'id': 116078698, 'sort_order': 2, 'user_id': 1925568, 'x_offset': 0, 'y_offset': 0, 'square_url': 'https://images4-g.ravelrycache.com/uploads/Struk/881407238/IMG_5286_square.jpg', 'medium_url': 'https://images4-f.ravelrycache.com/uploads/Struk/881407238/IMG_5286_medium.jpg', 'thumbnail_url': 'https://images4-f.ravelrycache.com/uploads/Struk/881407238/IMG_5286_thumbnail.jpg', 'small_url': 'https://images4-g.ravelrycache.com/uploads/Struk/881407238/IMG_5286_small_best_fit.jpg', 'flickr_url': None, 'shelved_url': 'https://images4-f.ravelrycache.com/uploads/Struk/881407238/IMG_5286_shelved.jpg', 'medium2_url': 'https://images4-a.ravelrycache.com/uploads/Struk/881407238/IMG_5286_medium2.jpg', 'small2_url': 'https://images4-g.ravelrycache.com/uploads/Struk/881407238/IMG_5286_small2.jpg', 'caption': None, 'caption_html': None, 'copyright_holder': None}, {'id': 116078699, 'sort_order': 3, 'user_id': 1925568, 'x_offset': 0, 'y_offset': 0, 'square_url': 'https://images4-g.ravelrycache.com/uploads/Struk/881407239/IMG_5276_square.jpg', 'medium_url': 'https://images4-f.ravelrycache.com/uploads/Struk/881407239/IMG_5276_medium.jpg', 'thumbnail_url': 'https://images4-g.ravelrycache.com/uploads/Struk/881407239/IMG_5276_thumbnail.jpg', 'small_url': 'https://images4-f.ravelrycache.com/uploads/Struk/881407239/IMG_5276_small_best_fit.jpg', 'flickr_url': None, 'shelved_url': 'https://images4-g.ravelrycache.com/uploads/Struk/881407239/IMG_5276_shelved.jpg', 'medium2_url': 'https://images4-a.ravelrycache.com/uploads/Struk/881407239/IMG_5276_medium2.jpg', 'small2_url': 'https://images4-g.ravelrycache.com/uploads/Struk/881407239/IMG_5276_small2.jpg', 'caption': None, 'caption_html': None, 'copyright_holder': None}]"
Jersey Trashumancia,Carmen Garcia de Mora,1280037,https://www.ravelry.com/patterns/library/jersey-trashumancia,False,https://images4-a.ravelrycache.com/uploads/carmengarciadmora/881474917/CGM_TRASHUMANCIA1836_medium2.jpg,Knitting,"['textured', 'circular-yoke', 'one-piece', 'seamless', 'short-rows', 'top-down', 'positive-ease', 'chart', 'written-pattern', 'in-the-round']",24.0,4.5,True,4.0,4,pullover,Sport,14,4.75,"TALLAS 1 (2, 3, 4, 5) Medidas finales de prenda con una holgura de entre 10 y 20 cm en el contorno de pecho. Contorno: 100 (110, 120, 130, 140) cm.","[{'id': 116090027, 'sort_order': 1, 'user_id': 1007801, 'x_offset': 0, 'y_offset': 0, 'square_url': 'https://images4-f.ravelrycache.com/uploads/carmengarciadmora/881474917/CGM_TRASHUMANCIA1836_square.jpg', 'medium_url': 'https://images4-g.ravelrycache.com/uploads/carmengarciadmora/881474917/CGM_TRASHUMANCIA1836_medium.jpg', 'thumbnail_url': 'https://images4-f.ravelrycache.com/uploads/carmengarciadmora/881474917/CGM_TRASHUMANCIA1836_thumbnail.jpg', 'small_url': 'https://images4-g.ravelrycache.com/uploads/carmengarciadmora/881474917/CGM_TRASHUMANCIA1836_small_best_fit.jpg', 'flickr_url': None, 'shelved_url': 'https://images4-f.ravelrycache.com/uploads/carmengarciadmora/881474917/CGM_TRASHUMANCIA1836_shelved.jpg', 'medium2_url': 'https://images4-a.ravelrycache.com/uploads/carmengarciadmora/881474917/CGM_TRASHUMANCIA1836_medium2.jpg', 'small2_url': 'https://images4-f.ravelrycache.com/uploads/carmengarciadmora/881474917/CGM_TRASHUMANCIA1836_small2.jpg', 'caption': None, 'caption_html': None, 'copyright_holder': None}, {'id': 116090028, 'sort_order': 2, 'user_id': 1007801, 'x_offset': 0, 'y_offset': 0, 'square_url': 'https://images4-f.ravelrycache.com/uploads/carmengarciadmora/881474906/CGM_TRASHUMANCIA1746_square.jpg', 'medium_url': 'https://images4-g.ravelrycache.com/uploads/carmengarciadmora/881474906/CGM_TRASHUMANCIA1746_medium.jpg', 'thumbnail_url': 'https://images4-g.ravelrycache.com/uploads/carmengarciadmora/881474906/CGM_TRASHUMANCIA1746_thumbnail.jpg', 'small_url': 'https://images4-g.ravelrycache.com/uploads/carmengarciadmora/881474906/CGM_TRASHUMANCIA1746_small_best_fit.jpg', 'flickr_url': None, 'shelved_url': 'https://images4-f.ravelrycache.com/uploads/carmengarciadmora/881474906/CGM_TRASHUMANCIA1746_shelved.jpg', 'medium2_url': 'https://images4-a.ravelrycache.com/uploads/carmengarciadmora/881474906/CGM_TRASHUMANCIA1746_medium2.jpg', 'small2_url': 'https://images4-f.ravelrycache.com/uploads/carmengarciadmora/881474906/CGM_TRASHUMANCIA1746_small2.jpg', 'caption': None, 'caption_html': None, 'copyright_holder': None}, {'id': 116090029, 'sort_order': 3, 'user_id': 1007801, 'x_offset': 0, 'y_offset': 0, 'square_url': 'https://images4-g.ravelrycache.com/uploads/carmengarciadmora/881474915/CGM_TRASHUMANCIA1830_square.jpg', 'medium_url': 'https://images4-f.ravelrycache.com/uploads/carmengarciadmora/881474915/CGM_TRASHUMANCIA1830_medium.jpg', 'thumbnail_url': 'https://images4-g.ravelrycache.com/uploads/carmengarciadmora/881474915/CGM_TRASHUMANCIA1830_thumbnail.jpg', 'small_url': 'https://images4-f.ravelrycache.com/uploads/carmengarciadmora/881474915/CGM_TRASHUMANCIA1830_small_best_fit.jpg', 'flickr_url': None, 'shelved_url': 'https://images4-g.ravelrycache.com/uploads/carmengarciadmora/881474915/CGM_TRASHUMANCIA1830_shelved.jpg', 'medium2_url': 'https://images4-a.ravelrycache.com/uploads/carmengarciadmora/881474915/CGM_TRASHUMANCIA1830_medium2.jpg', 'small2_url': 'https://images4-g.ravelrycache.com/uploads/carmengarciadmora/881474915/CGM_TRASHUMANCIA1830_small2.jpg', 'caption': None, 'caption_html': None, 'copyright_holder': None}, {'id': 116090030, 'sort_order': 4, 'user_id': 1007801, 'x_offset': 0, 'y_offset': 0, 'square_url': 'https://images4-g.ravelrycache.com/uploads/carmengarciadmora/881474909/CGM_TRASHUMANCIA1788_square.jpg', 'medium_url': 'https://images4-f.ravelrycache.com/uploads/carmengarciadmora/881474909/CGM_TRASHUMANCIA1788_medium.jpg', 'thumbnail_url': 'https://images4-f.ravelrycache.com/uploads/carmengarciadmora/881474909/CGM_TRASHUMANCIA1788_thumbnail.jpg', 'small_url': 'https://images4-f.ravelrycache.com/uploads/carmengarciadmora/881474909/CGM_TRASHUMANCIA1788_small_best_fit.jpg', 'flickr_url': None, 'shelved_url': 'https://images4-g.ravelrycache.com/uploads/carmengarciadmora/881474909/CGM_TRASHUMANCIA1788_shelved.jpg', 'medium2_url': 'https://images4-a.ravelrycache.com/uploads/carmengarciadmora/881474909/CGM_TRASHUMANCIA1788_medium2.jpg', 'small2_url': 'https://images4-g.ravelrycache.com/uploads/carmengarciadmora/881474909/CGM_TRASHUMANCIA1788_small2.jpg', 'caption': None, 'caption_html': None, 'copyright_holder': None}, {'id': 116090031, 'sort_order': 5, 'user_id': 1007801, 'x_offset': 0, 'y_offset': 0, 'square_url': 'https://images4-g.ravelrycache.com/uploads/carmengarciadmora/881474908/CGM_TRASHUMANCIA1842_square.jpg', 'medium_url': 'https://images4-f.ravelrycache.com/uploads/carmengarciadmora/881474908/CGM_TRASHUMANCIA1842_medium.jpg', 'thumbnail_url': 'https://images4-g.ravelrycache.com/uploads/carmengarciadmora/881474908/CGM_TRASHUMANCIA1842_thumbnail.jpg', 'small_url': 'https://images4-g.ravelrycache.com/uploads/carmengarciadmora/881474908/CGM_TRASHUMANCIA1842_small_best_fit.jpg', 'flickr_url': None, 'shelved_url': 'https://images4-g.ravelrycache.com/uploads/carmengarciadmora/881474908/CGM_TRASHUMANCIA1842_shelved.jpg', 'medium2_url': 'https://images4-a.ravelrycache.com/uploads/carmengarciadmora/881474908/CGM_TRASHUMANCIA1842_medium2.jpg', 'small2_url': 'https://images4-g.ravelrycache.com/uploads/carmengarciadmora/881474908/CGM_TRASHUMANCIA1842_small2.jpg', 'caption': None, 'caption_html': None, 'copyright_holder': None}, {'id': 116090032, 'sort_order': 6, 'user_id': 1007801, 'x_offset': 0, 'y_offset': 0, 'square_url': 'https://images4-f.ravelrycache.com/uploads/carmengarciadmora/881474912/CGM_TRASHUMANCIA1769_square.jpg', 'medium_url': 'https://images4-g.ravelrycache.com/uploads/carmengarciadmora/881474912/CGM_TRASHUMANCIA1769_medium.jpg', 'thumbnail_url': 'https://images4-f.ravelrycache.com/uploads/carmengarciadmora/881474912/CGM_TRASHUMANCIA1769_thumbnail.jpg', 'small_url': 'https://images4-g.ravelrycache.com/uploads/carmengarciadmora/881474912/CGM_TRASHUMANCIA1769_small_best_fit.jpg', 'flickr_url': None, 'shelved_url': 'https://images4-f.ravelrycache.com/uploads/carmengarciadmora/881474912/CGM_TRASHUMANCIA1769_shelved.jpg', 'medium2_url': 'https://images4-a.ravelrycache.com/uploads/carmengarciadmora/881474912/CGM_TRASHUMANCIA1769_medium2.jpg', 'small2_url': 'https://images4-f.ravelrycache.com/uploads/carmengarciadmora/881474912/CGM_TRASHUMANCIA1769_small2.jpg', 'caption': None, 'caption_html': None, 'copyright_holder': None}, {'id': 116090033, 'sort_order': 7, 'user_id': 1007801, 'x_offset': 0, 'y_offset': 0, 'square_url': 'https://images4-f.ravelrycache.com/uploads/carmengarciadmora/881474968/CGM_TRASHUMANCIA1779_square.jpg', 'medium_url': 'https://images4-g.ravelrycache.com/uploads/carmengarciadmora/881474968/CGM_TRASHUMANCIA1779_medium.jpg', 'thumbnail_url': 'https://images4-f.ravelrycache.com/uploads/carmengarciadmora/881474968/CGM_TRASHUMANCIA1779_thumbnail.jpg', 'small_url': 'https://images4-f.ravelrycache.com/uploads/carmengarciadmora/881474968/CGM_TRASHUMANCIA1779_small_best_fit.jpg', 'flickr_url': None, 'shelved_url': 'https://images4-f.ravelrycache.com/uploads/carmengarciadmora/881474968/CGM_TRASHUMANCIA1779_shelved.jpg', 'medium2_url': 'https://images4-a.ravelrycache.com/uploads/carmengarciadmora/881474968/CGM_TRASHUMANCIA1779_medium2.jpg', 'small2_url': 'https://images4-f.ravelrycache.com/uploads/carmengarciadmora/881474968/CGM_TRASHUMANCIA1779_small2.jpg', 'caption': None, 'caption_html': None, 'copyright_holder': None}, {'id': 116090034, 'sort_order': 8, 'user_id': 1007801, 'x_offset': 0, 'y_offset': 0, 'square_url': 'https://images4-g.ravelrycache.com/uploads/carmengarciadmora/881474914/CGM_TRASHUMANCIA1845_square.jpg', 'medium_url': 'https://images4-f.ravelrycache.com/uploads/carmengarciadmora/881474914/CGM_TRASHUMANCIA1845_medium.jpg', 'thumbnail_url': 'https://images4-g.ravelrycache.com/uploads/carmengarciadmora/881474914/CGM_TRASHUMANCIA1845_thumbnail.jpg', 'small_url': 'https://images4-g.ravelrycache.com/uploads/carmengarciadmora/881474914/CGM_TRASHUMANCIA1845_small_best_fit.jpg', 'flickr_url': None, 'shelved_url': 'https://images4-f.ravelrycache.com/uploads/carmengarciadmora/881474914/CGM_TRASHUMANCIA1845_shelved.jpg', 'medium2_url': 'https://images4-a.ravelrycache.com/uploads/carmengarciadmora/881474914/CGM_TRASHUMANCIA1845_medium2.jpg', 'small2_url': 'https://images4-g.ravelrycache.com/uploads/carmengarciadmora/881474914/CGM_TRASHUMANCIA1845_small2.jpg', 'caption': None, 'caption_html': None, 'copyright_holder': None}, {'id': 116090035, 'sort_order': 9, 'user_id': 1007801, 'x_offset': 0, 'y_offset': 0, 'square_url': 'https://images4-f.ravelrycache.com/uploads/carmengarciadmora/881474905/CGM_TRASHUMANCIA1776_square.jpg', 'medium_url': 'https://images4-g.ravelrycache.com/uploads/carmengarciadmora/881474905/CGM_TRASHUMANCIA1776_medium.jpg', 'thumbnail_url': 'https://images4-g.ravelrycache.com/uploads/carmengarciadmora/881474905/CGM_TRASHUMANCIA1776_thumbnail.jpg', 'small_url': 'https://images4-f.ravelrycache.com/uploads/carmengarciadmora/881474905/CGM_TRASHUMANCIA1776_small_best_fit.jpg', 'flickr_url': None, 'shelved_url': 'https://images4-g.ravelrycache.com/uploads/carmengarciadmora/881474905/CGM_TRASHUMANCIA1776_shelved.jpg', 'medium2_url': 'https://images4-a.ravelrycache.com/uploads/carmengarciadmora/881474905/CGM_TRASHUMANCIA1776_medium2.jpg', 'small2_url': 'https://images4-f.ravelrycache.com/uploads/carmengarciadmora/881474905/CGM_TRASHUMANCIA1776_small2.jpg', 'caption': None, 'caption_html': None, 'copyright_holder': None}, {'id': 116090036, 'sort_order': 10, 'user_id': 1007801, 'x_offset': 0, 'y_offset': 0, 'square_url': 'https://images4-f.ravelrycache.com/uploads/carmengarciadmora/881474936/CGM_TRASHUMANCIA1863_square.jpg', 'medium_url': 'https://images4-g.ravelrycache.com/uploads/carmengarciadmora/881474936/CGM_TRASHUMANCIA1863_medium.jpg', 'thumbnail_url': 'https://images4-f.ravelrycache.com/uploads/carmengarciadmora/881474936/CGM_TRASHUMANCIA1863_thumbnail.jpg', 'small_url': 'https://images4-f.ravelrycache.com/uploads/carmengarciadmora/881474936/CGM_TRASHUMANCIA1863_small_best_fit.jpg', 'flickr_url': None, 'shelved_url': 'https://images4-g.ravelrycache.com/uploads/carmengarciadmora/881474936/CGM_TRASHUMANCIA1863_shelved.jpg', 'medium2_url': 'https://images4-a.ravelrycache.com/uploads/carmengarciadmora/881474936/CGM_TRASHUMANCIA1863_medium2.jpg', 'small2_url': 'https://images4-f.ravelrycache.com/uploads/carmengarciadmora/881474936/CGM_TRASHUMANCIA1863_small2.jpg', 'caption': None, 'caption_html': None, 'copyright_holder': None}, {'id': 116090037, 'sort_order': 11, 'user_id': 1007801, 'x_offset': 0, 'y_offset': 0, 'square_url': 'https://images4-f.ravelrycache.com/uploads/carmengarciadmora/881474913/CGM_TRASHUMANCIA1840_square.jpg', 'medium_url': 'https://images4-g.ravelrycache.com/uploads/carmengarciadmora/881474913/CGM_TRASHUMANCIA1840_medium.jpg', 'thumbnail_url': 'https://images4-f.ravelrycache.com/uploads/carmengarciadmora/881474913/CGM_TRASHUMANCIA1840_thumbnail.jpg', 'small_url': 'https://images4-g.ravelrycache.com/uploads/carmengarciadmora/881474913/CGM_TRASHUMANCIA1840_small_best_fit.jpg', 'flickr_url': None, 'shelved_url': 'https://images4-g.ravelrycache.com/uploads/carmengarciadmora/881474913/CGM_TRASHUMANCIA1840_shelved.jpg', 'medium2_url': 'https://images4-a.ravelrycache.com/uploads/carmengarciadmora/881474913/CGM_TRASHUMANCIA1840_medium2.jpg', 'small2_url': 'https://images4-f.ravelrycache.com/uploads/carmengarciadmora/881474913/CGM_TRASHUMANCIA1840_small2.jpg', 'caption': None, 'caption_html': None, 'copyright_holder': None}, {'id': 116090038, 'sort_order': 12, 'user_id': 1007801, 'x_offset': 0, 'y_offset': 0, 'square_url': 'https://images4-f.ravelrycache.com/uploads/carmengarciadmora/881474920/CGM_TRASHUMANCIA1797_square.jpg', 'medium_url': 'https://images4-g.ravelrycache.com/uploads/carmengarciadmora/881474920/CGM_TRASHUMANCIA1797_medium.jpg', 'thumbnail_url': 'https://images4-f.ravelrycache.com/uploads/carmengarciadmora/881474920/CGM_TRASHUMANCIA1797_thumbnail.jpg', 'small_url': 'https://images4-f.ravelrycache.com/uploads/carmengarciadmora/881474920/CGM_TRASHUMANCIA1797_small_best_fit.jpg', 'flickr_url': None, 'shelved_url': 'https://images4-f.ravelrycache.com/uploads/carmengarciadmora/881474920/CGM_TRASHUMANCIA1797_shelved.jpg', 'medium2_url': 'https://images4-a.ravelrycache.com/uploads/carmengarciadmora/881474920/CGM_TRASHUMANCIA1797_medium2.jpg', 'small2_url': 'https://images4-f.ravelrycache.com/uploads/carmengarciadmora/881474920/CGM_TRASHUMANCIA1797_small2.jpg', 'caption': None, 'caption_html': None, 'copyright_holder': None}, {'id': 116090039, 'sort_order': 13, 'user_id': 1007801, 'x_offset': 0, 'y_offset': 0, 'square_url': 'https://images4-g.ravelrycache.com/uploads/carmengarciadmora/881474911/CGM_TRASHUMANCIA1919_square.jpg', 'medium_url': 'https://images4-f.ravelrycache.com/uploads/carmengarciadmora/881474911/CGM_TRASHUMANCIA1919_medium.jpg', 'thumbnail_url': 'https://images4-g.ravelrycache.com/uploads/carmengarciadmora/881474911/CGM_TRASHUMANCIA1919_thumbnail.jpg', 'small_url': 'https://images4-f.ravelrycache.com/uploads/carmengarciadmora/881474911/CGM_TRASHUMANCIA1919_small_best_fit.jpg', 'flickr_url': None, 'shelved_url': 'https://images4-f.ravelrycache.com/uploads/carmengarciadmora/881474911/CGM_TRASHUMANCIA1919_shelved.jpg', 'medium2_url': 'https://images4-a.ravelrycache.com/uploads/carmengarciadmora/881474911/CGM_TRASHUMANCIA1919_medium2.jpg', 'small2_url': 'https://images4-g.ravelrycache.com/uploads/carmengarciadmora/881474911/CGM_TRASHUMANCIA1919_small2.jpg', 'caption': None, 'caption_html': None, 'copyright_holder': None}, {'id': 116090040, 'sort_order': 14, 'user_id': 1007801, 'x_offset': 0, 'y_offset': 0, 'square_url': 'https://images4-g.ravelrycache.com/uploads/carmengarciadmora/881474907/CGM_TRASHUMANCIA2044_square.jpg', 'medium_url': 'https://images4-f.ravelrycache.com/uploads/carmengarciadmora/881474907/CGM_TRASHUMANCIA2044_medium.jpg', 'thumbnail_url': 'https://images4-f.ravelrycache.com/uploads/carmengarciadmora/881474907/CGM_TRASHUMANCIA2044_thumbnail.jpg', 'small_url': 'https://images4-g.ravelrycache.com/uploads/carmengarciadmora/881474907/CGM_TRASHUMANCIA2044_small_best_fit.jpg', 'flickr_url': None, 'shelved_url': 'https://images4-g.ravelrycache.com/uploads/carmengarciadmora/881474907/CGM_TRASHUMANCIA2044_shelved.jpg', 'medium2_url': 'https://images4-a.ravelrycache.com/uploads/carmengarciadmora/881474907/CGM_TRASHUMANCIA2044_medium2.jpg', 'small2_url': 'https://images4-g.ravelrycache.com/uploads/carmengarciadmora/881474907/CGM_TRASHUMANCIA2044_small2.jpg', 'caption': None, 'caption_html': None, 'copyright_holder': None}, {'id': 116090041, 'sort_order': 15, 'user_id': 1007801, 'x_offset': 0, 'y_offset': 0, 'square_url': 'https://images4-f.ravelrycache.com/uploads/carmengarciadmora/881474918/CGM_TRASHUMANCIA2042_square.jpg', 'medium_url': 'https://images4-g.ravelrycache.com/uploads/carmengarciadmora/881474918/CGM_TRASHUMANCIA2042_medium.jpg', 'thumbnail_url': 'https://images4-g.ravelrycache.com/uploads/carmengarciadmora/881474918/CGM_TRASHUMANCIA2042_thumbnail.jpg', 'small_url': 'https://images4-g.ravelrycache.com/uploads/carmengarciadmora/881474918/CGM_TRASHUMANCIA2042_small_best_fit.jpg', 'flickr_url': None, 'shelved_url': 'https://images4-f.ravelrycache.com/uploads/carmengarciadmora/881474918/CGM_TRASHUMANCIA2042_shelved.jpg', 'medium2_url': 'https://images4-a.ravelrycache.com/uploads/carmengarciadmora/881474918/CGM_TRASHUMANCIA2042_medium2.jpg', 'small2_url': 'https://images4-f.ravelrycache.com/uploads/carmengarciadmora/881474918/CGM_TRASHUMANCIA2042_small2.jpg', 'caption': None, 'caption_html': None, 'copyright_holder': None}, {'id': 116090042, 'sort_order': 16, 'user_id': 1007801, 'x_offset': 0, 'y_offset': 0, 'square_url': 'https://images4-g.ravelrycache.com/uploads/carmengarciadmora/881474922/CGM_TRASHUMANCIA1862_square.jpg', 'medium_url': 'https://images4-f.ravelrycache.com/uploads/carmengarciadmora/881474922/CGM_TRASHUMANCIA1862_medium.jpg', 'thumbnail_url': 'https://images4-f.ravelrycache.com/uploads/carmengarciadmora/881474922/CGM_TRASHUMANCIA1862_thumbnail.jpg', 'small_url': 'https://images4-g.ravelrycache.com/uploads/carmengarciadmora/881474922/CGM_TRASHUMANCIA1862_small_best_fit.jpg', 'flickr_url': None, 'shelved_url': 'https://images4-f.ravelrycache.com/uploads/carmengarciadmora/881474922/CGM_TRASHUMANCIA1862_shelved.jpg', 'medium2_url': 'https://images4-a.ravelrycache.com/uploads/carmengarciadmora/881474922/CGM_TRASHUMANCIA1862_medium2.jpg', 'small2_url': 'https://images4-g.ravelrycache.com/uploads/carmengarciadmora/881474922/CGM_TRASHUMANCIA1862_small2.jpg', 'caption': None, 'caption_html': None, 'copyright_holder': None}, {'id': 116090043, 'sort_order': 17, 'user_id': 1007801, 'x_offset': 0, 'y_offset': 0, 'square_url': 'https://images4-g.ravelrycache.com/uploads/carmengarciadmora/881474910/CGM_TRASHUMANCIA2061_square.jpg', 'medium_url': 'https://images4-f.ravelrycache.com/uploads/carmengarciadmora/881474910/CGM_TRASHUMANCIA2061_medium.jpg', 'thumbnail_url': 'https://images4-g.ravelrycache.com/uploads/carmengarciadmora/881474910/CGM_TRASHUMANCIA2061_thumbnail.jpg', 'small_url': 'https://images4-g.ravelrycache.com/uploads/carmengarciadmora/881474910/CGM_TRASHUMANCIA2061_small_best_fit.jpg', 'flickr_url': None, 'shelved_url': 'https://images4-g.ravelrycache.com/uploads/carmengarciadmora/881474910/CGM_TRASHUMANCIA2061_shelved.jpg', 'medium2_url': 'https://images4-a.ravelrycache.com/uploads/carmengarciadmora/881474910/CGM_TRASHUMANCIA2061_medium2.jpg', 'small2_url': 'https://images4-g.ravelrycache.com/uploads/carmengarciadmora/881474910/CGM_TRASHUMANCIA2061_small2.jpg', 'caption': None, 'caption_html': None, 'copyright_holder': None}]"
Pianissimo Sweater,Manmi Choi,1280448,https://www.ravelry.com/patterns/library/pianissimo-sweater-2,False,https://images4-a.ravelrycache.com/uploads/SoopKnits/881852228/7B0E3F4A-E7CA-4E8A-9501-78F5F17650A3_medium2.jpeg,Knitting,"['adult', 'ribbed', 'textured', 'crew-neck', 'one-piece', 'seamless', 'top-down', 'positive-ease', 'written-pattern', 'worked-flat', 'in-the-round', 'unisex']",19.0,3.5,True,4.0,Stockinette stitch,pullover,Worsted,18,5.0,"XS (S, M, L, XL) (2XL, 3XL, 4XL, 5XL)","[{'id': 116133454, 'sort_order': 1, 'user_id': 11041173, 'x_offset': 0, 'y_offset': 0, 'square_url': 'https://images4-f.ravelrycache.com/uploads/SoopKnits/881852228/7B0E3F4A-E7CA-4E8A-9501-78F5F17650A3_square.jpeg', 'medium_url': 'https://images4-f.ravelrycache.com/uploads/SoopKnits/881852228/7B0E3F4A-E7CA-4E8A-9501-78F5F17650A3_medium.jpeg', 'thumbnail_url': 'https://images4-g.ravelrycache.com/uploads/SoopKnits/881852228/7B0E3F4A-E7CA-4E8A-9501-78F5F17650A3_thumbnail.jpeg', 'small_url': 'https://images4-g.ravelrycache.com/uploads/SoopKnits/881852228/7B0E3F4A-E7CA-4E8A-9501-78F5F17650A3_small_best_fit.jpeg', 'flickr_url': None, 'shelved_url': 'https://images4-g.ravelrycache.com/uploads/SoopKnits/881852228/7B0E3F4A-E7CA-4E8A-9501-78F5F17650A3_shelved.jpeg', 'medium2_url': 'https://images4-a.ravelrycache.com/uploads/SoopKnits/881852228/7B0E3F4A-E7CA-4E8A-9501-78F5F17650A3_medium2.jpeg', 'small2_url': 'https://images4-g.ravelrycache.com/uploads/SoopKnits/881852228/7B0E3F4A-E7CA-4E8A-9501-78F5F17650A3_small2.jpeg', 'caption': None, 'caption_html': None, 'copyright_holder': None}, {'id': 116133306, 'sort_order': 2, 'user_id': 11041173, 'x_offset': -5, 'y_offset': -35, 'square_url': 'https://images4-f.ravelrycache.com/uploads/soopknits/877705505/IMG_6741_square.jpg', 'medium_url': 'https://images4-g.ravelrycache.com/uploads/soopknits/877705505/IMG_6741_medium.jpg', 'thumbnail_url': 'https://images4-g.ravelrycache.com/uploads/soopknits/877705505/IMG_6741_thumbnail.jpg', 'small_url': 'https://images4-g.ravelrycache.com/uploads/soopknits/877705505/IMG_6741_small.jpg', 'flickr_url': None, 'shelved_url': 'https://images4-g.ravelrycache.com/uploads/soopknits/877705505/IMG_6741_shelved.jpg', 'medium2_url': 'https://images4-a.ravelrycache.com/uploads/soopknits/877705505/IMG_6741_medium2.jpg', 'small2_url': 'https://images4-f.ravelrycache.com/uploads/soopknits/877705505/IMG_6741_small2.jpg', 'caption': None, 'caption_html': None, 'copyright_holder': None}, {'id': 116133458, 'sort_order': 3, 'user_id': 11041173, 'x_offset': -5, 'y_offset': -35, 'square_url': 'https://images4-g.ravelrycache.com/uploads/SoopKnits/881852242/E4E0AADC-2C1E-4E3C-A126-53766925CDD2_square.jpeg', 'medium_url': 'https://images4-g.ravelrycache.com/uploads/SoopKnits/881852242/E4E0AADC-2C1E-4E3C-A126-53766925CDD2_medium.jpeg', 'thumbnail_url': 'https://images4-f.ravelrycache.com/uploads/SoopKnits/881852242/E4E0AADC-2C1E-4E3C-A126-53766925CDD2_thumbnail.jpeg', 'small_url': 'https://images4-f.ravelrycache.com/uploads/SoopKnits/881852242/E4E0AADC-2C1E-4E3C-A126-53766925CDD2_small.jpeg', 'flickr_url': None, 'shelved_url': 'https://images4-g.ravelrycache.com/uploads/SoopKnits/881852242/E4E0AADC-2C1E-4E3C-A126-53766925CDD2_shelved.jpeg', 'medium2_url': 'https://images4-a.ravelrycache.com/uploads/SoopKnits/881852242/E4E0AADC-2C1E-4E3C-A126-53766925CDD2_medium2.jpeg', 'small2_url': 'https://images4-f.ravelrycache.com/uploads/SoopKnits/881852242/E4E0AADC-2C1E-4E3C-A126-53766925CDD2_small2.jpeg', 'caption': None, 'caption_html': None, 'copyright_holder': None}, {'id': 116133457, 'sort_order': 4, 'user_id': 11041173, 'x_offset': -5, 'y_offset': -35, 'square_url': 'https://images4-f.ravelrycache.com/uploads/SoopKnits/881852241/204DE149-46AF-4DA1-A2EB-A7F2C1F58A97_square.jpeg', 'medium_url': 'https://images4-f.ravelrycache.com/uploads/SoopKnits/881852241/204DE149-46AF-4DA1-A2EB-A7F2C1F58A97_medium.jpeg', 'thumbnail_url': 'https://images4-f.ravelrycache.com/uploads/SoopKnits/881852241/204DE149-46AF-4DA1-A2EB-A7F2C1F58A97_thumbnail.jpeg', 'small_url': 'https://images4-g.ravelrycache.com/uploads/SoopKnits/881852241/204DE149-46AF-4DA1-A2EB-A7F2C1F58A97_small.jpeg', 'flickr_url': None, 'shelved_url': 'https://images4-f.ravelrycache.com/uploads/SoopKnits/881852241/204DE149-46AF-4DA1-A2EB-A7F2C1F58A97_shelved.jpeg', 'medium2_url': 'https://images4-a.ravelrycache.com/uploads/SoopKnits/881852241/204DE149-46AF-4DA1-A2EB-A7F2C1F58A97_medium2.jpeg', 'small2_url': 'https://images4-g.ravelrycache.com/uploads/SoopKnits/881852241/204DE149-46AF-4DA1-A2EB-A7F2C1F58A97_small2.jpeg', 'caption': None, 'caption_html': None, 'copyright_holder': None}, {'id': 116133456, 'sort_order': 5, 'user_id': 11041173, 'x_offset': 0, 'y_offset': -22, 'square_url': 'https://images4-f.ravelrycache.com/uploads/SoopKnits/881852231/15C755D5-978E-4EE8-B01C-F5E1B1E1172C_square.jpeg', 'medium_url': 'https://images4-f.ravelrycache.com/uploads/SoopKnits/881852231/15C755D5-978E-4EE8-B01C-F5E1B1E1172C_medium.jpeg', 'thumbnail_url': 'https://images4-f.ravelrycache.com/uploads/SoopKnits/881852231/15C755D5-978E-4EE8-B01C-F5E1B1E1172C_thumbnail.jpeg', 'small_url': 'https://images4-f.ravelrycache.com/uploads/SoopKnits/881852231/15C755D5-978E-4EE8-B01C-F5E1B1E1172C_small_best_fit.jpeg', 'flickr_url': None, 'shelved_url': 'https://images4-f.ravelrycache.com/uploads/SoopKnits/881852231/15C755D5-978E-4EE8-B01C-F5E1B1E1172C_shelved.jpeg', 'medium2_url': 'https://images4-a.ravelrycache.com/uploads/SoopKnits/881852231/15C755D5-978E-4EE8-B01C-F5E1B1E1172C_medium2.jpeg', 'small2_url': 'https://images4-g.ravelrycache.com/uploads/SoopKnits/881852231/15C755D5-978E-4EE8-B01C-F5E1B1E1172C_small2.jpeg', 'caption': None, 'caption_html': None, 'copyright_holder': None}, {'id': 116133455, 'sort_order': 6, 'user_id': 11041173, 'x_offset': 0, 'y_offset': -22, 'square_url': 'https://images4-f.ravelrycache.com/uploads/SoopKnits/881852230/8460C849-1EF3-40CF-A696-362FB32D85DB_square.jpeg', 'medium_url': 'https://images4-f.ravelrycache.com/uploads/SoopKnits/881852230/8460C849-1EF3-40CF-A696-362FB32D85DB_medium.jpeg', 'thumbnail_url': 'https://images4-g.ravelrycache.com/uploads/SoopKnits/881852230/8460C849-1EF3-40CF-A696-362FB32D85DB_thumbnail.jpeg', 'small_url': 'https://images4-f.ravelrycache.com/uploads/SoopKnits/881852230/8460C849-1EF3-40CF-A696-362FB32D85DB_small_best_fit.jpeg', 'flickr_url': None, 'shelved_url': 'https://images4-g.ravelrycache.com/uploads/SoopKnits/881852230/8460C849-1EF3-40CF-A696-362FB32D85DB_shelved.jpeg', 'medium2_url': 'https://images4-a.ravelrycache.com/uploads/SoopKnits/881852230/8460C849-1EF3-40CF-A696-362FB32D85DB_medium2.jpeg', 'small2_url': 'https://images4-g.ravelrycache.com/uploads/SoopKnits/881852230/8460C849-1EF3-40CF-A696-362FB32D85DB_small2.jpeg', 'caption': None, 'caption_html': None, 'copyright_holder': None}]"
Marquisette Sweater,Zanete Knits,1280497,https://www.ravelry.com/patterns/library/marquisette-sweater,False,https://images4-a.ravelrycache.com/uploads/zaneteknits/881871750/mqs_1_medium2.jpeg,Knitting,"['unisex', 'teen', 'adult', 'eyelets', 'lace', 'mesh', 'crew-neck', 'long-sleeve', 'seamless', 'top-down', 'positive-ease', 'written-pattern', 'drop-sleeve', 'puffed-sleeve', 'in-the-round', 'other-edging', 'twisted-stitches', 'male', 'female']",24.0,0.0,True,4.0,"Stockinette st, blocked",pullover,Fingering,28,0.0,"1 (2, 3, 4, 5, 6, 7, 8)","[{'id': 116135979, 'sort_order': 1, 'user_id': 8335554, 'x_offset': 0, 'y_offset': -43, 'square_url': 'https://images4-g.ravelrycache.com/uploads/zaneteknits/881871750/mqs_1_square.jpeg', 'medium_url': 'https://images4-g.ravelrycache.com/uploads/zaneteknits/881871750/mqs_1_medium.jpeg', 'thumbnail_url': 'https://images4-g.ravelrycache.com/uploads/zaneteknits/881871750/mqs_1_thumbnail.jpeg', 'small_url': 'https://images4-f.ravelrycache.com/uploads/zaneteknits/881871750/mqs_1_small_best_fit.jpeg', 'flickr_url': None, 'shelved_url': 'https://images4-g.ravelrycache.com/uploads/zaneteknits/881871750/mqs_1_shelved.jpeg', 'medium2_url': 'https://images4-a.ravelrycache.com/uploads/zaneteknits/881871750/mqs_1_medium2.jpeg', 'small2_url': 'https://images4-f.ravelrycache.com/uploads/zaneteknits/881871750/mqs_1_small2.jpeg', 'caption': None, 'caption_html': None, 'copyright_holder': None}, {'id': 116332964, 'sort_order': 2, 'user_id': 8941634, 'x_offset': -5, 'y_offset': -35, 'square_url': 'https://images4-g.ravelrycache.com/uploads/alishaledmiston/873124719/3FFA405A-3473-45A6-B1A8-D16F68829C0B_square.jpeg', 'medium_url': 'https://images4-g.ravelrycache.com/uploads/alishaledmiston/873124719/3FFA405A-3473-45A6-B1A8-D16F68829C0B_medium.jpeg', 'thumbnail_url': 'https://images4-f.ravelrycache.com/uploads/alishaledmiston/873124719/3FFA405A-3473-45A6-B1A8-D16F68829C0B_thumbnail.jpeg', 'small_url': 'https://images4-g.ravelrycache.com/uploads/alishaledmiston/873124719/3FFA405A-3473-45A6-B1A8-D16F68829C0B_small.jpeg', 'flickr_url': None, 'shelved_url': 'https://images4-f.ravelrycache.com/uploads/alishaledmiston/873124719/3FFA405A-3473-45A6-B1A8-D16F68829C0B_shelved.jpeg', 'medium2_url': 'https://images4-a.ravelrycache.com/uploads/alishaledmiston/873124719/3FFA405A-3473-45A6-B1A8-D16F68829C0B_medium2.jpeg', 'small2_url': 'https://images4-f.ravelrycache.com/uploads/alishaledmiston/873124719/3FFA405A-3473-45A6-B1A8-D16F68829C0B_small2.jpeg', 'caption': None, 'caption_html': None, 'copyright_holder': None}, {'id': 116215328, 'sort_order': 3, 'user_id': 10100858, 'x_offset': -5, 'y_offset': -35, 'square_url': 'https://images4-f.ravelrycache.com/uploads/Evija133/873479076/c9fbe9ed-d945-4488-81a5-e24331052d7f_square.jpg', 'medium_url': 'https://images4-g.ravelrycache.com/uploads/Evija133/873479076/c9fbe9ed-d945-4488-81a5-e24331052d7f_medium.jpg', 'thumbnail_url': 'https://images4-f.ravelrycache.com/uploads/Evija133/873479076/c9fbe9ed-d945-4488-81a5-e24331052d7f_thumbnail.jpg', 'small_url': 'https://images4-g.ravelrycache.com/uploads/Evija133/873479076/c9fbe9ed-d945-4488-81a5-e24331052d7f_small.jpg', 'flickr_url': None, 'shelved_url': 'https://images4-f.ravelrycache.com/uploads/Evija133/873479076/c9fbe9ed-d945-4488-81a5-e24331052d7f_shelved.jpg', 'medium2_url': 'https://images4-a.ravelrycache.com/uploads/Evija133/873479076/c9fbe9ed-d945-4488-81a5-e24331052d7f_medium2.jpg', 'small2_url': 'https://images4-f.ravelrycache.com/uploads/Evija133/873479076/c9fbe9ed-d945-4488-81a5-e24331052d7f_small2.jpg', 'caption': None, 'caption_html': None, 'copyright_holder': None}, {'id': 116156619, 'sort_order': 4, 'user_id': 4226740, 'x_offset': -5, 'y_offset': -35, 'square_url': 'https://images4-f.ravelrycache.com/uploads/guntule/875551713/20220910_131118_square.jpg', 'medium_url': 'https://images4-g.ravelrycache.com/uploads/guntule/875551713/20220910_131118_medium.jpg', 'thumbnail_url': 'https://images4-g.ravelrycache.com/uploads/guntule/875551713/20220910_131118_thumbnail.jpg', 'small_url': 'https://images4-g.ravelrycache.com/uploads/guntule/875551713/20220910_131118_small.jpg', 'flickr_url': None, 'shelved_url': 'https://images4-g.ravelrycache.com/uploads/guntule/875551713/20220910_131118_shelved.jpg', 'medium2_url': 'https://images4-a.ravelrycache.com/uploads/guntule/875551713/20220910_131118_medium2.jpg', 'small2_url': 'https://images4-f.ravelrycache.com/uploads/guntule/875551713/20220910_131118_small2.jpg', 'caption': None, 'caption_html': None, 'copyright_holder': None}, {'id': 116152935, 'sort_order': 5, 'user_id': 6275226, 'x_offset': -5, 'y_offset': -35, 'square_url': 'https://images4-g.ravelrycache.com/uploads/Craftyursula44/873350178/20220901_154725_square.heic', 'medium_url': 'https://images4-g.ravelrycache.com/uploads/Craftyursula44/873350178/20220901_154725_medium.heic', 'thumbnail_url': 'https://images4-f.ravelrycache.com/uploads/Craftyursula44/873350178/20220901_154725_thumbnail.heic', 'small_url': 'https://images4-f.ravelrycache.com/uploads/Craftyursula44/873350178/20220901_154725_small.heic', 'flickr_url': None, 'shelved_url': 'https://images4-g.ravelrycache.com/uploads/Craftyursula44/873350178/20220901_154725_shelved.heic', 'medium2_url': 'https://images4-a.ravelrycache.com/uploads/Craftyursula44/873350178/20220901_154725_medium2.heic', 'small2_url': 'https://images4-f.ravelrycache.com/uploads/Craftyursula44/873350178/20220901_154725_small2.heic', 'caption': None, 'caption_html': None, 'copyright_holder': None}, {'id': 116153987, 'sort_order': 6, 'user_id': 992739, 'x_offset': -5, 'y_offset': -35, 'square_url': 'https://images4-g.ravelrycache.com/uploads/Ilucya/868960240/040436E7-2353-40EA-A6EA-A6B4F44C9854_square.jpeg', 'medium_url': 'https://images4-g.ravelrycache.com/uploads/Ilucya/868960240/040436E7-2353-40EA-A6EA-A6B4F44C9854_medium.jpeg', 'thumbnail_url': 'https://images4-f.ravelrycache.com/uploads/Ilucya/868960240/040436E7-2353-40EA-A6EA-A6B4F44C9854_thumbnail.jpeg', 'small_url': 'https://images4-g.ravelrycache.com/uploads/Ilucya/868960240/040436E7-2353-40EA-A6EA-A6B4F44C9854_small.jpeg', 'flickr_url': None, 'shelved_url': 'https://images4-g.ravelrycache.com/uploads/Ilucya/868960240/040436E7-2353-40EA-A6EA-A6B4F44C9854_shelved.jpeg', 'medium2_url': 'https://images4-a.ravelrycache.com/uploads/Ilucya/868960240/040436E7-2353-40EA-A6EA-A6B4F44C9854_medium2.jpeg', 'small2_url': 'https://images4-f.ravelrycache.com/uploads/Ilucya/868960240/040436E7-2353-40EA-A6EA-A6B4F44C9854_small2.jpeg', 'caption': None, 'caption_html': None, 'copyright_holder': None}, {'id': 116135980, 'sort_order': 7, 'user_id': 8335554, 'x_offset': 0, 'y_offset': -43, 'square_url': 'https://images4-g.ravelrycache.com/uploads/zaneteknits/881871746/mqs_2_square.jpeg', 'medium_url': 'https://images4-g.ravelrycache.com/uploads/zaneteknits/881871746/mqs_2_medium.jpeg', 'thumbnail_url': 'https://images4-f.ravelrycache.com/uploads/zaneteknits/881871746/mqs_2_thumbnail.jpeg', 'small_url': 'https://images4-g.ravelrycache.com/uploads/zaneteknits/881871746/mqs_2_small_best_fit.jpeg', 'flickr_url': None, 'shelved_url': 'https://images4-g.ravelrycache.com/uploads/zaneteknits/881871746/mqs_2_shelved.jpeg', 'medium2_url': 'https://images4-a.ravelrycache.com/uploads/zaneteknits/881871746/mqs_2_medium2.jpeg', 'small2_url': 'https://images4-f.ravelrycache.com/uploads/zaneteknits/881871746/mqs_2_small2.jpeg', 'caption': None, 'caption_html': None, 'copyright_holder': None}, {'id': 116135981, 'sort_order': 8, 'user_id': 8335554, 'x_offset': 0, 'y_offset': -43, 'square_url': 'https://images4-g.ravelrycache.com/uploads/zaneteknits/881871747/mks_3_square.jpeg', 'medium_url': 'https://images4-g.ravelrycache.com/uploads/zaneteknits/881871747/mks_3_medium.jpeg', 'thumbnail_url': 'https://images4-f.ravelrycache.com/uploads/zaneteknits/881871747/mks_3_thumbnail.jpeg', 'small_url': 'https://images4-g.ravelrycache.com/uploads/zaneteknits/881871747/mks_3_small_best_fit.jpeg', 'flickr_url': None, 'shelved_url': 'https://images4-g.ravelrycache.com/uploads/zaneteknits/881871747/mks_3_shelved.jpeg', 'medium2_url': 'https://images4-a.ravelrycache.com/uploads/zaneteknits/881871747/mks_3_medium2.jpeg', 'small2_url': 'https://images4-f.ravelrycache.com/uploads/zaneteknits/881871747/mks_3_small2.jpeg', 'caption': None, 'caption_html': None, 'copyright_holder': None}, {'id': 116152483, 'sort_order': 9, 'user_id': 7452697, 'x_offset': -5, 'y_offset': -35, 'square_url': 'https://images4-g.ravelrycache.com/uploads/lindapodina/871200998/75BDC1E7-C2F5-4BE7-8C64-E2E136BA8B05_square.jpeg', 'medium_url': 'https://images4-g.ravelrycache.com/uploads/lindapodina/871200998/75BDC1E7-C2F5-4BE7-8C64-E2E136BA8B05_medium.jpeg', 'thumbnail_url': 'https://images4-g.ravelrycache.com/uploads/lindapodina/871200998/75BDC1E7-C2F5-4BE7-8C64-E2E136BA8B05_thumbnail.jpeg', 'small_url': 'https://images4-g.ravelrycache.com/uploads/lindapodina/871200998/75BDC1E7-C2F5-4BE7-8C64-E2E136BA8B05_small.jpeg', 'flickr_url': None, 'shelved_url': 'https://images4-f.ravelrycache.com/uploads/lindapodina/871200998/75BDC1E7-C2F5-4BE7-8C64-E2E136BA8B05_shelved.jpeg', 'medium2_url': 'https://images4-a.ravelrycache.com/uploads/lindapodina/871200998/75BDC1E7-C2F5-4BE7-8C64-E2E136BA8B05_medium2.jpeg', 'small2_url': 'https://images4-f.ravelrycache.com/uploads/lindapodina/871200998/75BDC1E7-C2F5-4BE7-8C64-E2E136BA8B05_small2.jpeg', 'caption': None, 'caption_html': None, 'copyright_holder': None}, {'id': 116135982, 'sort_order': 10, 'user_id': 8335554, 'x_offset': -43, 'y_offset': 0, 'square_url': 'https://images4-g.ravelrycache.com/uploads/zaneteknits/881871748/mks_5_square.jpeg', 'medium_url': 'https://images4-g.ravelrycache.com/uploads/zaneteknits/881871748/mks_5_medium.jpeg', 'thumbnail_url': 'https://images4-f.ravelrycache.com/uploads/zaneteknits/881871748/mks_5_thumbnail.jpeg', 'small_url': 'https://images4-f.ravelrycache.com/uploads/zaneteknits/881871748/mks_5_small_best_fit.jpeg', 'flickr_url': None, 'shelved_url': 'https://images4-g.ravelrycache.com/uploads/zaneteknits/881871748/mks_5_shelved.jpeg', 'medium2_url': 'https://images4-a.ravelrycache.com/uploads/zaneteknits/881871748/mks_5_medium2.jpeg', 'small2_url': 'https://images4-f.ravelrycache.com/uploads/zaneteknits/881871748/mks_5_small2.jpeg', 'caption': None, 'caption_html': None, 'copyright_holder': None}, {'id': 116135983, 'sort_order': 11, 'user_id': 8335554, 'x_offset': 0, 'y_offset': -43, 'square_url': 'https://images4-f.ravelrycache.com/uploads/zaneteknits/881871749/mks_4_square.jpeg', 'medium_url': 'https://images4-f.ravelrycache.com/uploads/zaneteknits/881871749/mks_4_medium.jpeg', 'thumbnail_url': 'https://images4-g.ravelrycache.com/uploads/zaneteknits/881871749/mks_4_thumbnail.jpeg', 'small_url': 'https://images4-f.ravelrycache.com/uploads/zaneteknits/881871749/mks_4_small_best_fit.jpeg', 'flickr_url': None, 'shelved_url': 'https://images4-g.ravelrycache.com/uploads/zaneteknits/881871749/mks_4_shelved.jpeg', 'medium2_url': 'https://images4-a.ravelrycache.com/uploads/zaneteknits/881871749/mks_4_medium2.jpeg', 'small2_url': 'https://images4-g.ravelrycache.com/uploads/zaneteknits/881871749/mks_4_small2.jpeg', 'caption': None, 'caption_html': None, 'copyright_holder': None}, {'id': 116152143, 'sort_order': 12, 'user_id': 3136731, 'x_offset': -5, 'y_offset': -35, 'square_url': 'https://images4-f.ravelrycache.com/uploads/gesuma05/875098867/D98A9BBB-728C-40FA-8D89-2442347943F6_square.jpeg', 'medium_url': 'https://images4-f.ravelrycache.com/uploads/gesuma05/875098867/D98A9BBB-728C-40FA-8D89-2442347943F6_medium.jpeg', 'thumbnail_url': 'https://images4-g.ravelrycache.com/uploads/gesuma05/875098867/D98A9BBB-728C-40FA-8D89-2442347943F6_thumbnail.jpeg', 'small_url': 'https://images4-f.ravelrycache.com/uploads/gesuma05/875098867/D98A9BBB-728C-40FA-8D89-2442347943F6_small.jpeg', 'flickr_url': None, 'shelved_url': 'https://images4-g.ravelrycache.com/uploads/gesuma05/875098867/D98A9BBB-728C-40FA-8D89-2442347943F6_shelved.jpeg', 'medium2_url': 'https://images4-a.ravelrycache.com/uploads/gesuma05/875098867/D98A9BBB-728C-40FA-8D89-2442347943F6_medium2.jpeg', 'small2_url': 'https://images4-g.ravelrycache.com/uploads/gesuma05/875098867/D98A9BBB-728C-40FA-8D89-2442347943F6_small2.jpeg', 'caption': None, 'caption_html': None, 'copyright_holder': None}, {'id': 116135984, 'sort_order': 13, 'user_id': 8335554, 'x_offset': 0, 'y_offset': -22, 'square_url': 'https://images4-f.ravelrycache.com/uploads/zaneteknits/881871745/mks_6_square.jpeg', 'medium_url': 'https://images4-f.ravelrycache.com/uploads/zaneteknits/881871745/mks_6_medium.jpeg', 'thumbnail_url': 'https://images4-g.ravelrycache.com/uploads/zaneteknits/881871745/mks_6_thumbnail.jpeg', 'small_url': 'https://images4-g.ravelrycache.com/uploads/zaneteknits/881871745/mks_6_small_best_fit.jpeg', 'flickr_url': None, 'shelved_url': 'https://images4-f.ravelrycache.com/uploads/zaneteknits/881871745/mks_6_shelved.jpeg', 'medium2_url': 'https://images4-a.ravelrycache.com/uploads/zaneteknits/881871745/mks_6_medium2.jpeg', 'small2_url': 'https://images4-g.ravelrycache.com/uploads/zaneteknits/881871745/mks_6_small2.jpeg', 'caption': None, 'caption_html': None, 'copyright_holder': None}, {'id': 118448124, 'sort_order': 14, 'user_id': 8335554, 'x_offset': -82, 'y_offset': 1, 'square_url': 'https://images4-f.ravelrycache.com/uploads/zaneteknits/900579822/marquisette_en_square.JPG', 'medium_url': 'https://images4-g.ravelrycache.com/uploads/zaneteknits/900579822/marquisette_en_medium.JPG', 'thumbnail_url': 'https://images4-f.ravelrycache.com/uploads/zaneteknits/900579822/marquisette_en_thumbnail.JPG', 'small_url': 'https://images4-f.ravelrycache.com/uploads/zaneteknits/900579822/marquisette_en_small_best_fit.JPG', 'flickr_url': None, 'shelved_url': 'https://images4-f.ravelrycache.com/uploads/zaneteknits/900579822/marquisette_en_shelved.JPG', 'medium2_url': 'https://images4-a.ravelrycache.com/uploads/zaneteknits/900579822/marquisette_en_medium2.JPG', 'small2_url': 'https://images4-f.ravelrycache.com/uploads/zaneteknits/900579822/marquisette_en_small2.JPG', 'caption': None, 'caption_html': None, 'copyright_holder': None}]"
RISLE,Hanna Maciejewska,1280608,https://www.ravelry.com/patterns/library/risle,False,https://images4-a.ravelrycache.com/uploads/woolfolkyarn/881955489/Woolfolk_FW22-9891_web_medium2.jpg,Knitting,"['female', 'adult', 'oversized', 'cables', 'textured', 'seamless', 'positive-ease', 'chart', 'written-pattern', 'worked-flat', 'in-the-round', 'schematic', 'bottom-up']",20.0,0.0,True,4.0,Stockinette stitch,pullover,Worsted,13,0.0,"1 (2, 3, 4, 5)(6, 7, 8, 9)","[{'id': 116146351, 'sort_order': 1, 'user_id': 4353389, 'x_offset': 0, 'y_offset': -43, 'square_url': 'https://images4-g.ravelrycache.com/uploads/woolfolkyarn/881955489/Woolfolk_FW22-9891_web_square.jpg', 'medium_url': 'https://images4-f.ravelrycache.com/uploads/woolfolkyarn/881955489/Woolfolk_FW22-9891_web_medium.jpg', 'thumbnail_url': 'https://images4-g.ravelrycache.com/uploads/woolfolkyarn/881955489/Woolfolk_FW22-9891_web_thumbnail.jpg', 'small_url': 'https://images4-f.ravelrycache.com/uploads/woolfolkyarn/881955489/Woolfolk_FW22-9891_web_small_best_fit.jpg', 'flickr_url': None, 'shelved_url': 'https://images4-f.ravelrycache.com/uploads/woolfolkyarn/881955489/Woolfolk_FW22-9891_web_shelved.jpg', 'medium2_url': 'https://images4-a.ravelrycache.com/uploads/woolfolkyarn/881955489/Woolfolk_FW22-9891_web_medium2.jpg', 'small2_url': 'https://images4-g.ravelrycache.com/uploads/woolfolkyarn/881955489/Woolfolk_FW22-9891_web_small2.jpg', 'caption': None, 'caption_html': None, 'copyright_holder': 'woolfolk yarn'}, {'id': 116146352, 'sort_order': 2, 'user_id': 4353389, 'x_offset': 0, 'y_offset': -43, 'square_url': 'https://images4-f.ravelrycache.com/uploads/woolfolkyarn/881955496/Woolfolk_FW22-9896_web_square.jpg', 'medium_url': 'https://images4-g.ravelrycache.com/uploads/woolfolkyarn/881955496/Woolfolk_FW22-9896_web_medium.jpg', 'thumbnail_url': 'https://images4-g.ravelrycache.com/uploads/woolfolkyarn/881955496/Woolfolk_FW22-9896_web_thumbnail.jpg', 'small_url': 'https://images4-g.ravelrycache.com/uploads/woolfolkyarn/881955496/Woolfolk_FW22-9896_web_small_best_fit.jpg', 'flickr_url': None, 'shelved_url': 'https://images4-f.ravelrycache.com/uploads/woolfolkyarn/881955496/Woolfolk_FW22-9896_web_shelved.jpg', 'medium2_url': 'https://images4-a.ravelrycache.com/uploads/woolfolkyarn/881955496/Woolfolk_FW22-9896_web_medium2.jpg', 'small2_url': 'https://images4-f.ravelrycache.com/uploads/woolfolkyarn/881955496/Woolfolk_FW22-9896_web_small2.jpg', 'caption': None, 'caption_html': None, 'copyright_holder': 'woolfolk yarn'}, {'id': 116146353, 'sort_order': 3, 'user_id': 4353389, 'x_offset': 0, 'y_offset': -21, 'square_url': 'https://images4-g.ravelrycache.com/uploads/woolfolkyarn/881955493/Woolfolk_FW22-9845_web_square.jpg', 'medium_url': 'https://images4-f.ravelrycache.com/uploads/woolfolkyarn/881955493/Woolfolk_FW22-9845_web_medium.jpg', 'thumbnail_url': 'https://images4-f.ravelrycache.com/uploads/woolfolkyarn/881955493/Woolfolk_FW22-9845_web_thumbnail.jpg', 'small_url': 'https://images4-g.ravelrycache.com/uploads/woolfolkyarn/881955493/Woolfolk_FW22-9845_web_small_best_fit.jpg', 'flickr_url': None, 'shelved_url': 'https://images4-g.ravelrycache.com/uploads/woolfolkyarn/881955493/Woolfolk_FW22-9845_web_shelved.jpg', 'medium2_url': 'https://images4-a.ravelrycache.com/uploads/woolfolkyarn/881955493/Woolfolk_FW22-9845_web_medium2.jpg', 'small2_url': 'https://images4-g.ravelrycache.com/uploads/woolfolkyarn/881955493/Woolfolk_FW22-9845_web_small2.jpg', 'caption': None, 'caption_html': None, 'copyright_holder': 'woolfolk yarn'}, {'id': 116146354, 'sort_order': 4, 'user_id': 4353389, 'x_offset': 0, 'y_offset': -55, 'square_url': 'https://images4-g.ravelrycache.com/uploads/woolfolkyarn/881955490/Woolfolk_FW22-9824_web_square.jpg', 'medium_url': 'https://images4-f.ravelrycache.com/uploads/woolfolkyarn/881955490/Woolfolk_FW22-9824_web_medium.jpg', 'thumbnail_url': 'https://images4-g.ravelrycache.com/uploads/woolfolkyarn/881955490/Woolfolk_FW22-9824_web_thumbnail.jpg', 'small_url': 'https://images4-g.ravelrycache.com/uploads/woolfolkyarn/881955490/Woolfolk_FW22-9824_web_small_best_fit.jpg', 'flickr_url': None, 'shelved_url': 'https://images4-g.ravelrycache.com/uploads/woolfolkyarn/881955490/Woolfolk_FW22-9824_web_shelved.jpg', 'medium2_url': 'https://images4-a.ravelrycache.com/uploads/woolfolkyarn/881955490/Woolfolk_FW22-9824_web_medium2.jpg', 'small2_url': 'https://images4-g.ravelrycache.com/uploads/woolfolkyarn/881955490/Woolfolk_FW22-9824_web_small2.jpg', 'caption': None, 'caption_html': None, 'copyright_holder': 'woolfolk yarn'}, {'id': 116146355, 'sort_order': 5, 'user_id': 4353389, 'x_offset': 0, 'y_offset': -43, 'square_url': 'https://images4-g.ravelrycache.com/uploads/woolfolkyarn/881955495/Woolfolk_FW22-9900_web_square.jpg', 'medium_url': 'https://images4-f.ravelrycache.com/uploads/woolfolkyarn/881955495/Woolfolk_FW22-9900_web_medium.jpg', 'thumbnail_url': 'https://images4-f.ravelrycache.com/uploads/woolfolkyarn/881955495/Woolfolk_FW22-9900_web_thumbnail.jpg', 'small_url': 'https://images4-g.ravelrycache.com/uploads/woolfolkyarn/881955495/Woolfolk_FW22-9900_web_small_best_fit.jpg', 'flickr_url': None, 'shelved_url': 'https://images4-f.ravelrycache.com/uploads/woolfolkyarn/881955495/Woolfolk_FW22-9900_web_shelved.jpg', 'medium2_url': 'https://images4-a.ravelrycache.com/uploads/woolfolkyarn/881955495/Woolfolk_FW22-9900_web_medium2.jpg', 'small2_url': 'https://images4-g.ravelrycache.com/uploads/woolfolkyarn/881955495/Woolfolk_FW22-9900_web_small2.jpg', 'caption': None, 'caption_html': None, 'copyright_holder': 'woolfolk yarn'}, {'id': 116146356, 'sort_order': 6, 'user_id': 4353389, 'x_offset': 0, 'y_offset': -43, 'square_url': 'https://images4-g.ravelrycache.com/uploads/woolfolkyarn/881955491/Woolfolk_FW22-9881_web_square.jpg', 'medium_url': 'https://images4-f.ravelrycache.com/uploads/woolfolkyarn/881955491/Woolfolk_FW22-9881_web_medium.jpg', 'thumbnail_url': 'https://images4-f.ravelrycache.com/uploads/woolfolkyarn/881955491/Woolfolk_FW22-9881_web_thumbnail.jpg', 'small_url': 'https://images4-f.ravelrycache.com/uploads/woolfolkyarn/881955491/Woolfolk_FW22-9881_web_small_best_fit.jpg', 'flickr_url': None, 'shelved_url': 'https://images4-f.ravelrycache.com/uploads/woolfolkyarn/881955491/Woolfolk_FW22-9881_web_shelved.jpg', 'medium2_url': 'https://images4-a.ravelrycache.com/uploads/woolfolkyarn/881955491/Woolfolk_FW22-9881_web_medium2.jpg', 'small2_url': 'https://images4-g.ravelrycache.com/uploads/woolfolkyarn/881955491/Woolfolk_FW22-9881_web_small2.jpg', 'caption': None, 'caption_html': None, 'copyright_holder': 'woolfolk yarn'}]"
Huppuneule,Villahullu,1280725,https://www.ravelry.com/patterns/library/huppuneule,False,https://images4-a.ravelrycache.com/uploads/villahullu/882034999/IMG_20220927_131255_medium2.jpg,Knitting,"['hood', 'stranded', 'bottom-up', 'worked-flat', 'in-the-round', 'circular-yoke']",13.0,6.0,True,4.0,,pullover,Bulky,9,5.0,"XS, S, M, L, XL, XXL, XXXL","[{'id': 116156328, 'sort_order': 1, 'user_id': 10021084, 'x_offset': -5, 'y_offset': -35, 'square_url': 'https://images4-g.ravelrycache.com/uploads/villahullu/882034999/IMG_20220927_131255_square.jpg', 'medium_url': 'https://images4-f.ravelrycache.com/uploads/villahullu/882034999/IMG_20220927_131255_medium.jpg', 'thumbnail_url': 'https://images4-g.ravelrycache.com/uploads/villahullu/882034999/IMG_20220927_131255_thumbnail.jpg', 'small_url': 'https://images4-g.ravelrycache.com/uploads/villahullu/882034999/IMG_20220927_131255_small.jpg', 'flickr_url': None, 'shelved_url': 'https://images4-g.ravelrycache.com/uploads/villahullu/882034999/IMG_20220927_131255_shelved.jpg', 'medium2_url': 'https://images4-a.ravelrycache.com/uploads/villahullu/882034999/IMG_20220927_131255_medium2.jpg', 'small2_url': 'https://images4-g.ravelrycache.com/uploads/villahullu/882034999/IMG_20220927_131255_small2.jpg', 'caption': None, 'caption_html': None, 'copyright_holder': None}, {'id': 116156329, 'sort_order': 2, 'user_id': 10021084, 'x_offset': -5, 'y_offset': -35, 'square_url': 'https://images4-g.ravelrycache.com/uploads/villahullu/882035038/IMG_20220927_131416_1_square.jpg', 'medium_url': 'https://images4-f.ravelrycache.com/uploads/villahullu/882035038/IMG_20220927_131416_1_medium.jpg', 'thumbnail_url': 'https://images4-f.ravelrycache.com/uploads/villahullu/882035038/IMG_20220927_131416_1_thumbnail.jpg', 'small_url': 'https://images4-f.ravelrycache.com/uploads/villahullu/882035038/IMG_20220927_131416_1_small.jpg', 'flickr_url': None, 'shelved_url': 'https://images4-f.ravelrycache.com/uploads/villahullu/882035038/IMG_20220927_131416_1_shelved.jpg', 'medium2_url': 'https://images4-a.ravelrycache.com/uploads/villahullu/882035038/IMG_20220927_131416_1_medium2.jpg', 'small2_url': 'https://images4-g.ravelrycache.com/uploads/villahullu/882035038/IMG_20220927_131416_1_small2.jpg', 'caption': None, 'caption_html': None, 'copyright_holder': None}, {'id': 116156330, 'sort_order': 3, 'user_id': 10021084, 'x_offset': -5, 'y_offset': -35, 'square_url': 'https://images4-f.ravelrycache.com/uploads/villahullu/882034997/IMG_20220927_131304_square.jpg', 'medium_url': 'https://images4-g.ravelrycache.com/uploads/villahullu/882034997/IMG_20220927_131304_medium.jpg', 'thumbnail_url': 'https://images4-g.ravelrycache.com/uploads/villahullu/882034997/IMG_20220927_131304_thumbnail.jpg', 'small_url': 'https://images4-g.ravelrycache.com/uploads/villahullu/882034997/IMG_20220927_131304_small.jpg', 'flickr_url': None, 'shelved_url': 'https://images4-g.ravelrycache.com/uploads/villahullu/882034997/IMG_20220927_131304_shelved.jpg', 'medium2_url': 'https://images4-a.ravelrycache.com/uploads/villahullu/882034997/IMG_20220927_131304_medium2.jpg', 'small2_url': 'https://images4-f.ravelrycache.com/uploads/villahullu/882034997/IMG_20220927_131304_small2.jpg', 'caption': None, 'caption_html': None, 'copyright_holder': None}, {'id': 116156331, 'sort_order': 4, 'user_id': 10021084, 'x_offset': -5, 'y_offset': -35, 'square_url': 'https://images4-f.ravelrycache.com/uploads/villahullu/882035006/IMG_20220927_131056_square.jpg', 'medium_url': 'https://images4-g.ravelrycache.com/uploads/villahullu/882035006/IMG_20220927_131056_medium.jpg', 'thumbnail_url': 'https://images4-g.ravelrycache.com/uploads/villahullu/882035006/IMG_20220927_131056_thumbnail.jpg', 'small_url': 'https://images4-g.ravelrycache.com/uploads/villahullu/882035006/IMG_20220927_131056_small.jpg', 'flickr_url': None, 'shelved_url': 'https://images4-g.ravelrycache.com/uploads/villahullu/882035006/IMG_20220927_131056_shelved.jpg', 'medium2_url': 'https://images4-a.ravelrycache.com/uploads/villahullu/882035006/IMG_20220927_131056_medium2.jpg', 'small2_url': 'https://images4-f.ravelrycache.com/uploads/villahullu/882035006/IMG_20220927_131056_small2.jpg', 'caption': None, 'caption_html': None, 'copyright_holder': None}, {'id': 116172819, 'sort_order': 5, 'user_id': 10021084, 'x_offset': -5, 'y_offset': -35, 'square_url': 'https://images4-f.ravelrycache.com/uploads/villahullu/882169574/20221019_203120_square.jpg', 'medium_url': 'https://images4-g.ravelrycache.com/uploads/villahullu/882169574/20221019_203120_medium.jpg', 'thumbnail_url': 'https://images4-g.ravelrycache.com/uploads/villahullu/882169574/20221019_203120_thumbnail.jpg', 'small_url': 'https://images4-g.ravelrycache.com/uploads/villahullu/882169574/20221019_203120_small.jpg', 'flickr_url': None, 'shelved_url': 'https://images4-f.ravelrycache.com/uploads/villahullu/882169574/20221019_203120_shelved.jpg', 'medium2_url': 'https://images4-a.ravelrycache.com/uploads/villahullu/882169574/20221019_203120_medium2.jpg', 'small2_url': 'https://images4-f.ravelrycache.com/uploads/villahullu/882169574/20221019_203120_small2.jpg', 'caption': None, 'caption_html': None, 'copyright_holder': None}, {'id': 116172820, 'sort_order': 6, 'user_id': 10021084, 'x_offset': -5, 'y_offset': -35, 'square_url': 'https://images4-g.ravelrycache.com/uploads/villahullu/882169576/20221019_203220_square.jpg', 'medium_url': 'https://images4-f.ravelrycache.com/uploads/villahullu/882169576/20221019_203220_medium.jpg', 'thumbnail_url': 'https://images4-f.ravelrycache.com/uploads/villahullu/882169576/20221019_203220_thumbnail.jpg', 'small_url': 'https://images4-g.ravelrycache.com/uploads/villahullu/882169576/20221019_203220_small.jpg', 'flickr_url': None, 'shelved_url': 'https://images4-g.ravelrycache.com/uploads/villahullu/882169576/20221019_203220_shelved.jpg', 'medium2_url': 'https://images4-a.ravelrycache.com/uploads/villahullu/882169576/20221019_203220_medium2.jpg', 'small2_url': 'https://images4-g.ravelrycache.com/uploads/villahullu/882169576/20221019_203220_small2.jpg', 'caption': None, 'caption_html': None, 'copyright_holder': None}, {'id': 116156332, 'sort_order': 7, 'user_id': 10021084, 'x_offset': -5, 'y_offset': -35, 'square_url': 'https://images4-f.ravelrycache.com/uploads/villahullu/882035001/image3_square.jpeg', 'medium_url': 'https://images4-f.ravelrycache.com/uploads/villahullu/882035001/image3_medium.jpeg', 'thumbnail_url': 'https://images4-f.ravelrycache.com/uploads/villahullu/882035001/image3_thumbnail.jpeg', 'small_url': 'https://images4-g.ravelrycache.com/uploads/villahullu/882035001/image3_small.jpeg', 'flickr_url': None, 'shelved_url': 'https://images4-g.ravelrycache.com/uploads/villahullu/882035001/image3_shelved.jpeg', 'medium2_url': 'https://images4-a.ravelrycache.com/uploads/villahullu/882035001/image3_medium2.jpeg', 'small2_url': 'https://images4-g.ravelrycache.com/uploads/villahullu/882035001/image3_small2.jpeg', 'caption': None, 'caption_html': None, 'copyright_holder': None}, {'id': 116156333, 'sort_order': 8, 'user_id': 10021084, 'x_offset': -5, 'y_offset': -35, 'square_url': 'https://images4-g.ravelrycache.com/uploads/villahullu/882035017/image0_square.jpeg', 'medium_url': 'https://images4-g.ravelrycache.com/uploads/villahullu/882035017/image0_medium.jpeg', 'thumbnail_url': 'https://images4-f.ravelrycache.com/uploads/villahullu/882035017/image0_thumbnail.jpeg', 'small_url': 'https://images4-f.ravelrycache.com/uploads/villahullu/882035017/image0_small.jpeg', 'flickr_url': None, 'shelved_url': 'https://images4-f.ravelrycache.com/uploads/villahullu/882035017/image0_shelved.jpeg', 'medium2_url': 'https://images4-a.ravelrycache.com/uploads/villahullu/882035017/image0_medium2.jpeg', 'small2_url': 'https://images4-f.ravelrycache.com/uploads/villahullu/882035017/image0_small2.jpeg', 'caption': None, 'caption_html': None, 'copyright_holder': None}, {'id': 116156334, 'sort_order': 9, 'user_id': 10021084, 'x_offset': 0, 'y_offset': -20, 'square_url': 'https://images4-g.ravelrycache.com/uploads/villahullu/882035023/image0-1_square.jpeg', 'medium_url': 'https://images4-g.ravelrycache.com/uploads/villahullu/882035023/image0-1_medium.jpeg', 'thumbnail_url': 'https://images4-g.ravelrycache.com/uploads/villahullu/882035023/image0-1_thumbnail.jpeg', 'small_url': 'https://images4-f.ravelrycache.com/uploads/villahullu/882035023/image0-1_small_best_fit.jpeg', 'flickr_url': None, 'shelved_url': 'https://images4-f.ravelrycache.com/uploads/villahullu/882035023/image0-1_shelved.jpeg', 'medium2_url': 'https://images4-a.ravelrycache.com/uploads/villahullu/882035023/image0-1_medium2.jpeg', 'small2_url': 'https://images4-f.ravelrycache.com/uploads/villahullu/882035023/image0-1_small2.jpeg', 'caption': None, 'caption_html': None, 'copyright_holder': None}, {'id': 116156335, 'sort_order': 10, 'user_id': 10021084, 'x_offset': 0, 'y_offset': -43, 'square_url': 'https://images4-f.ravelrycache.com/uploads/villahullu/882034996/DSC_0681_square.JPG', 'medium_url': 'https://images4-g.ravelrycache.com/uploads/villahullu/882034996/DSC_0681_medium.JPG', 'thumbnail_url': 'https://images4-g.ravelrycache.com/uploads/villahullu/882034996/DSC_0681_thumbnail.JPG', 'small_url': 'https://images4-f.ravelrycache.com/uploads/villahullu/882034996/DSC_0681_small_best_fit.JPG', 'flickr_url': None, 'shelved_url': 'https://images4-f.ravelrycache.com/uploads/villahullu/882034996/DSC_0681_shelved.JPG', 'medium2_url': 'https://images4-a.ravelrycache.com/uploads/villahullu/882034996/DSC_0681_medium2.JPG', 'small2_url': 'https://images4-f.ravelrycache.com/uploads/villahullu/882034996/DSC_0681_small2.JPG', 'caption': None, 'caption_html': None, 'copyright_holder': None}, {'id': 116156336, 'sort_order': 11, 'user_id': 10021084, 'x_offset': -5, 'y_offset': -35, 'square_url': 'https://images4-g.ravelrycache.com/uploads/villahullu/882035043/20221019_124557_square.jpg', 'medium_url': 'https://images4-f.ravelrycache.com/uploads/villahullu/882035043/20221019_124557_medium.jpg', 'thumbnail_url': 'https://images4-f.ravelrycache.com/uploads/villahullu/882035043/20221019_124557_thumbnail.jpg', 'small_url': 'https://images4-g.ravelrycache.com/uploads/villahullu/882035043/20221019_124557_small.jpg', 'flickr_url': None, 'shelved_url': 'https://images4-f.ravelrycache.com/uploads/villahullu/882035043/20221019_124557_shelved.jpg', 'medium2_url': 'https://images4-a.ravelrycache.com/uploads/villahullu/882035043/20221019_124557_medium2.jpg', 'small2_url': 'https://images4-g.ravelrycache.com/uploads/villahullu/882035043/20221019_124557_small2.jpg', 'caption': None, 'caption_html': None, 'copyright_holder': None}, {'id': 116156337, 'sort_order': 12, 'user_id': 10021084, 'x_offset': 0, 'y_offset': -14, 'square_url': 'https://images4-f.ravelrycache.com/uploads/villahullu/882035012/20221018_122505_square.jpg', 'medium_url': 'https://images4-g.ravelrycache.com/uploads/villahullu/882035012/20221018_122505_medium.jpg', 'thumbnail_url': 'https://images4-f.ravelrycache.com/uploads/villahullu/882035012/20221018_122505_thumbnail.jpg', 'small_url': 'https://images4-g.ravelrycache.com/uploads/villahullu/882035012/20221018_122505_small_best_fit.jpg', 'flickr_url': None, 'shelved_url': 'https://images4-f.ravelrycache.com/uploads/villahullu/882035012/20221018_122505_shelved.jpg', 'medium2_url': 'https://images4-a.ravelrycache.com/uploads/villahullu/882035012/20221018_122505_medium2.jpg', 'small2_url': 'https://images4-f.ravelrycache.com/uploads/villahullu/882035012/20221018_122505_small2.jpg', 'caption': None, 'caption_html': None, 'copyright_holder': None}, {'id': 116156338, 'sort_order': 13, 'user_id': 10021084, 'x_offset': 0, 'y_offset': -49, 'square_url': 'https://images4-f.ravelrycache.com/uploads/villahullu/882035000/20221011_101420_square.jpg', 'medium_url': 'https://images4-g.ravelrycache.com/uploads/villahullu/882035000/20221011_101420_medium.jpg', 'thumbnail_url': 'https://images4-f.ravelrycache.com/uploads/villahullu/882035000/20221011_101420_thumbnail.jpg', 'small_url': 'https://images4-g.ravelrycache.com/uploads/villahullu/882035000/20221011_101420_small_best_fit.jpg', 'flickr_url': None, 'shelved_url': 'https://images4-f.ravelrycache.com/uploads/villahullu/882035000/20221011_101420_shelved.jpg', 'medium2_url': 'https://images4-a.ravelrycache.com/uploads/villahullu/882035000/20221011_101420_medium2.jpg', 'small2_url': 'https://images4-f.ravelrycache.com/uploads/villahullu/882035000/20221011_101420_small2.jpg', 'caption': None, 'caption_html': None, 'copyright_holder': None}, {'id': 116156339, 'sort_order': 14, 'user_id': 10021084, 'x_offset': -5, 'y_offset': -35, 'square_url': 'https://images4-f.ravelrycache.com/uploads/villahullu/882035018/20221008_164514_square.jpg', 'medium_url': 'https://images4-g.ravelrycache.com/uploads/villahullu/882035018/20221008_164514_medium.jpg', 'thumbnail_url': 'https://images4-f.ravelrycache.com/uploads/villahullu/882035018/20221008_164514_thumbnail.jpg', 'small_url': 'https://images4-g.ravelrycache.com/uploads/villahullu/882035018/20221008_164514_small.jpg', 'flickr_url': None, 'shelved_url': 'https://images4-f.ravelrycache.com/uploads/villahullu/882035018/20221008_164514_shelved.jpg', 'medium2_url': 'https://images4-a.ravelrycache.com/uploads/villahullu/882035018/20221008_164514_medium2.jpg', 'small2_url': 'https://images4-f.ravelrycache.com/uploads/villahullu/882035018/20221008_164514_small2.jpg', 'caption': None, 'caption_html': None, 'copyright_holder': None}]"
sweater Nerine,Monika Tuzar,1280959,https://www.ravelry.com/patterns/library/sweater-nerine,False,https://images4-a.ravelrycache.com/uploads/MonikaTuzar/882204884/svetr_Nerine__10__medium2.jpg,Knitting,"['female', 'unisex', 'teen', 'adult', 'petite', 'plus', 'no-ease', 'fitted', 'bobble-or-popcorn', 'cables', 'lace', 'circular-yoke', 'crew-neck', 'long-sleeve', 'one-piece', 'seamless', 'short-rows', 'top-down', 'chart', 'written-pattern', 'bracelet-sleeve', 'in-the-round', 'braids-plaiting', 'schematic']",26.0,0.0,True,4.0,,pullover,Fingering,9,4.0,"36, 38, 40, 42, 44, 46, 48","[{'id': 116179435, 'sort_order': 1, 'user_id': 6573362, 'x_offset': -5, 'y_offset': -35, 'square_url': 'https://images4-f.ravelrycache.com/uploads/MonikaTuzar/882204884/svetr_Nerine__10__square.jpg', 'medium_url': 'https://images4-g.ravelrycache.com/uploads/MonikaTuzar/882204884/svetr_Nerine__10__medium.jpg', 'thumbnail_url': 'https://images4-f.ravelrycache.com/uploads/MonikaTuzar/882204884/svetr_Nerine__10__thumbnail.jpg', 'small_url': 'https://images4-f.ravelrycache.com/uploads/MonikaTuzar/882204884/svetr_Nerine__10__small.jpg', 'flickr_url': None, 'shelved_url': 'https://images4-g.ravelrycache.com/uploads/MonikaTuzar/882204884/svetr_Nerine__10__shelved.jpg', 'medium2_url': 'https://images4-a.ravelrycache.com/uploads/MonikaTuzar/882204884/svetr_Nerine__10__medium2.jpg', 'small2_url': 'https://images4-f.ravelrycache.com/uploads/MonikaTuzar/882204884/svetr_Nerine__10__small2.jpg', 'caption': None, 'caption_html': None, 'copyright_holder': None}, {'id': 116179436, 'sort_order': 2, 'user_id': 6573362, 'x_offset': -35, 'y_offset': -5, 'square_url': 'https://images4-g.ravelrycache.com/uploads/MonikaTuzar/882204882/svetr_Nerine__9__square.jpg', 'medium_url': 'https://images4-f.ravelrycache.com/uploads/MonikaTuzar/882204882/svetr_Nerine__9__medium.jpg', 'thumbnail_url': 'https://images4-g.ravelrycache.com/uploads/MonikaTuzar/882204882/svetr_Nerine__9__thumbnail.jpg', 'small_url': 'https://images4-g.ravelrycache.com/uploads/MonikaTuzar/882204882/svetr_Nerine__9__small.jpg', 'flickr_url': None, 'shelved_url': 'https://images4-f.ravelrycache.com/uploads/MonikaTuzar/882204882/svetr_Nerine__9__shelved.jpg', 'medium2_url': 'https://images4-a.ravelrycache.com/uploads/MonikaTuzar/882204882/svetr_Nerine__9__medium2.jpg', 'small2_url': 'https://images4-g.ravelrycache.com/uploads/MonikaTuzar/882204882/svetr_Nerine__9__small2.jpg', 'caption': None, 'caption_html': None, 'copyright_holder': None}, {'id': 116179437, 'sort_order': 3, 'user_id': 6573362, 'x_offset': -5, 'y_offset': -35, 'square_url': 'https://images4-f.ravelrycache.com/uploads/MonikaTuzar/882204883/svetr_Nerine__8__square.jpg', 'medium_url': 'https://images4-g.ravelrycache.com/uploads/MonikaTuzar/882204883/svetr_Nerine__8__medium.jpg', 'thumbnail_url': 'https://images4-g.ravelrycache.com/uploads/MonikaTuzar/882204883/svetr_Nerine__8__thumbnail.jpg', 'small_url': 'https://images4-f.ravelrycache.com/uploads/MonikaTuzar/882204883/svetr_Nerine__8__small.jpg', 'flickr_url': None, 'shelved_url': 'https://images4-g.ravelrycache.com/uploads/MonikaTuzar/882204883/svetr_Nerine__8__shelved.jpg', 'medium2_url': 'https://images4-a.ravelrycache.com/uploads/MonikaTuzar/882204883/svetr_Nerine__8__medium2.jpg', 'small2_url': 'https://images4-f.ravelrycache.com/uploads/MonikaTuzar/882204883/svetr_Nerine__8__small2.jpg', 'caption': None, 'caption_html': None, 'copyright_holder': None}, {'id': 116179438, 'sort_order': 4, 'user_id': 6573362, 'x_offset': -35, 'y_offset': -5, 'square_url': 'https://images4-f.ravelrycache.com/uploads/MonikaTuzar/882204880/svetr_Nerine__3__square.jpg', 'medium_url': 'https://images4-g.ravelrycache.com/uploads/MonikaTuzar/882204880/svetr_Nerine__3__medium.jpg', 'thumbnail_url': 'https://images4-f.ravelrycache.com/uploads/MonikaTuzar/882204880/svetr_Nerine__3__thumbnail.jpg', 'small_url': 'https://images4-g.ravelrycache.com/uploads/MonikaTuzar/882204880/svetr_Nerine__3__small.jpg', 'flickr_url': None, 'shelved_url': 'https://images4-f.ravelrycache.com/uploads/MonikaTuzar/882204880/svetr_Nerine__3__shelved.jpg', 'medium2_url': 'https://images4-a.ravelrycache.com/uploads/MonikaTuzar/882204880/svetr_Nerine__3__medium2.jpg', 'small2_url': 'https://images4-f.ravelrycache.com/uploads/MonikaTuzar/882204880/svetr_Nerine__3__small2.jpg', 'caption': None, 'caption_html': None, 'copyright_holder': None}, {'id': 116179439, 'sort_order': 5, 'user_id': 6573362, 'x_offset': -5, 'y_offset': -35, 'square_url': 'https://images4-g.ravelrycache.com/uploads/MonikaTuzar/882204881/svetr_Nerine__5__square.jpg', 'medium_url': 'https://images4-f.ravelrycache.com/uploads/MonikaTuzar/882204881/svetr_Nerine__5__medium.jpg', 'thumbnail_url': 'https://images4-g.ravelrycache.com/uploads/MonikaTuzar/882204881/svetr_Nerine__5__thumbnail.jpg', 'small_url': 'https://images4-f.ravelrycache.com/uploads/MonikaTuzar/882204881/svetr_Nerine__5__small.jpg', 'flickr_url': None, 'shelved_url': 'https://images4-g.ravelrycache.com/uploads/MonikaTuzar/882204881/svetr_Nerine__5__shelved.jpg', 'medium2_url': 'https://images4-a.ravelrycache.com/uploads/MonikaTuzar/882204881/svetr_Nerine__5__medium2.jpg', 'small2_url': 'https://images4-g.ravelrycache.com/uploads/MonikaTuzar/882204881/svetr_Nerine__5__small2.jpg', 'caption': None, 'caption_html': None, 'copyright_holder': None}, {'id': 116179440, 'sort_order': 6, 'user_id': 6573362, 'x_offset': -5, 'y_offset': -35, 'square_url': 'https://images4-f.ravelrycache.com/uploads/MonikaTuzar/882204879/svetr_Nerine__1__square.jpg', 'medium_url': 'https://images4-g.ravelrycache.com/uploads/MonikaTuzar/882204879/svetr_Nerine__1__medium.jpg', 'thumbnail_url': 'https://images4-g.ravelrycache.com/uploads/MonikaTuzar/882204879/svetr_Nerine__1__thumbnail.jpg', 'small_url': 'https://images4-f.ravelrycache.com/uploads/MonikaTuzar/882204879/svetr_Nerine__1__small.jpg', 'flickr_url': None, 'shelved_url': 'https://images4-f.ravelrycache.com/uploads/MonikaTuzar/882204879/svetr_Nerine__1__shelved.jpg', 'medium2_url': 'https://images4-a.ravelrycache.com/uploads/MonikaTuzar/882204879/svetr_Nerine__1__medium2.jpg', 'small2_url': 'https://images4-f.ravelrycache.com/uploads/MonikaTuzar/882204879/svetr_Nerine__1__small2.jpg', 'caption': None, 'caption_html': None, 'copyright_holder': None}]"
No. 3 Marina Sweater,Sandnes Design,1281065,https://www.ravelry.com/patterns/library/no-3-marina-sweater,False,https://images4-a.ravelrycache.com/uploads/mfrengen/882291377/AAEA0596-D303-4E9A-A294-F305AD47B315_medium2.jpeg,Knitting,"['female', 'adult', 'raglan-sleeve', 'top-down', 'written-pattern', 'stripes-colorwork']",20.0,3.3333333333333335,True,4.0,,pullover,Worsted,9,4.666666666666667,XXS	XS	S	M	L	XL	XXL	XXXL,"[{'id': 116188153, 'sort_order': 1, 'user_id': 6152382, 'x_offset': -7, 'y_offset': -52, 'square_url': 'https://images4-g.ravelrycache.com/uploads/mfrengen/882291377/AAEA0596-D303-4E9A-A294-F305AD47B315_square.jpeg', 'medium_url': 'https://images4-g.ravelrycache.com/uploads/mfrengen/882291377/AAEA0596-D303-4E9A-A294-F305AD47B315_medium.jpeg', 'thumbnail_url': 'https://images4-g.ravelrycache.com/uploads/mfrengen/882291377/AAEA0596-D303-4E9A-A294-F305AD47B315_thumbnail.jpeg', 'small_url': 'https://images4-f.ravelrycache.com/uploads/mfrengen/882291377/AAEA0596-D303-4E9A-A294-F305AD47B315_small.jpeg', 'flickr_url': None, 'shelved_url': 'https://images4-g.ravelrycache.com/uploads/mfrengen/882291377/AAEA0596-D303-4E9A-A294-F305AD47B315_shelved.jpeg', 'medium2_url': 'https://images4-a.ravelrycache.com/uploads/mfrengen/882291377/AAEA0596-D303-4E9A-A294-F305AD47B315_medium2.jpeg', 'small2_url': 'https://images4-f.ravelrycache.com/uploads/mfrengen/882291377/AAEA0596-D303-4E9A-A294-F305AD47B315_small2.jpeg', 'caption': None, 'caption_html': None, 'copyright_holder': None}, {'id': 116188152, 'sort_order': 2, 'user_id': 6152382, 'x_offset': -8, 'y_offset': 1, 'square_url': 'https://images4-f.ravelrycache.com/uploads/mfrengen/882291376/12893BC4-0F09-42FA-A659-0C57EC0C7F96_square.jpeg', 'medium_url': 'https://images4-f.ravelrycache.com/uploads/mfrengen/882291376/12893BC4-0F09-42FA-A659-0C57EC0C7F96_medium.jpeg', 'thumbnail_url': 'https://images4-f.ravelrycache.com/uploads/mfrengen/882291376/12893BC4-0F09-42FA-A659-0C57EC0C7F96_thumbnail.jpeg', 'small_url': 'https://images4-f.ravelrycache.com/uploads/mfrengen/882291376/12893BC4-0F09-42FA-A659-0C57EC0C7F96_small.jpeg', 'flickr_url': None, 'shelved_url': 'https://images4-f.ravelrycache.com/uploads/mfrengen/882291376/12893BC4-0F09-42FA-A659-0C57EC0C7F96_shelved.jpeg', 'medium2_url': 'https://images4-a.ravelrycache.com/uploads/mfrengen/882291376/12893BC4-0F09-42FA-A659-0C57EC0C7F96_medium2.jpeg', 'small2_url': 'https://images4-g.ravelrycache.com/uploads/mfrengen/882291376/12893BC4-0F09-42FA-A659-0C57EC0C7F96_small2.jpeg', 'caption': None, 'caption_html': None, 'copyright_holder': None}, {'id': 116188154, 'sort_order': 3, 'user_id': 6152382, 'x_offset': -8, 'y_offset': -53, 'square_url': 'https://images4-f.ravelrycache.com/uploads/mfrengen/882291378/17075B57-E0DD-48D1-BE4C-F6390AF16695_square.jpeg', 'medium_url': 'https://images4-f.ravelrycache.com/uploads/mfrengen/882291378/17075B57-E0DD-48D1-BE4C-F6390AF16695_medium.jpeg', 'thumbnail_url': 'https://images4-f.ravelrycache.com/uploads/mfrengen/882291378/17075B57-E0DD-48D1-BE4C-F6390AF16695_thumbnail.jpeg', 'small_url': 'https://images4-g.ravelrycache.com/uploads/mfrengen/882291378/17075B57-E0DD-48D1-BE4C-F6390AF16695_small.jpeg', 'flickr_url': None, 'shelved_url': 'https://images4-f.ravelrycache.com/uploads/mfrengen/882291378/17075B57-E0DD-48D1-BE4C-F6390AF16695_shelved.jpeg', 'medium2_url': 'https://images4-a.ravelrycache.com/uploads/mfrengen/882291378/17075B57-E0DD-48D1-BE4C-F6390AF16695_medium2.jpeg', 'small2_url': 'https://images4-g.ravelrycache.com/uploads/mfrengen/882291378/17075B57-E0DD-48D1-BE4C-F6390AF16695_small2.jpeg', 'caption': None, 'caption_html': None, 'copyright_holder': None}]"
The Notorious Kids Hoodie,Elida Virack,1281137,https://www.ravelry.com/patterns/library/the-notorious-kids-hoodie,False,https://images4-a.ravelrycache.com/uploads/ElidaVirack/882341162/IMG20221010172301_4_medium2.jpg,Knitting,"['unisex', 'toddler', 'child', 'hood', 'straight', 'icord', 'seamless', 'short-rows', 'top-down', 'positive-ease', 'written-pattern', 'worked-flat', 'in-the-round', 'icord-edging', 'twisted-stitches', 'three-needle-bind']",18.0,4.0,True,4.0,,child,DK,21,4.875,"92, 98, 104, 110, 116, 122, 128, 134, 140, 146, 152 ","[{'id': 116194423, 'sort_order': 1, 'user_id': 10356560, 'x_offset': 0, 'y_offset': -23, 'square_url': 'https://images4-f.ravelrycache.com/uploads/ElidaVirack/882341162/IMG20221010172301_4_square.jpg', 'medium_url': 'https://images4-g.ravelrycache.com/uploads/ElidaVirack/882341162/IMG20221010172301_4_medium.jpg', 'thumbnail_url': 'https://images4-g.ravelrycache.com/uploads/ElidaVirack/882341162/IMG20221010172301_4_thumbnail.jpg', 'small_url': 'https://images4-f.ravelrycache.com/uploads/ElidaVirack/882341162/IMG20221010172301_4_small_best_fit.jpg', 'flickr_url': None, 'shelved_url': 'https://images4-g.ravelrycache.com/uploads/ElidaVirack/882341162/IMG20221010172301_4_shelved.jpg', 'medium2_url': 'https://images4-a.ravelrycache.com/uploads/ElidaVirack/882341162/IMG20221010172301_4_medium2.jpg', 'small2_url': 'https://images4-f.ravelrycache.com/uploads/ElidaVirack/882341162/IMG20221010172301_4_small2.jpg', 'caption': None, 'caption_html': None, 'copyright_holder': None}, {'id': 116194424, 'sort_order': 2, 'user_id': 10356560, 'x_offset': -5, 'y_offset': -35, 'square_url': 'https://images4-f.ravelrycache.com/uploads/ElidaVirack/882341170/IMG20221010172255_2_square.jpg', 'medium_url': 'https://images4-g.ravelrycache.com/uploads/ElidaVirack/882341170/IMG20221010172255_2_medium.jpg', 'thumbnail_url': 'https://images4-f.ravelrycache.com/uploads/ElidaVirack/882341170/IMG20221010172255_2_thumbnail.jpg', 'small_url': 'https://images4-f.ravelrycache.com/uploads/ElidaVirack/882341170/IMG20221010172255_2_small.jpg', 'flickr_url': None, 'shelved_url': 'https://images4-g.ravelrycache.com/uploads/ElidaVirack/882341170/IMG20221010172255_2_shelved.jpg', 'medium2_url': 'https://images4-a.ravelrycache.com/uploads/ElidaVirack/882341170/IMG20221010172255_2_medium2.jpg', 'small2_url': 'https://images4-f.ravelrycache.com/uploads/ElidaVirack/882341170/IMG20221010172255_2_small2.jpg', 'caption': None, 'caption_html': None, 'copyright_holder': None}, {'id': 116194425, 'sort_order': 3, 'user_id': 10356560, 'x_offset': -5, 'y_offset': -35, 'square_url': 'https://images4-f.ravelrycache.com/uploads/ElidaVirack/882341169/IMG20221010172407_2_square.jpg', 'medium_url': 'https://images4-g.ravelrycache.com/uploads/ElidaVirack/882341169/IMG20221010172407_2_medium.jpg', 'thumbnail_url': 'https://images4-f.ravelrycache.com/uploads/ElidaVirack/882341169/IMG20221010172407_2_thumbnail.jpg', 'small_url': 'https://images4-f.ravelrycache.com/uploads/ElidaVirack/882341169/IMG20221010172407_2_small.jpg', 'flickr_url': None, 'shelved_url': 'https://images4-g.ravelrycache.com/uploads/ElidaVirack/882341169/IMG20221010172407_2_shelved.jpg', 'medium2_url': 'https://images4-a.ravelrycache.com/uploads/ElidaVirack/882341169/IMG20221010172407_2_medium2.jpg', 'small2_url': 'https://images4-f.ravelrycache.com/uploads/ElidaVirack/882341169/IMG20221010172407_2_small2.jpg', 'caption': None, 'caption_html': None, 'copyright_holder': None}, {'id': 116194426, 'sort_order': 4, 'user_id': 10356560, 'x_offset': 0, 'y_offset': -11, 'square_url': 'https://images4-f.ravelrycache.com/uploads/ElidaVirack/882341161/IMG20221010172341_2_square.jpg', 'medium_url': 'https://images4-g.ravelrycache.com/uploads/ElidaVirack/882341161/IMG20221010172341_2_medium.jpg', 'thumbnail_url': 'https://images4-f.ravelrycache.com/uploads/ElidaVirack/882341161/IMG20221010172341_2_thumbnail.jpg', 'small_url': 'https://images4-g.ravelrycache.com/uploads/ElidaVirack/882341161/IMG20221010172341_2_small_best_fit.jpg', 'flickr_url': None, 'shelved_url': 'https://images4-g.ravelrycache.com/uploads/ElidaVirack/882341161/IMG20221010172341_2_shelved.jpg', 'medium2_url': 'https://images4-a.ravelrycache.com/uploads/ElidaVirack/882341161/IMG20221010172341_2_medium2.jpg', 'small2_url': 'https://images4-f.ravelrycache.com/uploads/ElidaVirack/882341161/IMG20221010172341_2_small2.jpg', 'caption': None, 'caption_html': None, 'copyright_holder': None}, {'id': 116194427, 'sort_order': 5, 'user_id': 10356560, 'x_offset': -5, 'y_offset': -35, 'square_url': 'https://images4-g.ravelrycache.com/uploads/ElidaVirack/882341171/IMG20221010172418_2_square.jpg', 'medium_url': 'https://images4-f.ravelrycache.com/uploads/ElidaVirack/882341171/IMG20221010172418_2_medium.jpg', 'thumbnail_url': 'https://images4-f.ravelrycache.com/uploads/ElidaVirack/882341171/IMG20221010172418_2_thumbnail.jpg', 'small_url': 'https://images4-g.ravelrycache.com/uploads/ElidaVirack/882341171/IMG20221010172418_2_small.jpg', 'flickr_url': None, 'shelved_url': 'https://images4-g.ravelrycache.com/uploads/ElidaVirack/882341171/IMG20221010172418_2_shelved.jpg', 'medium2_url': 'https://images4-a.ravelrycache.com/uploads/ElidaVirack/882341171/IMG20221010172418_2_medium2.jpg', 'small2_url': 'https://images4-g.ravelrycache.com/uploads/ElidaVirack/882341171/IMG20221010172418_2_small2.jpg', 'caption': None, 'caption_html': None, 'copyright_holder': None}, {'id': 116196000, 'sort_order': 6, 'user_id': 10356560, 'x_offset': 0, 'y_offset': -37, 'square_url': 'https://images4-g.ravelrycache.com/uploads/ElidaVirack/882353543/IMG20221009092620_3_square.jpg', 'medium_url': 'https://images4-f.ravelrycache.com/uploads/ElidaVirack/882353543/IMG20221009092620_3_medium.jpg', 'thumbnail_url': 'https://images4-f.ravelrycache.com/uploads/ElidaVirack/882353543/IMG20221009092620_3_thumbnail.jpg', 'small_url': 'https://images4-f.ravelrycache.com/uploads/ElidaVirack/882353543/IMG20221009092620_3_small_best_fit.jpg', 'flickr_url': None, 'shelved_url': 'https://images4-f.ravelrycache.com/uploads/ElidaVirack/882353543/IMG20221009092620_3_shelved.jpg', 'medium2_url': 'https://images4-a.ravelrycache.com/uploads/ElidaVirack/882353543/IMG20221009092620_3_medium2.jpg', 'small2_url': 'https://images4-g.ravelrycache.com/uploads/ElidaVirack/882353543/IMG20221009092620_3_small2.jpg', 'caption': None, 'caption_html': None, 'copyright_holder': None}, {'id': 116196001, 'sort_order': 7, 'user_id': 10356560, 'x_offset': 0, 'y_offset': -37, 'square_url': 'https://images4-f.ravelrycache.com/uploads/ElidaVirack/882353542/IMG20221009092553_3_square.jpg', 'medium_url': 'https://images4-g.ravelrycache.com/uploads/ElidaVirack/882353542/IMG20221009092553_3_medium.jpg', 'thumbnail_url': 'https://images4-g.ravelrycache.com/uploads/ElidaVirack/882353542/IMG20221009092553_3_thumbnail.jpg', 'small_url': 'https://images4-g.ravelrycache.com/uploads/ElidaVirack/882353542/IMG20221009092553_3_small_best_fit.jpg', 'flickr_url': None, 'shelved_url': 'https://images4-f.ravelrycache.com/uploads/ElidaVirack/882353542/IMG20221009092553_3_shelved.jpg', 'medium2_url': 'https://images4-a.ravelrycache.com/uploads/ElidaVirack/882353542/IMG20221009092553_3_medium2.jpg', 'small2_url': 'https://images4-f.ravelrycache.com/uploads/ElidaVirack/882353542/IMG20221009092553_3_small2.jpg', 'caption': None, 'caption_html': None, 'copyright_holder': None}, {'id': 116195999, 'sort_order': 8, 'user_id': 10356560, 'x_offset': 0, 'y_offset': -46, 'square_url': 'https://images4-f.ravelrycache.com/uploads/ElidaVirack/882353541/IMG20221009092841_2_square.jpg', 'medium_url': 'https://images4-g.ravelrycache.com/uploads/ElidaVirack/882353541/IMG20221009092841_2_medium.jpg', 'thumbnail_url': 'https://images4-g.ravelrycache.com/uploads/ElidaVirack/882353541/IMG20221009092841_2_thumbnail.jpg', 'small_url': 'https://images4-g.ravelrycache.com/uploads/ElidaVirack/882353541/IMG20221009092841_2_small_best_fit.jpg', 'flickr_url': None, 'shelved_url': 'https://images4-g.ravelrycache.com/uploads/ElidaVirack/882353541/IMG20221009092841_2_shelved.jpg', 'medium2_url': 'https://images4-a.ravelrycache.com/uploads/ElidaVirack/882353541/IMG20221009092841_2_medium2.jpg', 'small2_url': 'https://images4-f.ravelrycache.com/uploads/ElidaVirack/882353541/IMG20221009092841_2_small2.jpg', 'caption': None, 'caption_html': None, 'copyright_holder': None}, {'id': 116196014, 'sort_order': 9, 'user_id': 10356560, 'x_offset': -5, 'y_offset': -35, 'square_url': 'https://images4-g.ravelrycache.com/uploads/ElidaVirack/882353667/IMG20221009092821_2_square.jpg', 'medium_url': 'https://images4-f.ravelrycache.com/uploads/ElidaVirack/882353667/IMG20221009092821_2_medium.jpg', 'thumbnail_url': 'https://images4-f.ravelrycache.com/uploads/ElidaVirack/882353667/IMG20221009092821_2_thumbnail.jpg', 'small_url': 'https://images4-f.ravelrycache.com/uploads/ElidaVirack/882353667/IMG20221009092821_2_small.jpg', 'flickr_url': None, 'shelved_url': 'https://images4-g.ravelrycache.com/uploads/ElidaVirack/882353667/IMG20221009092821_2_shelved.jpg', 'medium2_url': 'https://images4-a.ravelrycache.com/uploads/ElidaVirack/882353667/IMG20221009092821_2_medium2.jpg', 'small2_url': 'https://images4-g.ravelrycache.com/uploads/ElidaVirack/882353667/IMG20221009092821_2_small2.jpg', 'caption': None, 'caption_html': None, 'copyright_holder': None}, {'id': 116196019, 'sort_order': 10, 'user_id': 10356560, 'x_offset': -1, 'y_offset': 0, 'square_url': 'https://images4-g.ravelrycache.com/uploads/ElidaVirack/882353705/IMG20221009092256_6_square.jpg', 'medium_url': 'https://images4-f.ravelrycache.com/uploads/ElidaVirack/882353705/IMG20221009092256_6_medium.jpg', 'thumbnail_url': 'https://images4-g.ravelrycache.com/uploads/ElidaVirack/882353705/IMG20221009092256_6_thumbnail.jpg', 'small_url': 'https://images4-g.ravelrycache.com/uploads/ElidaVirack/882353705/IMG20221009092256_6_small_best_fit.jpg', 'flickr_url': None, 'shelved_url': 'https://images4-f.ravelrycache.com/uploads/ElidaVirack/882353705/IMG20221009092256_6_shelved.jpg', 'medium2_url': 'https://images4-a.ravelrycache.com/uploads/ElidaVirack/882353705/IMG20221009092256_6_medium2.jpg', 'small2_url': 'https://images4-g.ravelrycache.com/uploads/ElidaVirack/882353705/IMG20221009092256_6_small2.jpg', 'caption': None, 'caption_html': None, 'copyright_holder': None}, {'id': 116196020, 'sort_order': 11, 'user_id': 10356560, 'x_offset': -1, 'y_offset': -8, 'square_url': 'https://images4-f.ravelrycache.com/uploads/ElidaVirack/882353706/IMG20221009092311_2_square.jpg', 'medium_url': 'https://images4-g.ravelrycache.com/uploads/ElidaVirack/882353706/IMG20221009092311_2_medium.jpg', 'thumbnail_url': 'https://images4-g.ravelrycache.com/uploads/ElidaVirack/882353706/IMG20221009092311_2_thumbnail.jpg', 'small_url': 'https://images4-f.ravelrycache.com/uploads/ElidaVirack/882353706/IMG20221009092311_2_small_best_fit.jpg', 'flickr_url': None, 'shelved_url': 'https://images4-g.ravelrycache.com/uploads/ElidaVirack/882353706/IMG20221009092311_2_shelved.jpg', 'medium2_url': 'https://images4-a.ravelrycache.com/uploads/ElidaVirack/882353706/IMG20221009092311_2_medium2.jpg', 'small2_url': 'https://images4-f.ravelrycache.com/uploads/ElidaVirack/882353706/IMG20221009092311_2_small2.jpg', 'caption': None, 'caption_html': None, 'copyright_holder': None}]"
236-20 November Breeze,DROPS design,1281156,https://www.ravelry.com/patterns/library/236-20-november-breeze,True,https://images4-a.ravelrycache.com/uploads/Drops/882348444/20c-2_medium2.jpg,Knitting,"['female', 'teen', 'adult', 'surplice-neck', 'sleeves', 'long-sleeve', 'set-in-sleeve', 'bottom-up', 'written-pattern', 'worked-flat', 'in-the-round', 'schematic', 'oversized', 'seamed']",16.0,2.0,True,4.0,stocking stitch with larger needles,pullover,Aran,6,4.75,S – M – L – XL – XXL – XXXL,"[{'id': 116195290, 'sort_order': 1, 'user_id': 32910, 'x_offset': 0, 'y_offset': -43, 'square_url': 'https://images4-f.ravelrycache.com/uploads/Drops/882348444/20c-2_square.jpg', 'medium_url': 'https://images4-g.ravelrycache.com/uploads/Drops/882348444/20c-2_medium.jpg', 'thumbnail_url': 'https://images4-g.ravelrycache.com/uploads/Drops/882348444/20c-2_thumbnail.jpg', 'small_url': 'https://images4-f.ravelrycache.com/uploads/Drops/882348444/20c-2_small_best_fit.jpg', 'flickr_url': None, 'shelved_url': 'https://images4-f.ravelrycache.com/uploads/Drops/882348444/20c-2_shelved.jpg', 'medium2_url': 'https://images4-a.ravelrycache.com/uploads/Drops/882348444/20c-2_medium2.jpg', 'small2_url': 'https://images4-f.ravelrycache.com/uploads/Drops/882348444/20c-2_small2.jpg', 'caption': None, 'caption_html': None, 'copyright_holder': None}, {'id': 116195288, 'sort_order': 2, 'user_id': 32910, 'x_offset': -1, 'y_offset': -30, 'square_url': 'https://images4-g.ravelrycache.com/uploads/Drops/882348447/20-2_square.jpg', 'medium_url': 'https://images4-f.ravelrycache.com/uploads/Drops/882348447/20-2_medium.jpg', 'thumbnail_url': 'https://images4-f.ravelrycache.com/uploads/Drops/882348447/20-2_thumbnail.jpg', 'small_url': 'https://images4-f.ravelrycache.com/uploads/Drops/882348447/20-2_small_best_fit.jpg', 'flickr_url': None, 'shelved_url': 'https://images4-f.ravelrycache.com/uploads/Drops/882348447/20-2_shelved.jpg', 'medium2_url': 'https://images4-a.ravelrycache.com/uploads/Drops/882348447/20-2_medium2.jpg', 'small2_url': 'https://images4-g.ravelrycache.com/uploads/Drops/882348447/20-2_small2.jpg', 'caption': None, 'caption_html': None, 'copyright_holder': None}, {'id': 116195289, 'sort_order': 3, 'user_id': 32910, 'x_offset': 0, 'y_offset': -47, 'square_url': 'https://images4-g.ravelrycache.com/uploads/Drops/882348446/20b-2_square.jpg', 'medium_url': 'https://images4-f.ravelrycache.com/uploads/Drops/882348446/20b-2_medium.jpg', 'thumbnail_url': 'https://images4-f.ravelrycache.com/uploads/Drops/882348446/20b-2_thumbnail.jpg', 'small_url': 'https://images4-f.ravelrycache.com/uploads/Drops/882348446/20b-2_small_best_fit.jpg', 'flickr_url': None, 'shelved_url': 'https://images4-g.ravelrycache.com/uploads/Drops/882348446/20b-2_shelved.jpg', 'medium2_url': 'https://images4-a.ravelrycache.com/uploads/Drops/882348446/20b-2_medium2.jpg', 'small2_url': 'https://images4-g.ravelrycache.com/uploads/Drops/882348446/20b-2_small2.jpg', 'caption': None, 'caption_html': None, 'copyright_holder': None}]"
235-34 Rivière,DROPS design,1281164,https://www.ravelry.com/patterns/library/235-34-riviere,True,https://images4-a.ravelrycache.com/uploads/Drops/882349986/34-2_medium2.jpg,Knitting,"['female', 'teen', 'adult', 'petite', 'plus', 'ribbed', 'seamed', 'v-neck', 'sleeves', 'set-in-sleeve', 'bottom-up', 'written-pattern', 'worked-flat', 'in-the-round', 'schematic', 'hems']",16.0,0.0,True,4.0,stocking stitch with larger needles and 1 strand each yarn,pullover,Aran,8,0.0, XS - S - M - L - XL - XXL,"[{'id': 116195499, 'sort_order': 1, 'user_id': 32910, 'x_offset': 0, 'y_offset': -48, 'square_url': 'https://images4-g.ravelrycache.com/uploads/Drops/882349986/34-2_square.jpg', 'medium_url': 'https://images4-f.ravelrycache.com/uploads/Drops/882349986/34-2_medium.jpg', 'thumbnail_url': 'https://images4-g.ravelrycache.com/uploads/Drops/882349986/34-2_thumbnail.jpg', 'small_url': 'https://images4-f.ravelrycache.com/uploads/Drops/882349986/34-2_small_best_fit.jpg', 'flickr_url': None, 'shelved_url': 'https://images4-f.ravelrycache.com/uploads/Drops/882349986/34-2_shelved.jpg', 'medium2_url': 'https://images4-a.ravelrycache.com/uploads/Drops/882349986/34-2_medium2.jpg', 'small2_url': 'https://images4-g.ravelrycache.com/uploads/Drops/882349986/34-2_small2.jpg', 'caption': None, 'caption_html': None, 'copyright_holder': None}, {'id': 116195500, 'sort_order': 2, 'user_id': 32910, 'x_offset': -1, 'y_offset': -38, 'square_url': 'https://images4-g.ravelrycache.com/uploads/Drops/882349987/34b-2_square.jpg', 'medium_url': 'https://images4-f.ravelrycache.com/uploads/Drops/882349987/34b-2_medium.jpg', 'thumbnail_url': 'https://images4-g.ravelrycache.com/uploads/Drops/882349987/34b-2_thumbnail.jpg', 'small_url': 'https://images4-g.ravelrycache.com/uploads/Drops/882349987/34b-2_small_best_fit.jpg', 'flickr_url': None, 'shelved_url': 'https://images4-g.ravelrycache.com/uploads/Drops/882349987/34b-2_shelved.jpg', 'medium2_url': 'https://images4-a.ravelrycache.com/uploads/Drops/882349987/34b-2_medium2.jpg', 'small2_url': 'https://images4-g.ravelrycache.com/uploads/Drops/882349987/34b-2_small2.jpg', 'caption': None, 'caption_html': None, 'copyright_holder': None}, {'id': 116195501, 'sort_order': 3, 'user_id': 32910, 'x_offset': 0, 'y_offset': -47, 'square_url': 'https://images4-f.ravelrycache.com/uploads/Drops/882349988/34c-2_square.jpg', 'medium_url': 'https://images4-g.ravelrycache.com/uploads/Drops/882349988/34c-2_medium.jpg', 'thumbnail_url': 'https://images4-f.ravelrycache.com/uploads/Drops/882349988/34c-2_thumbnail.jpg', 'small_url': 'https://images4-f.ravelrycache.com/uploads/Drops/882349988/34c-2_small_best_fit.jpg', 'flickr_url': None, 'shelved_url': 'https://images4-f.ravelrycache.com/uploads/Drops/882349988/34c-2_shelved.jpg', 'medium2_url': 'https://images4-a.ravelrycache.com/uploads/Drops/882349988/34c-2_medium2.jpg', 'small2_url': 'https://images4-f.ravelrycache.com/uploads/Drops/882349988/34c-2_small2.jpg', 'caption': None, 'caption_html': None, 'copyright_holder': None}, {'id': 116195502, 'sort_order': 4, 'user_id': 32910, 'x_offset': 0, 'y_offset': -47, 'square_url': 'https://images4-g.ravelrycache.com/uploads/Drops/882349989/34d-2_square.jpg', 'medium_url': 'https://images4-f.ravelrycache.com/uploads/Drops/882349989/34d-2_medium.jpg', 'thumbnail_url': 'https://images4-g.ravelrycache.com/uploads/Drops/882349989/34d-2_thumbnail.jpg', 'small_url': 'https://images4-f.ravelrycache.com/uploads/Drops/882349989/34d-2_small_best_fit.jpg', 'flickr_url': None, 'shelved_url': 'https://images4-g.ravelrycache.com/uploads/Drops/882349989/34d-2_shelved.jpg', 'medium2_url': 'https://images4-a.ravelrycache.com/uploads/Drops/882349989/34d-2_medium2.jpg', 'small2_url': 'https://images4-g.ravelrycache.com/uploads/Drops/882349989/34d-2_small2.jpg', 'caption': None, 'caption_html': None, 'copyright_holder': None}]"
Veronica bluse,Wenche Roald,1281209,https://www.ravelry.com/patterns/library/veronica-bluse,False,https://images4-a.ravelrycache.com/uploads/knitnetty/882362020/IMG_9847_medium2.jpg,Knitting,"['female', 'adult', 'lace', 'raglan-sleeve', 'top-down', 'chart', 'written-pattern']",19.0,0.0,True,4.0,Hullmønster / Lace,pullover,Fingering,12,0.0,1 (2) 3 (4),"[{'id': 116197152, 'sort_order': 1, 'user_id': 70287, 'x_offset': 0, 'y_offset': 0, 'square_url': 'https://images4-g.ravelrycache.com/uploads/knitnetty/882362020/IMG_9847_square.jpg', 'medium_url': 'https://images4-f.ravelrycache.com/uploads/knitnetty/882362020/IMG_9847_medium.jpg', 'thumbnail_url': 'https://images4-f.ravelrycache.com/uploads/knitnetty/882362020/IMG_9847_thumbnail.jpg', 'small_url': 'https://images4-f.ravelrycache.com/uploads/knitnetty/882362020/IMG_9847_small_best_fit.jpg', 'flickr_url': None, 'shelved_url': 'https://images4-g.ravelrycache.com/uploads/knitnetty/882362020/IMG_9847_shelved.jpg', 'medium2_url': 'https://images4-a.ravelrycache.com/uploads/knitnetty/882362020/IMG_9847_medium2.jpg', 'small2_url': 'https://images4-g.ravelrycache.com/uploads/knitnetty/882362020/IMG_9847_small2.jpg', 'caption': None, 'caption_html': None, 'copyright_holder': None}, {'id': 120467945, 'sort_order': 2, 'user_id': 19799, 'x_offset': 0, 'y_offset': 0, 'square_url': 'https://images4-f.ravelrycache.com/uploads/Tris/881415152/B8A63662-B7BE-47B2-AD0C-0899CB1C0B07_square.jpeg', 'medium_url': 'https://images4-f.ravelrycache.com/uploads/Tris/881415152/B8A63662-B7BE-47B2-AD0C-0899CB1C0B07_medium.jpeg', 'thumbnail_url': 'https://images4-g.ravelrycache.com/uploads/Tris/881415152/B8A63662-B7BE-47B2-AD0C-0899CB1C0B07_thumbnail.jpeg', 'small_url': 'https://images4-g.ravelrycache.com/uploads/Tris/881415152/B8A63662-B7BE-47B2-AD0C-0899CB1C0B07_small_best_fit.jpeg', 'flickr_url': None, 'shelved_url': 'https://images4-g.ravelrycache.com/uploads/Tris/881415152/B8A63662-B7BE-47B2-AD0C-0899CB1C0B07_shelved.jpeg', 'medium2_url': 'https://images4-a.ravelrycache.com/uploads/Tris/881415152/B8A63662-B7BE-47B2-AD0C-0899CB1C0B07_medium2.jpeg', 'small2_url': 'https://images4-g.ravelrycache.com/uploads/Tris/881415152/B8A63662-B7BE-47B2-AD0C-0899CB1C0B07_small2.jpeg', 'caption': None, 'caption_html': None, 'copyright_holder': None}, {'id': 120465990, 'sort_order': 3, 'user_id': 2424999, 'x_offset': 0, 'y_offset': -4, 'square_url': 'https://images4-f.ravelrycache.com/uploads/ruthiris/877209560/C5BDC664-D24C-4489-8FFB-ED0912F7A1BD_square.jpeg', 'medium_url': 'https://images4-f.ravelrycache.com/uploads/ruthiris/877209560/C5BDC664-D24C-4489-8FFB-ED0912F7A1BD_medium.jpeg', 'thumbnail_url': 'https://images4-g.ravelrycache.com/uploads/ruthiris/877209560/C5BDC664-D24C-4489-8FFB-ED0912F7A1BD_thumbnail.jpeg', 'small_url': 'https://images4-g.ravelrycache.com/uploads/ruthiris/877209560/C5BDC664-D24C-4489-8FFB-ED0912F7A1BD_small_best_fit.jpeg', 'flickr_url': None, 'shelved_url': 'https://images4-f.ravelrycache.com/uploads/ruthiris/877209560/C5BDC664-D24C-4489-8FFB-ED0912F7A1BD_shelved.jpeg', 'medium2_url': 'https://images4-a.ravelrycache.com/uploads/ruthiris/877209560/C5BDC664-D24C-4489-8FFB-ED0912F7A1BD_medium2.jpeg', 'small2_url': 'https://images4-g.ravelrycache.com/uploads/ruthiris/877209560/C5BDC664-D24C-4489-8FFB-ED0912F7A1BD_small2.jpeg', 'caption': None, 'caption_html': None, 'copyright_holder': None}, {'id': 116197153, 'sort_order': 4, 'user_id': 70287, 'x_offset': 0, 'y_offset': 0, 'square_url': 'https://images4-g.ravelrycache.com/uploads/knitnetty/882362011/IMG_9782_square.jpg', 'medium_url': 'https://images4-f.ravelrycache.com/uploads/knitnetty/882362011/IMG_9782_medium.jpg', 'thumbnail_url': 'https://images4-g.ravelrycache.com/uploads/knitnetty/882362011/IMG_9782_thumbnail.jpg', 'small_url': 'https://images4-g.ravelrycache.com/uploads/knitnetty/882362011/IMG_9782_small_best_fit.jpg', 'flickr_url': None, 'shelved_url': 'https://images4-f.ravelrycache.com/uploads/knitnetty/882362011/IMG_9782_shelved.jpg', 'medium2_url': 'https://images4-a.ravelrycache.com/uploads/knitnetty/882362011/IMG_9782_medium2.jpg', 'small2_url': 'https://images4-g.ravelrycache.com/uploads/knitnetty/882362011/IMG_9782_small2.jpg', 'caption': None, 'caption_html': None, 'copyright_holder': None}, {'id': 116197154, 'sort_order': 5, 'user_id': 70287, 'x_offset': -5, 'y_offset': -35, 'square_url': 'https://images4-g.ravelrycache.com/uploads/knitnetty/882362127/IMG_1111_square.jpg', 'medium_url': 'https://images4-f.ravelrycache.com/uploads/knitnetty/882362127/IMG_1111_medium.jpg', 'thumbnail_url': 'https://images4-g.ravelrycache.com/uploads/knitnetty/882362127/IMG_1111_thumbnail.jpg', 'small_url': 'https://images4-g.ravelrycache.com/uploads/knitnetty/882362127/IMG_1111_small.jpg', 'flickr_url': None, 'shelved_url': 'https://images4-g.ravelrycache.com/uploads/knitnetty/882362127/IMG_1111_shelved.jpg', 'medium2_url': 'https://images4-a.ravelrycache.com/uploads/knitnetty/882362127/IMG_1111_medium2.jpg', 'small2_url': 'https://images4-g.ravelrycache.com/uploads/knitnetty/882362127/IMG_1111_small2.jpg', 'caption': None, 'caption_html': None, 'copyright_holder': None}, {'id': 116197155, 'sort_order': 6, 'user_id': 70287, 'x_offset': -78, 'y_offset': 0, 'square_url': 'https://images4-f.ravelrycache.com/uploads/knitnetty/882361959/Krokus_Fintopp_Malskisse_square.png', 'medium_url': 'https://images4-g.ravelrycache.com/uploads/knitnetty/882361959/Krokus_Fintopp_Malskisse_medium.png', 'thumbnail_url': 'https://images4-f.ravelrycache.com/uploads/knitnetty/882361959/Krokus_Fintopp_Malskisse_thumbnail.png', 'small_url': 'https://images4-g.ravelrycache.com/uploads/knitnetty/882361959/Krokus_Fintopp_Malskisse_small_best_fit.png', 'flickr_url': None, 'shelved_url': 'https://images4-g.ravelrycache.com/uploads/knitnetty/882361959/Krokus_Fintopp_Malskisse_shelved.png', 'medium2_url': 'https://images4-a.ravelrycache.com/uploads/knitnetty/882361959/Krokus_Fintopp_Malskisse_medium2.png', 'small2_url': 'https://images4-f.ravelrycache.com/uploads/knitnetty/882361959/Krokus_Fintopp_Malskisse_small2.png', 'caption': None, 'caption_html': None, 'copyright_holder': None}]"
Foundation Pullover,Rachel Costello,1281246,https://www.ravelry.com/patterns/library/foundation-pullover,False,https://images4-a.ravelrycache.com/uploads/RachCostelloKnits/882191066/foundation-worn-fwd-4x5_medium2.jpg,Knitting,"['adult', 'oversized', 'crew-neck', 'scoop-neck', '3-4-sleeve', 'elbow-sleeve', 'hems', 'short-rows', 'top-down', 'positive-ease', 'written-pattern', 'worked-flat', 'in-the-round', 'schematic', 'screen-reader', 'straight', 'seamless', 'drop-sleeve']",23.0,3.375,True,4.0,Stockinette,pullover,Fingering,28,4.857142857142857,"1 (2, 3, 4) [5, 6, 7] {8, 9}","[{'id': 116198961, 'sort_order': 1, 'user_id': 7821674, 'x_offset': 0, 'y_offset': -22, 'square_url': 'https://images4-g.ravelrycache.com/uploads/RachCostelloKnits/882191066/foundation-worn-fwd-4x5_square.jpg', 'medium_url': 'https://images4-f.ravelrycache.com/uploads/RachCostelloKnits/882191066/foundation-worn-fwd-4x5_medium.jpg', 'thumbnail_url': 'https://images4-g.ravelrycache.com/uploads/RachCostelloKnits/882191066/foundation-worn-fwd-4x5_thumbnail.jpg', 'small_url': 'https://images4-f.ravelrycache.com/uploads/RachCostelloKnits/882191066/foundation-worn-fwd-4x5_small_best_fit.jpg', 'flickr_url': None, 'shelved_url': 'https://images4-f.ravelrycache.com/uploads/RachCostelloKnits/882191066/foundation-worn-fwd-4x5_shelved.jpg', 'medium2_url': 'https://images4-a.ravelrycache.com/uploads/RachCostelloKnits/882191066/foundation-worn-fwd-4x5_medium2.jpg', 'small2_url': 'https://images4-g.ravelrycache.com/uploads/RachCostelloKnits/882191066/foundation-worn-fwd-4x5_small2.jpg', 'caption': None, 'caption_html': None, 'copyright_holder': None}, {'id': 116198958, 'sort_order': 2, 'user_id': 7821674, 'x_offset': 0, 'y_offset': -22, 'square_url': 'https://images4-f.ravelrycache.com/uploads/RachCostelloKnits/882190834/DSC03761-Edit-3_square.jpg', 'medium_url': 'https://images4-g.ravelrycache.com/uploads/RachCostelloKnits/882190834/DSC03761-Edit-3_medium.jpg', 'thumbnail_url': 'https://images4-f.ravelrycache.com/uploads/RachCostelloKnits/882190834/DSC03761-Edit-3_thumbnail.jpg', 'small_url': 'https://images4-g.ravelrycache.com/uploads/RachCostelloKnits/882190834/DSC03761-Edit-3_small_best_fit.jpg', 'flickr_url': None, 'shelved_url': 'https://images4-g.ravelrycache.com/uploads/RachCostelloKnits/882190834/DSC03761-Edit-3_shelved.jpg', 'medium2_url': 'https://images4-a.ravelrycache.com/uploads/RachCostelloKnits/882190834/DSC03761-Edit-3_medium2.jpg', 'small2_url': 'https://images4-f.ravelrycache.com/uploads/RachCostelloKnits/882190834/DSC03761-Edit-3_small2.jpg', 'caption': None, 'caption_html': None, 'copyright_holder': None}, {'id': 116198962, 'sort_order': 3, 'user_id': 7821674, 'x_offset': 0, 'y_offset': -22, 'square_url': 'https://images4-f.ravelrycache.com/uploads/RachCostelloKnits/882192412/DSC03721_square.jpg', 'medium_url': 'https://images4-g.ravelrycache.com/uploads/RachCostelloKnits/882192412/DSC03721_medium.jpg', 'thumbnail_url': 'https://images4-f.ravelrycache.com/uploads/RachCostelloKnits/882192412/DSC03721_thumbnail.jpg', 'small_url': 'https://images4-g.ravelrycache.com/uploads/RachCostelloKnits/882192412/DSC03721_small_best_fit.jpg', 'flickr_url': None, 'shelved_url': 'https://images4-f.ravelrycache.com/uploads/RachCostelloKnits/882192412/DSC03721_shelved.jpg', 'medium2_url': 'https://images4-a.ravelrycache.com/uploads/RachCostelloKnits/882192412/DSC03721_medium2.jpg', 'small2_url': 'https://images4-f.ravelrycache.com/uploads/RachCostelloKnits/882192412/DSC03721_small2.jpg', 'caption': None, 'caption_html': None, 'copyright_holder': None}, {'id': 116198963, 'sort_order': 4, 'user_id': 7821674, 'x_offset': -43, 'y_offset': 0, 'square_url': 'https://images4-g.ravelrycache.com/uploads/RachCostelloKnits/882190817/DSC03715_square.jpg', 'medium_url': 'https://images4-f.ravelrycache.com/uploads/RachCostelloKnits/882190817/DSC03715_medium.jpg', 'thumbnail_url': 'https://images4-g.ravelrycache.com/uploads/RachCostelloKnits/882190817/DSC03715_thumbnail.jpg', 'small_url': 'https://images4-f.ravelrycache.com/uploads/RachCostelloKnits/882190817/DSC03715_small_best_fit.jpg', 'flickr_url': None, 'shelved_url': 'https://images4-g.ravelrycache.com/uploads/RachCostelloKnits/882190817/DSC03715_shelved.jpg', 'medium2_url': 'https://images4-a.ravelrycache.com/uploads/RachCostelloKnits/882190817/DSC03715_medium2.jpg', 'small2_url': 'https://images4-g.ravelrycache.com/uploads/RachCostelloKnits/882190817/DSC03715_small2.jpg', 'caption': None, 'caption_html': None, 'copyright_holder': None}, {'id': 116198959, 'sort_order': 5, 'user_id': 7821674, 'x_offset': -35, 'y_offset': -6, 'square_url': 'https://images4-g.ravelrycache.com/uploads/RachCostelloKnits/882190816/DSC03728-2_square.jpg', 'medium_url': 'https://images4-f.ravelrycache.com/uploads/RachCostelloKnits/882190816/DSC03728-2_medium.jpg', 'thumbnail_url': 'https://images4-f.ravelrycache.com/uploads/RachCostelloKnits/882190816/DSC03728-2_thumbnail.jpg', 'small_url': 'https://images4-g.ravelrycache.com/uploads/RachCostelloKnits/882190816/DSC03728-2_small.jpg', 'flickr_url': None, 'shelved_url': 'https://images4-f.ravelrycache.com/uploads/RachCostelloKnits/882190816/DSC03728-2_shelved.jpg', 'medium2_url': 'https://images4-a.ravelrycache.com/uploads/RachCostelloKnits/882190816/DSC03728-2_medium2.jpg', 'small2_url': 'https://images4-g.ravelrycache.com/uploads/RachCostelloKnits/882190816/DSC03728-2_small2.jpg', 'caption': None, 'caption_html': None, 'copyright_holder': None}, {'id': 116198960, 'sort_order': 6, 'user_id': 7821674, 'x_offset': 0, 'y_offset': -22, 'square_url': 'https://images4-g.ravelrycache.com/uploads/RachCostelloKnits/882191064/foundation-worn-profile-4x5-2_square.jpg', 'medium_url': 'https://images4-f.ravelrycache.com/uploads/RachCostelloKnits/882191064/foundation-worn-profile-4x5-2_medium.jpg', 'thumbnail_url': 'https://images4-f.ravelrycache.com/uploads/RachCostelloKnits/882191064/foundation-worn-profile-4x5-2_thumbnail.jpg', 'small_url': 'https://images4-f.ravelrycache.com/uploads/RachCostelloKnits/882191064/foundation-worn-profile-4x5-2_small_best_fit.jpg', 'flickr_url': None, 'shelved_url': 'https://images4-g.ravelrycache.com/uploads/RachCostelloKnits/882191064/foundation-worn-profile-4x5-2_shelved.jpg', 'medium2_url': 'https://images4-a.ravelrycache.com/uploads/RachCostelloKnits/882191064/foundation-worn-profile-4x5-2_medium2.jpg', 'small2_url': 'https://images4-g.ravelrycache.com/uploads/RachCostelloKnits/882191064/foundation-worn-profile-4x5-2_small2.jpg', 'caption': 'Size 3 modelled with 39cm | 15in ease.\n\nYarn (MC): Olann Meara 1250m.\n\nModel: Height: 168cm | 5’6”, Upper bust circ.: 88cm | 34in, Shoulder width: 40cm | 16in', 'caption_html': 'Size 3 modelled with 39cm | 15in ease.\n\nYarn (MC): Olann Meara 1250m.\n\nModel: Height: 168cm | 5’6”, Upper bust circ.: 88cm | 34in, Shoulder width: 40cm | 16in', 'copyright_holder': ''}, {'id': 116198957, 'sort_order': 7, 'user_id': 7821674, 'x_offset': 0, 'y_offset': -22, 'square_url': 'https://images4-g.ravelrycache.com/uploads/RachCostelloKnits/882190818/DSC03664-3_square.jpg', 'medium_url': 'https://images4-f.ravelrycache.com/uploads/RachCostelloKnits/882190818/DSC03664-3_medium.jpg', 'thumbnail_url': 'https://images4-g.ravelrycache.com/uploads/RachCostelloKnits/882190818/DSC03664-3_thumbnail.jpg', 'small_url': 'https://images4-g.ravelrycache.com/uploads/RachCostelloKnits/882190818/DSC03664-3_small_best_fit.jpg', 'flickr_url': None, 'shelved_url': 'https://images4-f.ravelrycache.com/uploads/RachCostelloKnits/882190818/DSC03664-3_shelved.jpg', 'medium2_url': 'https://images4-a.ravelrycache.com/uploads/RachCostelloKnits/882190818/DSC03664-3_medium2.jpg', 'small2_url': 'https://images4-g.ravelrycache.com/uploads/RachCostelloKnits/882190818/DSC03664-3_small2.jpg', 'caption': 'Size 2 modelled with 25cm | 10in ease. Yarn (MC): Knitting for Olive Merino 1000m. Model: Height: 168cm | 5’6”, Upper bust circ.: 88cm | 34in, Shoulder width: 40cm | 16in.', 'caption_html': 'Size 2 modelled with 25cm | 10in ease. Yarn (MC): Knitting for Olive Merino 1000m. Model: Height: 168cm | 5’6”, Upper bust circ.: 88cm | 34in, Shoulder width: 40cm | 16in.', 'copyright_holder': ''}, {'id': 116198967, 'sort_order': 8, 'user_id': 7821674, 'x_offset': -43, 'y_offset': 0, 'square_url': 'https://images4-f.ravelrycache.com/uploads/RachCostelloKnits/882190820/DSC03749_square.jpg', 'medium_url': 'https://images4-g.ravelrycache.com/uploads/RachCostelloKnits/882190820/DSC03749_medium.jpg', 'thumbnail_url': 'https://images4-f.ravelrycache.com/uploads/RachCostelloKnits/882190820/DSC03749_thumbnail.jpg', 'small_url': 'https://images4-f.ravelrycache.com/uploads/RachCostelloKnits/882190820/DSC03749_small_best_fit.jpg', 'flickr_url': None, 'shelved_url': 'https://images4-g.ravelrycache.com/uploads/RachCostelloKnits/882190820/DSC03749_shelved.jpg', 'medium2_url': 'https://images4-a.ravelrycache.com/uploads/RachCostelloKnits/882190820/DSC03749_medium2.jpg', 'small2_url': 'https://images4-f.ravelrycache.com/uploads/RachCostelloKnits/882190820/DSC03749_small2.jpg', 'caption': None, 'caption_html': None, 'copyright_holder': None}, {'id': 116198966, 'sort_order': 9, 'user_id': 7821674, 'x_offset': 0, 'y_offset': -22, 'square_url': 'https://images4-g.ravelrycache.com/uploads/RachCostelloKnits/882190824/DSC03691_square.jpg', 'medium_url': 'https://images4-f.ravelrycache.com/uploads/RachCostelloKnits/882190824/DSC03691_medium.jpg', 'thumbnail_url': 'https://images4-g.ravelrycache.com/uploads/RachCostelloKnits/882190824/DSC03691_thumbnail.jpg', 'small_url': 'https://images4-f.ravelrycache.com/uploads/RachCostelloKnits/882190824/DSC03691_small_best_fit.jpg', 'flickr_url': None, 'shelved_url': 'https://images4-f.ravelrycache.com/uploads/RachCostelloKnits/882190824/DSC03691_shelved.jpg', 'medium2_url': 'https://images4-a.ravelrycache.com/uploads/RachCostelloKnits/882190824/DSC03691_medium2.jpg', 'small2_url': 'https://images4-g.ravelrycache.com/uploads/RachCostelloKnits/882190824/DSC03691_small2.jpg', 'caption': None, 'caption_html': None, 'copyright_holder': None}, {'id': 116198964, 'sort_order': 10, 'user_id': 7821674, 'x_offset': 0, 'y_offset': -43, 'square_url': 'https://images4-g.ravelrycache.com/uploads/RachCostelloKnits/882192410/DSC03667_square.jpg', 'medium_url': 'https://images4-f.ravelrycache.com/uploads/RachCostelloKnits/882192410/DSC03667_medium.jpg', 'thumbnail_url': 'https://images4-g.ravelrycache.com/uploads/RachCostelloKnits/882192410/DSC03667_thumbnail.jpg', 'small_url': 'https://images4-f.ravelrycache.com/uploads/RachCostelloKnits/882192410/DSC03667_small_best_fit.jpg', 'flickr_url': None, 'shelved_url': 'https://images4-g.ravelrycache.com/uploads/RachCostelloKnits/882192410/DSC03667_shelved.jpg', 'medium2_url': 'https://images4-a.ravelrycache.com/uploads/RachCostelloKnits/882192410/DSC03667_medium2.jpg', 'small2_url': 'https://images4-g.ravelrycache.com/uploads/RachCostelloKnits/882192410/DSC03667_small2.jpg', 'caption': None, 'caption_html': None, 'copyright_holder': None}, {'id': 116198965, 'sort_order': 11, 'user_id': 7821674, 'x_offset': 0, 'y_offset': -25, 'square_url': 'https://images4-g.ravelrycache.com/uploads/RachCostelloKnits/882190815/DSC03608_square.jpg', 'medium_url': 'https://images4-f.ravelrycache.com/uploads/RachCostelloKnits/882190815/DSC03608_medium.jpg', 'thumbnail_url': 'https://images4-f.ravelrycache.com/uploads/RachCostelloKnits/882190815/DSC03608_thumbnail.jpg', 'small_url': 'https://images4-f.ravelrycache.com/uploads/RachCostelloKnits/882190815/DSC03608_small_best_fit.jpg', 'flickr_url': None, 'shelved_url': 'https://images4-g.ravelrycache.com/uploads/RachCostelloKnits/882190815/DSC03608_shelved.jpg', 'medium2_url': 'https://images4-a.ravelrycache.com/uploads/RachCostelloKnits/882190815/DSC03608_medium2.jpg', 'small2_url': 'https://images4-g.ravelrycache.com/uploads/RachCostelloKnits/882190815/DSC03608_small2.jpg', 'caption': None, 'caption_html': None, 'copyright_holder': None}, {'id': 117761640, 'sort_order': 12, 'user_id': 10391382, 'x_offset': -5, 'y_offset': -35, 'square_url': 'https://images4-g.ravelrycache.com/uploads/Twistedteapls/879525608/0E9CED6C-E87D-4693-B934-3EC518F0CC2A_square.jpeg', 'medium_url': 'https://images4-g.ravelrycache.com/uploads/Twistedteapls/879525608/0E9CED6C-E87D-4693-B934-3EC518F0CC2A_medium.jpeg', 'thumbnail_url': 'https://images4-g.ravelrycache.com/uploads/Twistedteapls/879525608/0E9CED6C-E87D-4693-B934-3EC518F0CC2A_thumbnail.jpeg', 'small_url': 'https://images4-g.ravelrycache.com/uploads/Twistedteapls/879525608/0E9CED6C-E87D-4693-B934-3EC518F0CC2A_small.jpeg', 'flickr_url': None, 'shelved_url': 'https://images4-f.ravelrycache.com/uploads/Twistedteapls/879525608/0E9CED6C-E87D-4693-B934-3EC518F0CC2A_shelved.jpeg', 'medium2_url': 'https://images4-a.ravelrycache.com/uploads/Twistedteapls/879525608/0E9CED6C-E87D-4693-B934-3EC518F0CC2A_medium2.jpeg', 'small2_url': 'https://images4-f.ravelrycache.com/uploads/Twistedteapls/879525608/0E9CED6C-E87D-4693-B934-3EC518F0CC2A_small2.jpeg', 'caption': None, 'caption_html': None, 'copyright_holder': None}, {'id': 117305118, 'sort_order': 13, 'user_id': 7875820, 'x_offset': 0, 'y_offset': 0, 'square_url': 'https://images4-g.ravelrycache.com/uploads/starsandstudy/874317782/PXL_20220906_181516739_2_square.jpg', 'medium_url': 'https://images4-f.ravelrycache.com/uploads/starsandstudy/874317782/PXL_20220906_181516739_2_medium.jpg', 'thumbnail_url': 'https://images4-g.ravelrycache.com/uploads/starsandstudy/874317782/PXL_20220906_181516739_2_thumbnail.jpg', 'small_url': 'https://images4-g.ravelrycache.com/uploads/starsandstudy/874317782/PXL_20220906_181516739_2_small_best_fit.jpg', 'flickr_url': None, 'shelved_url': 'https://images4-g.ravelrycache.com/uploads/starsandstudy/874317782/PXL_20220906_181516739_2_shelved.jpg', 'medium2_url': 'https://images4-a.ravelrycache.com/uploads/starsandstudy/874317782/PXL_20220906_181516739_2_medium2.jpg', 'small2_url': 'https://images4-g.ravelrycache.com/uploads/starsandstudy/874317782/PXL_20220906_181516739_2_small2.jpg', 'caption': None, 'caption_html': None, 'copyright_holder': None}, {'id': 117302914, 'sort_order': 14, 'user_id': 6814115, 'x_offset': -5, 'y_offset': -35, 'square_url': 'https://images4-g.ravelrycache.com/uploads/CorleyAndEwe/875895739/70187DF1-4A1B-4E3A-AFBC-9E210210622B_square.jpeg', 'medium_url': 'https://images4-g.ravelrycache.com/uploads/CorleyAndEwe/875895739/70187DF1-4A1B-4E3A-AFBC-9E210210622B_medium.jpeg', 'thumbnail_url': 'https://images4-g.ravelrycache.com/uploads/CorleyAndEwe/875895739/70187DF1-4A1B-4E3A-AFBC-9E210210622B_thumbnail.jpeg', 'small_url': 'https://images4-f.ravelrycache.com/uploads/CorleyAndEwe/875895739/70187DF1-4A1B-4E3A-AFBC-9E210210622B_small.jpeg', 'flickr_url': None, 'shelved_url': 'https://images4-g.ravelrycache.com/uploads/CorleyAndEwe/875895739/70187DF1-4A1B-4E3A-AFBC-9E210210622B_shelved.jpeg', 'medium2_url': 'https://images4-a.ravelrycache.com/uploads/CorleyAndEwe/875895739/70187DF1-4A1B-4E3A-AFBC-9E210210622B_medium2.jpeg', 'small2_url': 'https://images4-f.ravelrycache.com/uploads/CorleyAndEwe/875895739/70187DF1-4A1B-4E3A-AFBC-9E210210622B_small2.jpeg', 'caption': None, 'caption_html': None, 'copyright_holder': None}, {'id': 117183792, 'sort_order': 15, 'user_id': 18219, 'x_offset': -5, 'y_offset': -35, 'square_url': 'https://images4-g.ravelrycache.com/uploads/yarnchickening/876733604/PXL_20220920_182234338.MP_square.jpg', 'medium_url': 'https://images4-f.ravelrycache.com/uploads/yarnchickening/876733604/PXL_20220920_182234338.MP_medium.jpg', 'thumbnail_url': 'https://images4-g.ravelrycache.com/uploads/yarnchickening/876733604/PXL_20220920_182234338.MP_thumbnail.jpg', 'small_url': 'https://images4-g.ravelrycache.com/uploads/yarnchickening/876733604/PXL_20220920_182234338.MP_small.jpg', 'flickr_url': None, 'shelved_url': 'https://images4-f.ravelrycache.com/uploads/yarnchickening/876733604/PXL_20220920_182234338.MP_shelved.jpg', 'medium2_url': 'https://images4-a.ravelrycache.com/uploads/yarnchickening/876733604/PXL_20220920_182234338.MP_medium2.jpg', 'small2_url': 'https://images4-g.ravelrycache.com/uploads/yarnchickening/876733604/PXL_20220920_182234338.MP_small2.jpg', 'caption': None, 'caption_html': None, 'copyright_holder': None}, {'id': 117066076, 'sort_order': 16, 'user_id': 712811, 'x_offset': -5, 'y_offset': -35, 'square_url': 'https://images4-g.ravelrycache.com/uploads/heismyhope/887313957/8692C0D8-5ABF-49EA-A77A-7F98026DBDC0_square.jpeg', 'medium_url': 'https://images4-g.ravelrycache.com/uploads/heismyhope/887313957/8692C0D8-5ABF-49EA-A77A-7F98026DBDC0_medium.jpeg', 'thumbnail_url': 'https://images4-g.ravelrycache.com/uploads/heismyhope/887313957/8692C0D8-5ABF-49EA-A77A-7F98026DBDC0_thumbnail.jpeg', 'small_url': 'https://images4-g.ravelrycache.com/uploads/heismyhope/887313957/8692C0D8-5ABF-49EA-A77A-7F98026DBDC0_small.jpeg', 'flickr_url': None, 'shelved_url': 'https://images4-f.ravelrycache.com/uploads/heismyhope/887313957/8692C0D8-5ABF-49EA-A77A-7F98026DBDC0_shelved.jpeg', 'medium2_url': 'https://images4-a.ravelrycache.com/uploads/heismyhope/887313957/8692C0D8-5ABF-49EA-A77A-7F98026DBDC0_medium2.jpeg', 'small2_url': 'https://images4-f.ravelrycache.com/uploads/heismyhope/887313957/8692C0D8-5ABF-49EA-A77A-7F98026DBDC0_small2.jpeg', 'caption': None, 'caption_html': None, 'copyright_holder': None}, {'id': 117011193, 'sort_order': 17, 'user_id': 304431, 'x_offset': 0, 'y_offset': -43, 'square_url': 'https://images4-f.ravelrycache.com/uploads/jarah/876236577/IMG_1429_square.JPG', 'medium_url': 'https://images4-g.ravelrycache.com/uploads/jarah/876236577/IMG_1429_medium.JPG', 'thumbnail_url': 'https://images4-g.ravelrycache.com/uploads/jarah/876236577/IMG_1429_thumbnail.JPG', 'small_url': 'https://images4-f.ravelrycache.com/uploads/jarah/876236577/IMG_1429_small_best_fit.JPG', 'flickr_url': None, 'shelved_url': 'https://images4-g.ravelrycache.com/uploads/jarah/876236577/IMG_1429_shelved.JPG', 'medium2_url': 'https://images4-a.ravelrycache.com/uploads/jarah/876236577/IMG_1429_medium2.JPG', 'small2_url': 'https://images4-f.ravelrycache.com/uploads/jarah/876236577/IMG_1429_small2.JPG', 'caption': None, 'caption_html': None, 'copyright_holder': None}, {'id': 117066074, 'sort_order': 18, 'user_id': 712811, 'x_offset': -5, 'y_offset': -35, 'square_url': 'https://images4-g.ravelrycache.com/uploads/heismyhope/887313958/BA1FE0FC-34E7-42CD-824E-1296070F7FA8_square.jpeg', 'medium_url': 'https://images4-g.ravelrycache.com/uploads/heismyhope/887313958/BA1FE0FC-34E7-42CD-824E-1296070F7FA8_medium.jpeg', 'thumbnail_url': 'https://images4-g.ravelrycache.com/uploads/heismyhope/887313958/BA1FE0FC-34E7-42CD-824E-1296070F7FA8_thumbnail.jpeg', 'small_url': 'https://images4-f.ravelrycache.com/uploads/heismyhope/887313958/BA1FE0FC-34E7-42CD-824E-1296070F7FA8_small.jpeg', 'flickr_url': None, 'shelved_url': 'https://images4-f.ravelrycache.com/uploads/heismyhope/887313958/BA1FE0FC-34E7-42CD-824E-1296070F7FA8_shelved.jpeg', 'medium2_url': 'https://images4-a.ravelrycache.com/uploads/heismyhope/887313958/BA1FE0FC-34E7-42CD-824E-1296070F7FA8_medium2.jpeg', 'small2_url': 'https://images4-f.ravelrycache.com/uploads/heismyhope/887313958/BA1FE0FC-34E7-42CD-824E-1296070F7FA8_small2.jpeg', 'caption': None, 'caption_html': None, 'copyright_holder': None}, {'id': 117015307, 'sort_order': 19, 'user_id': 1356109, 'x_offset': -5, 'y_offset': -35, 'square_url': 'https://images4-f.ravelrycache.com/uploads/Sansei77/876503236/D2AAF6E1-23DB-486D-9AAF-AC1D66EB257D_square.jpeg', 'medium_url': 'https://images4-f.ravelrycache.com/uploads/Sansei77/876503236/D2AAF6E1-23DB-486D-9AAF-AC1D66EB257D_medium.jpeg', 'thumbnail_url': 'https://images4-g.ravelrycache.com/uploads/Sansei77/876503236/D2AAF6E1-23DB-486D-9AAF-AC1D66EB257D_thumbnail.jpeg', 'small_url': 'https://images4-f.ravelrycache.com/uploads/Sansei77/876503236/D2AAF6E1-23DB-486D-9AAF-AC1D66EB257D_small.jpeg', 'flickr_url': None, 'shelved_url': 'https://images4-f.ravelrycache.com/uploads/Sansei77/876503236/D2AAF6E1-23DB-486D-9AAF-AC1D66EB257D_shelved.jpeg', 'medium2_url': 'https://images4-a.ravelrycache.com/uploads/Sansei77/876503236/D2AAF6E1-23DB-486D-9AAF-AC1D66EB257D_medium2.jpeg', 'small2_url': 'https://images4-g.ravelrycache.com/uploads/Sansei77/876503236/D2AAF6E1-23DB-486D-9AAF-AC1D66EB257D_small2.jpeg', 'caption': None, 'caption_html': None, 'copyright_holder': None}, {'id': 117008887, 'sort_order': 20, 'user_id': 8979976, 'x_offset': 0, 'y_offset': 0, 'square_url': 'https://images4-g.ravelrycache.com/uploads/CreatingHygge/883026229/upload_square', 'medium_url': 'https://images4-f.ravelrycache.com/uploads/CreatingHygge/883026229/upload_medium', 'thumbnail_url': 'https://images4-f.ravelrycache.com/uploads/CreatingHygge/883026229/upload_thumbnail', 'small_url': 'https://images4-f.ravelrycache.com/uploads/CreatingHygge/883026229/upload_small_best_fit', 'flickr_url': None, 'shelved_url': 'https://images4-f.ravelrycache.com/uploads/CreatingHygge/883026229/upload_shelved', 'medium2_url': 'https://images4-a.ravelrycache.com/uploads/CreatingHygge/883026229/upload_medium2', 'small2_url': 'https://images4-g.ravelrycache.com/uploads/CreatingHygge/883026229/upload_small2', 'caption': None, 'caption_html': None, 'copyright_holder': None}]"
Barnas kaningenser / Junior's Bunny Sweater,Tonje Haugli,1281386,https://www.ravelry.com/patterns/library/barnas-kaningenser---juniors-bunny-sweater,False,https://images4-a.ravelrycache.com/uploads/tonjeinoslo/921519959/20230428_181927-01_medium2.jpeg,Knitting,"['baby', 'toddler', 'child', 'stranded', 'top-down', 'chart', 'written-pattern', 'circular-yoke']",22.0,0.0,True,4.0,,child,DK,4,0.0,6-12 months (1-2 years) 3-4 years (5-6 years) (7-8 years) 9-11 years,"[{'id': 121037080, 'sort_order': 1, 'user_id': 1860962, 'x_offset': 0, 'y_offset': 0, 'square_url': 'https://images4-f.ravelrycache.com/uploads/tonjeinoslo/921519959/20230428_181927-01_square.jpeg', 'medium_url': 'https://images4-f.ravelrycache.com/uploads/tonjeinoslo/921519959/20230428_181927-01_medium.jpeg', 'thumbnail_url': 'https://images4-g.ravelrycache.com/uploads/tonjeinoslo/921519959/20230428_181927-01_thumbnail.jpeg', 'small_url': 'https://images4-f.ravelrycache.com/uploads/tonjeinoslo/921519959/20230428_181927-01_small_best_fit.jpeg', 'flickr_url': None, 'shelved_url': 'https://images4-f.ravelrycache.com/uploads/tonjeinoslo/921519959/20230428_181927-01_shelved.jpeg', 'medium2_url': 'https://images4-a.ravelrycache.com/uploads/tonjeinoslo/921519959/20230428_181927-01_medium2.jpeg', 'small2_url': 'https://images4-g.ravelrycache.com/uploads/tonjeinoslo/921519959/20230428_181927-01_small2.jpeg', 'caption': None, 'caption_html': None, 'copyright_holder': None}, {'id': 121037082, 'sort_order': 2, 'user_id': 1860962, 'x_offset': 0, 'y_offset': 0, 'square_url': 'https://images4-g.ravelrycache.com/uploads/tonjeinoslo/921519961/20230428_185821-01_square.jpeg', 'medium_url': 'https://images4-g.ravelrycache.com/uploads/tonjeinoslo/921519961/20230428_185821-01_medium.jpeg', 'thumbnail_url': 'https://images4-f.ravelrycache.com/uploads/tonjeinoslo/921519961/20230428_185821-01_thumbnail.jpeg', 'small_url': 'https://images4-f.ravelrycache.com/uploads/tonjeinoslo/921519961/20230428_185821-01_small_best_fit.jpeg', 'flickr_url': None, 'shelved_url': 'https://images4-g.ravelrycache.com/uploads/tonjeinoslo/921519961/20230428_185821-01_shelved.jpeg', 'medium2_url': 'https://images4-a.ravelrycache.com/uploads/tonjeinoslo/921519961/20230428_185821-01_medium2.jpeg', 'small2_url': 'https://images4-f.ravelrycache.com/uploads/tonjeinoslo/921519961/20230428_185821-01_small2.jpeg', 'caption': None, 'caption_html': None, 'copyright_holder': None}, {'id': 121037081, 'sort_order': 3, 'user_id': 1860962, 'x_offset': 0, 'y_offset': 0, 'square_url': 'https://images4-g.ravelrycache.com/uploads/tonjeinoslo/921519960/20230428_181918-01_square.jpeg', 'medium_url': 'https://images4-g.ravelrycache.com/uploads/tonjeinoslo/921519960/20230428_181918-01_medium.jpeg', 'thumbnail_url': 'https://images4-g.ravelrycache.com/uploads/tonjeinoslo/921519960/20230428_181918-01_thumbnail.jpeg', 'small_url': 'https://images4-f.ravelrycache.com/uploads/tonjeinoslo/921519960/20230428_181918-01_small_best_fit.jpeg', 'flickr_url': None, 'shelved_url': 'https://images4-f.ravelrycache.com/uploads/tonjeinoslo/921519960/20230428_181918-01_shelved.jpeg', 'medium2_url': 'https://images4-a.ravelrycache.com/uploads/tonjeinoslo/921519960/20230428_181918-01_medium2.jpeg', 'small2_url': 'https://images4-f.ravelrycache.com/uploads/tonjeinoslo/921519960/20230428_181918-01_small2.jpeg', 'caption': None, 'caption_html': None, 'copyright_holder': None}, {'id': 121037083, 'sort_order': 4, 'user_id': 1860962, 'x_offset': 0, 'y_offset': 0, 'square_url': 'https://images4-g.ravelrycache.com/uploads/tonjeinoslo/921519963/20230428_185828-01_square.jpeg', 'medium_url': 'https://images4-g.ravelrycache.com/uploads/tonjeinoslo/921519963/20230428_185828-01_medium.jpeg', 'thumbnail_url': 'https://images4-f.ravelrycache.com/uploads/tonjeinoslo/921519963/20230428_185828-01_thumbnail.jpeg', 'small_url': 'https://images4-g.ravelrycache.com/uploads/tonjeinoslo/921519963/20230428_185828-01_small_best_fit.jpeg', 'flickr_url': None, 'shelved_url': 'https://images4-g.ravelrycache.com/uploads/tonjeinoslo/921519963/20230428_185828-01_shelved.jpeg', 'medium2_url': 'https://images4-a.ravelrycache.com/uploads/tonjeinoslo/921519963/20230428_185828-01_medium2.jpeg', 'small2_url': 'https://images4-f.ravelrycache.com/uploads/tonjeinoslo/921519963/20230428_185828-01_small2.jpeg', 'caption': None, 'caption_html': None, 'copyright_holder': None}, {'id': 117405700, 'sort_order': 5, 'user_id': 1860962, 'x_offset': 0, 'y_offset': 0, 'square_url': 'https://images4-g.ravelrycache.com/uploads/tonjeinoslo/892068030/20221210_145619-01_square.jpeg', 'medium_url': 'https://images4-g.ravelrycache.com/uploads/tonjeinoslo/892068030/20221210_145619-01_medium.jpeg', 'thumbnail_url': 'https://images4-g.ravelrycache.com/uploads/tonjeinoslo/892068030/20221210_145619-01_thumbnail.jpeg', 'small_url': 'https://images4-f.ravelrycache.com/uploads/tonjeinoslo/892068030/20221210_145619-01_small_best_fit.jpeg', 'flickr_url': None, 'shelved_url': 'https://images4-f.ravelrycache.com/uploads/tonjeinoslo/892068030/20221210_145619-01_shelved.jpeg', 'medium2_url': 'https://images4-a.ravelrycache.com/uploads/tonjeinoslo/892068030/20221210_145619-01_medium2.jpeg', 'small2_url': 'https://images4-f.ravelrycache.com/uploads/tonjeinoslo/892068030/20221210_145619-01_small2.jpeg', 'caption': None, 'caption_html': None, 'copyright_holder': None}, {'id': 120090831, 'sort_order': 6, 'user_id': 1860962, 'x_offset': 0, 'y_offset': 0, 'square_url': 'https://images4-f.ravelrycache.com/uploads/tonjeinoslo/913872436/20230319_093156-01_square.jpeg', 'medium_url': 'https://images4-f.ravelrycache.com/uploads/tonjeinoslo/913872436/20230319_093156-01_medium.jpeg', 'thumbnail_url': 'https://images4-g.ravelrycache.com/uploads/tonjeinoslo/913872436/20230319_093156-01_thumbnail.jpeg', 'small_url': 'https://images4-f.ravelrycache.com/uploads/tonjeinoslo/913872436/20230319_093156-01_small_best_fit.jpeg', 'flickr_url': None, 'shelved_url': 'https://images4-f.ravelrycache.com/uploads/tonjeinoslo/913872436/20230319_093156-01_shelved.jpeg', 'medium2_url': 'https://images4-a.ravelrycache.com/uploads/tonjeinoslo/913872436/20230319_093156-01_medium2.jpeg', 'small2_url': 'https://images4-g.ravelrycache.com/uploads/tonjeinoslo/913872436/20230319_093156-01_small2.jpeg', 'caption': None, 'caption_html': None, 'copyright_holder': None}, {'id': 116208750, 'sort_order': 7, 'user_id': 1860962, 'x_offset': 0, 'y_offset': 0, 'square_url': 'https://images4-f.ravelrycache.com/uploads/tonjeinoslo/882453403/Kaningenser_square.jpeg', 'medium_url': 'https://images4-f.ravelrycache.com/uploads/tonjeinoslo/882453403/Kaningenser_medium.jpeg', 'thumbnail_url': 'https://images4-f.ravelrycache.com/uploads/tonjeinoslo/882453403/Kaningenser_thumbnail.jpeg', 'small_url': 'https://images4-g.ravelrycache.com/uploads/tonjeinoslo/882453403/Kaningenser_small_best_fit.jpeg', 'flickr_url': None, 'shelved_url': 'https://images4-f.ravelrycache.com/uploads/tonjeinoslo/882453403/Kaningenser_shelved.jpeg', 'medium2_url': 'https://images4-a.ravelrycache.com/uploads/tonjeinoslo/882453403/Kaningenser_medium2.jpeg', 'small2_url': 'https://images4-g.ravelrycache.com/uploads/tonjeinoslo/882453403/Kaningenser_small2.jpeg', 'caption': None, 'caption_html': None, 'copyright_holder': None}, {'id': 116209748, 'sort_order': 8, 'user_id': 1860962, 'x_offset': 1, 'y_offset': -94, 'square_url': 'https://images4-f.ravelrycache.com/uploads/tonjeinoslo/882461464/20220920_081814-01_square.jpeg', 'medium_url': 'https://images4-f.ravelrycache.com/uploads/tonjeinoslo/882461464/20220920_081814-01_medium.jpeg', 'thumbnail_url': 'https://images4-g.ravelrycache.com/uploads/tonjeinoslo/882461464/20220920_081814-01_thumbnail.jpeg', 'small_url': 'https://images4-g.ravelrycache.com/uploads/tonjeinoslo/882461464/20220920_081814-01_small_best_fit.jpeg', 'flickr_url': None, 'shelved_url': 'https://images4-g.ravelrycache.com/uploads/tonjeinoslo/882461464/20220920_081814-01_shelved.jpeg', 'medium2_url': 'https://images4-a.ravelrycache.com/uploads/tonjeinoslo/882461464/20220920_081814-01_medium2.jpeg', 'small2_url': 'https://images4-g.ravelrycache.com/uploads/tonjeinoslo/882461464/20220920_081814-01_small2.jpeg', 'caption': None, 'caption_html': None, 'copyright_holder': None}, {'id': 116208751, 'sort_order': 9, 'user_id': 1860962, 'x_offset': 0, 'y_offset': 0, 'square_url': 'https://images4-f.ravelrycache.com/uploads/tonjeinoslo/882453402/Junior_s_Bunny_Sweater_square.jpeg', 'medium_url': 'https://images4-f.ravelrycache.com/uploads/tonjeinoslo/882453402/Junior_s_Bunny_Sweater_medium.jpeg', 'thumbnail_url': 'https://images4-f.ravelrycache.com/uploads/tonjeinoslo/882453402/Junior_s_Bunny_Sweater_thumbnail.jpeg', 'small_url': 'https://images4-f.ravelrycache.com/uploads/tonjeinoslo/882453402/Junior_s_Bunny_Sweater_small_best_fit.jpeg', 'flickr_url': None, 'shelved_url': 'https://images4-g.ravelrycache.com/uploads/tonjeinoslo/882453402/Junior_s_Bunny_Sweater_shelved.jpeg', 'medium2_url': 'https://images4-a.ravelrycache.com/uploads/tonjeinoslo/882453402/Junior_s_Bunny_Sweater_medium2.jpeg', 'small2_url': 'https://images4-g.ravelrycache.com/uploads/tonjeinoslo/882453402/Junior_s_Bunny_Sweater_small2.jpeg', 'caption': None, 'caption_html': None, 'copyright_holder': None}, {'id': 117364148, 'sort_order': 10, 'user_id': 1860962, 'x_offset': 0, 'y_offset': 0, 'square_url': 'https://images4-g.ravelrycache.com/uploads/tonjeinoslo/891733794/20221208_104430-01_square.jpeg', 'medium_url': 'https://images4-g.ravelrycache.com/uploads/tonjeinoslo/891733794/20221208_104430-01_medium.jpeg', 'thumbnail_url': 'https://images4-f.ravelrycache.com/uploads/tonjeinoslo/891733794/20221208_104430-01_thumbnail.jpeg', 'small_url': 'https://images4-f.ravelrycache.com/uploads/tonjeinoslo/891733794/20221208_104430-01_small_best_fit.jpeg', 'flickr_url': None, 'shelved_url': 'https://images4-f.ravelrycache.com/uploads/tonjeinoslo/891733794/20221208_104430-01_shelved.jpeg', 'medium2_url': 'https://images4-a.ravelrycache.com/uploads/tonjeinoslo/891733794/20221208_104430-01_medium2.jpeg', 'small2_url': 'https://images4-f.ravelrycache.com/uploads/tonjeinoslo/891733794/20221208_104430-01_small2.jpeg', 'caption': None, 'caption_html': None, 'copyright_holder': None}, {'id': 117364149, 'sort_order': 11, 'user_id': 1860962, 'x_offset': 0, 'y_offset': 0, 'square_url': 'https://images4-f.ravelrycache.com/uploads/tonjeinoslo/891733796/20221208_104503-01_square.jpeg', 'medium_url': 'https://images4-f.ravelrycache.com/uploads/tonjeinoslo/891733796/20221208_104503-01_medium.jpeg', 'thumbnail_url': 'https://images4-f.ravelrycache.com/uploads/tonjeinoslo/891733796/20221208_104503-01_thumbnail.jpeg', 'small_url': 'https://images4-f.ravelrycache.com/uploads/tonjeinoslo/891733796/20221208_104503-01_small_best_fit.jpeg', 'flickr_url': None, 'shelved_url': 'https://images4-f.ravelrycache.com/uploads/tonjeinoslo/891733796/20221208_104503-01_shelved.jpeg', 'medium2_url': 'https://images4-a.ravelrycache.com/uploads/tonjeinoslo/891733796/20221208_104503-01_medium2.jpeg', 'small2_url': 'https://images4-g.ravelrycache.com/uploads/tonjeinoslo/891733796/20221208_104503-01_small2.jpeg', 'caption': None, 'caption_html': None, 'copyright_holder': None}, {'id': 117364151, 'sort_order': 12, 'user_id': 1860962, 'x_offset': 0, 'y_offset': 0, 'square_url': 'https://images4-f.ravelrycache.com/uploads/tonjeinoslo/891733797/20221208_104443-01_square.jpeg', 'medium_url': 'https://images4-f.ravelrycache.com/uploads/tonjeinoslo/891733797/20221208_104443-01_medium.jpeg', 'thumbnail_url': 'https://images4-f.ravelrycache.com/uploads/tonjeinoslo/891733797/20221208_104443-01_thumbnail.jpeg', 'small_url': 'https://images4-f.ravelrycache.com/uploads/tonjeinoslo/891733797/20221208_104443-01_small_best_fit.jpeg', 'flickr_url': None, 'shelved_url': 'https://images4-g.ravelrycache.com/uploads/tonjeinoslo/891733797/20221208_104443-01_shelved.jpeg', 'medium2_url': 'https://images4-a.ravelrycache.com/uploads/tonjeinoslo/891733797/20221208_104443-01_medium2.jpeg', 'small2_url': 'https://images4-g.ravelrycache.com/uploads/tonjeinoslo/891733797/20221208_104443-01_small2.jpeg', 'caption': None, 'caption_html': None, 'copyright_holder': None}, {'id': 117364150, 'sort_order': 13, 'user_id': 1860962, 'x_offset': 0, 'y_offset': 0, 'square_url': 'https://images4-f.ravelrycache.com/uploads/tonjeinoslo/891733795/20221208_104509-01_square.jpeg', 'medium_url': 'https://images4-f.ravelrycache.com/uploads/tonjeinoslo/891733795/20221208_104509-01_medium.jpeg', 'thumbnail_url': 'https://images4-g.ravelrycache.com/uploads/tonjeinoslo/891733795/20221208_104509-01_thumbnail.jpeg', 'small_url': 'https://images4-g.ravelrycache.com/uploads/tonjeinoslo/891733795/20221208_104509-01_small_best_fit.jpeg', 'flickr_url': None, 'shelved_url': 'https://images4-f.ravelrycache.com/uploads/tonjeinoslo/891733795/20221208_104509-01_shelved.jpeg', 'medium2_url': 'https://images4-a.ravelrycache.com/uploads/tonjeinoslo/891733795/20221208_104509-01_medium2.jpeg', 'small2_url': 'https://images4-g.ravelrycache.com/uploads/tonjeinoslo/891733795/20221208_104509-01_small2.jpeg', 'caption': None, 'caption_html': None, 'copyright_holder': None}]"
Straight Up Sweater Junior,Katja Dyrberg // Popknit,1281496,https://www.ravelry.com/patterns/library/straight-up-sweater-junior,False,https://images4-a.ravelrycache.com/uploads/Popknitkat/882541211/IMG-1557_medium2.jpg,Knitting,"['unisex', 'toddler', 'child', 'ribbed', 'textured', 'crew-neck', 'long-sleeve', 'raglan-sleeve', 'top-down', 'positive-ease', 'chart', 'written-pattern', 'cuffed-sleeve', 'stripes-colorwork']",22.0,0.0,True,4.0,pattern,child,Fingering,6,0.0,1-2 (2-4) 4-6 (6-8) 8-10 (10-12) years,"[{'id': 116219636, 'sort_order': 1, 'user_id': 8711344, 'x_offset': -5, 'y_offset': -35, 'square_url': 'https://images4-g.ravelrycache.com/uploads/Popknitkat/882541211/IMG-1557_square.jpg', 'medium_url': 'https://images4-f.ravelrycache.com/uploads/Popknitkat/882541211/IMG-1557_medium.jpg', 'thumbnail_url': 'https://images4-f.ravelrycache.com/uploads/Popknitkat/882541211/IMG-1557_thumbnail.jpg', 'small_url': 'https://images4-f.ravelrycache.com/uploads/Popknitkat/882541211/IMG-1557_small.jpg', 'flickr_url': None, 'shelved_url': 'https://images4-f.ravelrycache.com/uploads/Popknitkat/882541211/IMG-1557_shelved.jpg', 'medium2_url': 'https://images4-a.ravelrycache.com/uploads/Popknitkat/882541211/IMG-1557_medium2.jpg', 'small2_url': 'https://images4-g.ravelrycache.com/uploads/Popknitkat/882541211/IMG-1557_small2.jpg', 'caption': None, 'caption_html': None, 'copyright_holder': None}, {'id': 116219637, 'sort_order': 2, 'user_id': 8711344, 'x_offset': -5, 'y_offset': -35, 'square_url': 'https://images4-g.ravelrycache.com/uploads/Popknitkat/882541466/IMG-1690_square.JPG', 'medium_url': 'https://images4-f.ravelrycache.com/uploads/Popknitkat/882541466/IMG-1690_medium.JPG', 'thumbnail_url': 'https://images4-g.ravelrycache.com/uploads/Popknitkat/882541466/IMG-1690_thumbnail.JPG', 'small_url': 'https://images4-g.ravelrycache.com/uploads/Popknitkat/882541466/IMG-1690_small.JPG', 'flickr_url': None, 'shelved_url': 'https://images4-f.ravelrycache.com/uploads/Popknitkat/882541466/IMG-1690_shelved.JPG', 'medium2_url': 'https://images4-a.ravelrycache.com/uploads/Popknitkat/882541466/IMG-1690_medium2.JPG', 'small2_url': 'https://images4-g.ravelrycache.com/uploads/Popknitkat/882541466/IMG-1690_small2.JPG', 'caption': None, 'caption_html': None, 'copyright_holder': None}, {'id': 116219638, 'sort_order': 3, 'user_id': 8711344, 'x_offset': 0, 'y_offset': -22, 'square_url': 'https://images4-g.ravelrycache.com/uploads/Popknitkat/882541254/5A4046AB-FF4A-4F1E-95FC-DA8219B96783_square.JPG', 'medium_url': 'https://images4-f.ravelrycache.com/uploads/Popknitkat/882541254/5A4046AB-FF4A-4F1E-95FC-DA8219B96783_medium.JPG', 'thumbnail_url': 'https://images4-g.ravelrycache.com/uploads/Popknitkat/882541254/5A4046AB-FF4A-4F1E-95FC-DA8219B96783_thumbnail.JPG', 'small_url': 'https://images4-g.ravelrycache.com/uploads/Popknitkat/882541254/5A4046AB-FF4A-4F1E-95FC-DA8219B96783_small_best_fit.JPG', 'flickr_url': None, 'shelved_url': 'https://images4-f.ravelrycache.com/uploads/Popknitkat/882541254/5A4046AB-FF4A-4F1E-95FC-DA8219B96783_shelved.JPG', 'medium2_url': 'https://images4-a.ravelrycache.com/uploads/Popknitkat/882541254/5A4046AB-FF4A-4F1E-95FC-DA8219B96783_medium2.JPG', 'small2_url': 'https://images4-g.ravelrycache.com/uploads/Popknitkat/882541254/5A4046AB-FF4A-4F1E-95FC-DA8219B96783_small2.JPG', 'caption': None, 'caption_html': None, 'copyright_holder': None}, {'id': 116219639, 'sort_order': 4, 'user_id': 8711344, 'x_offset': -5, 'y_offset': -35, 'square_url': 'https://images4-f.ravelrycache.com/uploads/Popknitkat/882541491/IMG-1678_square.JPG', 'medium_url': 'https://images4-g.ravelrycache.com/uploads/Popknitkat/882541491/IMG-1678_medium.JPG', 'thumbnail_url': 'https://images4-g.ravelrycache.com/uploads/Popknitkat/882541491/IMG-1678_thumbnail.JPG', 'small_url': 'https://images4-f.ravelrycache.com/uploads/Popknitkat/882541491/IMG-1678_small.JPG', 'flickr_url': None, 'shelved_url': 'https://images4-g.ravelrycache.com/uploads/Popknitkat/882541491/IMG-1678_shelved.JPG', 'medium2_url': 'https://images4-a.ravelrycache.com/uploads/Popknitkat/882541491/IMG-1678_medium2.JPG', 'small2_url': 'https://images4-f.ravelrycache.com/uploads/Popknitkat/882541491/IMG-1678_small2.JPG', 'caption': None, 'caption_html': None, 'copyright_holder': None}, {'id': 116219640, 'sort_order': 5, 'user_id': 8711344, 'x_offset': -5, 'y_offset': -35, 'square_url': 'https://images4-f.ravelrycache.com/uploads/Popknitkat/882541346/IMG-9502_square.JPG', 'medium_url': 'https://images4-g.ravelrycache.com/uploads/Popknitkat/882541346/IMG-9502_medium.JPG', 'thumbnail_url': 'https://images4-g.ravelrycache.com/uploads/Popknitkat/882541346/IMG-9502_thumbnail.JPG', 'small_url': 'https://images4-f.ravelrycache.com/uploads/Popknitkat/882541346/IMG-9502_small.JPG', 'flickr_url': None, 'shelved_url': 'https://images4-f.ravelrycache.com/uploads/Popknitkat/882541346/IMG-9502_shelved.JPG', 'medium2_url': 'https://images4-a.ravelrycache.com/uploads/Popknitkat/882541346/IMG-9502_medium2.JPG', 'small2_url': 'https://images4-f.ravelrycache.com/uploads/Popknitkat/882541346/IMG-9502_small2.JPG', 'caption': None, 'caption_html': None, 'copyright_holder': None}, {'id': 116219641, 'sort_order': 6, 'user_id': 8711344, 'x_offset': -5, 'y_offset': -35, 'square_url': 'https://images4-g.ravelrycache.com/uploads/Popknitkat/882541499/IMG-1680_square.JPG', 'medium_url': 'https://images4-f.ravelrycache.com/uploads/Popknitkat/882541499/IMG-1680_medium.JPG', 'thumbnail_url': 'https://images4-g.ravelrycache.com/uploads/Popknitkat/882541499/IMG-1680_thumbnail.JPG', 'small_url': 'https://images4-g.ravelrycache.com/uploads/Popknitkat/882541499/IMG-1680_small.JPG', 'flickr_url': None, 'shelved_url': 'https://images4-g.ravelrycache.com/uploads/Popknitkat/882541499/IMG-1680_shelved.JPG', 'medium2_url': 'https://images4-a.ravelrycache.com/uploads/Popknitkat/882541499/IMG-1680_medium2.JPG', 'small2_url': 'https://images4-g.ravelrycache.com/uploads/Popknitkat/882541499/IMG-1680_small2.JPG', 'caption': None, 'caption_html': None, 'copyright_holder': None}, {'id': 116219642, 'sort_order': 7, 'user_id': 8711344, 'x_offset': -5, 'y_offset': -35, 'square_url': 'https://images4-g.ravelrycache.com/uploads/Popknitkat/882541327/IMG-1521_square.JPG', 'medium_url': 'https://images4-f.ravelrycache.com/uploads/Popknitkat/882541327/IMG-1521_medium.JPG', 'thumbnail_url': 'https://images4-g.ravelrycache.com/uploads/Popknitkat/882541327/IMG-1521_thumbnail.JPG', 'small_url': 'https://images4-f.ravelrycache.com/uploads/Popknitkat/882541327/IMG-1521_small.JPG', 'flickr_url': None, 'shelved_url': 'https://images4-g.ravelrycache.com/uploads/Popknitkat/882541327/IMG-1521_shelved.JPG', 'medium2_url': 'https://images4-a.ravelrycache.com/uploads/Popknitkat/882541327/IMG-1521_medium2.JPG', 'small2_url': 'https://images4-g.ravelrycache.com/uploads/Popknitkat/882541327/IMG-1521_small2.JPG', 'caption': None, 'caption_html': None, 'copyright_holder': None}]"
Patterdale,Pat Menchini,1281497,https://www.ravelry.com/patterns/library/patterdale,False,https://images4-a.ravelrycache.com/uploads/patmenchini/882542497/IMG_1348_medium2.jpg,Knitting,"['male', 'unisex', 'adult', 'positive-ease', 'chevron', 'textured', 'seamed', 'crew-neck', 'long-sleeve', 'straight', 'bottom-up', 'written-pattern', 'drop-sleeve', 'worked-flat']",22.0,0.0,True,4.0,measured over stocking stitch using 4 mm needles,pullover,DK,1,0.0,"To fit chest: 34-36, 38-40, 42-44, 46-48, 50-52, 54-56 inches","[{'id': 116219784, 'sort_order': 1, 'user_id': 1398147, 'x_offset': 0, 'y_offset': -17, 'square_url': 'https://images4-g.ravelrycache.com/uploads/patmenchini/882542497/IMG_1348_square.jpg', 'medium_url': 'https://images4-f.ravelrycache.com/uploads/patmenchini/882542497/IMG_1348_medium.jpg', 'thumbnail_url': 'https://images4-f.ravelrycache.com/uploads/patmenchini/882542497/IMG_1348_thumbnail.jpg', 'small_url': 'https://images4-f.ravelrycache.com/uploads/patmenchini/882542497/IMG_1348_small_best_fit.jpg', 'flickr_url': None, 'shelved_url': 'https://images4-f.ravelrycache.com/uploads/patmenchini/882542497/IMG_1348_shelved.jpg', 'medium2_url': 'https://images4-a.ravelrycache.com/uploads/patmenchini/882542497/IMG_1348_medium2.jpg', 'small2_url': 'https://images4-g.ravelrycache.com/uploads/patmenchini/882542497/IMG_1348_small2.jpg', 'caption': None, 'caption_html': None, 'copyright_holder': None}, {'id': 116219785, 'sort_order': 2, 'user_id': 1398147, 'x_offset': 0, 'y_offset': -17, 'square_url': 'https://images4-g.ravelrycache.com/uploads/patmenchini/882542499/IMG_1351_square.jpg', 'medium_url': 'https://images4-f.ravelrycache.com/uploads/patmenchini/882542499/IMG_1351_medium.jpg', 'thumbnail_url': 'https://images4-f.ravelrycache.com/uploads/patmenchini/882542499/IMG_1351_thumbnail.jpg', 'small_url': 'https://images4-g.ravelrycache.com/uploads/patmenchini/882542499/IMG_1351_small_best_fit.jpg', 'flickr_url': None, 'shelved_url': 'https://images4-g.ravelrycache.com/uploads/patmenchini/882542499/IMG_1351_shelved.jpg', 'medium2_url': 'https://images4-a.ravelrycache.com/uploads/patmenchini/882542499/IMG_1351_medium2.jpg', 'small2_url': 'https://images4-g.ravelrycache.com/uploads/patmenchini/882542499/IMG_1351_small2.jpg', 'caption': None, 'caption_html': None, 'copyright_holder': None}, {'id': 116219786, 'sort_order': 3, 'user_id': 1398147, 'x_offset': 0, 'y_offset': -13, 'square_url': 'https://images4-f.ravelrycache.com/uploads/patmenchini/882542498/IMG_1352_square.jpg', 'medium_url': 'https://images4-g.ravelrycache.com/uploads/patmenchini/882542498/IMG_1352_medium.jpg', 'thumbnail_url': 'https://images4-g.ravelrycache.com/uploads/patmenchini/882542498/IMG_1352_thumbnail.jpg', 'small_url': 'https://images4-f.ravelrycache.com/uploads/patmenchini/882542498/IMG_1352_small_best_fit.jpg', 'flickr_url': None, 'shelved_url': 'https://images4-f.ravelrycache.com/uploads/patmenchini/882542498/IMG_1352_shelved.jpg', 'medium2_url': 'https://images4-a.ravelrycache.com/uploads/patmenchini/882542498/IMG_1352_medium2.jpg', 'small2_url': 'https://images4-f.ravelrycache.com/uploads/patmenchini/882542498/IMG_1352_small2.jpg', 'caption': None, 'caption_html': None, 'copyright_holder': None}, {'id': 116219787, 'sort_order': 4, 'user_id': 1398147, 'x_offset': 0, 'y_offset': -16, 'square_url': 'https://images4-f.ravelrycache.com/uploads/patmenchini/882542495/IMG_1355_square.jpg', 'medium_url': 'https://images4-g.ravelrycache.com/uploads/patmenchini/882542495/IMG_1355_medium.jpg', 'thumbnail_url': 'https://images4-g.ravelrycache.com/uploads/patmenchini/882542495/IMG_1355_thumbnail.jpg', 'small_url': 'https://images4-f.ravelrycache.com/uploads/patmenchini/882542495/IMG_1355_small_best_fit.jpg', 'flickr_url': None, 'shelved_url': 'https://images4-f.ravelrycache.com/uploads/patmenchini/882542495/IMG_1355_shelved.jpg', 'medium2_url': 'https://images4-a.ravelrycache.com/uploads/patmenchini/882542495/IMG_1355_medium2.jpg', 'small2_url': 'https://images4-f.ravelrycache.com/uploads/patmenchini/882542495/IMG_1355_small2.jpg', 'caption': None, 'caption_html': None, 'copyright_holder': None}]"
Classic,Kim Hargreaves,1281695,https://www.ravelry.com/patterns/library/classic-8,False,https://images4-a.ravelrycache.com/uploads/Karol/882719133/57A0DFE3-46E1-4DC3-8ABD-7C506B1F40EC_medium2.jpeg,Knitting,"['female', 'adult', 'seamed', 'collar', 'long-sleeve', 'bottom-up', 'drop-sleeve', 'worked-flat']",22.0,0.0,False,4.0,stocking stitch / 4mm needle ,pullover,DK,4,0.0,XS - 4XL,"[{'id': 116241534, 'sort_order': 1, 'user_id': 173796, 'x_offset': -5, 'y_offset': -35, 'square_url': 'https://images4-f.ravelrycache.com/uploads/Karol/882719133/57A0DFE3-46E1-4DC3-8ABD-7C506B1F40EC_square.jpeg', 'medium_url': 'https://images4-f.ravelrycache.com/uploads/Karol/882719133/57A0DFE3-46E1-4DC3-8ABD-7C506B1F40EC_medium.jpeg', 'thumbnail_url': 'https://images4-g.ravelrycache.com/uploads/Karol/882719133/57A0DFE3-46E1-4DC3-8ABD-7C506B1F40EC_thumbnail.jpeg', 'small_url': 'https://images4-g.ravelrycache.com/uploads/Karol/882719133/57A0DFE3-46E1-4DC3-8ABD-7C506B1F40EC_small.jpeg', 'flickr_url': None, 'shelved_url': 'https://images4-f.ravelrycache.com/uploads/Karol/882719133/57A0DFE3-46E1-4DC3-8ABD-7C506B1F40EC_shelved.jpeg', 'medium2_url': 'https://images4-a.ravelrycache.com/uploads/Karol/882719133/57A0DFE3-46E1-4DC3-8ABD-7C506B1F40EC_medium2.jpeg', 'small2_url': 'https://images4-g.ravelrycache.com/uploads/Karol/882719133/57A0DFE3-46E1-4DC3-8ABD-7C506B1F40EC_small2.jpeg', 'caption': None, 'caption_html': None, 'copyright_holder': 'Kim Hargreaves '}, {'id': 116241535, 'sort_order': 2, 'user_id': 173796, 'x_offset': -5, 'y_offset': -35, 'square_url': 'https://images4-f.ravelrycache.com/uploads/Karol/882719134/F8361401-F58A-4225-91FA-15B9B811AFBD_square.jpeg', 'medium_url': 'https://images4-f.ravelrycache.com/uploads/Karol/882719134/F8361401-F58A-4225-91FA-15B9B811AFBD_medium.jpeg', 'thumbnail_url': 'https://images4-f.ravelrycache.com/uploads/Karol/882719134/F8361401-F58A-4225-91FA-15B9B811AFBD_thumbnail.jpeg', 'small_url': 'https://images4-f.ravelrycache.com/uploads/Karol/882719134/F8361401-F58A-4225-91FA-15B9B811AFBD_small.jpeg', 'flickr_url': None, 'shelved_url': 'https://images4-g.ravelrycache.com/uploads/Karol/882719134/F8361401-F58A-4225-91FA-15B9B811AFBD_shelved.jpeg', 'medium2_url': 'https://images4-a.ravelrycache.com/uploads/Karol/882719134/F8361401-F58A-4225-91FA-15B9B811AFBD_medium2.jpeg', 'small2_url': 'https://images4-g.ravelrycache.com/uploads/Karol/882719134/F8361401-F58A-4225-91FA-15B9B811AFBD_small2.jpeg', 'caption': None, 'caption_html': None, 'copyright_holder': 'Kim Hargreaves '}]"
Fierce,Kim Hargreaves,1281715,https://www.ravelry.com/patterns/library/fierce-2,False,https://images4-a.ravelrycache.com/uploads/Karol/882724324/2E1C3A22-4D48-44F1-9AF9-61D7C82798D6_medium2.jpeg,Knitting,"['female', 'adult', 'cables', 'textured', 'seamed', 'long-sleeve', 'raglan-sleeve', 'bottom-up', 'written-pattern', 'worked-flat']",10.5,5.666666666666667,False,4.0,stocking stitch / 9mm needle ,pullover,Super Bulky,8,4.333333333333333,XS - 4XL,"[{'id': 116242230, 'sort_order': 1, 'user_id': 173796, 'x_offset': -5, 'y_offset': -35, 'square_url': 'https://images4-f.ravelrycache.com/uploads/Karol/882724324/2E1C3A22-4D48-44F1-9AF9-61D7C82798D6_square.jpeg', 'medium_url': 'https://images4-f.ravelrycache.com/uploads/Karol/882724324/2E1C3A22-4D48-44F1-9AF9-61D7C82798D6_medium.jpeg', 'thumbnail_url': 'https://images4-f.ravelrycache.com/uploads/Karol/882724324/2E1C3A22-4D48-44F1-9AF9-61D7C82798D6_thumbnail.jpeg', 'small_url': 'https://images4-f.ravelrycache.com/uploads/Karol/882724324/2E1C3A22-4D48-44F1-9AF9-61D7C82798D6_small.jpeg', 'flickr_url': None, 'shelved_url': 'https://images4-g.ravelrycache.com/uploads/Karol/882724324/2E1C3A22-4D48-44F1-9AF9-61D7C82798D6_shelved.jpeg', 'medium2_url': 'https://images4-a.ravelrycache.com/uploads/Karol/882724324/2E1C3A22-4D48-44F1-9AF9-61D7C82798D6_medium2.jpeg', 'small2_url': 'https://images4-g.ravelrycache.com/uploads/Karol/882724324/2E1C3A22-4D48-44F1-9AF9-61D7C82798D6_small2.jpeg', 'caption': None, 'caption_html': None, 'copyright_holder': 'Kim Hargreaves '}, {'id': 116242229, 'sort_order': 2, 'user_id': 173796, 'x_offset': -5, 'y_offset': -35, 'square_url': 'https://images4-f.ravelrycache.com/uploads/Karol/882724326/C38D3D91-7F1D-4A95-8BCB-923B237AE3C7_square.jpeg', 'medium_url': 'https://images4-f.ravelrycache.com/uploads/Karol/882724326/C38D3D91-7F1D-4A95-8BCB-923B237AE3C7_medium.jpeg', 'thumbnail_url': 'https://images4-g.ravelrycache.com/uploads/Karol/882724326/C38D3D91-7F1D-4A95-8BCB-923B237AE3C7_thumbnail.jpeg', 'small_url': 'https://images4-g.ravelrycache.com/uploads/Karol/882724326/C38D3D91-7F1D-4A95-8BCB-923B237AE3C7_small.jpeg', 'flickr_url': None, 'shelved_url': 'https://images4-g.ravelrycache.com/uploads/Karol/882724326/C38D3D91-7F1D-4A95-8BCB-923B237AE3C7_shelved.jpeg', 'medium2_url': 'https://images4-a.ravelrycache.com/uploads/Karol/882724326/C38D3D91-7F1D-4A95-8BCB-923B237AE3C7_medium2.jpeg', 'small2_url': 'https://images4-g.ravelrycache.com/uploads/Karol/882724326/C38D3D91-7F1D-4A95-8BCB-923B237AE3C7_small2.jpeg', 'caption': None, 'caption_html': None, 'copyright_holder': 'Kim Hargreaves '}, {'id': 116242231, 'sort_order': 3, 'user_id': 173796, 'x_offset': -5, 'y_offset': -35, 'square_url': 'https://images4-g.ravelrycache.com/uploads/Karol/882724325/6822922D-596F-4033-81E1-86FC1FF5D9D7_square.jpeg', 'medium_url': 'https://images4-g.ravelrycache.com/uploads/Karol/882724325/6822922D-596F-4033-81E1-86FC1FF5D9D7_medium.jpeg', 'thumbnail_url': 'https://images4-g.ravelrycache.com/uploads/Karol/882724325/6822922D-596F-4033-81E1-86FC1FF5D9D7_thumbnail.jpeg', 'small_url': 'https://images4-f.ravelrycache.com/uploads/Karol/882724325/6822922D-596F-4033-81E1-86FC1FF5D9D7_small.jpeg', 'flickr_url': None, 'shelved_url': 'https://images4-f.ravelrycache.com/uploads/Karol/882724325/6822922D-596F-4033-81E1-86FC1FF5D9D7_shelved.jpeg', 'medium2_url': 'https://images4-a.ravelrycache.com/uploads/Karol/882724325/6822922D-596F-4033-81E1-86FC1FF5D9D7_medium2.jpeg', 'small2_url': 'https://images4-f.ravelrycache.com/uploads/Karol/882724325/6822922D-596F-4033-81E1-86FC1FF5D9D7_small2.jpeg', 'caption': None, 'caption_html': None, 'copyright_holder': 'Kim Hargreaves '}, {'id': 116242232, 'sort_order': 4, 'user_id': 173796, 'x_offset': -5, 'y_offset': -35, 'square_url': 'https://images4-g.ravelrycache.com/uploads/Karol/882724323/D641358F-9E65-42CF-88AE-2433A4C01878_square.jpeg', 'medium_url': 'https://images4-g.ravelrycache.com/uploads/Karol/882724323/D641358F-9E65-42CF-88AE-2433A4C01878_medium.jpeg', 'thumbnail_url': 'https://images4-f.ravelrycache.com/uploads/Karol/882724323/D641358F-9E65-42CF-88AE-2433A4C01878_thumbnail.jpeg', 'small_url': 'https://images4-f.ravelrycache.com/uploads/Karol/882724323/D641358F-9E65-42CF-88AE-2433A4C01878_small.jpeg', 'flickr_url': None, 'shelved_url': 'https://images4-f.ravelrycache.com/uploads/Karol/882724323/D641358F-9E65-42CF-88AE-2433A4C01878_shelved.jpeg', 'medium2_url': 'https://images4-a.ravelrycache.com/uploads/Karol/882724323/D641358F-9E65-42CF-88AE-2433A4C01878_medium2.jpeg', 'small2_url': 'https://images4-f.ravelrycache.com/uploads/Karol/882724323/D641358F-9E65-42CF-88AE-2433A4C01878_small2.jpeg', 'caption': None, 'caption_html': None, 'copyright_holder': 'Kim Hargreaves '}]"
Nostalgia Tee,Bloom & Create // Emma Janet,1281745,https://www.ravelry.com/patterns/library/nostalgia-tee,False,https://images4-a.ravelrycache.com/uploads/emmajanetknits/882444440/Emma_BloomCreate_2022_0011_medium2.jpg,Knitting,"['adult', 'circular-yoke', 'crew-neck', '3-4-sleeve', 'short-sleeve', 'stranded', 'seamless', 'short-rows', 'top-down', 'positive-ease', 'chart', 'written-pattern', 'in-the-round']",24.0,0.0,True,4.0,Colorwork stockinette in the round,pullover,Fingering,32,0.0,"34, 38, 42 (46, 50, 54), (58, 62, 66)"" // 86.4, 96.5, 106.7 (116.9, 127, 137.2), (147.3, 157.5, 167.6) cm","[{'id': 116245018, 'sort_order': 1, 'user_id': 8421391, 'x_offset': 0, 'y_offset': -43, 'square_url': 'https://images4-f.ravelrycache.com/uploads/emmajanetknits/882444440/Emma_BloomCreate_2022_0011_square.jpg', 'medium_url': 'https://images4-g.ravelrycache.com/uploads/emmajanetknits/882444440/Emma_BloomCreate_2022_0011_medium.jpg', 'thumbnail_url': 'https://images4-g.ravelrycache.com/uploads/emmajanetknits/882444440/Emma_BloomCreate_2022_0011_thumbnail.jpg', 'small_url': 'https://images4-g.ravelrycache.com/uploads/emmajanetknits/882444440/Emma_BloomCreate_2022_0011_small_best_fit.jpg', 'flickr_url': None, 'shelved_url': 'https://images4-f.ravelrycache.com/uploads/emmajanetknits/882444440/Emma_BloomCreate_2022_0011_shelved.jpg', 'medium2_url': 'https://images4-a.ravelrycache.com/uploads/emmajanetknits/882444440/Emma_BloomCreate_2022_0011_medium2.jpg', 'small2_url': 'https://images4-f.ravelrycache.com/uploads/emmajanetknits/882444440/Emma_BloomCreate_2022_0011_small2.jpg', 'caption': None, 'caption_html': None, 'copyright_holder': None}, {'id': 117834314, 'sort_order': 2, 'user_id': 9977843, 'x_offset': 2, 'y_offset': -48, 'square_url': 'https://images4-g.ravelrycache.com/uploads/lizEbee/881438014/image0__9__square.jpeg', 'medium_url': 'https://images4-g.ravelrycache.com/uploads/lizEbee/881438014/image0__9__medium.jpeg', 'thumbnail_url': 'https://images4-f.ravelrycache.com/uploads/lizEbee/881438014/image0__9__thumbnail.jpeg', 'small_url': 'https://images4-f.ravelrycache.com/uploads/lizEbee/881438014/image0__9__small_best_fit.jpeg', 'flickr_url': None, 'shelved_url': 'https://images4-g.ravelrycache.com/uploads/lizEbee/881438014/image0__9__shelved.jpeg', 'medium2_url': 'https://images4-a.ravelrycache.com/uploads/lizEbee/881438014/image0__9__medium2.jpeg', 'small2_url': 'https://images4-f.ravelrycache.com/uploads/lizEbee/881438014/image0__9__small2.jpeg', 'caption': None, 'caption_html': None, 'copyright_holder': None}, {'id': 116249126, 'sort_order': 3, 'user_id': 1904261, 'x_offset': -5, 'y_offset': -35, 'square_url': 'https://images4-g.ravelrycache.com/uploads/samanthawade/881189800/IMG_4912_square.JPG', 'medium_url': 'https://images4-f.ravelrycache.com/uploads/samanthawade/881189800/IMG_4912_medium.JPG', 'thumbnail_url': 'https://images4-g.ravelrycache.com/uploads/samanthawade/881189800/IMG_4912_thumbnail.JPG', 'small_url': 'https://images4-g.ravelrycache.com/uploads/samanthawade/881189800/IMG_4912_small.JPG', 'flickr_url': None, 'shelved_url': 'https://images4-g.ravelrycache.com/uploads/samanthawade/881189800/IMG_4912_shelved.JPG', 'medium2_url': 'https://images4-a.ravelrycache.com/uploads/samanthawade/881189800/IMG_4912_medium2.JPG', 'small2_url': 'https://images4-g.ravelrycache.com/uploads/samanthawade/881189800/IMG_4912_small2.JPG', 'caption': None, 'caption_html': None, 'copyright_holder': None}, {'id': 116246564, 'sort_order': 4, 'user_id': 9185897, 'x_offset': -42, 'y_offset': -1, 'square_url': 'https://images4-g.ravelrycache.com/uploads/celineevianne/880828130/IMG_6554_square.JPG', 'medium_url': 'https://images4-f.ravelrycache.com/uploads/celineevianne/880828130/IMG_6554_medium.JPG', 'thumbnail_url': 'https://images4-f.ravelrycache.com/uploads/celineevianne/880828130/IMG_6554_thumbnail.JPG', 'small_url': 'https://images4-f.ravelrycache.com/uploads/celineevianne/880828130/IMG_6554_small_best_fit.JPG', 'flickr_url': None, 'shelved_url': 'https://images4-f.ravelrycache.com/uploads/celineevianne/880828130/IMG_6554_shelved.JPG', 'medium2_url': 'https://images4-a.ravelrycache.com/uploads/celineevianne/880828130/IMG_6554_medium2.JPG', 'small2_url': 'https://images4-g.ravelrycache.com/uploads/celineevianne/880828130/IMG_6554_small2.JPG', 'caption': None, 'caption_html': None, 'copyright_holder': None}, {'id': 116245019, 'sort_order': 5, 'user_id': 8421391, 'x_offset': 0, 'y_offset': -71, 'square_url': 'https://images4-f.ravelrycache.com/uploads/emmajanetknits/882445358/Emma_BloomCreate_2022_0077_square.jpg', 'medium_url': 'https://images4-g.ravelrycache.com/uploads/emmajanetknits/882445358/Emma_BloomCreate_2022_0077_medium.jpg', 'thumbnail_url': 'https://images4-g.ravelrycache.com/uploads/emmajanetknits/882445358/Emma_BloomCreate_2022_0077_thumbnail.jpg', 'small_url': 'https://images4-g.ravelrycache.com/uploads/emmajanetknits/882445358/Emma_BloomCreate_2022_0077_small_best_fit.jpg', 'flickr_url': None, 'shelved_url': 'https://images4-g.ravelrycache.com/uploads/emmajanetknits/882445358/Emma_BloomCreate_2022_0077_shelved.jpg', 'medium2_url': 'https://images4-a.ravelrycache.com/uploads/emmajanetknits/882445358/Emma_BloomCreate_2022_0077_medium2.jpg', 'small2_url': 'https://images4-f.ravelrycache.com/uploads/emmajanetknits/882445358/Emma_BloomCreate_2022_0077_small2.jpg', 'caption': None, 'caption_html': None, 'copyright_holder': None}, {'id': 116245020, 'sort_order': 6, 'user_id': 8421391, 'x_offset': 0, 'y_offset': -43, 'square_url': 'https://images4-g.ravelrycache.com/uploads/emmajanetknits/882445351/Emma_BloomCreate_2022_0088_square.jpg', 'medium_url': 'https://images4-f.ravelrycache.com/uploads/emmajanetknits/882445351/Emma_BloomCreate_2022_0088_medium.jpg', 'thumbnail_url': 'https://images4-f.ravelrycache.com/uploads/emmajanetknits/882445351/Emma_BloomCreate_2022_0088_thumbnail.jpg', 'small_url': 'https://images4-g.ravelrycache.com/uploads/emmajanetknits/882445351/Emma_BloomCreate_2022_0088_small_best_fit.jpg', 'flickr_url': None, 'shelved_url': 'https://images4-g.ravelrycache.com/uploads/emmajanetknits/882445351/Emma_BloomCreate_2022_0088_shelved.jpg', 'medium2_url': 'https://images4-a.ravelrycache.com/uploads/emmajanetknits/882445351/Emma_BloomCreate_2022_0088_medium2.jpg', 'small2_url': 'https://images4-g.ravelrycache.com/uploads/emmajanetknits/882445351/Emma_BloomCreate_2022_0088_small2.jpg', 'caption': None, 'caption_html': None, 'copyright_holder': None}, {'id': 116245021, 'sort_order': 7, 'user_id': 8421391, 'x_offset': -1, 'y_offset': -84, 'square_url': 'https://images4-f.ravelrycache.com/uploads/emmajanetknits/882444647/Emma_BloomCreate_2022_0068_square.jpg', 'medium_url': 'https://images4-g.ravelrycache.com/uploads/emmajanetknits/882444647/Emma_BloomCreate_2022_0068_medium.jpg', 'thumbnail_url': 'https://images4-f.ravelrycache.com/uploads/emmajanetknits/882444647/Emma_BloomCreate_2022_0068_thumbnail.jpg', 'small_url': 'https://images4-f.ravelrycache.com/uploads/emmajanetknits/882444647/Emma_BloomCreate_2022_0068_small_best_fit.jpg', 'flickr_url': None, 'shelved_url': 'https://images4-g.ravelrycache.com/uploads/emmajanetknits/882444647/Emma_BloomCreate_2022_0068_shelved.jpg', 'medium2_url': 'https://images4-a.ravelrycache.com/uploads/emmajanetknits/882444647/Emma_BloomCreate_2022_0068_medium2.jpg', 'small2_url': 'https://images4-f.ravelrycache.com/uploads/emmajanetknits/882444647/Emma_BloomCreate_2022_0068_small2.jpg', 'caption': None, 'caption_html': None, 'copyright_holder': None}, {'id': 116245022, 'sort_order': 8, 'user_id': 8421391, 'x_offset': -43, 'y_offset': 0, 'square_url': 'https://images4-g.ravelrycache.com/uploads/emmajanetknits/882444630/Emma_BloomCreate_2022_0092_square.jpg', 'medium_url': 'https://images4-f.ravelrycache.com/uploads/emmajanetknits/882444630/Emma_BloomCreate_2022_0092_medium.jpg', 'thumbnail_url': 'https://images4-f.ravelrycache.com/uploads/emmajanetknits/882444630/Emma_BloomCreate_2022_0092_thumbnail.jpg', 'small_url': 'https://images4-g.ravelrycache.com/uploads/emmajanetknits/882444630/Emma_BloomCreate_2022_0092_small_best_fit.jpg', 'flickr_url': None, 'shelved_url': 'https://images4-g.ravelrycache.com/uploads/emmajanetknits/882444630/Emma_BloomCreate_2022_0092_shelved.jpg', 'medium2_url': 'https://images4-a.ravelrycache.com/uploads/emmajanetknits/882444630/Emma_BloomCreate_2022_0092_medium2.jpg', 'small2_url': 'https://images4-g.ravelrycache.com/uploads/emmajanetknits/882444630/Emma_BloomCreate_2022_0092_small2.jpg', 'caption': None, 'caption_html': None, 'copyright_holder': None}, {'id': 116245023, 'sort_order': 9, 'user_id': 8421391, 'x_offset': -43, 'y_offset': 0, 'square_url': 'https://images4-g.ravelrycache.com/uploads/emmajanetknits/882444499/Emma_BloomCreate_2022_0083_square.jpg', 'medium_url': 'https://images4-f.ravelrycache.com/uploads/emmajanetknits/882444499/Emma_BloomCreate_2022_0083_medium.jpg', 'thumbnail_url': 'https://images4-g.ravelrycache.com/uploads/emmajanetknits/882444499/Emma_BloomCreate_2022_0083_thumbnail.jpg', 'small_url': 'https://images4-f.ravelrycache.com/uploads/emmajanetknits/882444499/Emma_BloomCreate_2022_0083_small_best_fit.jpg', 'flickr_url': None, 'shelved_url': 'https://images4-f.ravelrycache.com/uploads/emmajanetknits/882444499/Emma_BloomCreate_2022_0083_shelved.jpg', 'medium2_url': 'https://images4-a.ravelrycache.com/uploads/emmajanetknits/882444499/Emma_BloomCreate_2022_0083_medium2.jpg', 'small2_url': 'https://images4-g.ravelrycache.com/uploads/emmajanetknits/882444499/Emma_BloomCreate_2022_0083_small2.jpg', 'caption': None, 'caption_html': None, 'copyright_holder': None}, {'id': 116245024, 'sort_order': 10, 'user_id': 8421391, 'x_offset': -16, 'y_offset': 0, 'square_url': 'https://images4-f.ravelrycache.com/uploads/emmajanetknits/882446123/nostalgia_friends__square.jpg', 'medium_url': 'https://images4-g.ravelrycache.com/uploads/emmajanetknits/882446123/nostalgia_friends__medium.jpg', 'thumbnail_url': 'https://images4-g.ravelrycache.com/uploads/emmajanetknits/882446123/nostalgia_friends__thumbnail.jpg', 'small_url': 'https://images4-f.ravelrycache.com/uploads/emmajanetknits/882446123/nostalgia_friends__small_best_fit.jpg', 'flickr_url': None, 'shelved_url': 'https://images4-g.ravelrycache.com/uploads/emmajanetknits/882446123/nostalgia_friends__shelved.jpg', 'medium2_url': 'https://images4-a.ravelrycache.com/uploads/emmajanetknits/882446123/nostalgia_friends__medium2.jpg', 'small2_url': 'https://images4-f.ravelrycache.com/uploads/emmajanetknits/882446123/nostalgia_friends__small2.jpg', 'caption': None, 'caption_html': None, 'copyright_holder': None}, {'id': 116245025, 'sort_order': 11, 'user_id': 8421391, 'x_offset': -43, 'y_offset': 0, 'square_url': 'https://images4-f.ravelrycache.com/uploads/emmajanetknits/882445354/Emma_BloomCreate_2022_0086_square.jpg', 'medium_url': 'https://images4-g.ravelrycache.com/uploads/emmajanetknits/882445354/Emma_BloomCreate_2022_0086_medium.jpg', 'thumbnail_url': 'https://images4-f.ravelrycache.com/uploads/emmajanetknits/882445354/Emma_BloomCreate_2022_0086_thumbnail.jpg', 'small_url': 'https://images4-g.ravelrycache.com/uploads/emmajanetknits/882445354/Emma_BloomCreate_2022_0086_small_best_fit.jpg', 'flickr_url': None, 'shelved_url': 'https://images4-g.ravelrycache.com/uploads/emmajanetknits/882445354/Emma_BloomCreate_2022_0086_shelved.jpg', 'medium2_url': 'https://images4-a.ravelrycache.com/uploads/emmajanetknits/882445354/Emma_BloomCreate_2022_0086_medium2.jpg', 'small2_url': 'https://images4-f.ravelrycache.com/uploads/emmajanetknits/882445354/Emma_BloomCreate_2022_0086_small2.jpg', 'caption': None, 'caption_html': None, 'copyright_holder': None}, {'id': 116245026, 'sort_order': 12, 'user_id': 8421391, 'x_offset': 0, 'y_offset': -43, 'square_url': 'https://images4-g.ravelrycache.com/uploads/emmajanetknits/882445350/Emma_BloomCreate_2022_0087_square.jpg', 'medium_url': 'https://images4-f.ravelrycache.com/uploads/emmajanetknits/882445350/Emma_BloomCreate_2022_0087_medium.jpg', 'thumbnail_url': 'https://images4-f.ravelrycache.com/uploads/emmajanetknits/882445350/Emma_BloomCreate_2022_0087_thumbnail.jpg', 'small_url': 'https://images4-g.ravelrycache.com/uploads/emmajanetknits/882445350/Emma_BloomCreate_2022_0087_small_best_fit.jpg', 'flickr_url': None, 'shelved_url': 'https://images4-f.ravelrycache.com/uploads/emmajanetknits/882445350/Emma_BloomCreate_2022_0087_shelved.jpg', 'medium2_url': 'https://images4-a.ravelrycache.com/uploads/emmajanetknits/882445350/Emma_BloomCreate_2022_0087_medium2.jpg', 'small2_url': 'https://images4-g.ravelrycache.com/uploads/emmajanetknits/882445350/Emma_BloomCreate_2022_0087_small2.jpg', 'caption': None, 'caption_html': None, 'copyright_holder': None}, {'id': 116245027, 'sort_order': 13, 'user_id': 8421391, 'x_offset': -1, 'y_offset': -26, 'square_url': 'https://images4-f.ravelrycache.com/uploads/emmajanetknits/882445635/Copy_of_Nostalgia_tee_square.png', 'medium_url': 'https://images4-g.ravelrycache.com/uploads/emmajanetknits/882445635/Copy_of_Nostalgia_tee_medium.png', 'thumbnail_url': 'https://images4-g.ravelrycache.com/uploads/emmajanetknits/882445635/Copy_of_Nostalgia_tee_thumbnail.png', 'small_url': 'https://images4-g.ravelrycache.com/uploads/emmajanetknits/882445635/Copy_of_Nostalgia_tee_small_best_fit.png', 'flickr_url': None, 'shelved_url': 'https://images4-g.ravelrycache.com/uploads/emmajanetknits/882445635/Copy_of_Nostalgia_tee_shelved.png', 'medium2_url': 'https://images4-a.ravelrycache.com/uploads/emmajanetknits/882445635/Copy_of_Nostalgia_tee_medium2.png', 'small2_url': 'https://images4-f.ravelrycache.com/uploads/emmajanetknits/882445635/Copy_of_Nostalgia_tee_small2.png', 'caption': None, 'caption_html': None, 'copyright_holder': None}]"
Sætergenseren/The Sæter Sweater,Pinneguri,1281907,https://www.ravelry.com/patterns/library/stergenseren-the-ster-sweater,False,https://images4-a.ravelrycache.com/uploads/Pinneguri/882720847/upload_medium2,Knitting,"['female', 'adult', 'no-ease', 'fitted', 'waist', 'aline', 'dropped-stitches', 'stranded', 'short-rows', 'top-down', 'norwegian', 'chart', 'written-pattern', 'in-the-round', 'slipped-stitches', 'gusset', 'schematic', 'circular-yoke']",24.0,0.0,True,4.0,mønsterstrikka del/stranded part,pullover,Sport,8,0.0,84 (94) 100 (113) 121 cm / 33 (37) 39 (44.5) 47.5 inches,"[{'id': 116266770, 'sort_order': 1, 'user_id': 13921, 'x_offset': -9, 'y_offset': -40, 'square_url': 'https://images4-g.ravelrycache.com/uploads/Pinneguri/882720847/upload_square', 'medium_url': 'https://images4-f.ravelrycache.com/uploads/Pinneguri/882720847/upload_medium', 'thumbnail_url': 'https://images4-f.ravelrycache.com/uploads/Pinneguri/882720847/upload_thumbnail', 'small_url': 'https://images4-g.ravelrycache.com/uploads/Pinneguri/882720847/upload_small', 'flickr_url': None, 'shelved_url': 'https://images4-g.ravelrycache.com/uploads/Pinneguri/882720847/upload_shelved', 'medium2_url': 'https://images4-a.ravelrycache.com/uploads/Pinneguri/882720847/upload_medium2', 'small2_url': 'https://images4-g.ravelrycache.com/uploads/Pinneguri/882720847/upload_small2', 'caption': None, 'caption_html': None, 'copyright_holder': None}, {'id': 116266771, 'sort_order': 2, 'user_id': 13921, 'x_offset': -11, 'y_offset': 0, 'square_url': 'https://images4-g.ravelrycache.com/uploads/Pinneguri/882720480/upload_square', 'medium_url': 'https://images4-f.ravelrycache.com/uploads/Pinneguri/882720480/upload_medium', 'thumbnail_url': 'https://images4-f.ravelrycache.com/uploads/Pinneguri/882720480/upload_thumbnail', 'small_url': 'https://images4-f.ravelrycache.com/uploads/Pinneguri/882720480/upload_small_best_fit', 'flickr_url': None, 'shelved_url': 'https://images4-f.ravelrycache.com/uploads/Pinneguri/882720480/upload_shelved', 'medium2_url': 'https://images4-a.ravelrycache.com/uploads/Pinneguri/882720480/upload_medium2', 'small2_url': 'https://images4-g.ravelrycache.com/uploads/Pinneguri/882720480/upload_small2', 'caption': None, 'caption_html': None, 'copyright_holder': None}, {'id': 116266772, 'sort_order': 3, 'user_id': 13921, 'x_offset': -8, 'y_offset': -69, 'square_url': 'https://images4-f.ravelrycache.com/uploads/Pinneguri/882720925/upload_square', 'medium_url': 'https://images4-g.ravelrycache.com/uploads/Pinneguri/882720925/upload_medium', 'thumbnail_url': 'https://images4-g.ravelrycache.com/uploads/Pinneguri/882720925/upload_thumbnail', 'small_url': 'https://images4-f.ravelrycache.com/uploads/Pinneguri/882720925/upload_small', 'flickr_url': None, 'shelved_url': 'https://images4-f.ravelrycache.com/uploads/Pinneguri/882720925/upload_shelved', 'medium2_url': 'https://images4-a.ravelrycache.com/uploads/Pinneguri/882720925/upload_medium2', 'small2_url': 'https://images4-f.ravelrycache.com/uploads/Pinneguri/882720925/upload_small2', 'caption': None, 'caption_html': None, 'copyright_holder': None}, {'id': 116266773, 'sort_order': 4, 'user_id': 13921, 'x_offset': -35, 'y_offset': -5, 'square_url': 'https://images4-f.ravelrycache.com/uploads/Pinneguri/882720799/upload_square', 'medium_url': 'https://images4-g.ravelrycache.com/uploads/Pinneguri/882720799/upload_medium', 'thumbnail_url': 'https://images4-f.ravelrycache.com/uploads/Pinneguri/882720799/upload_thumbnail', 'small_url': 'https://images4-f.ravelrycache.com/uploads/Pinneguri/882720799/upload_small', 'flickr_url': None, 'shelved_url': 'https://images4-f.ravelrycache.com/uploads/Pinneguri/882720799/upload_shelved', 'medium2_url': 'https://images4-a.ravelrycache.com/uploads/Pinneguri/882720799/upload_medium2', 'small2_url': 'https://images4-f.ravelrycache.com/uploads/Pinneguri/882720799/upload_small2', 'caption': None, 'caption_html': None, 'copyright_holder': None}, {'id': 116266774, 'sort_order': 5, 'user_id': 13921, 'x_offset': 0, 'y_offset': -43, 'square_url': 'https://images4-g.ravelrycache.com/uploads/Pinneguri/882720693/upload_square', 'medium_url': 'https://images4-f.ravelrycache.com/uploads/Pinneguri/882720693/upload_medium', 'thumbnail_url': 'https://images4-g.ravelrycache.com/uploads/Pinneguri/882720693/upload_thumbnail', 'small_url': 'https://images4-f.ravelrycache.com/uploads/Pinneguri/882720693/upload_small_best_fit', 'flickr_url': None, 'shelved_url': 'https://images4-g.ravelrycache.com/uploads/Pinneguri/882720693/upload_shelved', 'medium2_url': 'https://images4-a.ravelrycache.com/uploads/Pinneguri/882720693/upload_medium2', 'small2_url': 'https://images4-g.ravelrycache.com/uploads/Pinneguri/882720693/upload_small2', 'caption': None, 'caption_html': None, 'copyright_holder': None}]"
Pull Chalet,Alice Hammer,1281984,https://www.ravelry.com/patterns/library/pull-chalet,False,https://images4-a.ravelrycache.com/uploads/AliceHammer/882093772/Alice_Hammer_CHALET_web13_medium2.jpg,Knitting,"['adult', '3-4-sleeve', 'seamless', 'bottom-up', 'drop-sleeve', 'in-the-round', 'three-needle-bind', 'stripes-colorwork']",19.0,0.0,True,4.0,stockinette,pullover,Sport,10,0.0,"S, M, L, XL, 2XL, 3XL, 4XL et 5XL","[{'id': 116271062, 'sort_order': 1, 'user_id': 3582770, 'x_offset': 1, 'y_offset': -23, 'square_url': 'https://images4-f.ravelrycache.com/uploads/AliceHammer/882093772/Alice_Hammer_CHALET_web13_square.jpg', 'medium_url': 'https://images4-g.ravelrycache.com/uploads/AliceHammer/882093772/Alice_Hammer_CHALET_web13_medium.jpg', 'thumbnail_url': 'https://images4-g.ravelrycache.com/uploads/AliceHammer/882093772/Alice_Hammer_CHALET_web13_thumbnail.jpg', 'small_url': 'https://images4-f.ravelrycache.com/uploads/AliceHammer/882093772/Alice_Hammer_CHALET_web13_small_best_fit.jpg', 'flickr_url': None, 'shelved_url': 'https://images4-g.ravelrycache.com/uploads/AliceHammer/882093772/Alice_Hammer_CHALET_web13_shelved.jpg', 'medium2_url': 'https://images4-a.ravelrycache.com/uploads/AliceHammer/882093772/Alice_Hammer_CHALET_web13_medium2.jpg', 'small2_url': 'https://images4-f.ravelrycache.com/uploads/AliceHammer/882093772/Alice_Hammer_CHALET_web13_small2.jpg', 'caption': None, 'caption_html': None, 'copyright_holder': None}, {'id': 116271063, 'sort_order': 2, 'user_id': 3582770, 'x_offset': 0, 'y_offset': -43, 'square_url': 'https://images4-f.ravelrycache.com/uploads/AliceHammer/882093768/Alice_Hammer_CHALET_web9_square.jpg', 'medium_url': 'https://images4-g.ravelrycache.com/uploads/AliceHammer/882093768/Alice_Hammer_CHALET_web9_medium.jpg', 'thumbnail_url': 'https://images4-g.ravelrycache.com/uploads/AliceHammer/882093768/Alice_Hammer_CHALET_web9_thumbnail.jpg', 'small_url': 'https://images4-g.ravelrycache.com/uploads/AliceHammer/882093768/Alice_Hammer_CHALET_web9_small_best_fit.jpg', 'flickr_url': None, 'shelved_url': 'https://images4-f.ravelrycache.com/uploads/AliceHammer/882093768/Alice_Hammer_CHALET_web9_shelved.jpg', 'medium2_url': 'https://images4-a.ravelrycache.com/uploads/AliceHammer/882093768/Alice_Hammer_CHALET_web9_medium2.jpg', 'small2_url': 'https://images4-f.ravelrycache.com/uploads/AliceHammer/882093768/Alice_Hammer_CHALET_web9_small2.jpg', 'caption': None, 'caption_html': None, 'copyright_holder': None}, {'id': 116271064, 'sort_order': 3, 'user_id': 3582770, 'x_offset': -2, 'y_offset': -49, 'square_url': 'https://images4-g.ravelrycache.com/uploads/AliceHammer/882093789/Alice_Hammer_CHALET_web6_square.jpg', 'medium_url': 'https://images4-f.ravelrycache.com/uploads/AliceHammer/882093789/Alice_Hammer_CHALET_web6_medium.jpg', 'thumbnail_url': 'https://images4-g.ravelrycache.com/uploads/AliceHammer/882093789/Alice_Hammer_CHALET_web6_thumbnail.jpg', 'small_url': 'https://images4-g.ravelrycache.com/uploads/AliceHammer/882093789/Alice_Hammer_CHALET_web6_small_best_fit.jpg', 'flickr_url': None, 'shelved_url': 'https://images4-f.ravelrycache.com/uploads/AliceHammer/882093789/Alice_Hammer_CHALET_web6_shelved.jpg', 'medium2_url': 'https://images4-a.ravelrycache.com/uploads/AliceHammer/882093789/Alice_Hammer_CHALET_web6_medium2.jpg', 'small2_url': 'https://images4-g.ravelrycache.com/uploads/AliceHammer/882093789/Alice_Hammer_CHALET_web6_small2.jpg', 'caption': None, 'caption_html': None, 'copyright_holder': None}, {'id': 116271065, 'sort_order': 4, 'user_id': 3582770, 'x_offset': 0, 'y_offset': -43, 'square_url': 'https://images4-g.ravelrycache.com/uploads/AliceHammer/882093775/Alice_Hammer_CHALET_web4_square.jpg', 'medium_url': 'https://images4-f.ravelrycache.com/uploads/AliceHammer/882093775/Alice_Hammer_CHALET_web4_medium.jpg', 'thumbnail_url': 'https://images4-f.ravelrycache.com/uploads/AliceHammer/882093775/Alice_Hammer_CHALET_web4_thumbnail.jpg', 'small_url': 'https://images4-f.ravelrycache.com/uploads/AliceHammer/882093775/Alice_Hammer_CHALET_web4_small_best_fit.jpg', 'flickr_url': None, 'shelved_url': 'https://images4-f.ravelrycache.com/uploads/AliceHammer/882093775/Alice_Hammer_CHALET_web4_shelved.jpg', 'medium2_url': 'https://images4-a.ravelrycache.com/uploads/AliceHammer/882093775/Alice_Hammer_CHALET_web4_medium2.jpg', 'small2_url': 'https://images4-g.ravelrycache.com/uploads/AliceHammer/882093775/Alice_Hammer_CHALET_web4_small2.jpg', 'caption': None, 'caption_html': None, 'copyright_holder': None}, {'id': 116271066, 'sort_order': 5, 'user_id': 3582770, 'x_offset': 0, 'y_offset': -43, 'square_url': 'https://images4-f.ravelrycache.com/uploads/AliceHammer/882093784/Alice_Hammer_CHALET_web5_square.jpg', 'medium_url': 'https://images4-g.ravelrycache.com/uploads/AliceHammer/882093784/Alice_Hammer_CHALET_web5_medium.jpg', 'thumbnail_url': 'https://images4-f.ravelrycache.com/uploads/AliceHammer/882093784/Alice_Hammer_CHALET_web5_thumbnail.jpg', 'small_url': 'https://images4-f.ravelrycache.com/uploads/AliceHammer/882093784/Alice_Hammer_CHALET_web5_small_best_fit.jpg', 'flickr_url': None, 'shelved_url': 'https://images4-g.ravelrycache.com/uploads/AliceHammer/882093784/Alice_Hammer_CHALET_web5_shelved.jpg', 'medium2_url': 'https://images4-a.ravelrycache.com/uploads/AliceHammer/882093784/Alice_Hammer_CHALET_web5_medium2.jpg', 'small2_url': 'https://images4-f.ravelrycache.com/uploads/AliceHammer/882093784/Alice_Hammer_CHALET_web5_small2.jpg', 'caption': None, 'caption_html': None, 'copyright_holder': None}, {'id': 116271067, 'sort_order': 6, 'user_id': 3582770, 'x_offset': -1, 'y_offset': -20, 'square_url': 'https://images4-g.ravelrycache.com/uploads/AliceHammer/882093777/Alice_Hammer_CHALET_web2_square.jpg', 'medium_url': 'https://images4-f.ravelrycache.com/uploads/AliceHammer/882093777/Alice_Hammer_CHALET_web2_medium.jpg', 'thumbnail_url': 'https://images4-g.ravelrycache.com/uploads/AliceHammer/882093777/Alice_Hammer_CHALET_web2_thumbnail.jpg', 'small_url': 'https://images4-f.ravelrycache.com/uploads/AliceHammer/882093777/Alice_Hammer_CHALET_web2_small_best_fit.jpg', 'flickr_url': None, 'shelved_url': 'https://images4-f.ravelrycache.com/uploads/AliceHammer/882093777/Alice_Hammer_CHALET_web2_shelved.jpg', 'medium2_url': 'https://images4-a.ravelrycache.com/uploads/AliceHammer/882093777/Alice_Hammer_CHALET_web2_medium2.jpg', 'small2_url': 'https://images4-g.ravelrycache.com/uploads/AliceHammer/882093777/Alice_Hammer_CHALET_web2_small2.jpg', 'caption': None, 'caption_html': None, 'copyright_holder': None}]"
Newfane,Berroco Design Team,1282010,https://www.ravelry.com/patterns/library/newfane,True,https://images4-a.ravelrycache.com/uploads/AsaMiaKnits/882974198/Newfane-1_medium2.jpg,Knitting,"['turtleneck', 'one-piece', 'bottom-up', 'written-pattern', 'schematic', 'female', 'adult', 'positive-ease', 'worked-flat', 'in-the-round']",12.0,2.3333333333333335,True,4.0,Stockinette Stitch,pullover,Super Bulky,14,5.0,"52½ (58, 64½)"" / 134 (148, 164)cm","[{'id': 116273150, 'sort_order': 1, 'user_id': 6140882, 'x_offset': -5, 'y_offset': -18, 'square_url': 'https://images4-g.ravelrycache.com/uploads/AsaMiaKnits/882974198/Newfane-1_square.jpg', 'medium_url': 'https://images4-f.ravelrycache.com/uploads/AsaMiaKnits/882974198/Newfane-1_medium.jpg', 'thumbnail_url': 'https://images4-f.ravelrycache.com/uploads/AsaMiaKnits/882974198/Newfane-1_thumbnail.jpg', 'small_url': 'https://images4-f.ravelrycache.com/uploads/AsaMiaKnits/882974198/Newfane-1_small.jpg', 'flickr_url': None, 'shelved_url': 'https://images4-f.ravelrycache.com/uploads/AsaMiaKnits/882974198/Newfane-1_shelved.jpg', 'medium2_url': 'https://images4-a.ravelrycache.com/uploads/AsaMiaKnits/882974198/Newfane-1_medium2.jpg', 'small2_url': 'https://images4-g.ravelrycache.com/uploads/AsaMiaKnits/882974198/Newfane-1_small2.jpg', 'caption': None, 'caption_html': None, 'copyright_holder': 'Berroco, Inc. '}, {'id': 116273151, 'sort_order': 2, 'user_id': 6140882, 'x_offset': -3, 'y_offset': -53, 'square_url': 'https://images4-g.ravelrycache.com/uploads/AsaMiaKnits/882974187/Newfane-2_square.jpg', 'medium_url': 'https://images4-f.ravelrycache.com/uploads/AsaMiaKnits/882974187/Newfane-2_medium.jpg', 'thumbnail_url': 'https://images4-g.ravelrycache.com/uploads/AsaMiaKnits/882974187/Newfane-2_thumbnail.jpg', 'small_url': 'https://images4-f.ravelrycache.com/uploads/AsaMiaKnits/882974187/Newfane-2_small.jpg', 'flickr_url': None, 'shelved_url': 'https://images4-g.ravelrycache.com/uploads/AsaMiaKnits/882974187/Newfane-2_shelved.jpg', 'medium2_url': 'https://images4-a.ravelrycache.com/uploads/AsaMiaKnits/882974187/Newfane-2_medium2.jpg', 'small2_url': 'https://images4-g.ravelrycache.com/uploads/AsaMiaKnits/882974187/Newfane-2_small2.jpg', 'caption': None, 'caption_html': None, 'copyright_holder': 'Berroco, Inc. '}, {'id': 116273152, 'sort_order': 3, 'user_id': 6140882, 'x_offset': -9, 'y_offset': -20, 'square_url': 'https://images4-f.ravelrycache.com/uploads/AsaMiaKnits/882974153/Newfane-3_square.jpg', 'medium_url': 'https://images4-g.ravelrycache.com/uploads/AsaMiaKnits/882974153/Newfane-3_medium.jpg', 'thumbnail_url': 'https://images4-f.ravelrycache.com/uploads/AsaMiaKnits/882974153/Newfane-3_thumbnail.jpg', 'small_url': 'https://images4-f.ravelrycache.com/uploads/AsaMiaKnits/882974153/Newfane-3_small.jpg', 'flickr_url': None, 'shelved_url': 'https://images4-g.ravelrycache.com/uploads/AsaMiaKnits/882974153/Newfane-3_shelved.jpg', 'medium2_url': 'https://images4-a.ravelrycache.com/uploads/AsaMiaKnits/882974153/Newfane-3_medium2.jpg', 'small2_url': 'https://images4-f.ravelrycache.com/uploads/AsaMiaKnits/882974153/Newfane-3_small2.jpg', 'caption': None, 'caption_html': None, 'copyright_holder': 'Berroco, Inc. '}, {'id': 116273153, 'sort_order': 4, 'user_id': 6140882, 'x_offset': -7, 'y_offset': -23, 'square_url': 'https://images4-f.ravelrycache.com/uploads/AsaMiaKnits/882974113/Newfane-4_square.jpg', 'medium_url': 'https://images4-g.ravelrycache.com/uploads/AsaMiaKnits/882974113/Newfane-4_medium.jpg', 'thumbnail_url': 'https://images4-f.ravelrycache.com/uploads/AsaMiaKnits/882974113/Newfane-4_thumbnail.jpg', 'small_url': 'https://images4-f.ravelrycache.com/uploads/AsaMiaKnits/882974113/Newfane-4_small.jpg', 'flickr_url': None, 'shelved_url': 'https://images4-g.ravelrycache.com/uploads/AsaMiaKnits/882974113/Newfane-4_shelved.jpg', 'medium2_url': 'https://images4-a.ravelrycache.com/uploads/AsaMiaKnits/882974113/Newfane-4_medium2.jpg', 'small2_url': 'https://images4-f.ravelrycache.com/uploads/AsaMiaKnits/882974113/Newfane-4_small2.jpg', 'caption': None, 'caption_html': None, 'copyright_holder': 'Berroco, Inc. '}]"
Vegar Jumper,Barbara Cheyne,1282115,https://www.ravelry.com/patterns/library/vegar-jumper,False,https://images4-a.ravelrycache.com/uploads/myshetlandgarden/883059472/SWAJiii_31_medium2.jpg,Knitting,"['unisex', 'adult', 'ribbed', 'stranded', 'seamless', 'bottom-up', 'Shetland', 'chart', 'written-pattern', 'fairisle', 'in-the-round', 'circular-yoke']",31.5,0.0,True,4.0,stranded colourwork,pullover,Fingering,11,0.0,"To fit chest: 71-76 (81-86, 92-97, 102-107, 112-117)(122-127, 132-137, 142-147, 152-157) cm / 28-30 (32-34, 36-38, 40-42, 44-46)(48-50, 52-54, 56-58, 60-62) inches","[{'id': 116283747, 'sort_order': 1, 'user_id': 5334380, 'x_offset': -43, 'y_offset': 0, 'square_url': 'https://images4-f.ravelrycache.com/uploads/myshetlandgarden/883059472/SWAJiii_31_square.jpg', 'medium_url': 'https://images4-g.ravelrycache.com/uploads/myshetlandgarden/883059472/SWAJiii_31_medium.jpg', 'thumbnail_url': 'https://images4-f.ravelrycache.com/uploads/myshetlandgarden/883059472/SWAJiii_31_thumbnail.jpg', 'small_url': 'https://images4-f.ravelrycache.com/uploads/myshetlandgarden/883059472/SWAJiii_31_small_best_fit.jpg', 'flickr_url': None, 'shelved_url': 'https://images4-f.ravelrycache.com/uploads/myshetlandgarden/883059472/SWAJiii_31_shelved.jpg', 'medium2_url': 'https://images4-a.ravelrycache.com/uploads/myshetlandgarden/883059472/SWAJiii_31_medium2.jpg', 'small2_url': 'https://images4-f.ravelrycache.com/uploads/myshetlandgarden/883059472/SWAJiii_31_small2.jpg', 'caption': None, 'caption_html': None, 'copyright_holder': None}, {'id': 116283748, 'sort_order': 2, 'user_id': 5334380, 'x_offset': -43, 'y_offset': 0, 'square_url': 'https://images4-g.ravelrycache.com/uploads/myshetlandgarden/883059479/SWAJiii_23_square.jpg', 'medium_url': 'https://images4-f.ravelrycache.com/uploads/myshetlandgarden/883059479/SWAJiii_23_medium.jpg', 'thumbnail_url': 'https://images4-f.ravelrycache.com/uploads/myshetlandgarden/883059479/SWAJiii_23_thumbnail.jpg', 'small_url': 'https://images4-g.ravelrycache.com/uploads/myshetlandgarden/883059479/SWAJiii_23_small_best_fit.jpg', 'flickr_url': None, 'shelved_url': 'https://images4-f.ravelrycache.com/uploads/myshetlandgarden/883059479/SWAJiii_23_shelved.jpg', 'medium2_url': 'https://images4-a.ravelrycache.com/uploads/myshetlandgarden/883059479/SWAJiii_23_medium2.jpg', 'small2_url': 'https://images4-g.ravelrycache.com/uploads/myshetlandgarden/883059479/SWAJiii_23_small2.jpg', 'caption': None, 'caption_html': None, 'copyright_holder': None}, {'id': 116283749, 'sort_order': 3, 'user_id': 5334380, 'x_offset': 0, 'y_offset': -55, 'square_url': 'https://images4-f.ravelrycache.com/uploads/myshetlandgarden/883059470/SWAJiii_21_square.jpg', 'medium_url': 'https://images4-g.ravelrycache.com/uploads/myshetlandgarden/883059470/SWAJiii_21_medium.jpg', 'thumbnail_url': 'https://images4-g.ravelrycache.com/uploads/myshetlandgarden/883059470/SWAJiii_21_thumbnail.jpg', 'small_url': 'https://images4-f.ravelrycache.com/uploads/myshetlandgarden/883059470/SWAJiii_21_small_best_fit.jpg', 'flickr_url': None, 'shelved_url': 'https://images4-g.ravelrycache.com/uploads/myshetlandgarden/883059470/SWAJiii_21_shelved.jpg', 'medium2_url': 'https://images4-a.ravelrycache.com/uploads/myshetlandgarden/883059470/SWAJiii_21_medium2.jpg', 'small2_url': 'https://images4-f.ravelrycache.com/uploads/myshetlandgarden/883059470/SWAJiii_21_small2.jpg', 'caption': None, 'caption_html': None, 'copyright_holder': None}, {'id': 116283750, 'sort_order': 4, 'user_id': 5334380, 'x_offset': -43, 'y_offset': 0, 'square_url': 'https://images4-g.ravelrycache.com/uploads/myshetlandgarden/883059474/SWAJiii_30_square.jpg', 'medium_url': 'https://images4-f.ravelrycache.com/uploads/myshetlandgarden/883059474/SWAJiii_30_medium.jpg', 'thumbnail_url': 'https://images4-g.ravelrycache.com/uploads/myshetlandgarden/883059474/SWAJiii_30_thumbnail.jpg', 'small_url': 'https://images4-f.ravelrycache.com/uploads/myshetlandgarden/883059474/SWAJiii_30_small_best_fit.jpg', 'flickr_url': None, 'shelved_url': 'https://images4-g.ravelrycache.com/uploads/myshetlandgarden/883059474/SWAJiii_30_shelved.jpg', 'medium2_url': 'https://images4-a.ravelrycache.com/uploads/myshetlandgarden/883059474/SWAJiii_30_medium2.jpg', 'small2_url': 'https://images4-g.ravelrycache.com/uploads/myshetlandgarden/883059474/SWAJiii_30_small2.jpg', 'caption': None, 'caption_html': None, 'copyright_holder': None}, {'id': 116283751, 'sort_order': 5, 'user_id': 5334380, 'x_offset': 0, 'y_offset': -43, 'square_url': 'https://images4-g.ravelrycache.com/uploads/myshetlandgarden/883059478/SWAJiii_26_square.jpg', 'medium_url': 'https://images4-f.ravelrycache.com/uploads/myshetlandgarden/883059478/SWAJiii_26_medium.jpg', 'thumbnail_url': 'https://images4-f.ravelrycache.com/uploads/myshetlandgarden/883059478/SWAJiii_26_thumbnail.jpg', 'small_url': 'https://images4-f.ravelrycache.com/uploads/myshetlandgarden/883059478/SWAJiii_26_small_best_fit.jpg', 'flickr_url': None, 'shelved_url': 'https://images4-f.ravelrycache.com/uploads/myshetlandgarden/883059478/SWAJiii_26_shelved.jpg', 'medium2_url': 'https://images4-a.ravelrycache.com/uploads/myshetlandgarden/883059478/SWAJiii_26_medium2.jpg', 'small2_url': 'https://images4-g.ravelrycache.com/uploads/myshetlandgarden/883059478/SWAJiii_26_small2.jpg', 'caption': None, 'caption_html': None, 'copyright_holder': None}, {'id': 116283752, 'sort_order': 6, 'user_id': 5334380, 'x_offset': -26, 'y_offset': 0, 'square_url': 'https://images4-g.ravelrycache.com/uploads/myshetlandgarden/883059473/SWAJiii_20_square.jpg', 'medium_url': 'https://images4-f.ravelrycache.com/uploads/myshetlandgarden/883059473/SWAJiii_20_medium.jpg', 'thumbnail_url': 'https://images4-g.ravelrycache.com/uploads/myshetlandgarden/883059473/SWAJiii_20_thumbnail.jpg', 'small_url': 'https://images4-g.ravelrycache.com/uploads/myshetlandgarden/883059473/SWAJiii_20_small_best_fit.jpg', 'flickr_url': None, 'shelved_url': 'https://images4-f.ravelrycache.com/uploads/myshetlandgarden/883059473/SWAJiii_20_shelved.jpg', 'medium2_url': 'https://images4-a.ravelrycache.com/uploads/myshetlandgarden/883059473/SWAJiii_20_medium2.jpg', 'small2_url': 'https://images4-g.ravelrycache.com/uploads/myshetlandgarden/883059473/SWAJiii_20_small2.jpg', 'caption': None, 'caption_html': None, 'copyright_holder': None}, {'id': 116283753, 'sort_order': 7, 'user_id': 5334380, 'x_offset': 0, 'y_offset': -43, 'square_url': 'https://images4-g.ravelrycache.com/uploads/myshetlandgarden/883059469/SWAJiii_27_square.jpg', 'medium_url': 'https://images4-f.ravelrycache.com/uploads/myshetlandgarden/883059469/SWAJiii_27_medium.jpg', 'thumbnail_url': 'https://images4-g.ravelrycache.com/uploads/myshetlandgarden/883059469/SWAJiii_27_thumbnail.jpg', 'small_url': 'https://images4-g.ravelrycache.com/uploads/myshetlandgarden/883059469/SWAJiii_27_small_best_fit.jpg', 'flickr_url': None, 'shelved_url': 'https://images4-f.ravelrycache.com/uploads/myshetlandgarden/883059469/SWAJiii_27_shelved.jpg', 'medium2_url': 'https://images4-a.ravelrycache.com/uploads/myshetlandgarden/883059469/SWAJiii_27_medium2.jpg', 'small2_url': 'https://images4-g.ravelrycache.com/uploads/myshetlandgarden/883059469/SWAJiii_27_small2.jpg', 'caption': None, 'caption_html': None, 'copyright_holder': None}, {'id': 116283754, 'sort_order': 8, 'user_id': 5334380, 'x_offset': 0, 'y_offset': -43, 'square_url': 'https://images4-g.ravelrycache.com/uploads/myshetlandgarden/883059468/SWAJiii_18_square.jpg', 'medium_url': 'https://images4-f.ravelrycache.com/uploads/myshetlandgarden/883059468/SWAJiii_18_medium.jpg', 'thumbnail_url': 'https://images4-g.ravelrycache.com/uploads/myshetlandgarden/883059468/SWAJiii_18_thumbnail.jpg', 'small_url': 'https://images4-g.ravelrycache.com/uploads/myshetlandgarden/883059468/SWAJiii_18_small_best_fit.jpg', 'flickr_url': None, 'shelved_url': 'https://images4-g.ravelrycache.com/uploads/myshetlandgarden/883059468/SWAJiii_18_shelved.jpg', 'medium2_url': 'https://images4-a.ravelrycache.com/uploads/myshetlandgarden/883059468/SWAJiii_18_medium2.jpg', 'small2_url': 'https://images4-g.ravelrycache.com/uploads/myshetlandgarden/883059468/SWAJiii_18_small2.jpg', 'caption': None, 'caption_html': None, 'copyright_holder': None}, {'id': 116283755, 'sort_order': 9, 'user_id': 5334380, 'x_offset': 0, 'y_offset': -43, 'square_url': 'https://images4-f.ravelrycache.com/uploads/myshetlandgarden/883059482/SWAJiii_22_square.jpg', 'medium_url': 'https://images4-g.ravelrycache.com/uploads/myshetlandgarden/883059482/SWAJiii_22_medium.jpg', 'thumbnail_url': 'https://images4-f.ravelrycache.com/uploads/myshetlandgarden/883059482/SWAJiii_22_thumbnail.jpg', 'small_url': 'https://images4-g.ravelrycache.com/uploads/myshetlandgarden/883059482/SWAJiii_22_small_best_fit.jpg', 'flickr_url': None, 'shelved_url': 'https://images4-f.ravelrycache.com/uploads/myshetlandgarden/883059482/SWAJiii_22_shelved.jpg', 'medium2_url': 'https://images4-a.ravelrycache.com/uploads/myshetlandgarden/883059482/SWAJiii_22_medium2.jpg', 'small2_url': 'https://images4-f.ravelrycache.com/uploads/myshetlandgarden/883059482/SWAJiii_22_small2.jpg', 'caption': None, 'caption_html': None, 'copyright_holder': None}]"
Alcione,Paula Pereira,1282350,https://www.ravelry.com/patterns/library/alcione,False,https://images4-a.ravelrycache.com/uploads/brooklyntweed/871671226/Alcione_Paula_Pereira_Brooklyn_Tweed_02_medium2.jpg,Knitting,"['unisex', 'teen', 'adult', 'cables', 'ribbed', 'stripes', 'seamed', 'crew-neck', 'long-sleeve', 'straight', 'one-piece', 'bottom-up', 'mock-turtleneck', 'chart', 'phototutorial', 'written-pattern', 'video-tutorial', 'drop-sleeve', 'worked-flat', 'in-the-round', 'slipped-stitches', 'stripes-colorwork', 'schematic', 'male', 'female']",20.0,3.0,True,4.0,"Cable Pattern with Size A needle(s), after blocking",pullover,Worsted,21,5.0,"34 (38, 42, 46) (50¾, 54, 58) (62, 66, 70, 74¾)"" [86.5 (96.5, 106.5, 117) (129, 137, 147.5) (157.5, 167.5, 178, 190) cm] circumference at chest","[{'id': 116306170, 'sort_order': 1, 'user_id': 102, 'x_offset': 0, 'y_offset': -17, 'square_url': 'https://images4-f.ravelrycache.com/uploads/brooklyntweed/871671226/Alcione_Paula_Pereira_Brooklyn_Tweed_02_square.jpg', 'medium_url': 'https://images4-g.ravelrycache.com/uploads/brooklyntweed/871671226/Alcione_Paula_Pereira_Brooklyn_Tweed_02_medium.jpg', 'thumbnail_url': 'https://images4-f.ravelrycache.com/uploads/brooklyntweed/871671226/Alcione_Paula_Pereira_Brooklyn_Tweed_02_thumbnail.jpg', 'small_url': 'https://images4-f.ravelrycache.com/uploads/brooklyntweed/871671226/Alcione_Paula_Pereira_Brooklyn_Tweed_02_small_best_fit.jpg', 'flickr_url': None, 'shelved_url': 'https://images4-g.ravelrycache.com/uploads/brooklyntweed/871671226/Alcione_Paula_Pereira_Brooklyn_Tweed_02_shelved.jpg', 'medium2_url': 'https://images4-a.ravelrycache.com/uploads/brooklyntweed/871671226/Alcione_Paula_Pereira_Brooklyn_Tweed_02_medium2.jpg', 'small2_url': 'https://images4-f.ravelrycache.com/uploads/brooklyntweed/871671226/Alcione_Paula_Pereira_Brooklyn_Tweed_02_small2.jpg', 'caption': None, 'caption_html': None, 'copyright_holder': 'Brooklyn Tweed/Nicholas Peter Wilson'}, {'id': 116306171, 'sort_order': 2, 'user_id': 102, 'x_offset': 0, 'y_offset': 0, 'square_url': 'https://images4-f.ravelrycache.com/uploads/brooklyntweed/871671222/Alcione_Paula_Pereira_Brooklyn_Tweed_COVER_rav_square.jpg', 'medium_url': 'https://images4-g.ravelrycache.com/uploads/brooklyntweed/871671222/Alcione_Paula_Pereira_Brooklyn_Tweed_COVER_rav_medium.jpg', 'thumbnail_url': 'https://images4-f.ravelrycache.com/uploads/brooklyntweed/871671222/Alcione_Paula_Pereira_Brooklyn_Tweed_COVER_rav_thumbnail.jpg', 'small_url': 'https://images4-f.ravelrycache.com/uploads/brooklyntweed/871671222/Alcione_Paula_Pereira_Brooklyn_Tweed_COVER_rav_small_best_fit.jpg', 'flickr_url': None, 'shelved_url': 'https://images4-g.ravelrycache.com/uploads/brooklyntweed/871671222/Alcione_Paula_Pereira_Brooklyn_Tweed_COVER_rav_shelved.jpg', 'medium2_url': 'https://images4-a.ravelrycache.com/uploads/brooklyntweed/871671222/Alcione_Paula_Pereira_Brooklyn_Tweed_COVER_rav_medium2.jpg', 'small2_url': 'https://images4-f.ravelrycache.com/uploads/brooklyntweed/871671222/Alcione_Paula_Pereira_Brooklyn_Tweed_COVER_rav_small2.jpg', 'caption': None, 'caption_html': None, 'copyright_holder': 'Brooklyn Tweed/Nicholas Peter Wilson'}, {'id': 116306169, 'sort_order': 3, 'user_id': 102, 'x_offset': 0, 'y_offset': -17, 'square_url': 'https://images4-f.ravelrycache.com/uploads/brooklyntweed/871671223/Alcione_Paula_Pereira_Brooklyn_Tweed_03_square.jpg', 'medium_url': 'https://images4-g.ravelrycache.com/uploads/brooklyntweed/871671223/Alcione_Paula_Pereira_Brooklyn_Tweed_03_medium.jpg', 'thumbnail_url': 'https://images4-f.ravelrycache.com/uploads/brooklyntweed/871671223/Alcione_Paula_Pereira_Brooklyn_Tweed_03_thumbnail.jpg', 'small_url': 'https://images4-f.ravelrycache.com/uploads/brooklyntweed/871671223/Alcione_Paula_Pereira_Brooklyn_Tweed_03_small_best_fit.jpg', 'flickr_url': None, 'shelved_url': 'https://images4-f.ravelrycache.com/uploads/brooklyntweed/871671223/Alcione_Paula_Pereira_Brooklyn_Tweed_03_shelved.jpg', 'medium2_url': 'https://images4-a.ravelrycache.com/uploads/brooklyntweed/871671223/Alcione_Paula_Pereira_Brooklyn_Tweed_03_medium2.jpg', 'small2_url': 'https://images4-f.ravelrycache.com/uploads/brooklyntweed/871671223/Alcione_Paula_Pereira_Brooklyn_Tweed_03_small2.jpg', 'caption': None, 'caption_html': None, 'copyright_holder': 'Brooklyn Tweed/Nicholas Peter Wilson'}, {'id': 116306172, 'sort_order': 4, 'user_id': 102, 'x_offset': 0, 'y_offset': -17, 'square_url': 'https://images4-f.ravelrycache.com/uploads/brooklyntweed/871671219/Alcione_Paula_Pereira_Brooklyn_Tweed_04_square.jpg', 'medium_url': 'https://images4-g.ravelrycache.com/uploads/brooklyntweed/871671219/Alcione_Paula_Pereira_Brooklyn_Tweed_04_medium.jpg', 'thumbnail_url': 'https://images4-g.ravelrycache.com/uploads/brooklyntweed/871671219/Alcione_Paula_Pereira_Brooklyn_Tweed_04_thumbnail.jpg', 'small_url': 'https://images4-f.ravelrycache.com/uploads/brooklyntweed/871671219/Alcione_Paula_Pereira_Brooklyn_Tweed_04_small_best_fit.jpg', 'flickr_url': None, 'shelved_url': 'https://images4-g.ravelrycache.com/uploads/brooklyntweed/871671219/Alcione_Paula_Pereira_Brooklyn_Tweed_04_shelved.jpg', 'medium2_url': 'https://images4-a.ravelrycache.com/uploads/brooklyntweed/871671219/Alcione_Paula_Pereira_Brooklyn_Tweed_04_medium2.jpg', 'small2_url': 'https://images4-f.ravelrycache.com/uploads/brooklyntweed/871671219/Alcione_Paula_Pereira_Brooklyn_Tweed_04_small2.jpg', 'caption': None, 'caption_html': None, 'copyright_holder': 'Brooklyn Tweed/Nicholas Peter Wilson'}, {'id': 116306173, 'sort_order': 5, 'user_id': 102, 'x_offset': 0, 'y_offset': -17, 'square_url': 'https://images4-g.ravelrycache.com/uploads/brooklyntweed/871671217/Alcione_Paula_Pereira_Brooklyn_Tweed_01_square.jpg', 'medium_url': 'https://images4-f.ravelrycache.com/uploads/brooklyntweed/871671217/Alcione_Paula_Pereira_Brooklyn_Tweed_01_medium.jpg', 'thumbnail_url': 'https://images4-f.ravelrycache.com/uploads/brooklyntweed/871671217/Alcione_Paula_Pereira_Brooklyn_Tweed_01_thumbnail.jpg', 'small_url': 'https://images4-f.ravelrycache.com/uploads/brooklyntweed/871671217/Alcione_Paula_Pereira_Brooklyn_Tweed_01_small_best_fit.jpg', 'flickr_url': None, 'shelved_url': 'https://images4-f.ravelrycache.com/uploads/brooklyntweed/871671217/Alcione_Paula_Pereira_Brooklyn_Tweed_01_shelved.jpg', 'medium2_url': 'https://images4-a.ravelrycache.com/uploads/brooklyntweed/871671217/Alcione_Paula_Pereira_Brooklyn_Tweed_01_medium2.jpg', 'small2_url': 'https://images4-g.ravelrycache.com/uploads/brooklyntweed/871671217/Alcione_Paula_Pereira_Brooklyn_Tweed_01_small2.jpg', 'caption': None, 'caption_html': None, 'copyright_holder': 'Brooklyn Tweed/Nicholas Peter Wilson'}, {'id': 116306174, 'sort_order': 6, 'user_id': 102, 'x_offset': 0, 'y_offset': -17, 'square_url': 'https://images4-g.ravelrycache.com/uploads/brooklyntweed/871671218/Alcione_Paula_Pereira_Brooklyn_Tweed_05_square.jpg', 'medium_url': 'https://images4-f.ravelrycache.com/uploads/brooklyntweed/871671218/Alcione_Paula_Pereira_Brooklyn_Tweed_05_medium.jpg', 'thumbnail_url': 'https://images4-g.ravelrycache.com/uploads/brooklyntweed/871671218/Alcione_Paula_Pereira_Brooklyn_Tweed_05_thumbnail.jpg', 'small_url': 'https://images4-g.ravelrycache.com/uploads/brooklyntweed/871671218/Alcione_Paula_Pereira_Brooklyn_Tweed_05_small_best_fit.jpg', 'flickr_url': None, 'shelved_url': 'https://images4-g.ravelrycache.com/uploads/brooklyntweed/871671218/Alcione_Paula_Pereira_Brooklyn_Tweed_05_shelved.jpg', 'medium2_url': 'https://images4-a.ravelrycache.com/uploads/brooklyntweed/871671218/Alcione_Paula_Pereira_Brooklyn_Tweed_05_medium2.jpg', 'small2_url': 'https://images4-g.ravelrycache.com/uploads/brooklyntweed/871671218/Alcione_Paula_Pereira_Brooklyn_Tweed_05_small2.jpg', 'caption': None, 'caption_html': None, 'copyright_holder': 'Brooklyn Tweed/Nicholas Peter Wilson'}, {'id': 116306175, 'sort_order': 7, 'user_id': 102, 'x_offset': 0, 'y_offset': -17, 'square_url': 'https://images4-f.ravelrycache.com/uploads/brooklyntweed/871671216/Alcione_Paula_Pereira_Brooklyn_Tweed_STITCH_tones_nimbus_square.jpg', 'medium_url': 'https://images4-g.ravelrycache.com/uploads/brooklyntweed/871671216/Alcione_Paula_Pereira_Brooklyn_Tweed_STITCH_tones_nimbus_medium.jpg', 'thumbnail_url': 'https://images4-f.ravelrycache.com/uploads/brooklyntweed/871671216/Alcione_Paula_Pereira_Brooklyn_Tweed_STITCH_tones_nimbus_thumbnail.jpg', 'small_url': 'https://images4-g.ravelrycache.com/uploads/brooklyntweed/871671216/Alcione_Paula_Pereira_Brooklyn_Tweed_STITCH_tones_nimbus_small_best_fit.jpg', 'flickr_url': None, 'shelved_url': 'https://images4-f.ravelrycache.com/uploads/brooklyntweed/871671216/Alcione_Paula_Pereira_Brooklyn_Tweed_STITCH_tones_nimbus_shelved.jpg', 'medium2_url': 'https://images4-a.ravelrycache.com/uploads/brooklyntweed/871671216/Alcione_Paula_Pereira_Brooklyn_Tweed_STITCH_tones_nimbus_medium2.jpg', 'small2_url': 'https://images4-f.ravelrycache.com/uploads/brooklyntweed/871671216/Alcione_Paula_Pereira_Brooklyn_Tweed_STITCH_tones_nimbus_small2.jpg', 'caption': None, 'caption_html': None, 'copyright_holder': 'Brooklyn Tweed/Chris Dibble'}, {'id': 116306176, 'sort_order': 8, 'user_id': 102, 'x_offset': 0, 'y_offset': -17, 'square_url': 'https://images4-f.ravelrycache.com/uploads/brooklyntweed/871671220/Alcione_Paula_Pereira_Brooklyn_Tweed_FLAT_tones_nimbus_square.jpg', 'medium_url': 'https://images4-g.ravelrycache.com/uploads/brooklyntweed/871671220/Alcione_Paula_Pereira_Brooklyn_Tweed_FLAT_tones_nimbus_medium.jpg', 'thumbnail_url': 'https://images4-g.ravelrycache.com/uploads/brooklyntweed/871671220/Alcione_Paula_Pereira_Brooklyn_Tweed_FLAT_tones_nimbus_thumbnail.jpg', 'small_url': 'https://images4-f.ravelrycache.com/uploads/brooklyntweed/871671220/Alcione_Paula_Pereira_Brooklyn_Tweed_FLAT_tones_nimbus_small_best_fit.jpg', 'flickr_url': None, 'shelved_url': 'https://images4-f.ravelrycache.com/uploads/brooklyntweed/871671220/Alcione_Paula_Pereira_Brooklyn_Tweed_FLAT_tones_nimbus_shelved.jpg', 'medium2_url': 'https://images4-a.ravelrycache.com/uploads/brooklyntweed/871671220/Alcione_Paula_Pereira_Brooklyn_Tweed_FLAT_tones_nimbus_medium2.jpg', 'small2_url': 'https://images4-f.ravelrycache.com/uploads/brooklyntweed/871671220/Alcione_Paula_Pereira_Brooklyn_Tweed_FLAT_tones_nimbus_small2.jpg', 'caption': None, 'caption_html': None, 'copyright_holder': 'Brooklyn Tweed/Chris Dibble'}, {'id': 116306177, 'sort_order': 9, 'user_id': 102, 'x_offset': 0, 'y_offset': -17, 'square_url': 'https://images4-g.ravelrycache.com/uploads/brooklyntweed/871671215/Alcione_Paula_Pereira_Brooklyn_Tweed_FLAT_BACK_tones_baseline_zest_square.jpg', 'medium_url': 'https://images4-f.ravelrycache.com/uploads/brooklyntweed/871671215/Alcione_Paula_Pereira_Brooklyn_Tweed_FLAT_BACK_tones_baseline_zest_medium.jpg', 'thumbnail_url': 'https://images4-f.ravelrycache.com/uploads/brooklyntweed/871671215/Alcione_Paula_Pereira_Brooklyn_Tweed_FLAT_BACK_tones_baseline_zest_thumbnail.jpg', 'small_url': 'https://images4-g.ravelrycache.com/uploads/brooklyntweed/871671215/Alcione_Paula_Pereira_Brooklyn_Tweed_FLAT_BACK_tones_baseline_zest_small_best_fit.jpg', 'flickr_url': None, 'shelved_url': 'https://images4-g.ravelrycache.com/uploads/brooklyntweed/871671215/Alcione_Paula_Pereira_Brooklyn_Tweed_FLAT_BACK_tones_baseline_zest_shelved.jpg', 'medium2_url': 'https://images4-a.ravelrycache.com/uploads/brooklyntweed/871671215/Alcione_Paula_Pereira_Brooklyn_Tweed_FLAT_BACK_tones_baseline_zest_medium2.jpg', 'small2_url': 'https://images4-g.ravelrycache.com/uploads/brooklyntweed/871671215/Alcione_Paula_Pereira_Brooklyn_Tweed_FLAT_BACK_tones_baseline_zest_small2.jpg', 'caption': None, 'caption_html': None, 'copyright_holder': 'Brooklyn Tweed/Chris Dibble'}, {'id': 116306178, 'sort_order': 10, 'user_id': 102, 'x_offset': -1, 'y_offset': -26, 'square_url': 'https://images4-g.ravelrycache.com/uploads/brooklyntweed/871671214/Alcione_Paula_Pereira_Brooklyn_Tweed_SCHEMATIC_rav_square.png', 'medium_url': 'https://images4-f.ravelrycache.com/uploads/brooklyntweed/871671214/Alcione_Paula_Pereira_Brooklyn_Tweed_SCHEMATIC_rav_medium.png', 'thumbnail_url': 'https://images4-f.ravelrycache.com/uploads/brooklyntweed/871671214/Alcione_Paula_Pereira_Brooklyn_Tweed_SCHEMATIC_rav_thumbnail.png', 'small_url': 'https://images4-f.ravelrycache.com/uploads/brooklyntweed/871671214/Alcione_Paula_Pereira_Brooklyn_Tweed_SCHEMATIC_rav_small_best_fit.png', 'flickr_url': None, 'shelved_url': 'https://images4-f.ravelrycache.com/uploads/brooklyntweed/871671214/Alcione_Paula_Pereira_Brooklyn_Tweed_SCHEMATIC_rav_shelved.png', 'medium2_url': 'https://images4-a.ravelrycache.com/uploads/brooklyntweed/871671214/Alcione_Paula_Pereira_Brooklyn_Tweed_SCHEMATIC_rav_medium2.png', 'small2_url': 'https://images4-g.ravelrycache.com/uploads/brooklyntweed/871671214/Alcione_Paula_Pereira_Brooklyn_Tweed_SCHEMATIC_rav_small2.png', 'caption': None, 'caption_html': None, 'copyright_holder': 'Brooklyn Tweed/Jared Flood'}]"
Watson - sweater,Sara Älverstad,1282439,https://www.ravelry.com/patterns/library/watson---sweater,True,https://images4-a.ravelrycache.com/uploads/knitbec/883306472/393068-06_medium2.jpg,Knitting,"['toddler', 'child', 'long-sleeve', 'elbow-sleeve', 'raglan-sleeve', 'straight', 'seamless', 'short-rows', 'sideways', 'top-down', 'written-pattern', 'in-the-round', 'stripes-colorwork']",22.0,0.0,True,4.0,,child,Sport,4,0.0,1-2 (2-4) 4-6 (6-8) 8-10 years,"[{'id': 116314610, 'sort_order': 1, 'user_id': 3530885, 'x_offset': 0, 'y_offset': -43, 'square_url': 'https://images4-g.ravelrycache.com/uploads/knitbec/883306472/393068-06_square.jpg', 'medium_url': 'https://images4-f.ravelrycache.com/uploads/knitbec/883306472/393068-06_medium.jpg', 'thumbnail_url': 'https://images4-f.ravelrycache.com/uploads/knitbec/883306472/393068-06_thumbnail.jpg', 'small_url': 'https://images4-f.ravelrycache.com/uploads/knitbec/883306472/393068-06_small_best_fit.jpg', 'flickr_url': None, 'shelved_url': 'https://images4-f.ravelrycache.com/uploads/knitbec/883306472/393068-06_shelved.jpg', 'medium2_url': 'https://images4-a.ravelrycache.com/uploads/knitbec/883306472/393068-06_medium2.jpg', 'small2_url': 'https://images4-g.ravelrycache.com/uploads/knitbec/883306472/393068-06_small2.jpg', 'caption': None, 'caption_html': None, 'copyright_holder': ''}, {'id': 116314611, 'sort_order': 2, 'user_id': 3530885, 'x_offset': 0, 'y_offset': -43, 'square_url': 'https://images4-g.ravelrycache.com/uploads/knitbec/883306706/393068-09_square.jpg', 'medium_url': 'https://images4-f.ravelrycache.com/uploads/knitbec/883306706/393068-09_medium.jpg', 'thumbnail_url': 'https://images4-f.ravelrycache.com/uploads/knitbec/883306706/393068-09_thumbnail.jpg', 'small_url': 'https://images4-g.ravelrycache.com/uploads/knitbec/883306706/393068-09_small_best_fit.jpg', 'flickr_url': None, 'shelved_url': 'https://images4-g.ravelrycache.com/uploads/knitbec/883306706/393068-09_shelved.jpg', 'medium2_url': 'https://images4-a.ravelrycache.com/uploads/knitbec/883306706/393068-09_medium2.jpg', 'small2_url': 'https://images4-g.ravelrycache.com/uploads/knitbec/883306706/393068-09_small2.jpg', 'caption': None, 'caption_html': None, 'copyright_holder': ''}, {'id': 116314612, 'sort_order': 3, 'user_id': 3530885, 'x_offset': -43, 'y_offset': 0, 'square_url': 'https://images4-f.ravelrycache.com/uploads/knitbec/883306920/393068-01_square.jpg', 'medium_url': 'https://images4-g.ravelrycache.com/uploads/knitbec/883306920/393068-01_medium.jpg', 'thumbnail_url': 'https://images4-f.ravelrycache.com/uploads/knitbec/883306920/393068-01_thumbnail.jpg', 'small_url': 'https://images4-g.ravelrycache.com/uploads/knitbec/883306920/393068-01_small_best_fit.jpg', 'flickr_url': None, 'shelved_url': 'https://images4-f.ravelrycache.com/uploads/knitbec/883306920/393068-01_shelved.jpg', 'medium2_url': 'https://images4-a.ravelrycache.com/uploads/knitbec/883306920/393068-01_medium2.jpg', 'small2_url': 'https://images4-f.ravelrycache.com/uploads/knitbec/883306920/393068-01_small2.jpg', 'caption': None, 'caption_html': None, 'copyright_holder': ''}, {'id': 116314613, 'sort_order': 4, 'user_id': 3530885, 'x_offset': 0, 'y_offset': -43, 'square_url': 'https://images4-f.ravelrycache.com/uploads/knitbec/883308127/393068-02_square.jpg', 'medium_url': 'https://images4-g.ravelrycache.com/uploads/knitbec/883308127/393068-02_medium.jpg', 'thumbnail_url': 'https://images4-g.ravelrycache.com/uploads/knitbec/883308127/393068-02_thumbnail.jpg', 'small_url': 'https://images4-f.ravelrycache.com/uploads/knitbec/883308127/393068-02_small_best_fit.jpg', 'flickr_url': None, 'shelved_url': 'https://images4-g.ravelrycache.com/uploads/knitbec/883308127/393068-02_shelved.jpg', 'medium2_url': 'https://images4-a.ravelrycache.com/uploads/knitbec/883308127/393068-02_medium2.jpg', 'small2_url': 'https://images4-f.ravelrycache.com/uploads/knitbec/883308127/393068-02_small2.jpg', 'caption': None, 'caption_html': None, 'copyright_holder': ''}, {'id': 116314614, 'sort_order': 5, 'user_id': 3530885, 'x_offset': -43, 'y_offset': 0, 'square_url': 'https://images4-g.ravelrycache.com/uploads/knitbec/883308307/393068-04_square.jpg', 'medium_url': 'https://images4-f.ravelrycache.com/uploads/knitbec/883308307/393068-04_medium.jpg', 'thumbnail_url': 'https://images4-g.ravelrycache.com/uploads/knitbec/883308307/393068-04_thumbnail.jpg', 'small_url': 'https://images4-g.ravelrycache.com/uploads/knitbec/883308307/393068-04_small_best_fit.jpg', 'flickr_url': None, 'shelved_url': 'https://images4-g.ravelrycache.com/uploads/knitbec/883308307/393068-04_shelved.jpg', 'medium2_url': 'https://images4-a.ravelrycache.com/uploads/knitbec/883308307/393068-04_medium2.jpg', 'small2_url': 'https://images4-g.ravelrycache.com/uploads/knitbec/883308307/393068-04_small2.jpg', 'caption': None, 'caption_html': None, 'copyright_holder': ''}, {'id': 116314615, 'sort_order': 6, 'user_id': 3530885, 'x_offset': 0, 'y_offset': -43, 'square_url': 'https://images4-f.ravelrycache.com/uploads/knitbec/883308691/393068-05_square.jpg', 'medium_url': 'https://images4-g.ravelrycache.com/uploads/knitbec/883308691/393068-05_medium.jpg', 'thumbnail_url': 'https://images4-f.ravelrycache.com/uploads/knitbec/883308691/393068-05_thumbnail.jpg', 'small_url': 'https://images4-g.ravelrycache.com/uploads/knitbec/883308691/393068-05_small_best_fit.jpg', 'flickr_url': None, 'shelved_url': 'https://images4-g.ravelrycache.com/uploads/knitbec/883308691/393068-05_shelved.jpg', 'medium2_url': 'https://images4-a.ravelrycache.com/uploads/knitbec/883308691/393068-05_medium2.jpg', 'small2_url': 'https://images4-f.ravelrycache.com/uploads/knitbec/883308691/393068-05_small2.jpg', 'caption': None, 'caption_html': None, 'copyright_holder': None}, {'id': 116314616, 'sort_order': 7, 'user_id': 3530885, 'x_offset': 0, 'y_offset': -43, 'square_url': 'https://images4-f.ravelrycache.com/uploads/knitbec/883308928/393068-08_square.jpg', 'medium_url': 'https://images4-g.ravelrycache.com/uploads/knitbec/883308928/393068-08_medium.jpg', 'thumbnail_url': 'https://images4-g.ravelrycache.com/uploads/knitbec/883308928/393068-08_thumbnail.jpg', 'small_url': 'https://images4-f.ravelrycache.com/uploads/knitbec/883308928/393068-08_small_best_fit.jpg', 'flickr_url': None, 'shelved_url': 'https://images4-f.ravelrycache.com/uploads/knitbec/883308928/393068-08_shelved.jpg', 'medium2_url': 'https://images4-a.ravelrycache.com/uploads/knitbec/883308928/393068-08_medium2.jpg', 'small2_url': 'https://images4-f.ravelrycache.com/uploads/knitbec/883308928/393068-08_small2.jpg', 'caption': None, 'caption_html': None, 'copyright_holder': None}]"
Hebe,Libby Jonson,1282627,https://www.ravelry.com/patterns/library/hebe-3,False,https://images4-a.ravelrycache.com/uploads/trulymyrtle/883227165/Hebe-3-Truly-Myrtle-Designs-compressed_medium2.jpg,Knitting,"['mosaic', 'top-down', 'ribbed', 'textured', 'crew-neck', 'long-sleeve', 'asymmetric', 'straight', 'seamless', 'short-rows', 'chart', 'written-pattern', 'drop-sleeve', 'modified-drop-sleeve', 'in-the-round', 'slipped-stitches', 'appliqued', 'schematic']",24.0,4.0,True,4.0,stockinette flat and in the round,pullover,Sport,23,4.8,"1 (2, 3, 4, 5, 6) (7, 8, 9, 10, 11) (12, 13, 14, 15) ","[{'id': 116334017, 'sort_order': 1, 'user_id': 843178, 'x_offset': -3, 'y_offset': -51, 'square_url': 'https://images4-g.ravelrycache.com/uploads/trulymyrtle/883227165/Hebe-3-Truly-Myrtle-Designs-compressed_square.jpg', 'medium_url': 'https://images4-f.ravelrycache.com/uploads/trulymyrtle/883227165/Hebe-3-Truly-Myrtle-Designs-compressed_medium.jpg', 'thumbnail_url': 'https://images4-g.ravelrycache.com/uploads/trulymyrtle/883227165/Hebe-3-Truly-Myrtle-Designs-compressed_thumbnail.jpg', 'small_url': 'https://images4-f.ravelrycache.com/uploads/trulymyrtle/883227165/Hebe-3-Truly-Myrtle-Designs-compressed_small_best_fit.jpg', 'flickr_url': None, 'shelved_url': 'https://images4-g.ravelrycache.com/uploads/trulymyrtle/883227165/Hebe-3-Truly-Myrtle-Designs-compressed_shelved.jpg', 'medium2_url': 'https://images4-a.ravelrycache.com/uploads/trulymyrtle/883227165/Hebe-3-Truly-Myrtle-Designs-compressed_medium2.jpg', 'small2_url': 'https://images4-g.ravelrycache.com/uploads/trulymyrtle/883227165/Hebe-3-Truly-Myrtle-Designs-compressed_small2.jpg', 'caption': None, 'caption_html': None, 'copyright_holder': 'Truly Myrtle'}, {'id': 116334018, 'sort_order': 2, 'user_id': 843178, 'x_offset': 0, 'y_offset': -48, 'square_url': 'https://images4-g.ravelrycache.com/uploads/trulymyrtle/883227162/Hebe-2-Truly-Myrtle-Designs-compressed_square.jpg', 'medium_url': 'https://images4-f.ravelrycache.com/uploads/trulymyrtle/883227162/Hebe-2-Truly-Myrtle-Designs-compressed_medium.jpg', 'thumbnail_url': 'https://images4-g.ravelrycache.com/uploads/trulymyrtle/883227162/Hebe-2-Truly-Myrtle-Designs-compressed_thumbnail.jpg', 'small_url': 'https://images4-f.ravelrycache.com/uploads/trulymyrtle/883227162/Hebe-2-Truly-Myrtle-Designs-compressed_small_best_fit.jpg', 'flickr_url': None, 'shelved_url': 'https://images4-f.ravelrycache.com/uploads/trulymyrtle/883227162/Hebe-2-Truly-Myrtle-Designs-compressed_shelved.jpg', 'medium2_url': 'https://images4-a.ravelrycache.com/uploads/trulymyrtle/883227162/Hebe-2-Truly-Myrtle-Designs-compressed_medium2.jpg', 'small2_url': 'https://images4-g.ravelrycache.com/uploads/trulymyrtle/883227162/Hebe-2-Truly-Myrtle-Designs-compressed_small2.jpg', 'caption': None, 'caption_html': None, 'copyright_holder': 'Truly Myrtle'}, {'id': 116334019, 'sort_order': 3, 'user_id': 843178, 'x_offset': -1, 'y_offset': -34, 'square_url': 'https://images4-f.ravelrycache.com/uploads/trulymyrtle/883227169/Hebe-HERO-Truly-Myrtle-Designs-compressed_square.jpg', 'medium_url': 'https://images4-g.ravelrycache.com/uploads/trulymyrtle/883227169/Hebe-HERO-Truly-Myrtle-Designs-compressed_medium.jpg', 'thumbnail_url': 'https://images4-f.ravelrycache.com/uploads/trulymyrtle/883227169/Hebe-HERO-Truly-Myrtle-Designs-compressed_thumbnail.jpg', 'small_url': 'https://images4-g.ravelrycache.com/uploads/trulymyrtle/883227169/Hebe-HERO-Truly-Myrtle-Designs-compressed_small_best_fit.jpg', 'flickr_url': None, 'shelved_url': 'https://images4-g.ravelrycache.com/uploads/trulymyrtle/883227169/Hebe-HERO-Truly-Myrtle-Designs-compressed_shelved.jpg', 'medium2_url': 'https://images4-a.ravelrycache.com/uploads/trulymyrtle/883227169/Hebe-HERO-Truly-Myrtle-Designs-compressed_medium2.jpg', 'small2_url': 'https://images4-f.ravelrycache.com/uploads/trulymyrtle/883227169/Hebe-HERO-Truly-Myrtle-Designs-compressed_small2.jpg', 'caption': None, 'caption_html': None, 'copyright_holder': 'Truly Myrtle'}, {'id': 116334020, 'sort_order': 4, 'user_id': 843178, 'x_offset': 1, 'y_offset': -42, 'square_url': 'https://images4-f.ravelrycache.com/uploads/trulymyrtle/883227168/Hebe-4-Truly-Myrtle-Designs-compressed_square.jpg', 'medium_url': 'https://images4-g.ravelrycache.com/uploads/trulymyrtle/883227168/Hebe-4-Truly-Myrtle-Designs-compressed_medium.jpg', 'thumbnail_url': 'https://images4-g.ravelrycache.com/uploads/trulymyrtle/883227168/Hebe-4-Truly-Myrtle-Designs-compressed_thumbnail.jpg', 'small_url': 'https://images4-f.ravelrycache.com/uploads/trulymyrtle/883227168/Hebe-4-Truly-Myrtle-Designs-compressed_small_best_fit.jpg', 'flickr_url': None, 'shelved_url': 'https://images4-g.ravelrycache.com/uploads/trulymyrtle/883227168/Hebe-4-Truly-Myrtle-Designs-compressed_shelved.jpg', 'medium2_url': 'https://images4-a.ravelrycache.com/uploads/trulymyrtle/883227168/Hebe-4-Truly-Myrtle-Designs-compressed_medium2.jpg', 'small2_url': 'https://images4-f.ravelrycache.com/uploads/trulymyrtle/883227168/Hebe-4-Truly-Myrtle-Designs-compressed_small2.jpg', 'caption': None, 'caption_html': None, 'copyright_holder': 'Truly Myrtle'}, {'id': 116334021, 'sort_order': 5, 'user_id': 843178, 'x_offset': 0, 'y_offset': -44, 'square_url': 'https://images4-f.ravelrycache.com/uploads/trulymyrtle/883455663/HEBE-SKETCH-Compressed_square.jpg', 'medium_url': 'https://images4-g.ravelrycache.com/uploads/trulymyrtle/883455663/HEBE-SKETCH-Compressed_medium.jpg', 'thumbnail_url': 'https://images4-f.ravelrycache.com/uploads/trulymyrtle/883455663/HEBE-SKETCH-Compressed_thumbnail.jpg', 'small_url': 'https://images4-f.ravelrycache.com/uploads/trulymyrtle/883455663/HEBE-SKETCH-Compressed_small_best_fit.jpg', 'flickr_url': None, 'shelved_url': 'https://images4-f.ravelrycache.com/uploads/trulymyrtle/883455663/HEBE-SKETCH-Compressed_shelved.jpg', 'medium2_url': 'https://images4-a.ravelrycache.com/uploads/trulymyrtle/883455663/HEBE-SKETCH-Compressed_medium2.jpg', 'small2_url': 'https://images4-f.ravelrycache.com/uploads/trulymyrtle/883455663/HEBE-SKETCH-Compressed_small2.jpg', 'caption': None, 'caption_html': None, 'copyright_holder': 'Truly Myrtle'}]"
Cuenca,Paula Pereira,1282671,https://www.ravelry.com/patterns/library/cuenca-2,False,https://images4-a.ravelrycache.com/uploads/amirisu/881820809/0808_amirisu_0508_medium2.jpg,Knitting,"['cables', 'circular-yoke', 'top-down', 'cropped']",18.0,3.6666666666666665,False,4.0,in Stockinette stitch,pullover,Worsted,13,4.0,"Finished bust measurements: 1 (2, 3, 4, 5) (6, 7, 8, 9) = 33 (37¼, 41, 45¼, 48) (52, 57, 61, 65)” / 83.5 (95, 104, 115, 123) (133, 144.5, 155, 165) cm ","[{'id': 116335888, 'sort_order': 1, 'user_id': 2452538, 'x_offset': 0, 'y_offset': -43, 'square_url': 'https://images4-g.ravelrycache.com/uploads/amirisu/881820809/0808_amirisu_0508_square.jpg', 'medium_url': 'https://images4-f.ravelrycache.com/uploads/amirisu/881820809/0808_amirisu_0508_medium.jpg', 'thumbnail_url': 'https://images4-g.ravelrycache.com/uploads/amirisu/881820809/0808_amirisu_0508_thumbnail.jpg', 'small_url': 'https://images4-g.ravelrycache.com/uploads/amirisu/881820809/0808_amirisu_0508_small_best_fit.jpg', 'flickr_url': None, 'shelved_url': 'https://images4-g.ravelrycache.com/uploads/amirisu/881820809/0808_amirisu_0508_shelved.jpg', 'medium2_url': 'https://images4-a.ravelrycache.com/uploads/amirisu/881820809/0808_amirisu_0508_medium2.jpg', 'small2_url': 'https://images4-g.ravelrycache.com/uploads/amirisu/881820809/0808_amirisu_0508_small2.jpg', 'caption': None, 'caption_html': None, 'copyright_holder': 'Masahiro Shimazaki for amirisu'}, {'id': 116335889, 'sort_order': 2, 'user_id': 2452538, 'x_offset': 0, 'y_offset': -43, 'square_url': 'https://images4-g.ravelrycache.com/uploads/amirisu/881820818/0808_amirisu_0505_square.jpg', 'medium_url': 'https://images4-f.ravelrycache.com/uploads/amirisu/881820818/0808_amirisu_0505_medium.jpg', 'thumbnail_url': 'https://images4-f.ravelrycache.com/uploads/amirisu/881820818/0808_amirisu_0505_thumbnail.jpg', 'small_url': 'https://images4-f.ravelrycache.com/uploads/amirisu/881820818/0808_amirisu_0505_small_best_fit.jpg', 'flickr_url': None, 'shelved_url': 'https://images4-f.ravelrycache.com/uploads/amirisu/881820818/0808_amirisu_0505_shelved.jpg', 'medium2_url': 'https://images4-a.ravelrycache.com/uploads/amirisu/881820818/0808_amirisu_0505_medium2.jpg', 'small2_url': 'https://images4-g.ravelrycache.com/uploads/amirisu/881820818/0808_amirisu_0505_small2.jpg', 'caption': None, 'caption_html': None, 'copyright_holder': 'Masahiro Shimazaki for amirisu'}, {'id': 116335890, 'sort_order': 3, 'user_id': 2452538, 'x_offset': 0, 'y_offset': -43, 'square_url': 'https://images4-f.ravelrycache.com/uploads/amirisu/881820844/0808_amirisu_0495_square.jpg', 'medium_url': 'https://images4-g.ravelrycache.com/uploads/amirisu/881820844/0808_amirisu_0495_medium.jpg', 'thumbnail_url': 'https://images4-g.ravelrycache.com/uploads/amirisu/881820844/0808_amirisu_0495_thumbnail.jpg', 'small_url': 'https://images4-g.ravelrycache.com/uploads/amirisu/881820844/0808_amirisu_0495_small_best_fit.jpg', 'flickr_url': None, 'shelved_url': 'https://images4-f.ravelrycache.com/uploads/amirisu/881820844/0808_amirisu_0495_shelved.jpg', 'medium2_url': 'https://images4-a.ravelrycache.com/uploads/amirisu/881820844/0808_amirisu_0495_medium2.jpg', 'small2_url': 'https://images4-f.ravelrycache.com/uploads/amirisu/881820844/0808_amirisu_0495_small2.jpg', 'caption': None, 'caption_html': None, 'copyright_holder': 'Masahiro Shimazaki for amirisu'}, {'id': 116335891, 'sort_order': 4, 'user_id': 2452538, 'x_offset': 0, 'y_offset': -43, 'square_url': 'https://images4-g.ravelrycache.com/uploads/amirisu/881820825/0808_amirisu_0497_square.jpg', 'medium_url': 'https://images4-f.ravelrycache.com/uploads/amirisu/881820825/0808_amirisu_0497_medium.jpg', 'thumbnail_url': 'https://images4-f.ravelrycache.com/uploads/amirisu/881820825/0808_amirisu_0497_thumbnail.jpg', 'small_url': 'https://images4-f.ravelrycache.com/uploads/amirisu/881820825/0808_amirisu_0497_small_best_fit.jpg', 'flickr_url': None, 'shelved_url': 'https://images4-g.ravelrycache.com/uploads/amirisu/881820825/0808_amirisu_0497_shelved.jpg', 'medium2_url': 'https://images4-a.ravelrycache.com/uploads/amirisu/881820825/0808_amirisu_0497_medium2.jpg', 'small2_url': 'https://images4-g.ravelrycache.com/uploads/amirisu/881820825/0808_amirisu_0497_small2.jpg', 'caption': None, 'caption_html': None, 'copyright_holder': 'Masahiro Shimazaki for amirisu'}]"
Hidahida,wknit_work,1282672,https://www.ravelry.com/patterns/library/hidahida,False,https://images4-a.ravelrycache.com/uploads/amirisu/883481629/0808_amirisu_0523_medium2.jpg,Knitting,"['collar', 'top-down']",19.0,5.2,False,4.0,in Stockinette stitch,pullover,Worsted,10,5.0,"Finished bust measurements: 1 (2, 3, 4, 5, 6) = 34 (38¼, 42¼, 46, 50½, 54¾)"" / 86 (97, 107, 117, 128, 139) cm ","[{'id': 116336160, 'sort_order': 1, 'user_id': 2452538, 'x_offset': 0, 'y_offset': -43, 'square_url': 'https://images4-f.ravelrycache.com/uploads/amirisu/883481629/0808_amirisu_0523_square.jpg', 'medium_url': 'https://images4-g.ravelrycache.com/uploads/amirisu/883481629/0808_amirisu_0523_medium.jpg', 'thumbnail_url': 'https://images4-g.ravelrycache.com/uploads/amirisu/883481629/0808_amirisu_0523_thumbnail.jpg', 'small_url': 'https://images4-f.ravelrycache.com/uploads/amirisu/883481629/0808_amirisu_0523_small_best_fit.jpg', 'flickr_url': None, 'shelved_url': 'https://images4-g.ravelrycache.com/uploads/amirisu/883481629/0808_amirisu_0523_shelved.jpg', 'medium2_url': 'https://images4-a.ravelrycache.com/uploads/amirisu/883481629/0808_amirisu_0523_medium2.jpg', 'small2_url': 'https://images4-f.ravelrycache.com/uploads/amirisu/883481629/0808_amirisu_0523_small2.jpg', 'caption': None, 'caption_html': None, 'copyright_holder': 'Masahiro Shimazaki for amirisu'}, {'id': 116335894, 'sort_order': 2, 'user_id': 2452538, 'x_offset': 0, 'y_offset': -43, 'square_url': 'https://images4-g.ravelrycache.com/uploads/amirisu/881820331/0808_amirisu_0526_square.jpg', 'medium_url': 'https://images4-f.ravelrycache.com/uploads/amirisu/881820331/0808_amirisu_0526_medium.jpg', 'thumbnail_url': 'https://images4-f.ravelrycache.com/uploads/amirisu/881820331/0808_amirisu_0526_thumbnail.jpg', 'small_url': 'https://images4-g.ravelrycache.com/uploads/amirisu/881820331/0808_amirisu_0526_small_best_fit.jpg', 'flickr_url': None, 'shelved_url': 'https://images4-f.ravelrycache.com/uploads/amirisu/881820331/0808_amirisu_0526_shelved.jpg', 'medium2_url': 'https://images4-a.ravelrycache.com/uploads/amirisu/881820331/0808_amirisu_0526_medium2.jpg', 'small2_url': 'https://images4-g.ravelrycache.com/uploads/amirisu/881820331/0808_amirisu_0526_small2.jpg', 'caption': None, 'caption_html': None, 'copyright_holder': 'Masahiro Shimazaki for amirisu'}, {'id': 116335895, 'sort_order': 3, 'user_id': 2452538, 'x_offset': 0, 'y_offset': -43, 'square_url': 'https://images4-f.ravelrycache.com/uploads/amirisu/881820340/0808_amirisu_0537_square.jpg', 'medium_url': 'https://images4-g.ravelrycache.com/uploads/amirisu/881820340/0808_amirisu_0537_medium.jpg', 'thumbnail_url': 'https://images4-f.ravelrycache.com/uploads/amirisu/881820340/0808_amirisu_0537_thumbnail.jpg', 'small_url': 'https://images4-g.ravelrycache.com/uploads/amirisu/881820340/0808_amirisu_0537_small_best_fit.jpg', 'flickr_url': None, 'shelved_url': 'https://images4-f.ravelrycache.com/uploads/amirisu/881820340/0808_amirisu_0537_shelved.jpg', 'medium2_url': 'https://images4-a.ravelrycache.com/uploads/amirisu/881820340/0808_amirisu_0537_medium2.jpg', 'small2_url': 'https://images4-f.ravelrycache.com/uploads/amirisu/881820340/0808_amirisu_0537_small2.jpg', 'caption': None, 'caption_html': None, 'copyright_holder': 'Masahiro Shimazaki for amirisu'}, {'id': 116335896, 'sort_order': 4, 'user_id': 2452538, 'x_offset': 0, 'y_offset': -43, 'square_url': 'https://images4-f.ravelrycache.com/uploads/amirisu/881820884/0808_amirisu_0533_square.jpg', 'medium_url': 'https://images4-g.ravelrycache.com/uploads/amirisu/881820884/0808_amirisu_0533_medium.jpg', 'thumbnail_url': 'https://images4-g.ravelrycache.com/uploads/amirisu/881820884/0808_amirisu_0533_thumbnail.jpg', 'small_url': 'https://images4-g.ravelrycache.com/uploads/amirisu/881820884/0808_amirisu_0533_small_best_fit.jpg', 'flickr_url': None, 'shelved_url': 'https://images4-f.ravelrycache.com/uploads/amirisu/881820884/0808_amirisu_0533_shelved.jpg', 'medium2_url': 'https://images4-a.ravelrycache.com/uploads/amirisu/881820884/0808_amirisu_0533_medium2.jpg', 'small2_url': 'https://images4-f.ravelrycache.com/uploads/amirisu/881820884/0808_amirisu_0533_small2.jpg', 'caption': None, 'caption_html': None, 'copyright_holder': 'Masahiro Shimazaki for amirisu'}]"
Perseids Sweater,Lotta H Löthgren,1282674,https://www.ravelry.com/patterns/library/perseids-sweater,False,https://images4-a.ravelrycache.com/uploads/TheFibreCoTeam/881839744/Perseids-Sweater-The-Fibre-Co-Cumbria-Derwentwater-White-Heather-LEAD-ws_medium2.jpg,Knitting,"['unisex', 'teen', 'adult', 'petite', 'plus', 'ribbed', 'circular-yoke', 'crew-neck', 'long-sleeve', 'stranded', 'one-piece', 'seamless', 'short-rows', 'top-down', 'positive-ease', 'chart', 'written-pattern', 'video-tutorial', 'cuffed-sleeve', 'in-the-round', 'schematic', 'male', 'female']",20.0,4.5,True,4.0,St St ,pullover,Worsted,12,5.0,1 [2: 3: 4: 5: 6: 7: 8: 9],"[{'id': 116335945, 'sort_order': 1, 'user_id': 28239, 'x_offset': 0, 'y_offset': 0, 'square_url': 'https://images4-f.ravelrycache.com/uploads/TheFibreCoTeam/881839744/Perseids-Sweater-The-Fibre-Co-Cumbria-Derwentwater-White-Heather-LEAD-ws_square.jpg', 'medium_url': 'https://images4-g.ravelrycache.com/uploads/TheFibreCoTeam/881839744/Perseids-Sweater-The-Fibre-Co-Cumbria-Derwentwater-White-Heather-LEAD-ws_medium.jpg', 'thumbnail_url': 'https://images4-f.ravelrycache.com/uploads/TheFibreCoTeam/881839744/Perseids-Sweater-The-Fibre-Co-Cumbria-Derwentwater-White-Heather-LEAD-ws_thumbnail.jpg', 'small_url': 'https://images4-f.ravelrycache.com/uploads/TheFibreCoTeam/881839744/Perseids-Sweater-The-Fibre-Co-Cumbria-Derwentwater-White-Heather-LEAD-ws_small_best_fit.jpg', 'flickr_url': None, 'shelved_url': 'https://images4-g.ravelrycache.com/uploads/TheFibreCoTeam/881839744/Perseids-Sweater-The-Fibre-Co-Cumbria-Derwentwater-White-Heather-LEAD-ws_shelved.jpg', 'medium2_url': 'https://images4-a.ravelrycache.com/uploads/TheFibreCoTeam/881839744/Perseids-Sweater-The-Fibre-Co-Cumbria-Derwentwater-White-Heather-LEAD-ws_medium2.jpg', 'small2_url': 'https://images4-f.ravelrycache.com/uploads/TheFibreCoTeam/881839744/Perseids-Sweater-The-Fibre-Co-Cumbria-Derwentwater-White-Heather-LEAD-ws_small2.jpg', 'caption': None, 'caption_html': None, 'copyright_holder': 'Lotta H Löthgren'}, {'id': 116335946, 'sort_order': 2, 'user_id': 28239, 'x_offset': 0, 'y_offset': 0, 'square_url': 'https://images4-g.ravelrycache.com/uploads/TheFibreCoTeam/881839917/Perseids-Sweater-The-Fibre-Co-Cumbria-Derwentwater-White-Heather-back-1-ws_square.jpg', 'medium_url': 'https://images4-f.ravelrycache.com/uploads/TheFibreCoTeam/881839917/Perseids-Sweater-The-Fibre-Co-Cumbria-Derwentwater-White-Heather-back-1-ws_medium.jpg', 'thumbnail_url': 'https://images4-g.ravelrycache.com/uploads/TheFibreCoTeam/881839917/Perseids-Sweater-The-Fibre-Co-Cumbria-Derwentwater-White-Heather-back-1-ws_thumbnail.jpg', 'small_url': 'https://images4-f.ravelrycache.com/uploads/TheFibreCoTeam/881839917/Perseids-Sweater-The-Fibre-Co-Cumbria-Derwentwater-White-Heather-back-1-ws_small_best_fit.jpg', 'flickr_url': None, 'shelved_url': 'https://images4-g.ravelrycache.com/uploads/TheFibreCoTeam/881839917/Perseids-Sweater-The-Fibre-Co-Cumbria-Derwentwater-White-Heather-back-1-ws_shelved.jpg', 'medium2_url': 'https://images4-a.ravelrycache.com/uploads/TheFibreCoTeam/881839917/Perseids-Sweater-The-Fibre-Co-Cumbria-Derwentwater-White-Heather-back-1-ws_medium2.jpg', 'small2_url': 'https://images4-g.ravelrycache.com/uploads/TheFibreCoTeam/881839917/Perseids-Sweater-The-Fibre-Co-Cumbria-Derwentwater-White-Heather-back-1-ws_small2.jpg', 'caption': None, 'caption_html': None, 'copyright_holder': 'Lotta H Löthgren'}, {'id': 116335947, 'sort_order': 3, 'user_id': 28239, 'x_offset': 0, 'y_offset': 0, 'square_url': 'https://images4-g.ravelrycache.com/uploads/TheFibreCoTeam/881839882/Perseids-Sweater-The-Fibre-Co-Cumbria-Derwentwater-White-Heather-shoulder-ws_square.jpg', 'medium_url': 'https://images4-f.ravelrycache.com/uploads/TheFibreCoTeam/881839882/Perseids-Sweater-The-Fibre-Co-Cumbria-Derwentwater-White-Heather-shoulder-ws_medium.jpg', 'thumbnail_url': 'https://images4-f.ravelrycache.com/uploads/TheFibreCoTeam/881839882/Perseids-Sweater-The-Fibre-Co-Cumbria-Derwentwater-White-Heather-shoulder-ws_thumbnail.jpg', 'small_url': 'https://images4-f.ravelrycache.com/uploads/TheFibreCoTeam/881839882/Perseids-Sweater-The-Fibre-Co-Cumbria-Derwentwater-White-Heather-shoulder-ws_small_best_fit.jpg', 'flickr_url': None, 'shelved_url': 'https://images4-g.ravelrycache.com/uploads/TheFibreCoTeam/881839882/Perseids-Sweater-The-Fibre-Co-Cumbria-Derwentwater-White-Heather-shoulder-ws_shelved.jpg', 'medium2_url': 'https://images4-a.ravelrycache.com/uploads/TheFibreCoTeam/881839882/Perseids-Sweater-The-Fibre-Co-Cumbria-Derwentwater-White-Heather-shoulder-ws_medium2.jpg', 'small2_url': 'https://images4-g.ravelrycache.com/uploads/TheFibreCoTeam/881839882/Perseids-Sweater-The-Fibre-Co-Cumbria-Derwentwater-White-Heather-shoulder-ws_small2.jpg', 'caption': None, 'caption_html': None, 'copyright_holder': 'Lotta H Löthgren'}, {'id': 116335948, 'sort_order': 4, 'user_id': 28239, 'x_offset': 0, 'y_offset': 0, 'square_url': 'https://images4-g.ravelrycache.com/uploads/TheFibreCoTeam/881840040/Perseids-Sweater-The-Fibre-Co-Cumbria-Derwentwater-White-Heather-side-3-ws_square.jpg', 'medium_url': 'https://images4-f.ravelrycache.com/uploads/TheFibreCoTeam/881840040/Perseids-Sweater-The-Fibre-Co-Cumbria-Derwentwater-White-Heather-side-3-ws_medium.jpg', 'thumbnail_url': 'https://images4-f.ravelrycache.com/uploads/TheFibreCoTeam/881840040/Perseids-Sweater-The-Fibre-Co-Cumbria-Derwentwater-White-Heather-side-3-ws_thumbnail.jpg', 'small_url': 'https://images4-f.ravelrycache.com/uploads/TheFibreCoTeam/881840040/Perseids-Sweater-The-Fibre-Co-Cumbria-Derwentwater-White-Heather-side-3-ws_small_best_fit.jpg', 'flickr_url': None, 'shelved_url': 'https://images4-f.ravelrycache.com/uploads/TheFibreCoTeam/881840040/Perseids-Sweater-The-Fibre-Co-Cumbria-Derwentwater-White-Heather-side-3-ws_shelved.jpg', 'medium2_url': 'https://images4-a.ravelrycache.com/uploads/TheFibreCoTeam/881840040/Perseids-Sweater-The-Fibre-Co-Cumbria-Derwentwater-White-Heather-side-3-ws_medium2.jpg', 'small2_url': 'https://images4-g.ravelrycache.com/uploads/TheFibreCoTeam/881840040/Perseids-Sweater-The-Fibre-Co-Cumbria-Derwentwater-White-Heather-side-3-ws_small2.jpg', 'caption': None, 'caption_html': None, 'copyright_holder': 'Lotta H Löthgren'}, {'id': 116335949, 'sort_order': 5, 'user_id': 28239, 'x_offset': 0, 'y_offset': 0, 'square_url': 'https://images4-f.ravelrycache.com/uploads/TheFibreCoTeam/881840022/Perseids-Sweater-The-Fibre-Co-Cumbria-Derwentwater-White-Heather-front-5-ws_square.jpg', 'medium_url': 'https://images4-g.ravelrycache.com/uploads/TheFibreCoTeam/881840022/Perseids-Sweater-The-Fibre-Co-Cumbria-Derwentwater-White-Heather-front-5-ws_medium.jpg', 'thumbnail_url': 'https://images4-f.ravelrycache.com/uploads/TheFibreCoTeam/881840022/Perseids-Sweater-The-Fibre-Co-Cumbria-Derwentwater-White-Heather-front-5-ws_thumbnail.jpg', 'small_url': 'https://images4-f.ravelrycache.com/uploads/TheFibreCoTeam/881840022/Perseids-Sweater-The-Fibre-Co-Cumbria-Derwentwater-White-Heather-front-5-ws_small_best_fit.jpg', 'flickr_url': None, 'shelved_url': 'https://images4-g.ravelrycache.com/uploads/TheFibreCoTeam/881840022/Perseids-Sweater-The-Fibre-Co-Cumbria-Derwentwater-White-Heather-front-5-ws_shelved.jpg', 'medium2_url': 'https://images4-a.ravelrycache.com/uploads/TheFibreCoTeam/881840022/Perseids-Sweater-The-Fibre-Co-Cumbria-Derwentwater-White-Heather-front-5-ws_medium2.jpg', 'small2_url': 'https://images4-f.ravelrycache.com/uploads/TheFibreCoTeam/881840022/Perseids-Sweater-The-Fibre-Co-Cumbria-Derwentwater-White-Heather-front-5-ws_small2.jpg', 'caption': None, 'caption_html': None, 'copyright_holder': 'Lotta H Löthgren'}, {'id': 116335950, 'sort_order': 6, 'user_id': 28239, 'x_offset': 0, 'y_offset': 0, 'square_url': 'https://images4-g.ravelrycache.com/uploads/TheFibreCoTeam/881839957/Perseids-Sweater-The-Fibre-Co-Cumbria-Derwentwater-White-Heather-front-4-ws_square.jpg', 'medium_url': 'https://images4-f.ravelrycache.com/uploads/TheFibreCoTeam/881839957/Perseids-Sweater-The-Fibre-Co-Cumbria-Derwentwater-White-Heather-front-4-ws_medium.jpg', 'thumbnail_url': 'https://images4-g.ravelrycache.com/uploads/TheFibreCoTeam/881839957/Perseids-Sweater-The-Fibre-Co-Cumbria-Derwentwater-White-Heather-front-4-ws_thumbnail.jpg', 'small_url': 'https://images4-f.ravelrycache.com/uploads/TheFibreCoTeam/881839957/Perseids-Sweater-The-Fibre-Co-Cumbria-Derwentwater-White-Heather-front-4-ws_small_best_fit.jpg', 'flickr_url': None, 'shelved_url': 'https://images4-f.ravelrycache.com/uploads/TheFibreCoTeam/881839957/Perseids-Sweater-The-Fibre-Co-Cumbria-Derwentwater-White-Heather-front-4-ws_shelved.jpg', 'medium2_url': 'https://images4-a.ravelrycache.com/uploads/TheFibreCoTeam/881839957/Perseids-Sweater-The-Fibre-Co-Cumbria-Derwentwater-White-Heather-front-4-ws_medium2.jpg', 'small2_url': 'https://images4-g.ravelrycache.com/uploads/TheFibreCoTeam/881839957/Perseids-Sweater-The-Fibre-Co-Cumbria-Derwentwater-White-Heather-front-4-ws_small2.jpg', 'caption': None, 'caption_html': None, 'copyright_holder': 'Lotta H Löthgren'}, {'id': 116335951, 'sort_order': 7, 'user_id': 28239, 'x_offset': 0, 'y_offset': 0, 'square_url': 'https://images4-g.ravelrycache.com/uploads/TheFibreCoTeam/881839943/Perseids-Sweater-The-Fibre-Co-Cumbria-Derwentwater-White-Heather-front-3-ws_square.jpg', 'medium_url': 'https://images4-f.ravelrycache.com/uploads/TheFibreCoTeam/881839943/Perseids-Sweater-The-Fibre-Co-Cumbria-Derwentwater-White-Heather-front-3-ws_medium.jpg', 'thumbnail_url': 'https://images4-g.ravelrycache.com/uploads/TheFibreCoTeam/881839943/Perseids-Sweater-The-Fibre-Co-Cumbria-Derwentwater-White-Heather-front-3-ws_thumbnail.jpg', 'small_url': 'https://images4-g.ravelrycache.com/uploads/TheFibreCoTeam/881839943/Perseids-Sweater-The-Fibre-Co-Cumbria-Derwentwater-White-Heather-front-3-ws_small_best_fit.jpg', 'flickr_url': None, 'shelved_url': 'https://images4-f.ravelrycache.com/uploads/TheFibreCoTeam/881839943/Perseids-Sweater-The-Fibre-Co-Cumbria-Derwentwater-White-Heather-front-3-ws_shelved.jpg', 'medium2_url': 'https://images4-a.ravelrycache.com/uploads/TheFibreCoTeam/881839943/Perseids-Sweater-The-Fibre-Co-Cumbria-Derwentwater-White-Heather-front-3-ws_medium2.jpg', 'small2_url': 'https://images4-g.ravelrycache.com/uploads/TheFibreCoTeam/881839943/Perseids-Sweater-The-Fibre-Co-Cumbria-Derwentwater-White-Heather-front-3-ws_small2.jpg', 'caption': None, 'caption_html': None, 'copyright_holder': 'Lotta H Löthgren'}, {'id': 116335952, 'sort_order': 8, 'user_id': 28239, 'x_offset': 0, 'y_offset': 0, 'square_url': 'https://images4-f.ravelrycache.com/uploads/TheFibreCoTeam/881839937/Perseids-Sweater-The-Fibre-Co-Cumbria-Derwentwater-White-Heather-front-1-ws_square.jpg', 'medium_url': 'https://images4-g.ravelrycache.com/uploads/TheFibreCoTeam/881839937/Perseids-Sweater-The-Fibre-Co-Cumbria-Derwentwater-White-Heather-front-1-ws_medium.jpg', 'thumbnail_url': 'https://images4-f.ravelrycache.com/uploads/TheFibreCoTeam/881839937/Perseids-Sweater-The-Fibre-Co-Cumbria-Derwentwater-White-Heather-front-1-ws_thumbnail.jpg', 'small_url': 'https://images4-f.ravelrycache.com/uploads/TheFibreCoTeam/881839937/Perseids-Sweater-The-Fibre-Co-Cumbria-Derwentwater-White-Heather-front-1-ws_small_best_fit.jpg', 'flickr_url': None, 'shelved_url': 'https://images4-f.ravelrycache.com/uploads/TheFibreCoTeam/881839937/Perseids-Sweater-The-Fibre-Co-Cumbria-Derwentwater-White-Heather-front-1-ws_shelved.jpg', 'medium2_url': 'https://images4-a.ravelrycache.com/uploads/TheFibreCoTeam/881839937/Perseids-Sweater-The-Fibre-Co-Cumbria-Derwentwater-White-Heather-front-1-ws_medium2.jpg', 'small2_url': 'https://images4-f.ravelrycache.com/uploads/TheFibreCoTeam/881839937/Perseids-Sweater-The-Fibre-Co-Cumbria-Derwentwater-White-Heather-front-1-ws_small2.jpg', 'caption': None, 'caption_html': None, 'copyright_holder': 'Lotta H Löthgren'}]"
LISTAPAD,Veta Romanenkova,1282677,https://www.ravelry.com/patterns/library/listapad,False,https://images4-a.ravelrycache.com/uploads/Velveta/877751562/IMG_8316_medium2.jpeg,Knitting,"['female', 'unisex', 'teen', 'adult', 'oversized', 'petite', 'plus', 'tall', 'ribbed', 'seamed', 'long-sleeve', 'cap-sleeve', 'set-in-sleeve', 'selvedge', 'bottom-up', 'mock-turtleneck', 'positive-ease', 'written-pattern', 'drop-sleeve', 'worked-flat', 'other-edging', 'schematic', 'brioche-tuck']",24.0,4.3,True,4.0,Half Brioche rib,pullover,Lace,22,5.0,"1 (2, 3, 4, 5).","[{'id': 116336031, 'sort_order': 1, 'user_id': 81719, 'x_offset': -5, 'y_offset': -35, 'square_url': 'https://images4-f.ravelrycache.com/uploads/Velveta/877751562/IMG_8316_square.jpeg', 'medium_url': 'https://images4-f.ravelrycache.com/uploads/Velveta/877751562/IMG_8316_medium.jpeg', 'thumbnail_url': 'https://images4-f.ravelrycache.com/uploads/Velveta/877751562/IMG_8316_thumbnail.jpeg', 'small_url': 'https://images4-f.ravelrycache.com/uploads/Velveta/877751562/IMG_8316_small.jpeg', 'flickr_url': None, 'shelved_url': 'https://images4-f.ravelrycache.com/uploads/Velveta/877751562/IMG_8316_shelved.jpeg', 'medium2_url': 'https://images4-a.ravelrycache.com/uploads/Velveta/877751562/IMG_8316_medium2.jpeg', 'small2_url': 'https://images4-g.ravelrycache.com/uploads/Velveta/877751562/IMG_8316_small2.jpeg', 'caption': None, 'caption_html': None, 'copyright_holder': None}, {'id': 116362151, 'sort_order': 2, 'user_id': 5772733, 'x_offset': 0, 'y_offset': -22, 'square_url': 'https://images4-g.ravelrycache.com/uploads/WoolTalesKnitwear/883254038/AirBrush_20221026012554_square.jpg', 'medium_url': 'https://images4-f.ravelrycache.com/uploads/WoolTalesKnitwear/883254038/AirBrush_20221026012554_medium.jpg', 'thumbnail_url': 'https://images4-f.ravelrycache.com/uploads/WoolTalesKnitwear/883254038/AirBrush_20221026012554_thumbnail.jpg', 'small_url': 'https://images4-g.ravelrycache.com/uploads/WoolTalesKnitwear/883254038/AirBrush_20221026012554_small_best_fit.jpg', 'flickr_url': None, 'shelved_url': 'https://images4-g.ravelrycache.com/uploads/WoolTalesKnitwear/883254038/AirBrush_20221026012554_shelved.jpg', 'medium2_url': 'https://images4-a.ravelrycache.com/uploads/WoolTalesKnitwear/883254038/AirBrush_20221026012554_medium2.jpg', 'small2_url': 'https://images4-g.ravelrycache.com/uploads/WoolTalesKnitwear/883254038/AirBrush_20221026012554_small2.jpg', 'caption': None, 'caption_html': None, 'copyright_holder': None}, {'id': 116378662, 'sort_order': 3, 'user_id': 140795, 'x_offset': -5, 'y_offset': -35, 'square_url': 'https://images4-g.ravelrycache.com/uploads/Arune/883384833/9_square.jpg', 'medium_url': 'https://images4-f.ravelrycache.com/uploads/Arune/883384833/9_medium.jpg', 'thumbnail_url': 'https://images4-f.ravelrycache.com/uploads/Arune/883384833/9_thumbnail.jpg', 'small_url': 'https://images4-g.ravelrycache.com/uploads/Arune/883384833/9_small.jpg', 'flickr_url': None, 'shelved_url': 'https://images4-f.ravelrycache.com/uploads/Arune/883384833/9_shelved.jpg', 'medium2_url': 'https://images4-a.ravelrycache.com/uploads/Arune/883384833/9_medium2.jpg', 'small2_url': 'https://images4-g.ravelrycache.com/uploads/Arune/883384833/9_small2.jpg', 'caption': None, 'caption_html': None, 'copyright_holder': None}, {'id': 116362150, 'sort_order': 4, 'user_id': 5772733, 'x_offset': -5, 'y_offset': -35, 'square_url': 'https://images4-g.ravelrycache.com/uploads/WoolTalesKnitwear/883142537/AirBrush_20221025125108_square.jpg', 'medium_url': 'https://images4-f.ravelrycache.com/uploads/WoolTalesKnitwear/883142537/AirBrush_20221025125108_medium.jpg', 'thumbnail_url': 'https://images4-f.ravelrycache.com/uploads/WoolTalesKnitwear/883142537/AirBrush_20221025125108_thumbnail.jpg', 'small_url': 'https://images4-f.ravelrycache.com/uploads/WoolTalesKnitwear/883142537/AirBrush_20221025125108_small.jpg', 'flickr_url': None, 'shelved_url': 'https://images4-g.ravelrycache.com/uploads/WoolTalesKnitwear/883142537/AirBrush_20221025125108_shelved.jpg', 'medium2_url': 'https://images4-a.ravelrycache.com/uploads/WoolTalesKnitwear/883142537/AirBrush_20221025125108_medium2.jpg', 'small2_url': 'https://images4-g.ravelrycache.com/uploads/WoolTalesKnitwear/883142537/AirBrush_20221025125108_small2.jpg', 'caption': None, 'caption_html': None, 'copyright_holder': None}, {'id': 116336036, 'sort_order': 5, 'user_id': 81719, 'x_offset': 2, 'y_offset': -1, 'square_url': 'https://images4-g.ravelrycache.com/uploads/Velveta/877751613/IMG_3581_square.jpeg', 'medium_url': 'https://images4-g.ravelrycache.com/uploads/Velveta/877751613/IMG_3581_medium.jpeg', 'thumbnail_url': 'https://images4-g.ravelrycache.com/uploads/Velveta/877751613/IMG_3581_thumbnail.jpeg', 'small_url': 'https://images4-g.ravelrycache.com/uploads/Velveta/877751613/IMG_3581_small_best_fit.jpeg', 'flickr_url': None, 'shelved_url': 'https://images4-g.ravelrycache.com/uploads/Velveta/877751613/IMG_3581_shelved.jpeg', 'medium2_url': 'https://images4-a.ravelrycache.com/uploads/Velveta/877751613/IMG_3581_medium2.jpeg', 'small2_url': 'https://images4-f.ravelrycache.com/uploads/Velveta/877751613/IMG_3581_small2.jpeg', 'caption': None, 'caption_html': None, 'copyright_holder': None}, {'id': 116378661, 'sort_order': 6, 'user_id': 140795, 'x_offset': 0, 'y_offset': -43, 'square_url': 'https://images4-f.ravelrycache.com/uploads/Arune/883384835/11_square.jpg', 'medium_url': 'https://images4-g.ravelrycache.com/uploads/Arune/883384835/11_medium.jpg', 'thumbnail_url': 'https://images4-f.ravelrycache.com/uploads/Arune/883384835/11_thumbnail.jpg', 'small_url': 'https://images4-g.ravelrycache.com/uploads/Arune/883384835/11_small_best_fit.jpg', 'flickr_url': None, 'shelved_url': 'https://images4-f.ravelrycache.com/uploads/Arune/883384835/11_shelved.jpg', 'medium2_url': 'https://images4-a.ravelrycache.com/uploads/Arune/883384835/11_medium2.jpg', 'small2_url': 'https://images4-f.ravelrycache.com/uploads/Arune/883384835/11_small2.jpg', 'caption': None, 'caption_html': None, 'copyright_holder': None}, {'id': 116336035, 'sort_order': 7, 'user_id': 81719, 'x_offset': 1, 'y_offset': -18, 'square_url': 'https://images4-g.ravelrycache.com/uploads/Velveta/877751608/IMG_3583_square.jpeg', 'medium_url': 'https://images4-g.ravelrycache.com/uploads/Velveta/877751608/IMG_3583_medium.jpeg', 'thumbnail_url': 'https://images4-g.ravelrycache.com/uploads/Velveta/877751608/IMG_3583_thumbnail.jpeg', 'small_url': 'https://images4-f.ravelrycache.com/uploads/Velveta/877751608/IMG_3583_small_best_fit.jpeg', 'flickr_url': None, 'shelved_url': 'https://images4-f.ravelrycache.com/uploads/Velveta/877751608/IMG_3583_shelved.jpeg', 'medium2_url': 'https://images4-a.ravelrycache.com/uploads/Velveta/877751608/IMG_3583_medium2.jpeg', 'small2_url': 'https://images4-f.ravelrycache.com/uploads/Velveta/877751608/IMG_3583_small2.jpeg', 'caption': None, 'caption_html': None, 'copyright_holder': None}, {'id': 116378659, 'sort_order': 8, 'user_id': 140795, 'x_offset': 1, 'y_offset': -15, 'square_url': 'https://images4-f.ravelrycache.com/uploads/Arune/883384837/3_square.jpg', 'medium_url': 'https://images4-g.ravelrycache.com/uploads/Arune/883384837/3_medium.jpg', 'thumbnail_url': 'https://images4-g.ravelrycache.com/uploads/Arune/883384837/3_thumbnail.jpg', 'small_url': 'https://images4-f.ravelrycache.com/uploads/Arune/883384837/3_small.jpg', 'flickr_url': None, 'shelved_url': 'https://images4-g.ravelrycache.com/uploads/Arune/883384837/3_shelved.jpg', 'medium2_url': 'https://images4-a.ravelrycache.com/uploads/Arune/883384837/3_medium2.jpg', 'small2_url': 'https://images4-f.ravelrycache.com/uploads/Arune/883384837/3_small2.jpg', 'caption': None, 'caption_html': None, 'copyright_holder': None}, {'id': 116337524, 'sort_order': 9, 'user_id': 137120, 'x_offset': 0, 'y_offset': -43, 'square_url': 'https://images4-f.ravelrycache.com/uploads/Marishkina/882849698/529DB058-7A5B-4E6C-98B5-5EEAD4323631_square.jpeg', 'medium_url': 'https://images4-f.ravelrycache.com/uploads/Marishkina/882849698/529DB058-7A5B-4E6C-98B5-5EEAD4323631_medium.jpeg', 'thumbnail_url': 'https://images4-g.ravelrycache.com/uploads/Marishkina/882849698/529DB058-7A5B-4E6C-98B5-5EEAD4323631_thumbnail.jpeg', 'small_url': 'https://images4-g.ravelrycache.com/uploads/Marishkina/882849698/529DB058-7A5B-4E6C-98B5-5EEAD4323631_small_best_fit.jpeg', 'flickr_url': None, 'shelved_url': 'https://images4-g.ravelrycache.com/uploads/Marishkina/882849698/529DB058-7A5B-4E6C-98B5-5EEAD4323631_shelved.jpeg', 'medium2_url': 'https://images4-a.ravelrycache.com/uploads/Marishkina/882849698/529DB058-7A5B-4E6C-98B5-5EEAD4323631_medium2.jpeg', 'small2_url': 'https://images4-g.ravelrycache.com/uploads/Marishkina/882849698/529DB058-7A5B-4E6C-98B5-5EEAD4323631_small2.jpeg', 'caption': None, 'caption_html': None, 'copyright_holder': None}, {'id': 116338599, 'sort_order': 10, 'user_id': 316851, 'x_offset': -5, 'y_offset': -35, 'square_url': 'https://images4-f.ravelrycache.com/uploads/Vaida/882747069/photo3_square', 'medium_url': 'https://images4-g.ravelrycache.com/uploads/Vaida/882747069/photo3_medium', 'thumbnail_url': 'https://images4-g.ravelrycache.com/uploads/Vaida/882747069/photo3_thumbnail', 'small_url': 'https://images4-g.ravelrycache.com/uploads/Vaida/882747069/photo3_small', 'flickr_url': None, 'shelved_url': 'https://images4-f.ravelrycache.com/uploads/Vaida/882747069/photo3_shelved', 'medium2_url': 'https://images4-a.ravelrycache.com/uploads/Vaida/882747069/photo3_medium2', 'small2_url': 'https://images4-f.ravelrycache.com/uploads/Vaida/882747069/photo3_small2', 'caption': None, 'caption_html': None, 'copyright_holder': None}, {'id': 116337160, 'sort_order': 11, 'user_id': 1263534, 'x_offset': 0, 'y_offset': -43, 'square_url': 'https://images4-g.ravelrycache.com/uploads/tagali/883314527/7FC68119-0BC4-4812-9A99-56A59446E96E_square.jpeg', 'medium_url': 'https://images4-g.ravelrycache.com/uploads/tagali/883314527/7FC68119-0BC4-4812-9A99-56A59446E96E_medium.jpeg', 'thumbnail_url': 'https://images4-f.ravelrycache.com/uploads/tagali/883314527/7FC68119-0BC4-4812-9A99-56A59446E96E_thumbnail.jpeg', 'small_url': 'https://images4-g.ravelrycache.com/uploads/tagali/883314527/7FC68119-0BC4-4812-9A99-56A59446E96E_small_best_fit.jpeg', 'flickr_url': None, 'shelved_url': 'https://images4-f.ravelrycache.com/uploads/tagali/883314527/7FC68119-0BC4-4812-9A99-56A59446E96E_shelved.jpeg', 'medium2_url': 'https://images4-a.ravelrycache.com/uploads/tagali/883314527/7FC68119-0BC4-4812-9A99-56A59446E96E_medium2.jpeg', 'small2_url': 'https://images4-f.ravelrycache.com/uploads/tagali/883314527/7FC68119-0BC4-4812-9A99-56A59446E96E_small2.jpeg', 'caption': None, 'caption_html': None, 'copyright_holder': None}, {'id': 116337462, 'sort_order': 12, 'user_id': 360929, 'x_offset': -5, 'y_offset': -35, 'square_url': 'https://images4-f.ravelrycache.com/uploads/raamat/877778668/IMG_4545_square.jpg', 'medium_url': 'https://images4-g.ravelrycache.com/uploads/raamat/877778668/IMG_4545_medium.jpg', 'thumbnail_url': 'https://images4-g.ravelrycache.com/uploads/raamat/877778668/IMG_4545_thumbnail.jpg', 'small_url': 'https://images4-g.ravelrycache.com/uploads/raamat/877778668/IMG_4545_small.jpg', 'flickr_url': None, 'shelved_url': 'https://images4-g.ravelrycache.com/uploads/raamat/877778668/IMG_4545_shelved.jpg', 'medium2_url': 'https://images4-a.ravelrycache.com/uploads/raamat/877778668/IMG_4545_medium2.jpg', 'small2_url': 'https://images4-f.ravelrycache.com/uploads/raamat/877778668/IMG_4545_small2.jpg', 'caption': None, 'caption_html': None, 'copyright_holder': None}, {'id': 116341996, 'sort_order': 13, 'user_id': 4523, 'x_offset': 0, 'y_offset': -62, 'square_url': 'https://images4-g.ravelrycache.com/uploads/larisa/883442748/DSC_0038_square.JPG', 'medium_url': 'https://images4-f.ravelrycache.com/uploads/larisa/883442748/DSC_0038_medium.JPG', 'thumbnail_url': 'https://images4-f.ravelrycache.com/uploads/larisa/883442748/DSC_0038_thumbnail.JPG', 'small_url': 'https://images4-g.ravelrycache.com/uploads/larisa/883442748/DSC_0038_small_best_fit.JPG', 'flickr_url': None, 'shelved_url': 'https://images4-g.ravelrycache.com/uploads/larisa/883442748/DSC_0038_shelved.JPG', 'medium2_url': 'https://images4-a.ravelrycache.com/uploads/larisa/883442748/DSC_0038_medium2.JPG', 'small2_url': 'https://images4-g.ravelrycache.com/uploads/larisa/883442748/DSC_0038_small2.JPG', 'caption': None, 'caption_html': None, 'copyright_holder': None}, {'id': 116337036, 'sort_order': 14, 'user_id': 321773, 'x_offset': -26, 'y_offset': 0, 'square_url': 'https://images4-f.ravelrycache.com/uploads/Svetilnik/883420834/20220920_173800_square.jpg', 'medium_url': 'https://images4-g.ravelrycache.com/uploads/Svetilnik/883420834/20220920_173800_medium.jpg', 'thumbnail_url': 'https://images4-g.ravelrycache.com/uploads/Svetilnik/883420834/20220920_173800_thumbnail.jpg', 'small_url': 'https://images4-f.ravelrycache.com/uploads/Svetilnik/883420834/20220920_173800_small_best_fit.jpg', 'flickr_url': None, 'shelved_url': 'https://images4-g.ravelrycache.com/uploads/Svetilnik/883420834/20220920_173800_shelved.jpg', 'medium2_url': 'https://images4-a.ravelrycache.com/uploads/Svetilnik/883420834/20220920_173800_medium2.jpg', 'small2_url': 'https://images4-f.ravelrycache.com/uploads/Svetilnik/883420834/20220920_173800_small2.jpg', 'caption': None, 'caption_html': None, 'copyright_holder': None}, {'id': 116337202, 'sort_order': 15, 'user_id': 238141, 'x_offset': -5, 'y_offset': -35, 'square_url': 'https://images4-g.ravelrycache.com/uploads/Agashi1974/882971921/052BC000-7DFF-4624-BA44-EC24F5948E93_square.jpeg', 'medium_url': 'https://images4-g.ravelrycache.com/uploads/Agashi1974/882971921/052BC000-7DFF-4624-BA44-EC24F5948E93_medium.jpeg', 'thumbnail_url': 'https://images4-f.ravelrycache.com/uploads/Agashi1974/882971921/052BC000-7DFF-4624-BA44-EC24F5948E93_thumbnail.jpeg', 'small_url': 'https://images4-f.ravelrycache.com/uploads/Agashi1974/882971921/052BC000-7DFF-4624-BA44-EC24F5948E93_small.jpeg', 'flickr_url': None, 'shelved_url': 'https://images4-f.ravelrycache.com/uploads/Agashi1974/882971921/052BC000-7DFF-4624-BA44-EC24F5948E93_shelved.jpeg', 'medium2_url': 'https://images4-a.ravelrycache.com/uploads/Agashi1974/882971921/052BC000-7DFF-4624-BA44-EC24F5948E93_medium2.jpeg', 'small2_url': 'https://images4-f.ravelrycache.com/uploads/Agashi1974/882971921/052BC000-7DFF-4624-BA44-EC24F5948E93_small2.jpeg', 'caption': None, 'caption_html': None, 'copyright_holder': None}, {'id': 116336033, 'sort_order': 16, 'user_id': 81719, 'x_offset': -5, 'y_offset': -35, 'square_url': 'https://images4-g.ravelrycache.com/uploads/Velveta/877751551/IMG_8332_square.jpeg', 'medium_url': 'https://images4-g.ravelrycache.com/uploads/Velveta/877751551/IMG_8332_medium.jpeg', 'thumbnail_url': 'https://images4-f.ravelrycache.com/uploads/Velveta/877751551/IMG_8332_thumbnail.jpeg', 'small_url': 'https://images4-f.ravelrycache.com/uploads/Velveta/877751551/IMG_8332_small.jpeg', 'flickr_url': None, 'shelved_url': 'https://images4-f.ravelrycache.com/uploads/Velveta/877751551/IMG_8332_shelved.jpeg', 'medium2_url': 'https://images4-a.ravelrycache.com/uploads/Velveta/877751551/IMG_8332_medium2.jpeg', 'small2_url': 'https://images4-f.ravelrycache.com/uploads/Velveta/877751551/IMG_8332_small2.jpeg', 'caption': None, 'caption_html': None, 'copyright_holder': None}, {'id': 116336032, 'sort_order': 17, 'user_id': 81719, 'x_offset': 4, 'y_offset': -23, 'square_url': 'https://images4-g.ravelrycache.com/uploads/Velveta/877751576/IMG_3565_square.jpeg', 'medium_url': 'https://images4-g.ravelrycache.com/uploads/Velveta/877751576/IMG_3565_medium.jpeg', 'thumbnail_url': 'https://images4-f.ravelrycache.com/uploads/Velveta/877751576/IMG_3565_thumbnail.jpeg', 'small_url': 'https://images4-f.ravelrycache.com/uploads/Velveta/877751576/IMG_3565_small_best_fit.jpeg', 'flickr_url': None, 'shelved_url': 'https://images4-f.ravelrycache.com/uploads/Velveta/877751576/IMG_3565_shelved.jpeg', 'medium2_url': 'https://images4-a.ravelrycache.com/uploads/Velveta/877751576/IMG_3565_medium2.jpeg', 'small2_url': 'https://images4-f.ravelrycache.com/uploads/Velveta/877751576/IMG_3565_small2.jpeg', 'caption': None, 'caption_html': None, 'copyright_holder': None}, {'id': 116336034, 'sort_order': 18, 'user_id': 81719, 'x_offset': -5, 'y_offset': -35, 'square_url': 'https://images4-g.ravelrycache.com/uploads/Velveta/877751528/IMG_8338_square.jpeg', 'medium_url': 'https://images4-g.ravelrycache.com/uploads/Velveta/877751528/IMG_8338_medium.jpeg', 'thumbnail_url': 'https://images4-f.ravelrycache.com/uploads/Velveta/877751528/IMG_8338_thumbnail.jpeg', 'small_url': 'https://images4-g.ravelrycache.com/uploads/Velveta/877751528/IMG_8338_small.jpeg', 'flickr_url': None, 'shelved_url': 'https://images4-g.ravelrycache.com/uploads/Velveta/877751528/IMG_8338_shelved.jpeg', 'medium2_url': 'https://images4-a.ravelrycache.com/uploads/Velveta/877751528/IMG_8338_medium2.jpeg', 'small2_url': 'https://images4-f.ravelrycache.com/uploads/Velveta/877751528/IMG_8338_small2.jpeg', 'caption': None, 'caption_html': None, 'copyright_holder': None}, {'id': 116336037, 'sort_order': 19, 'user_id': 81719, 'x_offset': 0, 'y_offset': -32, 'square_url': 'https://images4-g.ravelrycache.com/uploads/Velveta/877751559/IMG_3870_square.jpeg', 'medium_url': 'https://images4-g.ravelrycache.com/uploads/Velveta/877751559/IMG_3870_medium.jpeg', 'thumbnail_url': 'https://images4-g.ravelrycache.com/uploads/Velveta/877751559/IMG_3870_thumbnail.jpeg', 'small_url': 'https://images4-f.ravelrycache.com/uploads/Velveta/877751559/IMG_3870_small_best_fit.jpeg', 'flickr_url': None, 'shelved_url': 'https://images4-f.ravelrycache.com/uploads/Velveta/877751559/IMG_3870_shelved.jpeg', 'medium2_url': 'https://images4-a.ravelrycache.com/uploads/Velveta/877751559/IMG_3870_medium2.jpeg', 'small2_url': 'https://images4-f.ravelrycache.com/uploads/Velveta/877751559/IMG_3870_small2.jpeg', 'caption': None, 'caption_html': None, 'copyright_holder': None}, {'id': 116337520, 'sort_order': 20, 'user_id': 137120, 'x_offset': 0, 'y_offset': -43, 'square_url': 'https://images4-g.ravelrycache.com/uploads/Marishkina/882849702/CDAD8843-E231-425C-928F-579EAF7E93AA_square.jpeg', 'medium_url': 'https://images4-g.ravelrycache.com/uploads/Marishkina/882849702/CDAD8843-E231-425C-928F-579EAF7E93AA_medium.jpeg', 'thumbnail_url': 'https://images4-f.ravelrycache.com/uploads/Marishkina/882849702/CDAD8843-E231-425C-928F-579EAF7E93AA_thumbnail.jpeg', 'small_url': 'https://images4-f.ravelrycache.com/uploads/Marishkina/882849702/CDAD8843-E231-425C-928F-579EAF7E93AA_small_best_fit.jpeg', 'flickr_url': None, 'shelved_url': 'https://images4-f.ravelrycache.com/uploads/Marishkina/882849702/CDAD8843-E231-425C-928F-579EAF7E93AA_shelved.jpeg', 'medium2_url': 'https://images4-a.ravelrycache.com/uploads/Marishkina/882849702/CDAD8843-E231-425C-928F-579EAF7E93AA_medium2.jpeg', 'small2_url': 'https://images4-f.ravelrycache.com/uploads/Marishkina/882849702/CDAD8843-E231-425C-928F-579EAF7E93AA_small2.jpeg', 'caption': None, 'caption_html': None, 'copyright_holder': None}, {'id': 116338597, 'sort_order': 21, 'user_id': 316851, 'x_offset': -5, 'y_offset': -35, 'square_url': 'https://images4-g.ravelrycache.com/uploads/Vaida/881437342/photo2_square', 'medium_url': 'https://images4-f.ravelrycache.com/uploads/Vaida/881437342/photo2_medium', 'thumbnail_url': 'https://images4-g.ravelrycache.com/uploads/Vaida/881437342/photo2_thumbnail', 'small_url': 'https://images4-f.ravelrycache.com/uploads/Vaida/881437342/photo2_small', 'flickr_url': None, 'shelved_url': 'https://images4-f.ravelrycache.com/uploads/Vaida/881437342/photo2_shelved', 'medium2_url': 'https://images4-a.ravelrycache.com/uploads/Vaida/881437342/photo2_medium2', 'small2_url': 'https://images4-g.ravelrycache.com/uploads/Vaida/881437342/photo2_small2', 'caption': None, 'caption_html': None, 'copyright_holder': None}, {'id': 116337523, 'sort_order': 22, 'user_id': 137120, 'x_offset': 0, 'y_offset': -43, 'square_url': 'https://images4-g.ravelrycache.com/uploads/Marishkina/882849703/027D8290-E13F-4FDD-9523-31F81FB33AE6_square.jpeg', 'medium_url': 'https://images4-g.ravelrycache.com/uploads/Marishkina/882849703/027D8290-E13F-4FDD-9523-31F81FB33AE6_medium.jpeg', 'thumbnail_url': 'https://images4-g.ravelrycache.com/uploads/Marishkina/882849703/027D8290-E13F-4FDD-9523-31F81FB33AE6_thumbnail.jpeg', 'small_url': 'https://images4-g.ravelrycache.com/uploads/Marishkina/882849703/027D8290-E13F-4FDD-9523-31F81FB33AE6_small_best_fit.jpeg', 'flickr_url': None, 'shelved_url': 'https://images4-g.ravelrycache.com/uploads/Marishkina/882849703/027D8290-E13F-4FDD-9523-31F81FB33AE6_shelved.jpeg', 'medium2_url': 'https://images4-a.ravelrycache.com/uploads/Marishkina/882849703/027D8290-E13F-4FDD-9523-31F81FB33AE6_medium2.jpeg', 'small2_url': 'https://images4-f.ravelrycache.com/uploads/Marishkina/882849703/027D8290-E13F-4FDD-9523-31F81FB33AE6_small2.jpeg', 'caption': None, 'caption_html': None, 'copyright_holder': None}, {'id': 116337463, 'sort_order': 23, 'user_id': 360929, 'x_offset': -5, 'y_offset': -35, 'square_url': 'https://images4-f.ravelrycache.com/uploads/raamat/877779697/IMG_4606_square.jpg', 'medium_url': 'https://images4-g.ravelrycache.com/uploads/raamat/877779697/IMG_4606_medium.jpg', 'thumbnail_url': 'https://images4-f.ravelrycache.com/uploads/raamat/877779697/IMG_4606_thumbnail.jpg', 'small_url': 'https://images4-g.ravelrycache.com/uploads/raamat/877779697/IMG_4606_small.jpg', 'flickr_url': None, 'shelved_url': 'https://images4-f.ravelrycache.com/uploads/raamat/877779697/IMG_4606_shelved.jpg', 'medium2_url': 'https://images4-a.ravelrycache.com/uploads/raamat/877779697/IMG_4606_medium2.jpg', 'small2_url': 'https://images4-f.ravelrycache.com/uploads/raamat/877779697/IMG_4606_small2.jpg', 'caption': None, 'caption_html': None, 'copyright_holder': None}, {'id': 116337039, 'sort_order': 24, 'user_id': 321773, 'x_offset': 0, 'y_offset': -48, 'square_url': 'https://images4-g.ravelrycache.com/uploads/Svetilnik/883420837/20220920_174103_square.jpg', 'medium_url': 'https://images4-f.ravelrycache.com/uploads/Svetilnik/883420837/20220920_174103_medium.jpg', 'thumbnail_url': 'https://images4-g.ravelrycache.com/uploads/Svetilnik/883420837/20220920_174103_thumbnail.jpg', 'small_url': 'https://images4-g.ravelrycache.com/uploads/Svetilnik/883420837/20220920_174103_small_best_fit.jpg', 'flickr_url': None, 'shelved_url': 'https://images4-g.ravelrycache.com/uploads/Svetilnik/883420837/20220920_174103_shelved.jpg', 'medium2_url': 'https://images4-a.ravelrycache.com/uploads/Svetilnik/883420837/20220920_174103_medium2.jpg', 'small2_url': 'https://images4-g.ravelrycache.com/uploads/Svetilnik/883420837/20220920_174103_small2.jpg', 'caption': None, 'caption_html': None, 'copyright_holder': None}, {'id': 116337161, 'sort_order': 25, 'user_id': 1263534, 'x_offset': 0, 'y_offset': -43, 'square_url': 'https://images4-g.ravelrycache.com/uploads/tagali/883314529/8157BD04-3E17-4F5F-B165-24C6F1448E80_square.jpeg', 'medium_url': 'https://images4-g.ravelrycache.com/uploads/tagali/883314529/8157BD04-3E17-4F5F-B165-24C6F1448E80_medium.jpeg', 'thumbnail_url': 'https://images4-g.ravelrycache.com/uploads/tagali/883314529/8157BD04-3E17-4F5F-B165-24C6F1448E80_thumbnail.jpeg', 'small_url': 'https://images4-f.ravelrycache.com/uploads/tagali/883314529/8157BD04-3E17-4F5F-B165-24C6F1448E80_small_best_fit.jpeg', 'flickr_url': None, 'shelved_url': 'https://images4-f.ravelrycache.com/uploads/tagali/883314529/8157BD04-3E17-4F5F-B165-24C6F1448E80_shelved.jpeg', 'medium2_url': 'https://images4-a.ravelrycache.com/uploads/tagali/883314529/8157BD04-3E17-4F5F-B165-24C6F1448E80_medium2.jpeg', 'small2_url': 'https://images4-f.ravelrycache.com/uploads/tagali/883314529/8157BD04-3E17-4F5F-B165-24C6F1448E80_small2.jpeg', 'caption': None, 'caption_html': None, 'copyright_holder': None}, {'id': 116342000, 'sort_order': 26, 'user_id': 4523, 'x_offset': 0, 'y_offset': -43, 'square_url': 'https://images4-f.ravelrycache.com/uploads/larisa/883442747/DSC_0026_square.JPG', 'medium_url': 'https://images4-g.ravelrycache.com/uploads/larisa/883442747/DSC_0026_medium.JPG', 'thumbnail_url': 'https://images4-g.ravelrycache.com/uploads/larisa/883442747/DSC_0026_thumbnail.JPG', 'small_url': 'https://images4-f.ravelrycache.com/uploads/larisa/883442747/DSC_0026_small_best_fit.JPG', 'flickr_url': None, 'shelved_url': 'https://images4-f.ravelrycache.com/uploads/larisa/883442747/DSC_0026_shelved.JPG', 'medium2_url': 'https://images4-a.ravelrycache.com/uploads/larisa/883442747/DSC_0026_medium2.JPG', 'small2_url': 'https://images4-f.ravelrycache.com/uploads/larisa/883442747/DSC_0026_small2.JPG', 'caption': None, 'caption_html': None, 'copyright_holder': None}, {'id': 116337198, 'sort_order': 27, 'user_id': 238141, 'x_offset': -5, 'y_offset': -35, 'square_url': 'https://images4-f.ravelrycache.com/uploads/Agashi1974/882974395/2A5A30D1-813F-42DF-BFA1-C6CF7685F9F7_square.jpeg', 'medium_url': 'https://images4-f.ravelrycache.com/uploads/Agashi1974/882974395/2A5A30D1-813F-42DF-BFA1-C6CF7685F9F7_medium.jpeg', 'thumbnail_url': 'https://images4-g.ravelrycache.com/uploads/Agashi1974/882974395/2A5A30D1-813F-42DF-BFA1-C6CF7685F9F7_thumbnail.jpeg', 'small_url': 'https://images4-f.ravelrycache.com/uploads/Agashi1974/882974395/2A5A30D1-813F-42DF-BFA1-C6CF7685F9F7_small.jpeg', 'flickr_url': None, 'shelved_url': 'https://images4-f.ravelrycache.com/uploads/Agashi1974/882974395/2A5A30D1-813F-42DF-BFA1-C6CF7685F9F7_shelved.jpeg', 'medium2_url': 'https://images4-a.ravelrycache.com/uploads/Agashi1974/882974395/2A5A30D1-813F-42DF-BFA1-C6CF7685F9F7_medium2.jpeg', 'small2_url': 'https://images4-g.ravelrycache.com/uploads/Agashi1974/882974395/2A5A30D1-813F-42DF-BFA1-C6CF7685F9F7_small2.jpeg', 'caption': None, 'caption_html': None, 'copyright_holder': None}, {'id': 116336038, 'sort_order': 28, 'user_id': 81719, 'x_offset': -7, 'y_offset': -12, 'square_url': 'https://images4-g.ravelrycache.com/uploads/Velveta/877752126/IMG_0338_square.jpeg', 'medium_url': 'https://images4-g.ravelrycache.com/uploads/Velveta/877752126/IMG_0338_medium.jpeg', 'thumbnail_url': 'https://images4-g.ravelrycache.com/uploads/Velveta/877752126/IMG_0338_thumbnail.jpeg', 'small_url': 'https://images4-g.ravelrycache.com/uploads/Velveta/877752126/IMG_0338_small.jpeg', 'flickr_url': None, 'shelved_url': 'https://images4-f.ravelrycache.com/uploads/Velveta/877752126/IMG_0338_shelved.jpeg', 'medium2_url': 'https://images4-a.ravelrycache.com/uploads/Velveta/877752126/IMG_0338_medium2.jpeg', 'small2_url': 'https://images4-f.ravelrycache.com/uploads/Velveta/877752126/IMG_0338_small2.jpeg', 'caption': None, 'caption_html': None, 'copyright_holder': None}]"
Puffed Polo,Meiju Kallio,1282739,https://www.ravelry.com/patterns/library/puffed-polo,False,https://images4-a.ravelrycache.com/uploads/MeijuKP/870555135/MEIJUKNITS-aug22-7329-2_medium2.jpg,Knitting,"['female', 'teen', 'adult', 'oversized', 'fitted', 'collar', 'turtleneck', 'sleeves', '3-4-sleeve', 'one-piece', 'seamless', 'short-rows', 'top-down', 'written-pattern', 'puffed-sleeve', 'in-the-round', 'schematic', 'contiguous']",25.0,4.666666666666667,True,4.0,Stockinette stitch,pullover,Fingering,16,4.333333333333333,"XS (S, M, L, XL, 2XL, 3XL, 4XL, 5XL) see notes","[{'id': 116339745, 'sort_order': 1, 'user_id': 784608, 'x_offset': 0, 'y_offset': -22, 'square_url': 'https://images4-g.ravelrycache.com/uploads/MeijuKP/870555135/MEIJUKNITS-aug22-7329-2_square.jpg', 'medium_url': 'https://images4-f.ravelrycache.com/uploads/MeijuKP/870555135/MEIJUKNITS-aug22-7329-2_medium.jpg', 'thumbnail_url': 'https://images4-g.ravelrycache.com/uploads/MeijuKP/870555135/MEIJUKNITS-aug22-7329-2_thumbnail.jpg', 'small_url': 'https://images4-f.ravelrycache.com/uploads/MeijuKP/870555135/MEIJUKNITS-aug22-7329-2_small_best_fit.jpg', 'flickr_url': None, 'shelved_url': 'https://images4-f.ravelrycache.com/uploads/MeijuKP/870555135/MEIJUKNITS-aug22-7329-2_shelved.jpg', 'medium2_url': 'https://images4-a.ravelrycache.com/uploads/MeijuKP/870555135/MEIJUKNITS-aug22-7329-2_medium2.jpg', 'small2_url': 'https://images4-g.ravelrycache.com/uploads/MeijuKP/870555135/MEIJUKNITS-aug22-7329-2_small2.jpg', 'caption': None, 'caption_html': None, 'copyright_holder': 'MeijuKP/Tanu Kallio'}, {'id': 116339746, 'sort_order': 2, 'user_id': 784608, 'x_offset': 0, 'y_offset': -22, 'square_url': 'https://images4-g.ravelrycache.com/uploads/MeijuKP/870555137/MEIJUKNITS-aug22-7350_square.jpg', 'medium_url': 'https://images4-f.ravelrycache.com/uploads/MeijuKP/870555137/MEIJUKNITS-aug22-7350_medium.jpg', 'thumbnail_url': 'https://images4-g.ravelrycache.com/uploads/MeijuKP/870555137/MEIJUKNITS-aug22-7350_thumbnail.jpg', 'small_url': 'https://images4-f.ravelrycache.com/uploads/MeijuKP/870555137/MEIJUKNITS-aug22-7350_small_best_fit.jpg', 'flickr_url': None, 'shelved_url': 'https://images4-f.ravelrycache.com/uploads/MeijuKP/870555137/MEIJUKNITS-aug22-7350_shelved.jpg', 'medium2_url': 'https://images4-a.ravelrycache.com/uploads/MeijuKP/870555137/MEIJUKNITS-aug22-7350_medium2.jpg', 'small2_url': 'https://images4-g.ravelrycache.com/uploads/MeijuKP/870555137/MEIJUKNITS-aug22-7350_small2.jpg', 'caption': None, 'caption_html': None, 'copyright_holder': 'MeijuKP/Tanu Kallio'}, {'id': 116339747, 'sort_order': 3, 'user_id': 784608, 'x_offset': 0, 'y_offset': -22, 'square_url': 'https://images4-f.ravelrycache.com/uploads/MeijuKP/870555123/MEIJUKNITS-aug22-7345_square.jpg', 'medium_url': 'https://images4-g.ravelrycache.com/uploads/MeijuKP/870555123/MEIJUKNITS-aug22-7345_medium.jpg', 'thumbnail_url': 'https://images4-g.ravelrycache.com/uploads/MeijuKP/870555123/MEIJUKNITS-aug22-7345_thumbnail.jpg', 'small_url': 'https://images4-g.ravelrycache.com/uploads/MeijuKP/870555123/MEIJUKNITS-aug22-7345_small_best_fit.jpg', 'flickr_url': None, 'shelved_url': 'https://images4-g.ravelrycache.com/uploads/MeijuKP/870555123/MEIJUKNITS-aug22-7345_shelved.jpg', 'medium2_url': 'https://images4-a.ravelrycache.com/uploads/MeijuKP/870555123/MEIJUKNITS-aug22-7345_medium2.jpg', 'small2_url': 'https://images4-f.ravelrycache.com/uploads/MeijuKP/870555123/MEIJUKNITS-aug22-7345_small2.jpg', 'caption': None, 'caption_html': None, 'copyright_holder': 'MeijuKP/Tanu Kallio'}, {'id': 116339748, 'sort_order': 4, 'user_id': 784608, 'x_offset': -43, 'y_offset': 0, 'square_url': 'https://images4-g.ravelrycache.com/uploads/MeijuKP/870555121/MEIJUKNITS-aug22-7339_square.jpg', 'medium_url': 'https://images4-f.ravelrycache.com/uploads/MeijuKP/870555121/MEIJUKNITS-aug22-7339_medium.jpg', 'thumbnail_url': 'https://images4-f.ravelrycache.com/uploads/MeijuKP/870555121/MEIJUKNITS-aug22-7339_thumbnail.jpg', 'small_url': 'https://images4-f.ravelrycache.com/uploads/MeijuKP/870555121/MEIJUKNITS-aug22-7339_small_best_fit.jpg', 'flickr_url': None, 'shelved_url': 'https://images4-f.ravelrycache.com/uploads/MeijuKP/870555121/MEIJUKNITS-aug22-7339_shelved.jpg', 'medium2_url': 'https://images4-a.ravelrycache.com/uploads/MeijuKP/870555121/MEIJUKNITS-aug22-7339_medium2.jpg', 'small2_url': 'https://images4-g.ravelrycache.com/uploads/MeijuKP/870555121/MEIJUKNITS-aug22-7339_small2.jpg', 'caption': None, 'caption_html': None, 'copyright_holder': 'MeijuKP/Tanu Kallio'}, {'id': 116339749, 'sort_order': 5, 'user_id': 784608, 'x_offset': 0, 'y_offset': -22, 'square_url': 'https://images4-f.ravelrycache.com/uploads/MeijuKP/870555141/MEIJUKNITS-aug22-7335_square.jpg', 'medium_url': 'https://images4-g.ravelrycache.com/uploads/MeijuKP/870555141/MEIJUKNITS-aug22-7335_medium.jpg', 'thumbnail_url': 'https://images4-g.ravelrycache.com/uploads/MeijuKP/870555141/MEIJUKNITS-aug22-7335_thumbnail.jpg', 'small_url': 'https://images4-f.ravelrycache.com/uploads/MeijuKP/870555141/MEIJUKNITS-aug22-7335_small_best_fit.jpg', 'flickr_url': None, 'shelved_url': 'https://images4-f.ravelrycache.com/uploads/MeijuKP/870555141/MEIJUKNITS-aug22-7335_shelved.jpg', 'medium2_url': 'https://images4-a.ravelrycache.com/uploads/MeijuKP/870555141/MEIJUKNITS-aug22-7335_medium2.jpg', 'small2_url': 'https://images4-f.ravelrycache.com/uploads/MeijuKP/870555141/MEIJUKNITS-aug22-7335_small2.jpg', 'caption': None, 'caption_html': None, 'copyright_holder': 'MeijuKP/Tanu Kallio'}, {'id': 116339750, 'sort_order': 6, 'user_id': 784608, 'x_offset': 0, 'y_offset': -22, 'square_url': 'https://images4-f.ravelrycache.com/uploads/MeijuKP/870555140/MEIJUKNITS-aug22-7351_square.jpg', 'medium_url': 'https://images4-g.ravelrycache.com/uploads/MeijuKP/870555140/MEIJUKNITS-aug22-7351_medium.jpg', 'thumbnail_url': 'https://images4-g.ravelrycache.com/uploads/MeijuKP/870555140/MEIJUKNITS-aug22-7351_thumbnail.jpg', 'small_url': 'https://images4-g.ravelrycache.com/uploads/MeijuKP/870555140/MEIJUKNITS-aug22-7351_small_best_fit.jpg', 'flickr_url': None, 'shelved_url': 'https://images4-f.ravelrycache.com/uploads/MeijuKP/870555140/MEIJUKNITS-aug22-7351_shelved.jpg', 'medium2_url': 'https://images4-a.ravelrycache.com/uploads/MeijuKP/870555140/MEIJUKNITS-aug22-7351_medium2.jpg', 'small2_url': 'https://images4-f.ravelrycache.com/uploads/MeijuKP/870555140/MEIJUKNITS-aug22-7351_small2.jpg', 'caption': None, 'caption_html': None, 'copyright_holder': 'MeijuKP/Tanu Kallio'}, {'id': 116339751, 'sort_order': 7, 'user_id': 784608, 'x_offset': 0, 'y_offset': -22, 'square_url': 'https://images4-g.ravelrycache.com/uploads/MeijuKP/870555125/MEIJUKNITS-aug22-7322_square.jpg', 'medium_url': 'https://images4-f.ravelrycache.com/uploads/MeijuKP/870555125/MEIJUKNITS-aug22-7322_medium.jpg', 'thumbnail_url': 'https://images4-f.ravelrycache.com/uploads/MeijuKP/870555125/MEIJUKNITS-aug22-7322_thumbnail.jpg', 'small_url': 'https://images4-g.ravelrycache.com/uploads/MeijuKP/870555125/MEIJUKNITS-aug22-7322_small_best_fit.jpg', 'flickr_url': None, 'shelved_url': 'https://images4-f.ravelrycache.com/uploads/MeijuKP/870555125/MEIJUKNITS-aug22-7322_shelved.jpg', 'medium2_url': 'https://images4-a.ravelrycache.com/uploads/MeijuKP/870555125/MEIJUKNITS-aug22-7322_medium2.jpg', 'small2_url': 'https://images4-g.ravelrycache.com/uploads/MeijuKP/870555125/MEIJUKNITS-aug22-7322_small2.jpg', 'caption': None, 'caption_html': None, 'copyright_holder': 'MeijuKP/Tanu Kallio'}]"
SSK Variation,Helga Isager,1282954,https://www.ravelry.com/patterns/library/ssk-variation,False,https://images4-a.ravelrycache.com/uploads/Isageryarn/883653385/SSK_Trio_variationweb_medium2.jpg,Knitting,"['female', 'adult', 'sideways', 'written-pattern']",22.0,0.0,True,4.0,,pullover,Fingering,5,0.0,"S, M, L, XL","[{'id': 116358048, 'sort_order': 1, 'user_id': 9293088, 'x_offset': 0, 'y_offset': -39, 'square_url': 'https://images4-f.ravelrycache.com/uploads/Isageryarn/883653385/SSK_Trio_variationweb_square.jpg', 'medium_url': 'https://images4-g.ravelrycache.com/uploads/Isageryarn/883653385/SSK_Trio_variationweb_medium.jpg', 'thumbnail_url': 'https://images4-f.ravelrycache.com/uploads/Isageryarn/883653385/SSK_Trio_variationweb_thumbnail.jpg', 'small_url': 'https://images4-f.ravelrycache.com/uploads/Isageryarn/883653385/SSK_Trio_variationweb_small_best_fit.jpg', 'flickr_url': None, 'shelved_url': 'https://images4-g.ravelrycache.com/uploads/Isageryarn/883653385/SSK_Trio_variationweb_shelved.jpg', 'medium2_url': 'https://images4-a.ravelrycache.com/uploads/Isageryarn/883653385/SSK_Trio_variationweb_medium2.jpg', 'small2_url': 'https://images4-f.ravelrycache.com/uploads/Isageryarn/883653385/SSK_Trio_variationweb_small2.jpg', 'caption': None, 'caption_html': None, 'copyright_holder': None}, {'id': 116358049, 'sort_order': 2, 'user_id': 9293088, 'x_offset': -4, 'y_offset': -35, 'square_url': 'https://images4-f.ravelrycache.com/uploads/Isageryarn/883653466/SSK_variation_web_square.jpg', 'medium_url': 'https://images4-g.ravelrycache.com/uploads/Isageryarn/883653466/SSK_variation_web_medium.jpg', 'thumbnail_url': 'https://images4-f.ravelrycache.com/uploads/Isageryarn/883653466/SSK_variation_web_thumbnail.jpg', 'small_url': 'https://images4-g.ravelrycache.com/uploads/Isageryarn/883653466/SSK_variation_web_small.jpg', 'flickr_url': None, 'shelved_url': 'https://images4-g.ravelrycache.com/uploads/Isageryarn/883653466/SSK_variation_web_shelved.jpg', 'medium2_url': 'https://images4-a.ravelrycache.com/uploads/Isageryarn/883653466/SSK_variation_web_medium2.jpg', 'small2_url': 'https://images4-f.ravelrycache.com/uploads/Isageryarn/883653466/SSK_variation_web_small2.jpg', 'caption': None, 'caption_html': None, 'copyright_holder': None}, {'id': 116358050, 'sort_order': 3, 'user_id': 9293088, 'x_offset': 0, 'y_offset': -39, 'square_url': 'https://images4-f.ravelrycache.com/uploads/Isageryarn/883653386/SSK_Trio_variation_bla.web_square.jpg', 'medium_url': 'https://images4-g.ravelrycache.com/uploads/Isageryarn/883653386/SSK_Trio_variation_bla.web_medium.jpg', 'thumbnail_url': 'https://images4-f.ravelrycache.com/uploads/Isageryarn/883653386/SSK_Trio_variation_bla.web_thumbnail.jpg', 'small_url': 'https://images4-g.ravelrycache.com/uploads/Isageryarn/883653386/SSK_Trio_variation_bla.web_small_best_fit.jpg', 'flickr_url': None, 'shelved_url': 'https://images4-f.ravelrycache.com/uploads/Isageryarn/883653386/SSK_Trio_variation_bla.web_shelved.jpg', 'medium2_url': 'https://images4-a.ravelrycache.com/uploads/Isageryarn/883653386/SSK_Trio_variation_bla.web_medium2.jpg', 'small2_url': 'https://images4-f.ravelrycache.com/uploads/Isageryarn/883653386/SSK_Trio_variation_bla.web_small2.jpg', 'caption': None, 'caption_html': None, 'copyright_holder': None}, {'id': 116358051, 'sort_order': 4, 'user_id': 9293088, 'x_offset': -5, 'y_offset': -35, 'square_url': 'https://images4-f.ravelrycache.com/uploads/Isageryarn/883653467/SSK_variation_detalje1_web_square.jpg', 'medium_url': 'https://images4-g.ravelrycache.com/uploads/Isageryarn/883653467/SSK_variation_detalje1_web_medium.jpg', 'thumbnail_url': 'https://images4-g.ravelrycache.com/uploads/Isageryarn/883653467/SSK_variation_detalje1_web_thumbnail.jpg', 'small_url': 'https://images4-f.ravelrycache.com/uploads/Isageryarn/883653467/SSK_variation_detalje1_web_small.jpg', 'flickr_url': None, 'shelved_url': 'https://images4-f.ravelrycache.com/uploads/Isageryarn/883653467/SSK_variation_detalje1_web_shelved.jpg', 'medium2_url': 'https://images4-a.ravelrycache.com/uploads/Isageryarn/883653467/SSK_variation_detalje1_web_medium2.jpg', 'small2_url': 'https://images4-f.ravelrycache.com/uploads/Isageryarn/883653467/SSK_variation_detalje1_web_small2.jpg', 'caption': None, 'caption_html': None, 'copyright_holder': None}, {'id': 116358052, 'sort_order': 5, 'user_id': 9293088, 'x_offset': -5, 'y_offset': -35, 'square_url': 'https://images4-g.ravelrycache.com/uploads/Isageryarn/883653469/SSK33_web_square.jpg', 'medium_url': 'https://images4-f.ravelrycache.com/uploads/Isageryarn/883653469/SSK33_web_medium.jpg', 'thumbnail_url': 'https://images4-f.ravelrycache.com/uploads/Isageryarn/883653469/SSK33_web_thumbnail.jpg', 'small_url': 'https://images4-g.ravelrycache.com/uploads/Isageryarn/883653469/SSK33_web_small.jpg', 'flickr_url': None, 'shelved_url': 'https://images4-f.ravelrycache.com/uploads/Isageryarn/883653469/SSK33_web_shelved.jpg', 'medium2_url': 'https://images4-a.ravelrycache.com/uploads/Isageryarn/883653469/SSK33_web_medium2.jpg', 'small2_url': 'https://images4-g.ravelrycache.com/uploads/Isageryarn/883653469/SSK33_web_small2.jpg', 'caption': None, 'caption_html': None, 'copyright_holder': None}]"
Robin - Unisex Sweater,Sarah März,1282971,https://www.ravelry.com/patterns/library/robin---unisex-sweater,True,https://images4-a.ravelrycache.com/uploads/Gluecksliesel/883664993/IMG_3159_medium2.jpg,Knitting,"['adult', 'turtleneck', 'raglan-sleeve', 'stranded', 'one-piece', 'seamless', 'short-rows', 'top-down', 'positive-ease', 'worked-flat', 'in-the-round', 'embroidery', 'other-edging', 'stripes-colorwork', 'male', 'female']",10.5,0.0,True,4.0,stockinette stitch flat and in rounds,pullover,Bulky,4,0.0,"XS, S, M, L, XL","[{'id': 116359195, 'sort_order': 1, 'user_id': 7698831, 'x_offset': 0, 'y_offset': 0, 'square_url': 'https://images4-g.ravelrycache.com/uploads/Gluecksliesel/883664993/IMG_3159_square.jpg', 'medium_url': 'https://images4-f.ravelrycache.com/uploads/Gluecksliesel/883664993/IMG_3159_medium.jpg', 'thumbnail_url': 'https://images4-f.ravelrycache.com/uploads/Gluecksliesel/883664993/IMG_3159_thumbnail.jpg', 'small_url': 'https://images4-g.ravelrycache.com/uploads/Gluecksliesel/883664993/IMG_3159_small_best_fit.jpg', 'flickr_url': None, 'shelved_url': 'https://images4-g.ravelrycache.com/uploads/Gluecksliesel/883664993/IMG_3159_shelved.jpg', 'medium2_url': 'https://images4-a.ravelrycache.com/uploads/Gluecksliesel/883664993/IMG_3159_medium2.jpg', 'small2_url': 'https://images4-g.ravelrycache.com/uploads/Gluecksliesel/883664993/IMG_3159_small2.jpg', 'caption': None, 'caption_html': None, 'copyright_holder': None}, {'id': 116359196, 'sort_order': 2, 'user_id': 7698831, 'x_offset': 0, 'y_offset': 0, 'square_url': 'https://images4-g.ravelrycache.com/uploads/Gluecksliesel/883664989/IMG_3167_square.jpg', 'medium_url': 'https://images4-f.ravelrycache.com/uploads/Gluecksliesel/883664989/IMG_3167_medium.jpg', 'thumbnail_url': 'https://images4-f.ravelrycache.com/uploads/Gluecksliesel/883664989/IMG_3167_thumbnail.jpg', 'small_url': 'https://images4-f.ravelrycache.com/uploads/Gluecksliesel/883664989/IMG_3167_small_best_fit.jpg', 'flickr_url': None, 'shelved_url': 'https://images4-g.ravelrycache.com/uploads/Gluecksliesel/883664989/IMG_3167_shelved.jpg', 'medium2_url': 'https://images4-a.ravelrycache.com/uploads/Gluecksliesel/883664989/IMG_3167_medium2.jpg', 'small2_url': 'https://images4-g.ravelrycache.com/uploads/Gluecksliesel/883664989/IMG_3167_small2.jpg', 'caption': None, 'caption_html': None, 'copyright_holder': None}, {'id': 116359197, 'sort_order': 3, 'user_id': 7698831, 'x_offset': 0, 'y_offset': 0, 'square_url': 'https://images4-f.ravelrycache.com/uploads/Gluecksliesel/883664994/IMG_3151_square.jpg', 'medium_url': 'https://images4-g.ravelrycache.com/uploads/Gluecksliesel/883664994/IMG_3151_medium.jpg', 'thumbnail_url': 'https://images4-f.ravelrycache.com/uploads/Gluecksliesel/883664994/IMG_3151_thumbnail.jpg', 'small_url': 'https://images4-g.ravelrycache.com/uploads/Gluecksliesel/883664994/IMG_3151_small_best_fit.jpg', 'flickr_url': None, 'shelved_url': 'https://images4-f.ravelrycache.com/uploads/Gluecksliesel/883664994/IMG_3151_shelved.jpg', 'medium2_url': 'https://images4-a.ravelrycache.com/uploads/Gluecksliesel/883664994/IMG_3151_medium2.jpg', 'small2_url': 'https://images4-f.ravelrycache.com/uploads/Gluecksliesel/883664994/IMG_3151_small2.jpg', 'caption': None, 'caption_html': None, 'copyright_holder': None}, {'id': 116359198, 'sort_order': 4, 'user_id': 7698831, 'x_offset': 0, 'y_offset': 0, 'square_url': 'https://images4-g.ravelrycache.com/uploads/Gluecksliesel/883664988/IMG_3168_square.jpg', 'medium_url': 'https://images4-f.ravelrycache.com/uploads/Gluecksliesel/883664988/IMG_3168_medium.jpg', 'thumbnail_url': 'https://images4-g.ravelrycache.com/uploads/Gluecksliesel/883664988/IMG_3168_thumbnail.jpg', 'small_url': 'https://images4-g.ravelrycache.com/uploads/Gluecksliesel/883664988/IMG_3168_small_best_fit.jpg', 'flickr_url': None, 'shelved_url': 'https://images4-f.ravelrycache.com/uploads/Gluecksliesel/883664988/IMG_3168_shelved.jpg', 'medium2_url': 'https://images4-a.ravelrycache.com/uploads/Gluecksliesel/883664988/IMG_3168_medium2.jpg', 'small2_url': 'https://images4-g.ravelrycache.com/uploads/Gluecksliesel/883664988/IMG_3168_small2.jpg', 'caption': None, 'caption_html': None, 'copyright_holder': None}, {'id': 116359199, 'sort_order': 5, 'user_id': 7698831, 'x_offset': 0, 'y_offset': 0, 'square_url': 'https://images4-g.ravelrycache.com/uploads/Gluecksliesel/883664987/IMG_3162_square.jpg', 'medium_url': 'https://images4-f.ravelrycache.com/uploads/Gluecksliesel/883664987/IMG_3162_medium.jpg', 'thumbnail_url': 'https://images4-g.ravelrycache.com/uploads/Gluecksliesel/883664987/IMG_3162_thumbnail.jpg', 'small_url': 'https://images4-f.ravelrycache.com/uploads/Gluecksliesel/883664987/IMG_3162_small_best_fit.jpg', 'flickr_url': None, 'shelved_url': 'https://images4-g.ravelrycache.com/uploads/Gluecksliesel/883664987/IMG_3162_shelved.jpg', 'medium2_url': 'https://images4-a.ravelrycache.com/uploads/Gluecksliesel/883664987/IMG_3162_medium2.jpg', 'small2_url': 'https://images4-g.ravelrycache.com/uploads/Gluecksliesel/883664987/IMG_3162_small2.jpg', 'caption': None, 'caption_html': None, 'copyright_holder': None}]"
Early Morning Hike Pullover,Jaime Smith and Dr. Katie Link,1283053,https://www.ravelry.com/patterns/library/early-morning-hike-pullover,False,https://images4-a.ravelrycache.com/uploads/jklostinthewoods/883688358/jaime_at_lake_medium2.jpg,Knitting,"['unisex', 'adult', 'no-ease', 'ribbed', 'v-neck', 'raglan-sleeve', 'aline', 'one-piece', 'seamless', 'top-down', 'written-pattern', 'worked-flat', 'in-the-round', 'icord-edging', 'schematic', 'long-sleeve']",20.0,0.0,True,4.0,Stockinette,pullover,Sport,15,0.0,"32, 36, 40, 44, 46, 52, 60, 64","[{'id': 116362449, 'sort_order': 1, 'user_id': 10930645, 'x_offset': -43, 'y_offset': 0, 'square_url': 'https://images4-f.ravelrycache.com/uploads/jklostinthewoods/883688358/jaime_at_lake_square.jpg', 'medium_url': 'https://images4-g.ravelrycache.com/uploads/jklostinthewoods/883688358/jaime_at_lake_medium.jpg', 'thumbnail_url': 'https://images4-g.ravelrycache.com/uploads/jklostinthewoods/883688358/jaime_at_lake_thumbnail.jpg', 'small_url': 'https://images4-g.ravelrycache.com/uploads/jklostinthewoods/883688358/jaime_at_lake_small_best_fit.jpg', 'flickr_url': None, 'shelved_url': 'https://images4-g.ravelrycache.com/uploads/jklostinthewoods/883688358/jaime_at_lake_shelved.jpg', 'medium2_url': 'https://images4-a.ravelrycache.com/uploads/jklostinthewoods/883688358/jaime_at_lake_medium2.jpg', 'small2_url': 'https://images4-f.ravelrycache.com/uploads/jklostinthewoods/883688358/jaime_at_lake_small2.jpg', 'caption': None, 'caption_html': None, 'copyright_holder': None}, {'id': 116362450, 'sort_order': 2, 'user_id': 10930645, 'x_offset': -42, 'y_offset': 1, 'square_url': 'https://images4-g.ravelrycache.com/uploads/jklostinthewoods/883688373/top_detail_square.jpg', 'medium_url': 'https://images4-f.ravelrycache.com/uploads/jklostinthewoods/883688373/top_detail_medium.jpg', 'thumbnail_url': 'https://images4-g.ravelrycache.com/uploads/jklostinthewoods/883688373/top_detail_thumbnail.jpg', 'small_url': 'https://images4-g.ravelrycache.com/uploads/jklostinthewoods/883688373/top_detail_small_best_fit.jpg', 'flickr_url': None, 'shelved_url': 'https://images4-g.ravelrycache.com/uploads/jklostinthewoods/883688373/top_detail_shelved.jpg', 'medium2_url': 'https://images4-a.ravelrycache.com/uploads/jklostinthewoods/883688373/top_detail_medium2.jpg', 'small2_url': 'https://images4-g.ravelrycache.com/uploads/jklostinthewoods/883688373/top_detail_small2.jpg', 'caption': None, 'caption_html': None, 'copyright_holder': None}, {'id': 116362451, 'sort_order': 3, 'user_id': 10930645, 'x_offset': 1, 'y_offset': -21, 'square_url': 'https://images4-f.ravelrycache.com/uploads/jklostinthewoods/883688333/rowan_sample_square.jpg', 'medium_url': 'https://images4-g.ravelrycache.com/uploads/jklostinthewoods/883688333/rowan_sample_medium.jpg', 'thumbnail_url': 'https://images4-f.ravelrycache.com/uploads/jklostinthewoods/883688333/rowan_sample_thumbnail.jpg', 'small_url': 'https://images4-f.ravelrycache.com/uploads/jklostinthewoods/883688333/rowan_sample_small_best_fit.jpg', 'flickr_url': None, 'shelved_url': 'https://images4-g.ravelrycache.com/uploads/jklostinthewoods/883688333/rowan_sample_shelved.jpg', 'medium2_url': 'https://images4-a.ravelrycache.com/uploads/jklostinthewoods/883688333/rowan_sample_medium2.jpg', 'small2_url': 'https://images4-f.ravelrycache.com/uploads/jklostinthewoods/883688333/rowan_sample_small2.jpg', 'caption': None, 'caption_html': None, 'copyright_holder': None}, {'id': 116362452, 'sort_order': 4, 'user_id': 10930645, 'x_offset': -24, 'y_offset': 1, 'square_url': 'https://images4-g.ravelrycache.com/uploads/jklostinthewoods/883688270/j_and_k_together_square.jpg', 'medium_url': 'https://images4-f.ravelrycache.com/uploads/jklostinthewoods/883688270/j_and_k_together_medium.jpg', 'thumbnail_url': 'https://images4-g.ravelrycache.com/uploads/jklostinthewoods/883688270/j_and_k_together_thumbnail.jpg', 'small_url': 'https://images4-f.ravelrycache.com/uploads/jklostinthewoods/883688270/j_and_k_together_small_best_fit.jpg', 'flickr_url': None, 'shelved_url': 'https://images4-g.ravelrycache.com/uploads/jklostinthewoods/883688270/j_and_k_together_shelved.jpg', 'medium2_url': 'https://images4-a.ravelrycache.com/uploads/jklostinthewoods/883688270/j_and_k_together_medium2.jpg', 'small2_url': 'https://images4-g.ravelrycache.com/uploads/jklostinthewoods/883688270/j_and_k_together_small2.jpg', 'caption': None, 'caption_html': None, 'copyright_holder': None}, {'id': 116362453, 'sort_order': 5, 'user_id': 10930645, 'x_offset': -24, 'y_offset': 0, 'square_url': 'https://images4-f.ravelrycache.com/uploads/jklostinthewoods/883688261/back_detail_square.jpg', 'medium_url': 'https://images4-g.ravelrycache.com/uploads/jklostinthewoods/883688261/back_detail_medium.jpg', 'thumbnail_url': 'https://images4-f.ravelrycache.com/uploads/jklostinthewoods/883688261/back_detail_thumbnail.jpg', 'small_url': 'https://images4-g.ravelrycache.com/uploads/jklostinthewoods/883688261/back_detail_small_best_fit.jpg', 'flickr_url': None, 'shelved_url': 'https://images4-g.ravelrycache.com/uploads/jklostinthewoods/883688261/back_detail_shelved.jpg', 'medium2_url': 'https://images4-a.ravelrycache.com/uploads/jklostinthewoods/883688261/back_detail_medium2.jpg', 'small2_url': 'https://images4-f.ravelrycache.com/uploads/jklostinthewoods/883688261/back_detail_small2.jpg', 'caption': None, 'caption_html': None, 'copyright_holder': None}]"
The Twist adult,kiddiwinksknits,1283125,https://www.ravelry.com/patterns/library/the-twist-adult,False,https://images4-a.ravelrycache.com/uploads/kiddiwinksknits/883243273/RAVpatternpage1_medium2.JPG,Knitting,"['unisex', 'adult', 'cables', 'short-rows', 'top-down', 'written-pattern', 'in-the-round', 'male', 'female']",17.0,3.3,True,4.0,,pullover,Aran,25,4.9,8 sizes: A B C D E (F G H),"[{'id': 116367457, 'sort_order': 1, 'user_id': 980797, 'x_offset': 0, 'y_offset': 0, 'square_url': 'https://images4-g.ravelrycache.com/uploads/kiddiwinksknits/883243273/RAVpatternpage1_square.JPG', 'medium_url': 'https://images4-f.ravelrycache.com/uploads/kiddiwinksknits/883243273/RAVpatternpage1_medium.JPG', 'thumbnail_url': 'https://images4-f.ravelrycache.com/uploads/kiddiwinksknits/883243273/RAVpatternpage1_thumbnail.JPG', 'small_url': 'https://images4-f.ravelrycache.com/uploads/kiddiwinksknits/883243273/RAVpatternpage1_small_best_fit.JPG', 'flickr_url': None, 'shelved_url': 'https://images4-g.ravelrycache.com/uploads/kiddiwinksknits/883243273/RAVpatternpage1_shelved.JPG', 'medium2_url': 'https://images4-a.ravelrycache.com/uploads/kiddiwinksknits/883243273/RAVpatternpage1_medium2.JPG', 'small2_url': 'https://images4-g.ravelrycache.com/uploads/kiddiwinksknits/883243273/RAVpatternpage1_small2.JPG', 'caption': None, 'caption_html': None, 'copyright_holder': None}, {'id': 125763788, 'sort_order': 2, 'user_id': 10924478, 'x_offset': 0, 'y_offset': -22, 'square_url': 'https://images4-f.ravelrycache.com/uploads/FionaDarin/954728369/20230908_083322_square.jpg', 'medium_url': 'https://images4-g.ravelrycache.com/uploads/FionaDarin/954728369/20230908_083322_medium.jpg', 'thumbnail_url': 'https://images4-g.ravelrycache.com/uploads/FionaDarin/954728369/20230908_083322_thumbnail.jpg', 'small_url': 'https://images4-g.ravelrycache.com/uploads/FionaDarin/954728369/20230908_083322_small_best_fit.jpg', 'flickr_url': None, 'shelved_url': 'https://images4-f.ravelrycache.com/uploads/FionaDarin/954728369/20230908_083322_shelved.jpg', 'medium2_url': 'https://images4-a.ravelrycache.com/uploads/FionaDarin/954728369/20230908_083322_medium2.jpg', 'small2_url': 'https://images4-f.ravelrycache.com/uploads/FionaDarin/954728369/20230908_083322_small2.jpg', 'caption': None, 'caption_html': None, 'copyright_holder': None}, {'id': 127259512, 'sort_order': 3, 'user_id': 3959, 'x_offset': 0, 'y_offset': -15, 'square_url': 'https://images4-f.ravelrycache.com/uploads/passioknits/971339758/DE53AB89-1D71-4533-A4A2-90599315FE3B_square.jpeg', 'medium_url': 'https://images4-f.ravelrycache.com/uploads/passioknits/971339758/DE53AB89-1D71-4533-A4A2-90599315FE3B_medium.jpeg', 'thumbnail_url': 'https://images4-g.ravelrycache.com/uploads/passioknits/971339758/DE53AB89-1D71-4533-A4A2-90599315FE3B_thumbnail.jpeg', 'small_url': 'https://images4-g.ravelrycache.com/uploads/passioknits/971339758/DE53AB89-1D71-4533-A4A2-90599315FE3B_small_best_fit.jpeg', 'flickr_url': None, 'shelved_url': 'https://images4-f.ravelrycache.com/uploads/passioknits/971339758/DE53AB89-1D71-4533-A4A2-90599315FE3B_shelved.jpeg', 'medium2_url': 'https://images4-a.ravelrycache.com/uploads/passioknits/971339758/DE53AB89-1D71-4533-A4A2-90599315FE3B_medium2.jpeg', 'small2_url': 'https://images4-g.ravelrycache.com/uploads/passioknits/971339758/DE53AB89-1D71-4533-A4A2-90599315FE3B_small2.jpeg', 'caption': None, 'caption_html': None, 'copyright_holder': None}, {'id': 123152213, 'sort_order': 4, 'user_id': 1480990, 'x_offset': 0, 'y_offset': -18, 'square_url': 'https://images4-g.ravelrycache.com/uploads/kbratt/937760504/20230718_155359ed_square.jpg', 'medium_url': 'https://images4-f.ravelrycache.com/uploads/kbratt/937760504/20230718_155359ed_medium.jpg', 'thumbnail_url': 'https://images4-g.ravelrycache.com/uploads/kbratt/937760504/20230718_155359ed_thumbnail.jpg', 'small_url': 'https://images4-f.ravelrycache.com/uploads/kbratt/937760504/20230718_155359ed_small_best_fit.jpg', 'flickr_url': None, 'shelved_url': 'https://images4-g.ravelrycache.com/uploads/kbratt/937760504/20230718_155359ed_shelved.jpg', 'medium2_url': 'https://images4-a.ravelrycache.com/uploads/kbratt/937760504/20230718_155359ed_medium2.jpg', 'small2_url': 'https://images4-g.ravelrycache.com/uploads/kbratt/937760504/20230718_155359ed_small2.jpg', 'caption': None, 'caption_html': None, 'copyright_holder': None}, {'id': 118327818, 'sort_order': 5, 'user_id': 2013603, 'x_offset': -5, 'y_offset': -35, 'square_url': 'https://images4-g.ravelrycache.com/uploads/LexingtonM/899598494/PXL_20230110_094558196_square.jpg', 'medium_url': 'https://images4-f.ravelrycache.com/uploads/LexingtonM/899598494/PXL_20230110_094558196_medium.jpg', 'thumbnail_url': 'https://images4-g.ravelrycache.com/uploads/LexingtonM/899598494/PXL_20230110_094558196_thumbnail.jpg', 'small_url': 'https://images4-g.ravelrycache.com/uploads/LexingtonM/899598494/PXL_20230110_094558196_small.jpg', 'flickr_url': None, 'shelved_url': 'https://images4-f.ravelrycache.com/uploads/LexingtonM/899598494/PXL_20230110_094558196_shelved.jpg', 'medium2_url': 'https://images4-a.ravelrycache.com/uploads/LexingtonM/899598494/PXL_20230110_094558196_medium2.jpg', 'small2_url': 'https://images4-g.ravelrycache.com/uploads/LexingtonM/899598494/PXL_20230110_094558196_small2.jpg', 'caption': None, 'caption_html': None, 'copyright_holder': None}, {'id': 116392227, 'sort_order': 6, 'user_id': 36106, 'x_offset': 0, 'y_offset': -12, 'square_url': 'https://images4-f.ravelrycache.com/uploads/zrinka/880362613/20221009_134415_square.jpg', 'medium_url': 'https://images4-g.ravelrycache.com/uploads/zrinka/880362613/20221009_134415_medium.jpg', 'thumbnail_url': 'https://images4-g.ravelrycache.com/uploads/zrinka/880362613/20221009_134415_thumbnail.jpg', 'small_url': 'https://images4-g.ravelrycache.com/uploads/zrinka/880362613/20221009_134415_small_best_fit.jpg', 'flickr_url': None, 'shelved_url': 'https://images4-f.ravelrycache.com/uploads/zrinka/880362613/20221009_134415_shelved.jpg', 'medium2_url': 'https://images4-a.ravelrycache.com/uploads/zrinka/880362613/20221009_134415_medium2.jpg', 'small2_url': 'https://images4-f.ravelrycache.com/uploads/zrinka/880362613/20221009_134415_small2.jpg', 'caption': None, 'caption_html': None, 'copyright_holder': None}, {'id': 116380816, 'sort_order': 7, 'user_id': 4782187, 'x_offset': -5, 'y_offset': -35, 'square_url': 'https://images4-f.ravelrycache.com/uploads/RosanaMariel/880023233/IMG_20221008_123507835_square.jpg', 'medium_url': 'https://images4-g.ravelrycache.com/uploads/RosanaMariel/880023233/IMG_20221008_123507835_medium.jpg', 'thumbnail_url': 'https://images4-f.ravelrycache.com/uploads/RosanaMariel/880023233/IMG_20221008_123507835_thumbnail.jpg', 'small_url': 'https://images4-g.ravelrycache.com/uploads/RosanaMariel/880023233/IMG_20221008_123507835_small.jpg', 'flickr_url': None, 'shelved_url': 'https://images4-f.ravelrycache.com/uploads/RosanaMariel/880023233/IMG_20221008_123507835_shelved.jpg', 'medium2_url': 'https://images4-a.ravelrycache.com/uploads/RosanaMariel/880023233/IMG_20221008_123507835_medium2.jpg', 'small2_url': 'https://images4-f.ravelrycache.com/uploads/RosanaMariel/880023233/IMG_20221008_123507835_small2.jpg', 'caption': None, 'caption_html': None, 'copyright_holder': None}, {'id': 116419485, 'sort_order': 8, 'user_id': 2443092, 'x_offset': -5, 'y_offset': -35, 'square_url': 'https://images4-g.ravelrycache.com/uploads/Selvaakinci/882088825/20221019_144120_square.jpg', 'medium_url': 'https://images4-f.ravelrycache.com/uploads/Selvaakinci/882088825/20221019_144120_medium.jpg', 'thumbnail_url': 'https://images4-g.ravelrycache.com/uploads/Selvaakinci/882088825/20221019_144120_thumbnail.jpg', 'small_url': 'https://images4-f.ravelrycache.com/uploads/Selvaakinci/882088825/20221019_144120_small.jpg', 'flickr_url': None, 'shelved_url': 'https://images4-g.ravelrycache.com/uploads/Selvaakinci/882088825/20221019_144120_shelved.jpg', 'medium2_url': 'https://images4-a.ravelrycache.com/uploads/Selvaakinci/882088825/20221019_144120_medium2.jpg', 'small2_url': 'https://images4-g.ravelrycache.com/uploads/Selvaakinci/882088825/20221019_144120_small2.jpg', 'caption': None, 'caption_html': None, 'copyright_holder': None}, {'id': 116368744, 'sort_order': 9, 'user_id': 46715, 'x_offset': 0, 'y_offset': -74, 'square_url': 'https://images4-g.ravelrycache.com/uploads/Kristenlynnea/883280183/A4E345BF-46DF-496B-8CC4-B87B6671634D_square.jpeg', 'medium_url': 'https://images4-g.ravelrycache.com/uploads/Kristenlynnea/883280183/A4E345BF-46DF-496B-8CC4-B87B6671634D_medium.jpeg', 'thumbnail_url': 'https://images4-g.ravelrycache.com/uploads/Kristenlynnea/883280183/A4E345BF-46DF-496B-8CC4-B87B6671634D_thumbnail.jpeg', 'small_url': 'https://images4-g.ravelrycache.com/uploads/Kristenlynnea/883280183/A4E345BF-46DF-496B-8CC4-B87B6671634D_small.jpeg', 'flickr_url': None, 'shelved_url': 'https://images4-g.ravelrycache.com/uploads/Kristenlynnea/883280183/A4E345BF-46DF-496B-8CC4-B87B6671634D_shelved.jpeg', 'medium2_url': 'https://images4-a.ravelrycache.com/uploads/Kristenlynnea/883280183/A4E345BF-46DF-496B-8CC4-B87B6671634D_medium2.jpeg', 'small2_url': 'https://images4-f.ravelrycache.com/uploads/Kristenlynnea/883280183/A4E345BF-46DF-496B-8CC4-B87B6671634D_small2.jpeg', 'caption': None, 'caption_html': None, 'copyright_holder': None}, {'id': 116367458, 'sort_order': 10, 'user_id': 980797, 'x_offset': 0, 'y_offset': 0, 'square_url': 'https://images4-f.ravelrycache.com/uploads/kiddiwinksknits/883243271/RAVpatternpage2_square.JPG', 'medium_url': 'https://images4-g.ravelrycache.com/uploads/kiddiwinksknits/883243271/RAVpatternpage2_medium.JPG', 'thumbnail_url': 'https://images4-f.ravelrycache.com/uploads/kiddiwinksknits/883243271/RAVpatternpage2_thumbnail.JPG', 'small_url': 'https://images4-g.ravelrycache.com/uploads/kiddiwinksknits/883243271/RAVpatternpage2_small_best_fit.JPG', 'flickr_url': None, 'shelved_url': 'https://images4-f.ravelrycache.com/uploads/kiddiwinksknits/883243271/RAVpatternpage2_shelved.JPG', 'medium2_url': 'https://images4-a.ravelrycache.com/uploads/kiddiwinksknits/883243271/RAVpatternpage2_medium2.JPG', 'small2_url': 'https://images4-f.ravelrycache.com/uploads/kiddiwinksknits/883243271/RAVpatternpage2_small2.JPG', 'caption': None, 'caption_html': None, 'copyright_holder': None}, {'id': 116367459, 'sort_order': 11, 'user_id': 980797, 'x_offset': 0, 'y_offset': 0, 'square_url': 'https://images4-f.ravelrycache.com/uploads/kiddiwinksknits/883244192/RAVpatternpage3_square.JPG', 'medium_url': 'https://images4-g.ravelrycache.com/uploads/kiddiwinksknits/883244192/RAVpatternpage3_medium.JPG', 'thumbnail_url': 'https://images4-f.ravelrycache.com/uploads/kiddiwinksknits/883244192/RAVpatternpage3_thumbnail.JPG', 'small_url': 'https://images4-g.ravelrycache.com/uploads/kiddiwinksknits/883244192/RAVpatternpage3_small_best_fit.JPG', 'flickr_url': None, 'shelved_url': 'https://images4-g.ravelrycache.com/uploads/kiddiwinksknits/883244192/RAVpatternpage3_shelved.JPG', 'medium2_url': 'https://images4-a.ravelrycache.com/uploads/kiddiwinksknits/883244192/RAVpatternpage3_medium2.JPG', 'small2_url': 'https://images4-f.ravelrycache.com/uploads/kiddiwinksknits/883244192/RAVpatternpage3_small2.JPG', 'caption': None, 'caption_html': None, 'copyright_holder': None}, {'id': 119290192, 'sort_order': 12, 'user_id': 980797, 'x_offset': 0, 'y_offset': 0, 'square_url': 'https://images4-f.ravelrycache.com/uploads/kiddiwinksknits/907389483/rav12_square.JPG', 'medium_url': 'https://images4-g.ravelrycache.com/uploads/kiddiwinksknits/907389483/rav12_medium.JPG', 'thumbnail_url': 'https://images4-g.ravelrycache.com/uploads/kiddiwinksknits/907389483/rav12_thumbnail.JPG', 'small_url': 'https://images4-f.ravelrycache.com/uploads/kiddiwinksknits/907389483/rav12_small_best_fit.JPG', 'flickr_url': None, 'shelved_url': 'https://images4-g.ravelrycache.com/uploads/kiddiwinksknits/907389483/rav12_shelved.JPG', 'medium2_url': 'https://images4-a.ravelrycache.com/uploads/kiddiwinksknits/907389483/rav12_medium2.JPG', 'small2_url': 'https://images4-f.ravelrycache.com/uploads/kiddiwinksknits/907389483/rav12_small2.JPG', 'caption': None, 'caption_html': None, 'copyright_holder': None}]"
Westfjords Pullover,Tanis Gray,1283701,https://www.ravelry.com/patterns/library/westfjords-pullover,False,https://images4-a.ravelrycache.com/uploads/TanisKnits/884220729/iceland2_medium2.jpg,Knitting,"['stranded', 'bottom-up', 'icelandic', 'chart', 'written-pattern', 'in-the-round', 'schematic', 'circular-yoke']",18.0,4.5,True,4.0,Stockinette Stitch in the End on Largest Needle,pullover,Aran,10,4.8,"Bust circumference: 30.5 (34.5, 37.25, 40, 42.5, 46.5, 49.25)[52, 54.5, 58.5, 61.25, 64, 66.5, 70.5]”/77.5 (87.5, 94.5, 101.5, 108, 118, 125)[132, 138.5, 148.5, 155.5, 162.5, 169, 179] cm Length from Back Neck to Bottom Hem: 25½  (25½, 25½, 25½, 26, 26¼, ","[{'id': 116428046, 'sort_order': 1, 'user_id': 10065, 'x_offset': -5, 'y_offset': -35, 'square_url': 'https://images4-g.ravelrycache.com/uploads/TanisKnits/884220729/iceland2_square.jpg', 'medium_url': 'https://images4-f.ravelrycache.com/uploads/TanisKnits/884220729/iceland2_medium.jpg', 'thumbnail_url': 'https://images4-g.ravelrycache.com/uploads/TanisKnits/884220729/iceland2_thumbnail.jpg', 'small_url': 'https://images4-f.ravelrycache.com/uploads/TanisKnits/884220729/iceland2_small.jpg', 'flickr_url': None, 'shelved_url': 'https://images4-f.ravelrycache.com/uploads/TanisKnits/884220729/iceland2_shelved.jpg', 'medium2_url': 'https://images4-a.ravelrycache.com/uploads/TanisKnits/884220729/iceland2_medium2.jpg', 'small2_url': 'https://images4-g.ravelrycache.com/uploads/TanisKnits/884220729/iceland2_small2.jpg', 'caption': None, 'caption_html': None, 'copyright_holder': None}, {'id': 116428042, 'sort_order': 2, 'user_id': 10065, 'x_offset': -5, 'y_offset': -35, 'square_url': 'https://images4-f.ravelrycache.com/uploads/TanisKnits/884220725/iceland5_square.jpg', 'medium_url': 'https://images4-g.ravelrycache.com/uploads/TanisKnits/884220725/iceland5_medium.jpg', 'thumbnail_url': 'https://images4-g.ravelrycache.com/uploads/TanisKnits/884220725/iceland5_thumbnail.jpg', 'small_url': 'https://images4-f.ravelrycache.com/uploads/TanisKnits/884220725/iceland5_small.jpg', 'flickr_url': None, 'shelved_url': 'https://images4-f.ravelrycache.com/uploads/TanisKnits/884220725/iceland5_shelved.jpg', 'medium2_url': 'https://images4-a.ravelrycache.com/uploads/TanisKnits/884220725/iceland5_medium2.jpg', 'small2_url': 'https://images4-f.ravelrycache.com/uploads/TanisKnits/884220725/iceland5_small2.jpg', 'caption': None, 'caption_html': None, 'copyright_holder': None}, {'id': 116428043, 'sort_order': 3, 'user_id': 10065, 'x_offset': -5, 'y_offset': -35, 'square_url': 'https://images4-g.ravelrycache.com/uploads/TanisKnits/884220727/iceland1_square.jpg', 'medium_url': 'https://images4-f.ravelrycache.com/uploads/TanisKnits/884220727/iceland1_medium.jpg', 'thumbnail_url': 'https://images4-g.ravelrycache.com/uploads/TanisKnits/884220727/iceland1_thumbnail.jpg', 'small_url': 'https://images4-g.ravelrycache.com/uploads/TanisKnits/884220727/iceland1_small.jpg', 'flickr_url': None, 'shelved_url': 'https://images4-g.ravelrycache.com/uploads/TanisKnits/884220727/iceland1_shelved.jpg', 'medium2_url': 'https://images4-a.ravelrycache.com/uploads/TanisKnits/884220727/iceland1_medium2.jpg', 'small2_url': 'https://images4-g.ravelrycache.com/uploads/TanisKnits/884220727/iceland1_small2.jpg', 'caption': None, 'caption_html': None, 'copyright_holder': None}, {'id': 116428044, 'sort_order': 4, 'user_id': 10065, 'x_offset': -5, 'y_offset': -35, 'square_url': 'https://images4-f.ravelrycache.com/uploads/TanisKnits/884220726/iceland4_square.jpg', 'medium_url': 'https://images4-g.ravelrycache.com/uploads/TanisKnits/884220726/iceland4_medium.jpg', 'thumbnail_url': 'https://images4-g.ravelrycache.com/uploads/TanisKnits/884220726/iceland4_thumbnail.jpg', 'small_url': 'https://images4-g.ravelrycache.com/uploads/TanisKnits/884220726/iceland4_small.jpg', 'flickr_url': None, 'shelved_url': 'https://images4-g.ravelrycache.com/uploads/TanisKnits/884220726/iceland4_shelved.jpg', 'medium2_url': 'https://images4-a.ravelrycache.com/uploads/TanisKnits/884220726/iceland4_medium2.jpg', 'small2_url': 'https://images4-f.ravelrycache.com/uploads/TanisKnits/884220726/iceland4_small2.jpg', 'caption': None, 'caption_html': None, 'copyright_holder': None}, {'id': 116428045, 'sort_order': 5, 'user_id': 10065, 'x_offset': -5, 'y_offset': -35, 'square_url': 'https://images4-g.ravelrycache.com/uploads/TanisKnits/884220730/iceland3_square.jpg', 'medium_url': 'https://images4-f.ravelrycache.com/uploads/TanisKnits/884220730/iceland3_medium.jpg', 'thumbnail_url': 'https://images4-g.ravelrycache.com/uploads/TanisKnits/884220730/iceland3_thumbnail.jpg', 'small_url': 'https://images4-g.ravelrycache.com/uploads/TanisKnits/884220730/iceland3_small.jpg', 'flickr_url': None, 'shelved_url': 'https://images4-g.ravelrycache.com/uploads/TanisKnits/884220730/iceland3_shelved.jpg', 'medium2_url': 'https://images4-a.ravelrycache.com/uploads/TanisKnits/884220730/iceland3_medium2.jpg', 'small2_url': 'https://images4-g.ravelrycache.com/uploads/TanisKnits/884220730/iceland3_small2.jpg', 'caption': None, 'caption_html': None, 'copyright_holder': None}, {'id': 116428047, 'sort_order': 6, 'user_id': 10065, 'x_offset': -5, 'y_offset': -35, 'square_url': 'https://images4-f.ravelrycache.com/uploads/TanisKnits/884220728/iceland6_square.jpg', 'medium_url': 'https://images4-g.ravelrycache.com/uploads/TanisKnits/884220728/iceland6_medium.jpg', 'thumbnail_url': 'https://images4-g.ravelrycache.com/uploads/TanisKnits/884220728/iceland6_thumbnail.jpg', 'small_url': 'https://images4-f.ravelrycache.com/uploads/TanisKnits/884220728/iceland6_small.jpg', 'flickr_url': None, 'shelved_url': 'https://images4-g.ravelrycache.com/uploads/TanisKnits/884220728/iceland6_shelved.jpg', 'medium2_url': 'https://images4-a.ravelrycache.com/uploads/TanisKnits/884220728/iceland6_medium2.jpg', 'small2_url': 'https://images4-f.ravelrycache.com/uploads/TanisKnits/884220728/iceland6_small2.jpg', 'caption': None, 'caption_html': None, 'copyright_holder': None}, {'id': 116994228, 'sort_order': 7, 'user_id': 4720609, 'x_offset': -5, 'y_offset': -35, 'square_url': 'https://images4-f.ravelrycache.com/uploads/ctrteresa/884788539/3A09E4D5-4E0C-4F1F-99F5-B8653285F288_square.jpeg', 'medium_url': 'https://images4-f.ravelrycache.com/uploads/ctrteresa/884788539/3A09E4D5-4E0C-4F1F-99F5-B8653285F288_medium.jpeg', 'thumbnail_url': 'https://images4-f.ravelrycache.com/uploads/ctrteresa/884788539/3A09E4D5-4E0C-4F1F-99F5-B8653285F288_thumbnail.jpeg', 'small_url': 'https://images4-f.ravelrycache.com/uploads/ctrteresa/884788539/3A09E4D5-4E0C-4F1F-99F5-B8653285F288_small.jpeg', 'flickr_url': None, 'shelved_url': 'https://images4-g.ravelrycache.com/uploads/ctrteresa/884788539/3A09E4D5-4E0C-4F1F-99F5-B8653285F288_shelved.jpeg', 'medium2_url': 'https://images4-a.ravelrycache.com/uploads/ctrteresa/884788539/3A09E4D5-4E0C-4F1F-99F5-B8653285F288_medium2.jpeg', 'small2_url': 'https://images4-g.ravelrycache.com/uploads/ctrteresa/884788539/3A09E4D5-4E0C-4F1F-99F5-B8653285F288_small2.jpeg', 'caption': None, 'caption_html': None, 'copyright_holder': None}, {'id': 116825180, 'sort_order': 8, 'user_id': 1170551, 'x_offset': -5, 'y_offset': -35, 'square_url': 'https://images4-f.ravelrycache.com/uploads/janistutor/886367190/E83A2305-4CBD-4F0C-94A0-17AD3C8BCF0F_square.heic', 'medium_url': 'https://images4-f.ravelrycache.com/uploads/janistutor/886367190/E83A2305-4CBD-4F0C-94A0-17AD3C8BCF0F_medium.heic', 'thumbnail_url': 'https://images4-g.ravelrycache.com/uploads/janistutor/886367190/E83A2305-4CBD-4F0C-94A0-17AD3C8BCF0F_thumbnail.heic', 'small_url': 'https://images4-g.ravelrycache.com/uploads/janistutor/886367190/E83A2305-4CBD-4F0C-94A0-17AD3C8BCF0F_small.heic', 'flickr_url': None, 'shelved_url': 'https://images4-f.ravelrycache.com/uploads/janistutor/886367190/E83A2305-4CBD-4F0C-94A0-17AD3C8BCF0F_shelved.heic', 'medium2_url': 'https://images4-a.ravelrycache.com/uploads/janistutor/886367190/E83A2305-4CBD-4F0C-94A0-17AD3C8BCF0F_medium2.heic', 'small2_url': 'https://images4-g.ravelrycache.com/uploads/janistutor/886367190/E83A2305-4CBD-4F0C-94A0-17AD3C8BCF0F_small2.heic', 'caption': None, 'caption_html': None, 'copyright_holder': None}, {'id': 117109390, 'sort_order': 9, 'user_id': 6753142, 'x_offset': 0, 'y_offset': -22, 'square_url': 'https://images4-g.ravelrycache.com/uploads/Kwmathern/887245497/95D6B043-45AB-405E-8A94-91013FBBF8C2_square.jpeg', 'medium_url': 'https://images4-g.ravelrycache.com/uploads/Kwmathern/887245497/95D6B043-45AB-405E-8A94-91013FBBF8C2_medium.jpeg', 'thumbnail_url': 'https://images4-f.ravelrycache.com/uploads/Kwmathern/887245497/95D6B043-45AB-405E-8A94-91013FBBF8C2_thumbnail.jpeg', 'small_url': 'https://images4-f.ravelrycache.com/uploads/Kwmathern/887245497/95D6B043-45AB-405E-8A94-91013FBBF8C2_small_best_fit.jpeg', 'flickr_url': None, 'shelved_url': 'https://images4-g.ravelrycache.com/uploads/Kwmathern/887245497/95D6B043-45AB-405E-8A94-91013FBBF8C2_shelved.jpeg', 'medium2_url': 'https://images4-a.ravelrycache.com/uploads/Kwmathern/887245497/95D6B043-45AB-405E-8A94-91013FBBF8C2_medium2.jpeg', 'small2_url': 'https://images4-f.ravelrycache.com/uploads/Kwmathern/887245497/95D6B043-45AB-405E-8A94-91013FBBF8C2_small2.jpeg', 'caption': None, 'caption_html': None, 'copyright_holder': None}]"
Classic Colorblock,Jennifer L Parroccini,1283734,https://www.ravelry.com/patterns/library/classic-colorblock,False,https://images4-a.ravelrycache.com/uploads/JPKnitsThings/884234092/Jen_P_Design_s_-86_medium2.jpg,Knitting,"['female', 'adult', 'fitted', 'lace', 'ribbed', 'seamed', 'crew-neck', 'long-sleeve', 'set-in-sleeve', 'aline', 'selvedge', 'bottom-up', 'positive-ease', 'chart', 'written-pattern', 'cropped', 'worked-flat', 'other-colorwork', 'appliqued', 'schematic']",23.0,3.4,True,4.0,Stockinette knit flat,pullover,Fingering,20,5.0,"1 (2, 3, 4, 5) (6, 7, 8) (9, 10, 11, 12)","[{'id': 116431301, 'sort_order': 1, 'user_id': 487801, 'x_offset': 0, 'y_offset': -43, 'square_url': 'https://images4-f.ravelrycache.com/uploads/JPKnitsThings/884234092/Jen_P_Design_s_-86_square.jpg', 'medium_url': 'https://images4-g.ravelrycache.com/uploads/JPKnitsThings/884234092/Jen_P_Design_s_-86_medium.jpg', 'thumbnail_url': 'https://images4-f.ravelrycache.com/uploads/JPKnitsThings/884234092/Jen_P_Design_s_-86_thumbnail.jpg', 'small_url': 'https://images4-f.ravelrycache.com/uploads/JPKnitsThings/884234092/Jen_P_Design_s_-86_small_best_fit.jpg', 'flickr_url': None, 'shelved_url': 'https://images4-g.ravelrycache.com/uploads/JPKnitsThings/884234092/Jen_P_Design_s_-86_shelved.jpg', 'medium2_url': 'https://images4-a.ravelrycache.com/uploads/JPKnitsThings/884234092/Jen_P_Design_s_-86_medium2.jpg', 'small2_url': 'https://images4-f.ravelrycache.com/uploads/JPKnitsThings/884234092/Jen_P_Design_s_-86_small2.jpg', 'caption': None, 'caption_html': None, 'copyright_holder': None}, {'id': 116431302, 'sort_order': 2, 'user_id': 487801, 'x_offset': 0, 'y_offset': -43, 'square_url': 'https://images4-g.ravelrycache.com/uploads/JPKnitsThings/884234068/Jen_P_Design_s_-89_square.jpg', 'medium_url': 'https://images4-f.ravelrycache.com/uploads/JPKnitsThings/884234068/Jen_P_Design_s_-89_medium.jpg', 'thumbnail_url': 'https://images4-g.ravelrycache.com/uploads/JPKnitsThings/884234068/Jen_P_Design_s_-89_thumbnail.jpg', 'small_url': 'https://images4-f.ravelrycache.com/uploads/JPKnitsThings/884234068/Jen_P_Design_s_-89_small_best_fit.jpg', 'flickr_url': None, 'shelved_url': 'https://images4-g.ravelrycache.com/uploads/JPKnitsThings/884234068/Jen_P_Design_s_-89_shelved.jpg', 'medium2_url': 'https://images4-a.ravelrycache.com/uploads/JPKnitsThings/884234068/Jen_P_Design_s_-89_medium2.jpg', 'small2_url': 'https://images4-g.ravelrycache.com/uploads/JPKnitsThings/884234068/Jen_P_Design_s_-89_small2.jpg', 'caption': None, 'caption_html': None, 'copyright_holder': None}, {'id': 116431303, 'sort_order': 3, 'user_id': 487801, 'x_offset': 0, 'y_offset': 0, 'square_url': 'https://images4-f.ravelrycache.com/uploads/JPKnitsThings/884234093/Jen_P_Design_s_-95_square.jpg', 'medium_url': 'https://images4-g.ravelrycache.com/uploads/JPKnitsThings/884234093/Jen_P_Design_s_-95_medium.jpg', 'thumbnail_url': 'https://images4-g.ravelrycache.com/uploads/JPKnitsThings/884234093/Jen_P_Design_s_-95_thumbnail.jpg', 'small_url': 'https://images4-g.ravelrycache.com/uploads/JPKnitsThings/884234093/Jen_P_Design_s_-95_small_best_fit.jpg', 'flickr_url': None, 'shelved_url': 'https://images4-f.ravelrycache.com/uploads/JPKnitsThings/884234093/Jen_P_Design_s_-95_shelved.jpg', 'medium2_url': 'https://images4-a.ravelrycache.com/uploads/JPKnitsThings/884234093/Jen_P_Design_s_-95_medium2.jpg', 'small2_url': 'https://images4-f.ravelrycache.com/uploads/JPKnitsThings/884234093/Jen_P_Design_s_-95_small2.jpg', 'caption': None, 'caption_html': None, 'copyright_holder': None}, {'id': 116431304, 'sort_order': 4, 'user_id': 487801, 'x_offset': -1, 'y_offset': -35, 'square_url': 'https://images4-g.ravelrycache.com/uploads/JPKnitsThings/884234079/Jen_P_Design_s_-97_square.jpg', 'medium_url': 'https://images4-f.ravelrycache.com/uploads/JPKnitsThings/884234079/Jen_P_Design_s_-97_medium.jpg', 'thumbnail_url': 'https://images4-f.ravelrycache.com/uploads/JPKnitsThings/884234079/Jen_P_Design_s_-97_thumbnail.jpg', 'small_url': 'https://images4-g.ravelrycache.com/uploads/JPKnitsThings/884234079/Jen_P_Design_s_-97_small.jpg', 'flickr_url': None, 'shelved_url': 'https://images4-g.ravelrycache.com/uploads/JPKnitsThings/884234079/Jen_P_Design_s_-97_shelved.jpg', 'medium2_url': 'https://images4-a.ravelrycache.com/uploads/JPKnitsThings/884234079/Jen_P_Design_s_-97_medium2.jpg', 'small2_url': 'https://images4-g.ravelrycache.com/uploads/JPKnitsThings/884234079/Jen_P_Design_s_-97_small2.jpg', 'caption': None, 'caption_html': None, 'copyright_holder': None}, {'id': 116431305, 'sort_order': 5, 'user_id': 487801, 'x_offset': 0, 'y_offset': -22, 'square_url': 'https://images4-f.ravelrycache.com/uploads/JPKnitsThings/884234085/Jen_P_Design_s_-92_square.jpg', 'medium_url': 'https://images4-g.ravelrycache.com/uploads/JPKnitsThings/884234085/Jen_P_Design_s_-92_medium.jpg', 'thumbnail_url': 'https://images4-f.ravelrycache.com/uploads/JPKnitsThings/884234085/Jen_P_Design_s_-92_thumbnail.jpg', 'small_url': 'https://images4-g.ravelrycache.com/uploads/JPKnitsThings/884234085/Jen_P_Design_s_-92_small_best_fit.jpg', 'flickr_url': None, 'shelved_url': 'https://images4-f.ravelrycache.com/uploads/JPKnitsThings/884234085/Jen_P_Design_s_-92_shelved.jpg', 'medium2_url': 'https://images4-a.ravelrycache.com/uploads/JPKnitsThings/884234085/Jen_P_Design_s_-92_medium2.jpg', 'small2_url': 'https://images4-f.ravelrycache.com/uploads/JPKnitsThings/884234085/Jen_P_Design_s_-92_small2.jpg', 'caption': None, 'caption_html': None, 'copyright_holder': None}, {'id': 116431306, 'sort_order': 6, 'user_id': 487801, 'x_offset': 0, 'y_offset': -43, 'square_url': 'https://images4-g.ravelrycache.com/uploads/JPKnitsThings/884234071/Jen_P_Design_s_-90_square.jpg', 'medium_url': 'https://images4-f.ravelrycache.com/uploads/JPKnitsThings/884234071/Jen_P_Design_s_-90_medium.jpg', 'thumbnail_url': 'https://images4-f.ravelrycache.com/uploads/JPKnitsThings/884234071/Jen_P_Design_s_-90_thumbnail.jpg', 'small_url': 'https://images4-f.ravelrycache.com/uploads/JPKnitsThings/884234071/Jen_P_Design_s_-90_small_best_fit.jpg', 'flickr_url': None, 'shelved_url': 'https://images4-g.ravelrycache.com/uploads/JPKnitsThings/884234071/Jen_P_Design_s_-90_shelved.jpg', 'medium2_url': 'https://images4-a.ravelrycache.com/uploads/JPKnitsThings/884234071/Jen_P_Design_s_-90_medium2.jpg', 'small2_url': 'https://images4-g.ravelrycache.com/uploads/JPKnitsThings/884234071/Jen_P_Design_s_-90_small2.jpg', 'caption': None, 'caption_html': None, 'copyright_holder': None}, {'id': 116431307, 'sort_order': 7, 'user_id': 487801, 'x_offset': 0, 'y_offset': -43, 'square_url': 'https://images4-f.ravelrycache.com/uploads/JPKnitsThings/884234101/Jen_P_Design_s_-88_square.jpg', 'medium_url': 'https://images4-g.ravelrycache.com/uploads/JPKnitsThings/884234101/Jen_P_Design_s_-88_medium.jpg', 'thumbnail_url': 'https://images4-f.ravelrycache.com/uploads/JPKnitsThings/884234101/Jen_P_Design_s_-88_thumbnail.jpg', 'small_url': 'https://images4-g.ravelrycache.com/uploads/JPKnitsThings/884234101/Jen_P_Design_s_-88_small_best_fit.jpg', 'flickr_url': None, 'shelved_url': 'https://images4-g.ravelrycache.com/uploads/JPKnitsThings/884234101/Jen_P_Design_s_-88_shelved.jpg', 'medium2_url': 'https://images4-a.ravelrycache.com/uploads/JPKnitsThings/884234101/Jen_P_Design_s_-88_medium2.jpg', 'small2_url': 'https://images4-f.ravelrycache.com/uploads/JPKnitsThings/884234101/Jen_P_Design_s_-88_small2.jpg', 'caption': None, 'caption_html': None, 'copyright_holder': None}, {'id': 116431308, 'sort_order': 8, 'user_id': 487801, 'x_offset': 1, 'y_offset': -47, 'square_url': 'https://images4-g.ravelrycache.com/uploads/JPKnitsThings/884234074/Jen_P_Design_s_-87_square.jpg', 'medium_url': 'https://images4-f.ravelrycache.com/uploads/JPKnitsThings/884234074/Jen_P_Design_s_-87_medium.jpg', 'thumbnail_url': 'https://images4-g.ravelrycache.com/uploads/JPKnitsThings/884234074/Jen_P_Design_s_-87_thumbnail.jpg', 'small_url': 'https://images4-g.ravelrycache.com/uploads/JPKnitsThings/884234074/Jen_P_Design_s_-87_small_best_fit.jpg', 'flickr_url': None, 'shelved_url': 'https://images4-f.ravelrycache.com/uploads/JPKnitsThings/884234074/Jen_P_Design_s_-87_shelved.jpg', 'medium2_url': 'https://images4-a.ravelrycache.com/uploads/JPKnitsThings/884234074/Jen_P_Design_s_-87_medium2.jpg', 'small2_url': 'https://images4-g.ravelrycache.com/uploads/JPKnitsThings/884234074/Jen_P_Design_s_-87_small2.jpg', 'caption': None, 'caption_html': None, 'copyright_holder': None}, {'id': 116431309, 'sort_order': 9, 'user_id': 487801, 'x_offset': -1, 'y_offset': -35, 'square_url': 'https://images4-g.ravelrycache.com/uploads/JPKnitsThings/884234078/Jen_P_Design_s_-99_square.jpg', 'medium_url': 'https://images4-f.ravelrycache.com/uploads/JPKnitsThings/884234078/Jen_P_Design_s_-99_medium.jpg', 'thumbnail_url': 'https://images4-f.ravelrycache.com/uploads/JPKnitsThings/884234078/Jen_P_Design_s_-99_thumbnail.jpg', 'small_url': 'https://images4-f.ravelrycache.com/uploads/JPKnitsThings/884234078/Jen_P_Design_s_-99_small.jpg', 'flickr_url': None, 'shelved_url': 'https://images4-f.ravelrycache.com/uploads/JPKnitsThings/884234078/Jen_P_Design_s_-99_shelved.jpg', 'medium2_url': 'https://images4-a.ravelrycache.com/uploads/JPKnitsThings/884234078/Jen_P_Design_s_-99_medium2.jpg', 'small2_url': 'https://images4-g.ravelrycache.com/uploads/JPKnitsThings/884234078/Jen_P_Design_s_-99_small2.jpg', 'caption': None, 'caption_html': None, 'copyright_holder': None}, {'id': 116431310, 'sort_order': 10, 'user_id': 487801, 'x_offset': -1, 'y_offset': -71, 'square_url': 'https://images4-g.ravelrycache.com/uploads/JPKnitsThings/884234086/Jen_P_Design_s_-98_square.jpg', 'medium_url': 'https://images4-f.ravelrycache.com/uploads/JPKnitsThings/884234086/Jen_P_Design_s_-98_medium.jpg', 'thumbnail_url': 'https://images4-f.ravelrycache.com/uploads/JPKnitsThings/884234086/Jen_P_Design_s_-98_thumbnail.jpg', 'small_url': 'https://images4-g.ravelrycache.com/uploads/JPKnitsThings/884234086/Jen_P_Design_s_-98_small.jpg', 'flickr_url': None, 'shelved_url': 'https://images4-g.ravelrycache.com/uploads/JPKnitsThings/884234086/Jen_P_Design_s_-98_shelved.jpg', 'medium2_url': 'https://images4-a.ravelrycache.com/uploads/JPKnitsThings/884234086/Jen_P_Design_s_-98_medium2.jpg', 'small2_url': 'https://images4-g.ravelrycache.com/uploads/JPKnitsThings/884234086/Jen_P_Design_s_-98_small2.jpg', 'caption': None, 'caption_html': None, 'copyright_holder': None}]"
Cité,Faïza Mebazaa,1284088,https://www.ravelry.com/patterns/library/cite-4,False,https://images4-a.ravelrycache.com/uploads/lainemagazine/884055692/NQmtVwJk_medium2.jpeg,Knitting,"['ribbed', 'textured', '3-4-sleeve', 'seamless', 'bottom-up', 'written-pattern', 'worked-flat', 'three-needle-bind', 'boat-neck', 'Intarsia']",14.5,0.0,True,4.0,st st,pullover,Aran,13,0.0,"1 (2, 3, 4, 5) (6, 7, 8, 9)","[{'id': 116456702, 'sort_order': 1, 'user_id': 6870824, 'x_offset': 0, 'y_offset': -85, 'square_url': 'https://images4-g.ravelrycache.com/uploads/lainemagazine/884055692/NQmtVwJk_square.jpeg', 'medium_url': 'https://images4-g.ravelrycache.com/uploads/lainemagazine/884055692/NQmtVwJk_medium.jpeg', 'thumbnail_url': 'https://images4-g.ravelrycache.com/uploads/lainemagazine/884055692/NQmtVwJk_thumbnail.jpeg', 'small_url': 'https://images4-f.ravelrycache.com/uploads/lainemagazine/884055692/NQmtVwJk_small_best_fit.jpeg', 'flickr_url': None, 'shelved_url': 'https://images4-f.ravelrycache.com/uploads/lainemagazine/884055692/NQmtVwJk_shelved.jpeg', 'medium2_url': 'https://images4-a.ravelrycache.com/uploads/lainemagazine/884055692/NQmtVwJk_medium2.jpeg', 'small2_url': 'https://images4-f.ravelrycache.com/uploads/lainemagazine/884055692/NQmtVwJk_small2.jpeg', 'caption': None, 'caption_html': None, 'copyright_holder': 'Laine Publishing'}, {'id': 116456703, 'sort_order': 2, 'user_id': 6870824, 'x_offset': 0, 'y_offset': -75, 'square_url': 'https://images4-f.ravelrycache.com/uploads/lainemagazine/884055689/0CW0LN98_square.jpeg', 'medium_url': 'https://images4-f.ravelrycache.com/uploads/lainemagazine/884055689/0CW0LN98_medium.jpeg', 'thumbnail_url': 'https://images4-g.ravelrycache.com/uploads/lainemagazine/884055689/0CW0LN98_thumbnail.jpeg', 'small_url': 'https://images4-f.ravelrycache.com/uploads/lainemagazine/884055689/0CW0LN98_small_best_fit.jpeg', 'flickr_url': None, 'shelved_url': 'https://images4-g.ravelrycache.com/uploads/lainemagazine/884055689/0CW0LN98_shelved.jpeg', 'medium2_url': 'https://images4-a.ravelrycache.com/uploads/lainemagazine/884055689/0CW0LN98_medium2.jpeg', 'small2_url': 'https://images4-g.ravelrycache.com/uploads/lainemagazine/884055689/0CW0LN98_small2.jpeg', 'caption': None, 'caption_html': None, 'copyright_holder': 'Laine Publishing'}, {'id': 116456704, 'sort_order': 3, 'user_id': 6870824, 'x_offset': -43, 'y_offset': -1, 'square_url': 'https://images4-g.ravelrycache.com/uploads/lainemagazine/884055690/x7jmZqu4_square.jpeg', 'medium_url': 'https://images4-g.ravelrycache.com/uploads/lainemagazine/884055690/x7jmZqu4_medium.jpeg', 'thumbnail_url': 'https://images4-g.ravelrycache.com/uploads/lainemagazine/884055690/x7jmZqu4_thumbnail.jpeg', 'small_url': 'https://images4-g.ravelrycache.com/uploads/lainemagazine/884055690/x7jmZqu4_small_best_fit.jpeg', 'flickr_url': None, 'shelved_url': 'https://images4-f.ravelrycache.com/uploads/lainemagazine/884055690/x7jmZqu4_shelved.jpeg', 'medium2_url': 'https://images4-a.ravelrycache.com/uploads/lainemagazine/884055690/x7jmZqu4_medium2.jpeg', 'small2_url': 'https://images4-f.ravelrycache.com/uploads/lainemagazine/884055690/x7jmZqu4_small2.jpeg', 'caption': None, 'caption_html': None, 'copyright_holder': 'Laine Publishing'}, {'id': 116456705, 'sort_order': 4, 'user_id': 6870824, 'x_offset': -4, 'y_offset': -5, 'square_url': 'https://images4-g.ravelrycache.com/uploads/lainemagazine/884055691/debbm5VU_square.jpeg', 'medium_url': 'https://images4-g.ravelrycache.com/uploads/lainemagazine/884055691/debbm5VU_medium.jpeg', 'thumbnail_url': 'https://images4-f.ravelrycache.com/uploads/lainemagazine/884055691/debbm5VU_thumbnail.jpeg', 'small_url': 'https://images4-f.ravelrycache.com/uploads/lainemagazine/884055691/debbm5VU_small_best_fit.jpeg', 'flickr_url': None, 'shelved_url': 'https://images4-g.ravelrycache.com/uploads/lainemagazine/884055691/debbm5VU_shelved.jpeg', 'medium2_url': 'https://images4-a.ravelrycache.com/uploads/lainemagazine/884055691/debbm5VU_medium2.jpeg', 'small2_url': 'https://images4-f.ravelrycache.com/uploads/lainemagazine/884055691/debbm5VU_small2.jpeg', 'caption': None, 'caption_html': None, 'copyright_holder': 'Laine Publishing'}]"
True Stripes,Sylvia Watts-Cherry,1284101,https://www.ravelry.com/patterns/library/true-stripes,False,https://images4-a.ravelrycache.com/uploads/lainemagazine/883658611/iIMe7dVg_medium2.jpeg,Knitting,"['stripes', 'patch-pocket', 'seamed', 'bottom-up', 'written-pattern', 'worked-flat']",18.0,0.0,False,4.0,"on US 8 / 5 mm needles in Garter Stitch, after blocking. ",pullover,Worsted,5,0.0,"1 (2, 3, 4, 5) (6, 7, 8)","[{'id': 116456814, 'sort_order': 1, 'user_id': 6870824, 'x_offset': -5, 'y_offset': -35, 'square_url': 'https://images4-g.ravelrycache.com/uploads/lainemagazine/883658611/iIMe7dVg_square.jpeg', 'medium_url': 'https://images4-g.ravelrycache.com/uploads/lainemagazine/883658611/iIMe7dVg_medium.jpeg', 'thumbnail_url': 'https://images4-g.ravelrycache.com/uploads/lainemagazine/883658611/iIMe7dVg_thumbnail.jpeg', 'small_url': 'https://images4-g.ravelrycache.com/uploads/lainemagazine/883658611/iIMe7dVg_small.jpeg', 'flickr_url': None, 'shelved_url': 'https://images4-f.ravelrycache.com/uploads/lainemagazine/883658611/iIMe7dVg_shelved.jpeg', 'medium2_url': 'https://images4-a.ravelrycache.com/uploads/lainemagazine/883658611/iIMe7dVg_medium2.jpeg', 'small2_url': 'https://images4-f.ravelrycache.com/uploads/lainemagazine/883658611/iIMe7dVg_small2.jpeg', 'caption': None, 'caption_html': None, 'copyright_holder': 'Laine Publishing'}, {'id': 116456815, 'sort_order': 2, 'user_id': 6870824, 'x_offset': -6, 'y_offset': -19, 'square_url': 'https://images4-g.ravelrycache.com/uploads/lainemagazine/883658609/fH2Oh6BD_square.jpeg', 'medium_url': 'https://images4-g.ravelrycache.com/uploads/lainemagazine/883658609/fH2Oh6BD_medium.jpeg', 'thumbnail_url': 'https://images4-g.ravelrycache.com/uploads/lainemagazine/883658609/fH2Oh6BD_thumbnail.jpeg', 'small_url': 'https://images4-f.ravelrycache.com/uploads/lainemagazine/883658609/fH2Oh6BD_small.jpeg', 'flickr_url': None, 'shelved_url': 'https://images4-g.ravelrycache.com/uploads/lainemagazine/883658609/fH2Oh6BD_shelved.jpeg', 'medium2_url': 'https://images4-a.ravelrycache.com/uploads/lainemagazine/883658609/fH2Oh6BD_medium2.jpeg', 'small2_url': 'https://images4-f.ravelrycache.com/uploads/lainemagazine/883658609/fH2Oh6BD_small2.jpeg', 'caption': None, 'caption_html': None, 'copyright_holder': 'Laine Publishing'}, {'id': 116456816, 'sort_order': 3, 'user_id': 6870824, 'x_offset': -6, 'y_offset': -6, 'square_url': 'https://images4-f.ravelrycache.com/uploads/lainemagazine/883658610/8i93NnYA_square.jpeg', 'medium_url': 'https://images4-f.ravelrycache.com/uploads/lainemagazine/883658610/8i93NnYA_medium.jpeg', 'thumbnail_url': 'https://images4-f.ravelrycache.com/uploads/lainemagazine/883658610/8i93NnYA_thumbnail.jpeg', 'small_url': 'https://images4-f.ravelrycache.com/uploads/lainemagazine/883658610/8i93NnYA_small.jpeg', 'flickr_url': None, 'shelved_url': 'https://images4-f.ravelrycache.com/uploads/lainemagazine/883658610/8i93NnYA_shelved.jpeg', 'medium2_url': 'https://images4-a.ravelrycache.com/uploads/lainemagazine/883658610/8i93NnYA_medium2.jpeg', 'small2_url': 'https://images4-g.ravelrycache.com/uploads/lainemagazine/883658610/8i93NnYA_small2.jpeg', 'caption': None, 'caption_html': None, 'copyright_holder': 'Laine Publishing'}]"
Forestier,Anne B Hanssen,1284224,https://www.ravelry.com/patterns/library/forestier,False,https://images4-a.ravelrycache.com/uploads/asmaloy/884557525/IMG_4515__1__medium2.JPG,Knitting,"['toddler', 'child', 'cables', 'textured', 'crew-neck', 'long-sleeve', 'straight', 'bottom-up', 'chart', 'written-pattern', 'worked-flat', 'in-the-round', 'schematic']",26.0,2.0,True,4.0,Double moss-st and the stitch-patterns,child,DK,8,5.0,"5 sizes to choose from, from 2 years - 12 years.  Read further below.","[{'id': 116470290, 'sort_order': 1, 'user_id': 1158678, 'x_offset': -5, 'y_offset': -35, 'square_url': 'https://images4-g.ravelrycache.com/uploads/asmaloy/884557525/IMG_4515__1__square.JPG', 'medium_url': 'https://images4-f.ravelrycache.com/uploads/asmaloy/884557525/IMG_4515__1__medium.JPG', 'thumbnail_url': 'https://images4-f.ravelrycache.com/uploads/asmaloy/884557525/IMG_4515__1__thumbnail.JPG', 'small_url': 'https://images4-f.ravelrycache.com/uploads/asmaloy/884557525/IMG_4515__1__small.JPG', 'flickr_url': None, 'shelved_url': 'https://images4-g.ravelrycache.com/uploads/asmaloy/884557525/IMG_4515__1__shelved.JPG', 'medium2_url': 'https://images4-a.ravelrycache.com/uploads/asmaloy/884557525/IMG_4515__1__medium2.JPG', 'small2_url': 'https://images4-g.ravelrycache.com/uploads/asmaloy/884557525/IMG_4515__1__small2.JPG', 'caption': None, 'caption_html': None, 'copyright_holder': None}, {'id': 116462287, 'sort_order': 2, 'user_id': 1158678, 'x_offset': -5, 'y_offset': -35, 'square_url': 'https://images4-f.ravelrycache.com/uploads/asmaloy/884493871/IMG_4511__1__square.jpg', 'medium_url': 'https://images4-g.ravelrycache.com/uploads/asmaloy/884493871/IMG_4511__1__medium.jpg', 'thumbnail_url': 'https://images4-g.ravelrycache.com/uploads/asmaloy/884493871/IMG_4511__1__thumbnail.jpg', 'small_url': 'https://images4-f.ravelrycache.com/uploads/asmaloy/884493871/IMG_4511__1__small.jpg', 'flickr_url': None, 'shelved_url': 'https://images4-g.ravelrycache.com/uploads/asmaloy/884493871/IMG_4511__1__shelved.jpg', 'medium2_url': 'https://images4-a.ravelrycache.com/uploads/asmaloy/884493871/IMG_4511__1__medium2.jpg', 'small2_url': 'https://images4-f.ravelrycache.com/uploads/asmaloy/884493871/IMG_4511__1__small2.jpg', 'caption': None, 'caption_html': None, 'copyright_holder': None}, {'id': 116462284, 'sort_order': 3, 'user_id': 1158678, 'x_offset': -5, 'y_offset': -35, 'square_url': 'https://images4-f.ravelrycache.com/uploads/asmaloy/884494112/IMG_4495_square.jpg', 'medium_url': 'https://images4-g.ravelrycache.com/uploads/asmaloy/884494112/IMG_4495_medium.jpg', 'thumbnail_url': 'https://images4-f.ravelrycache.com/uploads/asmaloy/884494112/IMG_4495_thumbnail.jpg', 'small_url': 'https://images4-g.ravelrycache.com/uploads/asmaloy/884494112/IMG_4495_small.jpg', 'flickr_url': None, 'shelved_url': 'https://images4-f.ravelrycache.com/uploads/asmaloy/884494112/IMG_4495_shelved.jpg', 'medium2_url': 'https://images4-a.ravelrycache.com/uploads/asmaloy/884494112/IMG_4495_medium2.jpg', 'small2_url': 'https://images4-f.ravelrycache.com/uploads/asmaloy/884494112/IMG_4495_small2.jpg', 'caption': None, 'caption_html': None, 'copyright_holder': None}, {'id': 119423970, 'sort_order': 4, 'user_id': 171527, 'x_offset': -5, 'y_offset': -35, 'square_url': 'https://images4-g.ravelrycache.com/uploads/eaumaison/907544295/2AFEA8F9-77E6-4352-8C4C-055172A0EE36_square.jpeg', 'medium_url': 'https://images4-g.ravelrycache.com/uploads/eaumaison/907544295/2AFEA8F9-77E6-4352-8C4C-055172A0EE36_medium.jpeg', 'thumbnail_url': 'https://images4-f.ravelrycache.com/uploads/eaumaison/907544295/2AFEA8F9-77E6-4352-8C4C-055172A0EE36_thumbnail.jpeg', 'small_url': 'https://images4-f.ravelrycache.com/uploads/eaumaison/907544295/2AFEA8F9-77E6-4352-8C4C-055172A0EE36_small.jpeg', 'flickr_url': None, 'shelved_url': 'https://images4-f.ravelrycache.com/uploads/eaumaison/907544295/2AFEA8F9-77E6-4352-8C4C-055172A0EE36_shelved.jpeg', 'medium2_url': 'https://images4-a.ravelrycache.com/uploads/eaumaison/907544295/2AFEA8F9-77E6-4352-8C4C-055172A0EE36_medium2.jpeg', 'small2_url': 'https://images4-f.ravelrycache.com/uploads/eaumaison/907544295/2AFEA8F9-77E6-4352-8C4C-055172A0EE36_small2.jpeg', 'caption': None, 'caption_html': None, 'copyright_holder': None}, {'id': 116462281, 'sort_order': 5, 'user_id': 1158678, 'x_offset': 0, 'y_offset': 0, 'square_url': 'https://images4-g.ravelrycache.com/uploads/asmaloy/884494192/IMG_4500_square.jpg', 'medium_url': 'https://images4-f.ravelrycache.com/uploads/asmaloy/884494192/IMG_4500_medium.jpg', 'thumbnail_url': 'https://images4-g.ravelrycache.com/uploads/asmaloy/884494192/IMG_4500_thumbnail.jpg', 'small_url': 'https://images4-g.ravelrycache.com/uploads/asmaloy/884494192/IMG_4500_small_best_fit.jpg', 'flickr_url': None, 'shelved_url': 'https://images4-g.ravelrycache.com/uploads/asmaloy/884494192/IMG_4500_shelved.jpg', 'medium2_url': 'https://images4-a.ravelrycache.com/uploads/asmaloy/884494192/IMG_4500_medium2.jpg', 'small2_url': 'https://images4-g.ravelrycache.com/uploads/asmaloy/884494192/IMG_4500_small2.jpg', 'caption': None, 'caption_html': None, 'copyright_holder': None}, {'id': 116462282, 'sort_order': 6, 'user_id': 1158678, 'x_offset': -5, 'y_offset': -35, 'square_url': 'https://images4-f.ravelrycache.com/uploads/asmaloy/884493989/IMG_4513_square.jpg', 'medium_url': 'https://images4-g.ravelrycache.com/uploads/asmaloy/884493989/IMG_4513_medium.jpg', 'thumbnail_url': 'https://images4-f.ravelrycache.com/uploads/asmaloy/884493989/IMG_4513_thumbnail.jpg', 'small_url': 'https://images4-f.ravelrycache.com/uploads/asmaloy/884493989/IMG_4513_small.jpg', 'flickr_url': None, 'shelved_url': 'https://images4-f.ravelrycache.com/uploads/asmaloy/884493989/IMG_4513_shelved.jpg', 'medium2_url': 'https://images4-a.ravelrycache.com/uploads/asmaloy/884493989/IMG_4513_medium2.jpg', 'small2_url': 'https://images4-f.ravelrycache.com/uploads/asmaloy/884493989/IMG_4513_small2.jpg', 'caption': None, 'caption_html': None, 'copyright_holder': None}, {'id': 116462280, 'sort_order': 7, 'user_id': 1158678, 'x_offset': -5, 'y_offset': -35, 'square_url': 'https://images4-f.ravelrycache.com/uploads/asmaloy/884493963/IMG_4510_square.jpg', 'medium_url': 'https://images4-g.ravelrycache.com/uploads/asmaloy/884493963/IMG_4510_medium.jpg', 'thumbnail_url': 'https://images4-g.ravelrycache.com/uploads/asmaloy/884493963/IMG_4510_thumbnail.jpg', 'small_url': 'https://images4-f.ravelrycache.com/uploads/asmaloy/884493963/IMG_4510_small.jpg', 'flickr_url': None, 'shelved_url': 'https://images4-g.ravelrycache.com/uploads/asmaloy/884493963/IMG_4510_shelved.jpg', 'medium2_url': 'https://images4-a.ravelrycache.com/uploads/asmaloy/884493963/IMG_4510_medium2.jpg', 'small2_url': 'https://images4-f.ravelrycache.com/uploads/asmaloy/884493963/IMG_4510_small2.jpg', 'caption': None, 'caption_html': None, 'copyright_holder': None}, {'id': 116462283, 'sort_order': 8, 'user_id': 1158678, 'x_offset': 0, 'y_offset': 0, 'square_url': 'https://images4-g.ravelrycache.com/uploads/asmaloy/884494217/IMG_4501_square.jpg', 'medium_url': 'https://images4-f.ravelrycache.com/uploads/asmaloy/884494217/IMG_4501_medium.jpg', 'thumbnail_url': 'https://images4-g.ravelrycache.com/uploads/asmaloy/884494217/IMG_4501_thumbnail.jpg', 'small_url': 'https://images4-f.ravelrycache.com/uploads/asmaloy/884494217/IMG_4501_small_best_fit.jpg', 'flickr_url': None, 'shelved_url': 'https://images4-g.ravelrycache.com/uploads/asmaloy/884494217/IMG_4501_shelved.jpg', 'medium2_url': 'https://images4-a.ravelrycache.com/uploads/asmaloy/884494217/IMG_4501_medium2.jpg', 'small2_url': 'https://images4-g.ravelrycache.com/uploads/asmaloy/884494217/IMG_4501_small2.jpg', 'caption': None, 'caption_html': None, 'copyright_holder': None}, {'id': 116462285, 'sort_order': 9, 'user_id': 1158678, 'x_offset': -5, 'y_offset': -35, 'square_url': 'https://images4-f.ravelrycache.com/uploads/asmaloy/884494020/IMG_4505_square.jpg', 'medium_url': 'https://images4-g.ravelrycache.com/uploads/asmaloy/884494020/IMG_4505_medium.jpg', 'thumbnail_url': 'https://images4-g.ravelrycache.com/uploads/asmaloy/884494020/IMG_4505_thumbnail.jpg', 'small_url': 'https://images4-g.ravelrycache.com/uploads/asmaloy/884494020/IMG_4505_small.jpg', 'flickr_url': None, 'shelved_url': 'https://images4-g.ravelrycache.com/uploads/asmaloy/884494020/IMG_4505_shelved.jpg', 'medium2_url': 'https://images4-a.ravelrycache.com/uploads/asmaloy/884494020/IMG_4505_medium2.jpg', 'small2_url': 'https://images4-f.ravelrycache.com/uploads/asmaloy/884494020/IMG_4505_small2.jpg', 'caption': None, 'caption_html': None, 'copyright_holder': None}, {'id': 116462286, 'sort_order': 10, 'user_id': 1158678, 'x_offset': -5, 'y_offset': -35, 'square_url': 'https://images4-f.ravelrycache.com/uploads/asmaloy/884493937/IMG_4496_square.jpg', 'medium_url': 'https://images4-g.ravelrycache.com/uploads/asmaloy/884493937/IMG_4496_medium.jpg', 'thumbnail_url': 'https://images4-g.ravelrycache.com/uploads/asmaloy/884493937/IMG_4496_thumbnail.jpg', 'small_url': 'https://images4-f.ravelrycache.com/uploads/asmaloy/884493937/IMG_4496_small.jpg', 'flickr_url': None, 'shelved_url': 'https://images4-g.ravelrycache.com/uploads/asmaloy/884493937/IMG_4496_shelved.jpg', 'medium2_url': 'https://images4-a.ravelrycache.com/uploads/asmaloy/884493937/IMG_4496_medium2.jpg', 'small2_url': 'https://images4-f.ravelrycache.com/uploads/asmaloy/884493937/IMG_4496_small2.jpg', 'caption': None, 'caption_html': None, 'copyright_holder': None}]"
Dizen Sweater,Moira Engel,1284406,https://www.ravelry.com/patterns/library/dizen-sweater,False,https://images4-a.ravelrycache.com/uploads/InterweaveKnits/880789873/KNWinter23_Rav_Dizen_Sweater_01_medium2.jpg,Knitting,"['unisex', 'teen', 'adult', 'cables', 'ribbed', 'seamed', 'long-sleeve', 'short-rows', 'bottom-up', 'chart', 'written-pattern', 'worked-flat', 'schematic']",22.0,4.25,True,4.0,in St st on larger needles.,pullover,DK,14,4.0,"28 3/4 (33, 38 1/4, 42 1/2, 47 1/2, 52, 57, 61 1/2, 66 1/2)"" circumference at underarm.","[{'id': 116473674, 'sort_order': 1, 'user_id': 8926107, 'x_offset': 0, 'y_offset': -43, 'square_url': 'https://images4-g.ravelrycache.com/uploads/InterweaveKnits/880789873/KNWinter23_Rav_Dizen_Sweater_01_square.jpg', 'medium_url': 'https://images4-f.ravelrycache.com/uploads/InterweaveKnits/880789873/KNWinter23_Rav_Dizen_Sweater_01_medium.jpg', 'thumbnail_url': 'https://images4-f.ravelrycache.com/uploads/InterweaveKnits/880789873/KNWinter23_Rav_Dizen_Sweater_01_thumbnail.jpg', 'small_url': 'https://images4-f.ravelrycache.com/uploads/InterweaveKnits/880789873/KNWinter23_Rav_Dizen_Sweater_01_small_best_fit.jpg', 'flickr_url': None, 'shelved_url': 'https://images4-f.ravelrycache.com/uploads/InterweaveKnits/880789873/KNWinter23_Rav_Dizen_Sweater_01_shelved.jpg', 'medium2_url': 'https://images4-a.ravelrycache.com/uploads/InterweaveKnits/880789873/KNWinter23_Rav_Dizen_Sweater_01_medium2.jpg', 'small2_url': 'https://images4-g.ravelrycache.com/uploads/InterweaveKnits/880789873/KNWinter23_Rav_Dizen_Sweater_01_small2.jpg', 'caption': None, 'caption_html': None, 'copyright_holder': 'Interweave / Golden Peak Media'}, {'id': 116473675, 'sort_order': 2, 'user_id': 8926107, 'x_offset': 0, 'y_offset': -43, 'square_url': 'https://images4-g.ravelrycache.com/uploads/InterweaveKnits/880789875/KNWinter23_Rav_Dizen_Sweater_02_square.jpg', 'medium_url': 'https://images4-f.ravelrycache.com/uploads/InterweaveKnits/880789875/KNWinter23_Rav_Dizen_Sweater_02_medium.jpg', 'thumbnail_url': 'https://images4-g.ravelrycache.com/uploads/InterweaveKnits/880789875/KNWinter23_Rav_Dizen_Sweater_02_thumbnail.jpg', 'small_url': 'https://images4-g.ravelrycache.com/uploads/InterweaveKnits/880789875/KNWinter23_Rav_Dizen_Sweater_02_small_best_fit.jpg', 'flickr_url': None, 'shelved_url': 'https://images4-f.ravelrycache.com/uploads/InterweaveKnits/880789875/KNWinter23_Rav_Dizen_Sweater_02_shelved.jpg', 'medium2_url': 'https://images4-a.ravelrycache.com/uploads/InterweaveKnits/880789875/KNWinter23_Rav_Dizen_Sweater_02_medium2.jpg', 'small2_url': 'https://images4-g.ravelrycache.com/uploads/InterweaveKnits/880789875/KNWinter23_Rav_Dizen_Sweater_02_small2.jpg', 'caption': None, 'caption_html': None, 'copyright_holder': 'Interweave / Golden Peak Media'}, {'id': 116473676, 'sort_order': 3, 'user_id': 8926107, 'x_offset': 0, 'y_offset': -43, 'square_url': 'https://images4-g.ravelrycache.com/uploads/InterweaveKnits/880789871/KNWinter23_Rav_Dizen_Sweater_05_square.jpg', 'medium_url': 'https://images4-f.ravelrycache.com/uploads/InterweaveKnits/880789871/KNWinter23_Rav_Dizen_Sweater_05_medium.jpg', 'thumbnail_url': 'https://images4-g.ravelrycache.com/uploads/InterweaveKnits/880789871/KNWinter23_Rav_Dizen_Sweater_05_thumbnail.jpg', 'small_url': 'https://images4-f.ravelrycache.com/uploads/InterweaveKnits/880789871/KNWinter23_Rav_Dizen_Sweater_05_small_best_fit.jpg', 'flickr_url': None, 'shelved_url': 'https://images4-f.ravelrycache.com/uploads/InterweaveKnits/880789871/KNWinter23_Rav_Dizen_Sweater_05_shelved.jpg', 'medium2_url': 'https://images4-a.ravelrycache.com/uploads/InterweaveKnits/880789871/KNWinter23_Rav_Dizen_Sweater_05_medium2.jpg', 'small2_url': 'https://images4-g.ravelrycache.com/uploads/InterweaveKnits/880789871/KNWinter23_Rav_Dizen_Sweater_05_small2.jpg', 'caption': None, 'caption_html': None, 'copyright_holder': 'Interweave / Golden Peak Media'}, {'id': 116473677, 'sort_order': 4, 'user_id': 8926107, 'x_offset': 0, 'y_offset': -43, 'square_url': 'https://images4-f.ravelrycache.com/uploads/InterweaveKnits/880789869/KNWinter23_Rav_Dizen_Sweater_04_square.jpg', 'medium_url': 'https://images4-g.ravelrycache.com/uploads/InterweaveKnits/880789869/KNWinter23_Rav_Dizen_Sweater_04_medium.jpg', 'thumbnail_url': 'https://images4-f.ravelrycache.com/uploads/InterweaveKnits/880789869/KNWinter23_Rav_Dizen_Sweater_04_thumbnail.jpg', 'small_url': 'https://images4-g.ravelrycache.com/uploads/InterweaveKnits/880789869/KNWinter23_Rav_Dizen_Sweater_04_small_best_fit.jpg', 'flickr_url': None, 'shelved_url': 'https://images4-g.ravelrycache.com/uploads/InterweaveKnits/880789869/KNWinter23_Rav_Dizen_Sweater_04_shelved.jpg', 'medium2_url': 'https://images4-a.ravelrycache.com/uploads/InterweaveKnits/880789869/KNWinter23_Rav_Dizen_Sweater_04_medium2.jpg', 'small2_url': 'https://images4-f.ravelrycache.com/uploads/InterweaveKnits/880789869/KNWinter23_Rav_Dizen_Sweater_04_small2.jpg', 'caption': None, 'caption_html': None, 'copyright_holder': 'Interweave / Golden Peak Media'}, {'id': 116473678, 'sort_order': 5, 'user_id': 8926107, 'x_offset': 0, 'y_offset': -43, 'square_url': 'https://images4-f.ravelrycache.com/uploads/InterweaveKnits/880789870/KNWinter23_Rav_Dizen_Sweater_03_square.jpg', 'medium_url': 'https://images4-g.ravelrycache.com/uploads/InterweaveKnits/880789870/KNWinter23_Rav_Dizen_Sweater_03_medium.jpg', 'thumbnail_url': 'https://images4-g.ravelrycache.com/uploads/InterweaveKnits/880789870/KNWinter23_Rav_Dizen_Sweater_03_thumbnail.jpg', 'small_url': 'https://images4-f.ravelrycache.com/uploads/InterweaveKnits/880789870/KNWinter23_Rav_Dizen_Sweater_03_small_best_fit.jpg', 'flickr_url': None, 'shelved_url': 'https://images4-g.ravelrycache.com/uploads/InterweaveKnits/880789870/KNWinter23_Rav_Dizen_Sweater_03_shelved.jpg', 'medium2_url': 'https://images4-a.ravelrycache.com/uploads/InterweaveKnits/880789870/KNWinter23_Rav_Dizen_Sweater_03_medium2.jpg', 'small2_url': 'https://images4-f.ravelrycache.com/uploads/InterweaveKnits/880789870/KNWinter23_Rav_Dizen_Sweater_03_small2.jpg', 'caption': None, 'caption_html': None, 'copyright_holder': 'Interweave / Golden Peak Media'}, {'id': 116473679, 'sort_order': 6, 'user_id': 8926107, 'x_offset': 0, 'y_offset': -43, 'square_url': 'https://images4-f.ravelrycache.com/uploads/InterweaveKnits/880789872/KNWinter23_Rav_Dizen_Sweater_06_square.jpg', 'medium_url': 'https://images4-g.ravelrycache.com/uploads/InterweaveKnits/880789872/KNWinter23_Rav_Dizen_Sweater_06_medium.jpg', 'thumbnail_url': 'https://images4-f.ravelrycache.com/uploads/InterweaveKnits/880789872/KNWinter23_Rav_Dizen_Sweater_06_thumbnail.jpg', 'small_url': 'https://images4-g.ravelrycache.com/uploads/InterweaveKnits/880789872/KNWinter23_Rav_Dizen_Sweater_06_small_best_fit.jpg', 'flickr_url': None, 'shelved_url': 'https://images4-f.ravelrycache.com/uploads/InterweaveKnits/880789872/KNWinter23_Rav_Dizen_Sweater_06_shelved.jpg', 'medium2_url': 'https://images4-a.ravelrycache.com/uploads/InterweaveKnits/880789872/KNWinter23_Rav_Dizen_Sweater_06_medium2.jpg', 'small2_url': 'https://images4-f.ravelrycache.com/uploads/InterweaveKnits/880789872/KNWinter23_Rav_Dizen_Sweater_06_small2.jpg', 'caption': None, 'caption_html': None, 'copyright_holder': 'Interweave / Golden Peak Media'}]"
Taskette Pullover,Laura Barker,1284408,https://www.ravelry.com/patterns/library/taskette-pullover,False,https://images4-a.ravelrycache.com/uploads/InterweaveKnits/880786856/KNWinter23_Rav_Taskette_Pullover_02_medium2.jpg,Knitting,"['unisex', 'teen', 'adult', 'cables', 'textured', 'long-sleeve', 'short-rows', 'top-down', 'chart', 'written-pattern', 'in-the-round', 'schematic']",22.0,5.75,True,4.0,in Yoke pattern.,pullover,Worsted,16,4.5,"31 (35 1/2, 40 1/4, 45, 49 3/4, 52, 57, 61 1/2, 64)"" circumference at underarm.","[{'id': 116473703, 'sort_order': 1, 'user_id': 8926107, 'x_offset': 0, 'y_offset': -43, 'square_url': 'https://images4-g.ravelrycache.com/uploads/InterweaveKnits/880786856/KNWinter23_Rav_Taskette_Pullover_02_square.jpg', 'medium_url': 'https://images4-f.ravelrycache.com/uploads/InterweaveKnits/880786856/KNWinter23_Rav_Taskette_Pullover_02_medium.jpg', 'thumbnail_url': 'https://images4-f.ravelrycache.com/uploads/InterweaveKnits/880786856/KNWinter23_Rav_Taskette_Pullover_02_thumbnail.jpg', 'small_url': 'https://images4-g.ravelrycache.com/uploads/InterweaveKnits/880786856/KNWinter23_Rav_Taskette_Pullover_02_small_best_fit.jpg', 'flickr_url': None, 'shelved_url': 'https://images4-f.ravelrycache.com/uploads/InterweaveKnits/880786856/KNWinter23_Rav_Taskette_Pullover_02_shelved.jpg', 'medium2_url': 'https://images4-a.ravelrycache.com/uploads/InterweaveKnits/880786856/KNWinter23_Rav_Taskette_Pullover_02_medium2.jpg', 'small2_url': 'https://images4-g.ravelrycache.com/uploads/InterweaveKnits/880786856/KNWinter23_Rav_Taskette_Pullover_02_small2.jpg', 'caption': None, 'caption_html': None, 'copyright_holder': 'Interweave / Golden Peak Media'}, {'id': 118556642, 'sort_order': 2, 'user_id': 37677, 'x_offset': -5, 'y_offset': -35, 'square_url': 'https://images4-g.ravelrycache.com/uploads/knit4ever/896070539/3B3FFD9E-82C8-45A8-A407-D2BDDB53724F_square.jpeg', 'medium_url': 'https://images4-g.ravelrycache.com/uploads/knit4ever/896070539/3B3FFD9E-82C8-45A8-A407-D2BDDB53724F_medium.jpeg', 'thumbnail_url': 'https://images4-g.ravelrycache.com/uploads/knit4ever/896070539/3B3FFD9E-82C8-45A8-A407-D2BDDB53724F_thumbnail.jpeg', 'small_url': 'https://images4-f.ravelrycache.com/uploads/knit4ever/896070539/3B3FFD9E-82C8-45A8-A407-D2BDDB53724F_small.jpeg', 'flickr_url': None, 'shelved_url': 'https://images4-g.ravelrycache.com/uploads/knit4ever/896070539/3B3FFD9E-82C8-45A8-A407-D2BDDB53724F_shelved.jpeg', 'medium2_url': 'https://images4-a.ravelrycache.com/uploads/knit4ever/896070539/3B3FFD9E-82C8-45A8-A407-D2BDDB53724F_medium2.jpeg', 'small2_url': 'https://images4-f.ravelrycache.com/uploads/knit4ever/896070539/3B3FFD9E-82C8-45A8-A407-D2BDDB53724F_small2.jpeg', 'caption': None, 'caption_html': None, 'copyright_holder': None}, {'id': 116473704, 'sort_order': 3, 'user_id': 8926107, 'x_offset': 0, 'y_offset': -43, 'square_url': 'https://images4-g.ravelrycache.com/uploads/InterweaveKnits/880786857/KNWinter23_Rav_Taskette_Pullover_03_square.jpg', 'medium_url': 'https://images4-f.ravelrycache.com/uploads/InterweaveKnits/880786857/KNWinter23_Rav_Taskette_Pullover_03_medium.jpg', 'thumbnail_url': 'https://images4-f.ravelrycache.com/uploads/InterweaveKnits/880786857/KNWinter23_Rav_Taskette_Pullover_03_thumbnail.jpg', 'small_url': 'https://images4-f.ravelrycache.com/uploads/InterweaveKnits/880786857/KNWinter23_Rav_Taskette_Pullover_03_small_best_fit.jpg', 'flickr_url': None, 'shelved_url': 'https://images4-g.ravelrycache.com/uploads/InterweaveKnits/880786857/KNWinter23_Rav_Taskette_Pullover_03_shelved.jpg', 'medium2_url': 'https://images4-a.ravelrycache.com/uploads/InterweaveKnits/880786857/KNWinter23_Rav_Taskette_Pullover_03_medium2.jpg', 'small2_url': 'https://images4-g.ravelrycache.com/uploads/InterweaveKnits/880786857/KNWinter23_Rav_Taskette_Pullover_03_small2.jpg', 'caption': None, 'caption_html': None, 'copyright_holder': 'Interweave / Golden Peak Media'}, {'id': 116473705, 'sort_order': 4, 'user_id': 8926107, 'x_offset': 0, 'y_offset': -43, 'square_url': 'https://images4-g.ravelrycache.com/uploads/InterweaveKnits/880786855/KNWinter23_Rav_Taskette_Pullover_05_square.jpg', 'medium_url': 'https://images4-f.ravelrycache.com/uploads/InterweaveKnits/880786855/KNWinter23_Rav_Taskette_Pullover_05_medium.jpg', 'thumbnail_url': 'https://images4-g.ravelrycache.com/uploads/InterweaveKnits/880786855/KNWinter23_Rav_Taskette_Pullover_05_thumbnail.jpg', 'small_url': 'https://images4-f.ravelrycache.com/uploads/InterweaveKnits/880786855/KNWinter23_Rav_Taskette_Pullover_05_small_best_fit.jpg', 'flickr_url': None, 'shelved_url': 'https://images4-f.ravelrycache.com/uploads/InterweaveKnits/880786855/KNWinter23_Rav_Taskette_Pullover_05_shelved.jpg', 'medium2_url': 'https://images4-a.ravelrycache.com/uploads/InterweaveKnits/880786855/KNWinter23_Rav_Taskette_Pullover_05_medium2.jpg', 'small2_url': 'https://images4-g.ravelrycache.com/uploads/InterweaveKnits/880786855/KNWinter23_Rav_Taskette_Pullover_05_small2.jpg', 'caption': None, 'caption_html': None, 'copyright_holder': 'Interweave / Golden Peak Media'}, {'id': 116473706, 'sort_order': 5, 'user_id': 8926107, 'x_offset': 0, 'y_offset': -43, 'square_url': 'https://images4-g.ravelrycache.com/uploads/InterweaveKnits/880786853/KNWinter23_Rav_Taskette_Pullover_04_square.jpg', 'medium_url': 'https://images4-f.ravelrycache.com/uploads/InterweaveKnits/880786853/KNWinter23_Rav_Taskette_Pullover_04_medium.jpg', 'thumbnail_url': 'https://images4-f.ravelrycache.com/uploads/InterweaveKnits/880786853/KNWinter23_Rav_Taskette_Pullover_04_thumbnail.jpg', 'small_url': 'https://images4-f.ravelrycache.com/uploads/InterweaveKnits/880786853/KNWinter23_Rav_Taskette_Pullover_04_small_best_fit.jpg', 'flickr_url': None, 'shelved_url': 'https://images4-g.ravelrycache.com/uploads/InterweaveKnits/880786853/KNWinter23_Rav_Taskette_Pullover_04_shelved.jpg', 'medium2_url': 'https://images4-a.ravelrycache.com/uploads/InterweaveKnits/880786853/KNWinter23_Rav_Taskette_Pullover_04_medium2.jpg', 'small2_url': 'https://images4-g.ravelrycache.com/uploads/InterweaveKnits/880786853/KNWinter23_Rav_Taskette_Pullover_04_small2.jpg', 'caption': None, 'caption_html': None, 'copyright_holder': 'Interweave / Golden Peak Media'}, {'id': 116473707, 'sort_order': 6, 'user_id': 8926107, 'x_offset': 0, 'y_offset': -43, 'square_url': 'https://images4-g.ravelrycache.com/uploads/InterweaveKnits/880786852/KNWinter23_Rav_Taskette_Pullover_01_square.jpg', 'medium_url': 'https://images4-f.ravelrycache.com/uploads/InterweaveKnits/880786852/KNWinter23_Rav_Taskette_Pullover_01_medium.jpg', 'thumbnail_url': 'https://images4-f.ravelrycache.com/uploads/InterweaveKnits/880786852/KNWinter23_Rav_Taskette_Pullover_01_thumbnail.jpg', 'small_url': 'https://images4-f.ravelrycache.com/uploads/InterweaveKnits/880786852/KNWinter23_Rav_Taskette_Pullover_01_small_best_fit.jpg', 'flickr_url': None, 'shelved_url': 'https://images4-g.ravelrycache.com/uploads/InterweaveKnits/880786852/KNWinter23_Rav_Taskette_Pullover_01_shelved.jpg', 'medium2_url': 'https://images4-a.ravelrycache.com/uploads/InterweaveKnits/880786852/KNWinter23_Rav_Taskette_Pullover_01_medium2.jpg', 'small2_url': 'https://images4-g.ravelrycache.com/uploads/InterweaveKnits/880786852/KNWinter23_Rav_Taskette_Pullover_01_small2.jpg', 'caption': None, 'caption_html': None, 'copyright_holder': 'Interweave / Golden Peak Media'}]"
Charlie Jumper 7006,Yarnsmiths,1284533,https://www.ravelry.com/patterns/library/charlie-jumper-7006,True,https://images4-a.ravelrycache.com/uploads/WoolWarehouse/1025759723/Green_Stripes_medium2.jpg,Knitting,"['baby', 'child', 'stripes-colorwork']",22.0,0.0,True,4.0,,child,DK,2,0.0,6 Months to 10 Years,"[{'id': 133941874, 'sort_order': 1, 'user_id': 2423821, 'x_offset': 0, 'y_offset': -43, 'square_url': 'https://images4-f.ravelrycache.com/uploads/WoolWarehouse/1025759723/Green_Stripes_square.jpg', 'medium_url': 'https://images4-g.ravelrycache.com/uploads/WoolWarehouse/1025759723/Green_Stripes_medium.jpg', 'thumbnail_url': 'https://images4-f.ravelrycache.com/uploads/WoolWarehouse/1025759723/Green_Stripes_thumbnail.jpg', 'small_url': 'https://images4-g.ravelrycache.com/uploads/WoolWarehouse/1025759723/Green_Stripes_small_best_fit.jpg', 'flickr_url': None, 'shelved_url': 'https://images4-f.ravelrycache.com/uploads/WoolWarehouse/1025759723/Green_Stripes_shelved.jpg', 'medium2_url': 'https://images4-a.ravelrycache.com/uploads/WoolWarehouse/1025759723/Green_Stripes_medium2.jpg', 'small2_url': 'https://images4-f.ravelrycache.com/uploads/WoolWarehouse/1025759723/Green_Stripes_small2.jpg', 'caption': None, 'caption_html': None, 'copyright_holder': None}]"
Oakley Jumper 7014,Yarnsmiths,1284551,https://www.ravelry.com/patterns/library/oakley-jumper-7014,True,https://images4-a.ravelrycache.com/uploads/WoolWarehouse/1025765455/Yellow_and_Pink_medium2.jpg,Knitting,"['baby', 'toddler', 'child']",22.0,0.0,True,4.0,,child,DK,3,0.0,0 to 5 Years,"[{'id': 133942600, 'sort_order': 1, 'user_id': 2423821, 'x_offset': 0, 'y_offset': -43, 'square_url': 'https://images4-f.ravelrycache.com/uploads/WoolWarehouse/1025765455/Yellow_and_Pink_square.jpg', 'medium_url': 'https://images4-g.ravelrycache.com/uploads/WoolWarehouse/1025765455/Yellow_and_Pink_medium.jpg', 'thumbnail_url': 'https://images4-f.ravelrycache.com/uploads/WoolWarehouse/1025765455/Yellow_and_Pink_thumbnail.jpg', 'small_url': 'https://images4-f.ravelrycache.com/uploads/WoolWarehouse/1025765455/Yellow_and_Pink_small_best_fit.jpg', 'flickr_url': None, 'shelved_url': 'https://images4-g.ravelrycache.com/uploads/WoolWarehouse/1025765455/Yellow_and_Pink_shelved.jpg', 'medium2_url': 'https://images4-a.ravelrycache.com/uploads/WoolWarehouse/1025765455/Yellow_and_Pink_medium2.jpg', 'small2_url': 'https://images4-f.ravelrycache.com/uploads/WoolWarehouse/1025765455/Yellow_and_Pink_small2.jpg', 'caption': None, 'caption_html': None, 'copyright_holder': None}]"
Fortesse,Tasha Moss,1284604,https://www.ravelry.com/patterns/library/fortesse,False,https://images4-a.ravelrycache.com/uploads/TashaCould/884109796/Fortesse-pullover1_medium2.jpg,Knitting,"['collar', 'shawl', 'seamless', 'top-down', 'written-pattern', 'in-the-round', 'adult', 'waist', 'set-in-sleeve', 'bracelet-sleeve']",18.0,4.125,True,4.0,stitch pattern,pullover,Worsted,34,4.888888888888889,"31.5 (33.25, 36, 39.5) [43, 45.75, 48.5, 51] (55.5, 59, 62.75)” / 80 (84.5, 91.5, 100.5) [109, 116, 123, 129.5] (141, 150, 159.5)cm","[{'id': 116488915, 'sort_order': 1, 'user_id': 16348, 'x_offset': 0, 'y_offset': -30, 'square_url': 'https://images4-f.ravelrycache.com/uploads/TashaCould/884109796/Fortesse-pullover1_square.jpg', 'medium_url': 'https://images4-g.ravelrycache.com/uploads/TashaCould/884109796/Fortesse-pullover1_medium.jpg', 'thumbnail_url': 'https://images4-f.ravelrycache.com/uploads/TashaCould/884109796/Fortesse-pullover1_thumbnail.jpg', 'small_url': 'https://images4-f.ravelrycache.com/uploads/TashaCould/884109796/Fortesse-pullover1_small_best_fit.jpg', 'flickr_url': None, 'shelved_url': 'https://images4-f.ravelrycache.com/uploads/TashaCould/884109796/Fortesse-pullover1_shelved.jpg', 'medium2_url': 'https://images4-a.ravelrycache.com/uploads/TashaCould/884109796/Fortesse-pullover1_medium2.jpg', 'small2_url': 'https://images4-f.ravelrycache.com/uploads/TashaCould/884109796/Fortesse-pullover1_small2.jpg', 'caption': None, 'caption_html': None, 'copyright_holder': None}, {'id': 116488916, 'sort_order': 2, 'user_id': 16348, 'x_offset': 0, 'y_offset': -22, 'square_url': 'https://images4-f.ravelrycache.com/uploads/TashaCould/884163631/fortesse-green-main_square.jpg', 'medium_url': 'https://images4-g.ravelrycache.com/uploads/TashaCould/884163631/fortesse-green-main_medium.jpg', 'thumbnail_url': 'https://images4-g.ravelrycache.com/uploads/TashaCould/884163631/fortesse-green-main_thumbnail.jpg', 'small_url': 'https://images4-f.ravelrycache.com/uploads/TashaCould/884163631/fortesse-green-main_small_best_fit.jpg', 'flickr_url': None, 'shelved_url': 'https://images4-g.ravelrycache.com/uploads/TashaCould/884163631/fortesse-green-main_shelved.jpg', 'medium2_url': 'https://images4-a.ravelrycache.com/uploads/TashaCould/884163631/fortesse-green-main_medium2.jpg', 'small2_url': 'https://images4-f.ravelrycache.com/uploads/TashaCould/884163631/fortesse-green-main_small2.jpg', 'caption': None, 'caption_html': None, 'copyright_holder': None}, {'id': 116488917, 'sort_order': 3, 'user_id': 16348, 'x_offset': -12, 'y_offset': -35, 'square_url': 'https://images4-f.ravelrycache.com/uploads/TashaCould/884110296/DSC_1418_square.jpg', 'medium_url': 'https://images4-g.ravelrycache.com/uploads/TashaCould/884110296/DSC_1418_medium.jpg', 'thumbnail_url': 'https://images4-f.ravelrycache.com/uploads/TashaCould/884110296/DSC_1418_thumbnail.jpg', 'small_url': 'https://images4-f.ravelrycache.com/uploads/TashaCould/884110296/DSC_1418_small.jpg', 'flickr_url': None, 'shelved_url': 'https://images4-g.ravelrycache.com/uploads/TashaCould/884110296/DSC_1418_shelved.jpg', 'medium2_url': 'https://images4-a.ravelrycache.com/uploads/TashaCould/884110296/DSC_1418_medium2.jpg', 'small2_url': 'https://images4-f.ravelrycache.com/uploads/TashaCould/884110296/DSC_1418_small2.jpg', 'caption': None, 'caption_html': None, 'copyright_holder': None}, {'id': 116488918, 'sort_order': 4, 'user_id': 16348, 'x_offset': 0, 'y_offset': -49, 'square_url': 'https://images4-g.ravelrycache.com/uploads/TashaCould/884109972/fortesse-back_square.jpg', 'medium_url': 'https://images4-f.ravelrycache.com/uploads/TashaCould/884109972/fortesse-back_medium.jpg', 'thumbnail_url': 'https://images4-g.ravelrycache.com/uploads/TashaCould/884109972/fortesse-back_thumbnail.jpg', 'small_url': 'https://images4-f.ravelrycache.com/uploads/TashaCould/884109972/fortesse-back_small_best_fit.jpg', 'flickr_url': None, 'shelved_url': 'https://images4-f.ravelrycache.com/uploads/TashaCould/884109972/fortesse-back_shelved.jpg', 'medium2_url': 'https://images4-a.ravelrycache.com/uploads/TashaCould/884109972/fortesse-back_medium2.jpg', 'small2_url': 'https://images4-g.ravelrycache.com/uploads/TashaCould/884109972/fortesse-back_small2.jpg', 'caption': None, 'caption_html': None, 'copyright_holder': None}, {'id': 116488919, 'sort_order': 5, 'user_id': 16348, 'x_offset': -1, 'y_offset': -46, 'square_url': 'https://images4-g.ravelrycache.com/uploads/TashaCould/884110551/DSC_1374_square.jpg', 'medium_url': 'https://images4-f.ravelrycache.com/uploads/TashaCould/884110551/DSC_1374_medium.jpg', 'thumbnail_url': 'https://images4-g.ravelrycache.com/uploads/TashaCould/884110551/DSC_1374_thumbnail.jpg', 'small_url': 'https://images4-f.ravelrycache.com/uploads/TashaCould/884110551/DSC_1374_small_best_fit.jpg', 'flickr_url': None, 'shelved_url': 'https://images4-f.ravelrycache.com/uploads/TashaCould/884110551/DSC_1374_shelved.jpg', 'medium2_url': 'https://images4-a.ravelrycache.com/uploads/TashaCould/884110551/DSC_1374_medium2.jpg', 'small2_url': 'https://images4-g.ravelrycache.com/uploads/TashaCould/884110551/DSC_1374_small2.jpg', 'caption': None, 'caption_html': None, 'copyright_holder': None}, {'id': 116488920, 'sort_order': 6, 'user_id': 16348, 'x_offset': 0, 'y_offset': -42, 'square_url': 'https://images4-g.ravelrycache.com/uploads/TashaCould/884111117/DSC_1467_square.jpg', 'medium_url': 'https://images4-f.ravelrycache.com/uploads/TashaCould/884111117/DSC_1467_medium.jpg', 'thumbnail_url': 'https://images4-g.ravelrycache.com/uploads/TashaCould/884111117/DSC_1467_thumbnail.jpg', 'small_url': 'https://images4-f.ravelrycache.com/uploads/TashaCould/884111117/DSC_1467_small_best_fit.jpg', 'flickr_url': None, 'shelved_url': 'https://images4-f.ravelrycache.com/uploads/TashaCould/884111117/DSC_1467_shelved.jpg', 'medium2_url': 'https://images4-a.ravelrycache.com/uploads/TashaCould/884111117/DSC_1467_medium2.jpg', 'small2_url': 'https://images4-g.ravelrycache.com/uploads/TashaCould/884111117/DSC_1467_small2.jpg', 'caption': None, 'caption_html': None, 'copyright_holder': None}, {'id': 116488921, 'sort_order': 7, 'user_id': 16348, 'x_offset': 0, 'y_offset': -13, 'square_url': 'https://images4-g.ravelrycache.com/uploads/TashaCould/884109613/fortesse-pullover_square.jpg', 'medium_url': 'https://images4-f.ravelrycache.com/uploads/TashaCould/884109613/fortesse-pullover_medium.jpg', 'thumbnail_url': 'https://images4-g.ravelrycache.com/uploads/TashaCould/884109613/fortesse-pullover_thumbnail.jpg', 'small_url': 'https://images4-g.ravelrycache.com/uploads/TashaCould/884109613/fortesse-pullover_small_best_fit.jpg', 'flickr_url': None, 'shelved_url': 'https://images4-g.ravelrycache.com/uploads/TashaCould/884109613/fortesse-pullover_shelved.jpg', 'medium2_url': 'https://images4-a.ravelrycache.com/uploads/TashaCould/884109613/fortesse-pullover_medium2.jpg', 'small2_url': 'https://images4-g.ravelrycache.com/uploads/TashaCould/884109613/fortesse-pullover_small2.jpg', 'caption': None, 'caption_html': None, 'copyright_holder': None}, {'id': 116488922, 'sort_order': 8, 'user_id': 16348, 'x_offset': 1, 'y_offset': -42, 'square_url': 'https://images4-g.ravelrycache.com/uploads/TashaCould/884161635/DSC_1385_square.jpg', 'medium_url': 'https://images4-f.ravelrycache.com/uploads/TashaCould/884161635/DSC_1385_medium.jpg', 'thumbnail_url': 'https://images4-f.ravelrycache.com/uploads/TashaCould/884161635/DSC_1385_thumbnail.jpg', 'small_url': 'https://images4-g.ravelrycache.com/uploads/TashaCould/884161635/DSC_1385_small_best_fit.jpg', 'flickr_url': None, 'shelved_url': 'https://images4-g.ravelrycache.com/uploads/TashaCould/884161635/DSC_1385_shelved.jpg', 'medium2_url': 'https://images4-a.ravelrycache.com/uploads/TashaCould/884161635/DSC_1385_medium2.jpg', 'small2_url': 'https://images4-g.ravelrycache.com/uploads/TashaCould/884161635/DSC_1385_small2.jpg', 'caption': None, 'caption_html': None, 'copyright_holder': None}, {'id': 116488923, 'sort_order': 9, 'user_id': 16348, 'x_offset': -1, 'y_offset': -29, 'square_url': 'https://images4-g.ravelrycache.com/uploads/TashaCould/884110141/DSC_1407_square.jpg', 'medium_url': 'https://images4-f.ravelrycache.com/uploads/TashaCould/884110141/DSC_1407_medium.jpg', 'thumbnail_url': 'https://images4-g.ravelrycache.com/uploads/TashaCould/884110141/DSC_1407_thumbnail.jpg', 'small_url': 'https://images4-g.ravelrycache.com/uploads/TashaCould/884110141/DSC_1407_small_best_fit.jpg', 'flickr_url': None, 'shelved_url': 'https://images4-f.ravelrycache.com/uploads/TashaCould/884110141/DSC_1407_shelved.jpg', 'medium2_url': 'https://images4-a.ravelrycache.com/uploads/TashaCould/884110141/DSC_1407_medium2.jpg', 'small2_url': 'https://images4-g.ravelrycache.com/uploads/TashaCould/884110141/DSC_1407_small2.jpg', 'caption': None, 'caption_html': None, 'copyright_holder': None}, {'id': 116488924, 'sort_order': 10, 'user_id': 16348, 'x_offset': 0, 'y_offset': -3, 'square_url': 'https://images4-g.ravelrycache.com/uploads/TashaCould/884110621/DSC_1359_square.jpg', 'medium_url': 'https://images4-f.ravelrycache.com/uploads/TashaCould/884110621/DSC_1359_medium.jpg', 'thumbnail_url': 'https://images4-g.ravelrycache.com/uploads/TashaCould/884110621/DSC_1359_thumbnail.jpg', 'small_url': 'https://images4-f.ravelrycache.com/uploads/TashaCould/884110621/DSC_1359_small_best_fit.jpg', 'flickr_url': None, 'shelved_url': 'https://images4-g.ravelrycache.com/uploads/TashaCould/884110621/DSC_1359_shelved.jpg', 'medium2_url': 'https://images4-a.ravelrycache.com/uploads/TashaCould/884110621/DSC_1359_medium2.jpg', 'small2_url': 'https://images4-g.ravelrycache.com/uploads/TashaCould/884110621/DSC_1359_small2.jpg', 'caption': None, 'caption_html': None, 'copyright_holder': None}, {'id': 116488925, 'sort_order': 11, 'user_id': 16348, 'x_offset': -1, 'y_offset': -52, 'square_url': 'https://images4-f.ravelrycache.com/uploads/TashaCould/884110757/DSC_1363_square.jpg', 'medium_url': 'https://images4-g.ravelrycache.com/uploads/TashaCould/884110757/DSC_1363_medium.jpg', 'thumbnail_url': 'https://images4-g.ravelrycache.com/uploads/TashaCould/884110757/DSC_1363_thumbnail.jpg', 'small_url': 'https://images4-g.ravelrycache.com/uploads/TashaCould/884110757/DSC_1363_small_best_fit.jpg', 'flickr_url': None, 'shelved_url': 'https://images4-g.ravelrycache.com/uploads/TashaCould/884110757/DSC_1363_shelved.jpg', 'medium2_url': 'https://images4-a.ravelrycache.com/uploads/TashaCould/884110757/DSC_1363_medium2.jpg', 'small2_url': 'https://images4-f.ravelrycache.com/uploads/TashaCould/884110757/DSC_1363_small2.jpg', 'caption': None, 'caption_html': None, 'copyright_holder': None}, {'id': 116488926, 'sort_order': 12, 'user_id': 16348, 'x_offset': 1, 'y_offset': -42, 'square_url': 'https://images4-f.ravelrycache.com/uploads/TashaCould/884111306/DSC_1405_square.jpg', 'medium_url': 'https://images4-g.ravelrycache.com/uploads/TashaCould/884111306/DSC_1405_medium.jpg', 'thumbnail_url': 'https://images4-g.ravelrycache.com/uploads/TashaCould/884111306/DSC_1405_thumbnail.jpg', 'small_url': 'https://images4-f.ravelrycache.com/uploads/TashaCould/884111306/DSC_1405_small_best_fit.jpg', 'flickr_url': None, 'shelved_url': 'https://images4-g.ravelrycache.com/uploads/TashaCould/884111306/DSC_1405_shelved.jpg', 'medium2_url': 'https://images4-a.ravelrycache.com/uploads/TashaCould/884111306/DSC_1405_medium2.jpg', 'small2_url': 'https://images4-f.ravelrycache.com/uploads/TashaCould/884111306/DSC_1405_small2.jpg', 'caption': None, 'caption_html': None, 'copyright_holder': None}, {'id': 128644119, 'sort_order': 13, 'user_id': 16348, 'x_offset': 0, 'y_offset': 0, 'square_url': 'https://images4-f.ravelrycache.com/uploads/TashaCould/983012827/fortesse-montage-pdf_square.jpg', 'medium_url': 'https://images4-g.ravelrycache.com/uploads/TashaCould/983012827/fortesse-montage-pdf_medium.jpg', 'thumbnail_url': 'https://images4-g.ravelrycache.com/uploads/TashaCould/983012827/fortesse-montage-pdf_thumbnail.jpg', 'small_url': 'https://images4-f.ravelrycache.com/uploads/TashaCould/983012827/fortesse-montage-pdf_small_best_fit.jpg', 'flickr_url': None, 'shelved_url': 'https://images4-f.ravelrycache.com/uploads/TashaCould/983012827/fortesse-montage-pdf_shelved.jpg', 'medium2_url': 'https://images4-a.ravelrycache.com/uploads/TashaCould/983012827/fortesse-montage-pdf_medium2.jpg', 'small2_url': 'https://images4-f.ravelrycache.com/uploads/TashaCould/983012827/fortesse-montage-pdf_small2.jpg', 'caption': None, 'caption_html': None, 'copyright_holder': None}, {'id': 116494479, 'sort_order': 14, 'user_id': 3736978, 'x_offset': -5, 'y_offset': -35, 'square_url': 'https://images4-g.ravelrycache.com/uploads/Kate-Emm/884579002/F18C59C3-38B7-4744-9C09-F6C63D19FA48_square.jpeg', 'medium_url': 'https://images4-g.ravelrycache.com/uploads/Kate-Emm/884579002/F18C59C3-38B7-4744-9C09-F6C63D19FA48_medium.jpeg', 'thumbnail_url': 'https://images4-g.ravelrycache.com/uploads/Kate-Emm/884579002/F18C59C3-38B7-4744-9C09-F6C63D19FA48_thumbnail.jpeg', 'small_url': 'https://images4-f.ravelrycache.com/uploads/Kate-Emm/884579002/F18C59C3-38B7-4744-9C09-F6C63D19FA48_small.jpeg', 'flickr_url': None, 'shelved_url': 'https://images4-f.ravelrycache.com/uploads/Kate-Emm/884579002/F18C59C3-38B7-4744-9C09-F6C63D19FA48_shelved.jpeg', 'medium2_url': 'https://images4-a.ravelrycache.com/uploads/Kate-Emm/884579002/F18C59C3-38B7-4744-9C09-F6C63D19FA48_medium2.jpeg', 'small2_url': 'https://images4-f.ravelrycache.com/uploads/Kate-Emm/884579002/F18C59C3-38B7-4744-9C09-F6C63D19FA48_small2.jpeg', 'caption': None, 'caption_html': None, 'copyright_holder': None}, {'id': 116491316, 'sort_order': 15, 'user_id': 1084275, 'x_offset': -5, 'y_offset': -35, 'square_url': 'https://images4-f.ravelrycache.com/uploads/rorythered/883469942/67B2027F-5E04-49E1-921E-A8E60D74C91F_square.jpeg', 'medium_url': 'https://images4-f.ravelrycache.com/uploads/rorythered/883469942/67B2027F-5E04-49E1-921E-A8E60D74C91F_medium.jpeg', 'thumbnail_url': 'https://images4-g.ravelrycache.com/uploads/rorythered/883469942/67B2027F-5E04-49E1-921E-A8E60D74C91F_thumbnail.jpeg', 'small_url': 'https://images4-f.ravelrycache.com/uploads/rorythered/883469942/67B2027F-5E04-49E1-921E-A8E60D74C91F_small.jpeg', 'flickr_url': None, 'shelved_url': 'https://images4-f.ravelrycache.com/uploads/rorythered/883469942/67B2027F-5E04-49E1-921E-A8E60D74C91F_shelved.jpeg', 'medium2_url': 'https://images4-a.ravelrycache.com/uploads/rorythered/883469942/67B2027F-5E04-49E1-921E-A8E60D74C91F_medium2.jpeg', 'small2_url': 'https://images4-g.ravelrycache.com/uploads/rorythered/883469942/67B2027F-5E04-49E1-921E-A8E60D74C91F_small2.jpeg', 'caption': None, 'caption_html': None, 'copyright_holder': None}, {'id': 116496889, 'sort_order': 16, 'user_id': 5125351, 'x_offset': -2, 'y_offset': -35, 'square_url': 'https://images4-g.ravelrycache.com/uploads/AjesMinji/884514063/E23476BB-6007-4AF1-BAE5-FC5D4F357C03_square.jpeg', 'medium_url': 'https://images4-g.ravelrycache.com/uploads/AjesMinji/884514063/E23476BB-6007-4AF1-BAE5-FC5D4F357C03_medium.jpeg', 'thumbnail_url': 'https://images4-f.ravelrycache.com/uploads/AjesMinji/884514063/E23476BB-6007-4AF1-BAE5-FC5D4F357C03_thumbnail.jpeg', 'small_url': 'https://images4-f.ravelrycache.com/uploads/AjesMinji/884514063/E23476BB-6007-4AF1-BAE5-FC5D4F357C03_small.jpeg', 'flickr_url': None, 'shelved_url': 'https://images4-g.ravelrycache.com/uploads/AjesMinji/884514063/E23476BB-6007-4AF1-BAE5-FC5D4F357C03_shelved.jpeg', 'medium2_url': 'https://images4-a.ravelrycache.com/uploads/AjesMinji/884514063/E23476BB-6007-4AF1-BAE5-FC5D4F357C03_medium2.jpeg', 'small2_url': 'https://images4-f.ravelrycache.com/uploads/AjesMinji/884514063/E23476BB-6007-4AF1-BAE5-FC5D4F357C03_small2.jpeg', 'caption': None, 'caption_html': None, 'copyright_holder': None}, {'id': 116491329, 'sort_order': 17, 'user_id': 3794026, 'x_offset': -6, 'y_offset': -24, 'square_url': 'https://images4-g.ravelrycache.com/uploads/Jsears42/884568980/20221101_143353_square.jpg', 'medium_url': 'https://images4-f.ravelrycache.com/uploads/Jsears42/884568980/20221101_143353_medium.jpg', 'thumbnail_url': 'https://images4-f.ravelrycache.com/uploads/Jsears42/884568980/20221101_143353_thumbnail.jpg', 'small_url': 'https://images4-g.ravelrycache.com/uploads/Jsears42/884568980/20221101_143353_small.jpg', 'flickr_url': None, 'shelved_url': 'https://images4-g.ravelrycache.com/uploads/Jsears42/884568980/20221101_143353_shelved.jpg', 'medium2_url': 'https://images4-a.ravelrycache.com/uploads/Jsears42/884568980/20221101_143353_medium2.jpg', 'small2_url': 'https://images4-g.ravelrycache.com/uploads/Jsears42/884568980/20221101_143353_small2.jpg', 'caption': None, 'caption_html': None, 'copyright_holder': None}, {'id': 116490584, 'sort_order': 18, 'user_id': 456779, 'x_offset': 1, 'y_offset': -33, 'square_url': 'https://images4-g.ravelrycache.com/uploads/sshaythiel/880013808/20221008_170413_square.jpg', 'medium_url': 'https://images4-f.ravelrycache.com/uploads/sshaythiel/880013808/20221008_170413_medium.jpg', 'thumbnail_url': 'https://images4-f.ravelrycache.com/uploads/sshaythiel/880013808/20221008_170413_thumbnail.jpg', 'small_url': 'https://images4-f.ravelrycache.com/uploads/sshaythiel/880013808/20221008_170413_small_best_fit.jpg', 'flickr_url': None, 'shelved_url': 'https://images4-g.ravelrycache.com/uploads/sshaythiel/880013808/20221008_170413_shelved.jpg', 'medium2_url': 'https://images4-a.ravelrycache.com/uploads/sshaythiel/880013808/20221008_170413_medium2.jpg', 'small2_url': 'https://images4-g.ravelrycache.com/uploads/sshaythiel/880013808/20221008_170413_small2.jpg', 'caption': None, 'caption_html': None, 'copyright_holder': None}, {'id': 116491445, 'sort_order': 19, 'user_id': 2866435, 'x_offset': -6, 'y_offset': -55, 'square_url': 'https://images4-f.ravelrycache.com/uploads/KillerKitsch/883954002/IMG_20221016_164301_square.jpg', 'medium_url': 'https://images4-g.ravelrycache.com/uploads/KillerKitsch/883954002/IMG_20221016_164301_medium.jpg', 'thumbnail_url': 'https://images4-g.ravelrycache.com/uploads/KillerKitsch/883954002/IMG_20221016_164301_thumbnail.jpg', 'small_url': 'https://images4-g.ravelrycache.com/uploads/KillerKitsch/883954002/IMG_20221016_164301_small.jpg', 'flickr_url': None, 'shelved_url': 'https://images4-f.ravelrycache.com/uploads/KillerKitsch/883954002/IMG_20221016_164301_shelved.jpg', 'medium2_url': 'https://images4-a.ravelrycache.com/uploads/KillerKitsch/883954002/IMG_20221016_164301_medium2.jpg', 'small2_url': 'https://images4-f.ravelrycache.com/uploads/KillerKitsch/883954002/IMG_20221016_164301_small2.jpg', 'caption': None, 'caption_html': None, 'copyright_holder': None}, {'id': 116544069, 'sort_order': 20, 'user_id': 992739, 'x_offset': -1, 'y_offset': -49, 'square_url': 'https://images4-f.ravelrycache.com/uploads/Ilucya/876281580/30A742C7-B7E7-4E64-81F2-1A34B92D841F_square.jpeg', 'medium_url': 'https://images4-f.ravelrycache.com/uploads/Ilucya/876281580/30A742C7-B7E7-4E64-81F2-1A34B92D841F_medium.jpeg', 'thumbnail_url': 'https://images4-g.ravelrycache.com/uploads/Ilucya/876281580/30A742C7-B7E7-4E64-81F2-1A34B92D841F_thumbnail.jpeg', 'small_url': 'https://images4-f.ravelrycache.com/uploads/Ilucya/876281580/30A742C7-B7E7-4E64-81F2-1A34B92D841F_small_best_fit.jpeg', 'flickr_url': None, 'shelved_url': 'https://images4-f.ravelrycache.com/uploads/Ilucya/876281580/30A742C7-B7E7-4E64-81F2-1A34B92D841F_shelved.jpeg', 'medium2_url': 'https://images4-a.ravelrycache.com/uploads/Ilucya/876281580/30A742C7-B7E7-4E64-81F2-1A34B92D841F_medium2.jpeg', 'small2_url': 'https://images4-g.ravelrycache.com/uploads/Ilucya/876281580/30A742C7-B7E7-4E64-81F2-1A34B92D841F_small2.jpeg', 'caption': None, 'caption_html': None, 'copyright_holder': None}]"
Petals Top,Anne Hanson,1284683,https://www.ravelry.com/patterns/library/petals-top,False,https://images4-a.ravelrycache.com/uploads/knitspot/884241697/2022_petal_top_7474_web_medium2.jpg,Knitting,"['teen', 'adult', 'petite', 'plus', 'tall', 'eyelets', 'lace', 'picots', 'textured', 'seamed', 'ballet-neck', 'scoop-neck', 'long-sleeve', 'short-sleeve', 'sleeveless', 'set-in-sleeve', 'straight', 'bottom-up', 'positive-ease', 'chart', 'written-pattern', 'video-tutorial', 'worked-flat', 'other-edging', 'twisted-stitches', 'schematic']",22.0,5.75,True,4.0,"stockinette stitch, washed and air-dried",pullover,Light Fingering,11,5.0,"31.5(35.5, 38, 41.5, 44, 47.5, 50, 54, 56.5, 60, 62.5) inches / 80(90, 96.5, 105.5, 112, 120.5, 127, 137, 143.5, 152.5, 159) cm in chest circumference, to fit with 2 to 4 inches / 5 to 10 cm of ease","[{'id': 116495574, 'sort_order': 1, 'user_id': 41, 'x_offset': 1, 'y_offset': -55, 'square_url': 'https://images4-g.ravelrycache.com/uploads/knitspot/884241697/2022_petal_top_7474_web_square.jpg', 'medium_url': 'https://images4-f.ravelrycache.com/uploads/knitspot/884241697/2022_petal_top_7474_web_medium.jpg', 'thumbnail_url': 'https://images4-f.ravelrycache.com/uploads/knitspot/884241697/2022_petal_top_7474_web_thumbnail.jpg', 'small_url': 'https://images4-f.ravelrycache.com/uploads/knitspot/884241697/2022_petal_top_7474_web_small_best_fit.jpg', 'flickr_url': None, 'shelved_url': 'https://images4-f.ravelrycache.com/uploads/knitspot/884241697/2022_petal_top_7474_web_shelved.jpg', 'medium2_url': 'https://images4-a.ravelrycache.com/uploads/knitspot/884241697/2022_petal_top_7474_web_medium2.jpg', 'small2_url': 'https://images4-g.ravelrycache.com/uploads/knitspot/884241697/2022_petal_top_7474_web_small2.jpg', 'caption': None, 'caption_html': None, 'copyright_holder': None}, {'id': 116495575, 'sort_order': 2, 'user_id': 41, 'x_offset': -1, 'y_offset': -59, 'square_url': 'https://images4-f.ravelrycache.com/uploads/knitspot/884241661/2022_petal_top_7483_web_square.jpg', 'medium_url': 'https://images4-g.ravelrycache.com/uploads/knitspot/884241661/2022_petal_top_7483_web_medium.jpg', 'thumbnail_url': 'https://images4-g.ravelrycache.com/uploads/knitspot/884241661/2022_petal_top_7483_web_thumbnail.jpg', 'small_url': 'https://images4-g.ravelrycache.com/uploads/knitspot/884241661/2022_petal_top_7483_web_small_best_fit.jpg', 'flickr_url': None, 'shelved_url': 'https://images4-g.ravelrycache.com/uploads/knitspot/884241661/2022_petal_top_7483_web_shelved.jpg', 'medium2_url': 'https://images4-a.ravelrycache.com/uploads/knitspot/884241661/2022_petal_top_7483_web_medium2.jpg', 'small2_url': 'https://images4-f.ravelrycache.com/uploads/knitspot/884241661/2022_petal_top_7483_web_small2.jpg', 'caption': None, 'caption_html': None, 'copyright_holder': None}, {'id': 116495576, 'sort_order': 3, 'user_id': 41, 'x_offset': -43, 'y_offset': 0, 'square_url': 'https://images4-g.ravelrycache.com/uploads/knitspot/884241492/2022_petal_top_7517_web_square.jpg', 'medium_url': 'https://images4-f.ravelrycache.com/uploads/knitspot/884241492/2022_petal_top_7517_web_medium.jpg', 'thumbnail_url': 'https://images4-g.ravelrycache.com/uploads/knitspot/884241492/2022_petal_top_7517_web_thumbnail.jpg', 'small_url': 'https://images4-g.ravelrycache.com/uploads/knitspot/884241492/2022_petal_top_7517_web_small_best_fit.jpg', 'flickr_url': None, 'shelved_url': 'https://images4-f.ravelrycache.com/uploads/knitspot/884241492/2022_petal_top_7517_web_shelved.jpg', 'medium2_url': 'https://images4-a.ravelrycache.com/uploads/knitspot/884241492/2022_petal_top_7517_web_medium2.jpg', 'small2_url': 'https://images4-g.ravelrycache.com/uploads/knitspot/884241492/2022_petal_top_7517_web_small2.jpg', 'caption': None, 'caption_html': None, 'copyright_holder': None}, {'id': 116495577, 'sort_order': 4, 'user_id': 41, 'x_offset': 0, 'y_offset': -61, 'square_url': 'https://images4-f.ravelrycache.com/uploads/knitspot/884241447/2022_petal_top_7520_web_square.jpg', 'medium_url': 'https://images4-g.ravelrycache.com/uploads/knitspot/884241447/2022_petal_top_7520_web_medium.jpg', 'thumbnail_url': 'https://images4-f.ravelrycache.com/uploads/knitspot/884241447/2022_petal_top_7520_web_thumbnail.jpg', 'small_url': 'https://images4-f.ravelrycache.com/uploads/knitspot/884241447/2022_petal_top_7520_web_small_best_fit.jpg', 'flickr_url': None, 'shelved_url': 'https://images4-g.ravelrycache.com/uploads/knitspot/884241447/2022_petal_top_7520_web_shelved.jpg', 'medium2_url': 'https://images4-a.ravelrycache.com/uploads/knitspot/884241447/2022_petal_top_7520_web_medium2.jpg', 'small2_url': 'https://images4-f.ravelrycache.com/uploads/knitspot/884241447/2022_petal_top_7520_web_small2.jpg', 'caption': None, 'caption_html': None, 'copyright_holder': None}, {'id': 116495578, 'sort_order': 5, 'user_id': 41, 'x_offset': -1, 'y_offset': -43, 'square_url': 'https://images4-g.ravelrycache.com/uploads/knitspot/884241374/2022_petal_top_7724_web_square.jpg', 'medium_url': 'https://images4-f.ravelrycache.com/uploads/knitspot/884241374/2022_petal_top_7724_web_medium.jpg', 'thumbnail_url': 'https://images4-f.ravelrycache.com/uploads/knitspot/884241374/2022_petal_top_7724_web_thumbnail.jpg', 'small_url': 'https://images4-f.ravelrycache.com/uploads/knitspot/884241374/2022_petal_top_7724_web_small_best_fit.jpg', 'flickr_url': None, 'shelved_url': 'https://images4-g.ravelrycache.com/uploads/knitspot/884241374/2022_petal_top_7724_web_shelved.jpg', 'medium2_url': 'https://images4-a.ravelrycache.com/uploads/knitspot/884241374/2022_petal_top_7724_web_medium2.jpg', 'small2_url': 'https://images4-g.ravelrycache.com/uploads/knitspot/884241374/2022_petal_top_7724_web_small2.jpg', 'caption': None, 'caption_html': None, 'copyright_holder': None}, {'id': 116495579, 'sort_order': 6, 'user_id': 41, 'x_offset': -1, 'y_offset': -16, 'square_url': 'https://images4-f.ravelrycache.com/uploads/knitspot/884241272/2022_petal_top_7732_web_square.jpg', 'medium_url': 'https://images4-g.ravelrycache.com/uploads/knitspot/884241272/2022_petal_top_7732_web_medium.jpg', 'thumbnail_url': 'https://images4-f.ravelrycache.com/uploads/knitspot/884241272/2022_petal_top_7732_web_thumbnail.jpg', 'small_url': 'https://images4-g.ravelrycache.com/uploads/knitspot/884241272/2022_petal_top_7732_web_small_best_fit.jpg', 'flickr_url': None, 'shelved_url': 'https://images4-g.ravelrycache.com/uploads/knitspot/884241272/2022_petal_top_7732_web_shelved.jpg', 'medium2_url': 'https://images4-a.ravelrycache.com/uploads/knitspot/884241272/2022_petal_top_7732_web_medium2.jpg', 'small2_url': 'https://images4-f.ravelrycache.com/uploads/knitspot/884241272/2022_petal_top_7732_web_small2.jpg', 'caption': None, 'caption_html': None, 'copyright_holder': None}, {'id': 116495580, 'sort_order': 7, 'user_id': 41, 'x_offset': 0, 'y_offset': -43, 'square_url': 'https://images4-g.ravelrycache.com/uploads/knitspot/884241083/2022_PetalsTop_NOSleeve_8581_web_square.jpg', 'medium_url': 'https://images4-f.ravelrycache.com/uploads/knitspot/884241083/2022_PetalsTop_NOSleeve_8581_web_medium.jpg', 'thumbnail_url': 'https://images4-g.ravelrycache.com/uploads/knitspot/884241083/2022_PetalsTop_NOSleeve_8581_web_thumbnail.jpg', 'small_url': 'https://images4-f.ravelrycache.com/uploads/knitspot/884241083/2022_PetalsTop_NOSleeve_8581_web_small_best_fit.jpg', 'flickr_url': None, 'shelved_url': 'https://images4-g.ravelrycache.com/uploads/knitspot/884241083/2022_PetalsTop_NOSleeve_8581_web_shelved.jpg', 'medium2_url': 'https://images4-a.ravelrycache.com/uploads/knitspot/884241083/2022_PetalsTop_NOSleeve_8581_web_medium2.jpg', 'small2_url': 'https://images4-g.ravelrycache.com/uploads/knitspot/884241083/2022_PetalsTop_NOSleeve_8581_web_small2.jpg', 'caption': None, 'caption_html': None, 'copyright_holder': None}, {'id': 116495581, 'sort_order': 8, 'user_id': 41, 'x_offset': -2, 'y_offset': -78, 'square_url': 'https://images4-f.ravelrycache.com/uploads/knitspot/884241056/2022_PetalsTop_NOSleeve_8624_web_square.jpg', 'medium_url': 'https://images4-g.ravelrycache.com/uploads/knitspot/884241056/2022_PetalsTop_NOSleeve_8624_web_medium.jpg', 'thumbnail_url': 'https://images4-f.ravelrycache.com/uploads/knitspot/884241056/2022_PetalsTop_NOSleeve_8624_web_thumbnail.jpg', 'small_url': 'https://images4-f.ravelrycache.com/uploads/knitspot/884241056/2022_PetalsTop_NOSleeve_8624_web_small_best_fit.jpg', 'flickr_url': None, 'shelved_url': 'https://images4-f.ravelrycache.com/uploads/knitspot/884241056/2022_PetalsTop_NOSleeve_8624_web_shelved.jpg', 'medium2_url': 'https://images4-a.ravelrycache.com/uploads/knitspot/884241056/2022_PetalsTop_NOSleeve_8624_web_medium2.jpg', 'small2_url': 'https://images4-f.ravelrycache.com/uploads/knitspot/884241056/2022_PetalsTop_NOSleeve_8624_web_small2.jpg', 'caption': None, 'caption_html': None, 'copyright_holder': None}, {'id': 116495582, 'sort_order': 9, 'user_id': 41, 'x_offset': 0, 'y_offset': -43, 'square_url': 'https://images4-f.ravelrycache.com/uploads/knitspot/884241047/2022_PetalsTop_NOSleeve_8640_web_square.jpg', 'medium_url': 'https://images4-g.ravelrycache.com/uploads/knitspot/884241047/2022_PetalsTop_NOSleeve_8640_web_medium.jpg', 'thumbnail_url': 'https://images4-f.ravelrycache.com/uploads/knitspot/884241047/2022_PetalsTop_NOSleeve_8640_web_thumbnail.jpg', 'small_url': 'https://images4-g.ravelrycache.com/uploads/knitspot/884241047/2022_PetalsTop_NOSleeve_8640_web_small_best_fit.jpg', 'flickr_url': None, 'shelved_url': 'https://images4-f.ravelrycache.com/uploads/knitspot/884241047/2022_PetalsTop_NOSleeve_8640_web_shelved.jpg', 'medium2_url': 'https://images4-a.ravelrycache.com/uploads/knitspot/884241047/2022_PetalsTop_NOSleeve_8640_web_medium2.jpg', 'small2_url': 'https://images4-f.ravelrycache.com/uploads/knitspot/884241047/2022_PetalsTop_NOSleeve_8640_web_small2.jpg', 'caption': None, 'caption_html': None, 'copyright_holder': None}, {'id': 116495583, 'sort_order': 10, 'user_id': 41, 'x_offset': 0, 'y_offset': -43, 'square_url': 'https://images4-g.ravelrycache.com/uploads/knitspot/884241099/2022_PetalsTop_NOSleeve_8569_web_square.jpg', 'medium_url': 'https://images4-f.ravelrycache.com/uploads/knitspot/884241099/2022_PetalsTop_NOSleeve_8569_web_medium.jpg', 'thumbnail_url': 'https://images4-g.ravelrycache.com/uploads/knitspot/884241099/2022_PetalsTop_NOSleeve_8569_web_thumbnail.jpg', 'small_url': 'https://images4-g.ravelrycache.com/uploads/knitspot/884241099/2022_PetalsTop_NOSleeve_8569_web_small_best_fit.jpg', 'flickr_url': None, 'shelved_url': 'https://images4-f.ravelrycache.com/uploads/knitspot/884241099/2022_PetalsTop_NOSleeve_8569_web_shelved.jpg', 'medium2_url': 'https://images4-a.ravelrycache.com/uploads/knitspot/884241099/2022_PetalsTop_NOSleeve_8569_web_medium2.jpg', 'small2_url': 'https://images4-g.ravelrycache.com/uploads/knitspot/884241099/2022_PetalsTop_NOSleeve_8569_web_small2.jpg', 'caption': None, 'caption_html': None, 'copyright_holder': None}, {'id': 116495584, 'sort_order': 11, 'user_id': 41, 'x_offset': 0, 'y_offset': -54, 'square_url': 'https://images4-g.ravelrycache.com/uploads/knitspot/884241028/2022_PetalsTop_ShSleeve_8437_web_square.jpg', 'medium_url': 'https://images4-f.ravelrycache.com/uploads/knitspot/884241028/2022_PetalsTop_ShSleeve_8437_web_medium.jpg', 'thumbnail_url': 'https://images4-g.ravelrycache.com/uploads/knitspot/884241028/2022_PetalsTop_ShSleeve_8437_web_thumbnail.jpg', 'small_url': 'https://images4-f.ravelrycache.com/uploads/knitspot/884241028/2022_PetalsTop_ShSleeve_8437_web_small_best_fit.jpg', 'flickr_url': None, 'shelved_url': 'https://images4-g.ravelrycache.com/uploads/knitspot/884241028/2022_PetalsTop_ShSleeve_8437_web_shelved.jpg', 'medium2_url': 'https://images4-a.ravelrycache.com/uploads/knitspot/884241028/2022_PetalsTop_ShSleeve_8437_web_medium2.jpg', 'small2_url': 'https://images4-g.ravelrycache.com/uploads/knitspot/884241028/2022_PetalsTop_ShSleeve_8437_web_small2.jpg', 'caption': None, 'caption_html': None, 'copyright_holder': None}, {'id': 116495585, 'sort_order': 12, 'user_id': 41, 'x_offset': 0, 'y_offset': -29, 'square_url': 'https://images4-f.ravelrycache.com/uploads/knitspot/884240953/2022_PetalsTop_ShSleeve_8520_web_square.jpg', 'medium_url': 'https://images4-g.ravelrycache.com/uploads/knitspot/884240953/2022_PetalsTop_ShSleeve_8520_web_medium.jpg', 'thumbnail_url': 'https://images4-f.ravelrycache.com/uploads/knitspot/884240953/2022_PetalsTop_ShSleeve_8520_web_thumbnail.jpg', 'small_url': 'https://images4-f.ravelrycache.com/uploads/knitspot/884240953/2022_PetalsTop_ShSleeve_8520_web_small_best_fit.jpg', 'flickr_url': None, 'shelved_url': 'https://images4-f.ravelrycache.com/uploads/knitspot/884240953/2022_PetalsTop_ShSleeve_8520_web_shelved.jpg', 'medium2_url': 'https://images4-a.ravelrycache.com/uploads/knitspot/884240953/2022_PetalsTop_ShSleeve_8520_web_medium2.jpg', 'small2_url': 'https://images4-f.ravelrycache.com/uploads/knitspot/884240953/2022_PetalsTop_ShSleeve_8520_web_small2.jpg', 'caption': None, 'caption_html': None, 'copyright_holder': None}, {'id': 116495586, 'sort_order': 13, 'user_id': 41, 'x_offset': 1, 'y_offset': -67, 'square_url': 'https://images4-g.ravelrycache.com/uploads/knitspot/884240893/2022_PetalsTop_NOSleeve_8658_web_square.jpg', 'medium_url': 'https://images4-f.ravelrycache.com/uploads/knitspot/884240893/2022_PetalsTop_NOSleeve_8658_web_medium.jpg', 'thumbnail_url': 'https://images4-f.ravelrycache.com/uploads/knitspot/884240893/2022_PetalsTop_NOSleeve_8658_web_thumbnail.jpg', 'small_url': 'https://images4-f.ravelrycache.com/uploads/knitspot/884240893/2022_PetalsTop_NOSleeve_8658_web_small_best_fit.jpg', 'flickr_url': None, 'shelved_url': 'https://images4-g.ravelrycache.com/uploads/knitspot/884240893/2022_PetalsTop_NOSleeve_8658_web_shelved.jpg', 'medium2_url': 'https://images4-a.ravelrycache.com/uploads/knitspot/884240893/2022_PetalsTop_NOSleeve_8658_web_medium2.jpg', 'small2_url': 'https://images4-g.ravelrycache.com/uploads/knitspot/884240893/2022_PetalsTop_NOSleeve_8658_web_small2.jpg', 'caption': None, 'caption_html': None, 'copyright_holder': None}, {'id': 116495587, 'sort_order': 14, 'user_id': 41, 'x_offset': 0, 'y_offset': -43, 'square_url': 'https://images4-g.ravelrycache.com/uploads/knitspot/884241007/2022_PetalsTop_ShSleeve_8439_web_square.jpg', 'medium_url': 'https://images4-f.ravelrycache.com/uploads/knitspot/884241007/2022_PetalsTop_ShSleeve_8439_web_medium.jpg', 'thumbnail_url': 'https://images4-g.ravelrycache.com/uploads/knitspot/884241007/2022_PetalsTop_ShSleeve_8439_web_thumbnail.jpg', 'small_url': 'https://images4-g.ravelrycache.com/uploads/knitspot/884241007/2022_PetalsTop_ShSleeve_8439_web_small_best_fit.jpg', 'flickr_url': None, 'shelved_url': 'https://images4-f.ravelrycache.com/uploads/knitspot/884241007/2022_PetalsTop_ShSleeve_8439_web_shelved.jpg', 'medium2_url': 'https://images4-a.ravelrycache.com/uploads/knitspot/884241007/2022_PetalsTop_ShSleeve_8439_web_medium2.jpg', 'small2_url': 'https://images4-g.ravelrycache.com/uploads/knitspot/884241007/2022_PetalsTop_ShSleeve_8439_web_small2.jpg', 'caption': None, 'caption_html': None, 'copyright_holder': None}, {'id': 116495588, 'sort_order': 15, 'user_id': 41, 'x_offset': -44, 'y_offset': -2, 'square_url': 'https://images4-g.ravelrycache.com/uploads/knitspot/884241740/2022_petal_top_7457_web_square.jpg', 'medium_url': 'https://images4-f.ravelrycache.com/uploads/knitspot/884241740/2022_petal_top_7457_web_medium.jpg', 'thumbnail_url': 'https://images4-g.ravelrycache.com/uploads/knitspot/884241740/2022_petal_top_7457_web_thumbnail.jpg', 'small_url': 'https://images4-f.ravelrycache.com/uploads/knitspot/884241740/2022_petal_top_7457_web_small_best_fit.jpg', 'flickr_url': None, 'shelved_url': 'https://images4-g.ravelrycache.com/uploads/knitspot/884241740/2022_petal_top_7457_web_shelved.jpg', 'medium2_url': 'https://images4-a.ravelrycache.com/uploads/knitspot/884241740/2022_petal_top_7457_web_medium2.jpg', 'small2_url': 'https://images4-g.ravelrycache.com/uploads/knitspot/884241740/2022_petal_top_7457_web_small2.jpg', 'caption': None, 'caption_html': None, 'copyright_holder': None}]"
10591 Round Neck Sweater,Hayfield ,1284877,https://www.ravelry.com/patterns/library/10591-round-neck-sweater,False,https://images4-a.ravelrycache.com/uploads/LindaKnitter/884861477/SIRDAR_BONUS_DK1682_medium2.jpg,Knitting,"['female', 'teen', 'adult', 'petite', 'plus', 'cables', 'ribbed', 'seamed', 'crew-neck', 'long-sleeve', 'set-in-sleeve', 'bottom-up', 'positive-ease', 'written-pattern', 'cuffed-sleeve', 'worked-flat', 'schematic']",22.0,0.0,True,4.0,zig zag pattern,pullover,DK,2,0.0,"S(M, L, XL, XXL, XXXL)  32/34(36/38, 40/42, 44/46, 48/50, 52/54)""  81/86(91/97, 102/107, 112/117, 122/127, 132/137) cm","[{'id': 116510121, 'sort_order': 1, 'user_id': 71200, 'x_offset': 0, 'y_offset': -43, 'square_url': 'https://images4-f.ravelrycache.com/uploads/LindaKnitter/884861477/SIRDAR_BONUS_DK1682_square.jpg', 'medium_url': 'https://images4-g.ravelrycache.com/uploads/LindaKnitter/884861477/SIRDAR_BONUS_DK1682_medium.jpg', 'thumbnail_url': 'https://images4-f.ravelrycache.com/uploads/LindaKnitter/884861477/SIRDAR_BONUS_DK1682_thumbnail.jpg', 'small_url': 'https://images4-g.ravelrycache.com/uploads/LindaKnitter/884861477/SIRDAR_BONUS_DK1682_small_best_fit.jpg', 'flickr_url': None, 'shelved_url': 'https://images4-f.ravelrycache.com/uploads/LindaKnitter/884861477/SIRDAR_BONUS_DK1682_shelved.jpg', 'medium2_url': 'https://images4-a.ravelrycache.com/uploads/LindaKnitter/884861477/SIRDAR_BONUS_DK1682_medium2.jpg', 'small2_url': 'https://images4-f.ravelrycache.com/uploads/LindaKnitter/884861477/SIRDAR_BONUS_DK1682_small2.jpg', 'caption': None, 'caption_html': None, 'copyright_holder': '2022 Sirdar'}, {'id': 116510122, 'sort_order': 2, 'user_id': 71200, 'x_offset': -35, 'y_offset': -5, 'square_url': 'https://images4-f.ravelrycache.com/uploads/LindaKnitter/884861918/SIRDAR_BONUS_DK1686_square.jpg', 'medium_url': 'https://images4-g.ravelrycache.com/uploads/LindaKnitter/884861918/SIRDAR_BONUS_DK1686_medium.jpg', 'thumbnail_url': 'https://images4-f.ravelrycache.com/uploads/LindaKnitter/884861918/SIRDAR_BONUS_DK1686_thumbnail.jpg', 'small_url': 'https://images4-g.ravelrycache.com/uploads/LindaKnitter/884861918/SIRDAR_BONUS_DK1686_small.jpg', 'flickr_url': None, 'shelved_url': 'https://images4-g.ravelrycache.com/uploads/LindaKnitter/884861918/SIRDAR_BONUS_DK1686_shelved.jpg', 'medium2_url': 'https://images4-a.ravelrycache.com/uploads/LindaKnitter/884861918/SIRDAR_BONUS_DK1686_medium2.jpg', 'small2_url': 'https://images4-f.ravelrycache.com/uploads/LindaKnitter/884861918/SIRDAR_BONUS_DK1686_small2.jpg', 'caption': None, 'caption_html': None, 'copyright_holder': '2022 Sirdar'}, {'id': 116510123, 'sort_order': 3, 'user_id': 71200, 'x_offset': -17, 'y_offset': 0, 'square_url': 'https://images4-f.ravelrycache.com/uploads/LindaKnitter/884861924/SIRDAR_BONUS_DK1683_square.jpg', 'medium_url': 'https://images4-g.ravelrycache.com/uploads/LindaKnitter/884861924/SIRDAR_BONUS_DK1683_medium.jpg', 'thumbnail_url': 'https://images4-g.ravelrycache.com/uploads/LindaKnitter/884861924/SIRDAR_BONUS_DK1683_thumbnail.jpg', 'small_url': 'https://images4-g.ravelrycache.com/uploads/LindaKnitter/884861924/SIRDAR_BONUS_DK1683_small_best_fit.jpg', 'flickr_url': None, 'shelved_url': 'https://images4-g.ravelrycache.com/uploads/LindaKnitter/884861924/SIRDAR_BONUS_DK1683_shelved.jpg', 'medium2_url': 'https://images4-a.ravelrycache.com/uploads/LindaKnitter/884861924/SIRDAR_BONUS_DK1683_medium2.jpg', 'small2_url': 'https://images4-f.ravelrycache.com/uploads/LindaKnitter/884861924/SIRDAR_BONUS_DK1683_small2.jpg', 'caption': None, 'caption_html': None, 'copyright_holder': '2022 Sirdar'}, {'id': 116510124, 'sort_order': 4, 'user_id': 71200, 'x_offset': -11, 'y_offset': 1, 'square_url': 'https://images4-g.ravelrycache.com/uploads/LindaKnitter/884861921/SIRDAR_BONUS_DK1669_square.jpg', 'medium_url': 'https://images4-f.ravelrycache.com/uploads/LindaKnitter/884861921/SIRDAR_BONUS_DK1669_medium.jpg', 'thumbnail_url': 'https://images4-g.ravelrycache.com/uploads/LindaKnitter/884861921/SIRDAR_BONUS_DK1669_thumbnail.jpg', 'small_url': 'https://images4-f.ravelrycache.com/uploads/LindaKnitter/884861921/SIRDAR_BONUS_DK1669_small_best_fit.jpg', 'flickr_url': None, 'shelved_url': 'https://images4-f.ravelrycache.com/uploads/LindaKnitter/884861921/SIRDAR_BONUS_DK1669_shelved.jpg', 'medium2_url': 'https://images4-a.ravelrycache.com/uploads/LindaKnitter/884861921/SIRDAR_BONUS_DK1669_medium2.jpg', 'small2_url': 'https://images4-g.ravelrycache.com/uploads/LindaKnitter/884861921/SIRDAR_BONUS_DK1669_small2.jpg', 'caption': None, 'caption_html': None, 'copyright_holder': '2022 Sirdar'}]"
10596 V Neck Sweater,Hayfield ,1284893,https://www.ravelry.com/patterns/library/10596-v-neck-sweater,False,https://images4-a.ravelrycache.com/uploads/LindaKnitter/884873138/SIRDAR_BONUS_DK2072_medium2.jpg,Knitting,"['female', 'unisex', 'teen', 'adult', 'oversized', 'petite', 'plus', 'ribbed', 'seamed', 'v-neck', 'long-sleeve', 'set-in-sleeve', 'bottom-up', 'positive-ease', 'written-pattern', 'cuffed-sleeve', 'in-the-round', 'schematic']",22.0,0.0,True,4.0,Stockinette Stitch,pullover,DK,4,0.0,"S(M, L, XL, XXL, XXXL)  32/34(36/38, 40/42, 44/46, 48/50, 52/54)""  81/86(91/97, 102/107, 112/117, 122/127, 132/137) cm","[{'id': 116510260, 'sort_order': 1, 'user_id': 71200, 'x_offset': 1, 'y_offset': -60, 'square_url': 'https://images4-g.ravelrycache.com/uploads/LindaKnitter/884873138/SIRDAR_BONUS_DK2072_square.jpg', 'medium_url': 'https://images4-f.ravelrycache.com/uploads/LindaKnitter/884873138/SIRDAR_BONUS_DK2072_medium.jpg', 'thumbnail_url': 'https://images4-g.ravelrycache.com/uploads/LindaKnitter/884873138/SIRDAR_BONUS_DK2072_thumbnail.jpg', 'small_url': 'https://images4-g.ravelrycache.com/uploads/LindaKnitter/884873138/SIRDAR_BONUS_DK2072_small_best_fit.jpg', 'flickr_url': None, 'shelved_url': 'https://images4-f.ravelrycache.com/uploads/LindaKnitter/884873138/SIRDAR_BONUS_DK2072_shelved.jpg', 'medium2_url': 'https://images4-a.ravelrycache.com/uploads/LindaKnitter/884873138/SIRDAR_BONUS_DK2072_medium2.jpg', 'small2_url': 'https://images4-g.ravelrycache.com/uploads/LindaKnitter/884873138/SIRDAR_BONUS_DK2072_small2.jpg', 'caption': None, 'caption_html': None, 'copyright_holder': '2022 Sirdar'}, {'id': 116510261, 'sort_order': 2, 'user_id': 71200, 'x_offset': 0, 'y_offset': -45, 'square_url': 'https://images4-g.ravelrycache.com/uploads/LindaKnitter/884873135/SIRDAR_BONUS_DK2054_square.jpg', 'medium_url': 'https://images4-f.ravelrycache.com/uploads/LindaKnitter/884873135/SIRDAR_BONUS_DK2054_medium.jpg', 'thumbnail_url': 'https://images4-f.ravelrycache.com/uploads/LindaKnitter/884873135/SIRDAR_BONUS_DK2054_thumbnail.jpg', 'small_url': 'https://images4-g.ravelrycache.com/uploads/LindaKnitter/884873135/SIRDAR_BONUS_DK2054_small_best_fit.jpg', 'flickr_url': None, 'shelved_url': 'https://images4-g.ravelrycache.com/uploads/LindaKnitter/884873135/SIRDAR_BONUS_DK2054_shelved.jpg', 'medium2_url': 'https://images4-a.ravelrycache.com/uploads/LindaKnitter/884873135/SIRDAR_BONUS_DK2054_medium2.jpg', 'small2_url': 'https://images4-g.ravelrycache.com/uploads/LindaKnitter/884873135/SIRDAR_BONUS_DK2054_small2.jpg', 'caption': None, 'caption_html': None, 'copyright_holder': '2022 Sirdar'}]"
V-Neck Bibo,Sandra Bufe,1285123,https://www.ravelry.com/patterns/library/v-neck-bibo,False,https://images4-a.ravelrycache.com/uploads/Maschenjedoens/885017451/20221102_121138_medium2.jpg,Knitting,"['unisex', 'one-piece', 'short-rows', 'top-down', 'positive-ease', 'written-pattern', 'in-the-round', 'schematic']",,3.6666666666666665,True,4.0,,pullover,,6,5.0,testet in S-2XL,"[{'id': 116527935, 'sort_order': 1, 'user_id': 8385361, 'x_offset': 0, 'y_offset': -2, 'square_url': 'https://images4-f.ravelrycache.com/uploads/Maschenjedoens/885017451/20221102_121138_square.jpg', 'medium_url': 'https://images4-g.ravelrycache.com/uploads/Maschenjedoens/885017451/20221102_121138_medium.jpg', 'thumbnail_url': 'https://images4-g.ravelrycache.com/uploads/Maschenjedoens/885017451/20221102_121138_thumbnail.jpg', 'small_url': 'https://images4-f.ravelrycache.com/uploads/Maschenjedoens/885017451/20221102_121138_small_best_fit.jpg', 'flickr_url': None, 'shelved_url': 'https://images4-g.ravelrycache.com/uploads/Maschenjedoens/885017451/20221102_121138_shelved.jpg', 'medium2_url': 'https://images4-a.ravelrycache.com/uploads/Maschenjedoens/885017451/20221102_121138_medium2.jpg', 'small2_url': 'https://images4-f.ravelrycache.com/uploads/Maschenjedoens/885017451/20221102_121138_small2.jpg', 'caption': None, 'caption_html': None, 'copyright_holder': None}, {'id': 116527934, 'sort_order': 2, 'user_id': 8385361, 'x_offset': -2, 'y_offset': 0, 'square_url': 'https://images4-g.ravelrycache.com/uploads/Maschenjedoens/885017513/20221102_120830_square.jpg', 'medium_url': 'https://images4-f.ravelrycache.com/uploads/Maschenjedoens/885017513/20221102_120830_medium.jpg', 'thumbnail_url': 'https://images4-g.ravelrycache.com/uploads/Maschenjedoens/885017513/20221102_120830_thumbnail.jpg', 'small_url': 'https://images4-f.ravelrycache.com/uploads/Maschenjedoens/885017513/20221102_120830_small_best_fit.jpg', 'flickr_url': None, 'shelved_url': 'https://images4-f.ravelrycache.com/uploads/Maschenjedoens/885017513/20221102_120830_shelved.jpg', 'medium2_url': 'https://images4-a.ravelrycache.com/uploads/Maschenjedoens/885017513/20221102_120830_medium2.jpg', 'small2_url': 'https://images4-g.ravelrycache.com/uploads/Maschenjedoens/885017513/20221102_120830_small2.jpg', 'caption': None, 'caption_html': None, 'copyright_holder': None}, {'id': 116527936, 'sort_order': 3, 'user_id': 8385361, 'x_offset': -2, 'y_offset': 0, 'square_url': 'https://images4-g.ravelrycache.com/uploads/Maschenjedoens/885017509/20221102_120712_square.jpg', 'medium_url': 'https://images4-f.ravelrycache.com/uploads/Maschenjedoens/885017509/20221102_120712_medium.jpg', 'thumbnail_url': 'https://images4-g.ravelrycache.com/uploads/Maschenjedoens/885017509/20221102_120712_thumbnail.jpg', 'small_url': 'https://images4-f.ravelrycache.com/uploads/Maschenjedoens/885017509/20221102_120712_small_best_fit.jpg', 'flickr_url': None, 'shelved_url': 'https://images4-g.ravelrycache.com/uploads/Maschenjedoens/885017509/20221102_120712_shelved.jpg', 'medium2_url': 'https://images4-a.ravelrycache.com/uploads/Maschenjedoens/885017509/20221102_120712_medium2.jpg', 'small2_url': 'https://images4-g.ravelrycache.com/uploads/Maschenjedoens/885017509/20221102_120712_small2.jpg', 'caption': None, 'caption_html': None, 'copyright_holder': None}, {'id': 116527937, 'sort_order': 4, 'user_id': 8385361, 'x_offset': -6, 'y_offset': -1, 'square_url': 'https://images4-f.ravelrycache.com/uploads/Maschenjedoens/885017511/20221102_120813_square.jpg', 'medium_url': 'https://images4-g.ravelrycache.com/uploads/Maschenjedoens/885017511/20221102_120813_medium.jpg', 'thumbnail_url': 'https://images4-g.ravelrycache.com/uploads/Maschenjedoens/885017511/20221102_120813_thumbnail.jpg', 'small_url': 'https://images4-f.ravelrycache.com/uploads/Maschenjedoens/885017511/20221102_120813_small_best_fit.jpg', 'flickr_url': None, 'shelved_url': 'https://images4-f.ravelrycache.com/uploads/Maschenjedoens/885017511/20221102_120813_shelved.jpg', 'medium2_url': 'https://images4-a.ravelrycache.com/uploads/Maschenjedoens/885017511/20221102_120813_medium2.jpg', 'small2_url': 'https://images4-f.ravelrycache.com/uploads/Maschenjedoens/885017511/20221102_120813_small2.jpg', 'caption': None, 'caption_html': None, 'copyright_holder': None}, {'id': 116527938, 'sort_order': 5, 'user_id': 8385361, 'x_offset': 0, 'y_offset': -20, 'square_url': 'https://images4-g.ravelrycache.com/uploads/Maschenjedoens/885017512/20221102_120915_square.jpg', 'medium_url': 'https://images4-f.ravelrycache.com/uploads/Maschenjedoens/885017512/20221102_120915_medium.jpg', 'thumbnail_url': 'https://images4-f.ravelrycache.com/uploads/Maschenjedoens/885017512/20221102_120915_thumbnail.jpg', 'small_url': 'https://images4-f.ravelrycache.com/uploads/Maschenjedoens/885017512/20221102_120915_small_best_fit.jpg', 'flickr_url': None, 'shelved_url': 'https://images4-g.ravelrycache.com/uploads/Maschenjedoens/885017512/20221102_120915_shelved.jpg', 'medium2_url': 'https://images4-a.ravelrycache.com/uploads/Maschenjedoens/885017512/20221102_120915_medium2.jpg', 'small2_url': 'https://images4-g.ravelrycache.com/uploads/Maschenjedoens/885017512/20221102_120915_small2.jpg', 'caption': None, 'caption_html': None, 'copyright_holder': None}, {'id': 116527939, 'sort_order': 6, 'user_id': 8385361, 'x_offset': -15, 'y_offset': 0, 'square_url': 'https://images4-f.ravelrycache.com/uploads/Maschenjedoens/885017450/20221102_121145_square.jpg', 'medium_url': 'https://images4-g.ravelrycache.com/uploads/Maschenjedoens/885017450/20221102_121145_medium.jpg', 'thumbnail_url': 'https://images4-g.ravelrycache.com/uploads/Maschenjedoens/885017450/20221102_121145_thumbnail.jpg', 'small_url': 'https://images4-f.ravelrycache.com/uploads/Maschenjedoens/885017450/20221102_121145_small_best_fit.jpg', 'flickr_url': None, 'shelved_url': 'https://images4-f.ravelrycache.com/uploads/Maschenjedoens/885017450/20221102_121145_shelved.jpg', 'medium2_url': 'https://images4-a.ravelrycache.com/uploads/Maschenjedoens/885017450/20221102_121145_medium2.jpg', 'small2_url': 'https://images4-f.ravelrycache.com/uploads/Maschenjedoens/885017450/20221102_121145_small2.jpg', 'caption': None, 'caption_html': None, 'copyright_holder': None}, {'id': 116527940, 'sort_order': 7, 'user_id': 8385361, 'x_offset': 0, 'y_offset': -15, 'square_url': 'https://images4-g.ravelrycache.com/uploads/Maschenjedoens/885017641/20221102_121214_square.jpg', 'medium_url': 'https://images4-f.ravelrycache.com/uploads/Maschenjedoens/885017641/20221102_121214_medium.jpg', 'thumbnail_url': 'https://images4-g.ravelrycache.com/uploads/Maschenjedoens/885017641/20221102_121214_thumbnail.jpg', 'small_url': 'https://images4-f.ravelrycache.com/uploads/Maschenjedoens/885017641/20221102_121214_small_best_fit.jpg', 'flickr_url': None, 'shelved_url': 'https://images4-f.ravelrycache.com/uploads/Maschenjedoens/885017641/20221102_121214_shelved.jpg', 'medium2_url': 'https://images4-a.ravelrycache.com/uploads/Maschenjedoens/885017641/20221102_121214_medium2.jpg', 'small2_url': 'https://images4-g.ravelrycache.com/uploads/Maschenjedoens/885017641/20221102_121214_small2.jpg', 'caption': None, 'caption_html': None, 'copyright_holder': None}, {'id': 116527941, 'sort_order': 8, 'user_id': 8385361, 'x_offset': 1, 'y_offset': -25, 'square_url': 'https://images4-g.ravelrycache.com/uploads/Maschenjedoens/885017452/20221102_121232_square.jpg', 'medium_url': 'https://images4-f.ravelrycache.com/uploads/Maschenjedoens/885017452/20221102_121232_medium.jpg', 'thumbnail_url': 'https://images4-f.ravelrycache.com/uploads/Maschenjedoens/885017452/20221102_121232_thumbnail.jpg', 'small_url': 'https://images4-f.ravelrycache.com/uploads/Maschenjedoens/885017452/20221102_121232_small_best_fit.jpg', 'flickr_url': None, 'shelved_url': 'https://images4-g.ravelrycache.com/uploads/Maschenjedoens/885017452/20221102_121232_shelved.jpg', 'medium2_url': 'https://images4-a.ravelrycache.com/uploads/Maschenjedoens/885017452/20221102_121232_medium2.jpg', 'small2_url': 'https://images4-g.ravelrycache.com/uploads/Maschenjedoens/885017452/20221102_121232_small2.jpg', 'caption': None, 'caption_html': None, 'copyright_holder': None}, {'id': 116527942, 'sort_order': 9, 'user_id': 8385361, 'x_offset': -5, 'y_offset': -35, 'square_url': 'https://images4-g.ravelrycache.com/uploads/Maschenjedoens/885017323/IMG-20221103-WA0004_square.jpg', 'medium_url': 'https://images4-f.ravelrycache.com/uploads/Maschenjedoens/885017323/IMG-20221103-WA0004_medium.jpg', 'thumbnail_url': 'https://images4-f.ravelrycache.com/uploads/Maschenjedoens/885017323/IMG-20221103-WA0004_thumbnail.jpg', 'small_url': 'https://images4-f.ravelrycache.com/uploads/Maschenjedoens/885017323/IMG-20221103-WA0004_small.jpg', 'flickr_url': None, 'shelved_url': 'https://images4-f.ravelrycache.com/uploads/Maschenjedoens/885017323/IMG-20221103-WA0004_shelved.jpg', 'medium2_url': 'https://images4-a.ravelrycache.com/uploads/Maschenjedoens/885017323/IMG-20221103-WA0004_medium2.jpg', 'small2_url': 'https://images4-g.ravelrycache.com/uploads/Maschenjedoens/885017323/IMG-20221103-WA0004_small2.jpg', 'caption': 'Teststrick von Minke', 'caption_html': 'Teststrick von Minke', 'copyright_holder': ''}, {'id': 116527943, 'sort_order': 10, 'user_id': 8385361, 'x_offset': -5, 'y_offset': -35, 'square_url': 'https://images4-f.ravelrycache.com/uploads/Maschenjedoens/885017325/IMG-20221103-WA0011_square.jpg', 'medium_url': 'https://images4-g.ravelrycache.com/uploads/Maschenjedoens/885017325/IMG-20221103-WA0011_medium.jpg', 'thumbnail_url': 'https://images4-g.ravelrycache.com/uploads/Maschenjedoens/885017325/IMG-20221103-WA0011_thumbnail.jpg', 'small_url': 'https://images4-f.ravelrycache.com/uploads/Maschenjedoens/885017325/IMG-20221103-WA0011_small.jpg', 'flickr_url': None, 'shelved_url': 'https://images4-f.ravelrycache.com/uploads/Maschenjedoens/885017325/IMG-20221103-WA0011_shelved.jpg', 'medium2_url': 'https://images4-a.ravelrycache.com/uploads/Maschenjedoens/885017325/IMG-20221103-WA0011_medium2.jpg', 'small2_url': 'https://images4-f.ravelrycache.com/uploads/Maschenjedoens/885017325/IMG-20221103-WA0011_small2.jpg', 'caption': None, 'caption_html': None, 'copyright_holder': None}, {'id': 116527944, 'sort_order': 11, 'user_id': 8385361, 'x_offset': -5, 'y_offset': -35, 'square_url': 'https://images4-g.ravelrycache.com/uploads/Maschenjedoens/885017324/IMG-20221103-WA0010_square.jpg', 'medium_url': 'https://images4-f.ravelrycache.com/uploads/Maschenjedoens/885017324/IMG-20221103-WA0010_medium.jpg', 'thumbnail_url': 'https://images4-g.ravelrycache.com/uploads/Maschenjedoens/885017324/IMG-20221103-WA0010_thumbnail.jpg', 'small_url': 'https://images4-g.ravelrycache.com/uploads/Maschenjedoens/885017324/IMG-20221103-WA0010_small.jpg', 'flickr_url': None, 'shelved_url': 'https://images4-g.ravelrycache.com/uploads/Maschenjedoens/885017324/IMG-20221103-WA0010_shelved.jpg', 'medium2_url': 'https://images4-a.ravelrycache.com/uploads/Maschenjedoens/885017324/IMG-20221103-WA0010_medium2.jpg', 'small2_url': 'https://images4-g.ravelrycache.com/uploads/Maschenjedoens/885017324/IMG-20221103-WA0010_small2.jpg', 'caption': None, 'caption_html': None, 'copyright_holder': None}, {'id': 116527945, 'sort_order': 12, 'user_id': 8385361, 'x_offset': -5, 'y_offset': -35, 'square_url': 'https://images4-f.ravelrycache.com/uploads/Maschenjedoens/885017322/IMG-20221103-WA0007_square.jpg', 'medium_url': 'https://images4-g.ravelrycache.com/uploads/Maschenjedoens/885017322/IMG-20221103-WA0007_medium.jpg', 'thumbnail_url': 'https://images4-g.ravelrycache.com/uploads/Maschenjedoens/885017322/IMG-20221103-WA0007_thumbnail.jpg', 'small_url': 'https://images4-f.ravelrycache.com/uploads/Maschenjedoens/885017322/IMG-20221103-WA0007_small.jpg', 'flickr_url': None, 'shelved_url': 'https://images4-g.ravelrycache.com/uploads/Maschenjedoens/885017322/IMG-20221103-WA0007_shelved.jpg', 'medium2_url': 'https://images4-a.ravelrycache.com/uploads/Maschenjedoens/885017322/IMG-20221103-WA0007_medium2.jpg', 'small2_url': 'https://images4-f.ravelrycache.com/uploads/Maschenjedoens/885017322/IMG-20221103-WA0007_small2.jpg', 'caption': None, 'caption_html': None, 'copyright_holder': None}, {'id': 116527946, 'sort_order': 13, 'user_id': 8385361, 'x_offset': -5, 'y_offset': -35, 'square_url': 'https://images4-f.ravelrycache.com/uploads/Maschenjedoens/885017215/IMG-20221009-WA0005_square.jpg', 'medium_url': 'https://images4-g.ravelrycache.com/uploads/Maschenjedoens/885017215/IMG-20221009-WA0005_medium.jpg', 'thumbnail_url': 'https://images4-g.ravelrycache.com/uploads/Maschenjedoens/885017215/IMG-20221009-WA0005_thumbnail.jpg', 'small_url': 'https://images4-f.ravelrycache.com/uploads/Maschenjedoens/885017215/IMG-20221009-WA0005_small.jpg', 'flickr_url': None, 'shelved_url': 'https://images4-f.ravelrycache.com/uploads/Maschenjedoens/885017215/IMG-20221009-WA0005_shelved.jpg', 'medium2_url': 'https://images4-a.ravelrycache.com/uploads/Maschenjedoens/885017215/IMG-20221009-WA0005_medium2.jpg', 'small2_url': 'https://images4-f.ravelrycache.com/uploads/Maschenjedoens/885017215/IMG-20221009-WA0005_small2.jpg', 'caption': 'Teststrick von Karin', 'caption_html': 'Teststrick von Karin', 'copyright_holder': ''}, {'id': 116527947, 'sort_order': 14, 'user_id': 8385361, 'x_offset': -5, 'y_offset': -35, 'square_url': 'https://images4-f.ravelrycache.com/uploads/Maschenjedoens/885017216/IMG-20221009-WA0003_square.jpg', 'medium_url': 'https://images4-g.ravelrycache.com/uploads/Maschenjedoens/885017216/IMG-20221009-WA0003_medium.jpg', 'thumbnail_url': 'https://images4-g.ravelrycache.com/uploads/Maschenjedoens/885017216/IMG-20221009-WA0003_thumbnail.jpg', 'small_url': 'https://images4-f.ravelrycache.com/uploads/Maschenjedoens/885017216/IMG-20221009-WA0003_small.jpg', 'flickr_url': None, 'shelved_url': 'https://images4-f.ravelrycache.com/uploads/Maschenjedoens/885017216/IMG-20221009-WA0003_shelved.jpg', 'medium2_url': 'https://images4-a.ravelrycache.com/uploads/Maschenjedoens/885017216/IMG-20221009-WA0003_medium2.jpg', 'small2_url': 'https://images4-f.ravelrycache.com/uploads/Maschenjedoens/885017216/IMG-20221009-WA0003_small2.jpg', 'caption': None, 'caption_html': None, 'copyright_holder': None}, {'id': 116527948, 'sort_order': 15, 'user_id': 8385361, 'x_offset': -5, 'y_offset': -35, 'square_url': 'https://images4-g.ravelrycache.com/uploads/Maschenjedoens/885017214/IMG-20221009-WA0001_square.jpg', 'medium_url': 'https://images4-f.ravelrycache.com/uploads/Maschenjedoens/885017214/IMG-20221009-WA0001_medium.jpg', 'thumbnail_url': 'https://images4-g.ravelrycache.com/uploads/Maschenjedoens/885017214/IMG-20221009-WA0001_thumbnail.jpg', 'small_url': 'https://images4-f.ravelrycache.com/uploads/Maschenjedoens/885017214/IMG-20221009-WA0001_small.jpg', 'flickr_url': None, 'shelved_url': 'https://images4-g.ravelrycache.com/uploads/Maschenjedoens/885017214/IMG-20221009-WA0001_shelved.jpg', 'medium2_url': 'https://images4-a.ravelrycache.com/uploads/Maschenjedoens/885017214/IMG-20221009-WA0001_medium2.jpg', 'small2_url': 'https://images4-g.ravelrycache.com/uploads/Maschenjedoens/885017214/IMG-20221009-WA0001_small2.jpg', 'caption': None, 'caption_html': None, 'copyright_holder': None}, {'id': 116527949, 'sort_order': 16, 'user_id': 8385361, 'x_offset': 0, 'y_offset': -53, 'square_url': 'https://images4-g.ravelrycache.com/uploads/Maschenjedoens/885017677/20221101_133642_square.jpg', 'medium_url': 'https://images4-f.ravelrycache.com/uploads/Maschenjedoens/885017677/20221101_133642_medium.jpg', 'thumbnail_url': 'https://images4-f.ravelrycache.com/uploads/Maschenjedoens/885017677/20221101_133642_thumbnail.jpg', 'small_url': 'https://images4-g.ravelrycache.com/uploads/Maschenjedoens/885017677/20221101_133642_small_best_fit.jpg', 'flickr_url': None, 'shelved_url': 'https://images4-f.ravelrycache.com/uploads/Maschenjedoens/885017677/20221101_133642_shelved.jpg', 'medium2_url': 'https://images4-a.ravelrycache.com/uploads/Maschenjedoens/885017677/20221101_133642_medium2.jpg', 'small2_url': 'https://images4-g.ravelrycache.com/uploads/Maschenjedoens/885017677/20221101_133642_small2.jpg', 'caption': None, 'caption_html': None, 'copyright_holder': None}, {'id': 116527950, 'sort_order': 17, 'user_id': 8385361, 'x_offset': -35, 'y_offset': -5, 'square_url': 'https://images4-g.ravelrycache.com/uploads/Maschenjedoens/885017675/20221101_133732_square.jpg', 'medium_url': 'https://images4-f.ravelrycache.com/uploads/Maschenjedoens/885017675/20221101_133732_medium.jpg', 'thumbnail_url': 'https://images4-f.ravelrycache.com/uploads/Maschenjedoens/885017675/20221101_133732_thumbnail.jpg', 'small_url': 'https://images4-g.ravelrycache.com/uploads/Maschenjedoens/885017675/20221101_133732_small.jpg', 'flickr_url': None, 'shelved_url': 'https://images4-f.ravelrycache.com/uploads/Maschenjedoens/885017675/20221101_133732_shelved.jpg', 'medium2_url': 'https://images4-a.ravelrycache.com/uploads/Maschenjedoens/885017675/20221101_133732_medium2.jpg', 'small2_url': 'https://images4-g.ravelrycache.com/uploads/Maschenjedoens/885017675/20221101_133732_small2.jpg', 'caption': None, 'caption_html': None, 'copyright_holder': None}, {'id': 116527951, 'sort_order': 18, 'user_id': 8385361, 'x_offset': -22, 'y_offset': 0, 'square_url': 'https://images4-f.ravelrycache.com/uploads/Maschenjedoens/885017676/20221101_133810_square.jpg', 'medium_url': 'https://images4-g.ravelrycache.com/uploads/Maschenjedoens/885017676/20221101_133810_medium.jpg', 'thumbnail_url': 'https://images4-f.ravelrycache.com/uploads/Maschenjedoens/885017676/20221101_133810_thumbnail.jpg', 'small_url': 'https://images4-g.ravelrycache.com/uploads/Maschenjedoens/885017676/20221101_133810_small_best_fit.jpg', 'flickr_url': None, 'shelved_url': 'https://images4-f.ravelrycache.com/uploads/Maschenjedoens/885017676/20221101_133810_shelved.jpg', 'medium2_url': 'https://images4-a.ravelrycache.com/uploads/Maschenjedoens/885017676/20221101_133810_medium2.jpg', 'small2_url': 'https://images4-f.ravelrycache.com/uploads/Maschenjedoens/885017676/20221101_133810_small2.jpg', 'caption': None, 'caption_html': None, 'copyright_holder': None}, {'id': 116527952, 'sort_order': 19, 'user_id': 8385361, 'x_offset': -5, 'y_offset': -35, 'square_url': 'https://images4-g.ravelrycache.com/uploads/Maschenjedoens/885017036/IMG-20221028-WA0000_square.jpg', 'medium_url': 'https://images4-f.ravelrycache.com/uploads/Maschenjedoens/885017036/IMG-20221028-WA0000_medium.jpg', 'thumbnail_url': 'https://images4-g.ravelrycache.com/uploads/Maschenjedoens/885017036/IMG-20221028-WA0000_thumbnail.jpg', 'small_url': 'https://images4-g.ravelrycache.com/uploads/Maschenjedoens/885017036/IMG-20221028-WA0000_small.jpg', 'flickr_url': None, 'shelved_url': 'https://images4-f.ravelrycache.com/uploads/Maschenjedoens/885017036/IMG-20221028-WA0000_shelved.jpg', 'medium2_url': 'https://images4-a.ravelrycache.com/uploads/Maschenjedoens/885017036/IMG-20221028-WA0000_medium2.jpg', 'small2_url': 'https://images4-g.ravelrycache.com/uploads/Maschenjedoens/885017036/IMG-20221028-WA0000_small2.jpg', 'caption': 'Teststrick von Claudia', 'caption_html': 'Teststrick von Claudia', 'copyright_holder': ''}, {'id': 116527953, 'sort_order': 20, 'user_id': 8385361, 'x_offset': -5, 'y_offset': -35, 'square_url': 'https://images4-g.ravelrycache.com/uploads/Maschenjedoens/885017035/IMG-20221028-WA0004_square.jpg', 'medium_url': 'https://images4-f.ravelrycache.com/uploads/Maschenjedoens/885017035/IMG-20221028-WA0004_medium.jpg', 'thumbnail_url': 'https://images4-f.ravelrycache.com/uploads/Maschenjedoens/885017035/IMG-20221028-WA0004_thumbnail.jpg', 'small_url': 'https://images4-f.ravelrycache.com/uploads/Maschenjedoens/885017035/IMG-20221028-WA0004_small.jpg', 'flickr_url': None, 'shelved_url': 'https://images4-f.ravelrycache.com/uploads/Maschenjedoens/885017035/IMG-20221028-WA0004_shelved.jpg', 'medium2_url': 'https://images4-a.ravelrycache.com/uploads/Maschenjedoens/885017035/IMG-20221028-WA0004_medium2.jpg', 'small2_url': 'https://images4-g.ravelrycache.com/uploads/Maschenjedoens/885017035/IMG-20221028-WA0004_small2.jpg', 'caption': None, 'caption_html': None, 'copyright_holder': None}, {'id': 116527954, 'sort_order': 21, 'user_id': 8385361, 'x_offset': -5, 'y_offset': -35, 'square_url': 'https://images4-f.ravelrycache.com/uploads/Maschenjedoens/885017034/IMG-20221028-WA0001_square.jpg', 'medium_url': 'https://images4-g.ravelrycache.com/uploads/Maschenjedoens/885017034/IMG-20221028-WA0001_medium.jpg', 'thumbnail_url': 'https://images4-f.ravelrycache.com/uploads/Maschenjedoens/885017034/IMG-20221028-WA0001_thumbnail.jpg', 'small_url': 'https://images4-f.ravelrycache.com/uploads/Maschenjedoens/885017034/IMG-20221028-WA0001_small.jpg', 'flickr_url': None, 'shelved_url': 'https://images4-f.ravelrycache.com/uploads/Maschenjedoens/885017034/IMG-20221028-WA0001_shelved.jpg', 'medium2_url': 'https://images4-a.ravelrycache.com/uploads/Maschenjedoens/885017034/IMG-20221028-WA0001_medium2.jpg', 'small2_url': 'https://images4-f.ravelrycache.com/uploads/Maschenjedoens/885017034/IMG-20221028-WA0001_small2.jpg', 'caption': None, 'caption_html': None, 'copyright_holder': None}, {'id': 116527955, 'sort_order': 22, 'user_id': 8385361, 'x_offset': -1, 'y_offset': -54, 'square_url': 'https://images4-g.ravelrycache.com/uploads/Maschenjedoens/885017087/IMG-20221102-WA0000_square.jpg', 'medium_url': 'https://images4-f.ravelrycache.com/uploads/Maschenjedoens/885017087/IMG-20221102-WA0000_medium.jpg', 'thumbnail_url': 'https://images4-f.ravelrycache.com/uploads/Maschenjedoens/885017087/IMG-20221102-WA0000_thumbnail.jpg', 'small_url': 'https://images4-f.ravelrycache.com/uploads/Maschenjedoens/885017087/IMG-20221102-WA0000_small_best_fit.jpg', 'flickr_url': None, 'shelved_url': 'https://images4-f.ravelrycache.com/uploads/Maschenjedoens/885017087/IMG-20221102-WA0000_shelved.jpg', 'medium2_url': 'https://images4-a.ravelrycache.com/uploads/Maschenjedoens/885017087/IMG-20221102-WA0000_medium2.jpg', 'small2_url': 'https://images4-g.ravelrycache.com/uploads/Maschenjedoens/885017087/IMG-20221102-WA0000_small2.jpg', 'caption': 'Teststrick von Angela', 'caption_html': 'Teststrick von Angela', 'copyright_holder': ''}, {'id': 116527956, 'sort_order': 23, 'user_id': 8385361, 'x_offset': -5, 'y_offset': -35, 'square_url': 'https://images4-f.ravelrycache.com/uploads/Maschenjedoens/885017086/IMG-20221102-WA0005_square.jpg', 'medium_url': 'https://images4-g.ravelrycache.com/uploads/Maschenjedoens/885017086/IMG-20221102-WA0005_medium.jpg', 'thumbnail_url': 'https://images4-f.ravelrycache.com/uploads/Maschenjedoens/885017086/IMG-20221102-WA0005_thumbnail.jpg', 'small_url': 'https://images4-f.ravelrycache.com/uploads/Maschenjedoens/885017086/IMG-20221102-WA0005_small.jpg', 'flickr_url': None, 'shelved_url': 'https://images4-f.ravelrycache.com/uploads/Maschenjedoens/885017086/IMG-20221102-WA0005_shelved.jpg', 'medium2_url': 'https://images4-a.ravelrycache.com/uploads/Maschenjedoens/885017086/IMG-20221102-WA0005_medium2.jpg', 'small2_url': 'https://images4-f.ravelrycache.com/uploads/Maschenjedoens/885017086/IMG-20221102-WA0005_small2.jpg', 'caption': None, 'caption_html': None, 'copyright_holder': None}, {'id': 116527957, 'sort_order': 24, 'user_id': 8385361, 'x_offset': -5, 'y_offset': -35, 'square_url': 'https://images4-f.ravelrycache.com/uploads/Maschenjedoens/885017088/IMG-20221102-WA0001_square.jpg', 'medium_url': 'https://images4-g.ravelrycache.com/uploads/Maschenjedoens/885017088/IMG-20221102-WA0001_medium.jpg', 'thumbnail_url': 'https://images4-g.ravelrycache.com/uploads/Maschenjedoens/885017088/IMG-20221102-WA0001_thumbnail.jpg', 'small_url': 'https://images4-f.ravelrycache.com/uploads/Maschenjedoens/885017088/IMG-20221102-WA0001_small.jpg', 'flickr_url': None, 'shelved_url': 'https://images4-g.ravelrycache.com/uploads/Maschenjedoens/885017088/IMG-20221102-WA0001_shelved.jpg', 'medium2_url': 'https://images4-a.ravelrycache.com/uploads/Maschenjedoens/885017088/IMG-20221102-WA0001_medium2.jpg', 'small2_url': 'https://images4-f.ravelrycache.com/uploads/Maschenjedoens/885017088/IMG-20221102-WA0001_small2.jpg', 'caption': None, 'caption_html': None, 'copyright_holder': None}]"
M2254 Turtleneck cabled sweater,Bergère de France,1285168,https://www.ravelry.com/patterns/library/m2254-turtleneck-cabled-sweater,False,https://images4-a.ravelrycache.com/uploads/SimplyCrochetMag/885030386/insta__projects13_medium2.jpg,Knitting,"['cables', 'textured', 'chart', 'written-pattern', 'schematic', 'male', 'adult', 'turtleneck', 'long-sleeve', 'positive-ease', 'drop-sleeve']",,0.0,True,4.0,,pullover,Aran,3,0.0,S - XL,"[{'id': 116529610, 'sort_order': 1, 'user_id': 8010251, 'x_offset': 3, 'y_offset': 6, 'square_url': 'https://images4-f.ravelrycache.com/uploads/SimplyCrochetMag/885030386/insta__projects13_square.jpg', 'medium_url': 'https://images4-g.ravelrycache.com/uploads/SimplyCrochetMag/885030386/insta__projects13_medium.jpg', 'thumbnail_url': 'https://images4-f.ravelrycache.com/uploads/SimplyCrochetMag/885030386/insta__projects13_thumbnail.jpg', 'small_url': 'https://images4-f.ravelrycache.com/uploads/SimplyCrochetMag/885030386/insta__projects13_small_best_fit.jpg', 'flickr_url': None, 'shelved_url': 'https://images4-g.ravelrycache.com/uploads/SimplyCrochetMag/885030386/insta__projects13_shelved.jpg', 'medium2_url': 'https://images4-a.ravelrycache.com/uploads/SimplyCrochetMag/885030386/insta__projects13_medium2.jpg', 'small2_url': 'https://images4-f.ravelrycache.com/uploads/SimplyCrochetMag/885030386/insta__projects13_small2.jpg', 'caption': None, 'caption_html': None, 'copyright_holder': None}]"
Moonbean,Kim McBrien Evans,1285184,https://www.ravelry.com/patterns/library/moonbean,False,https://images4-a.ravelrycache.com/uploads/indigodragonfly/884949674/IMG_0052_3_medium2.jpeg,Knitting,"['unisex', 'adult', 'plus', 'textured', 'scoop-neck', 'elbow-sleeve', 'straight', 'short-rows', 'chart', 'written-pattern', 'cropped', 'in-the-round', 'other-edging', 'stripes-colorwork', 'schematic']",23.0,0.0,True,4.0,Stockinette Stitch,pullover,Sport,15,0.0,"78.5 (83.5, 87, 92, 97.5, 101, 106) 109.5 [115, 120, 123.5, 127, 132, 141] 149.5 cm /31.25 (33.5, 34.75, 36.75, 39, 40.25, 42. 5) 43.75 [46, 48, 49.5, 50.75, 52.75, 56.25] 59.75 inches + larger (see notes)  ","[{'id': 116530402, 'sort_order': 1, 'user_id': 1275, 'x_offset': -13, 'y_offset': -16, 'square_url': 'https://images4-f.ravelrycache.com/uploads/indigodragonfly/884949674/IMG_0052_3_square.jpeg', 'medium_url': 'https://images4-f.ravelrycache.com/uploads/indigodragonfly/884949674/IMG_0052_3_medium.jpeg', 'thumbnail_url': 'https://images4-f.ravelrycache.com/uploads/indigodragonfly/884949674/IMG_0052_3_thumbnail.jpeg', 'small_url': 'https://images4-g.ravelrycache.com/uploads/indigodragonfly/884949674/IMG_0052_3_small.jpeg', 'flickr_url': None, 'shelved_url': 'https://images4-f.ravelrycache.com/uploads/indigodragonfly/884949674/IMG_0052_3_shelved.jpeg', 'medium2_url': 'https://images4-a.ravelrycache.com/uploads/indigodragonfly/884949674/IMG_0052_3_medium2.jpeg', 'small2_url': 'https://images4-g.ravelrycache.com/uploads/indigodragonfly/884949674/IMG_0052_3_small2.jpeg', 'caption': None, 'caption_html': None, 'copyright_holder': None}, {'id': 116530403, 'sort_order': 2, 'user_id': 1275, 'x_offset': 0, 'y_offset': -43, 'square_url': 'https://images4-f.ravelrycache.com/uploads/indigodragonfly/884950498/IMG_0061_square.jpeg', 'medium_url': 'https://images4-f.ravelrycache.com/uploads/indigodragonfly/884950498/IMG_0061_medium.jpeg', 'thumbnail_url': 'https://images4-f.ravelrycache.com/uploads/indigodragonfly/884950498/IMG_0061_thumbnail.jpeg', 'small_url': 'https://images4-f.ravelrycache.com/uploads/indigodragonfly/884950498/IMG_0061_small_best_fit.jpeg', 'flickr_url': None, 'shelved_url': 'https://images4-f.ravelrycache.com/uploads/indigodragonfly/884950498/IMG_0061_shelved.jpeg', 'medium2_url': 'https://images4-a.ravelrycache.com/uploads/indigodragonfly/884950498/IMG_0061_medium2.jpeg', 'small2_url': 'https://images4-g.ravelrycache.com/uploads/indigodragonfly/884950498/IMG_0061_small2.jpeg', 'caption': None, 'caption_html': None, 'copyright_holder': None}, {'id': 116530404, 'sort_order': 3, 'user_id': 1275, 'x_offset': 0, 'y_offset': -12, 'square_url': 'https://images4-f.ravelrycache.com/uploads/indigodragonfly/884969057/Moonbean_simple_schematic_20221103_square.jpg', 'medium_url': 'https://images4-g.ravelrycache.com/uploads/indigodragonfly/884969057/Moonbean_simple_schematic_20221103_medium.jpg', 'thumbnail_url': 'https://images4-g.ravelrycache.com/uploads/indigodragonfly/884969057/Moonbean_simple_schematic_20221103_thumbnail.jpg', 'small_url': 'https://images4-f.ravelrycache.com/uploads/indigodragonfly/884969057/Moonbean_simple_schematic_20221103_small_best_fit.jpg', 'flickr_url': None, 'shelved_url': 'https://images4-f.ravelrycache.com/uploads/indigodragonfly/884969057/Moonbean_simple_schematic_20221103_shelved.jpg', 'medium2_url': 'https://images4-a.ravelrycache.com/uploads/indigodragonfly/884969057/Moonbean_simple_schematic_20221103_medium2.jpg', 'small2_url': 'https://images4-f.ravelrycache.com/uploads/indigodragonfly/884969057/Moonbean_simple_schematic_20221103_small2.jpg', 'caption': None, 'caption_html': None, 'copyright_holder': ''}, {'id': 116530405, 'sort_order': 4, 'user_id': 1275, 'x_offset': -5, 'y_offset': 3, 'square_url': 'https://images4-f.ravelrycache.com/uploads/indigodragonfly/884949461/Screen_Shot_2022-11-03_at_12.52.28_PM_square.png', 'medium_url': 'https://images4-g.ravelrycache.com/uploads/indigodragonfly/884949461/Screen_Shot_2022-11-03_at_12.52.28_PM_medium.png', 'thumbnail_url': 'https://images4-g.ravelrycache.com/uploads/indigodragonfly/884949461/Screen_Shot_2022-11-03_at_12.52.28_PM_thumbnail.png', 'small_url': 'https://images4-g.ravelrycache.com/uploads/indigodragonfly/884949461/Screen_Shot_2022-11-03_at_12.52.28_PM_small_best_fit.png', 'flickr_url': None, 'shelved_url': 'https://images4-f.ravelrycache.com/uploads/indigodragonfly/884949461/Screen_Shot_2022-11-03_at_12.52.28_PM_shelved.png', 'medium2_url': 'https://images4-a.ravelrycache.com/uploads/indigodragonfly/884949461/Screen_Shot_2022-11-03_at_12.52.28_PM_medium2.png', 'small2_url': 'https://images4-f.ravelrycache.com/uploads/indigodragonfly/884949461/Screen_Shot_2022-11-03_at_12.52.28_PM_small2.png', 'caption': None, 'caption_html': None, 'copyright_holder': None}, {'id': 116537049, 'sort_order': 5, 'user_id': 1275, 'x_offset': 3, 'y_offset': 0, 'square_url': 'https://images4-f.ravelrycache.com/uploads/indigodragonfly/885088669/FINAL_IDF_MERGOAT_square.png', 'medium_url': 'https://images4-g.ravelrycache.com/uploads/indigodragonfly/885088669/FINAL_IDF_MERGOAT_medium.png', 'thumbnail_url': 'https://images4-f.ravelrycache.com/uploads/indigodragonfly/885088669/FINAL_IDF_MERGOAT_thumbnail.png', 'small_url': 'https://images4-g.ravelrycache.com/uploads/indigodragonfly/885088669/FINAL_IDF_MERGOAT_small_best_fit.png', 'flickr_url': None, 'shelved_url': 'https://images4-f.ravelrycache.com/uploads/indigodragonfly/885088669/FINAL_IDF_MERGOAT_shelved.png', 'medium2_url': 'https://images4-a.ravelrycache.com/uploads/indigodragonfly/885088669/FINAL_IDF_MERGOAT_medium2.png', 'small2_url': 'https://images4-f.ravelrycache.com/uploads/indigodragonfly/885088669/FINAL_IDF_MERGOAT_small2.png', 'caption': None, 'caption_html': None, 'copyright_holder': None}, {'id': 116530407, 'sort_order': 6, 'user_id': 1275, 'x_offset': -21, 'y_offset': 0, 'square_url': 'https://images4-f.ravelrycache.com/uploads/indigodragonfly/884950467/IMG_0066_square.jpeg', 'medium_url': 'https://images4-f.ravelrycache.com/uploads/indigodragonfly/884950467/IMG_0066_medium.jpeg', 'thumbnail_url': 'https://images4-f.ravelrycache.com/uploads/indigodragonfly/884950467/IMG_0066_thumbnail.jpeg', 'small_url': 'https://images4-g.ravelrycache.com/uploads/indigodragonfly/884950467/IMG_0066_small_best_fit.jpeg', 'flickr_url': None, 'shelved_url': 'https://images4-g.ravelrycache.com/uploads/indigodragonfly/884950467/IMG_0066_shelved.jpeg', 'medium2_url': 'https://images4-a.ravelrycache.com/uploads/indigodragonfly/884950467/IMG_0066_medium2.jpeg', 'small2_url': 'https://images4-g.ravelrycache.com/uploads/indigodragonfly/884950467/IMG_0066_small2.jpeg', 'caption': None, 'caption_html': None, 'copyright_holder': None}, {'id': 116530408, 'sort_order': 7, 'user_id': 1275, 'x_offset': -29, 'y_offset': 1, 'square_url': 'https://images4-f.ravelrycache.com/uploads/indigodragonfly/884950688/IMG_0126_square.jpeg', 'medium_url': 'https://images4-f.ravelrycache.com/uploads/indigodragonfly/884950688/IMG_0126_medium.jpeg', 'thumbnail_url': 'https://images4-g.ravelrycache.com/uploads/indigodragonfly/884950688/IMG_0126_thumbnail.jpeg', 'small_url': 'https://images4-f.ravelrycache.com/uploads/indigodragonfly/884950688/IMG_0126_small_best_fit.jpeg', 'flickr_url': None, 'shelved_url': 'https://images4-f.ravelrycache.com/uploads/indigodragonfly/884950688/IMG_0126_shelved.jpeg', 'medium2_url': 'https://images4-a.ravelrycache.com/uploads/indigodragonfly/884950688/IMG_0126_medium2.jpeg', 'small2_url': 'https://images4-g.ravelrycache.com/uploads/indigodragonfly/884950688/IMG_0126_small2.jpeg', 'caption': None, 'caption_html': None, 'copyright_holder': None}, {'id': 116530409, 'sort_order': 8, 'user_id': 1275, 'x_offset': -43, 'y_offset': 0, 'square_url': 'https://images4-g.ravelrycache.com/uploads/indigodragonfly/884950743/IMG_0132_square.jpeg', 'medium_url': 'https://images4-g.ravelrycache.com/uploads/indigodragonfly/884950743/IMG_0132_medium.jpeg', 'thumbnail_url': 'https://images4-g.ravelrycache.com/uploads/indigodragonfly/884950743/IMG_0132_thumbnail.jpeg', 'small_url': 'https://images4-f.ravelrycache.com/uploads/indigodragonfly/884950743/IMG_0132_small_best_fit.jpeg', 'flickr_url': None, 'shelved_url': 'https://images4-f.ravelrycache.com/uploads/indigodragonfly/884950743/IMG_0132_shelved.jpeg', 'medium2_url': 'https://images4-a.ravelrycache.com/uploads/indigodragonfly/884950743/IMG_0132_medium2.jpeg', 'small2_url': 'https://images4-f.ravelrycache.com/uploads/indigodragonfly/884950743/IMG_0132_small2.jpeg', 'caption': None, 'caption_html': None, 'copyright_holder': None}, {'id': 116530410, 'sort_order': 9, 'user_id': 1275, 'x_offset': -43, 'y_offset': 0, 'square_url': 'https://images4-g.ravelrycache.com/uploads/indigodragonfly/884950475/IMG_0057_square.jpeg', 'medium_url': 'https://images4-g.ravelrycache.com/uploads/indigodragonfly/884950475/IMG_0057_medium.jpeg', 'thumbnail_url': 'https://images4-f.ravelrycache.com/uploads/indigodragonfly/884950475/IMG_0057_thumbnail.jpeg', 'small_url': 'https://images4-g.ravelrycache.com/uploads/indigodragonfly/884950475/IMG_0057_small_best_fit.jpeg', 'flickr_url': None, 'shelved_url': 'https://images4-f.ravelrycache.com/uploads/indigodragonfly/884950475/IMG_0057_shelved.jpeg', 'medium2_url': 'https://images4-a.ravelrycache.com/uploads/indigodragonfly/884950475/IMG_0057_medium2.jpeg', 'small2_url': 'https://images4-f.ravelrycache.com/uploads/indigodragonfly/884950475/IMG_0057_small2.jpeg', 'caption': None, 'caption_html': None, 'copyright_holder': None}]"
Wee Oliver,Taiga Hilliard,1285301,https://www.ravelry.com/patterns/library/wee-oliver,False,https://images4-a.ravelrycache.com/uploads/finnknitter/873963211/F577F203-E992-4982-A06D-5A373901F609_medium2.jpeg,Knitting,"['unisex', 'baby', 'newborn-size', 'toddler', 'child', 'textured', 'v-neck', 'long-sleeve', 'elbow-sleeve', 'short-sleeve', 'raglan-sleeve', 'front-fastening', 'straight', 'seamless', 'short-rows', 'top-down', 'chart', 'written-pattern', 'worked-flat', 'in-the-round', 'male', 'female']",24.0,3.3333333333333335,True,4.0,,child,Fingering,19,4.833333333333333,"Newborn(3 months,6 months, 12 months, 18 months, 2T, 3T,4T-5T)","[{'id': 116552092, 'sort_order': 1, 'user_id': 41344, 'x_offset': -5, 'y_offset': -12, 'square_url': 'https://images4-f.ravelrycache.com/uploads/finnknitter/873963211/F577F203-E992-4982-A06D-5A373901F609_square.jpeg', 'medium_url': 'https://images4-f.ravelrycache.com/uploads/finnknitter/873963211/F577F203-E992-4982-A06D-5A373901F609_medium.jpeg', 'thumbnail_url': 'https://images4-f.ravelrycache.com/uploads/finnknitter/873963211/F577F203-E992-4982-A06D-5A373901F609_thumbnail.jpeg', 'small_url': 'https://images4-f.ravelrycache.com/uploads/finnknitter/873963211/F577F203-E992-4982-A06D-5A373901F609_small.jpeg', 'flickr_url': None, 'shelved_url': 'https://images4-g.ravelrycache.com/uploads/finnknitter/873963211/F577F203-E992-4982-A06D-5A373901F609_shelved.jpeg', 'medium2_url': 'https://images4-a.ravelrycache.com/uploads/finnknitter/873963211/F577F203-E992-4982-A06D-5A373901F609_medium2.jpeg', 'small2_url': 'https://images4-g.ravelrycache.com/uploads/finnknitter/873963211/F577F203-E992-4982-A06D-5A373901F609_small2.jpeg', 'caption': None, 'caption_html': None, 'copyright_holder': None}, {'id': 116574252, 'sort_order': 2, 'user_id': 1852891, 'x_offset': -5, 'y_offset': -35, 'square_url': 'https://images4-f.ravelrycache.com/uploads/dianedlouw/872047646/20220825_101252_square.jpg', 'medium_url': 'https://images4-g.ravelrycache.com/uploads/dianedlouw/872047646/20220825_101252_medium.jpg', 'thumbnail_url': 'https://images4-f.ravelrycache.com/uploads/dianedlouw/872047646/20220825_101252_thumbnail.jpg', 'small_url': 'https://images4-f.ravelrycache.com/uploads/dianedlouw/872047646/20220825_101252_small.jpg', 'flickr_url': None, 'shelved_url': 'https://images4-f.ravelrycache.com/uploads/dianedlouw/872047646/20220825_101252_shelved.jpg', 'medium2_url': 'https://images4-a.ravelrycache.com/uploads/dianedlouw/872047646/20220825_101252_medium2.jpg', 'small2_url': 'https://images4-f.ravelrycache.com/uploads/dianedlouw/872047646/20220825_101252_small2.jpg', 'caption': None, 'caption_html': None, 'copyright_holder': ''}, {'id': 116552550, 'sort_order': 3, 'user_id': 41344, 'x_offset': -5, 'y_offset': -35, 'square_url': 'https://images4-f.ravelrycache.com/uploads/finnknitter/873963266/0786E25D-B562-432A-A882-C54F0A91BDC4_square.jpeg', 'medium_url': 'https://images4-f.ravelrycache.com/uploads/finnknitter/873963266/0786E25D-B562-432A-A882-C54F0A91BDC4_medium.jpeg', 'thumbnail_url': 'https://images4-f.ravelrycache.com/uploads/finnknitter/873963266/0786E25D-B562-432A-A882-C54F0A91BDC4_thumbnail.jpeg', 'small_url': 'https://images4-g.ravelrycache.com/uploads/finnknitter/873963266/0786E25D-B562-432A-A882-C54F0A91BDC4_small.jpeg', 'flickr_url': None, 'shelved_url': 'https://images4-g.ravelrycache.com/uploads/finnknitter/873963266/0786E25D-B562-432A-A882-C54F0A91BDC4_shelved.jpeg', 'medium2_url': 'https://images4-a.ravelrycache.com/uploads/finnknitter/873963266/0786E25D-B562-432A-A882-C54F0A91BDC4_medium2.jpeg', 'small2_url': 'https://images4-g.ravelrycache.com/uploads/finnknitter/873963266/0786E25D-B562-432A-A882-C54F0A91BDC4_small2.jpeg', 'caption': None, 'caption_html': None, 'copyright_holder': None}, {'id': 116536075, 'sort_order': 4, 'user_id': 725222, 'x_offset': -5, 'y_offset': -18, 'square_url': 'https://images4-f.ravelrycache.com/uploads/cashmerejunkie/881504038/IMG_0663_square.jpg', 'medium_url': 'https://images4-g.ravelrycache.com/uploads/cashmerejunkie/881504038/IMG_0663_medium.jpg', 'thumbnail_url': 'https://images4-g.ravelrycache.com/uploads/cashmerejunkie/881504038/IMG_0663_thumbnail.jpg', 'small_url': 'https://images4-g.ravelrycache.com/uploads/cashmerejunkie/881504038/IMG_0663_small.jpg', 'flickr_url': None, 'shelved_url': 'https://images4-g.ravelrycache.com/uploads/cashmerejunkie/881504038/IMG_0663_shelved.jpg', 'medium2_url': 'https://images4-a.ravelrycache.com/uploads/cashmerejunkie/881504038/IMG_0663_medium2.jpg', 'small2_url': 'https://images4-f.ravelrycache.com/uploads/cashmerejunkie/881504038/IMG_0663_small2.jpg', 'caption': None, 'caption_html': None, 'copyright_holder': None}, {'id': 116536076, 'sort_order': 5, 'user_id': 725222, 'x_offset': -11, 'y_offset': -12, 'square_url': 'https://images4-g.ravelrycache.com/uploads/cashmerejunkie/881503978/IMG_9472_square.jpg', 'medium_url': 'https://images4-f.ravelrycache.com/uploads/cashmerejunkie/881503978/IMG_9472_medium.jpg', 'thumbnail_url': 'https://images4-f.ravelrycache.com/uploads/cashmerejunkie/881503978/IMG_9472_thumbnail.jpg', 'small_url': 'https://images4-f.ravelrycache.com/uploads/cashmerejunkie/881503978/IMG_9472_small.jpg', 'flickr_url': None, 'shelved_url': 'https://images4-f.ravelrycache.com/uploads/cashmerejunkie/881503978/IMG_9472_shelved.jpg', 'medium2_url': 'https://images4-a.ravelrycache.com/uploads/cashmerejunkie/881503978/IMG_9472_medium2.jpg', 'small2_url': 'https://images4-g.ravelrycache.com/uploads/cashmerejunkie/881503978/IMG_9472_small2.jpg', 'caption': None, 'caption_html': None, 'copyright_holder': None}, {'id': 116536077, 'sort_order': 6, 'user_id': 725222, 'x_offset': -5, 'y_offset': -35, 'square_url': 'https://images4-g.ravelrycache.com/uploads/cashmerejunkie/881503904/20220825_101252_square.jpg', 'medium_url': 'https://images4-f.ravelrycache.com/uploads/cashmerejunkie/881503904/20220825_101252_medium.jpg', 'thumbnail_url': 'https://images4-g.ravelrycache.com/uploads/cashmerejunkie/881503904/20220825_101252_thumbnail.jpg', 'small_url': 'https://images4-g.ravelrycache.com/uploads/cashmerejunkie/881503904/20220825_101252_small.jpg', 'flickr_url': None, 'shelved_url': 'https://images4-f.ravelrycache.com/uploads/cashmerejunkie/881503904/20220825_101252_shelved.jpg', 'medium2_url': 'https://images4-a.ravelrycache.com/uploads/cashmerejunkie/881503904/20220825_101252_medium2.jpg', 'small2_url': 'https://images4-g.ravelrycache.com/uploads/cashmerejunkie/881503904/20220825_101252_small2.jpg', 'caption': None, 'caption_html': None, 'copyright_holder': None}]"
Marienlyst sweater kids,Indiblomst,1285771,https://www.ravelry.com/patterns/library/marienlyst-sweater-kids,False,https://images4-a.ravelrycache.com/uploads/birgittehk/885493792/89A164E1-9D69-48C7-9291-F0DE91A521C4_medium2.jpeg,Knitting,['top-down'],21.0,2.923076923076923,True,4.0,,pullover,DK,51,4.3076923076923075,0-6 years,"[{'id': 116587153, 'sort_order': 1, 'user_id': 1096966, 'x_offset': 0, 'y_offset': 0, 'square_url': 'https://images4-f.ravelrycache.com/uploads/birgittehk/885493792/89A164E1-9D69-48C7-9291-F0DE91A521C4_square.jpeg', 'medium_url': 'https://images4-f.ravelrycache.com/uploads/birgittehk/885493792/89A164E1-9D69-48C7-9291-F0DE91A521C4_medium.jpeg', 'thumbnail_url': 'https://images4-f.ravelrycache.com/uploads/birgittehk/885493792/89A164E1-9D69-48C7-9291-F0DE91A521C4_thumbnail.jpeg', 'small_url': 'https://images4-f.ravelrycache.com/uploads/birgittehk/885493792/89A164E1-9D69-48C7-9291-F0DE91A521C4_small_best_fit.jpeg', 'flickr_url': None, 'shelved_url': 'https://images4-f.ravelrycache.com/uploads/birgittehk/885493792/89A164E1-9D69-48C7-9291-F0DE91A521C4_shelved.jpeg', 'medium2_url': 'https://images4-a.ravelrycache.com/uploads/birgittehk/885493792/89A164E1-9D69-48C7-9291-F0DE91A521C4_medium2.jpeg', 'small2_url': 'https://images4-g.ravelrycache.com/uploads/birgittehk/885493792/89A164E1-9D69-48C7-9291-F0DE91A521C4_small2.jpeg', 'caption': None, 'caption_html': None, 'copyright_holder': None}]"
10607 Diamond Cable Sweater,Hayfield ,1285808,https://www.ravelry.com/patterns/library/10607-diamond-cable-sweater,False,https://images4-a.ravelrycache.com/uploads/LindaKnitter/885521251/SIRDAR_BONUS_ARAN_14183_medium2.jpg,Knitting,"['teen', 'adult', 'oversized', 'petite', 'plus', 'cables', 'ribbed', 'textured', 'seamed', 'crew-neck', 'long-sleeve', 'bottom-up', 'positive-ease', 'written-pattern', 'drop-sleeve', 'worked-flat', 'schematic']",34.0,0.0,True,4.0,Pattern panel,pullover,Aran,3,0.0,"S(M, L, XL, XXL, XXXL)  32/34(36/38, 40/42, 44/46, 48/50, 52/54)""  81/86(91/97, 102/107, 112/117, 122/127, 132/137) cm","[{'id': 116591294, 'sort_order': 1, 'user_id': 71200, 'x_offset': 0, 'y_offset': -18, 'square_url': 'https://images4-f.ravelrycache.com/uploads/LindaKnitter/885521251/SIRDAR_BONUS_ARAN_14183_square.jpg', 'medium_url': 'https://images4-g.ravelrycache.com/uploads/LindaKnitter/885521251/SIRDAR_BONUS_ARAN_14183_medium.jpg', 'thumbnail_url': 'https://images4-g.ravelrycache.com/uploads/LindaKnitter/885521251/SIRDAR_BONUS_ARAN_14183_thumbnail.jpg', 'small_url': 'https://images4-f.ravelrycache.com/uploads/LindaKnitter/885521251/SIRDAR_BONUS_ARAN_14183_small_best_fit.jpg', 'flickr_url': None, 'shelved_url': 'https://images4-f.ravelrycache.com/uploads/LindaKnitter/885521251/SIRDAR_BONUS_ARAN_14183_shelved.jpg', 'medium2_url': 'https://images4-a.ravelrycache.com/uploads/LindaKnitter/885521251/SIRDAR_BONUS_ARAN_14183_medium2.jpg', 'small2_url': 'https://images4-f.ravelrycache.com/uploads/LindaKnitter/885521251/SIRDAR_BONUS_ARAN_14183_small2.jpg', 'caption': None, 'caption_html': None, 'copyright_holder': '2022 Sirdar'}, {'id': 116591295, 'sort_order': 2, 'user_id': 71200, 'x_offset': 0, 'y_offset': -43, 'square_url': 'https://images4-g.ravelrycache.com/uploads/LindaKnitter/885521250/SIRDAR_BONUS_ARAN_14180_square.jpg', 'medium_url': 'https://images4-f.ravelrycache.com/uploads/LindaKnitter/885521250/SIRDAR_BONUS_ARAN_14180_medium.jpg', 'thumbnail_url': 'https://images4-g.ravelrycache.com/uploads/LindaKnitter/885521250/SIRDAR_BONUS_ARAN_14180_thumbnail.jpg', 'small_url': 'https://images4-f.ravelrycache.com/uploads/LindaKnitter/885521250/SIRDAR_BONUS_ARAN_14180_small_best_fit.jpg', 'flickr_url': None, 'shelved_url': 'https://images4-g.ravelrycache.com/uploads/LindaKnitter/885521250/SIRDAR_BONUS_ARAN_14180_shelved.jpg', 'medium2_url': 'https://images4-a.ravelrycache.com/uploads/LindaKnitter/885521250/SIRDAR_BONUS_ARAN_14180_medium2.jpg', 'small2_url': 'https://images4-g.ravelrycache.com/uploads/LindaKnitter/885521250/SIRDAR_BONUS_ARAN_14180_small2.jpg', 'caption': None, 'caption_html': None, 'copyright_holder': '2022 Sirdar'}, {'id': 116591296, 'sort_order': 3, 'user_id': 71200, 'x_offset': 0, 'y_offset': -43, 'square_url': 'https://images4-g.ravelrycache.com/uploads/LindaKnitter/885521257/SIRDAR_BONUS_ARAN_14194_square.jpg', 'medium_url': 'https://images4-f.ravelrycache.com/uploads/LindaKnitter/885521257/SIRDAR_BONUS_ARAN_14194_medium.jpg', 'thumbnail_url': 'https://images4-g.ravelrycache.com/uploads/LindaKnitter/885521257/SIRDAR_BONUS_ARAN_14194_thumbnail.jpg', 'small_url': 'https://images4-g.ravelrycache.com/uploads/LindaKnitter/885521257/SIRDAR_BONUS_ARAN_14194_small_best_fit.jpg', 'flickr_url': None, 'shelved_url': 'https://images4-g.ravelrycache.com/uploads/LindaKnitter/885521257/SIRDAR_BONUS_ARAN_14194_shelved.jpg', 'medium2_url': 'https://images4-a.ravelrycache.com/uploads/LindaKnitter/885521257/SIRDAR_BONUS_ARAN_14194_medium2.jpg', 'small2_url': 'https://images4-g.ravelrycache.com/uploads/LindaKnitter/885521257/SIRDAR_BONUS_ARAN_14194_small2.jpg', 'caption': None, 'caption_html': None, 'copyright_holder': '2022 Sirdar'}]"
Vik,Iris Alessi,1285971,https://www.ravelry.com/patterns/library/vik-3,False,https://images4-a.ravelrycache.com/uploads/flordeiris/882632232/IMG_20220828_151329_medium2.jpg,Knitting,"['adult', 'cables', 'textured', 'raglan-sleeve', 'one-piece', 'seamless', 'short-rows', 'top-down', 'written-pattern', 'in-the-round']",18.0,4.5,True,4.0,St St,pullover,DK,10,5.0,"Bustos com 81, 86, 91, 96, 101, 106, 112, 117, 122 cm ","[{'id': 116607635, 'sort_order': 1, 'user_id': 699504, 'x_offset': -104, 'y_offset': 0, 'square_url': 'https://images4-f.ravelrycache.com/uploads/flordeiris/882632232/IMG_20220828_151329_square.jpg', 'medium_url': 'https://images4-g.ravelrycache.com/uploads/flordeiris/882632232/IMG_20220828_151329_medium.jpg', 'thumbnail_url': 'https://images4-g.ravelrycache.com/uploads/flordeiris/882632232/IMG_20220828_151329_thumbnail.jpg', 'small_url': 'https://images4-f.ravelrycache.com/uploads/flordeiris/882632232/IMG_20220828_151329_small_best_fit.jpg', 'flickr_url': None, 'shelved_url': 'https://images4-g.ravelrycache.com/uploads/flordeiris/882632232/IMG_20220828_151329_shelved.jpg', 'medium2_url': 'https://images4-a.ravelrycache.com/uploads/flordeiris/882632232/IMG_20220828_151329_medium2.jpg', 'small2_url': 'https://images4-f.ravelrycache.com/uploads/flordeiris/882632232/IMG_20220828_151329_small2.jpg', 'caption': None, 'caption_html': None, 'copyright_holder': None}, {'id': 116607636, 'sort_order': 2, 'user_id': 699504, 'x_offset': 0, 'y_offset': -104, 'square_url': 'https://images4-g.ravelrycache.com/uploads/flordeiris/882632229/IMG_20220828_152520_square.jpg', 'medium_url': 'https://images4-f.ravelrycache.com/uploads/flordeiris/882632229/IMG_20220828_152520_medium.jpg', 'thumbnail_url': 'https://images4-g.ravelrycache.com/uploads/flordeiris/882632229/IMG_20220828_152520_thumbnail.jpg', 'small_url': 'https://images4-f.ravelrycache.com/uploads/flordeiris/882632229/IMG_20220828_152520_small_best_fit.jpg', 'flickr_url': None, 'shelved_url': 'https://images4-f.ravelrycache.com/uploads/flordeiris/882632229/IMG_20220828_152520_shelved.jpg', 'medium2_url': 'https://images4-a.ravelrycache.com/uploads/flordeiris/882632229/IMG_20220828_152520_medium2.jpg', 'small2_url': 'https://images4-g.ravelrycache.com/uploads/flordeiris/882632229/IMG_20220828_152520_small2.jpg', 'caption': None, 'caption_html': None, 'copyright_holder': None}, {'id': 116607637, 'sort_order': 3, 'user_id': 699504, 'x_offset': -104, 'y_offset': 0, 'square_url': 'https://images4-f.ravelrycache.com/uploads/flordeiris/882632230/IMG_20220828_152444_square.jpg', 'medium_url': 'https://images4-g.ravelrycache.com/uploads/flordeiris/882632230/IMG_20220828_152444_medium.jpg', 'thumbnail_url': 'https://images4-g.ravelrycache.com/uploads/flordeiris/882632230/IMG_20220828_152444_thumbnail.jpg', 'small_url': 'https://images4-g.ravelrycache.com/uploads/flordeiris/882632230/IMG_20220828_152444_small_best_fit.jpg', 'flickr_url': None, 'shelved_url': 'https://images4-f.ravelrycache.com/uploads/flordeiris/882632230/IMG_20220828_152444_shelved.jpg', 'medium2_url': 'https://images4-a.ravelrycache.com/uploads/flordeiris/882632230/IMG_20220828_152444_medium2.jpg', 'small2_url': 'https://images4-f.ravelrycache.com/uploads/flordeiris/882632230/IMG_20220828_152444_small2.jpg', 'caption': None, 'caption_html': None, 'copyright_holder': None}, {'id': 116607638, 'sort_order': 4, 'user_id': 699504, 'x_offset': -104, 'y_offset': 0, 'square_url': 'https://images4-g.ravelrycache.com/uploads/flordeiris/882632231/IMG_20220828_152310_square.jpg', 'medium_url': 'https://images4-f.ravelrycache.com/uploads/flordeiris/882632231/IMG_20220828_152310_medium.jpg', 'thumbnail_url': 'https://images4-f.ravelrycache.com/uploads/flordeiris/882632231/IMG_20220828_152310_thumbnail.jpg', 'small_url': 'https://images4-g.ravelrycache.com/uploads/flordeiris/882632231/IMG_20220828_152310_small_best_fit.jpg', 'flickr_url': None, 'shelved_url': 'https://images4-g.ravelrycache.com/uploads/flordeiris/882632231/IMG_20220828_152310_shelved.jpg', 'medium2_url': 'https://images4-a.ravelrycache.com/uploads/flordeiris/882632231/IMG_20220828_152310_medium2.jpg', 'small2_url': 'https://images4-g.ravelrycache.com/uploads/flordeiris/882632231/IMG_20220828_152310_small2.jpg', 'caption': None, 'caption_html': None, 'copyright_holder': None}]"
Hemlock Sweater,Winter's Weather Knits,1286005,https://www.ravelry.com/patterns/library/hemlock-sweater,False,https://images4-a.ravelrycache.com/uploads/ohsojoeyful/875173369/upload_medium2,Knitting,"['unisex', 'teen', 'adult', 'oversized', 'ribbed', 'textured', 'crew-neck', 'long-sleeve', 'hems', 'straight', 'one-piece', 'seamless', 'bottom-up', 'positive-ease', 'written-pattern', 'video-tutorial', 'drop-sleeve', 'cuffed-sleeve', 'cropped', 'worked-flat', 'in-the-round', 'other-edging', 'twisted-stitches', 'three-needle-bind', 'schematic', 'male', 'female']",19.0,3.0,True,4.0,stockinette stitch,pullover,Aran,32,4.8,"XS (S, M, L, XL) {2XL, 3XL, 4XL, 5XL}","[{'id': 116610014, 'sort_order': 1, 'user_id': 3703538, 'x_offset': -86, 'y_offset': 0, 'square_url': 'https://images4-f.ravelrycache.com/uploads/ohsojoeyful/875173369/upload_square', 'medium_url': 'https://images4-g.ravelrycache.com/uploads/ohsojoeyful/875173369/upload_medium', 'thumbnail_url': 'https://images4-f.ravelrycache.com/uploads/ohsojoeyful/875173369/upload_thumbnail', 'small_url': 'https://images4-f.ravelrycache.com/uploads/ohsojoeyful/875173369/upload_small_best_fit', 'flickr_url': None, 'shelved_url': 'https://images4-f.ravelrycache.com/uploads/ohsojoeyful/875173369/upload_shelved', 'medium2_url': 'https://images4-a.ravelrycache.com/uploads/ohsojoeyful/875173369/upload_medium2', 'small2_url': 'https://images4-f.ravelrycache.com/uploads/ohsojoeyful/875173369/upload_small2', 'caption': None, 'caption_html': None, 'copyright_holder': None}, {'id': 116610015, 'sort_order': 2, 'user_id': 3703538, 'x_offset': 0, 'y_offset': -44, 'square_url': 'https://images4-g.ravelrycache.com/uploads/ohsojoeyful/875173154/upload_square', 'medium_url': 'https://images4-f.ravelrycache.com/uploads/ohsojoeyful/875173154/upload_medium', 'thumbnail_url': 'https://images4-g.ravelrycache.com/uploads/ohsojoeyful/875173154/upload_thumbnail', 'small_url': 'https://images4-f.ravelrycache.com/uploads/ohsojoeyful/875173154/upload_small_best_fit', 'flickr_url': None, 'shelved_url': 'https://images4-g.ravelrycache.com/uploads/ohsojoeyful/875173154/upload_shelved', 'medium2_url': 'https://images4-a.ravelrycache.com/uploads/ohsojoeyful/875173154/upload_medium2', 'small2_url': 'https://images4-g.ravelrycache.com/uploads/ohsojoeyful/875173154/upload_small2', 'caption': None, 'caption_html': None, 'copyright_holder': None}, {'id': 116610016, 'sort_order': 3, 'user_id': 3703538, 'x_offset': -2, 'y_offset': -53, 'square_url': 'https://images4-g.ravelrycache.com/uploads/ohsojoeyful/875173127/upload_square', 'medium_url': 'https://images4-f.ravelrycache.com/uploads/ohsojoeyful/875173127/upload_medium', 'thumbnail_url': 'https://images4-f.ravelrycache.com/uploads/ohsojoeyful/875173127/upload_thumbnail', 'small_url': 'https://images4-g.ravelrycache.com/uploads/ohsojoeyful/875173127/upload_small_best_fit', 'flickr_url': None, 'shelved_url': 'https://images4-f.ravelrycache.com/uploads/ohsojoeyful/875173127/upload_shelved', 'medium2_url': 'https://images4-a.ravelrycache.com/uploads/ohsojoeyful/875173127/upload_medium2', 'small2_url': 'https://images4-g.ravelrycache.com/uploads/ohsojoeyful/875173127/upload_small2', 'caption': None, 'caption_html': None, 'copyright_holder': None}, {'id': 116610017, 'sort_order': 4, 'user_id': 3703538, 'x_offset': -48, 'y_offset': -1, 'square_url': 'https://images4-f.ravelrycache.com/uploads/ohsojoeyful/875173136/upload_square', 'medium_url': 'https://images4-g.ravelrycache.com/uploads/ohsojoeyful/875173136/upload_medium', 'thumbnail_url': 'https://images4-g.ravelrycache.com/uploads/ohsojoeyful/875173136/upload_thumbnail', 'small_url': 'https://images4-g.ravelrycache.com/uploads/ohsojoeyful/875173136/upload_small_best_fit', 'flickr_url': None, 'shelved_url': 'https://images4-g.ravelrycache.com/uploads/ohsojoeyful/875173136/upload_shelved', 'medium2_url': 'https://images4-a.ravelrycache.com/uploads/ohsojoeyful/875173136/upload_medium2', 'small2_url': 'https://images4-f.ravelrycache.com/uploads/ohsojoeyful/875173136/upload_small2', 'caption': None, 'caption_html': None, 'copyright_holder': None}, {'id': 116610018, 'sort_order': 5, 'user_id': 3703538, 'x_offset': -51, 'y_offset': 0, 'square_url': 'https://images4-f.ravelrycache.com/uploads/ohsojoeyful/875173145/upload_square', 'medium_url': 'https://images4-g.ravelrycache.com/uploads/ohsojoeyful/875173145/upload_medium', 'thumbnail_url': 'https://images4-f.ravelrycache.com/uploads/ohsojoeyful/875173145/upload_thumbnail', 'small_url': 'https://images4-f.ravelrycache.com/uploads/ohsojoeyful/875173145/upload_small_best_fit', 'flickr_url': None, 'shelved_url': 'https://images4-f.ravelrycache.com/uploads/ohsojoeyful/875173145/upload_shelved', 'medium2_url': 'https://images4-a.ravelrycache.com/uploads/ohsojoeyful/875173145/upload_medium2', 'small2_url': 'https://images4-f.ravelrycache.com/uploads/ohsojoeyful/875173145/upload_small2', 'caption': None, 'caption_html': None, 'copyright_holder': None}, {'id': 116777548, 'sort_order': 6, 'user_id': 6938676, 'x_offset': 0, 'y_offset': 0, 'square_url': 'https://images4-g.ravelrycache.com/uploads/EmilieCott/885714451/upload_square', 'medium_url': 'https://images4-f.ravelrycache.com/uploads/EmilieCott/885714451/upload_medium', 'thumbnail_url': 'https://images4-f.ravelrycache.com/uploads/EmilieCott/885714451/upload_thumbnail', 'small_url': 'https://images4-f.ravelrycache.com/uploads/EmilieCott/885714451/upload_small_best_fit', 'flickr_url': None, 'shelved_url': 'https://images4-f.ravelrycache.com/uploads/EmilieCott/885714451/upload_shelved', 'medium2_url': 'https://images4-a.ravelrycache.com/uploads/EmilieCott/885714451/upload_medium2', 'small2_url': 'https://images4-g.ravelrycache.com/uploads/EmilieCott/885714451/upload_small2', 'caption': None, 'caption_html': None, 'copyright_holder': None}, {'id': 116980516, 'sort_order': 7, 'user_id': 9584010, 'x_offset': -5, 'y_offset': -35, 'square_url': 'https://images4-g.ravelrycache.com/uploads/jvclvn/885786323/IMG_3110_square.heic', 'medium_url': 'https://images4-g.ravelrycache.com/uploads/jvclvn/885786323/IMG_3110_medium.heic', 'thumbnail_url': 'https://images4-g.ravelrycache.com/uploads/jvclvn/885786323/IMG_3110_thumbnail.heic', 'small_url': 'https://images4-g.ravelrycache.com/uploads/jvclvn/885786323/IMG_3110_small.heic', 'flickr_url': None, 'shelved_url': 'https://images4-f.ravelrycache.com/uploads/jvclvn/885786323/IMG_3110_shelved.heic', 'medium2_url': 'https://images4-a.ravelrycache.com/uploads/jvclvn/885786323/IMG_3110_medium2.heic', 'small2_url': 'https://images4-f.ravelrycache.com/uploads/jvclvn/885786323/IMG_3110_small2.heic', 'caption': None, 'caption_html': None, 'copyright_holder': None}, {'id': 116781319, 'sort_order': 8, 'user_id': 1110071, 'x_offset': 0, 'y_offset': 0, 'square_url': 'https://images4-g.ravelrycache.com/uploads/squaricalness/885309547/upload_square', 'medium_url': 'https://images4-f.ravelrycache.com/uploads/squaricalness/885309547/upload_medium', 'thumbnail_url': 'https://images4-f.ravelrycache.com/uploads/squaricalness/885309547/upload_thumbnail', 'small_url': 'https://images4-g.ravelrycache.com/uploads/squaricalness/885309547/upload_small_best_fit', 'flickr_url': None, 'shelved_url': 'https://images4-g.ravelrycache.com/uploads/squaricalness/885309547/upload_shelved', 'medium2_url': 'https://images4-a.ravelrycache.com/uploads/squaricalness/885309547/upload_medium2', 'small2_url': 'https://images4-g.ravelrycache.com/uploads/squaricalness/885309547/upload_small2', 'caption': None, 'caption_html': None, 'copyright_holder': None}, {'id': 116792523, 'sort_order': 9, 'user_id': 2585328, 'x_offset': -5, 'y_offset': -35, 'square_url': 'https://images4-g.ravelrycache.com/uploads/15DozenTimes/884909132/1667090343089_square.jpg', 'medium_url': 'https://images4-f.ravelrycache.com/uploads/15DozenTimes/884909132/1667090343089_medium.jpg', 'thumbnail_url': 'https://images4-f.ravelrycache.com/uploads/15DozenTimes/884909132/1667090343089_thumbnail.jpg', 'small_url': 'https://images4-f.ravelrycache.com/uploads/15DozenTimes/884909132/1667090343089_small.jpg', 'flickr_url': None, 'shelved_url': 'https://images4-f.ravelrycache.com/uploads/15DozenTimes/884909132/1667090343089_shelved.jpg', 'medium2_url': 'https://images4-a.ravelrycache.com/uploads/15DozenTimes/884909132/1667090343089_medium2.jpg', 'small2_url': 'https://images4-g.ravelrycache.com/uploads/15DozenTimes/884909132/1667090343089_small2.jpg', 'caption': None, 'caption_html': None, 'copyright_holder': None}, {'id': 116777678, 'sort_order': 10, 'user_id': 5994951, 'x_offset': 0, 'y_offset': -22, 'square_url': 'https://images4-f.ravelrycache.com/uploads/birchandlily/885698781/upload_square', 'medium_url': 'https://images4-g.ravelrycache.com/uploads/birchandlily/885698781/upload_medium', 'thumbnail_url': 'https://images4-g.ravelrycache.com/uploads/birchandlily/885698781/upload_thumbnail', 'small_url': 'https://images4-g.ravelrycache.com/uploads/birchandlily/885698781/upload_small_best_fit', 'flickr_url': None, 'shelved_url': 'https://images4-g.ravelrycache.com/uploads/birchandlily/885698781/upload_shelved', 'medium2_url': 'https://images4-a.ravelrycache.com/uploads/birchandlily/885698781/upload_medium2', 'small2_url': 'https://images4-f.ravelrycache.com/uploads/birchandlily/885698781/upload_small2', 'caption': None, 'caption_html': None, 'copyright_holder': None}, {'id': 116790865, 'sort_order': 11, 'user_id': 3123283, 'x_offset': -35, 'y_offset': -1, 'square_url': 'https://images4-g.ravelrycache.com/uploads/Egarnier/884229719/239874D6-A771-4A76-8501-D342616F0DA2_1_201_a_square.jpeg', 'medium_url': 'https://images4-g.ravelrycache.com/uploads/Egarnier/884229719/239874D6-A771-4A76-8501-D342616F0DA2_1_201_a_medium.jpeg', 'thumbnail_url': 'https://images4-f.ravelrycache.com/uploads/Egarnier/884229719/239874D6-A771-4A76-8501-D342616F0DA2_1_201_a_thumbnail.jpeg', 'small_url': 'https://images4-f.ravelrycache.com/uploads/Egarnier/884229719/239874D6-A771-4A76-8501-D342616F0DA2_1_201_a_small.jpeg', 'flickr_url': None, 'shelved_url': 'https://images4-g.ravelrycache.com/uploads/Egarnier/884229719/239874D6-A771-4A76-8501-D342616F0DA2_1_201_a_shelved.jpeg', 'medium2_url': 'https://images4-a.ravelrycache.com/uploads/Egarnier/884229719/239874D6-A771-4A76-8501-D342616F0DA2_1_201_a_medium2.jpeg', 'small2_url': 'https://images4-f.ravelrycache.com/uploads/Egarnier/884229719/239874D6-A771-4A76-8501-D342616F0DA2_1_201_a_small2.jpeg', 'caption': None, 'caption_html': None, 'copyright_holder': None}, {'id': 116785900, 'sort_order': 12, 'user_id': 417005, 'x_offset': 0, 'y_offset': -22, 'square_url': 'https://images4-f.ravelrycache.com/uploads/littleminky93/885726247/upload_square', 'medium_url': 'https://images4-g.ravelrycache.com/uploads/littleminky93/885726247/upload_medium', 'thumbnail_url': 'https://images4-g.ravelrycache.com/uploads/littleminky93/885726247/upload_thumbnail', 'small_url': 'https://images4-g.ravelrycache.com/uploads/littleminky93/885726247/upload_small_best_fit', 'flickr_url': None, 'shelved_url': 'https://images4-f.ravelrycache.com/uploads/littleminky93/885726247/upload_shelved', 'medium2_url': 'https://images4-a.ravelrycache.com/uploads/littleminky93/885726247/upload_medium2', 'small2_url': 'https://images4-f.ravelrycache.com/uploads/littleminky93/885726247/upload_small2', 'caption': None, 'caption_html': None, 'copyright_holder': None}, {'id': 116804380, 'sort_order': 13, 'user_id': 10872601, 'x_offset': 0, 'y_offset': -22, 'square_url': 'https://images4-g.ravelrycache.com/uploads/ruthunraveled/885927714/upload_square', 'medium_url': 'https://images4-f.ravelrycache.com/uploads/ruthunraveled/885927714/upload_medium', 'thumbnail_url': 'https://images4-f.ravelrycache.com/uploads/ruthunraveled/885927714/upload_thumbnail', 'small_url': 'https://images4-f.ravelrycache.com/uploads/ruthunraveled/885927714/upload_small_best_fit', 'flickr_url': None, 'shelved_url': 'https://images4-f.ravelrycache.com/uploads/ruthunraveled/885927714/upload_shelved', 'medium2_url': 'https://images4-a.ravelrycache.com/uploads/ruthunraveled/885927714/upload_medium2', 'small2_url': 'https://images4-g.ravelrycache.com/uploads/ruthunraveled/885927714/upload_small2', 'caption': None, 'caption_html': None, 'copyright_holder': None}]"
MY ZIGZAG JUMPER,NORgardknitters,1286116,https://www.ravelry.com/patterns/library/my-zigzag-jumper,False,https://images4-a.ravelrycache.com/uploads/NORgardknitters/885849313/7_medium2.jpg,Knitting,"['female', 'adult', 'oversized', 'textured', 'turtleneck', 'seamless', 'short-rows', 'top-down', 'positive-ease', 'written-pattern']",19.0,3.75,True,4.0,stockinette stitch,pullover,DK,7,4.75,S (M) L (XL),"[{'id': 116631125, 'sort_order': 1, 'user_id': 11133535, 'x_offset': 0, 'y_offset': 0, 'square_url': 'https://images4-f.ravelrycache.com/uploads/NORgardknitters/885849313/7_square.jpg', 'medium_url': 'https://images4-g.ravelrycache.com/uploads/NORgardknitters/885849313/7_medium.jpg', 'thumbnail_url': 'https://images4-f.ravelrycache.com/uploads/NORgardknitters/885849313/7_thumbnail.jpg', 'small_url': 'https://images4-f.ravelrycache.com/uploads/NORgardknitters/885849313/7_small_best_fit.jpg', 'flickr_url': None, 'shelved_url': 'https://images4-f.ravelrycache.com/uploads/NORgardknitters/885849313/7_shelved.jpg', 'medium2_url': 'https://images4-a.ravelrycache.com/uploads/NORgardknitters/885849313/7_medium2.jpg', 'small2_url': 'https://images4-f.ravelrycache.com/uploads/NORgardknitters/885849313/7_small2.jpg', 'caption': None, 'caption_html': None, 'copyright_holder': None}, {'id': 116620231, 'sort_order': 2, 'user_id': 11133535, 'x_offset': 0, 'y_offset': 0, 'square_url': 'https://images4-f.ravelrycache.com/uploads/NORgardknitters/885761005/f_square.jpg', 'medium_url': 'https://images4-g.ravelrycache.com/uploads/NORgardknitters/885761005/f_medium.jpg', 'thumbnail_url': 'https://images4-g.ravelrycache.com/uploads/NORgardknitters/885761005/f_thumbnail.jpg', 'small_url': 'https://images4-g.ravelrycache.com/uploads/NORgardknitters/885761005/f_small_best_fit.jpg', 'flickr_url': None, 'shelved_url': 'https://images4-f.ravelrycache.com/uploads/NORgardknitters/885761005/f_shelved.jpg', 'medium2_url': 'https://images4-a.ravelrycache.com/uploads/NORgardknitters/885761005/f_medium2.jpg', 'small2_url': 'https://images4-f.ravelrycache.com/uploads/NORgardknitters/885761005/f_small2.jpg', 'caption': None, 'caption_html': None, 'copyright_holder': None}, {'id': 116620233, 'sort_order': 3, 'user_id': 11133535, 'x_offset': 0, 'y_offset': 0, 'square_url': 'https://images4-f.ravelrycache.com/uploads/NORgardknitters/885761006/b_square.jpg', 'medium_url': 'https://images4-g.ravelrycache.com/uploads/NORgardknitters/885761006/b_medium.jpg', 'thumbnail_url': 'https://images4-g.ravelrycache.com/uploads/NORgardknitters/885761006/b_thumbnail.jpg', 'small_url': 'https://images4-f.ravelrycache.com/uploads/NORgardknitters/885761006/b_small_best_fit.jpg', 'flickr_url': None, 'shelved_url': 'https://images4-f.ravelrycache.com/uploads/NORgardknitters/885761006/b_shelved.jpg', 'medium2_url': 'https://images4-a.ravelrycache.com/uploads/NORgardknitters/885761006/b_medium2.jpg', 'small2_url': 'https://images4-f.ravelrycache.com/uploads/NORgardknitters/885761006/b_small2.jpg', 'caption': None, 'caption_html': None, 'copyright_holder': None}, {'id': 116620234, 'sort_order': 4, 'user_id': 11133535, 'x_offset': 0, 'y_offset': 0, 'square_url': 'https://images4-g.ravelrycache.com/uploads/NORgardknitters/885761003/c_square.jpg', 'medium_url': 'https://images4-f.ravelrycache.com/uploads/NORgardknitters/885761003/c_medium.jpg', 'thumbnail_url': 'https://images4-g.ravelrycache.com/uploads/NORgardknitters/885761003/c_thumbnail.jpg', 'small_url': 'https://images4-g.ravelrycache.com/uploads/NORgardknitters/885761003/c_small_best_fit.jpg', 'flickr_url': None, 'shelved_url': 'https://images4-g.ravelrycache.com/uploads/NORgardknitters/885761003/c_shelved.jpg', 'medium2_url': 'https://images4-a.ravelrycache.com/uploads/NORgardknitters/885761003/c_medium2.jpg', 'small2_url': 'https://images4-g.ravelrycache.com/uploads/NORgardknitters/885761003/c_small2.jpg', 'caption': None, 'caption_html': None, 'copyright_holder': None}, {'id': 116620235, 'sort_order': 5, 'user_id': 11133535, 'x_offset': 0, 'y_offset': 0, 'square_url': 'https://images4-g.ravelrycache.com/uploads/NORgardknitters/885761000/a_square.jpg', 'medium_url': 'https://images4-f.ravelrycache.com/uploads/NORgardknitters/885761000/a_medium.jpg', 'thumbnail_url': 'https://images4-f.ravelrycache.com/uploads/NORgardknitters/885761000/a_thumbnail.jpg', 'small_url': 'https://images4-g.ravelrycache.com/uploads/NORgardknitters/885761000/a_small_best_fit.jpg', 'flickr_url': None, 'shelved_url': 'https://images4-f.ravelrycache.com/uploads/NORgardknitters/885761000/a_shelved.jpg', 'medium2_url': 'https://images4-a.ravelrycache.com/uploads/NORgardknitters/885761000/a_medium2.jpg', 'small2_url': 'https://images4-g.ravelrycache.com/uploads/NORgardknitters/885761000/a_small2.jpg', 'caption': None, 'caption_html': None, 'copyright_holder': None}, {'id': 116631121, 'sort_order': 6, 'user_id': 11133535, 'x_offset': 0, 'y_offset': 0, 'square_url': 'https://images4-g.ravelrycache.com/uploads/NORgardknitters/885849269/9_square.jpg', 'medium_url': 'https://images4-f.ravelrycache.com/uploads/NORgardknitters/885849269/9_medium.jpg', 'thumbnail_url': 'https://images4-f.ravelrycache.com/uploads/NORgardknitters/885849269/9_thumbnail.jpg', 'small_url': 'https://images4-g.ravelrycache.com/uploads/NORgardknitters/885849269/9_small_best_fit.jpg', 'flickr_url': None, 'shelved_url': 'https://images4-f.ravelrycache.com/uploads/NORgardknitters/885849269/9_shelved.jpg', 'medium2_url': 'https://images4-a.ravelrycache.com/uploads/NORgardknitters/885849269/9_medium2.jpg', 'small2_url': 'https://images4-g.ravelrycache.com/uploads/NORgardknitters/885849269/9_small2.jpg', 'caption': None, 'caption_html': None, 'copyright_holder': None}, {'id': 116620228, 'sort_order': 7, 'user_id': 11133535, 'x_offset': 0, 'y_offset': 0, 'square_url': 'https://images4-f.ravelrycache.com/uploads/NORgardknitters/885760996/h_square.jpg', 'medium_url': 'https://images4-g.ravelrycache.com/uploads/NORgardknitters/885760996/h_medium.jpg', 'thumbnail_url': 'https://images4-g.ravelrycache.com/uploads/NORgardknitters/885760996/h_thumbnail.jpg', 'small_url': 'https://images4-f.ravelrycache.com/uploads/NORgardknitters/885760996/h_small_best_fit.jpg', 'flickr_url': None, 'shelved_url': 'https://images4-f.ravelrycache.com/uploads/NORgardknitters/885760996/h_shelved.jpg', 'medium2_url': 'https://images4-a.ravelrycache.com/uploads/NORgardknitters/885760996/h_medium2.jpg', 'small2_url': 'https://images4-f.ravelrycache.com/uploads/NORgardknitters/885760996/h_small2.jpg', 'caption': None, 'caption_html': None, 'copyright_holder': None}, {'id': 116620232, 'sort_order': 8, 'user_id': 11133535, 'x_offset': 0, 'y_offset': 0, 'square_url': 'https://images4-g.ravelrycache.com/uploads/NORgardknitters/885761004/d_square.jpg', 'medium_url': 'https://images4-f.ravelrycache.com/uploads/NORgardknitters/885761004/d_medium.jpg', 'thumbnail_url': 'https://images4-f.ravelrycache.com/uploads/NORgardknitters/885761004/d_thumbnail.jpg', 'small_url': 'https://images4-g.ravelrycache.com/uploads/NORgardknitters/885761004/d_small_best_fit.jpg', 'flickr_url': None, 'shelved_url': 'https://images4-f.ravelrycache.com/uploads/NORgardknitters/885761004/d_shelved.jpg', 'medium2_url': 'https://images4-a.ravelrycache.com/uploads/NORgardknitters/885761004/d_medium2.jpg', 'small2_url': 'https://images4-g.ravelrycache.com/uploads/NORgardknitters/885761004/d_small2.jpg', 'caption': None, 'caption_html': None, 'copyright_holder': None}, {'id': 116620230, 'sort_order': 9, 'user_id': 11133535, 'x_offset': 0, 'y_offset': 0, 'square_url': 'https://images4-f.ravelrycache.com/uploads/NORgardknitters/885761001/e_square.jpg', 'medium_url': 'https://images4-g.ravelrycache.com/uploads/NORgardknitters/885761001/e_medium.jpg', 'thumbnail_url': 'https://images4-f.ravelrycache.com/uploads/NORgardknitters/885761001/e_thumbnail.jpg', 'small_url': 'https://images4-f.ravelrycache.com/uploads/NORgardknitters/885761001/e_small_best_fit.jpg', 'flickr_url': None, 'shelved_url': 'https://images4-g.ravelrycache.com/uploads/NORgardknitters/885761001/e_shelved.jpg', 'medium2_url': 'https://images4-a.ravelrycache.com/uploads/NORgardknitters/885761001/e_medium2.jpg', 'small2_url': 'https://images4-f.ravelrycache.com/uploads/NORgardknitters/885761001/e_small2.jpg', 'caption': None, 'caption_html': None, 'copyright_holder': None}]"
RUFFLE Sweater,Marta Porcel,1286284,https://www.ravelry.com/patterns/library/ruffle-sweater-5,False,https://images4-a.ravelrycache.com/uploads/creativaatelier/885863552/upload_medium2,Knitting,"['baby', 'toddler', 'child', 'seamed', 'raglan-sleeve', 'icord', 'top-down', 'positive-ease', 'phototutorial', 'written-pattern', 'worked-flat']",16.0,2.4,True,4.0,Stockinette Stitch,child,Aran,11,4.8,"3-6 months, 6-12 months, 12-24 months, 2-4 years, 4-6 years, 6-8 years and 8-10 years.","[{'id': 116633123, 'sort_order': 1, 'user_id': 2343514, 'x_offset': 0, 'y_offset': 0, 'square_url': 'https://images4-g.ravelrycache.com/uploads/creativaatelier/885863552/upload_square', 'medium_url': 'https://images4-f.ravelrycache.com/uploads/creativaatelier/885863552/upload_medium', 'thumbnail_url': 'https://images4-g.ravelrycache.com/uploads/creativaatelier/885863552/upload_thumbnail', 'small_url': 'https://images4-g.ravelrycache.com/uploads/creativaatelier/885863552/upload_small_best_fit', 'flickr_url': None, 'shelved_url': 'https://images4-f.ravelrycache.com/uploads/creativaatelier/885863552/upload_shelved', 'medium2_url': 'https://images4-a.ravelrycache.com/uploads/creativaatelier/885863552/upload_medium2', 'small2_url': 'https://images4-g.ravelrycache.com/uploads/creativaatelier/885863552/upload_small2', 'caption': None, 'caption_html': None, 'copyright_holder': None}, {'id': 116633124, 'sort_order': 2, 'user_id': 2343514, 'x_offset': -35, 'y_offset': -4, 'square_url': 'https://images4-f.ravelrycache.com/uploads/creativaatelier/885863690/upload_square', 'medium_url': 'https://images4-g.ravelrycache.com/uploads/creativaatelier/885863690/upload_medium', 'thumbnail_url': 'https://images4-f.ravelrycache.com/uploads/creativaatelier/885863690/upload_thumbnail', 'small_url': 'https://images4-g.ravelrycache.com/uploads/creativaatelier/885863690/upload_small', 'flickr_url': None, 'shelved_url': 'https://images4-f.ravelrycache.com/uploads/creativaatelier/885863690/upload_shelved', 'medium2_url': 'https://images4-a.ravelrycache.com/uploads/creativaatelier/885863690/upload_medium2', 'small2_url': 'https://images4-f.ravelrycache.com/uploads/creativaatelier/885863690/upload_small2', 'caption': None, 'caption_html': None, 'copyright_holder': None}, {'id': 116633125, 'sort_order': 3, 'user_id': 2343514, 'x_offset': -10, 'y_offset': -1, 'square_url': 'https://images4-f.ravelrycache.com/uploads/creativaatelier/885863825/upload_square', 'medium_url': 'https://images4-g.ravelrycache.com/uploads/creativaatelier/885863825/upload_medium', 'thumbnail_url': 'https://images4-f.ravelrycache.com/uploads/creativaatelier/885863825/upload_thumbnail', 'small_url': 'https://images4-g.ravelrycache.com/uploads/creativaatelier/885863825/upload_small_best_fit', 'flickr_url': None, 'shelved_url': 'https://images4-g.ravelrycache.com/uploads/creativaatelier/885863825/upload_shelved', 'medium2_url': 'https://images4-a.ravelrycache.com/uploads/creativaatelier/885863825/upload_medium2', 'small2_url': 'https://images4-f.ravelrycache.com/uploads/creativaatelier/885863825/upload_small2', 'caption': None, 'caption_html': None, 'copyright_holder': None}, {'id': 116633126, 'sort_order': 4, 'user_id': 2343514, 'x_offset': -23, 'y_offset': 0, 'square_url': 'https://images4-g.ravelrycache.com/uploads/creativaatelier/885863765/upload_square', 'medium_url': 'https://images4-f.ravelrycache.com/uploads/creativaatelier/885863765/upload_medium', 'thumbnail_url': 'https://images4-f.ravelrycache.com/uploads/creativaatelier/885863765/upload_thumbnail', 'small_url': 'https://images4-g.ravelrycache.com/uploads/creativaatelier/885863765/upload_small_best_fit', 'flickr_url': None, 'shelved_url': 'https://images4-g.ravelrycache.com/uploads/creativaatelier/885863765/upload_shelved', 'medium2_url': 'https://images4-a.ravelrycache.com/uploads/creativaatelier/885863765/upload_medium2', 'small2_url': 'https://images4-g.ravelrycache.com/uploads/creativaatelier/885863765/upload_small2', 'caption': None, 'caption_html': None, 'copyright_holder': None}, {'id': 116633127, 'sort_order': 5, 'user_id': 2343514, 'x_offset': 0, 'y_offset': -36, 'square_url': 'https://images4-f.ravelrycache.com/uploads/creativaatelier/885863714/upload_square', 'medium_url': 'https://images4-g.ravelrycache.com/uploads/creativaatelier/885863714/upload_medium', 'thumbnail_url': 'https://images4-g.ravelrycache.com/uploads/creativaatelier/885863714/upload_thumbnail', 'small_url': 'https://images4-g.ravelrycache.com/uploads/creativaatelier/885863714/upload_small_best_fit', 'flickr_url': None, 'shelved_url': 'https://images4-f.ravelrycache.com/uploads/creativaatelier/885863714/upload_shelved', 'medium2_url': 'https://images4-a.ravelrycache.com/uploads/creativaatelier/885863714/upload_medium2', 'small2_url': 'https://images4-f.ravelrycache.com/uploads/creativaatelier/885863714/upload_small2', 'caption': None, 'caption_html': None, 'copyright_holder': None}, {'id': 116633128, 'sort_order': 6, 'user_id': 2343514, 'x_offset': -22, 'y_offset': 0, 'square_url': 'https://images4-g.ravelrycache.com/uploads/creativaatelier/885863652/upload_square', 'medium_url': 'https://images4-f.ravelrycache.com/uploads/creativaatelier/885863652/upload_medium', 'thumbnail_url': 'https://images4-f.ravelrycache.com/uploads/creativaatelier/885863652/upload_thumbnail', 'small_url': 'https://images4-g.ravelrycache.com/uploads/creativaatelier/885863652/upload_small_best_fit', 'flickr_url': None, 'shelved_url': 'https://images4-g.ravelrycache.com/uploads/creativaatelier/885863652/upload_shelved', 'medium2_url': 'https://images4-a.ravelrycache.com/uploads/creativaatelier/885863652/upload_medium2', 'small2_url': 'https://images4-g.ravelrycache.com/uploads/creativaatelier/885863652/upload_small2', 'caption': None, 'caption_html': None, 'copyright_holder': None}, {'id': 116633129, 'sort_order': 7, 'user_id': 2343514, 'x_offset': 0, 'y_offset': 0, 'square_url': 'https://images4-f.ravelrycache.com/uploads/creativaatelier/885863627/upload_square', 'medium_url': 'https://images4-g.ravelrycache.com/uploads/creativaatelier/885863627/upload_medium', 'thumbnail_url': 'https://images4-f.ravelrycache.com/uploads/creativaatelier/885863627/upload_thumbnail', 'small_url': 'https://images4-g.ravelrycache.com/uploads/creativaatelier/885863627/upload_small_best_fit', 'flickr_url': None, 'shelved_url': 'https://images4-f.ravelrycache.com/uploads/creativaatelier/885863627/upload_shelved', 'medium2_url': 'https://images4-a.ravelrycache.com/uploads/creativaatelier/885863627/upload_medium2', 'small2_url': 'https://images4-f.ravelrycache.com/uploads/creativaatelier/885863627/upload_small2', 'caption': None, 'caption_html': None, 'copyright_holder': None}, {'id': 116633130, 'sort_order': 8, 'user_id': 2343514, 'x_offset': -20, 'y_offset': 1, 'square_url': 'https://images4-g.ravelrycache.com/uploads/creativaatelier/885863592/upload_square', 'medium_url': 'https://images4-f.ravelrycache.com/uploads/creativaatelier/885863592/upload_medium', 'thumbnail_url': 'https://images4-g.ravelrycache.com/uploads/creativaatelier/885863592/upload_thumbnail', 'small_url': 'https://images4-f.ravelrycache.com/uploads/creativaatelier/885863592/upload_small_best_fit', 'flickr_url': None, 'shelved_url': 'https://images4-g.ravelrycache.com/uploads/creativaatelier/885863592/upload_shelved', 'medium2_url': 'https://images4-a.ravelrycache.com/uploads/creativaatelier/885863592/upload_medium2', 'small2_url': 'https://images4-g.ravelrycache.com/uploads/creativaatelier/885863592/upload_small2', 'caption': None, 'caption_html': None, 'copyright_holder': None}, {'id': 116633131, 'sort_order': 9, 'user_id': 2343514, 'x_offset': 0, 'y_offset': 0, 'square_url': 'https://images4-f.ravelrycache.com/uploads/creativaatelier/885863038/upload_square', 'medium_url': 'https://images4-g.ravelrycache.com/uploads/creativaatelier/885863038/upload_medium', 'thumbnail_url': 'https://images4-g.ravelrycache.com/uploads/creativaatelier/885863038/upload_thumbnail', 'small_url': 'https://images4-f.ravelrycache.com/uploads/creativaatelier/885863038/upload_small_best_fit', 'flickr_url': None, 'shelved_url': 'https://images4-f.ravelrycache.com/uploads/creativaatelier/885863038/upload_shelved', 'medium2_url': 'https://images4-a.ravelrycache.com/uploads/creativaatelier/885863038/upload_medium2', 'small2_url': 'https://images4-f.ravelrycache.com/uploads/creativaatelier/885863038/upload_small2', 'caption': None, 'caption_html': None, 'copyright_holder': None}, {'id': 125241359, 'sort_order': 10, 'user_id': 9749923, 'x_offset': -35, 'y_offset': -5, 'square_url': 'https://images4-g.ravelrycache.com/uploads/saashaas90/818633542/02D3EFB7-7161-4A88-8B12-EBC4CA52E73F_square.jpeg', 'medium_url': 'https://images4-g.ravelrycache.com/uploads/saashaas90/818633542/02D3EFB7-7161-4A88-8B12-EBC4CA52E73F_medium.jpeg', 'thumbnail_url': 'https://images4-f.ravelrycache.com/uploads/saashaas90/818633542/02D3EFB7-7161-4A88-8B12-EBC4CA52E73F_thumbnail.jpeg', 'small_url': 'https://images4-g.ravelrycache.com/uploads/saashaas90/818633542/02D3EFB7-7161-4A88-8B12-EBC4CA52E73F_small.jpeg', 'flickr_url': None, 'shelved_url': 'https://images4-f.ravelrycache.com/uploads/saashaas90/818633542/02D3EFB7-7161-4A88-8B12-EBC4CA52E73F_shelved.jpeg', 'medium2_url': 'https://images4-a.ravelrycache.com/uploads/saashaas90/818633542/02D3EFB7-7161-4A88-8B12-EBC4CA52E73F_medium2.jpeg', 'small2_url': 'https://images4-f.ravelrycache.com/uploads/saashaas90/818633542/02D3EFB7-7161-4A88-8B12-EBC4CA52E73F_small2.jpeg', 'caption': None, 'caption_html': None, 'copyright_holder': None}, {'id': 125241362, 'sort_order': 11, 'user_id': 9749923, 'x_offset': -35, 'y_offset': -5, 'square_url': 'https://images4-f.ravelrycache.com/uploads/saashaas90/818633543/F78EB4EA-D369-484D-B35B-FF363F758B9F_square.jpeg', 'medium_url': 'https://images4-f.ravelrycache.com/uploads/saashaas90/818633543/F78EB4EA-D369-484D-B35B-FF363F758B9F_medium.jpeg', 'thumbnail_url': 'https://images4-g.ravelrycache.com/uploads/saashaas90/818633543/F78EB4EA-D369-484D-B35B-FF363F758B9F_thumbnail.jpeg', 'small_url': 'https://images4-f.ravelrycache.com/uploads/saashaas90/818633543/F78EB4EA-D369-484D-B35B-FF363F758B9F_small.jpeg', 'flickr_url': None, 'shelved_url': 'https://images4-g.ravelrycache.com/uploads/saashaas90/818633543/F78EB4EA-D369-484D-B35B-FF363F758B9F_shelved.jpeg', 'medium2_url': 'https://images4-a.ravelrycache.com/uploads/saashaas90/818633543/F78EB4EA-D369-484D-B35B-FF363F758B9F_medium2.jpeg', 'small2_url': 'https://images4-g.ravelrycache.com/uploads/saashaas90/818633543/F78EB4EA-D369-484D-B35B-FF363F758B9F_small2.jpeg', 'caption': None, 'caption_html': None, 'copyright_holder': None}, {'id': 125204587, 'sort_order': 12, 'user_id': 9703601, 'x_offset': -35, 'y_offset': -5, 'square_url': 'https://images4-f.ravelrycache.com/uploads/NatalieIRL/931434453/IMG_1170_square.jpg', 'medium_url': 'https://images4-g.ravelrycache.com/uploads/NatalieIRL/931434453/IMG_1170_medium.jpg', 'thumbnail_url': 'https://images4-g.ravelrycache.com/uploads/NatalieIRL/931434453/IMG_1170_thumbnail.jpg', 'small_url': 'https://images4-f.ravelrycache.com/uploads/NatalieIRL/931434453/IMG_1170_small.jpg', 'flickr_url': None, 'shelved_url': 'https://images4-g.ravelrycache.com/uploads/NatalieIRL/931434453/IMG_1170_shelved.jpg', 'medium2_url': 'https://images4-a.ravelrycache.com/uploads/NatalieIRL/931434453/IMG_1170_medium2.jpg', 'small2_url': 'https://images4-f.ravelrycache.com/uploads/NatalieIRL/931434453/IMG_1170_small2.jpg', 'caption': None, 'caption_html': None, 'copyright_holder': None}, {'id': 125105828, 'sort_order': 13, 'user_id': 9742988, 'x_offset': -35, 'y_offset': -5, 'square_url': 'https://images4-g.ravelrycache.com/uploads/hillllary/855237681/IMG_8442_square.JPG', 'medium_url': 'https://images4-f.ravelrycache.com/uploads/hillllary/855237681/IMG_8442_medium.JPG', 'thumbnail_url': 'https://images4-g.ravelrycache.com/uploads/hillllary/855237681/IMG_8442_thumbnail.JPG', 'small_url': 'https://images4-f.ravelrycache.com/uploads/hillllary/855237681/IMG_8442_small.JPG', 'flickr_url': None, 'shelved_url': 'https://images4-g.ravelrycache.com/uploads/hillllary/855237681/IMG_8442_shelved.JPG', 'medium2_url': 'https://images4-a.ravelrycache.com/uploads/hillllary/855237681/IMG_8442_medium2.JPG', 'small2_url': 'https://images4-g.ravelrycache.com/uploads/hillllary/855237681/IMG_8442_small2.JPG', 'caption': None, 'caption_html': None, 'copyright_holder': None}, {'id': 125089952, 'sort_order': 14, 'user_id': 9424739, 'x_offset': -5, 'y_offset': -35, 'square_url': 'https://images4-f.ravelrycache.com/uploads/Coteglazcano/946798658/20230923_161836_square.jpg', 'medium_url': 'https://images4-g.ravelrycache.com/uploads/Coteglazcano/946798658/20230923_161836_medium.jpg', 'thumbnail_url': 'https://images4-f.ravelrycache.com/uploads/Coteglazcano/946798658/20230923_161836_thumbnail.jpg', 'small_url': 'https://images4-g.ravelrycache.com/uploads/Coteglazcano/946798658/20230923_161836_small.jpg', 'flickr_url': None, 'shelved_url': 'https://images4-f.ravelrycache.com/uploads/Coteglazcano/946798658/20230923_161836_shelved.jpg', 'medium2_url': 'https://images4-a.ravelrycache.com/uploads/Coteglazcano/946798658/20230923_161836_medium2.jpg', 'small2_url': 'https://images4-f.ravelrycache.com/uploads/Coteglazcano/946798658/20230923_161836_small2.jpg', 'caption': None, 'caption_html': None, 'copyright_holder': None}]"
Babette,Marieke Fillon,1286318,https://www.ravelry.com/patterns/library/babette-9,False,https://images4-a.ravelrycache.com/uploads/marieketricote/885886910/babette_medium2.jpeg,Knitting,"['female', 'adult', 'lace', 'raglan-sleeve', 'one-piece', 'seamless', 'top-down', 'circle-shaped', 'positive-ease', 'written-pattern', 'in-the-round', 'schematic']",20.0,4.428571428571429,True,4.0,,pullover,Fingering,13,4.625,T1:XS- T2:S- T3:M- T4:L- T5:XL- T6:2XL- T7:3XL- T8: 4XL,"[{'id': 116636159, 'sort_order': 1, 'user_id': 5220599, 'x_offset': 0, 'y_offset': 0, 'square_url': 'https://images4-g.ravelrycache.com/uploads/marieketricote/885886910/babette_square.jpeg', 'medium_url': 'https://images4-g.ravelrycache.com/uploads/marieketricote/885886910/babette_medium.jpeg', 'thumbnail_url': 'https://images4-f.ravelrycache.com/uploads/marieketricote/885886910/babette_thumbnail.jpeg', 'small_url': 'https://images4-g.ravelrycache.com/uploads/marieketricote/885886910/babette_small_best_fit.jpeg', 'flickr_url': None, 'shelved_url': 'https://images4-f.ravelrycache.com/uploads/marieketricote/885886910/babette_shelved.jpeg', 'medium2_url': 'https://images4-a.ravelrycache.com/uploads/marieketricote/885886910/babette_medium2.jpeg', 'small2_url': 'https://images4-f.ravelrycache.com/uploads/marieketricote/885886910/babette_small2.jpeg', 'caption': None, 'caption_html': None, 'copyright_holder': None}, {'id': 116636160, 'sort_order': 2, 'user_id': 5220599, 'x_offset': 0, 'y_offset': 0, 'square_url': 'https://images4-f.ravelrycache.com/uploads/marieketricote/885887150/IMG_20220907_102626_793_1__square.jpg', 'medium_url': 'https://images4-g.ravelrycache.com/uploads/marieketricote/885887150/IMG_20220907_102626_793_1__medium.jpg', 'thumbnail_url': 'https://images4-g.ravelrycache.com/uploads/marieketricote/885887150/IMG_20220907_102626_793_1__thumbnail.jpg', 'small_url': 'https://images4-g.ravelrycache.com/uploads/marieketricote/885887150/IMG_20220907_102626_793_1__small_best_fit.jpg', 'flickr_url': None, 'shelved_url': 'https://images4-f.ravelrycache.com/uploads/marieketricote/885887150/IMG_20220907_102626_793_1__shelved.jpg', 'medium2_url': 'https://images4-a.ravelrycache.com/uploads/marieketricote/885887150/IMG_20220907_102626_793_1__medium2.jpg', 'small2_url': 'https://images4-f.ravelrycache.com/uploads/marieketricote/885887150/IMG_20220907_102626_793_1__small2.jpg', 'caption': None, 'caption_html': None, 'copyright_holder': None}, {'id': 116636161, 'sort_order': 3, 'user_id': 5220599, 'x_offset': 0, 'y_offset': 0, 'square_url': 'https://images4-f.ravelrycache.com/uploads/marieketricote/885886986/IMG_20221006_124801_585_square.jpg', 'medium_url': 'https://images4-g.ravelrycache.com/uploads/marieketricote/885886986/IMG_20221006_124801_585_medium.jpg', 'thumbnail_url': 'https://images4-g.ravelrycache.com/uploads/marieketricote/885886986/IMG_20221006_124801_585_thumbnail.jpg', 'small_url': 'https://images4-f.ravelrycache.com/uploads/marieketricote/885886986/IMG_20221006_124801_585_small_best_fit.jpg', 'flickr_url': None, 'shelved_url': 'https://images4-f.ravelrycache.com/uploads/marieketricote/885886986/IMG_20221006_124801_585_shelved.jpg', 'medium2_url': 'https://images4-a.ravelrycache.com/uploads/marieketricote/885886986/IMG_20221006_124801_585_medium2.jpg', 'small2_url': 'https://images4-f.ravelrycache.com/uploads/marieketricote/885886986/IMG_20221006_124801_585_small2.jpg', 'caption': None, 'caption_html': None, 'copyright_holder': None}]"
MOIRA Sweater,RowenaMeierDesign,1286487,https://www.ravelry.com/patterns/library/moira-sweater,False,https://images4-a.ravelrycache.com/uploads/RowenaMeierDesign/978589274/Foto5_medium2.jpg,Knitting,"['teen', 'adult', 'petite', 'plus', 'textured', 'crew-neck', 'sleeves', 'saddle-shoulder', 'one-piece', 'seamless', 'top-down', 'positive-ease', 'chart', 'phototutorial', 'written-pattern', 'in-the-round', 'schematic', 'video-tutorial', 'brioche-tuck']",17.0,0.0,True,4.0,"2re, 1li / k2, p1",pullover,Bulky,4,0.0,6 Sizes / Bust circ. 80-160 cm / 31.5-63 in,"[{'id': 128096082, 'sort_order': 1, 'user_id': 11038980, 'x_offset': -2, 'y_offset': -12, 'square_url': 'https://images4-g.ravelrycache.com/uploads/RowenaMeierDesign/978589274/Foto5_square.jpg', 'medium_url': 'https://images4-f.ravelrycache.com/uploads/RowenaMeierDesign/978589274/Foto5_medium.jpg', 'thumbnail_url': 'https://images4-f.ravelrycache.com/uploads/RowenaMeierDesign/978589274/Foto5_thumbnail.jpg', 'small_url': 'https://images4-f.ravelrycache.com/uploads/RowenaMeierDesign/978589274/Foto5_small_best_fit.jpg', 'flickr_url': None, 'shelved_url': 'https://images4-g.ravelrycache.com/uploads/RowenaMeierDesign/978589274/Foto5_shelved.jpg', 'medium2_url': 'https://images4-a.ravelrycache.com/uploads/RowenaMeierDesign/978589274/Foto5_medium2.jpg', 'small2_url': 'https://images4-g.ravelrycache.com/uploads/RowenaMeierDesign/978589274/Foto5_small2.jpg', 'caption': None, 'caption_html': None, 'copyright_holder': None}, {'id': 128096168, 'sort_order': 2, 'user_id': 11038980, 'x_offset': 0, 'y_offset': -43, 'square_url': 'https://images4-g.ravelrycache.com/uploads/RowenaMeierDesign/978589905/Schulter3_square.jpg', 'medium_url': 'https://images4-f.ravelrycache.com/uploads/RowenaMeierDesign/978589905/Schulter3_medium.jpg', 'thumbnail_url': 'https://images4-g.ravelrycache.com/uploads/RowenaMeierDesign/978589905/Schulter3_thumbnail.jpg', 'small_url': 'https://images4-f.ravelrycache.com/uploads/RowenaMeierDesign/978589905/Schulter3_small_best_fit.jpg', 'flickr_url': None, 'shelved_url': 'https://images4-f.ravelrycache.com/uploads/RowenaMeierDesign/978589905/Schulter3_shelved.jpg', 'medium2_url': 'https://images4-a.ravelrycache.com/uploads/RowenaMeierDesign/978589905/Schulter3_medium2.jpg', 'small2_url': 'https://images4-g.ravelrycache.com/uploads/RowenaMeierDesign/978589905/Schulter3_small2.jpg', 'caption': None, 'caption_html': None, 'copyright_holder': None}, {'id': 128096211, 'sort_order': 3, 'user_id': 11038980, 'x_offset': -9, 'y_offset': -28, 'square_url': 'https://images4-g.ravelrycache.com/uploads/RowenaMeierDesign/978590367/IMG_4795_square.jpg', 'medium_url': 'https://images4-f.ravelrycache.com/uploads/RowenaMeierDesign/978590367/IMG_4795_medium.jpg', 'thumbnail_url': 'https://images4-f.ravelrycache.com/uploads/RowenaMeierDesign/978590367/IMG_4795_thumbnail.jpg', 'small_url': 'https://images4-f.ravelrycache.com/uploads/RowenaMeierDesign/978590367/IMG_4795_small.jpg', 'flickr_url': None, 'shelved_url': 'https://images4-g.ravelrycache.com/uploads/RowenaMeierDesign/978590367/IMG_4795_shelved.jpg', 'medium2_url': 'https://images4-a.ravelrycache.com/uploads/RowenaMeierDesign/978590367/IMG_4795_medium2.jpg', 'small2_url': 'https://images4-g.ravelrycache.com/uploads/RowenaMeierDesign/978590367/IMG_4795_small2.jpg', 'caption': None, 'caption_html': None, 'copyright_holder': None}, {'id': 128096303, 'sort_order': 4, 'user_id': 11038980, 'x_offset': -8, 'y_offset': -59, 'square_url': 'https://images4-g.ravelrycache.com/uploads/RowenaMeierDesign/978591130/IMG_4784_square.jpg', 'medium_url': 'https://images4-f.ravelrycache.com/uploads/RowenaMeierDesign/978591130/IMG_4784_medium.jpg', 'thumbnail_url': 'https://images4-g.ravelrycache.com/uploads/RowenaMeierDesign/978591130/IMG_4784_thumbnail.jpg', 'small_url': 'https://images4-g.ravelrycache.com/uploads/RowenaMeierDesign/978591130/IMG_4784_small.jpg', 'flickr_url': None, 'shelved_url': 'https://images4-f.ravelrycache.com/uploads/RowenaMeierDesign/978591130/IMG_4784_shelved.jpg', 'medium2_url': 'https://images4-a.ravelrycache.com/uploads/RowenaMeierDesign/978591130/IMG_4784_medium2.jpg', 'small2_url': 'https://images4-g.ravelrycache.com/uploads/RowenaMeierDesign/978591130/IMG_4784_small2.jpg', 'caption': None, 'caption_html': None, 'copyright_holder': None}, {'id': 128096385, 'sort_order': 5, 'user_id': 11038980, 'x_offset': -2, 'y_offset': -24, 'square_url': 'https://images4-f.ravelrycache.com/uploads/RowenaMeierDesign/978591764/IMG_4856_square.jpg', 'medium_url': 'https://images4-g.ravelrycache.com/uploads/RowenaMeierDesign/978591764/IMG_4856_medium.jpg', 'thumbnail_url': 'https://images4-f.ravelrycache.com/uploads/RowenaMeierDesign/978591764/IMG_4856_thumbnail.jpg', 'small_url': 'https://images4-g.ravelrycache.com/uploads/RowenaMeierDesign/978591764/IMG_4856_small_best_fit.jpg', 'flickr_url': None, 'shelved_url': 'https://images4-g.ravelrycache.com/uploads/RowenaMeierDesign/978591764/IMG_4856_shelved.jpg', 'medium2_url': 'https://images4-a.ravelrycache.com/uploads/RowenaMeierDesign/978591764/IMG_4856_medium2.jpg', 'small2_url': 'https://images4-f.ravelrycache.com/uploads/RowenaMeierDesign/978591764/IMG_4856_small2.jpg', 'caption': None, 'caption_html': None, 'copyright_holder': None}, {'id': 128096421, 'sort_order': 6, 'user_id': 11038980, 'x_offset': -2, 'y_offset': -10, 'square_url': 'https://images4-g.ravelrycache.com/uploads/RowenaMeierDesign/978592043/IMG_4890_square.jpg', 'medium_url': 'https://images4-f.ravelrycache.com/uploads/RowenaMeierDesign/978592043/IMG_4890_medium.jpg', 'thumbnail_url': 'https://images4-g.ravelrycache.com/uploads/RowenaMeierDesign/978592043/IMG_4890_thumbnail.jpg', 'small_url': 'https://images4-f.ravelrycache.com/uploads/RowenaMeierDesign/978592043/IMG_4890_small_best_fit.jpg', 'flickr_url': None, 'shelved_url': 'https://images4-f.ravelrycache.com/uploads/RowenaMeierDesign/978592043/IMG_4890_shelved.jpg', 'medium2_url': 'https://images4-a.ravelrycache.com/uploads/RowenaMeierDesign/978592043/IMG_4890_medium2.jpg', 'small2_url': 'https://images4-g.ravelrycache.com/uploads/RowenaMeierDesign/978592043/IMG_4890_small2.jpg', 'caption': None, 'caption_html': None, 'copyright_holder': None}, {'id': 128096562, 'sort_order': 7, 'user_id': 11038980, 'x_offset': -2, 'y_offset': -17, 'square_url': 'https://images4-f.ravelrycache.com/uploads/RowenaMeierDesign/978593186/IMG_4825_square.jpg', 'medium_url': 'https://images4-g.ravelrycache.com/uploads/RowenaMeierDesign/978593186/IMG_4825_medium.jpg', 'thumbnail_url': 'https://images4-g.ravelrycache.com/uploads/RowenaMeierDesign/978593186/IMG_4825_thumbnail.jpg', 'small_url': 'https://images4-g.ravelrycache.com/uploads/RowenaMeierDesign/978593186/IMG_4825_small_best_fit.jpg', 'flickr_url': None, 'shelved_url': 'https://images4-g.ravelrycache.com/uploads/RowenaMeierDesign/978593186/IMG_4825_shelved.jpg', 'medium2_url': 'https://images4-a.ravelrycache.com/uploads/RowenaMeierDesign/978593186/IMG_4825_medium2.jpg', 'small2_url': 'https://images4-f.ravelrycache.com/uploads/RowenaMeierDesign/978593186/IMG_4825_small2.jpg', 'caption': None, 'caption_html': None, 'copyright_holder': None}, {'id': 128096611, 'sort_order': 8, 'user_id': 11038980, 'x_offset': -2, 'y_offset': -5, 'square_url': 'https://images4-f.ravelrycache.com/uploads/RowenaMeierDesign/978593554/IMG_4830_square.jpg', 'medium_url': 'https://images4-g.ravelrycache.com/uploads/RowenaMeierDesign/978593554/IMG_4830_medium.jpg', 'thumbnail_url': 'https://images4-f.ravelrycache.com/uploads/RowenaMeierDesign/978593554/IMG_4830_thumbnail.jpg', 'small_url': 'https://images4-g.ravelrycache.com/uploads/RowenaMeierDesign/978593554/IMG_4830_small_best_fit.jpg', 'flickr_url': None, 'shelved_url': 'https://images4-g.ravelrycache.com/uploads/RowenaMeierDesign/978593554/IMG_4830_shelved.jpg', 'medium2_url': 'https://images4-a.ravelrycache.com/uploads/RowenaMeierDesign/978593554/IMG_4830_medium2.jpg', 'small2_url': 'https://images4-f.ravelrycache.com/uploads/RowenaMeierDesign/978593554/IMG_4830_small2.jpg', 'caption': None, 'caption_html': None, 'copyright_holder': None}, {'id': 116649583, 'sort_order': 9, 'user_id': 11038980, 'x_offset': 0, 'y_offset': 0, 'square_url': 'https://images4-g.ravelrycache.com/uploads/RowenaMeierDesign/885995347/Rav_Moira.Pic3_square.jpg', 'medium_url': 'https://images4-f.ravelrycache.com/uploads/RowenaMeierDesign/885995347/Rav_Moira.Pic3_medium.jpg', 'thumbnail_url': 'https://images4-g.ravelrycache.com/uploads/RowenaMeierDesign/885995347/Rav_Moira.Pic3_thumbnail.jpg', 'small_url': 'https://images4-f.ravelrycache.com/uploads/RowenaMeierDesign/885995347/Rav_Moira.Pic3_small_best_fit.jpg', 'flickr_url': None, 'shelved_url': 'https://images4-f.ravelrycache.com/uploads/RowenaMeierDesign/885995347/Rav_Moira.Pic3_shelved.jpg', 'medium2_url': 'https://images4-a.ravelrycache.com/uploads/RowenaMeierDesign/885995347/Rav_Moira.Pic3_medium2.jpg', 'small2_url': 'https://images4-g.ravelrycache.com/uploads/RowenaMeierDesign/885995347/Rav_Moira.Pic3_small2.jpg', 'caption': None, 'caption_html': None, 'copyright_holder': None}, {'id': 116649582, 'sort_order': 10, 'user_id': 11038980, 'x_offset': -3, 'y_offset': -2, 'square_url': 'https://images4-f.ravelrycache.com/uploads/RowenaMeierDesign/885995351/Rav_Moira.Pic2_square.jpg', 'medium_url': 'https://images4-g.ravelrycache.com/uploads/RowenaMeierDesign/885995351/Rav_Moira.Pic2_medium.jpg', 'thumbnail_url': 'https://images4-f.ravelrycache.com/uploads/RowenaMeierDesign/885995351/Rav_Moira.Pic2_thumbnail.jpg', 'small_url': 'https://images4-f.ravelrycache.com/uploads/RowenaMeierDesign/885995351/Rav_Moira.Pic2_small.jpg', 'flickr_url': None, 'shelved_url': 'https://images4-f.ravelrycache.com/uploads/RowenaMeierDesign/885995351/Rav_Moira.Pic2_shelved.jpg', 'medium2_url': 'https://images4-a.ravelrycache.com/uploads/RowenaMeierDesign/885995351/Rav_Moira.Pic2_medium2.jpg', 'small2_url': 'https://images4-f.ravelrycache.com/uploads/RowenaMeierDesign/885995351/Rav_Moira.Pic2_small2.jpg', 'caption': None, 'caption_html': None, 'copyright_holder': None}]"
Ninfea,Valentina Cosciani,1286493,https://www.ravelry.com/patterns/library/ninfea-2,False,https://images4-a.ravelrycache.com/uploads/Tibisay/875799224/01_medium2.jpg,Knitting,"['female', 'adult', 'lace', 'one-piece', 'seamless', 'short-rows', 'top-down', 'positive-ease', 'chart', 'written-pattern', 'worked-flat', 'in-the-round', 'twisted-stitches']",23.0,4.857142857142857,True,4.0,Stockinette Stitch with the yarns held double (blocked),pullover,Fingering,26,4.857142857142857,"XS (S, M, L, XL, XXL)","[{'id': 116649931, 'sort_order': 1, 'user_id': 530700, 'x_offset': 0, 'y_offset': 0, 'square_url': 'https://images4-f.ravelrycache.com/uploads/Tibisay/875799224/01_square.jpg', 'medium_url': 'https://images4-g.ravelrycache.com/uploads/Tibisay/875799224/01_medium.jpg', 'thumbnail_url': 'https://images4-f.ravelrycache.com/uploads/Tibisay/875799224/01_thumbnail.jpg', 'small_url': 'https://images4-g.ravelrycache.com/uploads/Tibisay/875799224/01_small_best_fit.jpg', 'flickr_url': None, 'shelved_url': 'https://images4-f.ravelrycache.com/uploads/Tibisay/875799224/01_shelved.jpg', 'medium2_url': 'https://images4-a.ravelrycache.com/uploads/Tibisay/875799224/01_medium2.jpg', 'small2_url': 'https://images4-f.ravelrycache.com/uploads/Tibisay/875799224/01_small2.jpg', 'caption': None, 'caption_html': None, 'copyright_holder': None}, {'id': 117659516, 'sort_order': 2, 'user_id': 8808269, 'x_offset': -5, 'y_offset': -35, 'square_url': 'https://images4-f.ravelrycache.com/uploads/dorasasso/892859592/1629E315-C388-4E92-AF88-8C000C27E6A8_square.jpeg', 'medium_url': 'https://images4-f.ravelrycache.com/uploads/dorasasso/892859592/1629E315-C388-4E92-AF88-8C000C27E6A8_medium.jpeg', 'thumbnail_url': 'https://images4-f.ravelrycache.com/uploads/dorasasso/892859592/1629E315-C388-4E92-AF88-8C000C27E6A8_thumbnail.jpeg', 'small_url': 'https://images4-f.ravelrycache.com/uploads/dorasasso/892859592/1629E315-C388-4E92-AF88-8C000C27E6A8_small.jpeg', 'flickr_url': None, 'shelved_url': 'https://images4-f.ravelrycache.com/uploads/dorasasso/892859592/1629E315-C388-4E92-AF88-8C000C27E6A8_shelved.jpeg', 'medium2_url': 'https://images4-a.ravelrycache.com/uploads/dorasasso/892859592/1629E315-C388-4E92-AF88-8C000C27E6A8_medium2.jpeg', 'small2_url': 'https://images4-g.ravelrycache.com/uploads/dorasasso/892859592/1629E315-C388-4E92-AF88-8C000C27E6A8_small2.jpeg', 'caption': None, 'caption_html': None, 'copyright_holder': None}, {'id': 128223568, 'sort_order': 3, 'user_id': 2856001, 'x_offset': -5, 'y_offset': -35, 'square_url': 'https://images4-g.ravelrycache.com/uploads/pibi70/976257689/upload_square', 'medium_url': 'https://images4-f.ravelrycache.com/uploads/pibi70/976257689/upload_medium', 'thumbnail_url': 'https://images4-g.ravelrycache.com/uploads/pibi70/976257689/upload_thumbnail', 'small_url': 'https://images4-g.ravelrycache.com/uploads/pibi70/976257689/upload_small', 'flickr_url': None, 'shelved_url': 'https://images4-g.ravelrycache.com/uploads/pibi70/976257689/upload_shelved', 'medium2_url': 'https://images4-a.ravelrycache.com/uploads/pibi70/976257689/upload_medium2', 'small2_url': 'https://images4-g.ravelrycache.com/uploads/pibi70/976257689/upload_small2', 'caption': None, 'caption_html': None, 'copyright_holder': None}, {'id': 116867929, 'sort_order': 4, 'user_id': 5048517, 'x_offset': -5, 'y_offset': -35, 'square_url': 'https://images4-f.ravelrycache.com/uploads/camyknit/886056920/IMG-20220802-WA0007_square.jpg', 'medium_url': 'https://images4-g.ravelrycache.com/uploads/camyknit/886056920/IMG-20220802-WA0007_medium.jpg', 'thumbnail_url': 'https://images4-f.ravelrycache.com/uploads/camyknit/886056920/IMG-20220802-WA0007_thumbnail.jpg', 'small_url': 'https://images4-g.ravelrycache.com/uploads/camyknit/886056920/IMG-20220802-WA0007_small.jpg', 'flickr_url': None, 'shelved_url': 'https://images4-g.ravelrycache.com/uploads/camyknit/886056920/IMG-20220802-WA0007_shelved.jpg', 'medium2_url': 'https://images4-a.ravelrycache.com/uploads/camyknit/886056920/IMG-20220802-WA0007_medium2.jpg', 'small2_url': 'https://images4-f.ravelrycache.com/uploads/camyknit/886056920/IMG-20220802-WA0007_small2.jpg', 'caption': None, 'caption_html': None, 'copyright_holder': None}, {'id': 116842325, 'sort_order': 5, 'user_id': 1055529, 'x_offset': -5, 'y_offset': -35, 'square_url': 'https://images4-g.ravelrycache.com/uploads/grungri/886007104/IMG-20221108-WA0020_square.jpg', 'medium_url': 'https://images4-f.ravelrycache.com/uploads/grungri/886007104/IMG-20221108-WA0020_medium.jpg', 'thumbnail_url': 'https://images4-f.ravelrycache.com/uploads/grungri/886007104/IMG-20221108-WA0020_thumbnail.jpg', 'small_url': 'https://images4-f.ravelrycache.com/uploads/grungri/886007104/IMG-20221108-WA0020_small.jpg', 'flickr_url': None, 'shelved_url': 'https://images4-g.ravelrycache.com/uploads/grungri/886007104/IMG-20221108-WA0020_shelved.jpg', 'medium2_url': 'https://images4-a.ravelrycache.com/uploads/grungri/886007104/IMG-20221108-WA0020_medium2.jpg', 'small2_url': 'https://images4-g.ravelrycache.com/uploads/grungri/886007104/IMG-20221108-WA0020_small2.jpg', 'caption': None, 'caption_html': None, 'copyright_holder': None}, {'id': 116843113, 'sort_order': 6, 'user_id': 4059102, 'x_offset': -1, 'y_offset': -115, 'square_url': 'https://images4-f.ravelrycache.com/uploads/FILODIANNA/886059161/received_2975957376036723_square.jpeg', 'medium_url': 'https://images4-f.ravelrycache.com/uploads/FILODIANNA/886059161/received_2975957376036723_medium.jpeg', 'thumbnail_url': 'https://images4-g.ravelrycache.com/uploads/FILODIANNA/886059161/received_2975957376036723_thumbnail.jpeg', 'small_url': 'https://images4-g.ravelrycache.com/uploads/FILODIANNA/886059161/received_2975957376036723_small_best_fit.jpeg', 'flickr_url': None, 'shelved_url': 'https://images4-f.ravelrycache.com/uploads/FILODIANNA/886059161/received_2975957376036723_shelved.jpeg', 'medium2_url': 'https://images4-a.ravelrycache.com/uploads/FILODIANNA/886059161/received_2975957376036723_medium2.jpeg', 'small2_url': 'https://images4-g.ravelrycache.com/uploads/FILODIANNA/886059161/received_2975957376036723_small2.jpeg', 'caption': None, 'caption_html': None, 'copyright_holder': None}, {'id': 117822835, 'sort_order': 7, 'user_id': 6182446, 'x_offset': -5, 'y_offset': -35, 'square_url': 'https://images4-g.ravelrycache.com/uploads/AlessandraS1973/893621402/20221218_122447_square.jpg', 'medium_url': 'https://images4-f.ravelrycache.com/uploads/AlessandraS1973/893621402/20221218_122447_medium.jpg', 'thumbnail_url': 'https://images4-f.ravelrycache.com/uploads/AlessandraS1973/893621402/20221218_122447_thumbnail.jpg', 'small_url': 'https://images4-f.ravelrycache.com/uploads/AlessandraS1973/893621402/20221218_122447_small.jpg', 'flickr_url': None, 'shelved_url': 'https://images4-g.ravelrycache.com/uploads/AlessandraS1973/893621402/20221218_122447_shelved.jpg', 'medium2_url': 'https://images4-a.ravelrycache.com/uploads/AlessandraS1973/893621402/20221218_122447_medium2.jpg', 'small2_url': 'https://images4-g.ravelrycache.com/uploads/AlessandraS1973/893621402/20221218_122447_small2.jpg', 'caption': None, 'caption_html': None, 'copyright_holder': None}, {'id': 118086969, 'sort_order': 8, 'user_id': 5552597, 'x_offset': 0, 'y_offset': -44, 'square_url': 'https://images4-g.ravelrycache.com/uploads/danifvg/897415050/20230103_152405_square.jpg', 'medium_url': 'https://images4-f.ravelrycache.com/uploads/danifvg/897415050/20230103_152405_medium.jpg', 'thumbnail_url': 'https://images4-g.ravelrycache.com/uploads/danifvg/897415050/20230103_152405_thumbnail.jpg', 'small_url': 'https://images4-f.ravelrycache.com/uploads/danifvg/897415050/20230103_152405_small_best_fit.jpg', 'flickr_url': None, 'shelved_url': 'https://images4-f.ravelrycache.com/uploads/danifvg/897415050/20230103_152405_shelved.jpg', 'medium2_url': 'https://images4-a.ravelrycache.com/uploads/danifvg/897415050/20230103_152405_medium2.jpg', 'small2_url': 'https://images4-g.ravelrycache.com/uploads/danifvg/897415050/20230103_152405_small2.jpg', 'caption': None, 'caption_html': None, 'copyright_holder': None}, {'id': 116649932, 'sort_order': 9, 'user_id': 530700, 'x_offset': 0, 'y_offset': 0, 'square_url': 'https://images4-g.ravelrycache.com/uploads/Tibisay/875799222/05_square.jpg', 'medium_url': 'https://images4-f.ravelrycache.com/uploads/Tibisay/875799222/05_medium.jpg', 'thumbnail_url': 'https://images4-g.ravelrycache.com/uploads/Tibisay/875799222/05_thumbnail.jpg', 'small_url': 'https://images4-g.ravelrycache.com/uploads/Tibisay/875799222/05_small_best_fit.jpg', 'flickr_url': None, 'shelved_url': 'https://images4-g.ravelrycache.com/uploads/Tibisay/875799222/05_shelved.jpg', 'medium2_url': 'https://images4-a.ravelrycache.com/uploads/Tibisay/875799222/05_medium2.jpg', 'small2_url': 'https://images4-g.ravelrycache.com/uploads/Tibisay/875799222/05_small2.jpg', 'caption': None, 'caption_html': None, 'copyright_holder': None}, {'id': 116649933, 'sort_order': 10, 'user_id': 530700, 'x_offset': 0, 'y_offset': 0, 'square_url': 'https://images4-f.ravelrycache.com/uploads/Tibisay/875799226/09_square.jpg', 'medium_url': 'https://images4-g.ravelrycache.com/uploads/Tibisay/875799226/09_medium.jpg', 'thumbnail_url': 'https://images4-f.ravelrycache.com/uploads/Tibisay/875799226/09_thumbnail.jpg', 'small_url': 'https://images4-g.ravelrycache.com/uploads/Tibisay/875799226/09_small_best_fit.jpg', 'flickr_url': None, 'shelved_url': 'https://images4-g.ravelrycache.com/uploads/Tibisay/875799226/09_shelved.jpg', 'medium2_url': 'https://images4-a.ravelrycache.com/uploads/Tibisay/875799226/09_medium2.jpg', 'small2_url': 'https://images4-f.ravelrycache.com/uploads/Tibisay/875799226/09_small2.jpg', 'caption': None, 'caption_html': None, 'copyright_holder': None}, {'id': 116649934, 'sort_order': 11, 'user_id': 530700, 'x_offset': 0, 'y_offset': 0, 'square_url': 'https://images4-g.ravelrycache.com/uploads/Tibisay/875799221/08_square.jpg', 'medium_url': 'https://images4-f.ravelrycache.com/uploads/Tibisay/875799221/08_medium.jpg', 'thumbnail_url': 'https://images4-f.ravelrycache.com/uploads/Tibisay/875799221/08_thumbnail.jpg', 'small_url': 'https://images4-g.ravelrycache.com/uploads/Tibisay/875799221/08_small_best_fit.jpg', 'flickr_url': None, 'shelved_url': 'https://images4-g.ravelrycache.com/uploads/Tibisay/875799221/08_shelved.jpg', 'medium2_url': 'https://images4-a.ravelrycache.com/uploads/Tibisay/875799221/08_medium2.jpg', 'small2_url': 'https://images4-g.ravelrycache.com/uploads/Tibisay/875799221/08_small2.jpg', 'caption': None, 'caption_html': None, 'copyright_holder': None}, {'id': 116649935, 'sort_order': 12, 'user_id': 530700, 'x_offset': 0, 'y_offset': 0, 'square_url': 'https://images4-g.ravelrycache.com/uploads/Tibisay/875799218/04_square.jpg', 'medium_url': 'https://images4-f.ravelrycache.com/uploads/Tibisay/875799218/04_medium.jpg', 'thumbnail_url': 'https://images4-f.ravelrycache.com/uploads/Tibisay/875799218/04_thumbnail.jpg', 'small_url': 'https://images4-f.ravelrycache.com/uploads/Tibisay/875799218/04_small_best_fit.jpg', 'flickr_url': None, 'shelved_url': 'https://images4-f.ravelrycache.com/uploads/Tibisay/875799218/04_shelved.jpg', 'medium2_url': 'https://images4-a.ravelrycache.com/uploads/Tibisay/875799218/04_medium2.jpg', 'small2_url': 'https://images4-g.ravelrycache.com/uploads/Tibisay/875799218/04_small2.jpg', 'caption': None, 'caption_html': None, 'copyright_holder': None}, {'id': 116649936, 'sort_order': 13, 'user_id': 530700, 'x_offset': 0, 'y_offset': 0, 'square_url': 'https://images4-g.ravelrycache.com/uploads/Tibisay/875799223/07_square.jpg', 'medium_url': 'https://images4-f.ravelrycache.com/uploads/Tibisay/875799223/07_medium.jpg', 'thumbnail_url': 'https://images4-g.ravelrycache.com/uploads/Tibisay/875799223/07_thumbnail.jpg', 'small_url': 'https://images4-g.ravelrycache.com/uploads/Tibisay/875799223/07_small_best_fit.jpg', 'flickr_url': None, 'shelved_url': 'https://images4-f.ravelrycache.com/uploads/Tibisay/875799223/07_shelved.jpg', 'medium2_url': 'https://images4-a.ravelrycache.com/uploads/Tibisay/875799223/07_medium2.jpg', 'small2_url': 'https://images4-g.ravelrycache.com/uploads/Tibisay/875799223/07_small2.jpg', 'caption': None, 'caption_html': None, 'copyright_holder': None}, {'id': 116649937, 'sort_order': 14, 'user_id': 530700, 'x_offset': 0, 'y_offset': 0, 'square_url': 'https://images4-f.ravelrycache.com/uploads/Tibisay/875799217/02_square.jpg', 'medium_url': 'https://images4-g.ravelrycache.com/uploads/Tibisay/875799217/02_medium.jpg', 'thumbnail_url': 'https://images4-g.ravelrycache.com/uploads/Tibisay/875799217/02_thumbnail.jpg', 'small_url': 'https://images4-g.ravelrycache.com/uploads/Tibisay/875799217/02_small_best_fit.jpg', 'flickr_url': None, 'shelved_url': 'https://images4-f.ravelrycache.com/uploads/Tibisay/875799217/02_shelved.jpg', 'medium2_url': 'https://images4-a.ravelrycache.com/uploads/Tibisay/875799217/02_medium2.jpg', 'small2_url': 'https://images4-f.ravelrycache.com/uploads/Tibisay/875799217/02_small2.jpg', 'caption': None, 'caption_html': None, 'copyright_holder': None}, {'id': 116649938, 'sort_order': 15, 'user_id': 530700, 'x_offset': 0, 'y_offset': 0, 'square_url': 'https://images4-f.ravelrycache.com/uploads/Tibisay/875799225/03_square.jpg', 'medium_url': 'https://images4-g.ravelrycache.com/uploads/Tibisay/875799225/03_medium.jpg', 'thumbnail_url': 'https://images4-f.ravelrycache.com/uploads/Tibisay/875799225/03_thumbnail.jpg', 'small_url': 'https://images4-g.ravelrycache.com/uploads/Tibisay/875799225/03_small_best_fit.jpg', 'flickr_url': None, 'shelved_url': 'https://images4-g.ravelrycache.com/uploads/Tibisay/875799225/03_shelved.jpg', 'medium2_url': 'https://images4-a.ravelrycache.com/uploads/Tibisay/875799225/03_medium2.jpg', 'small2_url': 'https://images4-f.ravelrycache.com/uploads/Tibisay/875799225/03_small2.jpg', 'caption': None, 'caption_html': None, 'copyright_holder': None}, {'id': 116649939, 'sort_order': 16, 'user_id': 530700, 'x_offset': 0, 'y_offset': 0, 'square_url': 'https://images4-f.ravelrycache.com/uploads/Tibisay/875799220/06b_square.jpg', 'medium_url': 'https://images4-g.ravelrycache.com/uploads/Tibisay/875799220/06b_medium.jpg', 'thumbnail_url': 'https://images4-f.ravelrycache.com/uploads/Tibisay/875799220/06b_thumbnail.jpg', 'small_url': 'https://images4-g.ravelrycache.com/uploads/Tibisay/875799220/06b_small_best_fit.jpg', 'flickr_url': None, 'shelved_url': 'https://images4-g.ravelrycache.com/uploads/Tibisay/875799220/06b_shelved.jpg', 'medium2_url': 'https://images4-a.ravelrycache.com/uploads/Tibisay/875799220/06b_medium2.jpg', 'small2_url': 'https://images4-f.ravelrycache.com/uploads/Tibisay/875799220/06b_small2.jpg', 'caption': None, 'caption_html': None, 'copyright_holder': None}, {'id': 116649940, 'sort_order': 17, 'user_id': 530700, 'x_offset': 0, 'y_offset': 0, 'square_url': 'https://images4-g.ravelrycache.com/uploads/Tibisay/875799219/06a_square.jpg', 'medium_url': 'https://images4-f.ravelrycache.com/uploads/Tibisay/875799219/06a_medium.jpg', 'thumbnail_url': 'https://images4-g.ravelrycache.com/uploads/Tibisay/875799219/06a_thumbnail.jpg', 'small_url': 'https://images4-g.ravelrycache.com/uploads/Tibisay/875799219/06a_small_best_fit.jpg', 'flickr_url': None, 'shelved_url': 'https://images4-f.ravelrycache.com/uploads/Tibisay/875799219/06a_shelved.jpg', 'medium2_url': 'https://images4-a.ravelrycache.com/uploads/Tibisay/875799219/06a_medium2.jpg', 'small2_url': 'https://images4-g.ravelrycache.com/uploads/Tibisay/875799219/06a_small2.jpg', 'caption': None, 'caption_html': None, 'copyright_holder': None}, {'id': 116649941, 'sort_order': 18, 'user_id': 530700, 'x_offset': 0, 'y_offset': 0, 'square_url': 'https://images4-g.ravelrycache.com/uploads/Tibisay/875799216/10_square.jpg', 'medium_url': 'https://images4-f.ravelrycache.com/uploads/Tibisay/875799216/10_medium.jpg', 'thumbnail_url': 'https://images4-f.ravelrycache.com/uploads/Tibisay/875799216/10_thumbnail.jpg', 'small_url': 'https://images4-f.ravelrycache.com/uploads/Tibisay/875799216/10_small_best_fit.jpg', 'flickr_url': None, 'shelved_url': 'https://images4-f.ravelrycache.com/uploads/Tibisay/875799216/10_shelved.jpg', 'medium2_url': 'https://images4-a.ravelrycache.com/uploads/Tibisay/875799216/10_medium2.jpg', 'small2_url': 'https://images4-g.ravelrycache.com/uploads/Tibisay/875799216/10_small2.jpg', 'caption': None, 'caption_html': None, 'copyright_holder': None}]"
Lind Sweater,Tonje Hodne,1286640,https://www.ravelry.com/patterns/library/lind-sweater,False,https://images4-a.ravelrycache.com/uploads/strikkekaffe/886091760/lind_sweater_strikkekaffe_medium2.JPG,Knitting,"['adult', 'crew-neck', 'long-sleeve', 'raglan-sleeve', 'seamless', 'top-down', 'positive-ease', 'written-pattern', 'worked-flat', 'in-the-round', 'stripes-colorwork', 'captioned-video', 'male', 'female']",14.0,0.0,True,4.0,stockinette stitch,pullover,Aran,10,0.0,XS (S) M (L) XL (2XL) 3XL,"[{'id': 116661542, 'sort_order': 1, 'user_id': 10108886, 'x_offset': 0, 'y_offset': -22, 'square_url': 'https://images4-g.ravelrycache.com/uploads/strikkekaffe/886091760/lind_sweater_strikkekaffe_square.JPG', 'medium_url': 'https://images4-f.ravelrycache.com/uploads/strikkekaffe/886091760/lind_sweater_strikkekaffe_medium.JPG', 'thumbnail_url': 'https://images4-f.ravelrycache.com/uploads/strikkekaffe/886091760/lind_sweater_strikkekaffe_thumbnail.JPG', 'small_url': 'https://images4-g.ravelrycache.com/uploads/strikkekaffe/886091760/lind_sweater_strikkekaffe_small_best_fit.JPG', 'flickr_url': None, 'shelved_url': 'https://images4-g.ravelrycache.com/uploads/strikkekaffe/886091760/lind_sweater_strikkekaffe_shelved.JPG', 'medium2_url': 'https://images4-a.ravelrycache.com/uploads/strikkekaffe/886091760/lind_sweater_strikkekaffe_medium2.JPG', 'small2_url': 'https://images4-g.ravelrycache.com/uploads/strikkekaffe/886091760/lind_sweater_strikkekaffe_small2.JPG', 'caption': None, 'caption_html': None, 'copyright_holder': None}, {'id': 116661543, 'sort_order': 2, 'user_id': 10108886, 'x_offset': -5, 'y_offset': -35, 'square_url': 'https://images4-f.ravelrycache.com/uploads/strikkekaffe/886091750/IMG_3804_square.jpg', 'medium_url': 'https://images4-g.ravelrycache.com/uploads/strikkekaffe/886091750/IMG_3804_medium.jpg', 'thumbnail_url': 'https://images4-f.ravelrycache.com/uploads/strikkekaffe/886091750/IMG_3804_thumbnail.jpg', 'small_url': 'https://images4-f.ravelrycache.com/uploads/strikkekaffe/886091750/IMG_3804_small.jpg', 'flickr_url': None, 'shelved_url': 'https://images4-g.ravelrycache.com/uploads/strikkekaffe/886091750/IMG_3804_shelved.jpg', 'medium2_url': 'https://images4-a.ravelrycache.com/uploads/strikkekaffe/886091750/IMG_3804_medium2.jpg', 'small2_url': 'https://images4-f.ravelrycache.com/uploads/strikkekaffe/886091750/IMG_3804_small2.jpg', 'caption': None, 'caption_html': None, 'copyright_holder': None}, {'id': 116661544, 'sort_order': 3, 'user_id': 10108886, 'x_offset': -5, 'y_offset': -35, 'square_url': 'https://images4-f.ravelrycache.com/uploads/strikkekaffe/886091753/lind-sweater-strikkekaffe-4_square.JPG', 'medium_url': 'https://images4-g.ravelrycache.com/uploads/strikkekaffe/886091753/lind-sweater-strikkekaffe-4_medium.JPG', 'thumbnail_url': 'https://images4-g.ravelrycache.com/uploads/strikkekaffe/886091753/lind-sweater-strikkekaffe-4_thumbnail.JPG', 'small_url': 'https://images4-g.ravelrycache.com/uploads/strikkekaffe/886091753/lind-sweater-strikkekaffe-4_small.JPG', 'flickr_url': None, 'shelved_url': 'https://images4-g.ravelrycache.com/uploads/strikkekaffe/886091753/lind-sweater-strikkekaffe-4_shelved.JPG', 'medium2_url': 'https://images4-a.ravelrycache.com/uploads/strikkekaffe/886091753/lind-sweater-strikkekaffe-4_medium2.JPG', 'small2_url': 'https://images4-f.ravelrycache.com/uploads/strikkekaffe/886091753/lind-sweater-strikkekaffe-4_small2.JPG', 'caption': None, 'caption_html': None, 'copyright_holder': None}, {'id': 116661545, 'sort_order': 4, 'user_id': 10108886, 'x_offset': -5, 'y_offset': -35, 'square_url': 'https://images4-f.ravelrycache.com/uploads/strikkekaffe/886091759/lind_sweater_strikkehannah_2_square.jpg', 'medium_url': 'https://images4-g.ravelrycache.com/uploads/strikkekaffe/886091759/lind_sweater_strikkehannah_2_medium.jpg', 'thumbnail_url': 'https://images4-g.ravelrycache.com/uploads/strikkekaffe/886091759/lind_sweater_strikkehannah_2_thumbnail.jpg', 'small_url': 'https://images4-g.ravelrycache.com/uploads/strikkekaffe/886091759/lind_sweater_strikkehannah_2_small.jpg', 'flickr_url': None, 'shelved_url': 'https://images4-g.ravelrycache.com/uploads/strikkekaffe/886091759/lind_sweater_strikkehannah_2_shelved.jpg', 'medium2_url': 'https://images4-a.ravelrycache.com/uploads/strikkekaffe/886091759/lind_sweater_strikkehannah_2_medium2.jpg', 'small2_url': 'https://images4-f.ravelrycache.com/uploads/strikkekaffe/886091759/lind_sweater_strikkehannah_2_small2.jpg', 'caption': None, 'caption_html': None, 'copyright_holder': '@strikkehannah'}, {'id': 116661546, 'sort_order': 5, 'user_id': 10108886, 'x_offset': -5, 'y_offset': -35, 'square_url': 'https://images4-f.ravelrycache.com/uploads/strikkekaffe/886091756/lind_sweater_strikkehannah_1_square.jpg', 'medium_url': 'https://images4-g.ravelrycache.com/uploads/strikkekaffe/886091756/lind_sweater_strikkehannah_1_medium.jpg', 'thumbnail_url': 'https://images4-f.ravelrycache.com/uploads/strikkekaffe/886091756/lind_sweater_strikkehannah_1_thumbnail.jpg', 'small_url': 'https://images4-f.ravelrycache.com/uploads/strikkekaffe/886091756/lind_sweater_strikkehannah_1_small.jpg', 'flickr_url': None, 'shelved_url': 'https://images4-f.ravelrycache.com/uploads/strikkekaffe/886091756/lind_sweater_strikkehannah_1_shelved.jpg', 'medium2_url': 'https://images4-a.ravelrycache.com/uploads/strikkekaffe/886091756/lind_sweater_strikkehannah_1_medium2.jpg', 'small2_url': 'https://images4-f.ravelrycache.com/uploads/strikkekaffe/886091756/lind_sweater_strikkehannah_1_small2.jpg', 'caption': None, 'caption_html': None, 'copyright_holder': '@strikkehannah'}, {'id': 116661547, 'sort_order': 6, 'user_id': 10108886, 'x_offset': -5, 'y_offset': -35, 'square_url': 'https://images4-f.ravelrycache.com/uploads/strikkekaffe/886091749/lind_sweater_strikkehannah_square.jpeg', 'medium_url': 'https://images4-f.ravelrycache.com/uploads/strikkekaffe/886091749/lind_sweater_strikkehannah_medium.jpeg', 'thumbnail_url': 'https://images4-f.ravelrycache.com/uploads/strikkekaffe/886091749/lind_sweater_strikkehannah_thumbnail.jpeg', 'small_url': 'https://images4-f.ravelrycache.com/uploads/strikkekaffe/886091749/lind_sweater_strikkehannah_small.jpeg', 'flickr_url': None, 'shelved_url': 'https://images4-g.ravelrycache.com/uploads/strikkekaffe/886091749/lind_sweater_strikkehannah_shelved.jpeg', 'medium2_url': 'https://images4-a.ravelrycache.com/uploads/strikkekaffe/886091749/lind_sweater_strikkehannah_medium2.jpeg', 'small2_url': 'https://images4-g.ravelrycache.com/uploads/strikkekaffe/886091749/lind_sweater_strikkehannah_small2.jpeg', 'caption': None, 'caption_html': None, 'copyright_holder': '@strikkehannah'}]"
417-3 Olle glidelåsgenser,Rauma Designs,1286690,https://www.ravelry.com/patterns/library/417-3-olle-glidelasgenser,False,https://images4-a.ravelrycache.com/uploads/mfrengen/886123086/D228C4B4-0121-4FF5-AC14-06BE02D9CCFC_medium2.jpeg,Knitting,"['adult', 'ribbed', 'zipper', 'bottom-up', 'positive-ease', 'written-pattern', 'funnel-neck', 'worked-flat', 'in-the-round', 'female', 'plus', 'long-sleeve', 'raglan-sleeve', 'straight', 'facings', 'cuffed-sleeve']",14.0,0.0,True,4.0,stockinette sts,pullover,Aran,7,0.0, XSmall - 3XLarge,"[{'id': 116665464, 'sort_order': 1, 'user_id': 6152382, 'x_offset': 0, 'y_offset': -35, 'square_url': 'https://images4-g.ravelrycache.com/uploads/mfrengen/886123086/D228C4B4-0121-4FF5-AC14-06BE02D9CCFC_square.jpeg', 'medium_url': 'https://images4-g.ravelrycache.com/uploads/mfrengen/886123086/D228C4B4-0121-4FF5-AC14-06BE02D9CCFC_medium.jpeg', 'thumbnail_url': 'https://images4-f.ravelrycache.com/uploads/mfrengen/886123086/D228C4B4-0121-4FF5-AC14-06BE02D9CCFC_thumbnail.jpeg', 'small_url': 'https://images4-f.ravelrycache.com/uploads/mfrengen/886123086/D228C4B4-0121-4FF5-AC14-06BE02D9CCFC_small.jpeg', 'flickr_url': None, 'shelved_url': 'https://images4-f.ravelrycache.com/uploads/mfrengen/886123086/D228C4B4-0121-4FF5-AC14-06BE02D9CCFC_shelved.jpeg', 'medium2_url': 'https://images4-a.ravelrycache.com/uploads/mfrengen/886123086/D228C4B4-0121-4FF5-AC14-06BE02D9CCFC_medium2.jpeg', 'small2_url': 'https://images4-f.ravelrycache.com/uploads/mfrengen/886123086/D228C4B4-0121-4FF5-AC14-06BE02D9CCFC_small2.jpeg', 'caption': None, 'caption_html': None, 'copyright_holder': None}, {'id': 116665465, 'sort_order': 2, 'user_id': 6152382, 'x_offset': -3, 'y_offset': -70, 'square_url': 'https://images4-g.ravelrycache.com/uploads/mfrengen/886123084/EB5DED27-F509-451D-8AB5-DB90526110B8_square.jpeg', 'medium_url': 'https://images4-g.ravelrycache.com/uploads/mfrengen/886123084/EB5DED27-F509-451D-8AB5-DB90526110B8_medium.jpeg', 'thumbnail_url': 'https://images4-f.ravelrycache.com/uploads/mfrengen/886123084/EB5DED27-F509-451D-8AB5-DB90526110B8_thumbnail.jpeg', 'small_url': 'https://images4-f.ravelrycache.com/uploads/mfrengen/886123084/EB5DED27-F509-451D-8AB5-DB90526110B8_small.jpeg', 'flickr_url': None, 'shelved_url': 'https://images4-f.ravelrycache.com/uploads/mfrengen/886123084/EB5DED27-F509-451D-8AB5-DB90526110B8_shelved.jpeg', 'medium2_url': 'https://images4-a.ravelrycache.com/uploads/mfrengen/886123084/EB5DED27-F509-451D-8AB5-DB90526110B8_medium2.jpeg', 'small2_url': 'https://images4-f.ravelrycache.com/uploads/mfrengen/886123084/EB5DED27-F509-451D-8AB5-DB90526110B8_small2.jpeg', 'caption': None, 'caption_html': None, 'copyright_holder': None}, {'id': 116665466, 'sort_order': 3, 'user_id': 6152382, 'x_offset': 0, 'y_offset': -61, 'square_url': 'https://images4-f.ravelrycache.com/uploads/mfrengen/886123088/271BE903-C263-44D1-A7B6-17F4E8EC5F2E_square.jpeg', 'medium_url': 'https://images4-f.ravelrycache.com/uploads/mfrengen/886123088/271BE903-C263-44D1-A7B6-17F4E8EC5F2E_medium.jpeg', 'thumbnail_url': 'https://images4-g.ravelrycache.com/uploads/mfrengen/886123088/271BE903-C263-44D1-A7B6-17F4E8EC5F2E_thumbnail.jpeg', 'small_url': 'https://images4-g.ravelrycache.com/uploads/mfrengen/886123088/271BE903-C263-44D1-A7B6-17F4E8EC5F2E_small_best_fit.jpeg', 'flickr_url': None, 'shelved_url': 'https://images4-f.ravelrycache.com/uploads/mfrengen/886123088/271BE903-C263-44D1-A7B6-17F4E8EC5F2E_shelved.jpeg', 'medium2_url': 'https://images4-a.ravelrycache.com/uploads/mfrengen/886123088/271BE903-C263-44D1-A7B6-17F4E8EC5F2E_medium2.jpeg', 'small2_url': 'https://images4-g.ravelrycache.com/uploads/mfrengen/886123088/271BE903-C263-44D1-A7B6-17F4E8EC5F2E_small2.jpeg', 'caption': None, 'caption_html': None, 'copyright_holder': None}, {'id': 116665467, 'sort_order': 4, 'user_id': 6152382, 'x_offset': -1, 'y_offset': -35, 'square_url': 'https://images4-g.ravelrycache.com/uploads/mfrengen/886123087/54CCA359-34FD-426A-A27B-9AF99B128F78_square.jpeg', 'medium_url': 'https://images4-g.ravelrycache.com/uploads/mfrengen/886123087/54CCA359-34FD-426A-A27B-9AF99B128F78_medium.jpeg', 'thumbnail_url': 'https://images4-f.ravelrycache.com/uploads/mfrengen/886123087/54CCA359-34FD-426A-A27B-9AF99B128F78_thumbnail.jpeg', 'small_url': 'https://images4-g.ravelrycache.com/uploads/mfrengen/886123087/54CCA359-34FD-426A-A27B-9AF99B128F78_small.jpeg', 'flickr_url': None, 'shelved_url': 'https://images4-f.ravelrycache.com/uploads/mfrengen/886123087/54CCA359-34FD-426A-A27B-9AF99B128F78_shelved.jpeg', 'medium2_url': 'https://images4-a.ravelrycache.com/uploads/mfrengen/886123087/54CCA359-34FD-426A-A27B-9AF99B128F78_medium2.jpeg', 'small2_url': 'https://images4-f.ravelrycache.com/uploads/mfrengen/886123087/54CCA359-34FD-426A-A27B-9AF99B128F78_small2.jpeg', 'caption': None, 'caption_html': None, 'copyright_holder': None}, {'id': 116665468, 'sort_order': 5, 'user_id': 6152382, 'x_offset': 3, 'y_offset': -4, 'square_url': 'https://images4-g.ravelrycache.com/uploads/mfrengen/886123083/64072758-F9A2-4A79-BBB7-A62D88215BC4_square.jpeg', 'medium_url': 'https://images4-g.ravelrycache.com/uploads/mfrengen/886123083/64072758-F9A2-4A79-BBB7-A62D88215BC4_medium.jpeg', 'thumbnail_url': 'https://images4-g.ravelrycache.com/uploads/mfrengen/886123083/64072758-F9A2-4A79-BBB7-A62D88215BC4_thumbnail.jpeg', 'small_url': 'https://images4-f.ravelrycache.com/uploads/mfrengen/886123083/64072758-F9A2-4A79-BBB7-A62D88215BC4_small.jpeg', 'flickr_url': None, 'shelved_url': 'https://images4-g.ravelrycache.com/uploads/mfrengen/886123083/64072758-F9A2-4A79-BBB7-A62D88215BC4_shelved.jpeg', 'medium2_url': 'https://images4-a.ravelrycache.com/uploads/mfrengen/886123083/64072758-F9A2-4A79-BBB7-A62D88215BC4_medium2.jpeg', 'small2_url': 'https://images4-f.ravelrycache.com/uploads/mfrengen/886123083/64072758-F9A2-4A79-BBB7-A62D88215BC4_small2.jpeg', 'caption': None, 'caption_html': None, 'copyright_holder': None}, {'id': 116665469, 'sort_order': 6, 'user_id': 6152382, 'x_offset': 0, 'y_offset': -36, 'square_url': 'https://images4-g.ravelrycache.com/uploads/mfrengen/886123085/90F9F021-2E68-4480-8C96-C90E653B47D5_square.jpeg', 'medium_url': 'https://images4-g.ravelrycache.com/uploads/mfrengen/886123085/90F9F021-2E68-4480-8C96-C90E653B47D5_medium.jpeg', 'thumbnail_url': 'https://images4-g.ravelrycache.com/uploads/mfrengen/886123085/90F9F021-2E68-4480-8C96-C90E653B47D5_thumbnail.jpeg', 'small_url': 'https://images4-f.ravelrycache.com/uploads/mfrengen/886123085/90F9F021-2E68-4480-8C96-C90E653B47D5_small_best_fit.jpeg', 'flickr_url': None, 'shelved_url': 'https://images4-f.ravelrycache.com/uploads/mfrengen/886123085/90F9F021-2E68-4480-8C96-C90E653B47D5_shelved.jpeg', 'medium2_url': 'https://images4-a.ravelrycache.com/uploads/mfrengen/886123085/90F9F021-2E68-4480-8C96-C90E653B47D5_medium2.jpeg', 'small2_url': 'https://images4-f.ravelrycache.com/uploads/mfrengen/886123085/90F9F021-2E68-4480-8C96-C90E653B47D5_small2.jpeg', 'caption': None, 'caption_html': None, 'copyright_holder': None}]"
Livsfarlig Ledning Sweater,Spektakelstrik - Mie Firring,1286784,https://www.ravelry.com/patterns/library/livsfarlig-ledning-sweater,False,https://images4-a.ravelrycache.com/uploads/MieFirring/886181271/Skrmbillede_2022-11-10_kl._13.38.23_medium2.png,Knitting,"['top-down', 'other-colorwork']",17.0,0.0,True,4.0,Stockinette stitch,pullover,DK,4,0.0,,"[{'id': 116672743, 'sort_order': 1, 'user_id': 2281285, 'x_offset': 0, 'y_offset': -8, 'square_url': 'https://images4-f.ravelrycache.com/uploads/MieFirring/886181271/Skrmbillede_2022-11-10_kl._13.38.23_square.png', 'medium_url': 'https://images4-g.ravelrycache.com/uploads/MieFirring/886181271/Skrmbillede_2022-11-10_kl._13.38.23_medium.png', 'thumbnail_url': 'https://images4-g.ravelrycache.com/uploads/MieFirring/886181271/Skrmbillede_2022-11-10_kl._13.38.23_thumbnail.png', 'small_url': 'https://images4-f.ravelrycache.com/uploads/MieFirring/886181271/Skrmbillede_2022-11-10_kl._13.38.23_small_best_fit.png', 'flickr_url': None, 'shelved_url': 'https://images4-g.ravelrycache.com/uploads/MieFirring/886181271/Skrmbillede_2022-11-10_kl._13.38.23_shelved.png', 'medium2_url': 'https://images4-a.ravelrycache.com/uploads/MieFirring/886181271/Skrmbillede_2022-11-10_kl._13.38.23_medium2.png', 'small2_url': 'https://images4-f.ravelrycache.com/uploads/MieFirring/886181271/Skrmbillede_2022-11-10_kl._13.38.23_small2.png', 'caption': None, 'caption_html': None, 'copyright_holder': None}, {'id': 116672744, 'sort_order': 2, 'user_id': 2281285, 'x_offset': -40, 'y_offset': 0, 'square_url': 'https://images4-f.ravelrycache.com/uploads/MieFirring/886181269/Skrmbillede_2022-11-10_kl._13.37.51_square.png', 'medium_url': 'https://images4-g.ravelrycache.com/uploads/MieFirring/886181269/Skrmbillede_2022-11-10_kl._13.37.51_medium.png', 'thumbnail_url': 'https://images4-g.ravelrycache.com/uploads/MieFirring/886181269/Skrmbillede_2022-11-10_kl._13.37.51_thumbnail.png', 'small_url': 'https://images4-f.ravelrycache.com/uploads/MieFirring/886181269/Skrmbillede_2022-11-10_kl._13.37.51_small_best_fit.png', 'flickr_url': None, 'shelved_url': 'https://images4-f.ravelrycache.com/uploads/MieFirring/886181269/Skrmbillede_2022-11-10_kl._13.37.51_shelved.png', 'medium2_url': 'https://images4-a.ravelrycache.com/uploads/MieFirring/886181269/Skrmbillede_2022-11-10_kl._13.37.51_medium2.png', 'small2_url': 'https://images4-f.ravelrycache.com/uploads/MieFirring/886181269/Skrmbillede_2022-11-10_kl._13.37.51_small2.png', 'caption': None, 'caption_html': None, 'copyright_holder': None}]"
Twins Cables Sweater,Victoria Chaplina,1287089,https://www.ravelry.com/patterns/library/twins-cables-sweater,False,https://images4-a.ravelrycache.com/uploads/Mycharmingwool/886169211/DDB682C8-F0C5-4B50-927B-6E80082BAB65_medium2.JPG,Knitting,"['female', 'adult', 'oversized', 'cables', 'ribbed', 'raglan-sleeve', 'seamless', 'top-down', 'mock-turtleneck', 'positive-ease', 'chart', 'written-pattern', 'bracelet-sleeve', 'cropped', 'in-the-round']",12.0,2.4285714285714284,True,4.0,Stockinette stitch in the round after blocking.,pullover,Bulky,14,4.428571428571429,"XS (S, M, L, XL, 2XL, 3XL) ","[{'id': 116693652, 'sort_order': 1, 'user_id': 7329421, 'x_offset': -1, 'y_offset': -2, 'square_url': 'https://images4-f.ravelrycache.com/uploads/Mycharmingwool/886169211/DDB682C8-F0C5-4B50-927B-6E80082BAB65_square.JPG', 'medium_url': 'https://images4-g.ravelrycache.com/uploads/Mycharmingwool/886169211/DDB682C8-F0C5-4B50-927B-6E80082BAB65_medium.JPG', 'thumbnail_url': 'https://images4-f.ravelrycache.com/uploads/Mycharmingwool/886169211/DDB682C8-F0C5-4B50-927B-6E80082BAB65_thumbnail.JPG', 'small_url': 'https://images4-f.ravelrycache.com/uploads/Mycharmingwool/886169211/DDB682C8-F0C5-4B50-927B-6E80082BAB65_small_best_fit.JPG', 'flickr_url': None, 'shelved_url': 'https://images4-g.ravelrycache.com/uploads/Mycharmingwool/886169211/DDB682C8-F0C5-4B50-927B-6E80082BAB65_shelved.JPG', 'medium2_url': 'https://images4-a.ravelrycache.com/uploads/Mycharmingwool/886169211/DDB682C8-F0C5-4B50-927B-6E80082BAB65_medium2.JPG', 'small2_url': 'https://images4-f.ravelrycache.com/uploads/Mycharmingwool/886169211/DDB682C8-F0C5-4B50-927B-6E80082BAB65_small2.JPG', 'caption': None, 'caption_html': None, 'copyright_holder': None}, {'id': 116693645, 'sort_order': 2, 'user_id': 7329421, 'x_offset': 1, 'y_offset': -21, 'square_url': 'https://images4-f.ravelrycache.com/uploads/Mycharmingwool/886071785/10861DCD-60D6-4C38-8C8B-2EFBA1B3985E_square.jpeg', 'medium_url': 'https://images4-f.ravelrycache.com/uploads/Mycharmingwool/886071785/10861DCD-60D6-4C38-8C8B-2EFBA1B3985E_medium.jpeg', 'thumbnail_url': 'https://images4-g.ravelrycache.com/uploads/Mycharmingwool/886071785/10861DCD-60D6-4C38-8C8B-2EFBA1B3985E_thumbnail.jpeg', 'small_url': 'https://images4-g.ravelrycache.com/uploads/Mycharmingwool/886071785/10861DCD-60D6-4C38-8C8B-2EFBA1B3985E_small_best_fit.jpeg', 'flickr_url': None, 'shelved_url': 'https://images4-g.ravelrycache.com/uploads/Mycharmingwool/886071785/10861DCD-60D6-4C38-8C8B-2EFBA1B3985E_shelved.jpeg', 'medium2_url': 'https://images4-a.ravelrycache.com/uploads/Mycharmingwool/886071785/10861DCD-60D6-4C38-8C8B-2EFBA1B3985E_medium2.jpeg', 'small2_url': 'https://images4-g.ravelrycache.com/uploads/Mycharmingwool/886071785/10861DCD-60D6-4C38-8C8B-2EFBA1B3985E_small2.jpeg', 'caption': None, 'caption_html': None, 'copyright_holder': None}, {'id': 116693646, 'sort_order': 3, 'user_id': 7329421, 'x_offset': -4, 'y_offset': -46, 'square_url': 'https://images4-f.ravelrycache.com/uploads/Mycharmingwool/886071787/0B8F3333-A3E2-416D-9423-50C0DE65DF6F_square.jpeg', 'medium_url': 'https://images4-f.ravelrycache.com/uploads/Mycharmingwool/886071787/0B8F3333-A3E2-416D-9423-50C0DE65DF6F_medium.jpeg', 'thumbnail_url': 'https://images4-g.ravelrycache.com/uploads/Mycharmingwool/886071787/0B8F3333-A3E2-416D-9423-50C0DE65DF6F_thumbnail.jpeg', 'small_url': 'https://images4-f.ravelrycache.com/uploads/Mycharmingwool/886071787/0B8F3333-A3E2-416D-9423-50C0DE65DF6F_small.jpeg', 'flickr_url': None, 'shelved_url': 'https://images4-g.ravelrycache.com/uploads/Mycharmingwool/886071787/0B8F3333-A3E2-416D-9423-50C0DE65DF6F_shelved.jpeg', 'medium2_url': 'https://images4-a.ravelrycache.com/uploads/Mycharmingwool/886071787/0B8F3333-A3E2-416D-9423-50C0DE65DF6F_medium2.jpeg', 'small2_url': 'https://images4-g.ravelrycache.com/uploads/Mycharmingwool/886071787/0B8F3333-A3E2-416D-9423-50C0DE65DF6F_small2.jpeg', 'caption': None, 'caption_html': None, 'copyright_holder': None}, {'id': 116693647, 'sort_order': 4, 'user_id': 7329421, 'x_offset': 1, 'y_offset': -21, 'square_url': 'https://images4-f.ravelrycache.com/uploads/Mycharmingwool/886071786/90EBBF67-53CC-4B42-B500-6B7C5B49621F_square.jpeg', 'medium_url': 'https://images4-f.ravelrycache.com/uploads/Mycharmingwool/886071786/90EBBF67-53CC-4B42-B500-6B7C5B49621F_medium.jpeg', 'thumbnail_url': 'https://images4-g.ravelrycache.com/uploads/Mycharmingwool/886071786/90EBBF67-53CC-4B42-B500-6B7C5B49621F_thumbnail.jpeg', 'small_url': 'https://images4-g.ravelrycache.com/uploads/Mycharmingwool/886071786/90EBBF67-53CC-4B42-B500-6B7C5B49621F_small_best_fit.jpeg', 'flickr_url': None, 'shelved_url': 'https://images4-f.ravelrycache.com/uploads/Mycharmingwool/886071786/90EBBF67-53CC-4B42-B500-6B7C5B49621F_shelved.jpeg', 'medium2_url': 'https://images4-a.ravelrycache.com/uploads/Mycharmingwool/886071786/90EBBF67-53CC-4B42-B500-6B7C5B49621F_medium2.jpeg', 'small2_url': 'https://images4-g.ravelrycache.com/uploads/Mycharmingwool/886071786/90EBBF67-53CC-4B42-B500-6B7C5B49621F_small2.jpeg', 'caption': None, 'caption_html': None, 'copyright_holder': None}, {'id': 116693648, 'sort_order': 5, 'user_id': 7329421, 'x_offset': -8, 'y_offset': -4, 'square_url': 'https://images4-g.ravelrycache.com/uploads/Mycharmingwool/886217101/BDB1F25B-5A3B-474F-BD05-47A077D2270C_square.jpeg', 'medium_url': 'https://images4-g.ravelrycache.com/uploads/Mycharmingwool/886217101/BDB1F25B-5A3B-474F-BD05-47A077D2270C_medium.jpeg', 'thumbnail_url': 'https://images4-g.ravelrycache.com/uploads/Mycharmingwool/886217101/BDB1F25B-5A3B-474F-BD05-47A077D2270C_thumbnail.jpeg', 'small_url': 'https://images4-f.ravelrycache.com/uploads/Mycharmingwool/886217101/BDB1F25B-5A3B-474F-BD05-47A077D2270C_small.jpeg', 'flickr_url': None, 'shelved_url': 'https://images4-f.ravelrycache.com/uploads/Mycharmingwool/886217101/BDB1F25B-5A3B-474F-BD05-47A077D2270C_shelved.jpeg', 'medium2_url': 'https://images4-a.ravelrycache.com/uploads/Mycharmingwool/886217101/BDB1F25B-5A3B-474F-BD05-47A077D2270C_medium2.jpeg', 'small2_url': 'https://images4-f.ravelrycache.com/uploads/Mycharmingwool/886217101/BDB1F25B-5A3B-474F-BD05-47A077D2270C_small2.jpeg', 'caption': None, 'caption_html': None, 'copyright_holder': None}, {'id': 116693651, 'sort_order': 6, 'user_id': 7329421, 'x_offset': 1, 'y_offset': -21, 'square_url': 'https://images4-f.ravelrycache.com/uploads/Mycharmingwool/886170300/4763D3D2-89AE-42DD-9F0E-DC5F8F5600CA_square.jpeg', 'medium_url': 'https://images4-f.ravelrycache.com/uploads/Mycharmingwool/886170300/4763D3D2-89AE-42DD-9F0E-DC5F8F5600CA_medium.jpeg', 'thumbnail_url': 'https://images4-g.ravelrycache.com/uploads/Mycharmingwool/886170300/4763D3D2-89AE-42DD-9F0E-DC5F8F5600CA_thumbnail.jpeg', 'small_url': 'https://images4-g.ravelrycache.com/uploads/Mycharmingwool/886170300/4763D3D2-89AE-42DD-9F0E-DC5F8F5600CA_small_best_fit.jpeg', 'flickr_url': None, 'shelved_url': 'https://images4-f.ravelrycache.com/uploads/Mycharmingwool/886170300/4763D3D2-89AE-42DD-9F0E-DC5F8F5600CA_shelved.jpeg', 'medium2_url': 'https://images4-a.ravelrycache.com/uploads/Mycharmingwool/886170300/4763D3D2-89AE-42DD-9F0E-DC5F8F5600CA_medium2.jpeg', 'small2_url': 'https://images4-g.ravelrycache.com/uploads/Mycharmingwool/886170300/4763D3D2-89AE-42DD-9F0E-DC5F8F5600CA_small2.jpeg', 'caption': None, 'caption_html': None, 'copyright_holder': None}, {'id': 116693650, 'sort_order': 7, 'user_id': 7329421, 'x_offset': 0, 'y_offset': -3, 'square_url': 'https://images4-f.ravelrycache.com/uploads/Mycharmingwool/886170297/32359A16-C08A-438D-BC50-EF0F61A2B070_square.jpeg', 'medium_url': 'https://images4-f.ravelrycache.com/uploads/Mycharmingwool/886170297/32359A16-C08A-438D-BC50-EF0F61A2B070_medium.jpeg', 'thumbnail_url': 'https://images4-g.ravelrycache.com/uploads/Mycharmingwool/886170297/32359A16-C08A-438D-BC50-EF0F61A2B070_thumbnail.jpeg', 'small_url': 'https://images4-f.ravelrycache.com/uploads/Mycharmingwool/886170297/32359A16-C08A-438D-BC50-EF0F61A2B070_small_best_fit.jpeg', 'flickr_url': None, 'shelved_url': 'https://images4-g.ravelrycache.com/uploads/Mycharmingwool/886170297/32359A16-C08A-438D-BC50-EF0F61A2B070_shelved.jpeg', 'medium2_url': 'https://images4-a.ravelrycache.com/uploads/Mycharmingwool/886170297/32359A16-C08A-438D-BC50-EF0F61A2B070_medium2.jpeg', 'small2_url': 'https://images4-g.ravelrycache.com/uploads/Mycharmingwool/886170297/32359A16-C08A-438D-BC50-EF0F61A2B070_small2.jpeg', 'caption': None, 'caption_html': None, 'copyright_holder': None}, {'id': 116693649, 'sort_order': 8, 'user_id': 7329421, 'x_offset': 0, 'y_offset': -20, 'square_url': 'https://images4-f.ravelrycache.com/uploads/Mycharmingwool/886071789/CC647AB5-38F4-41CD-B0E4-FB99CFCE2871_square.jpeg', 'medium_url': 'https://images4-f.ravelrycache.com/uploads/Mycharmingwool/886071789/CC647AB5-38F4-41CD-B0E4-FB99CFCE2871_medium.jpeg', 'thumbnail_url': 'https://images4-g.ravelrycache.com/uploads/Mycharmingwool/886071789/CC647AB5-38F4-41CD-B0E4-FB99CFCE2871_thumbnail.jpeg', 'small_url': 'https://images4-g.ravelrycache.com/uploads/Mycharmingwool/886071789/CC647AB5-38F4-41CD-B0E4-FB99CFCE2871_small_best_fit.jpeg', 'flickr_url': None, 'shelved_url': 'https://images4-f.ravelrycache.com/uploads/Mycharmingwool/886071789/CC647AB5-38F4-41CD-B0E4-FB99CFCE2871_shelved.jpeg', 'medium2_url': 'https://images4-a.ravelrycache.com/uploads/Mycharmingwool/886071789/CC647AB5-38F4-41CD-B0E4-FB99CFCE2871_medium2.jpeg', 'small2_url': 'https://images4-g.ravelrycache.com/uploads/Mycharmingwool/886071789/CC647AB5-38F4-41CD-B0E4-FB99CFCE2871_small2.jpeg', 'caption': None, 'caption_html': None, 'copyright_holder': None}, {'id': 116693653, 'sort_order': 9, 'user_id': 7329421, 'x_offset': -5, 'y_offset': -5, 'square_url': 'https://images4-f.ravelrycache.com/uploads/Mycharmingwool/886071783/E422E0BB-FC0F-4994-BECD-6BD881E845D2_square.jpeg', 'medium_url': 'https://images4-f.ravelrycache.com/uploads/Mycharmingwool/886071783/E422E0BB-FC0F-4994-BECD-6BD881E845D2_medium.jpeg', 'thumbnail_url': 'https://images4-f.ravelrycache.com/uploads/Mycharmingwool/886071783/E422E0BB-FC0F-4994-BECD-6BD881E845D2_thumbnail.jpeg', 'small_url': 'https://images4-g.ravelrycache.com/uploads/Mycharmingwool/886071783/E422E0BB-FC0F-4994-BECD-6BD881E845D2_small.jpeg', 'flickr_url': None, 'shelved_url': 'https://images4-g.ravelrycache.com/uploads/Mycharmingwool/886071783/E422E0BB-FC0F-4994-BECD-6BD881E845D2_shelved.jpeg', 'medium2_url': 'https://images4-a.ravelrycache.com/uploads/Mycharmingwool/886071783/E422E0BB-FC0F-4994-BECD-6BD881E845D2_medium2.jpeg', 'small2_url': 'https://images4-g.ravelrycache.com/uploads/Mycharmingwool/886071783/E422E0BB-FC0F-4994-BECD-6BD881E845D2_small2.jpeg', 'caption': None, 'caption_html': None, 'copyright_holder': None}, {'id': 116693654, 'sort_order': 10, 'user_id': 7329421, 'x_offset': 1, 'y_offset': -21, 'square_url': 'https://images4-f.ravelrycache.com/uploads/Mycharmingwool/886071798/4F1F5BE6-F483-49C8-83A1-A1E1D760F7EB_square.jpeg', 'medium_url': 'https://images4-f.ravelrycache.com/uploads/Mycharmingwool/886071798/4F1F5BE6-F483-49C8-83A1-A1E1D760F7EB_medium.jpeg', 'thumbnail_url': 'https://images4-g.ravelrycache.com/uploads/Mycharmingwool/886071798/4F1F5BE6-F483-49C8-83A1-A1E1D760F7EB_thumbnail.jpeg', 'small_url': 'https://images4-g.ravelrycache.com/uploads/Mycharmingwool/886071798/4F1F5BE6-F483-49C8-83A1-A1E1D760F7EB_small_best_fit.jpeg', 'flickr_url': None, 'shelved_url': 'https://images4-g.ravelrycache.com/uploads/Mycharmingwool/886071798/4F1F5BE6-F483-49C8-83A1-A1E1D760F7EB_shelved.jpeg', 'medium2_url': 'https://images4-a.ravelrycache.com/uploads/Mycharmingwool/886071798/4F1F5BE6-F483-49C8-83A1-A1E1D760F7EB_medium2.jpeg', 'small2_url': 'https://images4-g.ravelrycache.com/uploads/Mycharmingwool/886071798/4F1F5BE6-F483-49C8-83A1-A1E1D760F7EB_small2.jpeg', 'caption': None, 'caption_html': None, 'copyright_holder': None}, {'id': 116693655, 'sort_order': 11, 'user_id': 7329421, 'x_offset': 2, 'y_offset': -7, 'square_url': 'https://images4-f.ravelrycache.com/uploads/Mycharmingwool/886071790/6F2D21AE-2412-4D90-9D2A-CC60D235EF74_square.jpeg', 'medium_url': 'https://images4-f.ravelrycache.com/uploads/Mycharmingwool/886071790/6F2D21AE-2412-4D90-9D2A-CC60D235EF74_medium.jpeg', 'thumbnail_url': 'https://images4-f.ravelrycache.com/uploads/Mycharmingwool/886071790/6F2D21AE-2412-4D90-9D2A-CC60D235EF74_thumbnail.jpeg', 'small_url': 'https://images4-g.ravelrycache.com/uploads/Mycharmingwool/886071790/6F2D21AE-2412-4D90-9D2A-CC60D235EF74_small_best_fit.jpeg', 'flickr_url': None, 'shelved_url': 'https://images4-g.ravelrycache.com/uploads/Mycharmingwool/886071790/6F2D21AE-2412-4D90-9D2A-CC60D235EF74_shelved.jpeg', 'medium2_url': 'https://images4-a.ravelrycache.com/uploads/Mycharmingwool/886071790/6F2D21AE-2412-4D90-9D2A-CC60D235EF74_medium2.jpeg', 'small2_url': 'https://images4-g.ravelrycache.com/uploads/Mycharmingwool/886071790/6F2D21AE-2412-4D90-9D2A-CC60D235EF74_small2.jpeg', 'caption': None, 'caption_html': None, 'copyright_holder': None}, {'id': 116693656, 'sort_order': 12, 'user_id': 7329421, 'x_offset': -7, 'y_offset': -35, 'square_url': 'https://images4-g.ravelrycache.com/uploads/Mycharmingwool/886071800/6E7E72B8-BDDB-44D5-BB1B-AAF1C0A8FAC1_square.jpeg', 'medium_url': 'https://images4-g.ravelrycache.com/uploads/Mycharmingwool/886071800/6E7E72B8-BDDB-44D5-BB1B-AAF1C0A8FAC1_medium.jpeg', 'thumbnail_url': 'https://images4-g.ravelrycache.com/uploads/Mycharmingwool/886071800/6E7E72B8-BDDB-44D5-BB1B-AAF1C0A8FAC1_thumbnail.jpeg', 'small_url': 'https://images4-g.ravelrycache.com/uploads/Mycharmingwool/886071800/6E7E72B8-BDDB-44D5-BB1B-AAF1C0A8FAC1_small_best_fit.jpeg', 'flickr_url': None, 'shelved_url': 'https://images4-f.ravelrycache.com/uploads/Mycharmingwool/886071800/6E7E72B8-BDDB-44D5-BB1B-AAF1C0A8FAC1_shelved.jpeg', 'medium2_url': 'https://images4-a.ravelrycache.com/uploads/Mycharmingwool/886071800/6E7E72B8-BDDB-44D5-BB1B-AAF1C0A8FAC1_medium2.jpeg', 'small2_url': 'https://images4-f.ravelrycache.com/uploads/Mycharmingwool/886071800/6E7E72B8-BDDB-44D5-BB1B-AAF1C0A8FAC1_small2.jpeg', 'caption': None, 'caption_html': None, 'copyright_holder': None}, {'id': 116693657, 'sort_order': 13, 'user_id': 7329421, 'x_offset': -1, 'y_offset': -6, 'square_url': 'https://images4-g.ravelrycache.com/uploads/Mycharmingwool/886071784/BC60AADB-1501-4934-81FE-4972977DBF1F_square.jpeg', 'medium_url': 'https://images4-g.ravelrycache.com/uploads/Mycharmingwool/886071784/BC60AADB-1501-4934-81FE-4972977DBF1F_medium.jpeg', 'thumbnail_url': 'https://images4-f.ravelrycache.com/uploads/Mycharmingwool/886071784/BC60AADB-1501-4934-81FE-4972977DBF1F_thumbnail.jpeg', 'small_url': 'https://images4-g.ravelrycache.com/uploads/Mycharmingwool/886071784/BC60AADB-1501-4934-81FE-4972977DBF1F_small_best_fit.jpeg', 'flickr_url': None, 'shelved_url': 'https://images4-f.ravelrycache.com/uploads/Mycharmingwool/886071784/BC60AADB-1501-4934-81FE-4972977DBF1F_shelved.jpeg', 'medium2_url': 'https://images4-a.ravelrycache.com/uploads/Mycharmingwool/886071784/BC60AADB-1501-4934-81FE-4972977DBF1F_medium2.jpeg', 'small2_url': 'https://images4-f.ravelrycache.com/uploads/Mycharmingwool/886071784/BC60AADB-1501-4934-81FE-4972977DBF1F_small2.jpeg', 'caption': None, 'caption_html': None, 'copyright_holder': None}, {'id': 116693658, 'sort_order': 14, 'user_id': 7329421, 'x_offset': 1, 'y_offset': -21, 'square_url': 'https://images4-g.ravelrycache.com/uploads/Mycharmingwool/886171156/38C880BB-085B-48A4-8004-F2ED7158CB36_square.jpeg', 'medium_url': 'https://images4-g.ravelrycache.com/uploads/Mycharmingwool/886171156/38C880BB-085B-48A4-8004-F2ED7158CB36_medium.jpeg', 'thumbnail_url': 'https://images4-f.ravelrycache.com/uploads/Mycharmingwool/886171156/38C880BB-085B-48A4-8004-F2ED7158CB36_thumbnail.jpeg', 'small_url': 'https://images4-g.ravelrycache.com/uploads/Mycharmingwool/886171156/38C880BB-085B-48A4-8004-F2ED7158CB36_small_best_fit.jpeg', 'flickr_url': None, 'shelved_url': 'https://images4-f.ravelrycache.com/uploads/Mycharmingwool/886171156/38C880BB-085B-48A4-8004-F2ED7158CB36_shelved.jpeg', 'medium2_url': 'https://images4-a.ravelrycache.com/uploads/Mycharmingwool/886171156/38C880BB-085B-48A4-8004-F2ED7158CB36_medium2.jpeg', 'small2_url': 'https://images4-f.ravelrycache.com/uploads/Mycharmingwool/886171156/38C880BB-085B-48A4-8004-F2ED7158CB36_small2.jpeg', 'caption': None, 'caption_html': None, 'copyright_holder': None}, {'id': 116693659, 'sort_order': 15, 'user_id': 7329421, 'x_offset': -1, 'y_offset': -4, 'square_url': 'https://images4-g.ravelrycache.com/uploads/Mycharmingwool/886071791/5378435F-47C5-4152-B150-F740484FDAE9_square.jpeg', 'medium_url': 'https://images4-g.ravelrycache.com/uploads/Mycharmingwool/886071791/5378435F-47C5-4152-B150-F740484FDAE9_medium.jpeg', 'thumbnail_url': 'https://images4-f.ravelrycache.com/uploads/Mycharmingwool/886071791/5378435F-47C5-4152-B150-F740484FDAE9_thumbnail.jpeg', 'small_url': 'https://images4-f.ravelrycache.com/uploads/Mycharmingwool/886071791/5378435F-47C5-4152-B150-F740484FDAE9_small_best_fit.jpeg', 'flickr_url': None, 'shelved_url': 'https://images4-g.ravelrycache.com/uploads/Mycharmingwool/886071791/5378435F-47C5-4152-B150-F740484FDAE9_shelved.jpeg', 'medium2_url': 'https://images4-a.ravelrycache.com/uploads/Mycharmingwool/886071791/5378435F-47C5-4152-B150-F740484FDAE9_medium2.jpeg', 'small2_url': 'https://images4-f.ravelrycache.com/uploads/Mycharmingwool/886071791/5378435F-47C5-4152-B150-F740484FDAE9_small2.jpeg', 'caption': None, 'caption_html': None, 'copyright_holder': None}, {'id': 116693660, 'sort_order': 16, 'user_id': 7329421, 'x_offset': -1, 'y_offset': -4, 'square_url': 'https://images4-g.ravelrycache.com/uploads/Mycharmingwool/886217102/A756CB7D-AB05-4112-84E9-C5B77180BE30_square.jpeg', 'medium_url': 'https://images4-g.ravelrycache.com/uploads/Mycharmingwool/886217102/A756CB7D-AB05-4112-84E9-C5B77180BE30_medium.jpeg', 'thumbnail_url': 'https://images4-g.ravelrycache.com/uploads/Mycharmingwool/886217102/A756CB7D-AB05-4112-84E9-C5B77180BE30_thumbnail.jpeg', 'small_url': 'https://images4-f.ravelrycache.com/uploads/Mycharmingwool/886217102/A756CB7D-AB05-4112-84E9-C5B77180BE30_small_best_fit.jpeg', 'flickr_url': None, 'shelved_url': 'https://images4-f.ravelrycache.com/uploads/Mycharmingwool/886217102/A756CB7D-AB05-4112-84E9-C5B77180BE30_shelved.jpeg', 'medium2_url': 'https://images4-a.ravelrycache.com/uploads/Mycharmingwool/886217102/A756CB7D-AB05-4112-84E9-C5B77180BE30_medium2.jpeg', 'small2_url': 'https://images4-f.ravelrycache.com/uploads/Mycharmingwool/886217102/A756CB7D-AB05-4112-84E9-C5B77180BE30_small2.jpeg', 'caption': None, 'caption_html': None, 'copyright_holder': None}, {'id': 116693661, 'sort_order': 17, 'user_id': 7329421, 'x_offset': 1, 'y_offset': -21, 'square_url': 'https://images4-g.ravelrycache.com/uploads/Mycharmingwool/886171155/7543FB81-D3F9-4BC3-83F3-36190C085C7E_square.jpeg', 'medium_url': 'https://images4-g.ravelrycache.com/uploads/Mycharmingwool/886171155/7543FB81-D3F9-4BC3-83F3-36190C085C7E_medium.jpeg', 'thumbnail_url': 'https://images4-g.ravelrycache.com/uploads/Mycharmingwool/886171155/7543FB81-D3F9-4BC3-83F3-36190C085C7E_thumbnail.jpeg', 'small_url': 'https://images4-g.ravelrycache.com/uploads/Mycharmingwool/886171155/7543FB81-D3F9-4BC3-83F3-36190C085C7E_small_best_fit.jpeg', 'flickr_url': None, 'shelved_url': 'https://images4-f.ravelrycache.com/uploads/Mycharmingwool/886171155/7543FB81-D3F9-4BC3-83F3-36190C085C7E_shelved.jpeg', 'medium2_url': 'https://images4-a.ravelrycache.com/uploads/Mycharmingwool/886171155/7543FB81-D3F9-4BC3-83F3-36190C085C7E_medium2.jpeg', 'small2_url': 'https://images4-f.ravelrycache.com/uploads/Mycharmingwool/886171155/7543FB81-D3F9-4BC3-83F3-36190C085C7E_small2.jpeg', 'caption': None, 'caption_html': None, 'copyright_holder': None}]"
Dimple Sweater,Lauren Savidge,1287399,https://www.ravelry.com/patterns/library/dimple-sweater,False,https://images4-a.ravelrycache.com/uploads/knitabitcrochet/897953727/PXL_20221102_191727655.PORTRAIT_copy_medium2.jpg,Knitting,"['adult', 'eyelets', 'textured', 'one-piece', 'seamless', 'short-rows', 'top-down', 'written-pattern', 'in-the-round']",17.0,3.3333333333333335,True,4.0,Stockinette stitch,pullover,DK,28,4.0,"XS (S, M, L, XL, 2XL, 3XL, 4XL, 5XL)","[{'id': 118125559, 'sort_order': 1, 'user_id': 2758571, 'x_offset': 1, 'y_offset': -36, 'square_url': 'https://images4-f.ravelrycache.com/uploads/knitabitcrochet/897953727/PXL_20221102_191727655.PORTRAIT_copy_square.jpg', 'medium_url': 'https://images4-g.ravelrycache.com/uploads/knitabitcrochet/897953727/PXL_20221102_191727655.PORTRAIT_copy_medium.jpg', 'thumbnail_url': 'https://images4-g.ravelrycache.com/uploads/knitabitcrochet/897953727/PXL_20221102_191727655.PORTRAIT_copy_thumbnail.jpg', 'small_url': 'https://images4-g.ravelrycache.com/uploads/knitabitcrochet/897953727/PXL_20221102_191727655.PORTRAIT_copy_small_best_fit.jpg', 'flickr_url': None, 'shelved_url': 'https://images4-f.ravelrycache.com/uploads/knitabitcrochet/897953727/PXL_20221102_191727655.PORTRAIT_copy_shelved.jpg', 'medium2_url': 'https://images4-a.ravelrycache.com/uploads/knitabitcrochet/897953727/PXL_20221102_191727655.PORTRAIT_copy_medium2.jpg', 'small2_url': 'https://images4-f.ravelrycache.com/uploads/knitabitcrochet/897953727/PXL_20221102_191727655.PORTRAIT_copy_small2.jpg', 'caption': None, 'caption_html': None, 'copyright_holder': None}, {'id': 116715059, 'sort_order': 2, 'user_id': 2758571, 'x_offset': 0, 'y_offset': -66, 'square_url': 'https://images4-g.ravelrycache.com/uploads/knitabitcrochet/885692812/PXL_20221102_191923768.PORTRAIT_square.jpg', 'medium_url': 'https://images4-f.ravelrycache.com/uploads/knitabitcrochet/885692812/PXL_20221102_191923768.PORTRAIT_medium.jpg', 'thumbnail_url': 'https://images4-g.ravelrycache.com/uploads/knitabitcrochet/885692812/PXL_20221102_191923768.PORTRAIT_thumbnail.jpg', 'small_url': 'https://images4-f.ravelrycache.com/uploads/knitabitcrochet/885692812/PXL_20221102_191923768.PORTRAIT_small_best_fit.jpg', 'flickr_url': None, 'shelved_url': 'https://images4-g.ravelrycache.com/uploads/knitabitcrochet/885692812/PXL_20221102_191923768.PORTRAIT_shelved.jpg', 'medium2_url': 'https://images4-a.ravelrycache.com/uploads/knitabitcrochet/885692812/PXL_20221102_191923768.PORTRAIT_medium2.jpg', 'small2_url': 'https://images4-g.ravelrycache.com/uploads/knitabitcrochet/885692812/PXL_20221102_191923768.PORTRAIT_small2.jpg', 'caption': None, 'caption_html': None, 'copyright_holder': None}, {'id': 116715060, 'sort_order': 3, 'user_id': 2758571, 'x_offset': -66, 'y_offset': 0, 'square_url': 'https://images4-f.ravelrycache.com/uploads/knitabitcrochet/885692785/PXL_20221102_191818961.PORTRAIT_square.jpg', 'medium_url': 'https://images4-g.ravelrycache.com/uploads/knitabitcrochet/885692785/PXL_20221102_191818961.PORTRAIT_medium.jpg', 'thumbnail_url': 'https://images4-g.ravelrycache.com/uploads/knitabitcrochet/885692785/PXL_20221102_191818961.PORTRAIT_thumbnail.jpg', 'small_url': 'https://images4-f.ravelrycache.com/uploads/knitabitcrochet/885692785/PXL_20221102_191818961.PORTRAIT_small_best_fit.jpg', 'flickr_url': None, 'shelved_url': 'https://images4-g.ravelrycache.com/uploads/knitabitcrochet/885692785/PXL_20221102_191818961.PORTRAIT_shelved.jpg', 'medium2_url': 'https://images4-a.ravelrycache.com/uploads/knitabitcrochet/885692785/PXL_20221102_191818961.PORTRAIT_medium2.jpg', 'small2_url': 'https://images4-f.ravelrycache.com/uploads/knitabitcrochet/885692785/PXL_20221102_191818961.PORTRAIT_small2.jpg', 'caption': None, 'caption_html': None, 'copyright_holder': None}, {'id': 116715061, 'sort_order': 4, 'user_id': 2758571, 'x_offset': 0, 'y_offset': -66, 'square_url': 'https://images4-g.ravelrycache.com/uploads/knitabitcrochet/885692797/PXL_20221102_191857315.PORTRAIT_square.jpg', 'medium_url': 'https://images4-f.ravelrycache.com/uploads/knitabitcrochet/885692797/PXL_20221102_191857315.PORTRAIT_medium.jpg', 'thumbnail_url': 'https://images4-f.ravelrycache.com/uploads/knitabitcrochet/885692797/PXL_20221102_191857315.PORTRAIT_thumbnail.jpg', 'small_url': 'https://images4-g.ravelrycache.com/uploads/knitabitcrochet/885692797/PXL_20221102_191857315.PORTRAIT_small_best_fit.jpg', 'flickr_url': None, 'shelved_url': 'https://images4-g.ravelrycache.com/uploads/knitabitcrochet/885692797/PXL_20221102_191857315.PORTRAIT_shelved.jpg', 'medium2_url': 'https://images4-a.ravelrycache.com/uploads/knitabitcrochet/885692797/PXL_20221102_191857315.PORTRAIT_medium2.jpg', 'small2_url': 'https://images4-g.ravelrycache.com/uploads/knitabitcrochet/885692797/PXL_20221102_191857315.PORTRAIT_small2.jpg', 'caption': None, 'caption_html': None, 'copyright_holder': None}, {'id': 116715062, 'sort_order': 5, 'user_id': 2758571, 'x_offset': 0, 'y_offset': -14, 'square_url': 'https://images4-f.ravelrycache.com/uploads/knitabitcrochet/885692721/PXL_20221102_191603686.PORTRAIT_square.jpg', 'medium_url': 'https://images4-g.ravelrycache.com/uploads/knitabitcrochet/885692721/PXL_20221102_191603686.PORTRAIT_medium.jpg', 'thumbnail_url': 'https://images4-g.ravelrycache.com/uploads/knitabitcrochet/885692721/PXL_20221102_191603686.PORTRAIT_thumbnail.jpg', 'small_url': 'https://images4-f.ravelrycache.com/uploads/knitabitcrochet/885692721/PXL_20221102_191603686.PORTRAIT_small_best_fit.jpg', 'flickr_url': None, 'shelved_url': 'https://images4-g.ravelrycache.com/uploads/knitabitcrochet/885692721/PXL_20221102_191603686.PORTRAIT_shelved.jpg', 'medium2_url': 'https://images4-a.ravelrycache.com/uploads/knitabitcrochet/885692721/PXL_20221102_191603686.PORTRAIT_medium2.jpg', 'small2_url': 'https://images4-f.ravelrycache.com/uploads/knitabitcrochet/885692721/PXL_20221102_191603686.PORTRAIT_small2.jpg', 'caption': None, 'caption_html': None, 'copyright_holder': None}]"
Aran Traditions,Pat Menchini,1287451,https://www.ravelry.com/patterns/library/aran-traditions,False,https://images4-a.ravelrycache.com/uploads/patmenchini/886556469/IMG_3354_medium2.jpg,Knitting,"['female', 'adult', 'bobble-or-popcorn', 'cables', 'textured', 'seamed', 'crew-neck', 'long-sleeve', 'raglan-sleeve', 'straight', 'bottom-up', 'written-pattern', 'worked-flat', 'twisted-stitches']",18.0,0.0,True,4.0,measured over stocking-stitch using 5 mm needles,pullover,Aran,3,0.0,"To fit bust 34-36 (38-40, 41-43, 45-47, 49-51) ins","[{'id': 116719900, 'sort_order': 1, 'user_id': 1398147, 'x_offset': -6, 'y_offset': -26, 'square_url': 'https://images4-f.ravelrycache.com/uploads/patmenchini/886556469/IMG_3354_square.jpg', 'medium_url': 'https://images4-g.ravelrycache.com/uploads/patmenchini/886556469/IMG_3354_medium.jpg', 'thumbnail_url': 'https://images4-f.ravelrycache.com/uploads/patmenchini/886556469/IMG_3354_thumbnail.jpg', 'small_url': 'https://images4-f.ravelrycache.com/uploads/patmenchini/886556469/IMG_3354_small.jpg', 'flickr_url': None, 'shelved_url': 'https://images4-g.ravelrycache.com/uploads/patmenchini/886556469/IMG_3354_shelved.jpg', 'medium2_url': 'https://images4-a.ravelrycache.com/uploads/patmenchini/886556469/IMG_3354_medium2.jpg', 'small2_url': 'https://images4-f.ravelrycache.com/uploads/patmenchini/886556469/IMG_3354_small2.jpg', 'caption': None, 'caption_html': None, 'copyright_holder': None}, {'id': 116719901, 'sort_order': 2, 'user_id': 1398147, 'x_offset': 0, 'y_offset': -19, 'square_url': 'https://images4-f.ravelrycache.com/uploads/patmenchini/886556412/IMG_3341_square.jpg', 'medium_url': 'https://images4-g.ravelrycache.com/uploads/patmenchini/886556412/IMG_3341_medium.jpg', 'thumbnail_url': 'https://images4-f.ravelrycache.com/uploads/patmenchini/886556412/IMG_3341_thumbnail.jpg', 'small_url': 'https://images4-g.ravelrycache.com/uploads/patmenchini/886556412/IMG_3341_small_best_fit.jpg', 'flickr_url': None, 'shelved_url': 'https://images4-g.ravelrycache.com/uploads/patmenchini/886556412/IMG_3341_shelved.jpg', 'medium2_url': 'https://images4-a.ravelrycache.com/uploads/patmenchini/886556412/IMG_3341_medium2.jpg', 'small2_url': 'https://images4-f.ravelrycache.com/uploads/patmenchini/886556412/IMG_3341_small2.jpg', 'caption': None, 'caption_html': None, 'copyright_holder': None}, {'id': 116719902, 'sort_order': 3, 'user_id': 1398147, 'x_offset': -5, 'y_offset': -35, 'square_url': 'https://images4-g.ravelrycache.com/uploads/patmenchini/886556419/IMG_3345_square.jpg', 'medium_url': 'https://images4-f.ravelrycache.com/uploads/patmenchini/886556419/IMG_3345_medium.jpg', 'thumbnail_url': 'https://images4-g.ravelrycache.com/uploads/patmenchini/886556419/IMG_3345_thumbnail.jpg', 'small_url': 'https://images4-f.ravelrycache.com/uploads/patmenchini/886556419/IMG_3345_small.jpg', 'flickr_url': None, 'shelved_url': 'https://images4-f.ravelrycache.com/uploads/patmenchini/886556419/IMG_3345_shelved.jpg', 'medium2_url': 'https://images4-a.ravelrycache.com/uploads/patmenchini/886556419/IMG_3345_medium2.jpg', 'small2_url': 'https://images4-g.ravelrycache.com/uploads/patmenchini/886556419/IMG_3345_small2.jpg', 'caption': None, 'caption_html': None, 'copyright_holder': None}, {'id': 116719903, 'sort_order': 4, 'user_id': 1398147, 'x_offset': 0, 'y_offset': -18, 'square_url': 'https://images4-g.ravelrycache.com/uploads/patmenchini/886556416/IMG_3349_square.jpg', 'medium_url': 'https://images4-f.ravelrycache.com/uploads/patmenchini/886556416/IMG_3349_medium.jpg', 'thumbnail_url': 'https://images4-f.ravelrycache.com/uploads/patmenchini/886556416/IMG_3349_thumbnail.jpg', 'small_url': 'https://images4-g.ravelrycache.com/uploads/patmenchini/886556416/IMG_3349_small_best_fit.jpg', 'flickr_url': None, 'shelved_url': 'https://images4-f.ravelrycache.com/uploads/patmenchini/886556416/IMG_3349_shelved.jpg', 'medium2_url': 'https://images4-a.ravelrycache.com/uploads/patmenchini/886556416/IMG_3349_medium2.jpg', 'small2_url': 'https://images4-g.ravelrycache.com/uploads/patmenchini/886556416/IMG_3349_small2.jpg', 'caption': None, 'caption_html': None, 'copyright_holder': None}, {'id': 116719904, 'sort_order': 5, 'user_id': 1398147, 'x_offset': -3, 'y_offset': -19, 'square_url': 'https://images4-f.ravelrycache.com/uploads/patmenchini/886556413/IMG_3348_square.jpg', 'medium_url': 'https://images4-g.ravelrycache.com/uploads/patmenchini/886556413/IMG_3348_medium.jpg', 'thumbnail_url': 'https://images4-f.ravelrycache.com/uploads/patmenchini/886556413/IMG_3348_thumbnail.jpg', 'small_url': 'https://images4-g.ravelrycache.com/uploads/patmenchini/886556413/IMG_3348_small_best_fit.jpg', 'flickr_url': None, 'shelved_url': 'https://images4-g.ravelrycache.com/uploads/patmenchini/886556413/IMG_3348_shelved.jpg', 'medium2_url': 'https://images4-a.ravelrycache.com/uploads/patmenchini/886556413/IMG_3348_medium2.jpg', 'small2_url': 'https://images4-f.ravelrycache.com/uploads/patmenchini/886556413/IMG_3348_small2.jpg', 'caption': None, 'caption_html': None, 'copyright_holder': None}, {'id': 116719905, 'sort_order': 6, 'user_id': 1398147, 'x_offset': 0, 'y_offset': -59, 'square_url': 'https://images4-f.ravelrycache.com/uploads/patmenchini/886556418/IMG_3344_square.jpg', 'medium_url': 'https://images4-g.ravelrycache.com/uploads/patmenchini/886556418/IMG_3344_medium.jpg', 'thumbnail_url': 'https://images4-g.ravelrycache.com/uploads/patmenchini/886556418/IMG_3344_thumbnail.jpg', 'small_url': 'https://images4-f.ravelrycache.com/uploads/patmenchini/886556418/IMG_3344_small_best_fit.jpg', 'flickr_url': None, 'shelved_url': 'https://images4-g.ravelrycache.com/uploads/patmenchini/886556418/IMG_3344_shelved.jpg', 'medium2_url': 'https://images4-a.ravelrycache.com/uploads/patmenchini/886556418/IMG_3344_medium2.jpg', 'small2_url': 'https://images4-f.ravelrycache.com/uploads/patmenchini/886556418/IMG_3344_small2.jpg', 'caption': None, 'caption_html': None, 'copyright_holder': None}, {'id': 116719906, 'sort_order': 7, 'user_id': 1398147, 'x_offset': -5, 'y_offset': -35, 'square_url': 'https://images4-g.ravelrycache.com/uploads/patmenchini/886556415/IMG_3353_square.jpg', 'medium_url': 'https://images4-f.ravelrycache.com/uploads/patmenchini/886556415/IMG_3353_medium.jpg', 'thumbnail_url': 'https://images4-f.ravelrycache.com/uploads/patmenchini/886556415/IMG_3353_thumbnail.jpg', 'small_url': 'https://images4-f.ravelrycache.com/uploads/patmenchini/886556415/IMG_3353_small.jpg', 'flickr_url': None, 'shelved_url': 'https://images4-f.ravelrycache.com/uploads/patmenchini/886556415/IMG_3353_shelved.jpg', 'medium2_url': 'https://images4-a.ravelrycache.com/uploads/patmenchini/886556415/IMG_3353_medium2.jpg', 'small2_url': 'https://images4-g.ravelrycache.com/uploads/patmenchini/886556415/IMG_3353_small2.jpg', 'caption': None, 'caption_html': None, 'copyright_holder': None}]"
Nr. 6 Alfreds Rillegenser,Sandnes Garn,1287601,https://www.ravelry.com/patterns/library/nr-6-alfreds-rillegenser,False,https://images4-a.ravelrycache.com/uploads/mfrengen/886681964/5D891919-B8FD-4BEC-AB7F-60062084E3F5_medium2.jpeg,Knitting,"['unisex', 'toddler', 'child', 'top-down', 'positive-ease', 'in-the-round']",20.0,0.0,False,4.0,,child,DK,3,0.0,2 years (4 years) 6 years (8 years) 10 years (12 years),"[{'id': 116735445, 'sort_order': 1, 'user_id': 6152382, 'x_offset': -2, 'y_offset': -75, 'square_url': 'https://images4-g.ravelrycache.com/uploads/mfrengen/886681964/5D891919-B8FD-4BEC-AB7F-60062084E3F5_square.jpeg', 'medium_url': 'https://images4-g.ravelrycache.com/uploads/mfrengen/886681964/5D891919-B8FD-4BEC-AB7F-60062084E3F5_medium.jpeg', 'thumbnail_url': 'https://images4-g.ravelrycache.com/uploads/mfrengen/886681964/5D891919-B8FD-4BEC-AB7F-60062084E3F5_thumbnail.jpeg', 'small_url': 'https://images4-f.ravelrycache.com/uploads/mfrengen/886681964/5D891919-B8FD-4BEC-AB7F-60062084E3F5_small_best_fit.jpeg', 'flickr_url': None, 'shelved_url': 'https://images4-f.ravelrycache.com/uploads/mfrengen/886681964/5D891919-B8FD-4BEC-AB7F-60062084E3F5_shelved.jpeg', 'medium2_url': 'https://images4-a.ravelrycache.com/uploads/mfrengen/886681964/5D891919-B8FD-4BEC-AB7F-60062084E3F5_medium2.jpeg', 'small2_url': 'https://images4-f.ravelrycache.com/uploads/mfrengen/886681964/5D891919-B8FD-4BEC-AB7F-60062084E3F5_small2.jpeg', 'caption': None, 'caption_html': None, 'copyright_holder': None}, {'id': 116735446, 'sort_order': 2, 'user_id': 6152382, 'x_offset': 0, 'y_offset': -37, 'square_url': 'https://images4-g.ravelrycache.com/uploads/mfrengen/886681965/B74AAA21-DCD4-4F3C-A733-6D411AA8C2D7_square.jpeg', 'medium_url': 'https://images4-g.ravelrycache.com/uploads/mfrengen/886681965/B74AAA21-DCD4-4F3C-A733-6D411AA8C2D7_medium.jpeg', 'thumbnail_url': 'https://images4-f.ravelrycache.com/uploads/mfrengen/886681965/B74AAA21-DCD4-4F3C-A733-6D411AA8C2D7_thumbnail.jpeg', 'small_url': 'https://images4-g.ravelrycache.com/uploads/mfrengen/886681965/B74AAA21-DCD4-4F3C-A733-6D411AA8C2D7_small_best_fit.jpeg', 'flickr_url': None, 'shelved_url': 'https://images4-g.ravelrycache.com/uploads/mfrengen/886681965/B74AAA21-DCD4-4F3C-A733-6D411AA8C2D7_shelved.jpeg', 'medium2_url': 'https://images4-a.ravelrycache.com/uploads/mfrengen/886681965/B74AAA21-DCD4-4F3C-A733-6D411AA8C2D7_medium2.jpeg', 'small2_url': 'https://images4-f.ravelrycache.com/uploads/mfrengen/886681965/B74AAA21-DCD4-4F3C-A733-6D411AA8C2D7_small2.jpeg', 'caption': None, 'caption_html': None, 'copyright_holder': None}, {'id': 116735447, 'sort_order': 3, 'user_id': 6152382, 'x_offset': -1, 'y_offset': -74, 'square_url': 'https://images4-f.ravelrycache.com/uploads/mfrengen/886681962/2DFC99C2-FC34-4468-AF4E-5E8416D6989E_square.jpeg', 'medium_url': 'https://images4-f.ravelrycache.com/uploads/mfrengen/886681962/2DFC99C2-FC34-4468-AF4E-5E8416D6989E_medium.jpeg', 'thumbnail_url': 'https://images4-g.ravelrycache.com/uploads/mfrengen/886681962/2DFC99C2-FC34-4468-AF4E-5E8416D6989E_thumbnail.jpeg', 'small_url': 'https://images4-g.ravelrycache.com/uploads/mfrengen/886681962/2DFC99C2-FC34-4468-AF4E-5E8416D6989E_small_best_fit.jpeg', 'flickr_url': None, 'shelved_url': 'https://images4-f.ravelrycache.com/uploads/mfrengen/886681962/2DFC99C2-FC34-4468-AF4E-5E8416D6989E_shelved.jpeg', 'medium2_url': 'https://images4-a.ravelrycache.com/uploads/mfrengen/886681962/2DFC99C2-FC34-4468-AF4E-5E8416D6989E_medium2.jpeg', 'small2_url': 'https://images4-g.ravelrycache.com/uploads/mfrengen/886681962/2DFC99C2-FC34-4468-AF4E-5E8416D6989E_small2.jpeg', 'caption': None, 'caption_html': None, 'copyright_holder': None}]"
Juke Box,Susanne Ederleh,1287736,https://www.ravelry.com/patterns/library/juke-box,False,https://images4-a.ravelrycache.com/uploads/hiyaschoppel/996462883/1054lOoOBA0BFLF0c_medium2.jpg,Knitting,"['female', 'teen', 'adult', 'lace', 'ribbed', 'ripple', 'textured', 'circular-yoke', 'ballet-neck', 'collar', 'waist', 'sleeves', 'elbow-sleeve', 'seamless', 'top-down', 'chart', 'written-pattern', 'in-the-round', 'schematic']",27.0,0.0,True,4.0,1/1 rib pattern,pullover,Fingering,7,0.0,36 - 40 (42 - 46),"[{'id': 130309470, 'sort_order': 1, 'user_id': 9175211, 'x_offset': -5, 'y_offset': -35, 'square_url': 'https://images4-g.ravelrycache.com/uploads/hiyaschoppel/996462883/1054lOoOBA0BFLF0c_square.jpg', 'medium_url': 'https://images4-f.ravelrycache.com/uploads/hiyaschoppel/996462883/1054lOoOBA0BFLF0c_medium.jpg', 'thumbnail_url': 'https://images4-f.ravelrycache.com/uploads/hiyaschoppel/996462883/1054lOoOBA0BFLF0c_thumbnail.jpg', 'small_url': 'https://images4-g.ravelrycache.com/uploads/hiyaschoppel/996462883/1054lOoOBA0BFLF0c_small.jpg', 'flickr_url': None, 'shelved_url': 'https://images4-g.ravelrycache.com/uploads/hiyaschoppel/996462883/1054lOoOBA0BFLF0c_shelved.jpg', 'medium2_url': 'https://images4-a.ravelrycache.com/uploads/hiyaschoppel/996462883/1054lOoOBA0BFLF0c_medium2.jpg', 'small2_url': 'https://images4-g.ravelrycache.com/uploads/hiyaschoppel/996462883/1054lOoOBA0BFLF0c_small2.jpg', 'caption': None, 'caption_html': None, 'copyright_holder': 'Schoppel-Wolle'}, {'id': 116752914, 'sort_order': 2, 'user_id': 9175211, 'x_offset': -5, 'y_offset': -35, 'square_url': 'https://images4-g.ravelrycache.com/uploads/hiyaschoppel/886388795/KTC14__0730_square.jpg', 'medium_url': 'https://images4-f.ravelrycache.com/uploads/hiyaschoppel/886388795/KTC14__0730_medium.jpg', 'thumbnail_url': 'https://images4-g.ravelrycache.com/uploads/hiyaschoppel/886388795/KTC14__0730_thumbnail.jpg', 'small_url': 'https://images4-f.ravelrycache.com/uploads/hiyaschoppel/886388795/KTC14__0730_small.jpg', 'flickr_url': None, 'shelved_url': 'https://images4-g.ravelrycache.com/uploads/hiyaschoppel/886388795/KTC14__0730_shelved.jpg', 'medium2_url': 'https://images4-a.ravelrycache.com/uploads/hiyaschoppel/886388795/KTC14__0730_medium2.jpg', 'small2_url': 'https://images4-g.ravelrycache.com/uploads/hiyaschoppel/886388795/KTC14__0730_small2.jpg', 'caption': None, 'caption_html': None, 'copyright_holder': 'Schoppel-Wolle'}, {'id': 118238967, 'sort_order': 3, 'user_id': 1589443, 'x_offset': -5, 'y_offset': -35, 'square_url': 'https://images4-g.ravelrycache.com/uploads/Wiebelinchen/895705792/IMG_20221228_123749_square.jpg', 'medium_url': 'https://images4-f.ravelrycache.com/uploads/Wiebelinchen/895705792/IMG_20221228_123749_medium.jpg', 'thumbnail_url': 'https://images4-f.ravelrycache.com/uploads/Wiebelinchen/895705792/IMG_20221228_123749_thumbnail.jpg', 'small_url': 'https://images4-g.ravelrycache.com/uploads/Wiebelinchen/895705792/IMG_20221228_123749_small.jpg', 'flickr_url': None, 'shelved_url': 'https://images4-f.ravelrycache.com/uploads/Wiebelinchen/895705792/IMG_20221228_123749_shelved.jpg', 'medium2_url': 'https://images4-a.ravelrycache.com/uploads/Wiebelinchen/895705792/IMG_20221228_123749_medium2.jpg', 'small2_url': 'https://images4-g.ravelrycache.com/uploads/Wiebelinchen/895705792/IMG_20221228_123749_small2.jpg', 'caption': None, 'caption_html': None, 'copyright_holder': None}, {'id': 118238970, 'sort_order': 4, 'user_id': 1589443, 'x_offset': -35, 'y_offset': -5, 'square_url': 'https://images4-f.ravelrycache.com/uploads/Wiebelinchen/895706213/IMG_20221228_124214_square.jpg', 'medium_url': 'https://images4-g.ravelrycache.com/uploads/Wiebelinchen/895706213/IMG_20221228_124214_medium.jpg', 'thumbnail_url': 'https://images4-f.ravelrycache.com/uploads/Wiebelinchen/895706213/IMG_20221228_124214_thumbnail.jpg', 'small_url': 'https://images4-g.ravelrycache.com/uploads/Wiebelinchen/895706213/IMG_20221228_124214_small.jpg', 'flickr_url': None, 'shelved_url': 'https://images4-f.ravelrycache.com/uploads/Wiebelinchen/895706213/IMG_20221228_124214_shelved.jpg', 'medium2_url': 'https://images4-a.ravelrycache.com/uploads/Wiebelinchen/895706213/IMG_20221228_124214_medium2.jpg', 'small2_url': 'https://images4-f.ravelrycache.com/uploads/Wiebelinchen/895706213/IMG_20221228_124214_small2.jpg', 'caption': None, 'caption_html': None, 'copyright_holder': None}]"
Nr. 1A Chunky Marius Barn,Sandnes Design,1287914,https://www.ravelry.com/patterns/library/nr-1a-chunky-marius-barn,False,https://images4-a.ravelrycache.com/uploads/mfrengen/886979560/3BEA742B-8E95-4449-B121-DA3312CDC5F0_medium2.jpeg,Knitting,"['unisex', 'toddler', 'child', 'circular-yoke', 'stranded', 'short-rows', 'top-down', 'norwegian', 'positive-ease', 'chart', 'written-pattern', 'in-the-round']",14.0,0.0,True,4.0,,child,Bulky,8,0.0, 2 år	(4 år) 6 år (8 år) 10 år (12 år),"[{'id': 116771889, 'sort_order': 1, 'user_id': 6152382, 'x_offset': -7, 'y_offset': -7, 'square_url': 'https://images4-g.ravelrycache.com/uploads/mfrengen/886979560/3BEA742B-8E95-4449-B121-DA3312CDC5F0_square.jpeg', 'medium_url': 'https://images4-g.ravelrycache.com/uploads/mfrengen/886979560/3BEA742B-8E95-4449-B121-DA3312CDC5F0_medium.jpeg', 'thumbnail_url': 'https://images4-g.ravelrycache.com/uploads/mfrengen/886979560/3BEA742B-8E95-4449-B121-DA3312CDC5F0_thumbnail.jpeg', 'small_url': 'https://images4-g.ravelrycache.com/uploads/mfrengen/886979560/3BEA742B-8E95-4449-B121-DA3312CDC5F0_small.jpeg', 'flickr_url': None, 'shelved_url': 'https://images4-f.ravelrycache.com/uploads/mfrengen/886979560/3BEA742B-8E95-4449-B121-DA3312CDC5F0_shelved.jpeg', 'medium2_url': 'https://images4-a.ravelrycache.com/uploads/mfrengen/886979560/3BEA742B-8E95-4449-B121-DA3312CDC5F0_medium2.jpeg', 'small2_url': 'https://images4-f.ravelrycache.com/uploads/mfrengen/886979560/3BEA742B-8E95-4449-B121-DA3312CDC5F0_small2.jpeg', 'caption': None, 'caption_html': None, 'copyright_holder': None}, {'id': 116771890, 'sort_order': 2, 'user_id': 6152382, 'x_offset': -5, 'y_offset': -35, 'square_url': 'https://images4-f.ravelrycache.com/uploads/mfrengen/886979558/C3B65801-CF5C-4034-8DA8-91453589BBD8_square.jpeg', 'medium_url': 'https://images4-f.ravelrycache.com/uploads/mfrengen/886979558/C3B65801-CF5C-4034-8DA8-91453589BBD8_medium.jpeg', 'thumbnail_url': 'https://images4-f.ravelrycache.com/uploads/mfrengen/886979558/C3B65801-CF5C-4034-8DA8-91453589BBD8_thumbnail.jpeg', 'small_url': 'https://images4-g.ravelrycache.com/uploads/mfrengen/886979558/C3B65801-CF5C-4034-8DA8-91453589BBD8_small.jpeg', 'flickr_url': None, 'shelved_url': 'https://images4-f.ravelrycache.com/uploads/mfrengen/886979558/C3B65801-CF5C-4034-8DA8-91453589BBD8_shelved.jpeg', 'medium2_url': 'https://images4-a.ravelrycache.com/uploads/mfrengen/886979558/C3B65801-CF5C-4034-8DA8-91453589BBD8_medium2.jpeg', 'small2_url': 'https://images4-g.ravelrycache.com/uploads/mfrengen/886979558/C3B65801-CF5C-4034-8DA8-91453589BBD8_small2.jpeg', 'caption': None, 'caption_html': None, 'copyright_holder': None}, {'id': 116771891, 'sort_order': 3, 'user_id': 6152382, 'x_offset': -5, 'y_offset': -35, 'square_url': 'https://images4-g.ravelrycache.com/uploads/mfrengen/886979557/FD626215-5E1F-4BC0-AB60-0F361A0D35C9_square.jpeg', 'medium_url': 'https://images4-g.ravelrycache.com/uploads/mfrengen/886979557/FD626215-5E1F-4BC0-AB60-0F361A0D35C9_medium.jpeg', 'thumbnail_url': 'https://images4-g.ravelrycache.com/uploads/mfrengen/886979557/FD626215-5E1F-4BC0-AB60-0F361A0D35C9_thumbnail.jpeg', 'small_url': 'https://images4-g.ravelrycache.com/uploads/mfrengen/886979557/FD626215-5E1F-4BC0-AB60-0F361A0D35C9_small.jpeg', 'flickr_url': None, 'shelved_url': 'https://images4-g.ravelrycache.com/uploads/mfrengen/886979557/FD626215-5E1F-4BC0-AB60-0F361A0D35C9_shelved.jpeg', 'medium2_url': 'https://images4-a.ravelrycache.com/uploads/mfrengen/886979557/FD626215-5E1F-4BC0-AB60-0F361A0D35C9_medium2.jpeg', 'small2_url': 'https://images4-f.ravelrycache.com/uploads/mfrengen/886979557/FD626215-5E1F-4BC0-AB60-0F361A0D35C9_small2.jpeg', 'caption': None, 'caption_html': None, 'copyright_holder': None}, {'id': 116771892, 'sort_order': 4, 'user_id': 6152382, 'x_offset': -5, 'y_offset': -35, 'square_url': 'https://images4-f.ravelrycache.com/uploads/mfrengen/886979559/8873E27A-C7CF-4F15-B111-299DC88E63EE_square.jpeg', 'medium_url': 'https://images4-f.ravelrycache.com/uploads/mfrengen/886979559/8873E27A-C7CF-4F15-B111-299DC88E63EE_medium.jpeg', 'thumbnail_url': 'https://images4-f.ravelrycache.com/uploads/mfrengen/886979559/8873E27A-C7CF-4F15-B111-299DC88E63EE_thumbnail.jpeg', 'small_url': 'https://images4-f.ravelrycache.com/uploads/mfrengen/886979559/8873E27A-C7CF-4F15-B111-299DC88E63EE_small.jpeg', 'flickr_url': None, 'shelved_url': 'https://images4-f.ravelrycache.com/uploads/mfrengen/886979559/8873E27A-C7CF-4F15-B111-299DC88E63EE_shelved.jpeg', 'medium2_url': 'https://images4-a.ravelrycache.com/uploads/mfrengen/886979559/8873E27A-C7CF-4F15-B111-299DC88E63EE_medium2.jpeg', 'small2_url': 'https://images4-g.ravelrycache.com/uploads/mfrengen/886979559/8873E27A-C7CF-4F15-B111-299DC88E63EE_small2.jpeg', 'caption': None, 'caption_html': None, 'copyright_holder': None}]"
Nr. 3 Chunky Marius Herre,Sandnes Design,1287931,https://www.ravelry.com/patterns/library/nr-3-chunky-marius-herre,False,https://images4-a.ravelrycache.com/uploads/mfrengen/886986115/CE13550F-B3A9-401C-941E-9D8A7194694F_medium2.jpeg,Knitting,"['male', 'adult', 'circular-yoke', 'stranded', 'short-rows', 'top-down', 'bottom-up', 'norwegian', 'positive-ease', 'chart', 'written-pattern', 'worked-flat', 'in-the-round']",14.0,3.6,True,4.0,,pullover,Super Bulky,10,4.75,S (M) L (XL) XXL (XXXL),"[{'id': 116772713, 'sort_order': 1, 'user_id': 6152382, 'x_offset': -4, 'y_offset': -35, 'square_url': 'https://images4-f.ravelrycache.com/uploads/mfrengen/886986115/CE13550F-B3A9-401C-941E-9D8A7194694F_square.jpeg', 'medium_url': 'https://images4-f.ravelrycache.com/uploads/mfrengen/886986115/CE13550F-B3A9-401C-941E-9D8A7194694F_medium.jpeg', 'thumbnail_url': 'https://images4-f.ravelrycache.com/uploads/mfrengen/886986115/CE13550F-B3A9-401C-941E-9D8A7194694F_thumbnail.jpeg', 'small_url': 'https://images4-g.ravelrycache.com/uploads/mfrengen/886986115/CE13550F-B3A9-401C-941E-9D8A7194694F_small.jpeg', 'flickr_url': None, 'shelved_url': 'https://images4-f.ravelrycache.com/uploads/mfrengen/886986115/CE13550F-B3A9-401C-941E-9D8A7194694F_shelved.jpeg', 'medium2_url': 'https://images4-a.ravelrycache.com/uploads/mfrengen/886986115/CE13550F-B3A9-401C-941E-9D8A7194694F_medium2.jpeg', 'small2_url': 'https://images4-g.ravelrycache.com/uploads/mfrengen/886986115/CE13550F-B3A9-401C-941E-9D8A7194694F_small2.jpeg', 'caption': None, 'caption_html': None, 'copyright_holder': None}, {'id': 116772714, 'sort_order': 2, 'user_id': 6152382, 'x_offset': -2, 'y_offset': -15, 'square_url': 'https://images4-f.ravelrycache.com/uploads/mfrengen/886986116/C87E2537-2AC7-45AB-9FE4-FA38A573EC92_square.jpeg', 'medium_url': 'https://images4-f.ravelrycache.com/uploads/mfrengen/886986116/C87E2537-2AC7-45AB-9FE4-FA38A573EC92_medium.jpeg', 'thumbnail_url': 'https://images4-g.ravelrycache.com/uploads/mfrengen/886986116/C87E2537-2AC7-45AB-9FE4-FA38A573EC92_thumbnail.jpeg', 'small_url': 'https://images4-f.ravelrycache.com/uploads/mfrengen/886986116/C87E2537-2AC7-45AB-9FE4-FA38A573EC92_small.jpeg', 'flickr_url': None, 'shelved_url': 'https://images4-f.ravelrycache.com/uploads/mfrengen/886986116/C87E2537-2AC7-45AB-9FE4-FA38A573EC92_shelved.jpeg', 'medium2_url': 'https://images4-a.ravelrycache.com/uploads/mfrengen/886986116/C87E2537-2AC7-45AB-9FE4-FA38A573EC92_medium2.jpeg', 'small2_url': 'https://images4-g.ravelrycache.com/uploads/mfrengen/886986116/C87E2537-2AC7-45AB-9FE4-FA38A573EC92_small2.jpeg', 'caption': None, 'caption_html': None, 'copyright_holder': None}, {'id': 116772715, 'sort_order': 3, 'user_id': 6152382, 'x_offset': -4, 'y_offset': -4, 'square_url': 'https://images4-f.ravelrycache.com/uploads/mfrengen/886986114/B382DD36-9A30-4E9D-8F79-60FB8181DC7E_square.jpeg', 'medium_url': 'https://images4-f.ravelrycache.com/uploads/mfrengen/886986114/B382DD36-9A30-4E9D-8F79-60FB8181DC7E_medium.jpeg', 'thumbnail_url': 'https://images4-g.ravelrycache.com/uploads/mfrengen/886986114/B382DD36-9A30-4E9D-8F79-60FB8181DC7E_thumbnail.jpeg', 'small_url': 'https://images4-f.ravelrycache.com/uploads/mfrengen/886986114/B382DD36-9A30-4E9D-8F79-60FB8181DC7E_small.jpeg', 'flickr_url': None, 'shelved_url': 'https://images4-f.ravelrycache.com/uploads/mfrengen/886986114/B382DD36-9A30-4E9D-8F79-60FB8181DC7E_shelved.jpeg', 'medium2_url': 'https://images4-a.ravelrycache.com/uploads/mfrengen/886986114/B382DD36-9A30-4E9D-8F79-60FB8181DC7E_medium2.jpeg', 'small2_url': 'https://images4-g.ravelrycache.com/uploads/mfrengen/886986114/B382DD36-9A30-4E9D-8F79-60FB8181DC7E_small2.jpeg', 'caption': None, 'caption_html': None, 'copyright_holder': None}]"
Twist Again Sweater,Camille K,1288153,https://www.ravelry.com/patterns/library/twist-again-sweater,False,https://images4-a.ravelrycache.com/uploads/CamilleKnitDesign/887167422/BC765C76-BCA9-47B6-9AD8-C4011674AC89_2_medium2.JPG,Knitting,"['female', 'adult', 'cables', 'one-piece', 'seamless', 'short-rows', 'top-down', 'positive-ease', 'chart', 'written-pattern', 'drop-sleeve', 'in-the-round']",20.0,5.6,True,4.0,stockinette stitch,pullover,Sport,24,4.6,XS (S) M (L) XL (2XL),"[{'id': 116795135, 'sort_order': 1, 'user_id': 9776075, 'x_offset': -5, 'y_offset': -44, 'square_url': 'https://images4-g.ravelrycache.com/uploads/CamilleKnitDesign/887167422/BC765C76-BCA9-47B6-9AD8-C4011674AC89_2_square.JPG', 'medium_url': 'https://images4-f.ravelrycache.com/uploads/CamilleKnitDesign/887167422/BC765C76-BCA9-47B6-9AD8-C4011674AC89_2_medium.JPG', 'thumbnail_url': 'https://images4-g.ravelrycache.com/uploads/CamilleKnitDesign/887167422/BC765C76-BCA9-47B6-9AD8-C4011674AC89_2_thumbnail.JPG', 'small_url': 'https://images4-g.ravelrycache.com/uploads/CamilleKnitDesign/887167422/BC765C76-BCA9-47B6-9AD8-C4011674AC89_2_small.JPG', 'flickr_url': None, 'shelved_url': 'https://images4-f.ravelrycache.com/uploads/CamilleKnitDesign/887167422/BC765C76-BCA9-47B6-9AD8-C4011674AC89_2_shelved.JPG', 'medium2_url': 'https://images4-a.ravelrycache.com/uploads/CamilleKnitDesign/887167422/BC765C76-BCA9-47B6-9AD8-C4011674AC89_2_medium2.JPG', 'small2_url': 'https://images4-g.ravelrycache.com/uploads/CamilleKnitDesign/887167422/BC765C76-BCA9-47B6-9AD8-C4011674AC89_2_small2.JPG', 'caption': None, 'caption_html': None, 'copyright_holder': None}, {'id': 116795136, 'sort_order': 2, 'user_id': 9776075, 'x_offset': -5, 'y_offset': -29, 'square_url': 'https://images4-f.ravelrycache.com/uploads/CamilleKnitDesign/887167466/14120D2D-312E-4C8B-9865-4B521EB5207A_square.jpg', 'medium_url': 'https://images4-g.ravelrycache.com/uploads/CamilleKnitDesign/887167466/14120D2D-312E-4C8B-9865-4B521EB5207A_medium.jpg', 'thumbnail_url': 'https://images4-f.ravelrycache.com/uploads/CamilleKnitDesign/887167466/14120D2D-312E-4C8B-9865-4B521EB5207A_thumbnail.jpg', 'small_url': 'https://images4-f.ravelrycache.com/uploads/CamilleKnitDesign/887167466/14120D2D-312E-4C8B-9865-4B521EB5207A_small.jpg', 'flickr_url': None, 'shelved_url': 'https://images4-g.ravelrycache.com/uploads/CamilleKnitDesign/887167466/14120D2D-312E-4C8B-9865-4B521EB5207A_shelved.jpg', 'medium2_url': 'https://images4-a.ravelrycache.com/uploads/CamilleKnitDesign/887167466/14120D2D-312E-4C8B-9865-4B521EB5207A_medium2.jpg', 'small2_url': 'https://images4-f.ravelrycache.com/uploads/CamilleKnitDesign/887167466/14120D2D-312E-4C8B-9865-4B521EB5207A_small2.jpg', 'caption': None, 'caption_html': None, 'copyright_holder': None}, {'id': 116795137, 'sort_order': 3, 'user_id': 9776075, 'x_offset': -1, 'y_offset': -5, 'square_url': 'https://images4-g.ravelrycache.com/uploads/CamilleKnitDesign/887167456/E6D66719-D627-4F6B-8C3C-ABC45CFAE087_square.jpg', 'medium_url': 'https://images4-f.ravelrycache.com/uploads/CamilleKnitDesign/887167456/E6D66719-D627-4F6B-8C3C-ABC45CFAE087_medium.jpg', 'thumbnail_url': 'https://images4-f.ravelrycache.com/uploads/CamilleKnitDesign/887167456/E6D66719-D627-4F6B-8C3C-ABC45CFAE087_thumbnail.jpg', 'small_url': 'https://images4-f.ravelrycache.com/uploads/CamilleKnitDesign/887167456/E6D66719-D627-4F6B-8C3C-ABC45CFAE087_small.jpg', 'flickr_url': None, 'shelved_url': 'https://images4-g.ravelrycache.com/uploads/CamilleKnitDesign/887167456/E6D66719-D627-4F6B-8C3C-ABC45CFAE087_shelved.jpg', 'medium2_url': 'https://images4-a.ravelrycache.com/uploads/CamilleKnitDesign/887167456/E6D66719-D627-4F6B-8C3C-ABC45CFAE087_medium2.jpg', 'small2_url': 'https://images4-g.ravelrycache.com/uploads/CamilleKnitDesign/887167456/E6D66719-D627-4F6B-8C3C-ABC45CFAE087_small2.jpg', 'caption': None, 'caption_html': None, 'copyright_holder': None}, {'id': 116795138, 'sort_order': 4, 'user_id': 9776075, 'x_offset': -5, 'y_offset': -30, 'square_url': 'https://images4-g.ravelrycache.com/uploads/CamilleKnitDesign/887167515/90591F91-04B5-4D8A-8E6B-248FD1E18AC8_square.JPEG', 'medium_url': 'https://images4-g.ravelrycache.com/uploads/CamilleKnitDesign/887167515/90591F91-04B5-4D8A-8E6B-248FD1E18AC8_medium.JPEG', 'thumbnail_url': 'https://images4-f.ravelrycache.com/uploads/CamilleKnitDesign/887167515/90591F91-04B5-4D8A-8E6B-248FD1E18AC8_thumbnail.JPEG', 'small_url': 'https://images4-g.ravelrycache.com/uploads/CamilleKnitDesign/887167515/90591F91-04B5-4D8A-8E6B-248FD1E18AC8_small.JPEG', 'flickr_url': None, 'shelved_url': 'https://images4-f.ravelrycache.com/uploads/CamilleKnitDesign/887167515/90591F91-04B5-4D8A-8E6B-248FD1E18AC8_shelved.JPEG', 'medium2_url': 'https://images4-a.ravelrycache.com/uploads/CamilleKnitDesign/887167515/90591F91-04B5-4D8A-8E6B-248FD1E18AC8_medium2.JPEG', 'small2_url': 'https://images4-f.ravelrycache.com/uploads/CamilleKnitDesign/887167515/90591F91-04B5-4D8A-8E6B-248FD1E18AC8_small2.JPEG', 'caption': None, 'caption_html': None, 'copyright_holder': None}, {'id': 116795139, 'sort_order': 5, 'user_id': 9776075, 'x_offset': -5, 'y_offset': -35, 'square_url': 'https://images4-g.ravelrycache.com/uploads/CamilleKnitDesign/887167433/7F84DF05-20BC-40CA-9A6D-A4DD6045AB61_square.JPEG', 'medium_url': 'https://images4-g.ravelrycache.com/uploads/CamilleKnitDesign/887167433/7F84DF05-20BC-40CA-9A6D-A4DD6045AB61_medium.JPEG', 'thumbnail_url': 'https://images4-f.ravelrycache.com/uploads/CamilleKnitDesign/887167433/7F84DF05-20BC-40CA-9A6D-A4DD6045AB61_thumbnail.JPEG', 'small_url': 'https://images4-g.ravelrycache.com/uploads/CamilleKnitDesign/887167433/7F84DF05-20BC-40CA-9A6D-A4DD6045AB61_small.JPEG', 'flickr_url': None, 'shelved_url': 'https://images4-g.ravelrycache.com/uploads/CamilleKnitDesign/887167433/7F84DF05-20BC-40CA-9A6D-A4DD6045AB61_shelved.JPEG', 'medium2_url': 'https://images4-a.ravelrycache.com/uploads/CamilleKnitDesign/887167433/7F84DF05-20BC-40CA-9A6D-A4DD6045AB61_medium2.JPEG', 'small2_url': 'https://images4-f.ravelrycache.com/uploads/CamilleKnitDesign/887167433/7F84DF05-20BC-40CA-9A6D-A4DD6045AB61_small2.JPEG', 'caption': None, 'caption_html': None, 'copyright_holder': None}, {'id': 116795140, 'sort_order': 6, 'user_id': 9776075, 'x_offset': -5, 'y_offset': -35, 'square_url': 'https://images4-f.ravelrycache.com/uploads/CamilleKnitDesign/887167476/502A0ABB-0C3F-4BD7-AA71-05E0B4629817_square.JPEG', 'medium_url': 'https://images4-f.ravelrycache.com/uploads/CamilleKnitDesign/887167476/502A0ABB-0C3F-4BD7-AA71-05E0B4629817_medium.JPEG', 'thumbnail_url': 'https://images4-f.ravelrycache.com/uploads/CamilleKnitDesign/887167476/502A0ABB-0C3F-4BD7-AA71-05E0B4629817_thumbnail.JPEG', 'small_url': 'https://images4-f.ravelrycache.com/uploads/CamilleKnitDesign/887167476/502A0ABB-0C3F-4BD7-AA71-05E0B4629817_small.JPEG', 'flickr_url': None, 'shelved_url': 'https://images4-f.ravelrycache.com/uploads/CamilleKnitDesign/887167476/502A0ABB-0C3F-4BD7-AA71-05E0B4629817_shelved.JPEG', 'medium2_url': 'https://images4-a.ravelrycache.com/uploads/CamilleKnitDesign/887167476/502A0ABB-0C3F-4BD7-AA71-05E0B4629817_medium2.JPEG', 'small2_url': 'https://images4-g.ravelrycache.com/uploads/CamilleKnitDesign/887167476/502A0ABB-0C3F-4BD7-AA71-05E0B4629817_small2.JPEG', 'caption': None, 'caption_html': None, 'copyright_holder': None}, {'id': 116795141, 'sort_order': 7, 'user_id': 9776075, 'x_offset': -5, 'y_offset': -35, 'square_url': 'https://images4-f.ravelrycache.com/uploads/CamilleKnitDesign/887167491/F6EC3346-236B-4489-ACBD-BAB1C2DFB7D6_square.JPEG', 'medium_url': 'https://images4-f.ravelrycache.com/uploads/CamilleKnitDesign/887167491/F6EC3346-236B-4489-ACBD-BAB1C2DFB7D6_medium.JPEG', 'thumbnail_url': 'https://images4-f.ravelrycache.com/uploads/CamilleKnitDesign/887167491/F6EC3346-236B-4489-ACBD-BAB1C2DFB7D6_thumbnail.JPEG', 'small_url': 'https://images4-g.ravelrycache.com/uploads/CamilleKnitDesign/887167491/F6EC3346-236B-4489-ACBD-BAB1C2DFB7D6_small.JPEG', 'flickr_url': None, 'shelved_url': 'https://images4-f.ravelrycache.com/uploads/CamilleKnitDesign/887167491/F6EC3346-236B-4489-ACBD-BAB1C2DFB7D6_shelved.JPEG', 'medium2_url': 'https://images4-a.ravelrycache.com/uploads/CamilleKnitDesign/887167491/F6EC3346-236B-4489-ACBD-BAB1C2DFB7D6_medium2.JPEG', 'small2_url': 'https://images4-g.ravelrycache.com/uploads/CamilleKnitDesign/887167491/F6EC3346-236B-4489-ACBD-BAB1C2DFB7D6_small2.JPEG', 'caption': None, 'caption_html': None, 'copyright_holder': None}, {'id': 116795142, 'sort_order': 8, 'user_id': 9776075, 'x_offset': -5, 'y_offset': -35, 'square_url': 'https://images4-f.ravelrycache.com/uploads/CamilleKnitDesign/887167605/53ECA0FA-FD70-422D-B0EA-121630D9D6AA_square.jpg', 'medium_url': 'https://images4-g.ravelrycache.com/uploads/CamilleKnitDesign/887167605/53ECA0FA-FD70-422D-B0EA-121630D9D6AA_medium.jpg', 'thumbnail_url': 'https://images4-g.ravelrycache.com/uploads/CamilleKnitDesign/887167605/53ECA0FA-FD70-422D-B0EA-121630D9D6AA_thumbnail.jpg', 'small_url': 'https://images4-g.ravelrycache.com/uploads/CamilleKnitDesign/887167605/53ECA0FA-FD70-422D-B0EA-121630D9D6AA_small.jpg', 'flickr_url': None, 'shelved_url': 'https://images4-f.ravelrycache.com/uploads/CamilleKnitDesign/887167605/53ECA0FA-FD70-422D-B0EA-121630D9D6AA_shelved.jpg', 'medium2_url': 'https://images4-a.ravelrycache.com/uploads/CamilleKnitDesign/887167605/53ECA0FA-FD70-422D-B0EA-121630D9D6AA_medium2.jpg', 'small2_url': 'https://images4-f.ravelrycache.com/uploads/CamilleKnitDesign/887167605/53ECA0FA-FD70-422D-B0EA-121630D9D6AA_small2.jpg', 'caption': None, 'caption_html': None, 'copyright_holder': None}]"
Duilleach Jumper,Lucy Hague,1288295,https://www.ravelry.com/patterns/library/duilleach-jumper,False,https://images4-a.ravelrycache.com/uploads/lucyhague/1034899253/Duilleach-1_medium2.png,Knitting,"['unisex', 'teen', 'adult', 'cables', 'lace', 'ribbed', 'textured', 'circular-yoke', 'long-sleeve', 'one-piece', 'seamless', 'short-rows', 'top-down', 'positive-ease', 'chart', 'in-the-round']",27.5,0.0,True,4.0,Stocking Stitch,pullover,Fingering,3,0.0,"To fit chest: 84 (90, 100, 105, 110) {115, 125, 135, 145} cm / 33 (36, 40, 42, 44) {46, 50, 54, 58} in","[{'id': 135075383, 'sort_order': 1, 'user_id': 272419, 'x_offset': 0, 'y_offset': -43, 'square_url': 'https://images4-f.ravelrycache.com/uploads/lucyhague/1034899253/Duilleach-1_square.png', 'medium_url': 'https://images4-g.ravelrycache.com/uploads/lucyhague/1034899253/Duilleach-1_medium.png', 'thumbnail_url': 'https://images4-g.ravelrycache.com/uploads/lucyhague/1034899253/Duilleach-1_thumbnail.png', 'small_url': 'https://images4-g.ravelrycache.com/uploads/lucyhague/1034899253/Duilleach-1_small_best_fit.png', 'flickr_url': None, 'shelved_url': 'https://images4-f.ravelrycache.com/uploads/lucyhague/1034899253/Duilleach-1_shelved.png', 'medium2_url': 'https://images4-a.ravelrycache.com/uploads/lucyhague/1034899253/Duilleach-1_medium2.png', 'small2_url': 'https://images4-f.ravelrycache.com/uploads/lucyhague/1034899253/Duilleach-1_small2.png', 'caption': None, 'caption_html': None, 'copyright_holder': None}, {'id': 135075384, 'sort_order': 2, 'user_id': 272419, 'x_offset': 0, 'y_offset': -43, 'square_url': 'https://images4-f.ravelrycache.com/uploads/lucyhague/1034899261/Duilleach-3_square.png', 'medium_url': 'https://images4-g.ravelrycache.com/uploads/lucyhague/1034899261/Duilleach-3_medium.png', 'thumbnail_url': 'https://images4-g.ravelrycache.com/uploads/lucyhague/1034899261/Duilleach-3_thumbnail.png', 'small_url': 'https://images4-g.ravelrycache.com/uploads/lucyhague/1034899261/Duilleach-3_small_best_fit.png', 'flickr_url': None, 'shelved_url': 'https://images4-g.ravelrycache.com/uploads/lucyhague/1034899261/Duilleach-3_shelved.png', 'medium2_url': 'https://images4-a.ravelrycache.com/uploads/lucyhague/1034899261/Duilleach-3_medium2.png', 'small2_url': 'https://images4-f.ravelrycache.com/uploads/lucyhague/1034899261/Duilleach-3_small2.png', 'caption': None, 'caption_html': None, 'copyright_holder': None}, {'id': 135075385, 'sort_order': 3, 'user_id': 272419, 'x_offset': 0, 'y_offset': -43, 'square_url': 'https://images4-f.ravelrycache.com/uploads/lucyhague/1034899266/Duilleach-6_square.png', 'medium_url': 'https://images4-g.ravelrycache.com/uploads/lucyhague/1034899266/Duilleach-6_medium.png', 'thumbnail_url': 'https://images4-f.ravelrycache.com/uploads/lucyhague/1034899266/Duilleach-6_thumbnail.png', 'small_url': 'https://images4-f.ravelrycache.com/uploads/lucyhague/1034899266/Duilleach-6_small_best_fit.png', 'flickr_url': None, 'shelved_url': 'https://images4-g.ravelrycache.com/uploads/lucyhague/1034899266/Duilleach-6_shelved.png', 'medium2_url': 'https://images4-a.ravelrycache.com/uploads/lucyhague/1034899266/Duilleach-6_medium2.png', 'small2_url': 'https://images4-f.ravelrycache.com/uploads/lucyhague/1034899266/Duilleach-6_small2.png', 'caption': None, 'caption_html': None, 'copyright_holder': None}, {'id': 135075377, 'sort_order': 4, 'user_id': 272419, 'x_offset': -43, 'y_offset': 0, 'square_url': 'https://images4-g.ravelrycache.com/uploads/lucyhague/1034899246/Duilleach-5_square.png', 'medium_url': 'https://images4-f.ravelrycache.com/uploads/lucyhague/1034899246/Duilleach-5_medium.png', 'thumbnail_url': 'https://images4-f.ravelrycache.com/uploads/lucyhague/1034899246/Duilleach-5_thumbnail.png', 'small_url': 'https://images4-f.ravelrycache.com/uploads/lucyhague/1034899246/Duilleach-5_small_best_fit.png', 'flickr_url': None, 'shelved_url': 'https://images4-f.ravelrycache.com/uploads/lucyhague/1034899246/Duilleach-5_shelved.png', 'medium2_url': 'https://images4-a.ravelrycache.com/uploads/lucyhague/1034899246/Duilleach-5_medium2.png', 'small2_url': 'https://images4-g.ravelrycache.com/uploads/lucyhague/1034899246/Duilleach-5_small2.png', 'caption': None, 'caption_html': None, 'copyright_holder': None}, {'id': 135075386, 'sort_order': 5, 'user_id': 272419, 'x_offset': 0, 'y_offset': -43, 'square_url': 'https://images4-g.ravelrycache.com/uploads/lucyhague/1034899272/Duilleach-2_square.png', 'medium_url': 'https://images4-f.ravelrycache.com/uploads/lucyhague/1034899272/Duilleach-2_medium.png', 'thumbnail_url': 'https://images4-f.ravelrycache.com/uploads/lucyhague/1034899272/Duilleach-2_thumbnail.png', 'small_url': 'https://images4-f.ravelrycache.com/uploads/lucyhague/1034899272/Duilleach-2_small_best_fit.png', 'flickr_url': None, 'shelved_url': 'https://images4-f.ravelrycache.com/uploads/lucyhague/1034899272/Duilleach-2_shelved.png', 'medium2_url': 'https://images4-a.ravelrycache.com/uploads/lucyhague/1034899272/Duilleach-2_medium2.png', 'small2_url': 'https://images4-g.ravelrycache.com/uploads/lucyhague/1034899272/Duilleach-2_small2.png', 'caption': None, 'caption_html': None, 'copyright_holder': None}, {'id': 135084278, 'sort_order': 6, 'user_id': 272419, 'x_offset': -17, 'y_offset': 0, 'square_url': 'https://images4-f.ravelrycache.com/uploads/lucyhague/1034972902/Duilleach-yarn-measurements-1.0.1_square.png', 'medium_url': 'https://images4-g.ravelrycache.com/uploads/lucyhague/1034972902/Duilleach-yarn-measurements-1.0.1_medium.png', 'thumbnail_url': 'https://images4-f.ravelrycache.com/uploads/lucyhague/1034972902/Duilleach-yarn-measurements-1.0.1_thumbnail.png', 'small_url': 'https://images4-g.ravelrycache.com/uploads/lucyhague/1034972902/Duilleach-yarn-measurements-1.0.1_small_best_fit.png', 'flickr_url': None, 'shelved_url': 'https://images4-g.ravelrycache.com/uploads/lucyhague/1034972902/Duilleach-yarn-measurements-1.0.1_shelved.png', 'medium2_url': 'https://images4-a.ravelrycache.com/uploads/lucyhague/1034972902/Duilleach-yarn-measurements-1.0.1_medium2.png', 'small2_url': 'https://images4-f.ravelrycache.com/uploads/lucyhague/1034972902/Duilleach-yarn-measurements-1.0.1_small2.png', 'caption': None, 'caption_html': None, 'copyright_holder': None}, {'id': 135083276, 'sort_order': 7, 'user_id': 272419, 'x_offset': -76, 'y_offset': 0, 'square_url': 'https://images4-f.ravelrycache.com/uploads/lucyhague/1034964520/Duilleach-schematic_square.png', 'medium_url': 'https://images4-g.ravelrycache.com/uploads/lucyhague/1034964520/Duilleach-schematic_medium.png', 'thumbnail_url': 'https://images4-f.ravelrycache.com/uploads/lucyhague/1034964520/Duilleach-schematic_thumbnail.png', 'small_url': 'https://images4-g.ravelrycache.com/uploads/lucyhague/1034964520/Duilleach-schematic_small_best_fit.png', 'flickr_url': None, 'shelved_url': 'https://images4-f.ravelrycache.com/uploads/lucyhague/1034964520/Duilleach-schematic_shelved.png', 'medium2_url': 'https://images4-a.ravelrycache.com/uploads/lucyhague/1034964520/Duilleach-schematic_medium2.png', 'small2_url': 'https://images4-f.ravelrycache.com/uploads/lucyhague/1034964520/Duilleach-schematic_small2.png', 'caption': None, 'caption_html': None, 'copyright_holder': None}, {'id': 116802252, 'sort_order': 8, 'user_id': 10800941, 'x_offset': -43, 'y_offset': 0, 'square_url': 'https://images4-g.ravelrycache.com/uploads/YarnJournal/887220934/Journal2_318_square.jpg', 'medium_url': 'https://images4-f.ravelrycache.com/uploads/YarnJournal/887220934/Journal2_318_medium.jpg', 'thumbnail_url': 'https://images4-f.ravelrycache.com/uploads/YarnJournal/887220934/Journal2_318_thumbnail.jpg', 'small_url': 'https://images4-f.ravelrycache.com/uploads/YarnJournal/887220934/Journal2_318_small_best_fit.jpg', 'flickr_url': None, 'shelved_url': 'https://images4-g.ravelrycache.com/uploads/YarnJournal/887220934/Journal2_318_shelved.jpg', 'medium2_url': 'https://images4-a.ravelrycache.com/uploads/YarnJournal/887220934/Journal2_318_medium2.jpg', 'small2_url': 'https://images4-g.ravelrycache.com/uploads/YarnJournal/887220934/Journal2_318_small2.jpg', 'caption': None, 'caption_html': None, 'copyright_holder': None}, {'id': 116802254, 'sort_order': 9, 'user_id': 10800941, 'x_offset': -1, 'y_offset': -35, 'square_url': 'https://images4-f.ravelrycache.com/uploads/YarnJournal/887220933/Yarn2_My_Studio_5_square.jpg', 'medium_url': 'https://images4-g.ravelrycache.com/uploads/YarnJournal/887220933/Yarn2_My_Studio_5_medium.jpg', 'thumbnail_url': 'https://images4-g.ravelrycache.com/uploads/YarnJournal/887220933/Yarn2_My_Studio_5_thumbnail.jpg', 'small_url': 'https://images4-g.ravelrycache.com/uploads/YarnJournal/887220933/Yarn2_My_Studio_5_small.jpg', 'flickr_url': None, 'shelved_url': 'https://images4-g.ravelrycache.com/uploads/YarnJournal/887220933/Yarn2_My_Studio_5_shelved.jpg', 'medium2_url': 'https://images4-a.ravelrycache.com/uploads/YarnJournal/887220933/Yarn2_My_Studio_5_medium2.jpg', 'small2_url': 'https://images4-f.ravelrycache.com/uploads/YarnJournal/887220933/Yarn2_My_Studio_5_small2.jpg', 'caption': None, 'caption_html': None, 'copyright_holder': None}, {'id': 116802256, 'sort_order': 10, 'user_id': 10800941, 'x_offset': 0, 'y_offset': -43, 'square_url': 'https://images4-f.ravelrycache.com/uploads/YarnJournal/887220941/Journal2_588_square.jpg', 'medium_url': 'https://images4-g.ravelrycache.com/uploads/YarnJournal/887220941/Journal2_588_medium.jpg', 'thumbnail_url': 'https://images4-g.ravelrycache.com/uploads/YarnJournal/887220941/Journal2_588_thumbnail.jpg', 'small_url': 'https://images4-g.ravelrycache.com/uploads/YarnJournal/887220941/Journal2_588_small_best_fit.jpg', 'flickr_url': None, 'shelved_url': 'https://images4-f.ravelrycache.com/uploads/YarnJournal/887220941/Journal2_588_shelved.jpg', 'medium2_url': 'https://images4-a.ravelrycache.com/uploads/YarnJournal/887220941/Journal2_588_medium2.jpg', 'small2_url': 'https://images4-f.ravelrycache.com/uploads/YarnJournal/887220941/Journal2_588_small2.jpg', 'caption': None, 'caption_html': None, 'copyright_holder': None}]"
Glaciär - pullover men,The Weststrand Sisters,1288481,https://www.ravelry.com/patterns/library/glaciar---pullover-men,True,https://images4-a.ravelrycache.com/uploads/knitbec/885622426/92785-03_medium2.jpg,Knitting,"['male', 'unisex', 'adult', 'textured', 'circular-yoke', 'long-sleeve', 'straight', 'seamless', 'short-rows', 'top-down', 'written-pattern', 'in-the-round', 'stripes-colorwork']",18.0,0.0,True,4.0,,pullover,Aran,14,4.666666666666667,XS (S) M (L) XL (2XL) 3XL (4XL),"[{'id': 116816787, 'sort_order': 1, 'user_id': 3530885, 'x_offset': 0, 'y_offset': -33, 'square_url': 'https://images4-f.ravelrycache.com/uploads/knitbec/885622426/92785-03_square.jpg', 'medium_url': 'https://images4-g.ravelrycache.com/uploads/knitbec/885622426/92785-03_medium.jpg', 'thumbnail_url': 'https://images4-g.ravelrycache.com/uploads/knitbec/885622426/92785-03_thumbnail.jpg', 'small_url': 'https://images4-f.ravelrycache.com/uploads/knitbec/885622426/92785-03_small_best_fit.jpg', 'flickr_url': None, 'shelved_url': 'https://images4-g.ravelrycache.com/uploads/knitbec/885622426/92785-03_shelved.jpg', 'medium2_url': 'https://images4-a.ravelrycache.com/uploads/knitbec/885622426/92785-03_medium2.jpg', 'small2_url': 'https://images4-f.ravelrycache.com/uploads/knitbec/885622426/92785-03_small2.jpg', 'caption': None, 'caption_html': None, 'copyright_holder': None}, {'id': 116816790, 'sort_order': 2, 'user_id': 3530885, 'x_offset': 0, 'y_offset': -62, 'square_url': 'https://images4-f.ravelrycache.com/uploads/knitbec/885623192/92785-06_square.jpg', 'medium_url': 'https://images4-g.ravelrycache.com/uploads/knitbec/885623192/92785-06_medium.jpg', 'thumbnail_url': 'https://images4-g.ravelrycache.com/uploads/knitbec/885623192/92785-06_thumbnail.jpg', 'small_url': 'https://images4-f.ravelrycache.com/uploads/knitbec/885623192/92785-06_small_best_fit.jpg', 'flickr_url': None, 'shelved_url': 'https://images4-f.ravelrycache.com/uploads/knitbec/885623192/92785-06_shelved.jpg', 'medium2_url': 'https://images4-a.ravelrycache.com/uploads/knitbec/885623192/92785-06_medium2.jpg', 'small2_url': 'https://images4-f.ravelrycache.com/uploads/knitbec/885623192/92785-06_small2.jpg', 'caption': None, 'caption_html': None, 'copyright_holder': None}, {'id': 116816788, 'sort_order': 3, 'user_id': 3530885, 'x_offset': -3, 'y_offset': -81, 'square_url': 'https://images4-g.ravelrycache.com/uploads/knitbec/885622560/92785-04_square.jpg', 'medium_url': 'https://images4-f.ravelrycache.com/uploads/knitbec/885622560/92785-04_medium.jpg', 'thumbnail_url': 'https://images4-f.ravelrycache.com/uploads/knitbec/885622560/92785-04_thumbnail.jpg', 'small_url': 'https://images4-f.ravelrycache.com/uploads/knitbec/885622560/92785-04_small_best_fit.jpg', 'flickr_url': None, 'shelved_url': 'https://images4-g.ravelrycache.com/uploads/knitbec/885622560/92785-04_shelved.jpg', 'medium2_url': 'https://images4-a.ravelrycache.com/uploads/knitbec/885622560/92785-04_medium2.jpg', 'small2_url': 'https://images4-g.ravelrycache.com/uploads/knitbec/885622560/92785-04_small2.jpg', 'caption': None, 'caption_html': None, 'copyright_holder': None}, {'id': 116961715, 'sort_order': 4, 'user_id': 9042164, 'x_offset': -8, 'y_offset': -74, 'square_url': 'https://images4-g.ravelrycache.com/uploads/Sofiutane/887351450/D6BCB7A7-39B0-4C64-9326-82A800C11D1F_square.jpeg', 'medium_url': 'https://images4-g.ravelrycache.com/uploads/Sofiutane/887351450/D6BCB7A7-39B0-4C64-9326-82A800C11D1F_medium.jpeg', 'thumbnail_url': 'https://images4-g.ravelrycache.com/uploads/Sofiutane/887351450/D6BCB7A7-39B0-4C64-9326-82A800C11D1F_thumbnail.jpeg', 'small_url': 'https://images4-g.ravelrycache.com/uploads/Sofiutane/887351450/D6BCB7A7-39B0-4C64-9326-82A800C11D1F_small.jpeg', 'flickr_url': None, 'shelved_url': 'https://images4-f.ravelrycache.com/uploads/Sofiutane/887351450/D6BCB7A7-39B0-4C64-9326-82A800C11D1F_shelved.jpeg', 'medium2_url': 'https://images4-a.ravelrycache.com/uploads/Sofiutane/887351450/D6BCB7A7-39B0-4C64-9326-82A800C11D1F_medium2.jpeg', 'small2_url': 'https://images4-f.ravelrycache.com/uploads/Sofiutane/887351450/D6BCB7A7-39B0-4C64-9326-82A800C11D1F_small2.jpeg', 'caption': None, 'caption_html': None, 'copyright_holder': None}, {'id': 116816789, 'sort_order': 5, 'user_id': 3530885, 'x_offset': 0, 'y_offset': -43, 'square_url': 'https://images4-f.ravelrycache.com/uploads/knitbec/885622643/92785-05_square.jpg', 'medium_url': 'https://images4-g.ravelrycache.com/uploads/knitbec/885622643/92785-05_medium.jpg', 'thumbnail_url': 'https://images4-g.ravelrycache.com/uploads/knitbec/885622643/92785-05_thumbnail.jpg', 'small_url': 'https://images4-g.ravelrycache.com/uploads/knitbec/885622643/92785-05_small_best_fit.jpg', 'flickr_url': None, 'shelved_url': 'https://images4-g.ravelrycache.com/uploads/knitbec/885622643/92785-05_shelved.jpg', 'medium2_url': 'https://images4-a.ravelrycache.com/uploads/knitbec/885622643/92785-05_medium2.jpg', 'small2_url': 'https://images4-f.ravelrycache.com/uploads/knitbec/885622643/92785-05_small2.jpg', 'caption': None, 'caption_html': None, 'copyright_holder': None}, {'id': 116816791, 'sort_order': 6, 'user_id': 3530885, 'x_offset': 0, 'y_offset': -43, 'square_url': 'https://images4-g.ravelrycache.com/uploads/knitbec/885623286/92785-07_square.jpg', 'medium_url': 'https://images4-f.ravelrycache.com/uploads/knitbec/885623286/92785-07_medium.jpg', 'thumbnail_url': 'https://images4-f.ravelrycache.com/uploads/knitbec/885623286/92785-07_thumbnail.jpg', 'small_url': 'https://images4-f.ravelrycache.com/uploads/knitbec/885623286/92785-07_small_best_fit.jpg', 'flickr_url': None, 'shelved_url': 'https://images4-g.ravelrycache.com/uploads/knitbec/885623286/92785-07_shelved.jpg', 'medium2_url': 'https://images4-a.ravelrycache.com/uploads/knitbec/885623286/92785-07_medium2.jpg', 'small2_url': 'https://images4-g.ravelrycache.com/uploads/knitbec/885623286/92785-07_small2.jpg', 'caption': None, 'caption_html': None, 'copyright_holder': None}, {'id': 116816786, 'sort_order': 7, 'user_id': 3530885, 'x_offset': 0, 'y_offset': -43, 'square_url': 'https://images4-g.ravelrycache.com/uploads/knitbec/885622312/92785-02_square.jpg', 'medium_url': 'https://images4-f.ravelrycache.com/uploads/knitbec/885622312/92785-02_medium.jpg', 'thumbnail_url': 'https://images4-f.ravelrycache.com/uploads/knitbec/885622312/92785-02_thumbnail.jpg', 'small_url': 'https://images4-f.ravelrycache.com/uploads/knitbec/885622312/92785-02_small_best_fit.jpg', 'flickr_url': None, 'shelved_url': 'https://images4-g.ravelrycache.com/uploads/knitbec/885622312/92785-02_shelved.jpg', 'medium2_url': 'https://images4-a.ravelrycache.com/uploads/knitbec/885622312/92785-02_medium2.jpg', 'small2_url': 'https://images4-g.ravelrycache.com/uploads/knitbec/885622312/92785-02_small2.jpg', 'caption': None, 'caption_html': None, 'copyright_holder': None}, {'id': 116816785, 'sort_order': 8, 'user_id': 3530885, 'x_offset': -43, 'y_offset': 0, 'square_url': 'https://images4-f.ravelrycache.com/uploads/knitbec/885622284/92785-01_square.jpg', 'medium_url': 'https://images4-g.ravelrycache.com/uploads/knitbec/885622284/92785-01_medium.jpg', 'thumbnail_url': 'https://images4-f.ravelrycache.com/uploads/knitbec/885622284/92785-01_thumbnail.jpg', 'small_url': 'https://images4-f.ravelrycache.com/uploads/knitbec/885622284/92785-01_small_best_fit.jpg', 'flickr_url': None, 'shelved_url': 'https://images4-g.ravelrycache.com/uploads/knitbec/885622284/92785-01_shelved.jpg', 'medium2_url': 'https://images4-a.ravelrycache.com/uploads/knitbec/885622284/92785-01_medium2.jpg', 'small2_url': 'https://images4-f.ravelrycache.com/uploads/knitbec/885622284/92785-01_small2.jpg', 'caption': None, 'caption_html': None, 'copyright_holder': None}]"
Nr. 5 Classic Marius Herregenser,Sandnes Design,1288675,https://www.ravelry.com/patterns/library/nr-5-classic-marius-herregenser,False,https://images4-a.ravelrycache.com/uploads/mfrengen/887438927/07521B91-B53B-4490-B30A-3BE7AF99EDE0_medium2.jpeg,Knitting,"['male', 'adult', 'set-in-sleeve', 'stranded', 'bottom-up', 'norwegian', 'positive-ease', 'chart', 'written-pattern', 'worked-flat', 'in-the-round']",14.0,0.0,True,4.0,,pullover,Bulky,6,0.0,S (M-L) XL (XXL) XXXL,"[{'id': 116829446, 'sort_order': 1, 'user_id': 6152382, 'x_offset': -6, 'y_offset': -17, 'square_url': 'https://images4-g.ravelrycache.com/uploads/mfrengen/887438927/07521B91-B53B-4490-B30A-3BE7AF99EDE0_square.jpeg', 'medium_url': 'https://images4-g.ravelrycache.com/uploads/mfrengen/887438927/07521B91-B53B-4490-B30A-3BE7AF99EDE0_medium.jpeg', 'thumbnail_url': 'https://images4-g.ravelrycache.com/uploads/mfrengen/887438927/07521B91-B53B-4490-B30A-3BE7AF99EDE0_thumbnail.jpeg', 'small_url': 'https://images4-f.ravelrycache.com/uploads/mfrengen/887438927/07521B91-B53B-4490-B30A-3BE7AF99EDE0_small.jpeg', 'flickr_url': None, 'shelved_url': 'https://images4-g.ravelrycache.com/uploads/mfrengen/887438927/07521B91-B53B-4490-B30A-3BE7AF99EDE0_shelved.jpeg', 'medium2_url': 'https://images4-a.ravelrycache.com/uploads/mfrengen/887438927/07521B91-B53B-4490-B30A-3BE7AF99EDE0_medium2.jpeg', 'small2_url': 'https://images4-f.ravelrycache.com/uploads/mfrengen/887438927/07521B91-B53B-4490-B30A-3BE7AF99EDE0_small2.jpeg', 'caption': None, 'caption_html': None, 'copyright_holder': None}, {'id': 116829447, 'sort_order': 2, 'user_id': 6152382, 'x_offset': -6, 'y_offset': -58, 'square_url': 'https://images4-f.ravelrycache.com/uploads/mfrengen/887438930/6A9E46ED-D1A3-48A5-ADD9-685DE4CC1890_square.jpeg', 'medium_url': 'https://images4-f.ravelrycache.com/uploads/mfrengen/887438930/6A9E46ED-D1A3-48A5-ADD9-685DE4CC1890_medium.jpeg', 'thumbnail_url': 'https://images4-g.ravelrycache.com/uploads/mfrengen/887438930/6A9E46ED-D1A3-48A5-ADD9-685DE4CC1890_thumbnail.jpeg', 'small_url': 'https://images4-g.ravelrycache.com/uploads/mfrengen/887438930/6A9E46ED-D1A3-48A5-ADD9-685DE4CC1890_small.jpeg', 'flickr_url': None, 'shelved_url': 'https://images4-g.ravelrycache.com/uploads/mfrengen/887438930/6A9E46ED-D1A3-48A5-ADD9-685DE4CC1890_shelved.jpeg', 'medium2_url': 'https://images4-a.ravelrycache.com/uploads/mfrengen/887438930/6A9E46ED-D1A3-48A5-ADD9-685DE4CC1890_medium2.jpeg', 'small2_url': 'https://images4-g.ravelrycache.com/uploads/mfrengen/887438930/6A9E46ED-D1A3-48A5-ADD9-685DE4CC1890_small2.jpeg', 'caption': None, 'caption_html': None, 'copyright_holder': None}]"
Words About Ferns Sweater,Brienne Moody,1288849,https://www.ravelry.com/patterns/library/words-about-ferns-sweater,False,https://images4-a.ravelrycache.com/uploads/BrienneMoody/887435027/1FD1AA72-9C69-4A79-A1D5-C0ED9DFA7A13_medium2.JPG,Knitting,"['scoop-neck', 'cap-sleeve', 'straight', 'one-piece', 'seamless', 'top-down', 'chart', 'written-pattern', 'in-the-round']",24.0,0.0,True,4.0,Stockinette Stitch,pullover,Fingering,9,0.0,"Finished Bust Measurements: 32.75 (36, 40.75, 44, 48.75) (52.75, 56, 60, 64.75)” / 83 (91.5, 103.25, 111.75, 123.5) (133.75, 142.25, 152.5, 164.25) cm","[{'id': 116845317, 'sort_order': 1, 'user_id': 88004, 'x_offset': -7, 'y_offset': -2, 'square_url': 'https://images4-f.ravelrycache.com/uploads/BrienneMoody/887435027/1FD1AA72-9C69-4A79-A1D5-C0ED9DFA7A13_square.JPG', 'medium_url': 'https://images4-g.ravelrycache.com/uploads/BrienneMoody/887435027/1FD1AA72-9C69-4A79-A1D5-C0ED9DFA7A13_medium.JPG', 'thumbnail_url': 'https://images4-g.ravelrycache.com/uploads/BrienneMoody/887435027/1FD1AA72-9C69-4A79-A1D5-C0ED9DFA7A13_thumbnail.JPG', 'small_url': 'https://images4-f.ravelrycache.com/uploads/BrienneMoody/887435027/1FD1AA72-9C69-4A79-A1D5-C0ED9DFA7A13_small.JPG', 'flickr_url': None, 'shelved_url': 'https://images4-f.ravelrycache.com/uploads/BrienneMoody/887435027/1FD1AA72-9C69-4A79-A1D5-C0ED9DFA7A13_shelved.JPG', 'medium2_url': 'https://images4-a.ravelrycache.com/uploads/BrienneMoody/887435027/1FD1AA72-9C69-4A79-A1D5-C0ED9DFA7A13_medium2.JPG', 'small2_url': 'https://images4-f.ravelrycache.com/uploads/BrienneMoody/887435027/1FD1AA72-9C69-4A79-A1D5-C0ED9DFA7A13_small2.JPG', 'caption': None, 'caption_html': None, 'copyright_holder': None}, {'id': 116845316, 'sort_order': 2, 'user_id': 88004, 'x_offset': -1, 'y_offset': -58, 'square_url': 'https://images4-f.ravelrycache.com/uploads/BrienneMoody/887435029/737EA07F-58F0-4EB3-B1ED-91066997D3F8_square.JPG', 'medium_url': 'https://images4-g.ravelrycache.com/uploads/BrienneMoody/887435029/737EA07F-58F0-4EB3-B1ED-91066997D3F8_medium.JPG', 'thumbnail_url': 'https://images4-f.ravelrycache.com/uploads/BrienneMoody/887435029/737EA07F-58F0-4EB3-B1ED-91066997D3F8_thumbnail.JPG', 'small_url': 'https://images4-f.ravelrycache.com/uploads/BrienneMoody/887435029/737EA07F-58F0-4EB3-B1ED-91066997D3F8_small.JPG', 'flickr_url': None, 'shelved_url': 'https://images4-f.ravelrycache.com/uploads/BrienneMoody/887435029/737EA07F-58F0-4EB3-B1ED-91066997D3F8_shelved.JPG', 'medium2_url': 'https://images4-a.ravelrycache.com/uploads/BrienneMoody/887435029/737EA07F-58F0-4EB3-B1ED-91066997D3F8_medium2.JPG', 'small2_url': 'https://images4-f.ravelrycache.com/uploads/BrienneMoody/887435029/737EA07F-58F0-4EB3-B1ED-91066997D3F8_small2.JPG', 'caption': None, 'caption_html': None, 'copyright_holder': None}, {'id': 116845318, 'sort_order': 3, 'user_id': 88004, 'x_offset': -5, 'y_offset': -21, 'square_url': 'https://images4-f.ravelrycache.com/uploads/BrienneMoody/887435028/A3FEAD79-D8DE-4A90-A88C-66CBD7276631_square.JPG', 'medium_url': 'https://images4-g.ravelrycache.com/uploads/BrienneMoody/887435028/A3FEAD79-D8DE-4A90-A88C-66CBD7276631_medium.JPG', 'thumbnail_url': 'https://images4-g.ravelrycache.com/uploads/BrienneMoody/887435028/A3FEAD79-D8DE-4A90-A88C-66CBD7276631_thumbnail.JPG', 'small_url': 'https://images4-g.ravelrycache.com/uploads/BrienneMoody/887435028/A3FEAD79-D8DE-4A90-A88C-66CBD7276631_small.JPG', 'flickr_url': None, 'shelved_url': 'https://images4-f.ravelrycache.com/uploads/BrienneMoody/887435028/A3FEAD79-D8DE-4A90-A88C-66CBD7276631_shelved.JPG', 'medium2_url': 'https://images4-a.ravelrycache.com/uploads/BrienneMoody/887435028/A3FEAD79-D8DE-4A90-A88C-66CBD7276631_medium2.JPG', 'small2_url': 'https://images4-f.ravelrycache.com/uploads/BrienneMoody/887435028/A3FEAD79-D8DE-4A90-A88C-66CBD7276631_small2.JPG', 'caption': None, 'caption_html': None, 'copyright_holder': None}, {'id': 116845319, 'sort_order': 4, 'user_id': 88004, 'x_offset': -5, 'y_offset': -35, 'square_url': 'https://images4-g.ravelrycache.com/uploads/BrienneMoody/887435035/IMG_8401_square.heic', 'medium_url': 'https://images4-g.ravelrycache.com/uploads/BrienneMoody/887435035/IMG_8401_medium.heic', 'thumbnail_url': 'https://images4-f.ravelrycache.com/uploads/BrienneMoody/887435035/IMG_8401_thumbnail.heic', 'small_url': 'https://images4-f.ravelrycache.com/uploads/BrienneMoody/887435035/IMG_8401_small.heic', 'flickr_url': None, 'shelved_url': 'https://images4-g.ravelrycache.com/uploads/BrienneMoody/887435035/IMG_8401_shelved.heic', 'medium2_url': 'https://images4-a.ravelrycache.com/uploads/BrienneMoody/887435035/IMG_8401_medium2.heic', 'small2_url': 'https://images4-f.ravelrycache.com/uploads/BrienneMoody/887435035/IMG_8401_small2.heic', 'caption': None, 'caption_html': None, 'copyright_holder': None}, {'id': 116845320, 'sort_order': 5, 'user_id': 88004, 'x_offset': -10, 'y_offset': 3, 'square_url': 'https://images4-f.ravelrycache.com/uploads/BrienneMoody/887435033/IMG_8352_square.heic', 'medium_url': 'https://images4-f.ravelrycache.com/uploads/BrienneMoody/887435033/IMG_8352_medium.heic', 'thumbnail_url': 'https://images4-f.ravelrycache.com/uploads/BrienneMoody/887435033/IMG_8352_thumbnail.heic', 'small_url': 'https://images4-g.ravelrycache.com/uploads/BrienneMoody/887435033/IMG_8352_small.heic', 'flickr_url': None, 'shelved_url': 'https://images4-g.ravelrycache.com/uploads/BrienneMoody/887435033/IMG_8352_shelved.heic', 'medium2_url': 'https://images4-a.ravelrycache.com/uploads/BrienneMoody/887435033/IMG_8352_medium2.heic', 'small2_url': 'https://images4-g.ravelrycache.com/uploads/BrienneMoody/887435033/IMG_8352_small2.heic', 'caption': None, 'caption_html': None, 'copyright_holder': None}, {'id': 116845321, 'sort_order': 6, 'user_id': 88004, 'x_offset': -7, 'y_offset': 4, 'square_url': 'https://images4-g.ravelrycache.com/uploads/BrienneMoody/887435031/446496D5-40C1-4F93-8C2F-77631E187440_square.JPG', 'medium_url': 'https://images4-f.ravelrycache.com/uploads/BrienneMoody/887435031/446496D5-40C1-4F93-8C2F-77631E187440_medium.JPG', 'thumbnail_url': 'https://images4-f.ravelrycache.com/uploads/BrienneMoody/887435031/446496D5-40C1-4F93-8C2F-77631E187440_thumbnail.JPG', 'small_url': 'https://images4-g.ravelrycache.com/uploads/BrienneMoody/887435031/446496D5-40C1-4F93-8C2F-77631E187440_small.JPG', 'flickr_url': None, 'shelved_url': 'https://images4-f.ravelrycache.com/uploads/BrienneMoody/887435031/446496D5-40C1-4F93-8C2F-77631E187440_shelved.JPG', 'medium2_url': 'https://images4-a.ravelrycache.com/uploads/BrienneMoody/887435031/446496D5-40C1-4F93-8C2F-77631E187440_medium2.JPG', 'small2_url': 'https://images4-g.ravelrycache.com/uploads/BrienneMoody/887435031/446496D5-40C1-4F93-8C2F-77631E187440_small2.JPG', 'caption': None, 'caption_html': None, 'copyright_holder': None}, {'id': 116845322, 'sort_order': 7, 'user_id': 88004, 'x_offset': -5, 'y_offset': -15, 'square_url': 'https://images4-f.ravelrycache.com/uploads/BrienneMoody/887435560/IMG_8274_square.heic', 'medium_url': 'https://images4-f.ravelrycache.com/uploads/BrienneMoody/887435560/IMG_8274_medium.heic', 'thumbnail_url': 'https://images4-f.ravelrycache.com/uploads/BrienneMoody/887435560/IMG_8274_thumbnail.heic', 'small_url': 'https://images4-f.ravelrycache.com/uploads/BrienneMoody/887435560/IMG_8274_small.heic', 'flickr_url': None, 'shelved_url': 'https://images4-f.ravelrycache.com/uploads/BrienneMoody/887435560/IMG_8274_shelved.heic', 'medium2_url': 'https://images4-a.ravelrycache.com/uploads/BrienneMoody/887435560/IMG_8274_medium2.heic', 'small2_url': 'https://images4-g.ravelrycache.com/uploads/BrienneMoody/887435560/IMG_8274_small2.heic', 'caption': None, 'caption_html': None, 'copyright_holder': None}]"
Feels Like Winter Pullover,Beckie Kloczko,1288918,https://www.ravelry.com/patterns/library/feels-like-winter-pullover,False,https://images4-a.ravelrycache.com/uploads/beckieklo/878229623/805265D9-5C9C-4299-9A43-1609A60BEA62_2_medium2.JPG,Knitting,"['female', 'unisex', 'adult', 'v-neck', 'long-sleeve', 'raglan-sleeve', 'icord', 'one-piece', 'seamless', 'top-down', 'positive-ease', 'phototutorial', 'written-pattern', 'video-tutorial', 'in-the-round', 'icord-edging']",14.0,2.25,True,4.0,,pullover,Bulky,32,4.25,"XXS 25-28"" (XS 29-32"", S 33-36"" , M 37-40"" , L 41-44"" , XL 45-47"") [2XL 48-52"" , 3XL 53-56"" , 4XL 57-60"" , 5XL 61-64"", 6XL 65-68""]","[{'id': 116851453, 'sort_order': 1, 'user_id': 8953057, 'x_offset': 0, 'y_offset': -22, 'square_url': 'https://images4-g.ravelrycache.com/uploads/beckieklo/878229623/805265D9-5C9C-4299-9A43-1609A60BEA62_2_square.JPG', 'medium_url': 'https://images4-f.ravelrycache.com/uploads/beckieklo/878229623/805265D9-5C9C-4299-9A43-1609A60BEA62_2_medium.JPG', 'thumbnail_url': 'https://images4-f.ravelrycache.com/uploads/beckieklo/878229623/805265D9-5C9C-4299-9A43-1609A60BEA62_2_thumbnail.JPG', 'small_url': 'https://images4-f.ravelrycache.com/uploads/beckieklo/878229623/805265D9-5C9C-4299-9A43-1609A60BEA62_2_small_best_fit.JPG', 'flickr_url': None, 'shelved_url': 'https://images4-g.ravelrycache.com/uploads/beckieklo/878229623/805265D9-5C9C-4299-9A43-1609A60BEA62_2_shelved.JPG', 'medium2_url': 'https://images4-a.ravelrycache.com/uploads/beckieklo/878229623/805265D9-5C9C-4299-9A43-1609A60BEA62_2_medium2.JPG', 'small2_url': 'https://images4-g.ravelrycache.com/uploads/beckieklo/878229623/805265D9-5C9C-4299-9A43-1609A60BEA62_2_small2.JPG', 'caption': None, 'caption_html': None, 'copyright_holder': None}, {'id': 116851454, 'sort_order': 2, 'user_id': 8953057, 'x_offset': 0, 'y_offset': -22, 'square_url': 'https://images4-f.ravelrycache.com/uploads/beckieklo/878229628/2503BC5D-6C47-4A68-94A8-3DC3D6A0AF33_square.JPG', 'medium_url': 'https://images4-g.ravelrycache.com/uploads/beckieklo/878229628/2503BC5D-6C47-4A68-94A8-3DC3D6A0AF33_medium.JPG', 'thumbnail_url': 'https://images4-g.ravelrycache.com/uploads/beckieklo/878229628/2503BC5D-6C47-4A68-94A8-3DC3D6A0AF33_thumbnail.JPG', 'small_url': 'https://images4-g.ravelrycache.com/uploads/beckieklo/878229628/2503BC5D-6C47-4A68-94A8-3DC3D6A0AF33_small_best_fit.JPG', 'flickr_url': None, 'shelved_url': 'https://images4-f.ravelrycache.com/uploads/beckieklo/878229628/2503BC5D-6C47-4A68-94A8-3DC3D6A0AF33_shelved.JPG', 'medium2_url': 'https://images4-a.ravelrycache.com/uploads/beckieklo/878229628/2503BC5D-6C47-4A68-94A8-3DC3D6A0AF33_medium2.JPG', 'small2_url': 'https://images4-f.ravelrycache.com/uploads/beckieklo/878229628/2503BC5D-6C47-4A68-94A8-3DC3D6A0AF33_small2.JPG', 'caption': None, 'caption_html': None, 'copyright_holder': None}, {'id': 116851455, 'sort_order': 3, 'user_id': 8953057, 'x_offset': 0, 'y_offset': -22, 'square_url': 'https://images4-f.ravelrycache.com/uploads/beckieklo/878229624/2F5AF16E-BC2E-4EA5-99F4-28F638BEA42A_2_square.JPG', 'medium_url': 'https://images4-g.ravelrycache.com/uploads/beckieklo/878229624/2F5AF16E-BC2E-4EA5-99F4-28F638BEA42A_2_medium.JPG', 'thumbnail_url': 'https://images4-g.ravelrycache.com/uploads/beckieklo/878229624/2F5AF16E-BC2E-4EA5-99F4-28F638BEA42A_2_thumbnail.JPG', 'small_url': 'https://images4-f.ravelrycache.com/uploads/beckieklo/878229624/2F5AF16E-BC2E-4EA5-99F4-28F638BEA42A_2_small_best_fit.JPG', 'flickr_url': None, 'shelved_url': 'https://images4-g.ravelrycache.com/uploads/beckieklo/878229624/2F5AF16E-BC2E-4EA5-99F4-28F638BEA42A_2_shelved.JPG', 'medium2_url': 'https://images4-a.ravelrycache.com/uploads/beckieklo/878229624/2F5AF16E-BC2E-4EA5-99F4-28F638BEA42A_2_medium2.JPG', 'small2_url': 'https://images4-f.ravelrycache.com/uploads/beckieklo/878229624/2F5AF16E-BC2E-4EA5-99F4-28F638BEA42A_2_small2.JPG', 'caption': None, 'caption_html': None, 'copyright_holder': None}, {'id': 116851456, 'sort_order': 4, 'user_id': 8953057, 'x_offset': 0, 'y_offset': -22, 'square_url': 'https://images4-f.ravelrycache.com/uploads/beckieklo/878229627/DCC73307-0EDF-4967-93B5-959EA3A327F7_square.JPG', 'medium_url': 'https://images4-g.ravelrycache.com/uploads/beckieklo/878229627/DCC73307-0EDF-4967-93B5-959EA3A327F7_medium.JPG', 'thumbnail_url': 'https://images4-f.ravelrycache.com/uploads/beckieklo/878229627/DCC73307-0EDF-4967-93B5-959EA3A327F7_thumbnail.JPG', 'small_url': 'https://images4-f.ravelrycache.com/uploads/beckieklo/878229627/DCC73307-0EDF-4967-93B5-959EA3A327F7_small_best_fit.JPG', 'flickr_url': None, 'shelved_url': 'https://images4-g.ravelrycache.com/uploads/beckieklo/878229627/DCC73307-0EDF-4967-93B5-959EA3A327F7_shelved.JPG', 'medium2_url': 'https://images4-a.ravelrycache.com/uploads/beckieklo/878229627/DCC73307-0EDF-4967-93B5-959EA3A327F7_medium2.JPG', 'small2_url': 'https://images4-f.ravelrycache.com/uploads/beckieklo/878229627/DCC73307-0EDF-4967-93B5-959EA3A327F7_small2.JPG', 'caption': None, 'caption_html': None, 'copyright_holder': None}, {'id': 116851457, 'sort_order': 5, 'user_id': 8953057, 'x_offset': 1, 'y_offset': -21, 'square_url': 'https://images4-g.ravelrycache.com/uploads/beckieklo/878229626/F64A9418-CCA4-4E1F-BD37-9F07B89FEFF2_square.JPG', 'medium_url': 'https://images4-f.ravelrycache.com/uploads/beckieklo/878229626/F64A9418-CCA4-4E1F-BD37-9F07B89FEFF2_medium.JPG', 'thumbnail_url': 'https://images4-f.ravelrycache.com/uploads/beckieklo/878229626/F64A9418-CCA4-4E1F-BD37-9F07B89FEFF2_thumbnail.JPG', 'small_url': 'https://images4-g.ravelrycache.com/uploads/beckieklo/878229626/F64A9418-CCA4-4E1F-BD37-9F07B89FEFF2_small_best_fit.JPG', 'flickr_url': None, 'shelved_url': 'https://images4-g.ravelrycache.com/uploads/beckieklo/878229626/F64A9418-CCA4-4E1F-BD37-9F07B89FEFF2_shelved.JPG', 'medium2_url': 'https://images4-a.ravelrycache.com/uploads/beckieklo/878229626/F64A9418-CCA4-4E1F-BD37-9F07B89FEFF2_medium2.JPG', 'small2_url': 'https://images4-g.ravelrycache.com/uploads/beckieklo/878229626/F64A9418-CCA4-4E1F-BD37-9F07B89FEFF2_small2.JPG', 'caption': None, 'caption_html': None, 'copyright_holder': None}, {'id': 116851458, 'sort_order': 6, 'user_id': 8953057, 'x_offset': 0, 'y_offset': -22, 'square_url': 'https://images4-g.ravelrycache.com/uploads/beckieklo/878229625/F60BB4D7-7426-4F82-A993-03B587E633D6_square.JPG', 'medium_url': 'https://images4-f.ravelrycache.com/uploads/beckieklo/878229625/F60BB4D7-7426-4F82-A993-03B587E633D6_medium.JPG', 'thumbnail_url': 'https://images4-g.ravelrycache.com/uploads/beckieklo/878229625/F60BB4D7-7426-4F82-A993-03B587E633D6_thumbnail.JPG', 'small_url': 'https://images4-g.ravelrycache.com/uploads/beckieklo/878229625/F60BB4D7-7426-4F82-A993-03B587E633D6_small_best_fit.JPG', 'flickr_url': None, 'shelved_url': 'https://images4-f.ravelrycache.com/uploads/beckieklo/878229625/F60BB4D7-7426-4F82-A993-03B587E633D6_shelved.JPG', 'medium2_url': 'https://images4-a.ravelrycache.com/uploads/beckieklo/878229625/F60BB4D7-7426-4F82-A993-03B587E633D6_medium2.JPG', 'small2_url': 'https://images4-g.ravelrycache.com/uploads/beckieklo/878229625/F60BB4D7-7426-4F82-A993-03B587E633D6_small2.JPG', 'caption': None, 'caption_html': None, 'copyright_holder': None}, {'id': 116851459, 'sort_order': 7, 'user_id': 8953057, 'x_offset': 0, 'y_offset': -22, 'square_url': 'https://images4-g.ravelrycache.com/uploads/beckieklo/878229629/3E7414C0-B85A-428A-A7B4-B46C90AB7918_square.JPG', 'medium_url': 'https://images4-f.ravelrycache.com/uploads/beckieklo/878229629/3E7414C0-B85A-428A-A7B4-B46C90AB7918_medium.JPG', 'thumbnail_url': 'https://images4-f.ravelrycache.com/uploads/beckieklo/878229629/3E7414C0-B85A-428A-A7B4-B46C90AB7918_thumbnail.JPG', 'small_url': 'https://images4-g.ravelrycache.com/uploads/beckieklo/878229629/3E7414C0-B85A-428A-A7B4-B46C90AB7918_small_best_fit.JPG', 'flickr_url': None, 'shelved_url': 'https://images4-g.ravelrycache.com/uploads/beckieklo/878229629/3E7414C0-B85A-428A-A7B4-B46C90AB7918_shelved.JPG', 'medium2_url': 'https://images4-a.ravelrycache.com/uploads/beckieklo/878229629/3E7414C0-B85A-428A-A7B4-B46C90AB7918_medium2.JPG', 'small2_url': 'https://images4-g.ravelrycache.com/uploads/beckieklo/878229629/3E7414C0-B85A-428A-A7B4-B46C90AB7918_small2.JPG', 'caption': None, 'caption_html': None, 'copyright_holder': None}]"
Mosaikk,Lucienne Tricote,1288923,https://www.ravelry.com/patterns/library/mosaikk-2,False,https://images4-a.ravelrycache.com/uploads/LucienneTricote/887514819/DSC00976_medium2.jpg,Knitting,"['unisex', 'teen', 'adult', 'ribbed', 'crew-neck', 'long-sleeve', 'stranded', 'one-piece', 'seamless', 'short-rows', 'top-down', 'positive-ease', 'chart', 'written-pattern', 'cuffed-sleeve', 'worked-flat', 'in-the-round', 'schematic', 'male', 'female']",26.0,3.6666666666666665,True,4.0,colorwork stockinette,pullover,Fingering,16,5.0,"1 (2, 3, 4, 5, 6, 7) [8, 9, 10, 11, 12, 13, 14]","[{'id': 116852025, 'sort_order': 1, 'user_id': 6515607, 'x_offset': 0, 'y_offset': -43, 'square_url': 'https://images4-g.ravelrycache.com/uploads/LucienneTricote/887514819/DSC00976_square.jpg', 'medium_url': 'https://images4-f.ravelrycache.com/uploads/LucienneTricote/887514819/DSC00976_medium.jpg', 'thumbnail_url': 'https://images4-f.ravelrycache.com/uploads/LucienneTricote/887514819/DSC00976_thumbnail.jpg', 'small_url': 'https://images4-g.ravelrycache.com/uploads/LucienneTricote/887514819/DSC00976_small_best_fit.jpg', 'flickr_url': None, 'shelved_url': 'https://images4-g.ravelrycache.com/uploads/LucienneTricote/887514819/DSC00976_shelved.jpg', 'medium2_url': 'https://images4-a.ravelrycache.com/uploads/LucienneTricote/887514819/DSC00976_medium2.jpg', 'small2_url': 'https://images4-g.ravelrycache.com/uploads/LucienneTricote/887514819/DSC00976_small2.jpg', 'caption': None, 'caption_html': None, 'copyright_holder': None}, {'id': 116852022, 'sort_order': 2, 'user_id': 6515607, 'x_offset': 0, 'y_offset': -43, 'square_url': 'https://images4-g.ravelrycache.com/uploads/LucienneTricote/887514816/DSC01060_square.jpg', 'medium_url': 'https://images4-f.ravelrycache.com/uploads/LucienneTricote/887514816/DSC01060_medium.jpg', 'thumbnail_url': 'https://images4-g.ravelrycache.com/uploads/LucienneTricote/887514816/DSC01060_thumbnail.jpg', 'small_url': 'https://images4-g.ravelrycache.com/uploads/LucienneTricote/887514816/DSC01060_small_best_fit.jpg', 'flickr_url': None, 'shelved_url': 'https://images4-f.ravelrycache.com/uploads/LucienneTricote/887514816/DSC01060_shelved.jpg', 'medium2_url': 'https://images4-a.ravelrycache.com/uploads/LucienneTricote/887514816/DSC01060_medium2.jpg', 'small2_url': 'https://images4-g.ravelrycache.com/uploads/LucienneTricote/887514816/DSC01060_small2.jpg', 'caption': None, 'caption_html': None, 'copyright_holder': None}, {'id': 116852023, 'sort_order': 3, 'user_id': 6515607, 'x_offset': 0, 'y_offset': -43, 'square_url': 'https://images4-f.ravelrycache.com/uploads/LucienneTricote/887516724/DSC00940_square.jpg', 'medium_url': 'https://images4-g.ravelrycache.com/uploads/LucienneTricote/887516724/DSC00940_medium.jpg', 'thumbnail_url': 'https://images4-g.ravelrycache.com/uploads/LucienneTricote/887516724/DSC00940_thumbnail.jpg', 'small_url': 'https://images4-g.ravelrycache.com/uploads/LucienneTricote/887516724/DSC00940_small_best_fit.jpg', 'flickr_url': None, 'shelved_url': 'https://images4-g.ravelrycache.com/uploads/LucienneTricote/887516724/DSC00940_shelved.jpg', 'medium2_url': 'https://images4-a.ravelrycache.com/uploads/LucienneTricote/887516724/DSC00940_medium2.jpg', 'small2_url': 'https://images4-f.ravelrycache.com/uploads/LucienneTricote/887516724/DSC00940_small2.jpg', 'caption': None, 'caption_html': None, 'copyright_holder': None}, {'id': 116852024, 'sort_order': 4, 'user_id': 6515607, 'x_offset': 0, 'y_offset': -43, 'square_url': 'https://images4-f.ravelrycache.com/uploads/LucienneTricote/887514820/DSC01040_square.jpg', 'medium_url': 'https://images4-g.ravelrycache.com/uploads/LucienneTricote/887514820/DSC01040_medium.jpg', 'thumbnail_url': 'https://images4-g.ravelrycache.com/uploads/LucienneTricote/887514820/DSC01040_thumbnail.jpg', 'small_url': 'https://images4-g.ravelrycache.com/uploads/LucienneTricote/887514820/DSC01040_small_best_fit.jpg', 'flickr_url': None, 'shelved_url': 'https://images4-f.ravelrycache.com/uploads/LucienneTricote/887514820/DSC01040_shelved.jpg', 'medium2_url': 'https://images4-a.ravelrycache.com/uploads/LucienneTricote/887514820/DSC01040_medium2.jpg', 'small2_url': 'https://images4-f.ravelrycache.com/uploads/LucienneTricote/887514820/DSC01040_small2.jpg', 'caption': None, 'caption_html': None, 'copyright_holder': None}, {'id': 116852021, 'sort_order': 5, 'user_id': 6515607, 'x_offset': 0, 'y_offset': -43, 'square_url': 'https://images4-f.ravelrycache.com/uploads/LucienneTricote/887514818/DSC00954_square.jpg', 'medium_url': 'https://images4-g.ravelrycache.com/uploads/LucienneTricote/887514818/DSC00954_medium.jpg', 'thumbnail_url': 'https://images4-g.ravelrycache.com/uploads/LucienneTricote/887514818/DSC00954_thumbnail.jpg', 'small_url': 'https://images4-f.ravelrycache.com/uploads/LucienneTricote/887514818/DSC00954_small_best_fit.jpg', 'flickr_url': None, 'shelved_url': 'https://images4-f.ravelrycache.com/uploads/LucienneTricote/887514818/DSC00954_shelved.jpg', 'medium2_url': 'https://images4-a.ravelrycache.com/uploads/LucienneTricote/887514818/DSC00954_medium2.jpg', 'small2_url': 'https://images4-f.ravelrycache.com/uploads/LucienneTricote/887514818/DSC00954_small2.jpg', 'caption': None, 'caption_html': None, 'copyright_holder': None}, {'id': 116852026, 'sort_order': 6, 'user_id': 6515607, 'x_offset': 0, 'y_offset': -43, 'square_url': 'https://images4-f.ravelrycache.com/uploads/LucienneTricote/887514821/DSC01052_square.jpg', 'medium_url': 'https://images4-g.ravelrycache.com/uploads/LucienneTricote/887514821/DSC01052_medium.jpg', 'thumbnail_url': 'https://images4-g.ravelrycache.com/uploads/LucienneTricote/887514821/DSC01052_thumbnail.jpg', 'small_url': 'https://images4-f.ravelrycache.com/uploads/LucienneTricote/887514821/DSC01052_small_best_fit.jpg', 'flickr_url': None, 'shelved_url': 'https://images4-g.ravelrycache.com/uploads/LucienneTricote/887514821/DSC01052_shelved.jpg', 'medium2_url': 'https://images4-a.ravelrycache.com/uploads/LucienneTricote/887514821/DSC01052_medium2.jpg', 'small2_url': 'https://images4-f.ravelrycache.com/uploads/LucienneTricote/887514821/DSC01052_small2.jpg', 'caption': None, 'caption_html': None, 'copyright_holder': None}]"
Foundation,Victoria Marchant Knits,1288962,https://www.ravelry.com/patterns/library/foundation-3,False,https://images4-a.ravelrycache.com/uploads/VictoriaMKnits/923278273/20230315_1_of_1__medium2.jpg,Knitting,"['teen', 'adult', 'ribbed', 'stripes', 'seamed', 'collar', 'scoop-neck', 'waist', 'sleeves', 'long-sleeve', 'straight', 'empire', 'top-down', 'positive-ease', 'written-pattern', 'drop-sleeve', 'cuffed-sleeve', 'cropped', 'worked-flat', 'in-the-round', 'other-colorwork', 'stripes-colorwork', 'schematic', 'low-vision', 'screen-reader', 'color-blind-accessible', 'plus']",16.0,3.25,True,4.0,stockinette,pullover,DK,11,5.0,"Body: 1-12 (36"" to 69"" bust); Sleeve: A-L (10"" - 32"" bicep)","[{'id': 121254026, 'sort_order': 1, 'user_id': 9529657, 'x_offset': 0, 'y_offset': -43, 'square_url': 'https://images4-f.ravelrycache.com/uploads/VictoriaMKnits/923278273/20230315_1_of_1__square.jpg', 'medium_url': 'https://images4-g.ravelrycache.com/uploads/VictoriaMKnits/923278273/20230315_1_of_1__medium.jpg', 'thumbnail_url': 'https://images4-f.ravelrycache.com/uploads/VictoriaMKnits/923278273/20230315_1_of_1__thumbnail.jpg', 'small_url': 'https://images4-f.ravelrycache.com/uploads/VictoriaMKnits/923278273/20230315_1_of_1__small_best_fit.jpg', 'flickr_url': None, 'shelved_url': 'https://images4-g.ravelrycache.com/uploads/VictoriaMKnits/923278273/20230315_1_of_1__shelved.jpg', 'medium2_url': 'https://images4-a.ravelrycache.com/uploads/VictoriaMKnits/923278273/20230315_1_of_1__medium2.jpg', 'small2_url': 'https://images4-f.ravelrycache.com/uploads/VictoriaMKnits/923278273/20230315_1_of_1__small2.jpg', 'caption': None, 'caption_html': None, 'copyright_holder': None}, {'id': 121254025, 'sort_order': 2, 'user_id': 9529657, 'x_offset': 0, 'y_offset': -43, 'square_url': 'https://images4-f.ravelrycache.com/uploads/VictoriaMKnits/923278275/20230315_2_of_4__square.jpg', 'medium_url': 'https://images4-g.ravelrycache.com/uploads/VictoriaMKnits/923278275/20230315_2_of_4__medium.jpg', 'thumbnail_url': 'https://images4-g.ravelrycache.com/uploads/VictoriaMKnits/923278275/20230315_2_of_4__thumbnail.jpg', 'small_url': 'https://images4-g.ravelrycache.com/uploads/VictoriaMKnits/923278275/20230315_2_of_4__small_best_fit.jpg', 'flickr_url': None, 'shelved_url': 'https://images4-g.ravelrycache.com/uploads/VictoriaMKnits/923278275/20230315_2_of_4__shelved.jpg', 'medium2_url': 'https://images4-a.ravelrycache.com/uploads/VictoriaMKnits/923278275/20230315_2_of_4__medium2.jpg', 'small2_url': 'https://images4-f.ravelrycache.com/uploads/VictoriaMKnits/923278275/20230315_2_of_4__small2.jpg', 'caption': None, 'caption_html': None, 'copyright_holder': None}, {'id': 121254027, 'sort_order': 3, 'user_id': 9529657, 'x_offset': 0, 'y_offset': -43, 'square_url': 'https://images4-g.ravelrycache.com/uploads/VictoriaMKnits/923278281/20230315_1_of_4__square.jpg', 'medium_url': 'https://images4-f.ravelrycache.com/uploads/VictoriaMKnits/923278281/20230315_1_of_4__medium.jpg', 'thumbnail_url': 'https://images4-f.ravelrycache.com/uploads/VictoriaMKnits/923278281/20230315_1_of_4__thumbnail.jpg', 'small_url': 'https://images4-f.ravelrycache.com/uploads/VictoriaMKnits/923278281/20230315_1_of_4__small_best_fit.jpg', 'flickr_url': None, 'shelved_url': 'https://images4-f.ravelrycache.com/uploads/VictoriaMKnits/923278281/20230315_1_of_4__shelved.jpg', 'medium2_url': 'https://images4-a.ravelrycache.com/uploads/VictoriaMKnits/923278281/20230315_1_of_4__medium2.jpg', 'small2_url': 'https://images4-g.ravelrycache.com/uploads/VictoriaMKnits/923278281/20230315_1_of_4__small2.jpg', 'caption': None, 'caption_html': None, 'copyright_holder': None}, {'id': 121254024, 'sort_order': 4, 'user_id': 9529657, 'x_offset': 0, 'y_offset': -43, 'square_url': 'https://images4-f.ravelrycache.com/uploads/VictoriaMKnits/923278272/20230315_3_of_4__square.jpg', 'medium_url': 'https://images4-g.ravelrycache.com/uploads/VictoriaMKnits/923278272/20230315_3_of_4__medium.jpg', 'thumbnail_url': 'https://images4-g.ravelrycache.com/uploads/VictoriaMKnits/923278272/20230315_3_of_4__thumbnail.jpg', 'small_url': 'https://images4-g.ravelrycache.com/uploads/VictoriaMKnits/923278272/20230315_3_of_4__small_best_fit.jpg', 'flickr_url': None, 'shelved_url': 'https://images4-g.ravelrycache.com/uploads/VictoriaMKnits/923278272/20230315_3_of_4__shelved.jpg', 'medium2_url': 'https://images4-a.ravelrycache.com/uploads/VictoriaMKnits/923278272/20230315_3_of_4__medium2.jpg', 'small2_url': 'https://images4-f.ravelrycache.com/uploads/VictoriaMKnits/923278272/20230315_3_of_4__small2.jpg', 'caption': None, 'caption_html': None, 'copyright_holder': None}, {'id': 116855072, 'sort_order': 5, 'user_id': 9529657, 'x_offset': 0, 'y_offset': -22, 'square_url': 'https://images4-g.ravelrycache.com/uploads/VictoriaMKnits/862525310/20220624_10_of_40__square.jpg', 'medium_url': 'https://images4-f.ravelrycache.com/uploads/VictoriaMKnits/862525310/20220624_10_of_40__medium.jpg', 'thumbnail_url': 'https://images4-f.ravelrycache.com/uploads/VictoriaMKnits/862525310/20220624_10_of_40__thumbnail.jpg', 'small_url': 'https://images4-g.ravelrycache.com/uploads/VictoriaMKnits/862525310/20220624_10_of_40__small_best_fit.jpg', 'flickr_url': None, 'shelved_url': 'https://images4-g.ravelrycache.com/uploads/VictoriaMKnits/862525310/20220624_10_of_40__shelved.jpg', 'medium2_url': 'https://images4-a.ravelrycache.com/uploads/VictoriaMKnits/862525310/20220624_10_of_40__medium2.jpg', 'small2_url': 'https://images4-g.ravelrycache.com/uploads/VictoriaMKnits/862525310/20220624_10_of_40__small2.jpg', 'caption': None, 'caption_html': None, 'copyright_holder': None}, {'id': 116855073, 'sort_order': 6, 'user_id': 9529657, 'x_offset': 0, 'y_offset': -43, 'square_url': 'https://images4-g.ravelrycache.com/uploads/VictoriaMKnits/886986217/20221114_8_of_23__square.jpg', 'medium_url': 'https://images4-f.ravelrycache.com/uploads/VictoriaMKnits/886986217/20221114_8_of_23__medium.jpg', 'thumbnail_url': 'https://images4-f.ravelrycache.com/uploads/VictoriaMKnits/886986217/20221114_8_of_23__thumbnail.jpg', 'small_url': 'https://images4-f.ravelrycache.com/uploads/VictoriaMKnits/886986217/20221114_8_of_23__small_best_fit.jpg', 'flickr_url': None, 'shelved_url': 'https://images4-g.ravelrycache.com/uploads/VictoriaMKnits/886986217/20221114_8_of_23__shelved.jpg', 'medium2_url': 'https://images4-a.ravelrycache.com/uploads/VictoriaMKnits/886986217/20221114_8_of_23__medium2.jpg', 'small2_url': 'https://images4-g.ravelrycache.com/uploads/VictoriaMKnits/886986217/20221114_8_of_23__small2.jpg', 'caption': None, 'caption_html': None, 'copyright_holder': None}, {'id': 116855074, 'sort_order': 7, 'user_id': 9529657, 'x_offset': 0, 'y_offset': -43, 'square_url': 'https://images4-f.ravelrycache.com/uploads/VictoriaMKnits/887176511/20221115_1_of_35__square.jpg', 'medium_url': 'https://images4-g.ravelrycache.com/uploads/VictoriaMKnits/887176511/20221115_1_of_35__medium.jpg', 'thumbnail_url': 'https://images4-f.ravelrycache.com/uploads/VictoriaMKnits/887176511/20221115_1_of_35__thumbnail.jpg', 'small_url': 'https://images4-g.ravelrycache.com/uploads/VictoriaMKnits/887176511/20221115_1_of_35__small_best_fit.jpg', 'flickr_url': None, 'shelved_url': 'https://images4-f.ravelrycache.com/uploads/VictoriaMKnits/887176511/20221115_1_of_35__shelved.jpg', 'medium2_url': 'https://images4-a.ravelrycache.com/uploads/VictoriaMKnits/887176511/20221115_1_of_35__medium2.jpg', 'small2_url': 'https://images4-f.ravelrycache.com/uploads/VictoriaMKnits/887176511/20221115_1_of_35__small2.jpg', 'caption': None, 'caption_html': None, 'copyright_holder': None}, {'id': 116855075, 'sort_order': 8, 'user_id': 9529657, 'x_offset': 0, 'y_offset': -22, 'square_url': 'https://images4-g.ravelrycache.com/uploads/VictoriaMKnits/862525301/20220624_2_of_40__square.jpg', 'medium_url': 'https://images4-f.ravelrycache.com/uploads/VictoriaMKnits/862525301/20220624_2_of_40__medium.jpg', 'thumbnail_url': 'https://images4-g.ravelrycache.com/uploads/VictoriaMKnits/862525301/20220624_2_of_40__thumbnail.jpg', 'small_url': 'https://images4-g.ravelrycache.com/uploads/VictoriaMKnits/862525301/20220624_2_of_40__small_best_fit.jpg', 'flickr_url': None, 'shelved_url': 'https://images4-g.ravelrycache.com/uploads/VictoriaMKnits/862525301/20220624_2_of_40__shelved.jpg', 'medium2_url': 'https://images4-a.ravelrycache.com/uploads/VictoriaMKnits/862525301/20220624_2_of_40__medium2.jpg', 'small2_url': 'https://images4-g.ravelrycache.com/uploads/VictoriaMKnits/862525301/20220624_2_of_40__small2.jpg', 'caption': None, 'caption_html': None, 'copyright_holder': None}, {'id': 116855076, 'sort_order': 9, 'user_id': 9529657, 'x_offset': 0, 'y_offset': -22, 'square_url': 'https://images4-g.ravelrycache.com/uploads/VictoriaMKnits/862525300/20220624_20_of_40__square.jpg', 'medium_url': 'https://images4-f.ravelrycache.com/uploads/VictoriaMKnits/862525300/20220624_20_of_40__medium.jpg', 'thumbnail_url': 'https://images4-g.ravelrycache.com/uploads/VictoriaMKnits/862525300/20220624_20_of_40__thumbnail.jpg', 'small_url': 'https://images4-g.ravelrycache.com/uploads/VictoriaMKnits/862525300/20220624_20_of_40__small_best_fit.jpg', 'flickr_url': None, 'shelved_url': 'https://images4-g.ravelrycache.com/uploads/VictoriaMKnits/862525300/20220624_20_of_40__shelved.jpg', 'medium2_url': 'https://images4-a.ravelrycache.com/uploads/VictoriaMKnits/862525300/20220624_20_of_40__medium2.jpg', 'small2_url': 'https://images4-g.ravelrycache.com/uploads/VictoriaMKnits/862525300/20220624_20_of_40__small2.jpg', 'caption': None, 'caption_html': None, 'copyright_holder': None}, {'id': 116855077, 'sort_order': 10, 'user_id': 9529657, 'x_offset': 0, 'y_offset': -22, 'square_url': 'https://images4-g.ravelrycache.com/uploads/VictoriaMKnits/862525307/20220624_26_of_40__square.jpg', 'medium_url': 'https://images4-f.ravelrycache.com/uploads/VictoriaMKnits/862525307/20220624_26_of_40__medium.jpg', 'thumbnail_url': 'https://images4-f.ravelrycache.com/uploads/VictoriaMKnits/862525307/20220624_26_of_40__thumbnail.jpg', 'small_url': 'https://images4-f.ravelrycache.com/uploads/VictoriaMKnits/862525307/20220624_26_of_40__small_best_fit.jpg', 'flickr_url': None, 'shelved_url': 'https://images4-g.ravelrycache.com/uploads/VictoriaMKnits/862525307/20220624_26_of_40__shelved.jpg', 'medium2_url': 'https://images4-a.ravelrycache.com/uploads/VictoriaMKnits/862525307/20220624_26_of_40__medium2.jpg', 'small2_url': 'https://images4-g.ravelrycache.com/uploads/VictoriaMKnits/862525307/20220624_26_of_40__small2.jpg', 'caption': None, 'caption_html': None, 'copyright_holder': None}, {'id': 116855078, 'sort_order': 11, 'user_id': 9529657, 'x_offset': 0, 'y_offset': -22, 'square_url': 'https://images4-f.ravelrycache.com/uploads/VictoriaMKnits/862525303/20220624_23_of_40__square.jpg', 'medium_url': 'https://images4-g.ravelrycache.com/uploads/VictoriaMKnits/862525303/20220624_23_of_40__medium.jpg', 'thumbnail_url': 'https://images4-f.ravelrycache.com/uploads/VictoriaMKnits/862525303/20220624_23_of_40__thumbnail.jpg', 'small_url': 'https://images4-g.ravelrycache.com/uploads/VictoriaMKnits/862525303/20220624_23_of_40__small_best_fit.jpg', 'flickr_url': None, 'shelved_url': 'https://images4-f.ravelrycache.com/uploads/VictoriaMKnits/862525303/20220624_23_of_40__shelved.jpg', 'medium2_url': 'https://images4-a.ravelrycache.com/uploads/VictoriaMKnits/862525303/20220624_23_of_40__medium2.jpg', 'small2_url': 'https://images4-f.ravelrycache.com/uploads/VictoriaMKnits/862525303/20220624_23_of_40__small2.jpg', 'caption': None, 'caption_html': None, 'copyright_holder': None}, {'id': 116855079, 'sort_order': 12, 'user_id': 9529657, 'x_offset': 0, 'y_offset': -22, 'square_url': 'https://images4-f.ravelrycache.com/uploads/VictoriaMKnits/862525309/20220624_5_of_40__square.jpg', 'medium_url': 'https://images4-g.ravelrycache.com/uploads/VictoriaMKnits/862525309/20220624_5_of_40__medium.jpg', 'thumbnail_url': 'https://images4-f.ravelrycache.com/uploads/VictoriaMKnits/862525309/20220624_5_of_40__thumbnail.jpg', 'small_url': 'https://images4-g.ravelrycache.com/uploads/VictoriaMKnits/862525309/20220624_5_of_40__small_best_fit.jpg', 'flickr_url': None, 'shelved_url': 'https://images4-g.ravelrycache.com/uploads/VictoriaMKnits/862525309/20220624_5_of_40__shelved.jpg', 'medium2_url': 'https://images4-a.ravelrycache.com/uploads/VictoriaMKnits/862525309/20220624_5_of_40__medium2.jpg', 'small2_url': 'https://images4-f.ravelrycache.com/uploads/VictoriaMKnits/862525309/20220624_5_of_40__small2.jpg', 'caption': None, 'caption_html': None, 'copyright_holder': None}, {'id': 116855080, 'sort_order': 13, 'user_id': 9529657, 'x_offset': 0, 'y_offset': -22, 'square_url': 'https://images4-f.ravelrycache.com/uploads/VictoriaMKnits/862525298/20220624_39_of_40__square.jpg', 'medium_url': 'https://images4-g.ravelrycache.com/uploads/VictoriaMKnits/862525298/20220624_39_of_40__medium.jpg', 'thumbnail_url': 'https://images4-f.ravelrycache.com/uploads/VictoriaMKnits/862525298/20220624_39_of_40__thumbnail.jpg', 'small_url': 'https://images4-g.ravelrycache.com/uploads/VictoriaMKnits/862525298/20220624_39_of_40__small_best_fit.jpg', 'flickr_url': None, 'shelved_url': 'https://images4-f.ravelrycache.com/uploads/VictoriaMKnits/862525298/20220624_39_of_40__shelved.jpg', 'medium2_url': 'https://images4-a.ravelrycache.com/uploads/VictoriaMKnits/862525298/20220624_39_of_40__medium2.jpg', 'small2_url': 'https://images4-f.ravelrycache.com/uploads/VictoriaMKnits/862525298/20220624_39_of_40__small2.jpg', 'caption': None, 'caption_html': None, 'copyright_holder': None}, {'id': 116855081, 'sort_order': 14, 'user_id': 9529657, 'x_offset': 0, 'y_offset': -22, 'square_url': 'https://images4-f.ravelrycache.com/uploads/VictoriaMKnits/862525302/20220624_32_of_40__square.jpg', 'medium_url': 'https://images4-g.ravelrycache.com/uploads/VictoriaMKnits/862525302/20220624_32_of_40__medium.jpg', 'thumbnail_url': 'https://images4-g.ravelrycache.com/uploads/VictoriaMKnits/862525302/20220624_32_of_40__thumbnail.jpg', 'small_url': 'https://images4-f.ravelrycache.com/uploads/VictoriaMKnits/862525302/20220624_32_of_40__small_best_fit.jpg', 'flickr_url': None, 'shelved_url': 'https://images4-g.ravelrycache.com/uploads/VictoriaMKnits/862525302/20220624_32_of_40__shelved.jpg', 'medium2_url': 'https://images4-a.ravelrycache.com/uploads/VictoriaMKnits/862525302/20220624_32_of_40__medium2.jpg', 'small2_url': 'https://images4-f.ravelrycache.com/uploads/VictoriaMKnits/862525302/20220624_32_of_40__small2.jpg', 'caption': None, 'caption_html': None, 'copyright_holder': None}, {'id': 116855082, 'sort_order': 15, 'user_id': 9529657, 'x_offset': 0, 'y_offset': -22, 'square_url': 'https://images4-f.ravelrycache.com/uploads/VictoriaMKnits/862525299/20220624_17_of_40__square.jpg', 'medium_url': 'https://images4-g.ravelrycache.com/uploads/VictoriaMKnits/862525299/20220624_17_of_40__medium.jpg', 'thumbnail_url': 'https://images4-f.ravelrycache.com/uploads/VictoriaMKnits/862525299/20220624_17_of_40__thumbnail.jpg', 'small_url': 'https://images4-f.ravelrycache.com/uploads/VictoriaMKnits/862525299/20220624_17_of_40__small_best_fit.jpg', 'flickr_url': None, 'shelved_url': 'https://images4-f.ravelrycache.com/uploads/VictoriaMKnits/862525299/20220624_17_of_40__shelved.jpg', 'medium2_url': 'https://images4-a.ravelrycache.com/uploads/VictoriaMKnits/862525299/20220624_17_of_40__medium2.jpg', 'small2_url': 'https://images4-f.ravelrycache.com/uploads/VictoriaMKnits/862525299/20220624_17_of_40__small2.jpg', 'caption': None, 'caption_html': None, 'copyright_holder': None}, {'id': 116855083, 'sort_order': 16, 'user_id': 9529657, 'x_offset': 0, 'y_offset': -22, 'square_url': 'https://images4-g.ravelrycache.com/uploads/VictoriaMKnits/862525305/20220624_36_of_40__square.jpg', 'medium_url': 'https://images4-f.ravelrycache.com/uploads/VictoriaMKnits/862525305/20220624_36_of_40__medium.jpg', 'thumbnail_url': 'https://images4-f.ravelrycache.com/uploads/VictoriaMKnits/862525305/20220624_36_of_40__thumbnail.jpg', 'small_url': 'https://images4-f.ravelrycache.com/uploads/VictoriaMKnits/862525305/20220624_36_of_40__small_best_fit.jpg', 'flickr_url': None, 'shelved_url': 'https://images4-g.ravelrycache.com/uploads/VictoriaMKnits/862525305/20220624_36_of_40__shelved.jpg', 'medium2_url': 'https://images4-a.ravelrycache.com/uploads/VictoriaMKnits/862525305/20220624_36_of_40__medium2.jpg', 'small2_url': 'https://images4-g.ravelrycache.com/uploads/VictoriaMKnits/862525305/20220624_36_of_40__small2.jpg', 'caption': None, 'caption_html': None, 'copyright_holder': None}, {'id': 116855084, 'sort_order': 17, 'user_id': 9529657, 'x_offset': 0, 'y_offset': -43, 'square_url': 'https://images4-f.ravelrycache.com/uploads/VictoriaMKnits/886986220/20221114_18_of_23__square.jpg', 'medium_url': 'https://images4-g.ravelrycache.com/uploads/VictoriaMKnits/886986220/20221114_18_of_23__medium.jpg', 'thumbnail_url': 'https://images4-g.ravelrycache.com/uploads/VictoriaMKnits/886986220/20221114_18_of_23__thumbnail.jpg', 'small_url': 'https://images4-g.ravelrycache.com/uploads/VictoriaMKnits/886986220/20221114_18_of_23__small_best_fit.jpg', 'flickr_url': None, 'shelved_url': 'https://images4-f.ravelrycache.com/uploads/VictoriaMKnits/886986220/20221114_18_of_23__shelved.jpg', 'medium2_url': 'https://images4-a.ravelrycache.com/uploads/VictoriaMKnits/886986220/20221114_18_of_23__medium2.jpg', 'small2_url': 'https://images4-f.ravelrycache.com/uploads/VictoriaMKnits/886986220/20221114_18_of_23__small2.jpg', 'caption': None, 'caption_html': None, 'copyright_holder': None}, {'id': 116855085, 'sort_order': 18, 'user_id': 9529657, 'x_offset': 0, 'y_offset': -43, 'square_url': 'https://images4-f.ravelrycache.com/uploads/VictoriaMKnits/886986216/20221114_10_of_23__square.jpg', 'medium_url': 'https://images4-g.ravelrycache.com/uploads/VictoriaMKnits/886986216/20221114_10_of_23__medium.jpg', 'thumbnail_url': 'https://images4-f.ravelrycache.com/uploads/VictoriaMKnits/886986216/20221114_10_of_23__thumbnail.jpg', 'small_url': 'https://images4-f.ravelrycache.com/uploads/VictoriaMKnits/886986216/20221114_10_of_23__small_best_fit.jpg', 'flickr_url': None, 'shelved_url': 'https://images4-f.ravelrycache.com/uploads/VictoriaMKnits/886986216/20221114_10_of_23__shelved.jpg', 'medium2_url': 'https://images4-a.ravelrycache.com/uploads/VictoriaMKnits/886986216/20221114_10_of_23__medium2.jpg', 'small2_url': 'https://images4-f.ravelrycache.com/uploads/VictoriaMKnits/886986216/20221114_10_of_23__small2.jpg', 'caption': None, 'caption_html': None, 'copyright_holder': None}, {'id': 116855086, 'sort_order': 19, 'user_id': 9529657, 'x_offset': 0, 'y_offset': -43, 'square_url': 'https://images4-g.ravelrycache.com/uploads/VictoriaMKnits/886986222/20221114_12_of_23__square.jpg', 'medium_url': 'https://images4-f.ravelrycache.com/uploads/VictoriaMKnits/886986222/20221114_12_of_23__medium.jpg', 'thumbnail_url': 'https://images4-g.ravelrycache.com/uploads/VictoriaMKnits/886986222/20221114_12_of_23__thumbnail.jpg', 'small_url': 'https://images4-f.ravelrycache.com/uploads/VictoriaMKnits/886986222/20221114_12_of_23__small_best_fit.jpg', 'flickr_url': None, 'shelved_url': 'https://images4-f.ravelrycache.com/uploads/VictoriaMKnits/886986222/20221114_12_of_23__shelved.jpg', 'medium2_url': 'https://images4-a.ravelrycache.com/uploads/VictoriaMKnits/886986222/20221114_12_of_23__medium2.jpg', 'small2_url': 'https://images4-g.ravelrycache.com/uploads/VictoriaMKnits/886986222/20221114_12_of_23__small2.jpg', 'caption': None, 'caption_html': None, 'copyright_holder': None}, {'id': 116855087, 'sort_order': 20, 'user_id': 9529657, 'x_offset': 0, 'y_offset': -43, 'square_url': 'https://images4-g.ravelrycache.com/uploads/VictoriaMKnits/886986218/20221114_22_of_23__square.jpg', 'medium_url': 'https://images4-f.ravelrycache.com/uploads/VictoriaMKnits/886986218/20221114_22_of_23__medium.jpg', 'thumbnail_url': 'https://images4-f.ravelrycache.com/uploads/VictoriaMKnits/886986218/20221114_22_of_23__thumbnail.jpg', 'small_url': 'https://images4-g.ravelrycache.com/uploads/VictoriaMKnits/886986218/20221114_22_of_23__small_best_fit.jpg', 'flickr_url': None, 'shelved_url': 'https://images4-f.ravelrycache.com/uploads/VictoriaMKnits/886986218/20221114_22_of_23__shelved.jpg', 'medium2_url': 'https://images4-a.ravelrycache.com/uploads/VictoriaMKnits/886986218/20221114_22_of_23__medium2.jpg', 'small2_url': 'https://images4-g.ravelrycache.com/uploads/VictoriaMKnits/886986218/20221114_22_of_23__small2.jpg', 'caption': None, 'caption_html': None, 'copyright_holder': None}, {'id': 116855088, 'sort_order': 21, 'user_id': 9529657, 'x_offset': 0, 'y_offset': -43, 'square_url': 'https://images4-f.ravelrycache.com/uploads/VictoriaMKnits/886986215/20221114_16_of_23__square.jpg', 'medium_url': 'https://images4-g.ravelrycache.com/uploads/VictoriaMKnits/886986215/20221114_16_of_23__medium.jpg', 'thumbnail_url': 'https://images4-g.ravelrycache.com/uploads/VictoriaMKnits/886986215/20221114_16_of_23__thumbnail.jpg', 'small_url': 'https://images4-f.ravelrycache.com/uploads/VictoriaMKnits/886986215/20221114_16_of_23__small_best_fit.jpg', 'flickr_url': None, 'shelved_url': 'https://images4-g.ravelrycache.com/uploads/VictoriaMKnits/886986215/20221114_16_of_23__shelved.jpg', 'medium2_url': 'https://images4-a.ravelrycache.com/uploads/VictoriaMKnits/886986215/20221114_16_of_23__medium2.jpg', 'small2_url': 'https://images4-f.ravelrycache.com/uploads/VictoriaMKnits/886986215/20221114_16_of_23__small2.jpg', 'caption': None, 'caption_html': None, 'copyright_holder': None}, {'id': 116855089, 'sort_order': 22, 'user_id': 9529657, 'x_offset': 0, 'y_offset': -43, 'square_url': 'https://images4-g.ravelrycache.com/uploads/VictoriaMKnits/886986451/20221110_4_of_6__square.jpg', 'medium_url': 'https://images4-f.ravelrycache.com/uploads/VictoriaMKnits/886986451/20221110_4_of_6__medium.jpg', 'thumbnail_url': 'https://images4-f.ravelrycache.com/uploads/VictoriaMKnits/886986451/20221110_4_of_6__thumbnail.jpg', 'small_url': 'https://images4-g.ravelrycache.com/uploads/VictoriaMKnits/886986451/20221110_4_of_6__small_best_fit.jpg', 'flickr_url': None, 'shelved_url': 'https://images4-g.ravelrycache.com/uploads/VictoriaMKnits/886986451/20221110_4_of_6__shelved.jpg', 'medium2_url': 'https://images4-a.ravelrycache.com/uploads/VictoriaMKnits/886986451/20221110_4_of_6__medium2.jpg', 'small2_url': 'https://images4-g.ravelrycache.com/uploads/VictoriaMKnits/886986451/20221110_4_of_6__small2.jpg', 'caption': None, 'caption_html': None, 'copyright_holder': None}, {'id': 116855090, 'sort_order': 23, 'user_id': 9529657, 'x_offset': 0, 'y_offset': -43, 'square_url': 'https://images4-f.ravelrycache.com/uploads/VictoriaMKnits/887176536/20221115_4_of_35__square.jpg', 'medium_url': 'https://images4-g.ravelrycache.com/uploads/VictoriaMKnits/887176536/20221115_4_of_35__medium.jpg', 'thumbnail_url': 'https://images4-g.ravelrycache.com/uploads/VictoriaMKnits/887176536/20221115_4_of_35__thumbnail.jpg', 'small_url': 'https://images4-f.ravelrycache.com/uploads/VictoriaMKnits/887176536/20221115_4_of_35__small_best_fit.jpg', 'flickr_url': None, 'shelved_url': 'https://images4-g.ravelrycache.com/uploads/VictoriaMKnits/887176536/20221115_4_of_35__shelved.jpg', 'medium2_url': 'https://images4-a.ravelrycache.com/uploads/VictoriaMKnits/887176536/20221115_4_of_35__medium2.jpg', 'small2_url': 'https://images4-f.ravelrycache.com/uploads/VictoriaMKnits/887176536/20221115_4_of_35__small2.jpg', 'caption': None, 'caption_html': None, 'copyright_holder': None}, {'id': 116855091, 'sort_order': 24, 'user_id': 9529657, 'x_offset': 0, 'y_offset': -43, 'square_url': 'https://images4-f.ravelrycache.com/uploads/VictoriaMKnits/887176557/20221115_12_of_35__square.jpg', 'medium_url': 'https://images4-g.ravelrycache.com/uploads/VictoriaMKnits/887176557/20221115_12_of_35__medium.jpg', 'thumbnail_url': 'https://images4-g.ravelrycache.com/uploads/VictoriaMKnits/887176557/20221115_12_of_35__thumbnail.jpg', 'small_url': 'https://images4-f.ravelrycache.com/uploads/VictoriaMKnits/887176557/20221115_12_of_35__small_best_fit.jpg', 'flickr_url': None, 'shelved_url': 'https://images4-g.ravelrycache.com/uploads/VictoriaMKnits/887176557/20221115_12_of_35__shelved.jpg', 'medium2_url': 'https://images4-a.ravelrycache.com/uploads/VictoriaMKnits/887176557/20221115_12_of_35__medium2.jpg', 'small2_url': 'https://images4-f.ravelrycache.com/uploads/VictoriaMKnits/887176557/20221115_12_of_35__small2.jpg', 'caption': None, 'caption_html': None, 'copyright_holder': None}, {'id': 116855092, 'sort_order': 25, 'user_id': 9529657, 'x_offset': 0, 'y_offset': -43, 'square_url': 'https://images4-g.ravelrycache.com/uploads/VictoriaMKnits/887176581/20221115_14_of_35__square.jpg', 'medium_url': 'https://images4-f.ravelrycache.com/uploads/VictoriaMKnits/887176581/20221115_14_of_35__medium.jpg', 'thumbnail_url': 'https://images4-g.ravelrycache.com/uploads/VictoriaMKnits/887176581/20221115_14_of_35__thumbnail.jpg', 'small_url': 'https://images4-f.ravelrycache.com/uploads/VictoriaMKnits/887176581/20221115_14_of_35__small_best_fit.jpg', 'flickr_url': None, 'shelved_url': 'https://images4-g.ravelrycache.com/uploads/VictoriaMKnits/887176581/20221115_14_of_35__shelved.jpg', 'medium2_url': 'https://images4-a.ravelrycache.com/uploads/VictoriaMKnits/887176581/20221115_14_of_35__medium2.jpg', 'small2_url': 'https://images4-g.ravelrycache.com/uploads/VictoriaMKnits/887176581/20221115_14_of_35__small2.jpg', 'caption': None, 'caption_html': None, 'copyright_holder': None}, {'id': 116855093, 'sort_order': 26, 'user_id': 9529657, 'x_offset': 0, 'y_offset': -43, 'square_url': 'https://images4-g.ravelrycache.com/uploads/VictoriaMKnits/887176611/20221115_20_of_35__square.jpg', 'medium_url': 'https://images4-f.ravelrycache.com/uploads/VictoriaMKnits/887176611/20221115_20_of_35__medium.jpg', 'thumbnail_url': 'https://images4-f.ravelrycache.com/uploads/VictoriaMKnits/887176611/20221115_20_of_35__thumbnail.jpg', 'small_url': 'https://images4-f.ravelrycache.com/uploads/VictoriaMKnits/887176611/20221115_20_of_35__small_best_fit.jpg', 'flickr_url': None, 'shelved_url': 'https://images4-f.ravelrycache.com/uploads/VictoriaMKnits/887176611/20221115_20_of_35__shelved.jpg', 'medium2_url': 'https://images4-a.ravelrycache.com/uploads/VictoriaMKnits/887176611/20221115_20_of_35__medium2.jpg', 'small2_url': 'https://images4-g.ravelrycache.com/uploads/VictoriaMKnits/887176611/20221115_20_of_35__small2.jpg', 'caption': None, 'caption_html': None, 'copyright_holder': None}, {'id': 116855094, 'sort_order': 27, 'user_id': 9529657, 'x_offset': 0, 'y_offset': -43, 'square_url': 'https://images4-f.ravelrycache.com/uploads/VictoriaMKnits/887176672/20221115_22_of_35__square.jpg', 'medium_url': 'https://images4-g.ravelrycache.com/uploads/VictoriaMKnits/887176672/20221115_22_of_35__medium.jpg', 'thumbnail_url': 'https://images4-g.ravelrycache.com/uploads/VictoriaMKnits/887176672/20221115_22_of_35__thumbnail.jpg', 'small_url': 'https://images4-g.ravelrycache.com/uploads/VictoriaMKnits/887176672/20221115_22_of_35__small_best_fit.jpg', 'flickr_url': None, 'shelved_url': 'https://images4-g.ravelrycache.com/uploads/VictoriaMKnits/887176672/20221115_22_of_35__shelved.jpg', 'medium2_url': 'https://images4-a.ravelrycache.com/uploads/VictoriaMKnits/887176672/20221115_22_of_35__medium2.jpg', 'small2_url': 'https://images4-f.ravelrycache.com/uploads/VictoriaMKnits/887176672/20221115_22_of_35__small2.jpg', 'caption': None, 'caption_html': None, 'copyright_holder': None}, {'id': 116855095, 'sort_order': 28, 'user_id': 9529657, 'x_offset': 0, 'y_offset': -43, 'square_url': 'https://images4-g.ravelrycache.com/uploads/VictoriaMKnits/887176706/20221115_30_of_35__square.jpg', 'medium_url': 'https://images4-f.ravelrycache.com/uploads/VictoriaMKnits/887176706/20221115_30_of_35__medium.jpg', 'thumbnail_url': 'https://images4-f.ravelrycache.com/uploads/VictoriaMKnits/887176706/20221115_30_of_35__thumbnail.jpg', 'small_url': 'https://images4-g.ravelrycache.com/uploads/VictoriaMKnits/887176706/20221115_30_of_35__small_best_fit.jpg', 'flickr_url': None, 'shelved_url': 'https://images4-g.ravelrycache.com/uploads/VictoriaMKnits/887176706/20221115_30_of_35__shelved.jpg', 'medium2_url': 'https://images4-a.ravelrycache.com/uploads/VictoriaMKnits/887176706/20221115_30_of_35__medium2.jpg', 'small2_url': 'https://images4-g.ravelrycache.com/uploads/VictoriaMKnits/887176706/20221115_30_of_35__small2.jpg', 'caption': None, 'caption_html': None, 'copyright_holder': None}, {'id': 116855096, 'sort_order': 29, 'user_id': 9529657, 'x_offset': 0, 'y_offset': -43, 'square_url': 'https://images4-g.ravelrycache.com/uploads/VictoriaMKnits/887176725/20221115_33_of_35__square.jpg', 'medium_url': 'https://images4-f.ravelrycache.com/uploads/VictoriaMKnits/887176725/20221115_33_of_35__medium.jpg', 'thumbnail_url': 'https://images4-f.ravelrycache.com/uploads/VictoriaMKnits/887176725/20221115_33_of_35__thumbnail.jpg', 'small_url': 'https://images4-g.ravelrycache.com/uploads/VictoriaMKnits/887176725/20221115_33_of_35__small_best_fit.jpg', 'flickr_url': None, 'shelved_url': 'https://images4-g.ravelrycache.com/uploads/VictoriaMKnits/887176725/20221115_33_of_35__shelved.jpg', 'medium2_url': 'https://images4-a.ravelrycache.com/uploads/VictoriaMKnits/887176725/20221115_33_of_35__medium2.jpg', 'small2_url': 'https://images4-g.ravelrycache.com/uploads/VictoriaMKnits/887176725/20221115_33_of_35__small2.jpg', 'caption': None, 'caption_html': None, 'copyright_holder': None}]"
Everything Sweater,Todwick Studios,1289243,https://www.ravelry.com/patterns/library/everything-sweater-2,False,https://images4-a.ravelrycache.com/uploads/RuthGallo/887773383/Everything-1200x885_medium2.jpg,Knitting,"['one-piece', 'seamless', 'short-rows', 'top-down', 'in-the-round']",15.0,0.0,True,4.0,,pullover,Bulky,1,0.0,"S-XXL 40"" - 53"" Bust ","[{'id': 116872274, 'sort_order': 1, 'user_id': 174880, 'x_offset': -4, 'y_offset': -35, 'square_url': 'https://images4-f.ravelrycache.com/uploads/RuthGallo/887773383/Everything-1200x885_square.jpg', 'medium_url': 'https://images4-g.ravelrycache.com/uploads/RuthGallo/887773383/Everything-1200x885_medium.jpg', 'thumbnail_url': 'https://images4-f.ravelrycache.com/uploads/RuthGallo/887773383/Everything-1200x885_thumbnail.jpg', 'small_url': 'https://images4-g.ravelrycache.com/uploads/RuthGallo/887773383/Everything-1200x885_small.jpg', 'flickr_url': None, 'shelved_url': 'https://images4-g.ravelrycache.com/uploads/RuthGallo/887773383/Everything-1200x885_shelved.jpg', 'medium2_url': 'https://images4-a.ravelrycache.com/uploads/RuthGallo/887773383/Everything-1200x885_medium2.jpg', 'small2_url': 'https://images4-f.ravelrycache.com/uploads/RuthGallo/887773383/Everything-1200x885_small2.jpg', 'caption': None, 'caption_html': None, 'copyright_holder': None}, {'id': 116872275, 'sort_order': 2, 'user_id': 174880, 'x_offset': 0, 'y_offset': 0, 'square_url': 'https://images4-f.ravelrycache.com/uploads/RuthGallo/887773378/Everything-885x885_square.jpg', 'medium_url': 'https://images4-g.ravelrycache.com/uploads/RuthGallo/887773378/Everything-885x885_medium.jpg', 'thumbnail_url': 'https://images4-f.ravelrycache.com/uploads/RuthGallo/887773378/Everything-885x885_thumbnail.jpg', 'small_url': 'https://images4-g.ravelrycache.com/uploads/RuthGallo/887773378/Everything-885x885_small_best_fit.jpg', 'flickr_url': None, 'shelved_url': 'https://images4-f.ravelrycache.com/uploads/RuthGallo/887773378/Everything-885x885_shelved.jpg', 'medium2_url': 'https://images4-a.ravelrycache.com/uploads/RuthGallo/887773378/Everything-885x885_medium2.jpg', 'small2_url': 'https://images4-f.ravelrycache.com/uploads/RuthGallo/887773378/Everything-885x885_small2.jpg', 'caption': None, 'caption_html': None, 'copyright_holder': None}, {'id': 116872276, 'sort_order': 3, 'user_id': 174880, 'x_offset': 0, 'y_offset': 0, 'square_url': 'https://images4-g.ravelrycache.com/uploads/RuthGallo/887773377/Everything-Turtleneck__885x885_square.jpg', 'medium_url': 'https://images4-f.ravelrycache.com/uploads/RuthGallo/887773377/Everything-Turtleneck__885x885_medium.jpg', 'thumbnail_url': 'https://images4-g.ravelrycache.com/uploads/RuthGallo/887773377/Everything-Turtleneck__885x885_thumbnail.jpg', 'small_url': 'https://images4-g.ravelrycache.com/uploads/RuthGallo/887773377/Everything-Turtleneck__885x885_small_best_fit.jpg', 'flickr_url': None, 'shelved_url': 'https://images4-f.ravelrycache.com/uploads/RuthGallo/887773377/Everything-Turtleneck__885x885_shelved.jpg', 'medium2_url': 'https://images4-a.ravelrycache.com/uploads/RuthGallo/887773377/Everything-Turtleneck__885x885_medium2.jpg', 'small2_url': 'https://images4-g.ravelrycache.com/uploads/RuthGallo/887773377/Everything-Turtleneck__885x885_small2.jpg', 'caption': None, 'caption_html': None, 'copyright_holder': None}, {'id': 116872277, 'sort_order': 4, 'user_id': 174880, 'x_offset': -42, 'y_offset': 0, 'square_url': 'https://images4-f.ravelrycache.com/uploads/RuthGallo/887773375/Everything-detail-600x402_square.jpg', 'medium_url': 'https://images4-g.ravelrycache.com/uploads/RuthGallo/887773375/Everything-detail-600x402_medium.jpg', 'thumbnail_url': 'https://images4-g.ravelrycache.com/uploads/RuthGallo/887773375/Everything-detail-600x402_thumbnail.jpg', 'small_url': 'https://images4-g.ravelrycache.com/uploads/RuthGallo/887773375/Everything-detail-600x402_small_best_fit.jpg', 'flickr_url': None, 'shelved_url': 'https://images4-g.ravelrycache.com/uploads/RuthGallo/887773375/Everything-detail-600x402_shelved.jpg', 'medium2_url': 'https://images4-a.ravelrycache.com/uploads/RuthGallo/887773375/Everything-detail-600x402_medium2.jpg', 'small2_url': 'https://images4-f.ravelrycache.com/uploads/RuthGallo/887773375/Everything-detail-600x402_small2.jpg', 'caption': None, 'caption_html': None, 'copyright_holder': None}]"
Naavaneule Lite,Villahullu,1289253,https://www.ravelry.com/patterns/library/naavaneule-lite,False,https://images4-a.ravelrycache.com/uploads/villahullu/887783497/IMG_20220128_133334_medium2.jpg,Knitting,"['stranded', 'icord', 'bottom-up', 'in-the-round', 'circular-yoke']",18.0,0.0,True,4.0,stockinette stitch,pullover,Aran,8,0.0,"XXS, XS, S, M, L, XL, XXL","[{'id': 116873061, 'sort_order': 1, 'user_id': 10021084, 'x_offset': -5, 'y_offset': -35, 'square_url': 'https://images4-g.ravelrycache.com/uploads/villahullu/887783497/IMG_20220128_133334_square.jpg', 'medium_url': 'https://images4-f.ravelrycache.com/uploads/villahullu/887783497/IMG_20220128_133334_medium.jpg', 'thumbnail_url': 'https://images4-f.ravelrycache.com/uploads/villahullu/887783497/IMG_20220128_133334_thumbnail.jpg', 'small_url': 'https://images4-f.ravelrycache.com/uploads/villahullu/887783497/IMG_20220128_133334_small.jpg', 'flickr_url': None, 'shelved_url': 'https://images4-f.ravelrycache.com/uploads/villahullu/887783497/IMG_20220128_133334_shelved.jpg', 'medium2_url': 'https://images4-a.ravelrycache.com/uploads/villahullu/887783497/IMG_20220128_133334_medium2.jpg', 'small2_url': 'https://images4-g.ravelrycache.com/uploads/villahullu/887783497/IMG_20220128_133334_small2.jpg', 'caption': None, 'caption_html': None, 'copyright_holder': None}, {'id': 116873062, 'sort_order': 2, 'user_id': 10021084, 'x_offset': 0, 'y_offset': -22, 'square_url': 'https://images4-f.ravelrycache.com/uploads/villahullu/887782409/IMG_20220213_192907_191_square.jpg', 'medium_url': 'https://images4-g.ravelrycache.com/uploads/villahullu/887782409/IMG_20220213_192907_191_medium.jpg', 'thumbnail_url': 'https://images4-f.ravelrycache.com/uploads/villahullu/887782409/IMG_20220213_192907_191_thumbnail.jpg', 'small_url': 'https://images4-f.ravelrycache.com/uploads/villahullu/887782409/IMG_20220213_192907_191_small_best_fit.jpg', 'flickr_url': None, 'shelved_url': 'https://images4-f.ravelrycache.com/uploads/villahullu/887782409/IMG_20220213_192907_191_shelved.jpg', 'medium2_url': 'https://images4-a.ravelrycache.com/uploads/villahullu/887782409/IMG_20220213_192907_191_medium2.jpg', 'small2_url': 'https://images4-f.ravelrycache.com/uploads/villahullu/887782409/IMG_20220213_192907_191_small2.jpg', 'caption': None, 'caption_html': None, 'copyright_holder': None}, {'id': 116873063, 'sort_order': 3, 'user_id': 10021084, 'x_offset': 0, 'y_offset': -22, 'square_url': 'https://images4-g.ravelrycache.com/uploads/villahullu/887782408/IMG_20220123_155424_683_square.jpg', 'medium_url': 'https://images4-f.ravelrycache.com/uploads/villahullu/887782408/IMG_20220123_155424_683_medium.jpg', 'thumbnail_url': 'https://images4-g.ravelrycache.com/uploads/villahullu/887782408/IMG_20220123_155424_683_thumbnail.jpg', 'small_url': 'https://images4-f.ravelrycache.com/uploads/villahullu/887782408/IMG_20220123_155424_683_small_best_fit.jpg', 'flickr_url': None, 'shelved_url': 'https://images4-g.ravelrycache.com/uploads/villahullu/887782408/IMG_20220123_155424_683_shelved.jpg', 'medium2_url': 'https://images4-a.ravelrycache.com/uploads/villahullu/887782408/IMG_20220123_155424_683_medium2.jpg', 'small2_url': 'https://images4-g.ravelrycache.com/uploads/villahullu/887782408/IMG_20220123_155424_683_small2.jpg', 'caption': None, 'caption_html': None, 'copyright_holder': None}, {'id': 116873064, 'sort_order': 4, 'user_id': 10021084, 'x_offset': -1, 'y_offset': -44, 'square_url': 'https://images4-g.ravelrycache.com/uploads/villahullu/887782389/OI000435_square.jpg', 'medium_url': 'https://images4-f.ravelrycache.com/uploads/villahullu/887782389/OI000435_medium.jpg', 'thumbnail_url': 'https://images4-f.ravelrycache.com/uploads/villahullu/887782389/OI000435_thumbnail.jpg', 'small_url': 'https://images4-f.ravelrycache.com/uploads/villahullu/887782389/OI000435_small_best_fit.jpg', 'flickr_url': None, 'shelved_url': 'https://images4-f.ravelrycache.com/uploads/villahullu/887782389/OI000435_shelved.jpg', 'medium2_url': 'https://images4-a.ravelrycache.com/uploads/villahullu/887782389/OI000435_medium2.jpg', 'small2_url': 'https://images4-g.ravelrycache.com/uploads/villahullu/887782389/OI000435_small2.jpg', 'caption': None, 'caption_html': None, 'copyright_holder': None}, {'id': 116873065, 'sort_order': 5, 'user_id': 10021084, 'x_offset': -5, 'y_offset': -35, 'square_url': 'https://images4-g.ravelrycache.com/uploads/villahullu/887782421/IMG_20220212_114944_623_square.jpg', 'medium_url': 'https://images4-f.ravelrycache.com/uploads/villahullu/887782421/IMG_20220212_114944_623_medium.jpg', 'thumbnail_url': 'https://images4-g.ravelrycache.com/uploads/villahullu/887782421/IMG_20220212_114944_623_thumbnail.jpg', 'small_url': 'https://images4-f.ravelrycache.com/uploads/villahullu/887782421/IMG_20220212_114944_623_small.jpg', 'flickr_url': None, 'shelved_url': 'https://images4-g.ravelrycache.com/uploads/villahullu/887782421/IMG_20220212_114944_623_shelved.jpg', 'medium2_url': 'https://images4-a.ravelrycache.com/uploads/villahullu/887782421/IMG_20220212_114944_623_medium2.jpg', 'small2_url': 'https://images4-g.ravelrycache.com/uploads/villahullu/887782421/IMG_20220212_114944_623_small2.jpg', 'caption': None, 'caption_html': None, 'copyright_holder': None}, {'id': 116873066, 'sort_order': 6, 'user_id': 10021084, 'x_offset': 0, 'y_offset': -22, 'square_url': 'https://images4-g.ravelrycache.com/uploads/villahullu/887782440/IMG_20220131_212652_764_square.jpg', 'medium_url': 'https://images4-f.ravelrycache.com/uploads/villahullu/887782440/IMG_20220131_212652_764_medium.jpg', 'thumbnail_url': 'https://images4-f.ravelrycache.com/uploads/villahullu/887782440/IMG_20220131_212652_764_thumbnail.jpg', 'small_url': 'https://images4-f.ravelrycache.com/uploads/villahullu/887782440/IMG_20220131_212652_764_small_best_fit.jpg', 'flickr_url': None, 'shelved_url': 'https://images4-f.ravelrycache.com/uploads/villahullu/887782440/IMG_20220131_212652_764_shelved.jpg', 'medium2_url': 'https://images4-a.ravelrycache.com/uploads/villahullu/887782440/IMG_20220131_212652_764_medium2.jpg', 'small2_url': 'https://images4-g.ravelrycache.com/uploads/villahullu/887782440/IMG_20220131_212652_764_small2.jpg', 'caption': None, 'caption_html': None, 'copyright_holder': None}]"
Fever Dreamin',Archana Laxmisan,1289317,https://www.ravelry.com/patterns/library/fever-dreamin,False,https://images4-a.ravelrycache.com/uploads/tiedupwithstring/887610470/IMG_2774_medium2.jpeg,Knitting,"['female', 'adult', 'v-neck', 'saddle-shoulder', 'stranded', 'short-rows', 'top-down', 'positive-ease', 'chart']",24.0,0.0,True,4.0,Stockinette,pullover,Worsted,4,0.0,"36, 38, 40, 42, 44, 46, 48, 50, 52, 54","[{'id': 116879056, 'sort_order': 1, 'user_id': 11595, 'x_offset': -12, 'y_offset': 0, 'square_url': 'https://images4-g.ravelrycache.com/uploads/tiedupwithstring/887610470/IMG_2774_square.jpeg', 'medium_url': 'https://images4-g.ravelrycache.com/uploads/tiedupwithstring/887610470/IMG_2774_medium.jpeg', 'thumbnail_url': 'https://images4-g.ravelrycache.com/uploads/tiedupwithstring/887610470/IMG_2774_thumbnail.jpeg', 'small_url': 'https://images4-f.ravelrycache.com/uploads/tiedupwithstring/887610470/IMG_2774_small_best_fit.jpeg', 'flickr_url': None, 'shelved_url': 'https://images4-g.ravelrycache.com/uploads/tiedupwithstring/887610470/IMG_2774_shelved.jpeg', 'medium2_url': 'https://images4-a.ravelrycache.com/uploads/tiedupwithstring/887610470/IMG_2774_medium2.jpeg', 'small2_url': 'https://images4-f.ravelrycache.com/uploads/tiedupwithstring/887610470/IMG_2774_small2.jpeg', 'caption': None, 'caption_html': None, 'copyright_holder': None}, {'id': 122619774, 'sort_order': 2, 'user_id': 332189, 'x_offset': 0, 'y_offset': -35, 'square_url': 'https://images4-g.ravelrycache.com/uploads/willowbyrn/919614241/20230418_144200_square.jpg', 'medium_url': 'https://images4-f.ravelrycache.com/uploads/willowbyrn/919614241/20230418_144200_medium.jpg', 'thumbnail_url': 'https://images4-g.ravelrycache.com/uploads/willowbyrn/919614241/20230418_144200_thumbnail.jpg', 'small_url': 'https://images4-g.ravelrycache.com/uploads/willowbyrn/919614241/20230418_144200_small.jpg', 'flickr_url': None, 'shelved_url': 'https://images4-g.ravelrycache.com/uploads/willowbyrn/919614241/20230418_144200_shelved.jpg', 'medium2_url': 'https://images4-a.ravelrycache.com/uploads/willowbyrn/919614241/20230418_144200_medium2.jpg', 'small2_url': 'https://images4-g.ravelrycache.com/uploads/willowbyrn/919614241/20230418_144200_small2.jpg', 'caption': None, 'caption_html': None, 'copyright_holder': None}, {'id': 116879057, 'sort_order': 3, 'user_id': 11595, 'x_offset': 0, 'y_offset': -139, 'square_url': 'https://images4-f.ravelrycache.com/uploads/tiedupwithstring/884925528/EBB3BC96-6803-4047-9187-DDDB56219CAB_2_square.jpg', 'medium_url': 'https://images4-g.ravelrycache.com/uploads/tiedupwithstring/884925528/EBB3BC96-6803-4047-9187-DDDB56219CAB_2_medium.jpg', 'thumbnail_url': 'https://images4-f.ravelrycache.com/uploads/tiedupwithstring/884925528/EBB3BC96-6803-4047-9187-DDDB56219CAB_2_thumbnail.jpg', 'small_url': 'https://images4-f.ravelrycache.com/uploads/tiedupwithstring/884925528/EBB3BC96-6803-4047-9187-DDDB56219CAB_2_small_best_fit.jpg', 'flickr_url': None, 'shelved_url': 'https://images4-g.ravelrycache.com/uploads/tiedupwithstring/884925528/EBB3BC96-6803-4047-9187-DDDB56219CAB_2_shelved.jpg', 'medium2_url': 'https://images4-a.ravelrycache.com/uploads/tiedupwithstring/884925528/EBB3BC96-6803-4047-9187-DDDB56219CAB_2_medium2.jpg', 'small2_url': 'https://images4-f.ravelrycache.com/uploads/tiedupwithstring/884925528/EBB3BC96-6803-4047-9187-DDDB56219CAB_2_small2.jpg', 'caption': None, 'caption_html': None, 'copyright_holder': None}, {'id': 119198176, 'sort_order': 4, 'user_id': 8245396, 'x_offset': -5, 'y_offset': -35, 'square_url': 'https://images4-f.ravelrycache.com/uploads/Wardrobemadebyme/889083406/8E112A8A-7E78-4D49-9928-3FEEF10B80FE_square.jpeg', 'medium_url': 'https://images4-f.ravelrycache.com/uploads/Wardrobemadebyme/889083406/8E112A8A-7E78-4D49-9928-3FEEF10B80FE_medium.jpeg', 'thumbnail_url': 'https://images4-g.ravelrycache.com/uploads/Wardrobemadebyme/889083406/8E112A8A-7E78-4D49-9928-3FEEF10B80FE_thumbnail.jpeg', 'small_url': 'https://images4-g.ravelrycache.com/uploads/Wardrobemadebyme/889083406/8E112A8A-7E78-4D49-9928-3FEEF10B80FE_small.jpeg', 'flickr_url': None, 'shelved_url': 'https://images4-f.ravelrycache.com/uploads/Wardrobemadebyme/889083406/8E112A8A-7E78-4D49-9928-3FEEF10B80FE_shelved.jpeg', 'medium2_url': 'https://images4-a.ravelrycache.com/uploads/Wardrobemadebyme/889083406/8E112A8A-7E78-4D49-9928-3FEEF10B80FE_medium2.jpeg', 'small2_url': 'https://images4-g.ravelrycache.com/uploads/Wardrobemadebyme/889083406/8E112A8A-7E78-4D49-9928-3FEEF10B80FE_small2.jpeg', 'caption': None, 'caption_html': None, 'copyright_holder': None}, {'id': 116879058, 'sort_order': 5, 'user_id': 11595, 'x_offset': -7, 'y_offset': -39, 'square_url': 'https://images4-g.ravelrycache.com/uploads/tiedupwithstring/884925522/324ACC23-AFDC-42F5-AB8A-F20E13447847_square.JPG', 'medium_url': 'https://images4-f.ravelrycache.com/uploads/tiedupwithstring/884925522/324ACC23-AFDC-42F5-AB8A-F20E13447847_medium.JPG', 'thumbnail_url': 'https://images4-f.ravelrycache.com/uploads/tiedupwithstring/884925522/324ACC23-AFDC-42F5-AB8A-F20E13447847_thumbnail.JPG', 'small_url': 'https://images4-g.ravelrycache.com/uploads/tiedupwithstring/884925522/324ACC23-AFDC-42F5-AB8A-F20E13447847_small_best_fit.JPG', 'flickr_url': None, 'shelved_url': 'https://images4-g.ravelrycache.com/uploads/tiedupwithstring/884925522/324ACC23-AFDC-42F5-AB8A-F20E13447847_shelved.JPG', 'medium2_url': 'https://images4-a.ravelrycache.com/uploads/tiedupwithstring/884925522/324ACC23-AFDC-42F5-AB8A-F20E13447847_medium2.JPG', 'small2_url': 'https://images4-g.ravelrycache.com/uploads/tiedupwithstring/884925522/324ACC23-AFDC-42F5-AB8A-F20E13447847_small2.JPG', 'caption': None, 'caption_html': None, 'copyright_holder': None}, {'id': 116879059, 'sort_order': 6, 'user_id': 11595, 'x_offset': -4, 'y_offset': -1, 'square_url': 'https://images4-g.ravelrycache.com/uploads/tiedupwithstring/884925523/E8DA2B15-08CD-4AF6-A735-365E1421E4B2_square.JPG', 'medium_url': 'https://images4-f.ravelrycache.com/uploads/tiedupwithstring/884925523/E8DA2B15-08CD-4AF6-A735-365E1421E4B2_medium.JPG', 'thumbnail_url': 'https://images4-g.ravelrycache.com/uploads/tiedupwithstring/884925523/E8DA2B15-08CD-4AF6-A735-365E1421E4B2_thumbnail.JPG', 'small_url': 'https://images4-f.ravelrycache.com/uploads/tiedupwithstring/884925523/E8DA2B15-08CD-4AF6-A735-365E1421E4B2_small_best_fit.JPG', 'flickr_url': None, 'shelved_url': 'https://images4-g.ravelrycache.com/uploads/tiedupwithstring/884925523/E8DA2B15-08CD-4AF6-A735-365E1421E4B2_shelved.JPG', 'medium2_url': 'https://images4-a.ravelrycache.com/uploads/tiedupwithstring/884925523/E8DA2B15-08CD-4AF6-A735-365E1421E4B2_medium2.JPG', 'small2_url': 'https://images4-g.ravelrycache.com/uploads/tiedupwithstring/884925523/E8DA2B15-08CD-4AF6-A735-365E1421E4B2_small2.JPG', 'caption': None, 'caption_html': None, 'copyright_holder': None}, {'id': 116879060, 'sort_order': 7, 'user_id': 11595, 'x_offset': 0, 'y_offset': -22, 'square_url': 'https://images4-f.ravelrycache.com/uploads/tiedupwithstring/884925524/F3557690-BF28-47B9-8AE5-D72EA48141C4_2_square.JPG', 'medium_url': 'https://images4-g.ravelrycache.com/uploads/tiedupwithstring/884925524/F3557690-BF28-47B9-8AE5-D72EA48141C4_2_medium.JPG', 'thumbnail_url': 'https://images4-g.ravelrycache.com/uploads/tiedupwithstring/884925524/F3557690-BF28-47B9-8AE5-D72EA48141C4_2_thumbnail.JPG', 'small_url': 'https://images4-f.ravelrycache.com/uploads/tiedupwithstring/884925524/F3557690-BF28-47B9-8AE5-D72EA48141C4_2_small_best_fit.JPG', 'flickr_url': None, 'shelved_url': 'https://images4-f.ravelrycache.com/uploads/tiedupwithstring/884925524/F3557690-BF28-47B9-8AE5-D72EA48141C4_2_shelved.JPG', 'medium2_url': 'https://images4-a.ravelrycache.com/uploads/tiedupwithstring/884925524/F3557690-BF28-47B9-8AE5-D72EA48141C4_2_medium2.JPG', 'small2_url': 'https://images4-f.ravelrycache.com/uploads/tiedupwithstring/884925524/F3557690-BF28-47B9-8AE5-D72EA48141C4_2_small2.JPG', 'caption': None, 'caption_html': None, 'copyright_holder': None}, {'id': 116879061, 'sort_order': 8, 'user_id': 11595, 'x_offset': 0, 'y_offset': -22, 'square_url': 'https://images4-f.ravelrycache.com/uploads/tiedupwithstring/884925529/C41F7466-6769-4356-9A46-4BA6907A1BF7_2_square.JPG', 'medium_url': 'https://images4-g.ravelrycache.com/uploads/tiedupwithstring/884925529/C41F7466-6769-4356-9A46-4BA6907A1BF7_2_medium.JPG', 'thumbnail_url': 'https://images4-g.ravelrycache.com/uploads/tiedupwithstring/884925529/C41F7466-6769-4356-9A46-4BA6907A1BF7_2_thumbnail.JPG', 'small_url': 'https://images4-f.ravelrycache.com/uploads/tiedupwithstring/884925529/C41F7466-6769-4356-9A46-4BA6907A1BF7_2_small_best_fit.JPG', 'flickr_url': None, 'shelved_url': 'https://images4-f.ravelrycache.com/uploads/tiedupwithstring/884925529/C41F7466-6769-4356-9A46-4BA6907A1BF7_2_shelved.JPG', 'medium2_url': 'https://images4-a.ravelrycache.com/uploads/tiedupwithstring/884925529/C41F7466-6769-4356-9A46-4BA6907A1BF7_2_medium2.JPG', 'small2_url': 'https://images4-f.ravelrycache.com/uploads/tiedupwithstring/884925529/C41F7466-6769-4356-9A46-4BA6907A1BF7_2_small2.JPG', 'caption': None, 'caption_html': None, 'copyright_holder': None}, {'id': 116879062, 'sort_order': 9, 'user_id': 11595, 'x_offset': 0, 'y_offset': -22, 'square_url': 'https://images4-f.ravelrycache.com/uploads/tiedupwithstring/884925527/72A341D6-F63E-4185-8A7D-1B8E98C2B096_2_square.JPG', 'medium_url': 'https://images4-g.ravelrycache.com/uploads/tiedupwithstring/884925527/72A341D6-F63E-4185-8A7D-1B8E98C2B096_2_medium.JPG', 'thumbnail_url': 'https://images4-g.ravelrycache.com/uploads/tiedupwithstring/884925527/72A341D6-F63E-4185-8A7D-1B8E98C2B096_2_thumbnail.JPG', 'small_url': 'https://images4-g.ravelrycache.com/uploads/tiedupwithstring/884925527/72A341D6-F63E-4185-8A7D-1B8E98C2B096_2_small_best_fit.JPG', 'flickr_url': None, 'shelved_url': 'https://images4-g.ravelrycache.com/uploads/tiedupwithstring/884925527/72A341D6-F63E-4185-8A7D-1B8E98C2B096_2_shelved.JPG', 'medium2_url': 'https://images4-a.ravelrycache.com/uploads/tiedupwithstring/884925527/72A341D6-F63E-4185-8A7D-1B8E98C2B096_2_medium2.JPG', 'small2_url': 'https://images4-f.ravelrycache.com/uploads/tiedupwithstring/884925527/72A341D6-F63E-4185-8A7D-1B8E98C2B096_2_small2.JPG', 'caption': None, 'caption_html': None, 'copyright_holder': None}]"
Harbour Sweater,Elisabeth Gigernes,1289435,https://www.ravelry.com/patterns/library/harbour-sweater,False,https://images4-a.ravelrycache.com/uploads/Hettestrikk/887919740/DSC_0382_medium2.JPG,Knitting,['top-down'],22.0,0.0,True,4.0,,pullover,DK,10,0.0,XS - S - M - L - XL - XXL,"[{'id': 116890116, 'sort_order': 1, 'user_id': 3521228, 'x_offset': -1, 'y_offset': -44, 'square_url': 'https://images4-g.ravelrycache.com/uploads/Hettestrikk/887919740/DSC_0382_square.JPG', 'medium_url': 'https://images4-f.ravelrycache.com/uploads/Hettestrikk/887919740/DSC_0382_medium.JPG', 'thumbnail_url': 'https://images4-g.ravelrycache.com/uploads/Hettestrikk/887919740/DSC_0382_thumbnail.JPG', 'small_url': 'https://images4-f.ravelrycache.com/uploads/Hettestrikk/887919740/DSC_0382_small_best_fit.JPG', 'flickr_url': None, 'shelved_url': 'https://images4-g.ravelrycache.com/uploads/Hettestrikk/887919740/DSC_0382_shelved.JPG', 'medium2_url': 'https://images4-a.ravelrycache.com/uploads/Hettestrikk/887919740/DSC_0382_medium2.JPG', 'small2_url': 'https://images4-g.ravelrycache.com/uploads/Hettestrikk/887919740/DSC_0382_small2.JPG', 'caption': None, 'caption_html': None, 'copyright_holder': None}, {'id': 116890117, 'sort_order': 2, 'user_id': 3521228, 'x_offset': -1, 'y_offset': -44, 'square_url': 'https://images4-f.ravelrycache.com/uploads/Hettestrikk/887919734/DSC_0370_square.JPG', 'medium_url': 'https://images4-g.ravelrycache.com/uploads/Hettestrikk/887919734/DSC_0370_medium.JPG', 'thumbnail_url': 'https://images4-g.ravelrycache.com/uploads/Hettestrikk/887919734/DSC_0370_thumbnail.JPG', 'small_url': 'https://images4-f.ravelrycache.com/uploads/Hettestrikk/887919734/DSC_0370_small_best_fit.JPG', 'flickr_url': None, 'shelved_url': 'https://images4-g.ravelrycache.com/uploads/Hettestrikk/887919734/DSC_0370_shelved.JPG', 'medium2_url': 'https://images4-a.ravelrycache.com/uploads/Hettestrikk/887919734/DSC_0370_medium2.JPG', 'small2_url': 'https://images4-f.ravelrycache.com/uploads/Hettestrikk/887919734/DSC_0370_small2.JPG', 'caption': None, 'caption_html': None, 'copyright_holder': None}, {'id': 116890118, 'sort_order': 3, 'user_id': 3521228, 'x_offset': -1, 'y_offset': -44, 'square_url': 'https://images4-f.ravelrycache.com/uploads/Hettestrikk/887919735/DSC_0311_square.JPG', 'medium_url': 'https://images4-g.ravelrycache.com/uploads/Hettestrikk/887919735/DSC_0311_medium.JPG', 'thumbnail_url': 'https://images4-g.ravelrycache.com/uploads/Hettestrikk/887919735/DSC_0311_thumbnail.JPG', 'small_url': 'https://images4-f.ravelrycache.com/uploads/Hettestrikk/887919735/DSC_0311_small_best_fit.JPG', 'flickr_url': None, 'shelved_url': 'https://images4-g.ravelrycache.com/uploads/Hettestrikk/887919735/DSC_0311_shelved.JPG', 'medium2_url': 'https://images4-a.ravelrycache.com/uploads/Hettestrikk/887919735/DSC_0311_medium2.JPG', 'small2_url': 'https://images4-f.ravelrycache.com/uploads/Hettestrikk/887919735/DSC_0311_small2.JPG', 'caption': None, 'caption_html': None, 'copyright_holder': None}, {'id': 116890119, 'sort_order': 4, 'user_id': 3521228, 'x_offset': -1, 'y_offset': -44, 'square_url': 'https://images4-f.ravelrycache.com/uploads/Hettestrikk/887919732/DSC_0294_square.JPG', 'medium_url': 'https://images4-g.ravelrycache.com/uploads/Hettestrikk/887919732/DSC_0294_medium.JPG', 'thumbnail_url': 'https://images4-g.ravelrycache.com/uploads/Hettestrikk/887919732/DSC_0294_thumbnail.JPG', 'small_url': 'https://images4-f.ravelrycache.com/uploads/Hettestrikk/887919732/DSC_0294_small_best_fit.JPG', 'flickr_url': None, 'shelved_url': 'https://images4-f.ravelrycache.com/uploads/Hettestrikk/887919732/DSC_0294_shelved.JPG', 'medium2_url': 'https://images4-a.ravelrycache.com/uploads/Hettestrikk/887919732/DSC_0294_medium2.JPG', 'small2_url': 'https://images4-f.ravelrycache.com/uploads/Hettestrikk/887919732/DSC_0294_small2.JPG', 'caption': None, 'caption_html': None, 'copyright_holder': None}, {'id': 116890120, 'sort_order': 5, 'user_id': 3521228, 'x_offset': -1, 'y_offset': -44, 'square_url': 'https://images4-f.ravelrycache.com/uploads/Hettestrikk/887919731/DSC_0288_square.JPG', 'medium_url': 'https://images4-g.ravelrycache.com/uploads/Hettestrikk/887919731/DSC_0288_medium.JPG', 'thumbnail_url': 'https://images4-f.ravelrycache.com/uploads/Hettestrikk/887919731/DSC_0288_thumbnail.JPG', 'small_url': 'https://images4-g.ravelrycache.com/uploads/Hettestrikk/887919731/DSC_0288_small_best_fit.JPG', 'flickr_url': None, 'shelved_url': 'https://images4-g.ravelrycache.com/uploads/Hettestrikk/887919731/DSC_0288_shelved.JPG', 'medium2_url': 'https://images4-a.ravelrycache.com/uploads/Hettestrikk/887919731/DSC_0288_medium2.JPG', 'small2_url': 'https://images4-f.ravelrycache.com/uploads/Hettestrikk/887919731/DSC_0288_small2.JPG', 'caption': None, 'caption_html': None, 'copyright_holder': None}]"
Pihkaneule,Villahullu,1289686,https://www.ravelry.com/patterns/library/pihkaneule,False,https://images4-a.ravelrycache.com/uploads/villahullu/888169756/IMG_20220629_181645_840_medium2.jpg,Knitting,"['stranded', 'bottom-up', 'in-the-round', 'circular-yoke']",18.0,6.666666666666667,True,4.0,stockinette stitch,pullover,Aran,7,4.0,"XXS, XS, S, M, L, XL, XXL","[{'id': 116920734, 'sort_order': 1, 'user_id': 10021084, 'x_offset': 0, 'y_offset': -22, 'square_url': 'https://images4-f.ravelrycache.com/uploads/villahullu/888169756/IMG_20220629_181645_840_square.jpg', 'medium_url': 'https://images4-g.ravelrycache.com/uploads/villahullu/888169756/IMG_20220629_181645_840_medium.jpg', 'thumbnail_url': 'https://images4-f.ravelrycache.com/uploads/villahullu/888169756/IMG_20220629_181645_840_thumbnail.jpg', 'small_url': 'https://images4-g.ravelrycache.com/uploads/villahullu/888169756/IMG_20220629_181645_840_small_best_fit.jpg', 'flickr_url': None, 'shelved_url': 'https://images4-g.ravelrycache.com/uploads/villahullu/888169756/IMG_20220629_181645_840_shelved.jpg', 'medium2_url': 'https://images4-a.ravelrycache.com/uploads/villahullu/888169756/IMG_20220629_181645_840_medium2.jpg', 'small2_url': 'https://images4-f.ravelrycache.com/uploads/villahullu/888169756/IMG_20220629_181645_840_small2.jpg', 'caption': None, 'caption_html': None, 'copyright_holder': None}, {'id': 116920735, 'sort_order': 2, 'user_id': 10021084, 'x_offset': 0, 'y_offset': -22, 'square_url': 'https://images4-f.ravelrycache.com/uploads/villahullu/888169755/IMG_20220726_193928_820_square.jpg', 'medium_url': 'https://images4-g.ravelrycache.com/uploads/villahullu/888169755/IMG_20220726_193928_820_medium.jpg', 'thumbnail_url': 'https://images4-f.ravelrycache.com/uploads/villahullu/888169755/IMG_20220726_193928_820_thumbnail.jpg', 'small_url': 'https://images4-f.ravelrycache.com/uploads/villahullu/888169755/IMG_20220726_193928_820_small_best_fit.jpg', 'flickr_url': None, 'shelved_url': 'https://images4-g.ravelrycache.com/uploads/villahullu/888169755/IMG_20220726_193928_820_shelved.jpg', 'medium2_url': 'https://images4-a.ravelrycache.com/uploads/villahullu/888169755/IMG_20220726_193928_820_medium2.jpg', 'small2_url': 'https://images4-f.ravelrycache.com/uploads/villahullu/888169755/IMG_20220726_193928_820_small2.jpg', 'caption': None, 'caption_html': None, 'copyright_holder': None}, {'id': 116920736, 'sort_order': 3, 'user_id': 10021084, 'x_offset': 0, 'y_offset': -43, 'square_url': 'https://images4-f.ravelrycache.com/uploads/villahullu/888170009/_64A9934_1__square.jpg', 'medium_url': 'https://images4-g.ravelrycache.com/uploads/villahullu/888170009/_64A9934_1__medium.jpg', 'thumbnail_url': 'https://images4-g.ravelrycache.com/uploads/villahullu/888170009/_64A9934_1__thumbnail.jpg', 'small_url': 'https://images4-f.ravelrycache.com/uploads/villahullu/888170009/_64A9934_1__small_best_fit.jpg', 'flickr_url': None, 'shelved_url': 'https://images4-f.ravelrycache.com/uploads/villahullu/888170009/_64A9934_1__shelved.jpg', 'medium2_url': 'https://images4-a.ravelrycache.com/uploads/villahullu/888170009/_64A9934_1__medium2.jpg', 'small2_url': 'https://images4-f.ravelrycache.com/uploads/villahullu/888170009/_64A9934_1__small2.jpg', 'caption': None, 'caption_html': None, 'copyright_holder': None}, {'id': 116920737, 'sort_order': 4, 'user_id': 10021084, 'x_offset': 0, 'y_offset': -22, 'square_url': 'https://images4-g.ravelrycache.com/uploads/villahullu/888169762/IMG_20220722_200028_168_square.jpg', 'medium_url': 'https://images4-f.ravelrycache.com/uploads/villahullu/888169762/IMG_20220722_200028_168_medium.jpg', 'thumbnail_url': 'https://images4-f.ravelrycache.com/uploads/villahullu/888169762/IMG_20220722_200028_168_thumbnail.jpg', 'small_url': 'https://images4-f.ravelrycache.com/uploads/villahullu/888169762/IMG_20220722_200028_168_small_best_fit.jpg', 'flickr_url': None, 'shelved_url': 'https://images4-f.ravelrycache.com/uploads/villahullu/888169762/IMG_20220722_200028_168_shelved.jpg', 'medium2_url': 'https://images4-a.ravelrycache.com/uploads/villahullu/888169762/IMG_20220722_200028_168_medium2.jpg', 'small2_url': 'https://images4-g.ravelrycache.com/uploads/villahullu/888169762/IMG_20220722_200028_168_small2.jpg', 'caption': None, 'caption_html': None, 'copyright_holder': None}, {'id': 116920738, 'sort_order': 5, 'user_id': 10021084, 'x_offset': 0, 'y_offset': 0, 'square_url': 'https://images4-g.ravelrycache.com/uploads/villahullu/888169752/IMG_20220711_200554_071_square.jpg', 'medium_url': 'https://images4-f.ravelrycache.com/uploads/villahullu/888169752/IMG_20220711_200554_071_medium.jpg', 'thumbnail_url': 'https://images4-f.ravelrycache.com/uploads/villahullu/888169752/IMG_20220711_200554_071_thumbnail.jpg', 'small_url': 'https://images4-f.ravelrycache.com/uploads/villahullu/888169752/IMG_20220711_200554_071_small_best_fit.jpg', 'flickr_url': None, 'shelved_url': 'https://images4-g.ravelrycache.com/uploads/villahullu/888169752/IMG_20220711_200554_071_shelved.jpg', 'medium2_url': 'https://images4-a.ravelrycache.com/uploads/villahullu/888169752/IMG_20220711_200554_071_medium2.jpg', 'small2_url': 'https://images4-g.ravelrycache.com/uploads/villahullu/888169752/IMG_20220711_200554_071_small2.jpg', 'caption': None, 'caption_html': None, 'copyright_holder': None}, {'id': 116920739, 'sort_order': 6, 'user_id': 10021084, 'x_offset': 0, 'y_offset': -8, 'square_url': 'https://images4-f.ravelrycache.com/uploads/villahullu/888169758/IMG_20220526_213809_253_square.jpg', 'medium_url': 'https://images4-g.ravelrycache.com/uploads/villahullu/888169758/IMG_20220526_213809_253_medium.jpg', 'thumbnail_url': 'https://images4-f.ravelrycache.com/uploads/villahullu/888169758/IMG_20220526_213809_253_thumbnail.jpg', 'small_url': 'https://images4-g.ravelrycache.com/uploads/villahullu/888169758/IMG_20220526_213809_253_small_best_fit.jpg', 'flickr_url': None, 'shelved_url': 'https://images4-g.ravelrycache.com/uploads/villahullu/888169758/IMG_20220526_213809_253_shelved.jpg', 'medium2_url': 'https://images4-a.ravelrycache.com/uploads/villahullu/888169758/IMG_20220526_213809_253_medium2.jpg', 'small2_url': 'https://images4-f.ravelrycache.com/uploads/villahullu/888169758/IMG_20220526_213809_253_small2.jpg', 'caption': None, 'caption_html': None, 'copyright_holder': None}]"
Villblomstgenser,Rauma Garn,1290039,https://www.ravelry.com/patterns/library/villblomstgenser,False,https://images4-a.ravelrycache.com/uploads/haur/888420191/03EFBE25-0CD5-478D-B811-C3C2062F5E1B_medium2.jpeg,Knitting,"['female', 'adult', 'lace', 'raglan-sleeve', 'bottom-up', 'chart', 'written-pattern', 'in-the-round']",16.0,0.0,False,4.0,,pullover,Lace,16,0.0,"XS, S, M, L, XL, XXL, 3XL","[{'id': 116951827, 'sort_order': 1, 'user_id': 1771783, 'x_offset': 0, 'y_offset': -45, 'square_url': 'https://images4-f.ravelrycache.com/uploads/haur/888420191/03EFBE25-0CD5-478D-B811-C3C2062F5E1B_square.jpeg', 'medium_url': 'https://images4-f.ravelrycache.com/uploads/haur/888420191/03EFBE25-0CD5-478D-B811-C3C2062F5E1B_medium.jpeg', 'thumbnail_url': 'https://images4-f.ravelrycache.com/uploads/haur/888420191/03EFBE25-0CD5-478D-B811-C3C2062F5E1B_thumbnail.jpeg', 'small_url': 'https://images4-g.ravelrycache.com/uploads/haur/888420191/03EFBE25-0CD5-478D-B811-C3C2062F5E1B_small_best_fit.jpeg', 'flickr_url': None, 'shelved_url': 'https://images4-g.ravelrycache.com/uploads/haur/888420191/03EFBE25-0CD5-478D-B811-C3C2062F5E1B_shelved.jpeg', 'medium2_url': 'https://images4-a.ravelrycache.com/uploads/haur/888420191/03EFBE25-0CD5-478D-B811-C3C2062F5E1B_medium2.jpeg', 'small2_url': 'https://images4-g.ravelrycache.com/uploads/haur/888420191/03EFBE25-0CD5-478D-B811-C3C2062F5E1B_small2.jpeg', 'caption': None, 'caption_html': None, 'copyright_holder': None}]"
Barbra Deserved Better,SpringStitchKnits,1290535,https://www.ravelry.com/patterns/library/barbra-deserved-better,False,https://images4-a.ravelrycache.com/uploads/SpringStitchKnits/888724928/Screen_Shot_2022-11-23_at_11.53.18_AM_medium2.png,Knitting,"['female', 'unisex', 'teen', 'adult', 'ribbed', 'v-neck', 'long-sleeve', 'one-piece', 'seamless', 'short-rows', 'top-down', 'in-the-round', 'twisted-stitches', 'slipped-stitches']",24.0,4.75,False,4.0,stockinette,pullover,Fingering,8,4.75,Adult ,"[{'id': 116989856, 'sort_order': 1, 'user_id': 7384199, 'x_offset': -2, 'y_offset': -8, 'square_url': 'https://images4-g.ravelrycache.com/uploads/SpringStitchKnits/888724928/Screen_Shot_2022-11-23_at_11.53.18_AM_square.png', 'medium_url': 'https://images4-f.ravelrycache.com/uploads/SpringStitchKnits/888724928/Screen_Shot_2022-11-23_at_11.53.18_AM_medium.png', 'thumbnail_url': 'https://images4-f.ravelrycache.com/uploads/SpringStitchKnits/888724928/Screen_Shot_2022-11-23_at_11.53.18_AM_thumbnail.png', 'small_url': 'https://images4-f.ravelrycache.com/uploads/SpringStitchKnits/888724928/Screen_Shot_2022-11-23_at_11.53.18_AM_small_best_fit.png', 'flickr_url': None, 'shelved_url': 'https://images4-f.ravelrycache.com/uploads/SpringStitchKnits/888724928/Screen_Shot_2022-11-23_at_11.53.18_AM_shelved.png', 'medium2_url': 'https://images4-a.ravelrycache.com/uploads/SpringStitchKnits/888724928/Screen_Shot_2022-11-23_at_11.53.18_AM_medium2.png', 'small2_url': 'https://images4-g.ravelrycache.com/uploads/SpringStitchKnits/888724928/Screen_Shot_2022-11-23_at_11.53.18_AM_small2.png', 'caption': None, 'caption_html': None, 'copyright_holder': None}, {'id': 116989857, 'sort_order': 2, 'user_id': 7384199, 'x_offset': -4, 'y_offset': -15, 'square_url': 'https://images4-g.ravelrycache.com/uploads/SpringStitchKnits/888724917/Screen_Shot_2022-11-23_at_11.53.06_AM_square.png', 'medium_url': 'https://images4-f.ravelrycache.com/uploads/SpringStitchKnits/888724917/Screen_Shot_2022-11-23_at_11.53.06_AM_medium.png', 'thumbnail_url': 'https://images4-f.ravelrycache.com/uploads/SpringStitchKnits/888724917/Screen_Shot_2022-11-23_at_11.53.06_AM_thumbnail.png', 'small_url': 'https://images4-f.ravelrycache.com/uploads/SpringStitchKnits/888724917/Screen_Shot_2022-11-23_at_11.53.06_AM_small_best_fit.png', 'flickr_url': None, 'shelved_url': 'https://images4-f.ravelrycache.com/uploads/SpringStitchKnits/888724917/Screen_Shot_2022-11-23_at_11.53.06_AM_shelved.png', 'medium2_url': 'https://images4-a.ravelrycache.com/uploads/SpringStitchKnits/888724917/Screen_Shot_2022-11-23_at_11.53.06_AM_medium2.png', 'small2_url': 'https://images4-g.ravelrycache.com/uploads/SpringStitchKnits/888724917/Screen_Shot_2022-11-23_at_11.53.06_AM_small2.png', 'caption': None, 'caption_html': None, 'copyright_holder': None}, {'id': 116989858, 'sort_order': 3, 'user_id': 7384199, 'x_offset': 0, 'y_offset': -16, 'square_url': 'https://images4-f.ravelrycache.com/uploads/SpringStitchKnits/888724919/Screen_Shot_2022-11-23_at_11.53.39_AM_square.png', 'medium_url': 'https://images4-g.ravelrycache.com/uploads/SpringStitchKnits/888724919/Screen_Shot_2022-11-23_at_11.53.39_AM_medium.png', 'thumbnail_url': 'https://images4-f.ravelrycache.com/uploads/SpringStitchKnits/888724919/Screen_Shot_2022-11-23_at_11.53.39_AM_thumbnail.png', 'small_url': 'https://images4-g.ravelrycache.com/uploads/SpringStitchKnits/888724919/Screen_Shot_2022-11-23_at_11.53.39_AM_small.png', 'flickr_url': None, 'shelved_url': 'https://images4-g.ravelrycache.com/uploads/SpringStitchKnits/888724919/Screen_Shot_2022-11-23_at_11.53.39_AM_shelved.png', 'medium2_url': 'https://images4-a.ravelrycache.com/uploads/SpringStitchKnits/888724919/Screen_Shot_2022-11-23_at_11.53.39_AM_medium2.png', 'small2_url': 'https://images4-f.ravelrycache.com/uploads/SpringStitchKnits/888724919/Screen_Shot_2022-11-23_at_11.53.39_AM_small2.png', 'caption': None, 'caption_html': None, 'copyright_holder': None}, {'id': 116989859, 'sort_order': 4, 'user_id': 7384199, 'x_offset': -6, 'y_offset': -13, 'square_url': 'https://images4-f.ravelrycache.com/uploads/SpringStitchKnits/888724915/Screen_Shot_2022-11-23_at_11.53.28_AM_square.png', 'medium_url': 'https://images4-g.ravelrycache.com/uploads/SpringStitchKnits/888724915/Screen_Shot_2022-11-23_at_11.53.28_AM_medium.png', 'thumbnail_url': 'https://images4-g.ravelrycache.com/uploads/SpringStitchKnits/888724915/Screen_Shot_2022-11-23_at_11.53.28_AM_thumbnail.png', 'small_url': 'https://images4-g.ravelrycache.com/uploads/SpringStitchKnits/888724915/Screen_Shot_2022-11-23_at_11.53.28_AM_small.png', 'flickr_url': None, 'shelved_url': 'https://images4-f.ravelrycache.com/uploads/SpringStitchKnits/888724915/Screen_Shot_2022-11-23_at_11.53.28_AM_shelved.png', 'medium2_url': 'https://images4-a.ravelrycache.com/uploads/SpringStitchKnits/888724915/Screen_Shot_2022-11-23_at_11.53.28_AM_medium2.png', 'small2_url': 'https://images4-f.ravelrycache.com/uploads/SpringStitchKnits/888724915/Screen_Shot_2022-11-23_at_11.53.28_AM_small2.png', 'caption': None, 'caption_html': None, 'copyright_holder': None}, {'id': 116989860, 'sort_order': 5, 'user_id': 7384199, 'x_offset': -5, 'y_offset': -35, 'square_url': 'https://images4-g.ravelrycache.com/uploads/SpringStitchKnits/888724918/Screen_Shot_2022-11-23_at_11.52.52_AM_square.png', 'medium_url': 'https://images4-f.ravelrycache.com/uploads/SpringStitchKnits/888724918/Screen_Shot_2022-11-23_at_11.52.52_AM_medium.png', 'thumbnail_url': 'https://images4-g.ravelrycache.com/uploads/SpringStitchKnits/888724918/Screen_Shot_2022-11-23_at_11.52.52_AM_thumbnail.png', 'small_url': 'https://images4-g.ravelrycache.com/uploads/SpringStitchKnits/888724918/Screen_Shot_2022-11-23_at_11.52.52_AM_small.png', 'flickr_url': None, 'shelved_url': 'https://images4-f.ravelrycache.com/uploads/SpringStitchKnits/888724918/Screen_Shot_2022-11-23_at_11.52.52_AM_shelved.png', 'medium2_url': 'https://images4-a.ravelrycache.com/uploads/SpringStitchKnits/888724918/Screen_Shot_2022-11-23_at_11.52.52_AM_medium2.png', 'small2_url': 'https://images4-g.ravelrycache.com/uploads/SpringStitchKnits/888724918/Screen_Shot_2022-11-23_at_11.52.52_AM_small2.png', 'caption': None, 'caption_html': None, 'copyright_holder': None}, {'id': 116989861, 'sort_order': 6, 'user_id': 7384199, 'x_offset': -4, 'y_offset': -2, 'square_url': 'https://images4-g.ravelrycache.com/uploads/SpringStitchKnits/888724916/Screen_Shot_2022-11-23_at_11.52.39_AM_square.png', 'medium_url': 'https://images4-f.ravelrycache.com/uploads/SpringStitchKnits/888724916/Screen_Shot_2022-11-23_at_11.52.39_AM_medium.png', 'thumbnail_url': 'https://images4-g.ravelrycache.com/uploads/SpringStitchKnits/888724916/Screen_Shot_2022-11-23_at_11.52.39_AM_thumbnail.png', 'small_url': 'https://images4-f.ravelrycache.com/uploads/SpringStitchKnits/888724916/Screen_Shot_2022-11-23_at_11.52.39_AM_small.png', 'flickr_url': None, 'shelved_url': 'https://images4-g.ravelrycache.com/uploads/SpringStitchKnits/888724916/Screen_Shot_2022-11-23_at_11.52.39_AM_shelved.png', 'medium2_url': 'https://images4-a.ravelrycache.com/uploads/SpringStitchKnits/888724916/Screen_Shot_2022-11-23_at_11.52.39_AM_medium2.png', 'small2_url': 'https://images4-g.ravelrycache.com/uploads/SpringStitchKnits/888724916/Screen_Shot_2022-11-23_at_11.52.39_AM_small2.png', 'caption': None, 'caption_html': None, 'copyright_holder': None}, {'id': 116989862, 'sort_order': 7, 'user_id': 7384199, 'x_offset': 0, 'y_offset': -9, 'square_url': 'https://images4-g.ravelrycache.com/uploads/SpringStitchKnits/888724591/IMG_4139_square.jpg', 'medium_url': 'https://images4-f.ravelrycache.com/uploads/SpringStitchKnits/888724591/IMG_4139_medium.jpg', 'thumbnail_url': 'https://images4-g.ravelrycache.com/uploads/SpringStitchKnits/888724591/IMG_4139_thumbnail.jpg', 'small_url': 'https://images4-g.ravelrycache.com/uploads/SpringStitchKnits/888724591/IMG_4139_small_best_fit.jpg', 'flickr_url': None, 'shelved_url': 'https://images4-g.ravelrycache.com/uploads/SpringStitchKnits/888724591/IMG_4139_shelved.jpg', 'medium2_url': 'https://images4-a.ravelrycache.com/uploads/SpringStitchKnits/888724591/IMG_4139_medium2.jpg', 'small2_url': 'https://images4-g.ravelrycache.com/uploads/SpringStitchKnits/888724591/IMG_4139_small2.jpg', 'caption': None, 'caption_html': None, 'copyright_holder': None}]"
1967 Pull Adulte,Kniteat Design Team,1290542,https://www.ravelry.com/patterns/library/1967-pull-adulte,False,https://images4-a.ravelrycache.com/uploads/KnitEat/888726292/IMG_4342_medium2.JPG,Knitting,"['unisex', 'adult', 'plus', 'stripes', 'saddle-shoulder', 'seamless', 'short-rows', 'top-down', 'positive-ease', 'written-pattern', 'worked-flat', 'in-the-round', 'stripes-colorwork']",24.0,0.0,True,4.0,stockinette stitch,pullover,Fingering,5,0.0,XS-S-M (L-XL-2XL) [3XL-4XL-5XL],"[{'id': 116990190, 'sort_order': 1, 'user_id': 9265156, 'x_offset': 0, 'y_offset': -43, 'square_url': 'https://images4-f.ravelrycache.com/uploads/KnitEat/888726292/IMG_4342_square.JPG', 'medium_url': 'https://images4-g.ravelrycache.com/uploads/KnitEat/888726292/IMG_4342_medium.JPG', 'thumbnail_url': 'https://images4-f.ravelrycache.com/uploads/KnitEat/888726292/IMG_4342_thumbnail.JPG', 'small_url': 'https://images4-g.ravelrycache.com/uploads/KnitEat/888726292/IMG_4342_small_best_fit.JPG', 'flickr_url': None, 'shelved_url': 'https://images4-f.ravelrycache.com/uploads/KnitEat/888726292/IMG_4342_shelved.JPG', 'medium2_url': 'https://images4-a.ravelrycache.com/uploads/KnitEat/888726292/IMG_4342_medium2.JPG', 'small2_url': 'https://images4-f.ravelrycache.com/uploads/KnitEat/888726292/IMG_4342_small2.JPG', 'caption': None, 'caption_html': None, 'copyright_holder': None}, {'id': 116990191, 'sort_order': 2, 'user_id': 9265156, 'x_offset': 0, 'y_offset': -43, 'square_url': 'https://images4-f.ravelrycache.com/uploads/KnitEat/888726294/IMG_4406_square.JPG', 'medium_url': 'https://images4-g.ravelrycache.com/uploads/KnitEat/888726294/IMG_4406_medium.JPG', 'thumbnail_url': 'https://images4-f.ravelrycache.com/uploads/KnitEat/888726294/IMG_4406_thumbnail.JPG', 'small_url': 'https://images4-g.ravelrycache.com/uploads/KnitEat/888726294/IMG_4406_small_best_fit.JPG', 'flickr_url': None, 'shelved_url': 'https://images4-f.ravelrycache.com/uploads/KnitEat/888726294/IMG_4406_shelved.JPG', 'medium2_url': 'https://images4-a.ravelrycache.com/uploads/KnitEat/888726294/IMG_4406_medium2.JPG', 'small2_url': 'https://images4-f.ravelrycache.com/uploads/KnitEat/888726294/IMG_4406_small2.JPG', 'caption': None, 'caption_html': None, 'copyright_holder': None}, {'id': 116990192, 'sort_order': 3, 'user_id': 9265156, 'x_offset': 0, 'y_offset': -43, 'square_url': 'https://images4-f.ravelrycache.com/uploads/KnitEat/888726137/IMG_4411_square.JPG', 'medium_url': 'https://images4-g.ravelrycache.com/uploads/KnitEat/888726137/IMG_4411_medium.JPG', 'thumbnail_url': 'https://images4-g.ravelrycache.com/uploads/KnitEat/888726137/IMG_4411_thumbnail.JPG', 'small_url': 'https://images4-g.ravelrycache.com/uploads/KnitEat/888726137/IMG_4411_small_best_fit.JPG', 'flickr_url': None, 'shelved_url': 'https://images4-g.ravelrycache.com/uploads/KnitEat/888726137/IMG_4411_shelved.JPG', 'medium2_url': 'https://images4-a.ravelrycache.com/uploads/KnitEat/888726137/IMG_4411_medium2.JPG', 'small2_url': 'https://images4-f.ravelrycache.com/uploads/KnitEat/888726137/IMG_4411_small2.JPG', 'caption': None, 'caption_html': None, 'copyright_holder': None}]"
The Ritz Jumper,Mandy Julie,1290560,https://www.ravelry.com/patterns/library/the-ritz-jumper,False,https://images4-a.ravelrycache.com/uploads/MandyJuliee/1028689042/IMG_0651_kopie_medium2.png,Knitting,"['female', 'unisex', 'teen', 'adult', 'no-ease', 'seamed', 'boat-neck', 'square-neck', 'waist', 'long-sleeve', 'straight', 'top-down', 'written-pattern', 'cropped', 'worked-flat', 'other-edging', 'lace', 'ribbed', 'textured', 'positive-ease', 'chart']",26.0,3.6666666666666665,True,4.0,,pullover,Light Fingering,10,3.3333333333333335,"XS, S/M, L, XL/2XL, 3XL, 4XL, 5XL, 6XL, 7XL","[{'id': 134306257, 'sort_order': 1, 'user_id': 8923862, 'x_offset': -1, 'y_offset': -11, 'square_url': 'https://images4-f.ravelrycache.com/uploads/MandyJuliee/1028689042/IMG_0651_kopie_square.png', 'medium_url': 'https://images4-g.ravelrycache.com/uploads/MandyJuliee/1028689042/IMG_0651_kopie_medium.png', 'thumbnail_url': 'https://images4-f.ravelrycache.com/uploads/MandyJuliee/1028689042/IMG_0651_kopie_thumbnail.png', 'small_url': 'https://images4-g.ravelrycache.com/uploads/MandyJuliee/1028689042/IMG_0651_kopie_small_best_fit.png', 'flickr_url': None, 'shelved_url': 'https://images4-f.ravelrycache.com/uploads/MandyJuliee/1028689042/IMG_0651_kopie_shelved.png', 'medium2_url': 'https://images4-a.ravelrycache.com/uploads/MandyJuliee/1028689042/IMG_0651_kopie_medium2.png', 'small2_url': 'https://images4-f.ravelrycache.com/uploads/MandyJuliee/1028689042/IMG_0651_kopie_small2.png', 'caption': None, 'caption_html': None, 'copyright_holder': None}, {'id': 116991611, 'sort_order': 2, 'user_id': 8923862, 'x_offset': -43, 'y_offset': 0, 'square_url': 'https://images4-g.ravelrycache.com/uploads/MandyJuliee/888738891/IMG_4855_square.JPG', 'medium_url': 'https://images4-f.ravelrycache.com/uploads/MandyJuliee/888738891/IMG_4855_medium.JPG', 'thumbnail_url': 'https://images4-g.ravelrycache.com/uploads/MandyJuliee/888738891/IMG_4855_thumbnail.JPG', 'small_url': 'https://images4-g.ravelrycache.com/uploads/MandyJuliee/888738891/IMG_4855_small_best_fit.JPG', 'flickr_url': None, 'shelved_url': 'https://images4-g.ravelrycache.com/uploads/MandyJuliee/888738891/IMG_4855_shelved.JPG', 'medium2_url': 'https://images4-a.ravelrycache.com/uploads/MandyJuliee/888738891/IMG_4855_medium2.JPG', 'small2_url': 'https://images4-g.ravelrycache.com/uploads/MandyJuliee/888738891/IMG_4855_small2.JPG', 'caption': None, 'caption_html': None, 'copyright_holder': None}, {'id': 116991612, 'sort_order': 3, 'user_id': 8923862, 'x_offset': -59, 'y_offset': 0, 'square_url': 'https://images4-f.ravelrycache.com/uploads/MandyJuliee/888738894/IMG_4895_square.JPG', 'medium_url': 'https://images4-g.ravelrycache.com/uploads/MandyJuliee/888738894/IMG_4895_medium.JPG', 'thumbnail_url': 'https://images4-g.ravelrycache.com/uploads/MandyJuliee/888738894/IMG_4895_thumbnail.JPG', 'small_url': 'https://images4-g.ravelrycache.com/uploads/MandyJuliee/888738894/IMG_4895_small_best_fit.JPG', 'flickr_url': None, 'shelved_url': 'https://images4-f.ravelrycache.com/uploads/MandyJuliee/888738894/IMG_4895_shelved.JPG', 'medium2_url': 'https://images4-a.ravelrycache.com/uploads/MandyJuliee/888738894/IMG_4895_medium2.JPG', 'small2_url': 'https://images4-f.ravelrycache.com/uploads/MandyJuliee/888738894/IMG_4895_small2.JPG', 'caption': None, 'caption_html': None, 'copyright_holder': None}, {'id': 116991613, 'sort_order': 4, 'user_id': 8923862, 'x_offset': 0, 'y_offset': -16, 'square_url': 'https://images4-g.ravelrycache.com/uploads/MandyJuliee/888738886/IMG_4909_square.JPG', 'medium_url': 'https://images4-f.ravelrycache.com/uploads/MandyJuliee/888738886/IMG_4909_medium.JPG', 'thumbnail_url': 'https://images4-g.ravelrycache.com/uploads/MandyJuliee/888738886/IMG_4909_thumbnail.JPG', 'small_url': 'https://images4-g.ravelrycache.com/uploads/MandyJuliee/888738886/IMG_4909_small_best_fit.JPG', 'flickr_url': None, 'shelved_url': 'https://images4-f.ravelrycache.com/uploads/MandyJuliee/888738886/IMG_4909_shelved.JPG', 'medium2_url': 'https://images4-a.ravelrycache.com/uploads/MandyJuliee/888738886/IMG_4909_medium2.JPG', 'small2_url': 'https://images4-g.ravelrycache.com/uploads/MandyJuliee/888738886/IMG_4909_small2.JPG', 'caption': None, 'caption_html': None, 'copyright_holder': None}, {'id': 134306233, 'sort_order': 5, 'user_id': 8923862, 'x_offset': 0, 'y_offset': -63, 'square_url': 'https://images4-f.ravelrycache.com/uploads/MandyJuliee/1028688843/IMG_0055_square.jpg', 'medium_url': 'https://images4-g.ravelrycache.com/uploads/MandyJuliee/1028688843/IMG_0055_medium.jpg', 'thumbnail_url': 'https://images4-f.ravelrycache.com/uploads/MandyJuliee/1028688843/IMG_0055_thumbnail.jpg', 'small_url': 'https://images4-f.ravelrycache.com/uploads/MandyJuliee/1028688843/IMG_0055_small_best_fit.jpg', 'flickr_url': None, 'shelved_url': 'https://images4-f.ravelrycache.com/uploads/MandyJuliee/1028688843/IMG_0055_shelved.jpg', 'medium2_url': 'https://images4-a.ravelrycache.com/uploads/MandyJuliee/1028688843/IMG_0055_medium2.jpg', 'small2_url': 'https://images4-f.ravelrycache.com/uploads/MandyJuliee/1028688843/IMG_0055_small2.jpg', 'caption': None, 'caption_html': None, 'copyright_holder': None}]"
Jersey Raíces,Carmen Garcia de Mora,1290681,https://www.ravelry.com/patterns/library/jersey-raices,False,https://images4-a.ravelrycache.com/uploads/carmengarciadmora/888835942/CGM_JERSEYRAICES_3917_medium2.jpg,Knitting,"['stranded', 'one-piece', 'seamless', 'top-down', 'positive-ease', 'written-pattern', 'video-tutorial', 'in-the-round', 'circular-yoke']",21.0,0.0,True,4.0,4,pullover,DK,8,0.0,"Sizes 1 (2, 3, 4) (5, 6, 7) 8 Final item measurements with positive ease of between 0 and 6cm at the chest after blocking. Chest circumference 90 (96, 102, 109) (115, 122, 128) 134cm.","[{'id': 117003616, 'sort_order': 1, 'user_id': 1007801, 'x_offset': 0, 'y_offset': 0, 'square_url': 'https://images4-f.ravelrycache.com/uploads/carmengarciadmora/888835942/CGM_JERSEYRAICES_3917_square.jpg', 'medium_url': 'https://images4-g.ravelrycache.com/uploads/carmengarciadmora/888835942/CGM_JERSEYRAICES_3917_medium.jpg', 'thumbnail_url': 'https://images4-f.ravelrycache.com/uploads/carmengarciadmora/888835942/CGM_JERSEYRAICES_3917_thumbnail.jpg', 'small_url': 'https://images4-g.ravelrycache.com/uploads/carmengarciadmora/888835942/CGM_JERSEYRAICES_3917_small_best_fit.jpg', 'flickr_url': None, 'shelved_url': 'https://images4-f.ravelrycache.com/uploads/carmengarciadmora/888835942/CGM_JERSEYRAICES_3917_shelved.jpg', 'medium2_url': 'https://images4-a.ravelrycache.com/uploads/carmengarciadmora/888835942/CGM_JERSEYRAICES_3917_medium2.jpg', 'small2_url': 'https://images4-f.ravelrycache.com/uploads/carmengarciadmora/888835942/CGM_JERSEYRAICES_3917_small2.jpg', 'caption': None, 'caption_html': None, 'copyright_holder': None}, {'id': 117003617, 'sort_order': 2, 'user_id': 1007801, 'x_offset': 0, 'y_offset': 0, 'square_url': 'https://images4-g.ravelrycache.com/uploads/carmengarciadmora/888835937/CGM_JERSEYRAICES_3821_square.jpg', 'medium_url': 'https://images4-f.ravelrycache.com/uploads/carmengarciadmora/888835937/CGM_JERSEYRAICES_3821_medium.jpg', 'thumbnail_url': 'https://images4-f.ravelrycache.com/uploads/carmengarciadmora/888835937/CGM_JERSEYRAICES_3821_thumbnail.jpg', 'small_url': 'https://images4-g.ravelrycache.com/uploads/carmengarciadmora/888835937/CGM_JERSEYRAICES_3821_small_best_fit.jpg', 'flickr_url': None, 'shelved_url': 'https://images4-g.ravelrycache.com/uploads/carmengarciadmora/888835937/CGM_JERSEYRAICES_3821_shelved.jpg', 'medium2_url': 'https://images4-a.ravelrycache.com/uploads/carmengarciadmora/888835937/CGM_JERSEYRAICES_3821_medium2.jpg', 'small2_url': 'https://images4-g.ravelrycache.com/uploads/carmengarciadmora/888835937/CGM_JERSEYRAICES_3821_small2.jpg', 'caption': None, 'caption_html': None, 'copyright_holder': None}, {'id': 117003618, 'sort_order': 3, 'user_id': 1007801, 'x_offset': 0, 'y_offset': 0, 'square_url': 'https://images4-g.ravelrycache.com/uploads/carmengarciadmora/888835944/CGM_JERSEYRAICES_3645_square.jpg', 'medium_url': 'https://images4-f.ravelrycache.com/uploads/carmengarciadmora/888835944/CGM_JERSEYRAICES_3645_medium.jpg', 'thumbnail_url': 'https://images4-g.ravelrycache.com/uploads/carmengarciadmora/888835944/CGM_JERSEYRAICES_3645_thumbnail.jpg', 'small_url': 'https://images4-g.ravelrycache.com/uploads/carmengarciadmora/888835944/CGM_JERSEYRAICES_3645_small_best_fit.jpg', 'flickr_url': None, 'shelved_url': 'https://images4-f.ravelrycache.com/uploads/carmengarciadmora/888835944/CGM_JERSEYRAICES_3645_shelved.jpg', 'medium2_url': 'https://images4-a.ravelrycache.com/uploads/carmengarciadmora/888835944/CGM_JERSEYRAICES_3645_medium2.jpg', 'small2_url': 'https://images4-g.ravelrycache.com/uploads/carmengarciadmora/888835944/CGM_JERSEYRAICES_3645_small2.jpg', 'caption': None, 'caption_html': None, 'copyright_holder': None}, {'id': 117003619, 'sort_order': 4, 'user_id': 1007801, 'x_offset': 0, 'y_offset': 0, 'square_url': 'https://images4-f.ravelrycache.com/uploads/carmengarciadmora/888835945/CGM_JERSEYRAICES_3698_square.jpg', 'medium_url': 'https://images4-g.ravelrycache.com/uploads/carmengarciadmora/888835945/CGM_JERSEYRAICES_3698_medium.jpg', 'thumbnail_url': 'https://images4-f.ravelrycache.com/uploads/carmengarciadmora/888835945/CGM_JERSEYRAICES_3698_thumbnail.jpg', 'small_url': 'https://images4-g.ravelrycache.com/uploads/carmengarciadmora/888835945/CGM_JERSEYRAICES_3698_small_best_fit.jpg', 'flickr_url': None, 'shelved_url': 'https://images4-g.ravelrycache.com/uploads/carmengarciadmora/888835945/CGM_JERSEYRAICES_3698_shelved.jpg', 'medium2_url': 'https://images4-a.ravelrycache.com/uploads/carmengarciadmora/888835945/CGM_JERSEYRAICES_3698_medium2.jpg', 'small2_url': 'https://images4-f.ravelrycache.com/uploads/carmengarciadmora/888835945/CGM_JERSEYRAICES_3698_small2.jpg', 'caption': None, 'caption_html': None, 'copyright_holder': None}, {'id': 117003620, 'sort_order': 5, 'user_id': 1007801, 'x_offset': 0, 'y_offset': 0, 'square_url': 'https://images4-f.ravelrycache.com/uploads/carmengarciadmora/888835941/CGM_JERSEYRAICES_3836_square.jpg', 'medium_url': 'https://images4-g.ravelrycache.com/uploads/carmengarciadmora/888835941/CGM_JERSEYRAICES_3836_medium.jpg', 'thumbnail_url': 'https://images4-f.ravelrycache.com/uploads/carmengarciadmora/888835941/CGM_JERSEYRAICES_3836_thumbnail.jpg', 'small_url': 'https://images4-g.ravelrycache.com/uploads/carmengarciadmora/888835941/CGM_JERSEYRAICES_3836_small_best_fit.jpg', 'flickr_url': None, 'shelved_url': 'https://images4-g.ravelrycache.com/uploads/carmengarciadmora/888835941/CGM_JERSEYRAICES_3836_shelved.jpg', 'medium2_url': 'https://images4-a.ravelrycache.com/uploads/carmengarciadmora/888835941/CGM_JERSEYRAICES_3836_medium2.jpg', 'small2_url': 'https://images4-f.ravelrycache.com/uploads/carmengarciadmora/888835941/CGM_JERSEYRAICES_3836_small2.jpg', 'caption': None, 'caption_html': None, 'copyright_holder': None}, {'id': 117003621, 'sort_order': 6, 'user_id': 1007801, 'x_offset': 0, 'y_offset': 0, 'square_url': 'https://images4-g.ravelrycache.com/uploads/carmengarciadmora/888835939/CGM_JERSEYRAICES_3722_square.jpg', 'medium_url': 'https://images4-f.ravelrycache.com/uploads/carmengarciadmora/888835939/CGM_JERSEYRAICES_3722_medium.jpg', 'thumbnail_url': 'https://images4-g.ravelrycache.com/uploads/carmengarciadmora/888835939/CGM_JERSEYRAICES_3722_thumbnail.jpg', 'small_url': 'https://images4-g.ravelrycache.com/uploads/carmengarciadmora/888835939/CGM_JERSEYRAICES_3722_small_best_fit.jpg', 'flickr_url': None, 'shelved_url': 'https://images4-f.ravelrycache.com/uploads/carmengarciadmora/888835939/CGM_JERSEYRAICES_3722_shelved.jpg', 'medium2_url': 'https://images4-a.ravelrycache.com/uploads/carmengarciadmora/888835939/CGM_JERSEYRAICES_3722_medium2.jpg', 'small2_url': 'https://images4-g.ravelrycache.com/uploads/carmengarciadmora/888835939/CGM_JERSEYRAICES_3722_small2.jpg', 'caption': None, 'caption_html': None, 'copyright_holder': None}, {'id': 117003622, 'sort_order': 7, 'user_id': 1007801, 'x_offset': 0, 'y_offset': 0, 'square_url': 'https://images4-f.ravelrycache.com/uploads/carmengarciadmora/888835951/CGM_JERSEYRAICES_3905_square.jpg', 'medium_url': 'https://images4-g.ravelrycache.com/uploads/carmengarciadmora/888835951/CGM_JERSEYRAICES_3905_medium.jpg', 'thumbnail_url': 'https://images4-g.ravelrycache.com/uploads/carmengarciadmora/888835951/CGM_JERSEYRAICES_3905_thumbnail.jpg', 'small_url': 'https://images4-f.ravelrycache.com/uploads/carmengarciadmora/888835951/CGM_JERSEYRAICES_3905_small_best_fit.jpg', 'flickr_url': None, 'shelved_url': 'https://images4-g.ravelrycache.com/uploads/carmengarciadmora/888835951/CGM_JERSEYRAICES_3905_shelved.jpg', 'medium2_url': 'https://images4-a.ravelrycache.com/uploads/carmengarciadmora/888835951/CGM_JERSEYRAICES_3905_medium2.jpg', 'small2_url': 'https://images4-f.ravelrycache.com/uploads/carmengarciadmora/888835951/CGM_JERSEYRAICES_3905_small2.jpg', 'caption': None, 'caption_html': None, 'copyright_holder': None}, {'id': 117003623, 'sort_order': 8, 'user_id': 1007801, 'x_offset': 0, 'y_offset': 0, 'square_url': 'https://images4-g.ravelrycache.com/uploads/carmengarciadmora/888835946/CGM_JERSEYRAICES_3817_square.jpg', 'medium_url': 'https://images4-f.ravelrycache.com/uploads/carmengarciadmora/888835946/CGM_JERSEYRAICES_3817_medium.jpg', 'thumbnail_url': 'https://images4-f.ravelrycache.com/uploads/carmengarciadmora/888835946/CGM_JERSEYRAICES_3817_thumbnail.jpg', 'small_url': 'https://images4-g.ravelrycache.com/uploads/carmengarciadmora/888835946/CGM_JERSEYRAICES_3817_small_best_fit.jpg', 'flickr_url': None, 'shelved_url': 'https://images4-g.ravelrycache.com/uploads/carmengarciadmora/888835946/CGM_JERSEYRAICES_3817_shelved.jpg', 'medium2_url': 'https://images4-a.ravelrycache.com/uploads/carmengarciadmora/888835946/CGM_JERSEYRAICES_3817_medium2.jpg', 'small2_url': 'https://images4-g.ravelrycache.com/uploads/carmengarciadmora/888835946/CGM_JERSEYRAICES_3817_small2.jpg', 'caption': None, 'caption_html': None, 'copyright_holder': None}, {'id': 117003624, 'sort_order': 9, 'user_id': 1007801, 'x_offset': 0, 'y_offset': 0, 'square_url': 'https://images4-f.ravelrycache.com/uploads/carmengarciadmora/888835947/CGM_JERSEYRAICES_3750_square.jpg', 'medium_url': 'https://images4-g.ravelrycache.com/uploads/carmengarciadmora/888835947/CGM_JERSEYRAICES_3750_medium.jpg', 'thumbnail_url': 'https://images4-f.ravelrycache.com/uploads/carmengarciadmora/888835947/CGM_JERSEYRAICES_3750_thumbnail.jpg', 'small_url': 'https://images4-f.ravelrycache.com/uploads/carmengarciadmora/888835947/CGM_JERSEYRAICES_3750_small_best_fit.jpg', 'flickr_url': None, 'shelved_url': 'https://images4-f.ravelrycache.com/uploads/carmengarciadmora/888835947/CGM_JERSEYRAICES_3750_shelved.jpg', 'medium2_url': 'https://images4-a.ravelrycache.com/uploads/carmengarciadmora/888835947/CGM_JERSEYRAICES_3750_medium2.jpg', 'small2_url': 'https://images4-f.ravelrycache.com/uploads/carmengarciadmora/888835947/CGM_JERSEYRAICES_3750_small2.jpg', 'caption': None, 'caption_html': None, 'copyright_holder': None}, {'id': 117003625, 'sort_order': 10, 'user_id': 1007801, 'x_offset': 0, 'y_offset': 0, 'square_url': 'https://images4-f.ravelrycache.com/uploads/carmengarciadmora/888835943/CGM_JERSEYRAICES_3726_square.jpg', 'medium_url': 'https://images4-g.ravelrycache.com/uploads/carmengarciadmora/888835943/CGM_JERSEYRAICES_3726_medium.jpg', 'thumbnail_url': 'https://images4-f.ravelrycache.com/uploads/carmengarciadmora/888835943/CGM_JERSEYRAICES_3726_thumbnail.jpg', 'small_url': 'https://images4-g.ravelrycache.com/uploads/carmengarciadmora/888835943/CGM_JERSEYRAICES_3726_small_best_fit.jpg', 'flickr_url': None, 'shelved_url': 'https://images4-f.ravelrycache.com/uploads/carmengarciadmora/888835943/CGM_JERSEYRAICES_3726_shelved.jpg', 'medium2_url': 'https://images4-a.ravelrycache.com/uploads/carmengarciadmora/888835943/CGM_JERSEYRAICES_3726_medium2.jpg', 'small2_url': 'https://images4-f.ravelrycache.com/uploads/carmengarciadmora/888835943/CGM_JERSEYRAICES_3726_small2.jpg', 'caption': None, 'caption_html': None, 'copyright_holder': None}, {'id': 117003626, 'sort_order': 11, 'user_id': 1007801, 'x_offset': 0, 'y_offset': 0, 'square_url': 'https://images4-f.ravelrycache.com/uploads/carmengarciadmora/888835938/CGM_JERSEYRAICES_3661_square.jpg', 'medium_url': 'https://images4-g.ravelrycache.com/uploads/carmengarciadmora/888835938/CGM_JERSEYRAICES_3661_medium.jpg', 'thumbnail_url': 'https://images4-f.ravelrycache.com/uploads/carmengarciadmora/888835938/CGM_JERSEYRAICES_3661_thumbnail.jpg', 'small_url': 'https://images4-g.ravelrycache.com/uploads/carmengarciadmora/888835938/CGM_JERSEYRAICES_3661_small_best_fit.jpg', 'flickr_url': None, 'shelved_url': 'https://images4-g.ravelrycache.com/uploads/carmengarciadmora/888835938/CGM_JERSEYRAICES_3661_shelved.jpg', 'medium2_url': 'https://images4-a.ravelrycache.com/uploads/carmengarciadmora/888835938/CGM_JERSEYRAICES_3661_medium2.jpg', 'small2_url': 'https://images4-f.ravelrycache.com/uploads/carmengarciadmora/888835938/CGM_JERSEYRAICES_3661_small2.jpg', 'caption': None, 'caption_html': None, 'copyright_holder': None}, {'id': 117003627, 'sort_order': 12, 'user_id': 1007801, 'x_offset': 0, 'y_offset': 0, 'square_url': 'https://images4-f.ravelrycache.com/uploads/carmengarciadmora/888835949/CGM_JERSEYRAICES_3332_square.jpg', 'medium_url': 'https://images4-g.ravelrycache.com/uploads/carmengarciadmora/888835949/CGM_JERSEYRAICES_3332_medium.jpg', 'thumbnail_url': 'https://images4-f.ravelrycache.com/uploads/carmengarciadmora/888835949/CGM_JERSEYRAICES_3332_thumbnail.jpg', 'small_url': 'https://images4-f.ravelrycache.com/uploads/carmengarciadmora/888835949/CGM_JERSEYRAICES_3332_small_best_fit.jpg', 'flickr_url': None, 'shelved_url': 'https://images4-f.ravelrycache.com/uploads/carmengarciadmora/888835949/CGM_JERSEYRAICES_3332_shelved.jpg', 'medium2_url': 'https://images4-a.ravelrycache.com/uploads/carmengarciadmora/888835949/CGM_JERSEYRAICES_3332_medium2.jpg', 'small2_url': 'https://images4-f.ravelrycache.com/uploads/carmengarciadmora/888835949/CGM_JERSEYRAICES_3332_small2.jpg', 'caption': None, 'caption_html': None, 'copyright_holder': None}, {'id': 117003628, 'sort_order': 13, 'user_id': 1007801, 'x_offset': 0, 'y_offset': 0, 'square_url': 'https://images4-g.ravelrycache.com/uploads/carmengarciadmora/888835940/CGM_JERSEYRAICES_3321_square.jpg', 'medium_url': 'https://images4-f.ravelrycache.com/uploads/carmengarciadmora/888835940/CGM_JERSEYRAICES_3321_medium.jpg', 'thumbnail_url': 'https://images4-g.ravelrycache.com/uploads/carmengarciadmora/888835940/CGM_JERSEYRAICES_3321_thumbnail.jpg', 'small_url': 'https://images4-g.ravelrycache.com/uploads/carmengarciadmora/888835940/CGM_JERSEYRAICES_3321_small_best_fit.jpg', 'flickr_url': None, 'shelved_url': 'https://images4-g.ravelrycache.com/uploads/carmengarciadmora/888835940/CGM_JERSEYRAICES_3321_shelved.jpg', 'medium2_url': 'https://images4-a.ravelrycache.com/uploads/carmengarciadmora/888835940/CGM_JERSEYRAICES_3321_medium2.jpg', 'small2_url': 'https://images4-g.ravelrycache.com/uploads/carmengarciadmora/888835940/CGM_JERSEYRAICES_3321_small2.jpg', 'caption': None, 'caption_html': None, 'copyright_holder': None}]"
Iridia Sweater,Katrine Hannibal at Önling,1290743,https://www.ravelry.com/patterns/library/iridia-sweater,False,https://images4-a.ravelrycache.com/uploads/katrinehannibal/888859644/IMG_9651_medium2.jpeg,Knitting,"['unisex', 'adult', 'oversized', 'plus', 'ribbed', 'crew-neck', 'sleeves', 'long-sleeve', 'raglan-sleeve', 'asymmetric', 'one-piece', 'seamless', 'short-rows', 'top-down', 'danish', 'positive-ease', 'written-pattern', 'worked-flat', 'in-the-round', 'provisional', 'stripes-colorwork', 'male', 'female']",16.0,0.0,True,4.0,,pullover,Aran,5,0.0,XS - 3 XL,"[{'id': 117006725, 'sort_order': 1, 'user_id': 2602922, 'x_offset': -5, 'y_offset': -35, 'square_url': 'https://images4-g.ravelrycache.com/uploads/katrinehannibal/888859644/IMG_9651_square.jpeg', 'medium_url': 'https://images4-g.ravelrycache.com/uploads/katrinehannibal/888859644/IMG_9651_medium.jpeg', 'thumbnail_url': 'https://images4-g.ravelrycache.com/uploads/katrinehannibal/888859644/IMG_9651_thumbnail.jpeg', 'small_url': 'https://images4-g.ravelrycache.com/uploads/katrinehannibal/888859644/IMG_9651_small.jpeg', 'flickr_url': None, 'shelved_url': 'https://images4-g.ravelrycache.com/uploads/katrinehannibal/888859644/IMG_9651_shelved.jpeg', 'medium2_url': 'https://images4-a.ravelrycache.com/uploads/katrinehannibal/888859644/IMG_9651_medium2.jpeg', 'small2_url': 'https://images4-f.ravelrycache.com/uploads/katrinehannibal/888859644/IMG_9651_small2.jpeg', 'caption': None, 'caption_html': None, 'copyright_holder': None}, {'id': 117006726, 'sort_order': 2, 'user_id': 2602922, 'x_offset': -5, 'y_offset': -35, 'square_url': 'https://images4-f.ravelrycache.com/uploads/katrinehannibal/888859944/IMG_9672_square.jpeg', 'medium_url': 'https://images4-f.ravelrycache.com/uploads/katrinehannibal/888859944/IMG_9672_medium.jpeg', 'thumbnail_url': 'https://images4-f.ravelrycache.com/uploads/katrinehannibal/888859944/IMG_9672_thumbnail.jpeg', 'small_url': 'https://images4-g.ravelrycache.com/uploads/katrinehannibal/888859944/IMG_9672_small.jpeg', 'flickr_url': None, 'shelved_url': 'https://images4-f.ravelrycache.com/uploads/katrinehannibal/888859944/IMG_9672_shelved.jpeg', 'medium2_url': 'https://images4-a.ravelrycache.com/uploads/katrinehannibal/888859944/IMG_9672_medium2.jpeg', 'small2_url': 'https://images4-g.ravelrycache.com/uploads/katrinehannibal/888859944/IMG_9672_small2.jpeg', 'caption': None, 'caption_html': None, 'copyright_holder': None}, {'id': 117006727, 'sort_order': 3, 'user_id': 2602922, 'x_offset': -5, 'y_offset': -35, 'square_url': 'https://images4-f.ravelrycache.com/uploads/katrinehannibal/888859953/IMG_9677_square.jpeg', 'medium_url': 'https://images4-f.ravelrycache.com/uploads/katrinehannibal/888859953/IMG_9677_medium.jpeg', 'thumbnail_url': 'https://images4-g.ravelrycache.com/uploads/katrinehannibal/888859953/IMG_9677_thumbnail.jpeg', 'small_url': 'https://images4-g.ravelrycache.com/uploads/katrinehannibal/888859953/IMG_9677_small.jpeg', 'flickr_url': None, 'shelved_url': 'https://images4-f.ravelrycache.com/uploads/katrinehannibal/888859953/IMG_9677_shelved.jpeg', 'medium2_url': 'https://images4-a.ravelrycache.com/uploads/katrinehannibal/888859953/IMG_9677_medium2.jpeg', 'small2_url': 'https://images4-g.ravelrycache.com/uploads/katrinehannibal/888859953/IMG_9677_small2.jpeg', 'caption': None, 'caption_html': None, 'copyright_holder': None}, {'id': 117006728, 'sort_order': 4, 'user_id': 2602922, 'x_offset': -5, 'y_offset': -35, 'square_url': 'https://images4-f.ravelrycache.com/uploads/katrinehannibal/888859965/IMG_9678_square.jpeg', 'medium_url': 'https://images4-f.ravelrycache.com/uploads/katrinehannibal/888859965/IMG_9678_medium.jpeg', 'thumbnail_url': 'https://images4-g.ravelrycache.com/uploads/katrinehannibal/888859965/IMG_9678_thumbnail.jpeg', 'small_url': 'https://images4-g.ravelrycache.com/uploads/katrinehannibal/888859965/IMG_9678_small.jpeg', 'flickr_url': None, 'shelved_url': 'https://images4-f.ravelrycache.com/uploads/katrinehannibal/888859965/IMG_9678_shelved.jpeg', 'medium2_url': 'https://images4-a.ravelrycache.com/uploads/katrinehannibal/888859965/IMG_9678_medium2.jpeg', 'small2_url': 'https://images4-g.ravelrycache.com/uploads/katrinehannibal/888859965/IMG_9678_small2.jpeg', 'caption': None, 'caption_html': None, 'copyright_holder': None}, {'id': 117006729, 'sort_order': 5, 'user_id': 2602922, 'x_offset': -5, 'y_offset': -35, 'square_url': 'https://images4-g.ravelrycache.com/uploads/katrinehannibal/888859645/IMG_9618_square.jpeg', 'medium_url': 'https://images4-g.ravelrycache.com/uploads/katrinehannibal/888859645/IMG_9618_medium.jpeg', 'thumbnail_url': 'https://images4-g.ravelrycache.com/uploads/katrinehannibal/888859645/IMG_9618_thumbnail.jpeg', 'small_url': 'https://images4-f.ravelrycache.com/uploads/katrinehannibal/888859645/IMG_9618_small.jpeg', 'flickr_url': None, 'shelved_url': 'https://images4-g.ravelrycache.com/uploads/katrinehannibal/888859645/IMG_9618_shelved.jpeg', 'medium2_url': 'https://images4-a.ravelrycache.com/uploads/katrinehannibal/888859645/IMG_9618_medium2.jpeg', 'small2_url': 'https://images4-f.ravelrycache.com/uploads/katrinehannibal/888859645/IMG_9618_small2.jpeg', 'caption': None, 'caption_html': None, 'copyright_holder': None}, {'id': 117006730, 'sort_order': 6, 'user_id': 2602922, 'x_offset': -5, 'y_offset': -35, 'square_url': 'https://images4-g.ravelrycache.com/uploads/katrinehannibal/888859627/IMG_9620_square.jpeg', 'medium_url': 'https://images4-g.ravelrycache.com/uploads/katrinehannibal/888859627/IMG_9620_medium.jpeg', 'thumbnail_url': 'https://images4-g.ravelrycache.com/uploads/katrinehannibal/888859627/IMG_9620_thumbnail.jpeg', 'small_url': 'https://images4-g.ravelrycache.com/uploads/katrinehannibal/888859627/IMG_9620_small.jpeg', 'flickr_url': None, 'shelved_url': 'https://images4-f.ravelrycache.com/uploads/katrinehannibal/888859627/IMG_9620_shelved.jpeg', 'medium2_url': 'https://images4-a.ravelrycache.com/uploads/katrinehannibal/888859627/IMG_9620_medium2.jpeg', 'small2_url': 'https://images4-f.ravelrycache.com/uploads/katrinehannibal/888859627/IMG_9620_small2.jpeg', 'caption': None, 'caption_html': None, 'copyright_holder': None}, {'id': 117006731, 'sort_order': 7, 'user_id': 2602922, 'x_offset': -5, 'y_offset': -35, 'square_url': 'https://images4-g.ravelrycache.com/uploads/katrinehannibal/888859641/IMG_9624_square.jpeg', 'medium_url': 'https://images4-g.ravelrycache.com/uploads/katrinehannibal/888859641/IMG_9624_medium.jpeg', 'thumbnail_url': 'https://images4-g.ravelrycache.com/uploads/katrinehannibal/888859641/IMG_9624_thumbnail.jpeg', 'small_url': 'https://images4-f.ravelrycache.com/uploads/katrinehannibal/888859641/IMG_9624_small.jpeg', 'flickr_url': None, 'shelved_url': 'https://images4-g.ravelrycache.com/uploads/katrinehannibal/888859641/IMG_9624_shelved.jpeg', 'medium2_url': 'https://images4-a.ravelrycache.com/uploads/katrinehannibal/888859641/IMG_9624_medium2.jpeg', 'small2_url': 'https://images4-f.ravelrycache.com/uploads/katrinehannibal/888859641/IMG_9624_small2.jpeg', 'caption': None, 'caption_html': None, 'copyright_holder': None}, {'id': 117006732, 'sort_order': 8, 'user_id': 2602922, 'x_offset': -5, 'y_offset': -35, 'square_url': 'https://images4-f.ravelrycache.com/uploads/katrinehannibal/888859654/IMG_9625_square.jpeg', 'medium_url': 'https://images4-f.ravelrycache.com/uploads/katrinehannibal/888859654/IMG_9625_medium.jpeg', 'thumbnail_url': 'https://images4-g.ravelrycache.com/uploads/katrinehannibal/888859654/IMG_9625_thumbnail.jpeg', 'small_url': 'https://images4-g.ravelrycache.com/uploads/katrinehannibal/888859654/IMG_9625_small.jpeg', 'flickr_url': None, 'shelved_url': 'https://images4-f.ravelrycache.com/uploads/katrinehannibal/888859654/IMG_9625_shelved.jpeg', 'medium2_url': 'https://images4-a.ravelrycache.com/uploads/katrinehannibal/888859654/IMG_9625_medium2.jpeg', 'small2_url': 'https://images4-g.ravelrycache.com/uploads/katrinehannibal/888859654/IMG_9625_small2.jpeg', 'caption': None, 'caption_html': None, 'copyright_holder': None}, {'id': 117006733, 'sort_order': 9, 'user_id': 2602922, 'x_offset': -5, 'y_offset': -35, 'square_url': 'https://images4-g.ravelrycache.com/uploads/katrinehannibal/888859651/IMG_9628_square.jpeg', 'medium_url': 'https://images4-g.ravelrycache.com/uploads/katrinehannibal/888859651/IMG_9628_medium.jpeg', 'thumbnail_url': 'https://images4-g.ravelrycache.com/uploads/katrinehannibal/888859651/IMG_9628_thumbnail.jpeg', 'small_url': 'https://images4-g.ravelrycache.com/uploads/katrinehannibal/888859651/IMG_9628_small.jpeg', 'flickr_url': None, 'shelved_url': 'https://images4-f.ravelrycache.com/uploads/katrinehannibal/888859651/IMG_9628_shelved.jpeg', 'medium2_url': 'https://images4-a.ravelrycache.com/uploads/katrinehannibal/888859651/IMG_9628_medium2.jpeg', 'small2_url': 'https://images4-f.ravelrycache.com/uploads/katrinehannibal/888859651/IMG_9628_small2.jpeg', 'caption': None, 'caption_html': None, 'copyright_holder': None}, {'id': 117006734, 'sort_order': 10, 'user_id': 2602922, 'x_offset': -5, 'y_offset': -35, 'square_url': 'https://images4-g.ravelrycache.com/uploads/katrinehannibal/888859647/IMG_9630_square.jpeg', 'medium_url': 'https://images4-g.ravelrycache.com/uploads/katrinehannibal/888859647/IMG_9630_medium.jpeg', 'thumbnail_url': 'https://images4-f.ravelrycache.com/uploads/katrinehannibal/888859647/IMG_9630_thumbnail.jpeg', 'small_url': 'https://images4-f.ravelrycache.com/uploads/katrinehannibal/888859647/IMG_9630_small.jpeg', 'flickr_url': None, 'shelved_url': 'https://images4-f.ravelrycache.com/uploads/katrinehannibal/888859647/IMG_9630_shelved.jpeg', 'medium2_url': 'https://images4-a.ravelrycache.com/uploads/katrinehannibal/888859647/IMG_9630_medium2.jpeg', 'small2_url': 'https://images4-f.ravelrycache.com/uploads/katrinehannibal/888859647/IMG_9630_small2.jpeg', 'caption': None, 'caption_html': None, 'copyright_holder': None}, {'id': 117006735, 'sort_order': 11, 'user_id': 2602922, 'x_offset': -5, 'y_offset': -35, 'square_url': 'https://images4-g.ravelrycache.com/uploads/katrinehannibal/888859618/IMG_9632_square.jpeg', 'medium_url': 'https://images4-g.ravelrycache.com/uploads/katrinehannibal/888859618/IMG_9632_medium.jpeg', 'thumbnail_url': 'https://images4-g.ravelrycache.com/uploads/katrinehannibal/888859618/IMG_9632_thumbnail.jpeg', 'small_url': 'https://images4-g.ravelrycache.com/uploads/katrinehannibal/888859618/IMG_9632_small.jpeg', 'flickr_url': None, 'shelved_url': 'https://images4-g.ravelrycache.com/uploads/katrinehannibal/888859618/IMG_9632_shelved.jpeg', 'medium2_url': 'https://images4-a.ravelrycache.com/uploads/katrinehannibal/888859618/IMG_9632_medium2.jpeg', 'small2_url': 'https://images4-f.ravelrycache.com/uploads/katrinehannibal/888859618/IMG_9632_small2.jpeg', 'caption': None, 'caption_html': None, 'copyright_holder': None}, {'id': 117006736, 'sort_order': 12, 'user_id': 2602922, 'x_offset': -5, 'y_offset': -35, 'square_url': 'https://images4-f.ravelrycache.com/uploads/katrinehannibal/888859646/IMG_9633_square.jpeg', 'medium_url': 'https://images4-f.ravelrycache.com/uploads/katrinehannibal/888859646/IMG_9633_medium.jpeg', 'thumbnail_url': 'https://images4-f.ravelrycache.com/uploads/katrinehannibal/888859646/IMG_9633_thumbnail.jpeg', 'small_url': 'https://images4-g.ravelrycache.com/uploads/katrinehannibal/888859646/IMG_9633_small.jpeg', 'flickr_url': None, 'shelved_url': 'https://images4-f.ravelrycache.com/uploads/katrinehannibal/888859646/IMG_9633_shelved.jpeg', 'medium2_url': 'https://images4-a.ravelrycache.com/uploads/katrinehannibal/888859646/IMG_9633_medium2.jpeg', 'small2_url': 'https://images4-g.ravelrycache.com/uploads/katrinehannibal/888859646/IMG_9633_small2.jpeg', 'caption': None, 'caption_html': None, 'copyright_holder': None}, {'id': 117006737, 'sort_order': 13, 'user_id': 2602922, 'x_offset': -5, 'y_offset': -35, 'square_url': 'https://images4-f.ravelrycache.com/uploads/katrinehannibal/888859613/IMG_9636_square.jpeg', 'medium_url': 'https://images4-f.ravelrycache.com/uploads/katrinehannibal/888859613/IMG_9636_medium.jpeg', 'thumbnail_url': 'https://images4-g.ravelrycache.com/uploads/katrinehannibal/888859613/IMG_9636_thumbnail.jpeg', 'small_url': 'https://images4-f.ravelrycache.com/uploads/katrinehannibal/888859613/IMG_9636_small.jpeg', 'flickr_url': None, 'shelved_url': 'https://images4-g.ravelrycache.com/uploads/katrinehannibal/888859613/IMG_9636_shelved.jpeg', 'medium2_url': 'https://images4-a.ravelrycache.com/uploads/katrinehannibal/888859613/IMG_9636_medium2.jpeg', 'small2_url': 'https://images4-g.ravelrycache.com/uploads/katrinehannibal/888859613/IMG_9636_small2.jpeg', 'caption': None, 'caption_html': None, 'copyright_holder': None}, {'id': 117006738, 'sort_order': 14, 'user_id': 2602922, 'x_offset': -5, 'y_offset': -35, 'square_url': 'https://images4-f.ravelrycache.com/uploads/katrinehannibal/888859628/IMG_9639_square.jpeg', 'medium_url': 'https://images4-f.ravelrycache.com/uploads/katrinehannibal/888859628/IMG_9639_medium.jpeg', 'thumbnail_url': 'https://images4-f.ravelrycache.com/uploads/katrinehannibal/888859628/IMG_9639_thumbnail.jpeg', 'small_url': 'https://images4-f.ravelrycache.com/uploads/katrinehannibal/888859628/IMG_9639_small.jpeg', 'flickr_url': None, 'shelved_url': 'https://images4-f.ravelrycache.com/uploads/katrinehannibal/888859628/IMG_9639_shelved.jpeg', 'medium2_url': 'https://images4-a.ravelrycache.com/uploads/katrinehannibal/888859628/IMG_9639_medium2.jpeg', 'small2_url': 'https://images4-g.ravelrycache.com/uploads/katrinehannibal/888859628/IMG_9639_small2.jpeg', 'caption': None, 'caption_html': None, 'copyright_holder': None}, {'id': 117006739, 'sort_order': 15, 'user_id': 2602922, 'x_offset': -5, 'y_offset': -35, 'square_url': 'https://images4-g.ravelrycache.com/uploads/katrinehannibal/888859631/IMG_9644_square.jpeg', 'medium_url': 'https://images4-g.ravelrycache.com/uploads/katrinehannibal/888859631/IMG_9644_medium.jpeg', 'thumbnail_url': 'https://images4-f.ravelrycache.com/uploads/katrinehannibal/888859631/IMG_9644_thumbnail.jpeg', 'small_url': 'https://images4-g.ravelrycache.com/uploads/katrinehannibal/888859631/IMG_9644_small.jpeg', 'flickr_url': None, 'shelved_url': 'https://images4-f.ravelrycache.com/uploads/katrinehannibal/888859631/IMG_9644_shelved.jpeg', 'medium2_url': 'https://images4-a.ravelrycache.com/uploads/katrinehannibal/888859631/IMG_9644_medium2.jpeg', 'small2_url': 'https://images4-f.ravelrycache.com/uploads/katrinehannibal/888859631/IMG_9644_small2.jpeg', 'caption': None, 'caption_html': None, 'copyright_holder': None}, {'id': 117006740, 'sort_order': 16, 'user_id': 2602922, 'x_offset': -5, 'y_offset': -35, 'square_url': 'https://images4-f.ravelrycache.com/uploads/katrinehannibal/888859632/IMG_9645_square.jpeg', 'medium_url': 'https://images4-f.ravelrycache.com/uploads/katrinehannibal/888859632/IMG_9645_medium.jpeg', 'thumbnail_url': 'https://images4-g.ravelrycache.com/uploads/katrinehannibal/888859632/IMG_9645_thumbnail.jpeg', 'small_url': 'https://images4-g.ravelrycache.com/uploads/katrinehannibal/888859632/IMG_9645_small.jpeg', 'flickr_url': None, 'shelved_url': 'https://images4-f.ravelrycache.com/uploads/katrinehannibal/888859632/IMG_9645_shelved.jpeg', 'medium2_url': 'https://images4-a.ravelrycache.com/uploads/katrinehannibal/888859632/IMG_9645_medium2.jpeg', 'small2_url': 'https://images4-g.ravelrycache.com/uploads/katrinehannibal/888859632/IMG_9645_small2.jpeg', 'caption': None, 'caption_html': None, 'copyright_holder': None}, {'id': 117006741, 'sort_order': 17, 'user_id': 2602922, 'x_offset': -5, 'y_offset': -35, 'square_url': 'https://images4-f.ravelrycache.com/uploads/katrinehannibal/888859956/IMG_9679_square.jpeg', 'medium_url': 'https://images4-f.ravelrycache.com/uploads/katrinehannibal/888859956/IMG_9679_medium.jpeg', 'thumbnail_url': 'https://images4-f.ravelrycache.com/uploads/katrinehannibal/888859956/IMG_9679_thumbnail.jpeg', 'small_url': 'https://images4-g.ravelrycache.com/uploads/katrinehannibal/888859956/IMG_9679_small.jpeg', 'flickr_url': None, 'shelved_url': 'https://images4-f.ravelrycache.com/uploads/katrinehannibal/888859956/IMG_9679_shelved.jpeg', 'medium2_url': 'https://images4-a.ravelrycache.com/uploads/katrinehannibal/888859956/IMG_9679_medium2.jpeg', 'small2_url': 'https://images4-g.ravelrycache.com/uploads/katrinehannibal/888859956/IMG_9679_small2.jpeg', 'caption': None, 'caption_html': None, 'copyright_holder': None}, {'id': 117006742, 'sort_order': 18, 'user_id': 2602922, 'x_offset': -5, 'y_offset': -35, 'square_url': 'https://images4-f.ravelrycache.com/uploads/katrinehannibal/888859945/IMG_9670_square.jpeg', 'medium_url': 'https://images4-f.ravelrycache.com/uploads/katrinehannibal/888859945/IMG_9670_medium.jpeg', 'thumbnail_url': 'https://images4-g.ravelrycache.com/uploads/katrinehannibal/888859945/IMG_9670_thumbnail.jpeg', 'small_url': 'https://images4-f.ravelrycache.com/uploads/katrinehannibal/888859945/IMG_9670_small.jpeg', 'flickr_url': None, 'shelved_url': 'https://images4-g.ravelrycache.com/uploads/katrinehannibal/888859945/IMG_9670_shelved.jpeg', 'medium2_url': 'https://images4-a.ravelrycache.com/uploads/katrinehannibal/888859945/IMG_9670_medium2.jpeg', 'small2_url': 'https://images4-g.ravelrycache.com/uploads/katrinehannibal/888859945/IMG_9670_small2.jpeg', 'caption': None, 'caption_html': None, 'copyright_holder': None}, {'id': 117006743, 'sort_order': 19, 'user_id': 2602922, 'x_offset': -5, 'y_offset': -35, 'square_url': 'https://images4-f.ravelrycache.com/uploads/katrinehannibal/888859970/IMG_9676_square.jpeg', 'medium_url': 'https://images4-f.ravelrycache.com/uploads/katrinehannibal/888859970/IMG_9676_medium.jpeg', 'thumbnail_url': 'https://images4-f.ravelrycache.com/uploads/katrinehannibal/888859970/IMG_9676_thumbnail.jpeg', 'small_url': 'https://images4-g.ravelrycache.com/uploads/katrinehannibal/888859970/IMG_9676_small.jpeg', 'flickr_url': None, 'shelved_url': 'https://images4-f.ravelrycache.com/uploads/katrinehannibal/888859970/IMG_9676_shelved.jpeg', 'medium2_url': 'https://images4-a.ravelrycache.com/uploads/katrinehannibal/888859970/IMG_9676_medium2.jpeg', 'small2_url': 'https://images4-g.ravelrycache.com/uploads/katrinehannibal/888859970/IMG_9676_small2.jpeg', 'caption': None, 'caption_html': None, 'copyright_holder': None}, {'id': 117006744, 'sort_order': 20, 'user_id': 2602922, 'x_offset': -5, 'y_offset': -35, 'square_url': 'https://images4-g.ravelrycache.com/uploads/katrinehannibal/888859658/IMG_9653_square.jpeg', 'medium_url': 'https://images4-g.ravelrycache.com/uploads/katrinehannibal/888859658/IMG_9653_medium.jpeg', 'thumbnail_url': 'https://images4-g.ravelrycache.com/uploads/katrinehannibal/888859658/IMG_9653_thumbnail.jpeg', 'small_url': 'https://images4-f.ravelrycache.com/uploads/katrinehannibal/888859658/IMG_9653_small.jpeg', 'flickr_url': None, 'shelved_url': 'https://images4-g.ravelrycache.com/uploads/katrinehannibal/888859658/IMG_9653_shelved.jpeg', 'medium2_url': 'https://images4-a.ravelrycache.com/uploads/katrinehannibal/888859658/IMG_9653_medium2.jpeg', 'small2_url': 'https://images4-f.ravelrycache.com/uploads/katrinehannibal/888859658/IMG_9653_small2.jpeg', 'caption': None, 'caption_html': None, 'copyright_holder': None}]"
Autumn Harvest Sweater,Chloe Elizabeth Birch,1290880,https://www.ravelry.com/patterns/library/autumn-harvest-sweater-2,False,https://images4-a.ravelrycache.com/uploads/ChloeElizabethB/1019927710/2_medium2.jpg,Knitting,"['mosaic', 'bottom-up', 'chart', 'written-pattern', 'worked-flat', 'female', 'teen', 'adult', 'seamed', 'long-sleeve', 'raglan-sleeve', 'mock-turtleneck', 'positive-ease', 'cuffed-sleeve', 'schematic']",12.0,0.0,True,4.0,Stockinette Stitch ,pullover,Super Bulky,4,0.0,"32-34 (36-38, 40-42, 44-46, 48-50)in / 81-86 (91-97, 102-107, 112-117, 122-127) cm","[{'id': 133216755, 'sort_order': 1, 'user_id': 7864458, 'x_offset': 0, 'y_offset': 0, 'square_url': 'https://images4-f.ravelrycache.com/uploads/ChloeElizabethB/1019927710/2_square.jpg', 'medium_url': 'https://images4-g.ravelrycache.com/uploads/ChloeElizabethB/1019927710/2_medium.jpg', 'thumbnail_url': 'https://images4-g.ravelrycache.com/uploads/ChloeElizabethB/1019927710/2_thumbnail.jpg', 'small_url': 'https://images4-g.ravelrycache.com/uploads/ChloeElizabethB/1019927710/2_small_best_fit.jpg', 'flickr_url': None, 'shelved_url': 'https://images4-f.ravelrycache.com/uploads/ChloeElizabethB/1019927710/2_shelved.jpg', 'medium2_url': 'https://images4-a.ravelrycache.com/uploads/ChloeElizabethB/1019927710/2_medium2.jpg', 'small2_url': 'https://images4-f.ravelrycache.com/uploads/ChloeElizabethB/1019927710/2_small2.jpg', 'caption': None, 'caption_html': None, 'copyright_holder': None}, {'id': 133216753, 'sort_order': 2, 'user_id': 7864458, 'x_offset': 0, 'y_offset': 0, 'square_url': 'https://images4-f.ravelrycache.com/uploads/ChloeElizabethB/1019927707/1_square.jpg', 'medium_url': 'https://images4-g.ravelrycache.com/uploads/ChloeElizabethB/1019927707/1_medium.jpg', 'thumbnail_url': 'https://images4-g.ravelrycache.com/uploads/ChloeElizabethB/1019927707/1_thumbnail.jpg', 'small_url': 'https://images4-f.ravelrycache.com/uploads/ChloeElizabethB/1019927707/1_small_best_fit.jpg', 'flickr_url': None, 'shelved_url': 'https://images4-g.ravelrycache.com/uploads/ChloeElizabethB/1019927707/1_shelved.jpg', 'medium2_url': 'https://images4-a.ravelrycache.com/uploads/ChloeElizabethB/1019927707/1_medium2.jpg', 'small2_url': 'https://images4-f.ravelrycache.com/uploads/ChloeElizabethB/1019927707/1_small2.jpg', 'caption': None, 'caption_html': None, 'copyright_holder': None}, {'id': 133216754, 'sort_order': 3, 'user_id': 7864458, 'x_offset': 0, 'y_offset': 0, 'square_url': 'https://images4-f.ravelrycache.com/uploads/ChloeElizabethB/1019927709/3_square.jpg', 'medium_url': 'https://images4-g.ravelrycache.com/uploads/ChloeElizabethB/1019927709/3_medium.jpg', 'thumbnail_url': 'https://images4-g.ravelrycache.com/uploads/ChloeElizabethB/1019927709/3_thumbnail.jpg', 'small_url': 'https://images4-f.ravelrycache.com/uploads/ChloeElizabethB/1019927709/3_small_best_fit.jpg', 'flickr_url': None, 'shelved_url': 'https://images4-f.ravelrycache.com/uploads/ChloeElizabethB/1019927709/3_shelved.jpg', 'medium2_url': 'https://images4-a.ravelrycache.com/uploads/ChloeElizabethB/1019927709/3_medium2.jpg', 'small2_url': 'https://images4-f.ravelrycache.com/uploads/ChloeElizabethB/1019927709/3_small2.jpg', 'caption': None, 'caption_html': None, 'copyright_holder': None}, {'id': 133216752, 'sort_order': 4, 'user_id': 7864458, 'x_offset': 0, 'y_offset': 0, 'square_url': 'https://images4-g.ravelrycache.com/uploads/ChloeElizabethB/1019927706/4_square.jpg', 'medium_url': 'https://images4-f.ravelrycache.com/uploads/ChloeElizabethB/1019927706/4_medium.jpg', 'thumbnail_url': 'https://images4-g.ravelrycache.com/uploads/ChloeElizabethB/1019927706/4_thumbnail.jpg', 'small_url': 'https://images4-f.ravelrycache.com/uploads/ChloeElizabethB/1019927706/4_small_best_fit.jpg', 'flickr_url': None, 'shelved_url': 'https://images4-g.ravelrycache.com/uploads/ChloeElizabethB/1019927706/4_shelved.jpg', 'medium2_url': 'https://images4-a.ravelrycache.com/uploads/ChloeElizabethB/1019927706/4_medium2.jpg', 'small2_url': 'https://images4-g.ravelrycache.com/uploads/ChloeElizabethB/1019927706/4_small2.jpg', 'caption': None, 'caption_html': None, 'copyright_holder': None}, {'id': 133216751, 'sort_order': 5, 'user_id': 7864458, 'x_offset': 0, 'y_offset': 0, 'square_url': 'https://images4-g.ravelrycache.com/uploads/ChloeElizabethB/1019927705/5_square.jpg', 'medium_url': 'https://images4-f.ravelrycache.com/uploads/ChloeElizabethB/1019927705/5_medium.jpg', 'thumbnail_url': 'https://images4-g.ravelrycache.com/uploads/ChloeElizabethB/1019927705/5_thumbnail.jpg', 'small_url': 'https://images4-g.ravelrycache.com/uploads/ChloeElizabethB/1019927705/5_small_best_fit.jpg', 'flickr_url': None, 'shelved_url': 'https://images4-g.ravelrycache.com/uploads/ChloeElizabethB/1019927705/5_shelved.jpg', 'medium2_url': 'https://images4-a.ravelrycache.com/uploads/ChloeElizabethB/1019927705/5_medium2.jpg', 'small2_url': 'https://images4-g.ravelrycache.com/uploads/ChloeElizabethB/1019927705/5_small2.jpg', 'caption': None, 'caption_html': None, 'copyright_holder': None}, {'id': 129287746, 'sort_order': 6, 'user_id': 1745012, 'x_offset': 0, 'y_offset': 0, 'square_url': 'https://images4-f.ravelrycache.com/uploads/crsp/881698523/519F6D56-3E52-4A9E-9B06-7E2F082EB9A1_square.jpeg', 'medium_url': 'https://images4-f.ravelrycache.com/uploads/crsp/881698523/519F6D56-3E52-4A9E-9B06-7E2F082EB9A1_medium.jpeg', 'thumbnail_url': 'https://images4-f.ravelrycache.com/uploads/crsp/881698523/519F6D56-3E52-4A9E-9B06-7E2F082EB9A1_thumbnail.jpeg', 'small_url': 'https://images4-g.ravelrycache.com/uploads/crsp/881698523/519F6D56-3E52-4A9E-9B06-7E2F082EB9A1_small_best_fit.jpeg', 'flickr_url': None, 'shelved_url': 'https://images4-g.ravelrycache.com/uploads/crsp/881698523/519F6D56-3E52-4A9E-9B06-7E2F082EB9A1_shelved.jpeg', 'medium2_url': 'https://images4-a.ravelrycache.com/uploads/crsp/881698523/519F6D56-3E52-4A9E-9B06-7E2F082EB9A1_medium2.jpeg', 'small2_url': 'https://images4-g.ravelrycache.com/uploads/crsp/881698523/519F6D56-3E52-4A9E-9B06-7E2F082EB9A1_small2.jpeg', 'caption': None, 'caption_html': None, 'copyright_holder': None}]"
Puffin Sweater,Joan of Dark aka Toni Carr,1290930,https://www.ravelry.com/patterns/library/puffin-sweater-3,False,https://images4-a.ravelrycache.com/uploads/SimplyCrochetMag/889000844/IG_TKN_183_PuffinSweater.m240L10003701_medium2.jpg,Knitting,"['circular-yoke', 'stranded', 'chart', 'written-pattern', 'stripes-colorwork', 'schematic']",,0.0,False,4.0,,pullover,Bulky,4,0.0,To fit bust 86-91cm/34-36in up to 137-142cm/54-56in,"[{'id': 117024195, 'sort_order': 1, 'user_id': 8010251, 'x_offset': 0, 'y_offset': 0, 'square_url': 'https://images4-f.ravelrycache.com/uploads/SimplyCrochetMag/889000844/IG_TKN_183_PuffinSweater.m240L10003701_square.jpg', 'medium_url': 'https://images4-g.ravelrycache.com/uploads/SimplyCrochetMag/889000844/IG_TKN_183_PuffinSweater.m240L10003701_medium.jpg', 'thumbnail_url': 'https://images4-f.ravelrycache.com/uploads/SimplyCrochetMag/889000844/IG_TKN_183_PuffinSweater.m240L10003701_thumbnail.jpg', 'small_url': 'https://images4-g.ravelrycache.com/uploads/SimplyCrochetMag/889000844/IG_TKN_183_PuffinSweater.m240L10003701_small_best_fit.jpg', 'flickr_url': None, 'shelved_url': 'https://images4-f.ravelrycache.com/uploads/SimplyCrochetMag/889000844/IG_TKN_183_PuffinSweater.m240L10003701_shelved.jpg', 'medium2_url': 'https://images4-a.ravelrycache.com/uploads/SimplyCrochetMag/889000844/IG_TKN_183_PuffinSweater.m240L10003701_medium2.jpg', 'small2_url': 'https://images4-f.ravelrycache.com/uploads/SimplyCrochetMag/889000844/IG_TKN_183_PuffinSweater.m240L10003701_small2.jpg', 'caption': None, 'caption_html': None, 'copyright_holder': None}]"
Mount Pearl,Jennifer Beale,1290983,https://www.ravelry.com/patterns/library/mount-pearl-2,False,https://images4-a.ravelrycache.com/uploads/knitjbeale/888940783/filler2_medium2.JPG,Knitting,"['eyelets', 'lace', 'ribbed', 'textured', 'v-neck', 'dolman-sleeve', 'aline', 'seamless', 'sideways', 'worked-flat', 'in-the-round', 'other-edging', 'twisted-stitches', 'three-needle-bind', 'modular']",25.0,5.875,True,4.0,Chart D lace,pullover,Sport,21,4.666666666666667,"1 (2, 3, 4) (5, 6, 7)","[{'id': 117026575, 'sort_order': 1, 'user_id': 5070261, 'x_offset': -43, 'y_offset': 0, 'square_url': 'https://images4-f.ravelrycache.com/uploads/knitjbeale/888940783/filler2_square.JPG', 'medium_url': 'https://images4-g.ravelrycache.com/uploads/knitjbeale/888940783/filler2_medium.JPG', 'thumbnail_url': 'https://images4-f.ravelrycache.com/uploads/knitjbeale/888940783/filler2_thumbnail.JPG', 'small_url': 'https://images4-f.ravelrycache.com/uploads/knitjbeale/888940783/filler2_small_best_fit.JPG', 'flickr_url': None, 'shelved_url': 'https://images4-f.ravelrycache.com/uploads/knitjbeale/888940783/filler2_shelved.JPG', 'medium2_url': 'https://images4-a.ravelrycache.com/uploads/knitjbeale/888940783/filler2_medium2.JPG', 'small2_url': 'https://images4-f.ravelrycache.com/uploads/knitjbeale/888940783/filler2_small2.JPG', 'caption': None, 'caption_html': None, 'copyright_holder': None}, {'id': 117026569, 'sort_order': 2, 'user_id': 5070261, 'x_offset': -3, 'y_offset': -1, 'square_url': 'https://images4-g.ravelrycache.com/uploads/knitjbeale/888940787/DSC_0567_square.JPG', 'medium_url': 'https://images4-f.ravelrycache.com/uploads/knitjbeale/888940787/DSC_0567_medium.JPG', 'thumbnail_url': 'https://images4-g.ravelrycache.com/uploads/knitjbeale/888940787/DSC_0567_thumbnail.JPG', 'small_url': 'https://images4-f.ravelrycache.com/uploads/knitjbeale/888940787/DSC_0567_small_best_fit.JPG', 'flickr_url': None, 'shelved_url': 'https://images4-f.ravelrycache.com/uploads/knitjbeale/888940787/DSC_0567_shelved.JPG', 'medium2_url': 'https://images4-a.ravelrycache.com/uploads/knitjbeale/888940787/DSC_0567_medium2.JPG', 'small2_url': 'https://images4-g.ravelrycache.com/uploads/knitjbeale/888940787/DSC_0567_small2.JPG', 'caption': None, 'caption_html': None, 'copyright_holder': None}, {'id': 117026568, 'sort_order': 3, 'user_id': 5070261, 'x_offset': -44, 'y_offset': -4, 'square_url': 'https://images4-g.ravelrycache.com/uploads/knitjbeale/888940789/DSC_0663_square.JPG', 'medium_url': 'https://images4-f.ravelrycache.com/uploads/knitjbeale/888940789/DSC_0663_medium.JPG', 'thumbnail_url': 'https://images4-f.ravelrycache.com/uploads/knitjbeale/888940789/DSC_0663_thumbnail.JPG', 'small_url': 'https://images4-g.ravelrycache.com/uploads/knitjbeale/888940789/DSC_0663_small_best_fit.JPG', 'flickr_url': None, 'shelved_url': 'https://images4-f.ravelrycache.com/uploads/knitjbeale/888940789/DSC_0663_shelved.JPG', 'medium2_url': 'https://images4-a.ravelrycache.com/uploads/knitjbeale/888940789/DSC_0663_medium2.JPG', 'small2_url': 'https://images4-g.ravelrycache.com/uploads/knitjbeale/888940789/DSC_0663_small2.JPG', 'caption': None, 'caption_html': None, 'copyright_holder': None}, {'id': 117026570, 'sort_order': 4, 'user_id': 5070261, 'x_offset': -1, 'y_offset': -26, 'square_url': 'https://images4-f.ravelrycache.com/uploads/knitjbeale/888942276/measurements_square.png', 'medium_url': 'https://images4-g.ravelrycache.com/uploads/knitjbeale/888942276/measurements_medium.png', 'thumbnail_url': 'https://images4-g.ravelrycache.com/uploads/knitjbeale/888942276/measurements_thumbnail.png', 'small_url': 'https://images4-g.ravelrycache.com/uploads/knitjbeale/888942276/measurements_small_best_fit.png', 'flickr_url': None, 'shelved_url': 'https://images4-f.ravelrycache.com/uploads/knitjbeale/888942276/measurements_shelved.png', 'medium2_url': 'https://images4-a.ravelrycache.com/uploads/knitjbeale/888942276/measurements_medium2.png', 'small2_url': 'https://images4-f.ravelrycache.com/uploads/knitjbeale/888942276/measurements_small2.png', 'caption': None, 'caption_html': None, 'copyright_holder': None}, {'id': 117026711, 'sort_order': 5, 'user_id': 678806, 'x_offset': -5, 'y_offset': -35, 'square_url': 'https://images4-g.ravelrycache.com/uploads/verdeazulado/886748961/7451875B-E93A-4CDC-8E8D-D8FEBE2F7D8E_square.jpeg', 'medium_url': 'https://images4-g.ravelrycache.com/uploads/verdeazulado/886748961/7451875B-E93A-4CDC-8E8D-D8FEBE2F7D8E_medium.jpeg', 'thumbnail_url': 'https://images4-g.ravelrycache.com/uploads/verdeazulado/886748961/7451875B-E93A-4CDC-8E8D-D8FEBE2F7D8E_thumbnail.jpeg', 'small_url': 'https://images4-g.ravelrycache.com/uploads/verdeazulado/886748961/7451875B-E93A-4CDC-8E8D-D8FEBE2F7D8E_small.jpeg', 'flickr_url': None, 'shelved_url': 'https://images4-g.ravelrycache.com/uploads/verdeazulado/886748961/7451875B-E93A-4CDC-8E8D-D8FEBE2F7D8E_shelved.jpeg', 'medium2_url': 'https://images4-a.ravelrycache.com/uploads/verdeazulado/886748961/7451875B-E93A-4CDC-8E8D-D8FEBE2F7D8E_medium2.jpeg', 'small2_url': 'https://images4-f.ravelrycache.com/uploads/verdeazulado/886748961/7451875B-E93A-4CDC-8E8D-D8FEBE2F7D8E_small2.jpeg', 'caption': None, 'caption_html': None, 'copyright_holder': None}, {'id': 117031692, 'sort_order': 6, 'user_id': 7998273, 'x_offset': 0, 'y_offset': -5, 'square_url': 'https://images4-f.ravelrycache.com/uploads/divinaoa/888727637/IMG_8481_square.heic', 'medium_url': 'https://images4-f.ravelrycache.com/uploads/divinaoa/888727637/IMG_8481_medium.heic', 'thumbnail_url': 'https://images4-g.ravelrycache.com/uploads/divinaoa/888727637/IMG_8481_thumbnail.heic', 'small_url': 'https://images4-f.ravelrycache.com/uploads/divinaoa/888727637/IMG_8481_small_best_fit.heic', 'flickr_url': None, 'shelved_url': 'https://images4-g.ravelrycache.com/uploads/divinaoa/888727637/IMG_8481_shelved.heic', 'medium2_url': 'https://images4-a.ravelrycache.com/uploads/divinaoa/888727637/IMG_8481_medium2.heic', 'small2_url': 'https://images4-g.ravelrycache.com/uploads/divinaoa/888727637/IMG_8481_small2.heic', 'caption': None, 'caption_html': None, 'copyright_holder': None}, {'id': 117026743, 'sort_order': 7, 'user_id': 6010438, 'x_offset': -5, 'y_offset': -35, 'square_url': 'https://images4-g.ravelrycache.com/uploads/kekoa73/882799924/IMG_3974_1__square.JPG', 'medium_url': 'https://images4-f.ravelrycache.com/uploads/kekoa73/882799924/IMG_3974_1__medium.JPG', 'thumbnail_url': 'https://images4-f.ravelrycache.com/uploads/kekoa73/882799924/IMG_3974_1__thumbnail.JPG', 'small_url': 'https://images4-g.ravelrycache.com/uploads/kekoa73/882799924/IMG_3974_1__small.JPG', 'flickr_url': None, 'shelved_url': 'https://images4-f.ravelrycache.com/uploads/kekoa73/882799924/IMG_3974_1__shelved.JPG', 'medium2_url': 'https://images4-a.ravelrycache.com/uploads/kekoa73/882799924/IMG_3974_1__medium2.JPG', 'small2_url': 'https://images4-g.ravelrycache.com/uploads/kekoa73/882799924/IMG_3974_1__small2.JPG', 'caption': None, 'caption_html': None, 'copyright_holder': None}, {'id': 117027099, 'sort_order': 8, 'user_id': 244191, 'x_offset': -5, 'y_offset': -35, 'square_url': 'https://images4-g.ravelrycache.com/uploads/Beetheknitter/887406355/C5A4E02F-20E4-4356-BEA1-B04BEA107C27_square.jpeg', 'medium_url': 'https://images4-g.ravelrycache.com/uploads/Beetheknitter/887406355/C5A4E02F-20E4-4356-BEA1-B04BEA107C27_medium.jpeg', 'thumbnail_url': 'https://images4-f.ravelrycache.com/uploads/Beetheknitter/887406355/C5A4E02F-20E4-4356-BEA1-B04BEA107C27_thumbnail.jpeg', 'small_url': 'https://images4-g.ravelrycache.com/uploads/Beetheknitter/887406355/C5A4E02F-20E4-4356-BEA1-B04BEA107C27_small.jpeg', 'flickr_url': None, 'shelved_url': 'https://images4-g.ravelrycache.com/uploads/Beetheknitter/887406355/C5A4E02F-20E4-4356-BEA1-B04BEA107C27_shelved.jpeg', 'medium2_url': 'https://images4-a.ravelrycache.com/uploads/Beetheknitter/887406355/C5A4E02F-20E4-4356-BEA1-B04BEA107C27_medium2.jpeg', 'small2_url': 'https://images4-f.ravelrycache.com/uploads/Beetheknitter/887406355/C5A4E02F-20E4-4356-BEA1-B04BEA107C27_small2.jpeg', 'caption': None, 'caption_html': None, 'copyright_holder': None}, {'id': 117026571, 'sort_order': 9, 'user_id': 5070261, 'x_offset': -1, 'y_offset': -51, 'square_url': 'https://images4-f.ravelrycache.com/uploads/knitjbeale/888940780/DSC_0622_square.JPG', 'medium_url': 'https://images4-g.ravelrycache.com/uploads/knitjbeale/888940780/DSC_0622_medium.JPG', 'thumbnail_url': 'https://images4-g.ravelrycache.com/uploads/knitjbeale/888940780/DSC_0622_thumbnail.JPG', 'small_url': 'https://images4-g.ravelrycache.com/uploads/knitjbeale/888940780/DSC_0622_small_best_fit.JPG', 'flickr_url': None, 'shelved_url': 'https://images4-g.ravelrycache.com/uploads/knitjbeale/888940780/DSC_0622_shelved.JPG', 'medium2_url': 'https://images4-a.ravelrycache.com/uploads/knitjbeale/888940780/DSC_0622_medium2.JPG', 'small2_url': 'https://images4-f.ravelrycache.com/uploads/knitjbeale/888940780/DSC_0622_small2.JPG', 'caption': None, 'caption_html': None, 'copyright_holder': None}, {'id': 117026572, 'sort_order': 10, 'user_id': 5070261, 'x_offset': -33, 'y_offset': 0, 'square_url': 'https://images4-g.ravelrycache.com/uploads/knitjbeale/888940775/DSC_0668_square.JPG', 'medium_url': 'https://images4-f.ravelrycache.com/uploads/knitjbeale/888940775/DSC_0668_medium.JPG', 'thumbnail_url': 'https://images4-f.ravelrycache.com/uploads/knitjbeale/888940775/DSC_0668_thumbnail.JPG', 'small_url': 'https://images4-f.ravelrycache.com/uploads/knitjbeale/888940775/DSC_0668_small_best_fit.JPG', 'flickr_url': None, 'shelved_url': 'https://images4-f.ravelrycache.com/uploads/knitjbeale/888940775/DSC_0668_shelved.JPG', 'medium2_url': 'https://images4-a.ravelrycache.com/uploads/knitjbeale/888940775/DSC_0668_medium2.JPG', 'small2_url': 'https://images4-g.ravelrycache.com/uploads/knitjbeale/888940775/DSC_0668_small2.JPG', 'caption': None, 'caption_html': None, 'copyright_holder': None}, {'id': 117026573, 'sort_order': 11, 'user_id': 5070261, 'x_offset': 0, 'y_offset': -43, 'square_url': 'https://images4-f.ravelrycache.com/uploads/knitjbeale/888940774/DSC_0736_square.JPG', 'medium_url': 'https://images4-g.ravelrycache.com/uploads/knitjbeale/888940774/DSC_0736_medium.JPG', 'thumbnail_url': 'https://images4-f.ravelrycache.com/uploads/knitjbeale/888940774/DSC_0736_thumbnail.JPG', 'small_url': 'https://images4-g.ravelrycache.com/uploads/knitjbeale/888940774/DSC_0736_small_best_fit.JPG', 'flickr_url': None, 'shelved_url': 'https://images4-g.ravelrycache.com/uploads/knitjbeale/888940774/DSC_0736_shelved.JPG', 'medium2_url': 'https://images4-a.ravelrycache.com/uploads/knitjbeale/888940774/DSC_0736_medium2.JPG', 'small2_url': 'https://images4-f.ravelrycache.com/uploads/knitjbeale/888940774/DSC_0736_small2.JPG', 'caption': None, 'caption_html': None, 'copyright_holder': None}, {'id': 117026567, 'sort_order': 12, 'user_id': 5070261, 'x_offset': 4, 'y_offset': -34, 'square_url': 'https://images4-f.ravelrycache.com/uploads/knitjbeale/888940788/front_square.JPG', 'medium_url': 'https://images4-g.ravelrycache.com/uploads/knitjbeale/888940788/front_medium.JPG', 'thumbnail_url': 'https://images4-f.ravelrycache.com/uploads/knitjbeale/888940788/front_thumbnail.JPG', 'small_url': 'https://images4-f.ravelrycache.com/uploads/knitjbeale/888940788/front_small_best_fit.JPG', 'flickr_url': None, 'shelved_url': 'https://images4-g.ravelrycache.com/uploads/knitjbeale/888940788/front_shelved.JPG', 'medium2_url': 'https://images4-a.ravelrycache.com/uploads/knitjbeale/888940788/front_medium2.JPG', 'small2_url': 'https://images4-f.ravelrycache.com/uploads/knitjbeale/888940788/front_small2.JPG', 'caption': None, 'caption_html': None, 'copyright_holder': None}, {'id': 117026574, 'sort_order': 13, 'user_id': 5070261, 'x_offset': -6, 'y_offset': -5, 'square_url': 'https://images4-g.ravelrycache.com/uploads/knitjbeale/888940776/filler_square.JPG', 'medium_url': 'https://images4-f.ravelrycache.com/uploads/knitjbeale/888940776/filler_medium.JPG', 'thumbnail_url': 'https://images4-g.ravelrycache.com/uploads/knitjbeale/888940776/filler_thumbnail.JPG', 'small_url': 'https://images4-f.ravelrycache.com/uploads/knitjbeale/888940776/filler_small_best_fit.JPG', 'flickr_url': None, 'shelved_url': 'https://images4-g.ravelrycache.com/uploads/knitjbeale/888940776/filler_shelved.JPG', 'medium2_url': 'https://images4-a.ravelrycache.com/uploads/knitjbeale/888940776/filler_medium2.JPG', 'small2_url': 'https://images4-g.ravelrycache.com/uploads/knitjbeale/888940776/filler_small2.JPG', 'caption': None, 'caption_html': None, 'copyright_holder': None}, {'id': 117026576, 'sort_order': 14, 'user_id': 5070261, 'x_offset': -89, 'y_offset': -4, 'square_url': 'https://images4-g.ravelrycache.com/uploads/knitjbeale/888940773/DSC_0684_square.JPG', 'medium_url': 'https://images4-f.ravelrycache.com/uploads/knitjbeale/888940773/DSC_0684_medium.JPG', 'thumbnail_url': 'https://images4-f.ravelrycache.com/uploads/knitjbeale/888940773/DSC_0684_thumbnail.JPG', 'small_url': 'https://images4-g.ravelrycache.com/uploads/knitjbeale/888940773/DSC_0684_small_best_fit.JPG', 'flickr_url': None, 'shelved_url': 'https://images4-f.ravelrycache.com/uploads/knitjbeale/888940773/DSC_0684_shelved.JPG', 'medium2_url': 'https://images4-a.ravelrycache.com/uploads/knitjbeale/888940773/DSC_0684_medium2.JPG', 'small2_url': 'https://images4-g.ravelrycache.com/uploads/knitjbeale/888940773/DSC_0684_small2.JPG', 'caption': None, 'caption_html': None, 'copyright_holder': None}, {'id': 117026577, 'sort_order': 15, 'user_id': 5070261, 'x_offset': 0, 'y_offset': -80, 'square_url': 'https://images4-f.ravelrycache.com/uploads/knitjbeale/888940786/DSC_0634_square.JPG', 'medium_url': 'https://images4-g.ravelrycache.com/uploads/knitjbeale/888940786/DSC_0634_medium.JPG', 'thumbnail_url': 'https://images4-g.ravelrycache.com/uploads/knitjbeale/888940786/DSC_0634_thumbnail.JPG', 'small_url': 'https://images4-f.ravelrycache.com/uploads/knitjbeale/888940786/DSC_0634_small_best_fit.JPG', 'flickr_url': None, 'shelved_url': 'https://images4-g.ravelrycache.com/uploads/knitjbeale/888940786/DSC_0634_shelved.JPG', 'medium2_url': 'https://images4-a.ravelrycache.com/uploads/knitjbeale/888940786/DSC_0634_medium2.JPG', 'small2_url': 'https://images4-f.ravelrycache.com/uploads/knitjbeale/888940786/DSC_0634_small2.JPG', 'caption': None, 'caption_html': None, 'copyright_holder': None}, {'id': 117026578, 'sort_order': 16, 'user_id': 5070261, 'x_offset': 1, 'y_offset': -36, 'square_url': 'https://images4-g.ravelrycache.com/uploads/knitjbeale/888940772/DSC_0571_square.JPG', 'medium_url': 'https://images4-f.ravelrycache.com/uploads/knitjbeale/888940772/DSC_0571_medium.JPG', 'thumbnail_url': 'https://images4-g.ravelrycache.com/uploads/knitjbeale/888940772/DSC_0571_thumbnail.JPG', 'small_url': 'https://images4-f.ravelrycache.com/uploads/knitjbeale/888940772/DSC_0571_small_best_fit.JPG', 'flickr_url': None, 'shelved_url': 'https://images4-f.ravelrycache.com/uploads/knitjbeale/888940772/DSC_0571_shelved.JPG', 'medium2_url': 'https://images4-a.ravelrycache.com/uploads/knitjbeale/888940772/DSC_0571_medium2.JPG', 'small2_url': 'https://images4-g.ravelrycache.com/uploads/knitjbeale/888940772/DSC_0571_small2.JPG', 'caption': None, 'caption_html': None, 'copyright_holder': None}, {'id': 117026579, 'sort_order': 17, 'user_id': 5070261, 'x_offset': 4, 'y_offset': -36, 'square_url': 'https://images4-f.ravelrycache.com/uploads/knitjbeale/888940790/back2_square.JPG', 'medium_url': 'https://images4-g.ravelrycache.com/uploads/knitjbeale/888940790/back2_medium.JPG', 'thumbnail_url': 'https://images4-g.ravelrycache.com/uploads/knitjbeale/888940790/back2_thumbnail.JPG', 'small_url': 'https://images4-g.ravelrycache.com/uploads/knitjbeale/888940790/back2_small_best_fit.JPG', 'flickr_url': None, 'shelved_url': 'https://images4-g.ravelrycache.com/uploads/knitjbeale/888940790/back2_shelved.JPG', 'medium2_url': 'https://images4-a.ravelrycache.com/uploads/knitjbeale/888940790/back2_medium2.JPG', 'small2_url': 'https://images4-f.ravelrycache.com/uploads/knitjbeale/888940790/back2_small2.JPG', 'caption': None, 'caption_html': None, 'copyright_holder': None}, {'id': 117026580, 'sort_order': 18, 'user_id': 5070261, 'x_offset': 0, 'y_offset': -43, 'square_url': 'https://images4-f.ravelrycache.com/uploads/knitjbeale/888940781/back_square.JPG', 'medium_url': 'https://images4-g.ravelrycache.com/uploads/knitjbeale/888940781/back_medium.JPG', 'thumbnail_url': 'https://images4-f.ravelrycache.com/uploads/knitjbeale/888940781/back_thumbnail.JPG', 'small_url': 'https://images4-f.ravelrycache.com/uploads/knitjbeale/888940781/back_small_best_fit.JPG', 'flickr_url': None, 'shelved_url': 'https://images4-g.ravelrycache.com/uploads/knitjbeale/888940781/back_shelved.JPG', 'medium2_url': 'https://images4-a.ravelrycache.com/uploads/knitjbeale/888940781/back_medium2.JPG', 'small2_url': 'https://images4-f.ravelrycache.com/uploads/knitjbeale/888940781/back_small2.JPG', 'caption': None, 'caption_html': None, 'copyright_holder': None}]"
Strand Sweater,Samantha Xavier,1291233,https://www.ravelry.com/patterns/library/strand-sweater,False,https://images4-a.ravelrycache.com/uploads/thestrikkechick/889222314/Untitled-4_medium2.png,Knitting,"['teen', 'adult', 'petite', 'plus', 'fitted', 'eyelets', 'ribbed', 'textured', 'collar', 'kitchener', 'seamless', 'short-rows', 'bottom-up', 'positive-ease', 'chart', 'written-pattern', 'in-the-round', 'twisted-stitches', 'schematic']",20.0,3.0,True,4.0,Stockinette,pullover,DK,12,4.333333333333333,1 - 9 (80 cm - 160 cm),"[{'id': 117052031, 'sort_order': 1, 'user_id': 10253039, 'x_offset': 0, 'y_offset': 0, 'square_url': 'https://images4-g.ravelrycache.com/uploads/thestrikkechick/889222314/Untitled-4_square.png', 'medium_url': 'https://images4-f.ravelrycache.com/uploads/thestrikkechick/889222314/Untitled-4_medium.png', 'thumbnail_url': 'https://images4-g.ravelrycache.com/uploads/thestrikkechick/889222314/Untitled-4_thumbnail.png', 'small_url': 'https://images4-g.ravelrycache.com/uploads/thestrikkechick/889222314/Untitled-4_small_best_fit.png', 'flickr_url': None, 'shelved_url': 'https://images4-g.ravelrycache.com/uploads/thestrikkechick/889222314/Untitled-4_shelved.png', 'medium2_url': 'https://images4-a.ravelrycache.com/uploads/thestrikkechick/889222314/Untitled-4_medium2.png', 'small2_url': 'https://images4-g.ravelrycache.com/uploads/thestrikkechick/889222314/Untitled-4_small2.png', 'caption': None, 'caption_html': None, 'copyright_holder': None}, {'id': 117052032, 'sort_order': 2, 'user_id': 10253039, 'x_offset': 0, 'y_offset': 0, 'square_url': 'https://images4-g.ravelrycache.com/uploads/thestrikkechick/889222295/Untitled-5_square.png', 'medium_url': 'https://images4-f.ravelrycache.com/uploads/thestrikkechick/889222295/Untitled-5_medium.png', 'thumbnail_url': 'https://images4-g.ravelrycache.com/uploads/thestrikkechick/889222295/Untitled-5_thumbnail.png', 'small_url': 'https://images4-g.ravelrycache.com/uploads/thestrikkechick/889222295/Untitled-5_small_best_fit.png', 'flickr_url': None, 'shelved_url': 'https://images4-f.ravelrycache.com/uploads/thestrikkechick/889222295/Untitled-5_shelved.png', 'medium2_url': 'https://images4-a.ravelrycache.com/uploads/thestrikkechick/889222295/Untitled-5_medium2.png', 'small2_url': 'https://images4-g.ravelrycache.com/uploads/thestrikkechick/889222295/Untitled-5_small2.png', 'caption': None, 'caption_html': None, 'copyright_holder': None}, {'id': 117052033, 'sort_order': 3, 'user_id': 10253039, 'x_offset': 0, 'y_offset': 0, 'square_url': 'https://images4-g.ravelrycache.com/uploads/thestrikkechick/889222334/Untitled-6_square.png', 'medium_url': 'https://images4-f.ravelrycache.com/uploads/thestrikkechick/889222334/Untitled-6_medium.png', 'thumbnail_url': 'https://images4-g.ravelrycache.com/uploads/thestrikkechick/889222334/Untitled-6_thumbnail.png', 'small_url': 'https://images4-f.ravelrycache.com/uploads/thestrikkechick/889222334/Untitled-6_small_best_fit.png', 'flickr_url': None, 'shelved_url': 'https://images4-f.ravelrycache.com/uploads/thestrikkechick/889222334/Untitled-6_shelved.png', 'medium2_url': 'https://images4-a.ravelrycache.com/uploads/thestrikkechick/889222334/Untitled-6_medium2.png', 'small2_url': 'https://images4-g.ravelrycache.com/uploads/thestrikkechick/889222334/Untitled-6_small2.png', 'caption': None, 'caption_html': None, 'copyright_holder': None}, {'id': 117052034, 'sort_order': 4, 'user_id': 10253039, 'x_offset': 0, 'y_offset': 0, 'square_url': 'https://images4-f.ravelrycache.com/uploads/thestrikkechick/889222384/Untitled-3_square.png', 'medium_url': 'https://images4-g.ravelrycache.com/uploads/thestrikkechick/889222384/Untitled-3_medium.png', 'thumbnail_url': 'https://images4-f.ravelrycache.com/uploads/thestrikkechick/889222384/Untitled-3_thumbnail.png', 'small_url': 'https://images4-f.ravelrycache.com/uploads/thestrikkechick/889222384/Untitled-3_small_best_fit.png', 'flickr_url': None, 'shelved_url': 'https://images4-f.ravelrycache.com/uploads/thestrikkechick/889222384/Untitled-3_shelved.png', 'medium2_url': 'https://images4-a.ravelrycache.com/uploads/thestrikkechick/889222384/Untitled-3_medium2.png', 'small2_url': 'https://images4-f.ravelrycache.com/uploads/thestrikkechick/889222384/Untitled-3_small2.png', 'caption': None, 'caption_html': None, 'copyright_holder': None}, {'id': 117052035, 'sort_order': 5, 'user_id': 10253039, 'x_offset': 0, 'y_offset': 0, 'square_url': 'https://images4-f.ravelrycache.com/uploads/thestrikkechick/889222428/Untitled-2_square.png', 'medium_url': 'https://images4-g.ravelrycache.com/uploads/thestrikkechick/889222428/Untitled-2_medium.png', 'thumbnail_url': 'https://images4-g.ravelrycache.com/uploads/thestrikkechick/889222428/Untitled-2_thumbnail.png', 'small_url': 'https://images4-g.ravelrycache.com/uploads/thestrikkechick/889222428/Untitled-2_small_best_fit.png', 'flickr_url': None, 'shelved_url': 'https://images4-f.ravelrycache.com/uploads/thestrikkechick/889222428/Untitled-2_shelved.png', 'medium2_url': 'https://images4-a.ravelrycache.com/uploads/thestrikkechick/889222428/Untitled-2_medium2.png', 'small2_url': 'https://images4-f.ravelrycache.com/uploads/thestrikkechick/889222428/Untitled-2_small2.png', 'caption': None, 'caption_html': None, 'copyright_holder': None}, {'id': 117052036, 'sort_order': 6, 'user_id': 10253039, 'x_offset': 0, 'y_offset': 0, 'square_url': 'https://images4-g.ravelrycache.com/uploads/thestrikkechick/889222471/Untitled-1_square.png', 'medium_url': 'https://images4-f.ravelrycache.com/uploads/thestrikkechick/889222471/Untitled-1_medium.png', 'thumbnail_url': 'https://images4-f.ravelrycache.com/uploads/thestrikkechick/889222471/Untitled-1_thumbnail.png', 'small_url': 'https://images4-g.ravelrycache.com/uploads/thestrikkechick/889222471/Untitled-1_small_best_fit.png', 'flickr_url': None, 'shelved_url': 'https://images4-g.ravelrycache.com/uploads/thestrikkechick/889222471/Untitled-1_shelved.png', 'medium2_url': 'https://images4-a.ravelrycache.com/uploads/thestrikkechick/889222471/Untitled-1_medium2.png', 'small2_url': 'https://images4-g.ravelrycache.com/uploads/thestrikkechick/889222471/Untitled-1_small2.png', 'caption': None, 'caption_html': None, 'copyright_holder': None}]"
Ullr,Ann Budd,1291267,https://www.ravelry.com/patterns/library/ullr,False,https://images4-a.ravelrycache.com/uploads/AnnBudd/887585919/Chris_in_Ullr__cropped_medium2.jpg,Knitting,"['unisex', 'teen', 'adult', 'modular', 'selvedge', 'one-piece', 'seamless', 'top-down', 'worked-flat', 'in-the-round', 'crew-neck', 'saddle-shoulder', 'chart', 'written-pattern', 'schematic']",23.0,0.0,True,4.0,Twisted rib pattern,pullover,Sport,2,0.0,"About 39 (42 1/4, 45 3/4, 49 1/4, 521 /2) (56, 59 1/2, 62 3/4, 66 1/4)” (99 [107.5, 116, 125, 133.5] [142, 151, 159.5, 168.5] cm) chest/bust circumference.","[{'id': 117055757, 'sort_order': 1, 'user_id': 174011, 'x_offset': 0, 'y_offset': -40, 'square_url': 'https://images4-g.ravelrycache.com/uploads/AnnBudd/887585919/Chris_in_Ullr__cropped_square.jpg', 'medium_url': 'https://images4-f.ravelrycache.com/uploads/AnnBudd/887585919/Chris_in_Ullr__cropped_medium.jpg', 'thumbnail_url': 'https://images4-g.ravelrycache.com/uploads/AnnBudd/887585919/Chris_in_Ullr__cropped_thumbnail.jpg', 'small_url': 'https://images4-f.ravelrycache.com/uploads/AnnBudd/887585919/Chris_in_Ullr__cropped_small_best_fit.jpg', 'flickr_url': None, 'shelved_url': 'https://images4-f.ravelrycache.com/uploads/AnnBudd/887585919/Chris_in_Ullr__cropped_shelved.jpg', 'medium2_url': 'https://images4-a.ravelrycache.com/uploads/AnnBudd/887585919/Chris_in_Ullr__cropped_medium2.jpg', 'small2_url': 'https://images4-g.ravelrycache.com/uploads/AnnBudd/887585919/Chris_in_Ullr__cropped_small2.jpg', 'caption': None, 'caption_html': None, 'copyright_holder': None}, {'id': 117055758, 'sort_order': 2, 'user_id': 174011, 'x_offset': 0, 'y_offset': -11, 'square_url': 'https://images4-f.ravelrycache.com/uploads/AnnBudd/887587422/Ullr_fabric_detail__cropped_square.jpg', 'medium_url': 'https://images4-g.ravelrycache.com/uploads/AnnBudd/887587422/Ullr_fabric_detail__cropped_medium.jpg', 'thumbnail_url': 'https://images4-f.ravelrycache.com/uploads/AnnBudd/887587422/Ullr_fabric_detail__cropped_thumbnail.jpg', 'small_url': 'https://images4-f.ravelrycache.com/uploads/AnnBudd/887587422/Ullr_fabric_detail__cropped_small_best_fit.jpg', 'flickr_url': None, 'shelved_url': 'https://images4-g.ravelrycache.com/uploads/AnnBudd/887587422/Ullr_fabric_detail__cropped_shelved.jpg', 'medium2_url': 'https://images4-a.ravelrycache.com/uploads/AnnBudd/887587422/Ullr_fabric_detail__cropped_medium2.jpg', 'small2_url': 'https://images4-f.ravelrycache.com/uploads/AnnBudd/887587422/Ullr_fabric_detail__cropped_small2.jpg', 'caption': None, 'caption_html': None, 'copyright_holder': None}, {'id': 117055759, 'sort_order': 3, 'user_id': 174011, 'x_offset': -26, 'y_offset': 0, 'square_url': 'https://images4-g.ravelrycache.com/uploads/AnnBudd/887587401/Ullr_shoulder_detail_1__cropped_square.jpg', 'medium_url': 'https://images4-f.ravelrycache.com/uploads/AnnBudd/887587401/Ullr_shoulder_detail_1__cropped_medium.jpg', 'thumbnail_url': 'https://images4-f.ravelrycache.com/uploads/AnnBudd/887587401/Ullr_shoulder_detail_1__cropped_thumbnail.jpg', 'small_url': 'https://images4-f.ravelrycache.com/uploads/AnnBudd/887587401/Ullr_shoulder_detail_1__cropped_small_best_fit.jpg', 'flickr_url': None, 'shelved_url': 'https://images4-f.ravelrycache.com/uploads/AnnBudd/887587401/Ullr_shoulder_detail_1__cropped_shelved.jpg', 'medium2_url': 'https://images4-a.ravelrycache.com/uploads/AnnBudd/887587401/Ullr_shoulder_detail_1__cropped_medium2.jpg', 'small2_url': 'https://images4-g.ravelrycache.com/uploads/AnnBudd/887587401/Ullr_shoulder_detail_1__cropped_small2.jpg', 'caption': None, 'caption_html': None, 'copyright_holder': None}, {'id': 117055760, 'sort_order': 4, 'user_id': 174011, 'x_offset': -1, 'y_offset': -35, 'square_url': 'https://images4-f.ravelrycache.com/uploads/AnnBudd/887587386/Ullr_cuff_detail_1__cropped_square.jpg', 'medium_url': 'https://images4-g.ravelrycache.com/uploads/AnnBudd/887587386/Ullr_cuff_detail_1__cropped_medium.jpg', 'thumbnail_url': 'https://images4-g.ravelrycache.com/uploads/AnnBudd/887587386/Ullr_cuff_detail_1__cropped_thumbnail.jpg', 'small_url': 'https://images4-g.ravelrycache.com/uploads/AnnBudd/887587386/Ullr_cuff_detail_1__cropped_small.jpg', 'flickr_url': None, 'shelved_url': 'https://images4-f.ravelrycache.com/uploads/AnnBudd/887587386/Ullr_cuff_detail_1__cropped_shelved.jpg', 'medium2_url': 'https://images4-a.ravelrycache.com/uploads/AnnBudd/887587386/Ullr_cuff_detail_1__cropped_medium2.jpg', 'small2_url': 'https://images4-f.ravelrycache.com/uploads/AnnBudd/887587386/Ullr_cuff_detail_1__cropped_small2.jpg', 'caption': None, 'caption_html': None, 'copyright_holder': None}]"
Ingrid Marie sweater (child),Maria Björnståhl,1291274,https://www.ravelry.com/patterns/library/ingrid-marie-sweater-child,False,https://images4-a.ravelrycache.com/uploads/Miamariasmultron/889251564/20221126_143446_medium2.jpg,Knitting,"['unisex', 'baby', 'child', 'stranded', 'top-down', 'positive-ease', 'chart', 'written-pattern', 'circular-yoke']",26.0,0.0,True,4.0,,child,Fingering,6,0.0,6 months (1 yr.) 18 months (2 yrs.) 3-4 yrs. (5-6 yrs.) 7-8 yrs.,"[{'id': 117056583, 'sort_order': 1, 'user_id': 8553889, 'x_offset': -5, 'y_offset': -35, 'square_url': 'https://images4-g.ravelrycache.com/uploads/Miamariasmultron/889251564/20221126_143446_square.jpg', 'medium_url': 'https://images4-f.ravelrycache.com/uploads/Miamariasmultron/889251564/20221126_143446_medium.jpg', 'thumbnail_url': 'https://images4-f.ravelrycache.com/uploads/Miamariasmultron/889251564/20221126_143446_thumbnail.jpg', 'small_url': 'https://images4-f.ravelrycache.com/uploads/Miamariasmultron/889251564/20221126_143446_small.jpg', 'flickr_url': None, 'shelved_url': 'https://images4-g.ravelrycache.com/uploads/Miamariasmultron/889251564/20221126_143446_shelved.jpg', 'medium2_url': 'https://images4-a.ravelrycache.com/uploads/Miamariasmultron/889251564/20221126_143446_medium2.jpg', 'small2_url': 'https://images4-g.ravelrycache.com/uploads/Miamariasmultron/889251564/20221126_143446_small2.jpg', 'caption': None, 'caption_html': None, 'copyright_holder': None}, {'id': 117056577, 'sort_order': 2, 'user_id': 8553889, 'x_offset': -5, 'y_offset': -35, 'square_url': 'https://images4-f.ravelrycache.com/uploads/Miamariasmultron/889252264/20221126_143535_square.jpg', 'medium_url': 'https://images4-g.ravelrycache.com/uploads/Miamariasmultron/889252264/20221126_143535_medium.jpg', 'thumbnail_url': 'https://images4-f.ravelrycache.com/uploads/Miamariasmultron/889252264/20221126_143535_thumbnail.jpg', 'small_url': 'https://images4-g.ravelrycache.com/uploads/Miamariasmultron/889252264/20221126_143535_small.jpg', 'flickr_url': None, 'shelved_url': 'https://images4-f.ravelrycache.com/uploads/Miamariasmultron/889252264/20221126_143535_shelved.jpg', 'medium2_url': 'https://images4-a.ravelrycache.com/uploads/Miamariasmultron/889252264/20221126_143535_medium2.jpg', 'small2_url': 'https://images4-f.ravelrycache.com/uploads/Miamariasmultron/889252264/20221126_143535_small2.jpg', 'caption': None, 'caption_html': None, 'copyright_holder': None}, {'id': 117056580, 'sort_order': 3, 'user_id': 8553889, 'x_offset': 0, 'y_offset': -50, 'square_url': 'https://images4-g.ravelrycache.com/uploads/Miamariasmultron/889251605/20221126_143127_square.jpg', 'medium_url': 'https://images4-f.ravelrycache.com/uploads/Miamariasmultron/889251605/20221126_143127_medium.jpg', 'thumbnail_url': 'https://images4-f.ravelrycache.com/uploads/Miamariasmultron/889251605/20221126_143127_thumbnail.jpg', 'small_url': 'https://images4-f.ravelrycache.com/uploads/Miamariasmultron/889251605/20221126_143127_small_best_fit.jpg', 'flickr_url': None, 'shelved_url': 'https://images4-g.ravelrycache.com/uploads/Miamariasmultron/889251605/20221126_143127_shelved.jpg', 'medium2_url': 'https://images4-a.ravelrycache.com/uploads/Miamariasmultron/889251605/20221126_143127_medium2.jpg', 'small2_url': 'https://images4-g.ravelrycache.com/uploads/Miamariasmultron/889251605/20221126_143127_small2.jpg', 'caption': None, 'caption_html': None, 'copyright_holder': None}, {'id': 117056579, 'sort_order': 4, 'user_id': 8553889, 'x_offset': -5, 'y_offset': -35, 'square_url': 'https://images4-g.ravelrycache.com/uploads/Miamariasmultron/889258084/20221126_144420__1__square.jpg', 'medium_url': 'https://images4-f.ravelrycache.com/uploads/Miamariasmultron/889258084/20221126_144420__1__medium.jpg', 'thumbnail_url': 'https://images4-f.ravelrycache.com/uploads/Miamariasmultron/889258084/20221126_144420__1__thumbnail.jpg', 'small_url': 'https://images4-g.ravelrycache.com/uploads/Miamariasmultron/889258084/20221126_144420__1__small.jpg', 'flickr_url': None, 'shelved_url': 'https://images4-g.ravelrycache.com/uploads/Miamariasmultron/889258084/20221126_144420__1__shelved.jpg', 'medium2_url': 'https://images4-a.ravelrycache.com/uploads/Miamariasmultron/889258084/20221126_144420__1__medium2.jpg', 'small2_url': 'https://images4-g.ravelrycache.com/uploads/Miamariasmultron/889258084/20221126_144420__1__small2.jpg', 'caption': None, 'caption_html': None, 'copyright_holder': None}, {'id': 117056581, 'sort_order': 5, 'user_id': 8553889, 'x_offset': -5, 'y_offset': -35, 'square_url': 'https://images4-f.ravelrycache.com/uploads/Miamariasmultron/889251707/20221126_142150_square.jpg', 'medium_url': 'https://images4-g.ravelrycache.com/uploads/Miamariasmultron/889251707/20221126_142150_medium.jpg', 'thumbnail_url': 'https://images4-f.ravelrycache.com/uploads/Miamariasmultron/889251707/20221126_142150_thumbnail.jpg', 'small_url': 'https://images4-f.ravelrycache.com/uploads/Miamariasmultron/889251707/20221126_142150_small.jpg', 'flickr_url': None, 'shelved_url': 'https://images4-g.ravelrycache.com/uploads/Miamariasmultron/889251707/20221126_142150_shelved.jpg', 'medium2_url': 'https://images4-a.ravelrycache.com/uploads/Miamariasmultron/889251707/20221126_142150_medium2.jpg', 'small2_url': 'https://images4-f.ravelrycache.com/uploads/Miamariasmultron/889251707/20221126_142150_small2.jpg', 'caption': None, 'caption_html': None, 'copyright_holder': None}, {'id': 117056578, 'sort_order': 6, 'user_id': 8553889, 'x_offset': 1, 'y_offset': -59, 'square_url': 'https://images4-g.ravelrycache.com/uploads/Miamariasmultron/889258170/20221126_150534__2__square.jpg', 'medium_url': 'https://images4-f.ravelrycache.com/uploads/Miamariasmultron/889258170/20221126_150534__2__medium.jpg', 'thumbnail_url': 'https://images4-g.ravelrycache.com/uploads/Miamariasmultron/889258170/20221126_150534__2__thumbnail.jpg', 'small_url': 'https://images4-f.ravelrycache.com/uploads/Miamariasmultron/889258170/20221126_150534__2__small_best_fit.jpg', 'flickr_url': None, 'shelved_url': 'https://images4-f.ravelrycache.com/uploads/Miamariasmultron/889258170/20221126_150534__2__shelved.jpg', 'medium2_url': 'https://images4-a.ravelrycache.com/uploads/Miamariasmultron/889258170/20221126_150534__2__medium2.jpg', 'small2_url': 'https://images4-g.ravelrycache.com/uploads/Miamariasmultron/889258170/20221126_150534__2__small2.jpg', 'caption': None, 'caption_html': None, 'copyright_holder': None}, {'id': 117056584, 'sort_order': 7, 'user_id': 8553889, 'x_offset': -5, 'y_offset': -35, 'square_url': 'https://images4-g.ravelrycache.com/uploads/Miamariasmultron/889256907/20221126_144803__1__square.jpg', 'medium_url': 'https://images4-f.ravelrycache.com/uploads/Miamariasmultron/889256907/20221126_144803__1__medium.jpg', 'thumbnail_url': 'https://images4-g.ravelrycache.com/uploads/Miamariasmultron/889256907/20221126_144803__1__thumbnail.jpg', 'small_url': 'https://images4-g.ravelrycache.com/uploads/Miamariasmultron/889256907/20221126_144803__1__small.jpg', 'flickr_url': None, 'shelved_url': 'https://images4-g.ravelrycache.com/uploads/Miamariasmultron/889256907/20221126_144803__1__shelved.jpg', 'medium2_url': 'https://images4-a.ravelrycache.com/uploads/Miamariasmultron/889256907/20221126_144803__1__medium2.jpg', 'small2_url': 'https://images4-g.ravelrycache.com/uploads/Miamariasmultron/889256907/20221126_144803__1__small2.jpg', 'caption': None, 'caption_html': None, 'copyright_holder': None}]"
Shapeshifter Sweater,Astrid Müller,1291364,https://www.ravelry.com/patterns/library/shapeshifter-sweater,False,https://images4-a.ravelrycache.com/uploads/rubator/889394313/DSC_0993_medium2.jpg,Knitting,"['bobble-or-popcorn', 'ribbed', 'textured', 'sleeves', 'long-sleeve', 'raglan-sleeve', 'one-piece', 'seamless', 'short-rows', 'top-down', 'chart', 'phototutorial', 'written-pattern', 'in-the-round', 'slipped-stitches']",26.0,4.8,True,4.0,diamond pattern,pullover,DK,16,5.0,individuell,"[{'id': 117073409, 'sort_order': 1, 'user_id': 3100116, 'x_offset': 0, 'y_offset': 0, 'square_url': 'https://images4-g.ravelrycache.com/uploads/rubator/889394313/DSC_0993_square.jpg', 'medium_url': 'https://images4-f.ravelrycache.com/uploads/rubator/889394313/DSC_0993_medium.jpg', 'thumbnail_url': 'https://images4-g.ravelrycache.com/uploads/rubator/889394313/DSC_0993_thumbnail.jpg', 'small_url': 'https://images4-g.ravelrycache.com/uploads/rubator/889394313/DSC_0993_small_best_fit.jpg', 'flickr_url': None, 'shelved_url': 'https://images4-g.ravelrycache.com/uploads/rubator/889394313/DSC_0993_shelved.jpg', 'medium2_url': 'https://images4-a.ravelrycache.com/uploads/rubator/889394313/DSC_0993_medium2.jpg', 'small2_url': 'https://images4-g.ravelrycache.com/uploads/rubator/889394313/DSC_0993_small2.jpg', 'caption': None, 'caption_html': None, 'copyright_holder': None}, {'id': 117073410, 'sort_order': 2, 'user_id': 3100116, 'x_offset': 0, 'y_offset': 0, 'square_url': 'https://images4-f.ravelrycache.com/uploads/rubator/889395290/DSC_0959_square.jpg', 'medium_url': 'https://images4-g.ravelrycache.com/uploads/rubator/889395290/DSC_0959_medium.jpg', 'thumbnail_url': 'https://images4-g.ravelrycache.com/uploads/rubator/889395290/DSC_0959_thumbnail.jpg', 'small_url': 'https://images4-f.ravelrycache.com/uploads/rubator/889395290/DSC_0959_small_best_fit.jpg', 'flickr_url': None, 'shelved_url': 'https://images4-g.ravelrycache.com/uploads/rubator/889395290/DSC_0959_shelved.jpg', 'medium2_url': 'https://images4-a.ravelrycache.com/uploads/rubator/889395290/DSC_0959_medium2.jpg', 'small2_url': 'https://images4-f.ravelrycache.com/uploads/rubator/889395290/DSC_0959_small2.jpg', 'caption': None, 'caption_html': None, 'copyright_holder': None}, {'id': 117073411, 'sort_order': 3, 'user_id': 3100116, 'x_offset': 0, 'y_offset': 0, 'square_url': 'https://images4-f.ravelrycache.com/uploads/rubator/889395165/DSC_0979_square.jpg', 'medium_url': 'https://images4-g.ravelrycache.com/uploads/rubator/889395165/DSC_0979_medium.jpg', 'thumbnail_url': 'https://images4-g.ravelrycache.com/uploads/rubator/889395165/DSC_0979_thumbnail.jpg', 'small_url': 'https://images4-g.ravelrycache.com/uploads/rubator/889395165/DSC_0979_small_best_fit.jpg', 'flickr_url': None, 'shelved_url': 'https://images4-f.ravelrycache.com/uploads/rubator/889395165/DSC_0979_shelved.jpg', 'medium2_url': 'https://images4-a.ravelrycache.com/uploads/rubator/889395165/DSC_0979_medium2.jpg', 'small2_url': 'https://images4-f.ravelrycache.com/uploads/rubator/889395165/DSC_0979_small2.jpg', 'caption': None, 'caption_html': None, 'copyright_holder': None}, {'id': 117073412, 'sort_order': 4, 'user_id': 3100116, 'x_offset': 0, 'y_offset': 0, 'square_url': 'https://images4-g.ravelrycache.com/uploads/rubator/889394324/DSC_0926_square.jpg', 'medium_url': 'https://images4-f.ravelrycache.com/uploads/rubator/889394324/DSC_0926_medium.jpg', 'thumbnail_url': 'https://images4-f.ravelrycache.com/uploads/rubator/889394324/DSC_0926_thumbnail.jpg', 'small_url': 'https://images4-g.ravelrycache.com/uploads/rubator/889394324/DSC_0926_small_best_fit.jpg', 'flickr_url': None, 'shelved_url': 'https://images4-g.ravelrycache.com/uploads/rubator/889394324/DSC_0926_shelved.jpg', 'medium2_url': 'https://images4-a.ravelrycache.com/uploads/rubator/889394324/DSC_0926_medium2.jpg', 'small2_url': 'https://images4-g.ravelrycache.com/uploads/rubator/889394324/DSC_0926_small2.jpg', 'caption': None, 'caption_html': None, 'copyright_holder': None}, {'id': 117073413, 'sort_order': 5, 'user_id': 3100116, 'x_offset': 0, 'y_offset': 0, 'square_url': 'https://images4-f.ravelrycache.com/uploads/rubator/889395192/DSC_0962_square.jpg', 'medium_url': 'https://images4-g.ravelrycache.com/uploads/rubator/889395192/DSC_0962_medium.jpg', 'thumbnail_url': 'https://images4-g.ravelrycache.com/uploads/rubator/889395192/DSC_0962_thumbnail.jpg', 'small_url': 'https://images4-f.ravelrycache.com/uploads/rubator/889395192/DSC_0962_small_best_fit.jpg', 'flickr_url': None, 'shelved_url': 'https://images4-g.ravelrycache.com/uploads/rubator/889395192/DSC_0962_shelved.jpg', 'medium2_url': 'https://images4-a.ravelrycache.com/uploads/rubator/889395192/DSC_0962_medium2.jpg', 'small2_url': 'https://images4-f.ravelrycache.com/uploads/rubator/889395192/DSC_0962_small2.jpg', 'caption': None, 'caption_html': None, 'copyright_holder': None}, {'id': 117073414, 'sort_order': 6, 'user_id': 3100116, 'x_offset': 0, 'y_offset': 0, 'square_url': 'https://images4-f.ravelrycache.com/uploads/rubator/889395316/DSC_0989_square.jpg', 'medium_url': 'https://images4-g.ravelrycache.com/uploads/rubator/889395316/DSC_0989_medium.jpg', 'thumbnail_url': 'https://images4-f.ravelrycache.com/uploads/rubator/889395316/DSC_0989_thumbnail.jpg', 'small_url': 'https://images4-g.ravelrycache.com/uploads/rubator/889395316/DSC_0989_small_best_fit.jpg', 'flickr_url': None, 'shelved_url': 'https://images4-f.ravelrycache.com/uploads/rubator/889395316/DSC_0989_shelved.jpg', 'medium2_url': 'https://images4-a.ravelrycache.com/uploads/rubator/889395316/DSC_0989_medium2.jpg', 'small2_url': 'https://images4-f.ravelrycache.com/uploads/rubator/889395316/DSC_0989_small2.jpg', 'caption': None, 'caption_html': None, 'copyright_holder': None}]"
Dropping Leaves Sweater,Melanie Reinert,1291366,https://www.ravelry.com/patterns/library/dropping-leaves-sweater,False,https://images4-a.ravelrycache.com/uploads/The-Knit-Stitch/889402478/Dropping-Leaves-Sweater_medium2.jpg,Knitting,"['female', 'unisex', 'teen', 'adult', 'lace', 'bottom-up', 'chart', 'written-pattern', 'worked-flat', 'in-the-round']",25.0,0.0,True,4.0,Leaf Stitch,pullover,Aran,9,0.0,"XS, S, M, L, XL","[{'id': 117074068, 'sort_order': 1, 'user_id': 9115207, 'x_offset': 0, 'y_offset': -22, 'square_url': 'https://images4-g.ravelrycache.com/uploads/The-Knit-Stitch/889402478/Dropping-Leaves-Sweater_square.jpg', 'medium_url': 'https://images4-f.ravelrycache.com/uploads/The-Knit-Stitch/889402478/Dropping-Leaves-Sweater_medium.jpg', 'thumbnail_url': 'https://images4-g.ravelrycache.com/uploads/The-Knit-Stitch/889402478/Dropping-Leaves-Sweater_thumbnail.jpg', 'small_url': 'https://images4-g.ravelrycache.com/uploads/The-Knit-Stitch/889402478/Dropping-Leaves-Sweater_small_best_fit.jpg', 'flickr_url': None, 'shelved_url': 'https://images4-g.ravelrycache.com/uploads/The-Knit-Stitch/889402478/Dropping-Leaves-Sweater_shelved.jpg', 'medium2_url': 'https://images4-a.ravelrycache.com/uploads/The-Knit-Stitch/889402478/Dropping-Leaves-Sweater_medium2.jpg', 'small2_url': 'https://images4-g.ravelrycache.com/uploads/The-Knit-Stitch/889402478/Dropping-Leaves-Sweater_small2.jpg', 'caption': None, 'caption_html': None, 'copyright_holder': None}, {'id': 117074069, 'sort_order': 2, 'user_id': 9115207, 'x_offset': 0, 'y_offset': -22, 'square_url': 'https://images4-f.ravelrycache.com/uploads/The-Knit-Stitch/889402474/Dropping-Leaves-Sweater-1_square.jpg', 'medium_url': 'https://images4-g.ravelrycache.com/uploads/The-Knit-Stitch/889402474/Dropping-Leaves-Sweater-1_medium.jpg', 'thumbnail_url': 'https://images4-f.ravelrycache.com/uploads/The-Knit-Stitch/889402474/Dropping-Leaves-Sweater-1_thumbnail.jpg', 'small_url': 'https://images4-g.ravelrycache.com/uploads/The-Knit-Stitch/889402474/Dropping-Leaves-Sweater-1_small_best_fit.jpg', 'flickr_url': None, 'shelved_url': 'https://images4-g.ravelrycache.com/uploads/The-Knit-Stitch/889402474/Dropping-Leaves-Sweater-1_shelved.jpg', 'medium2_url': 'https://images4-a.ravelrycache.com/uploads/The-Knit-Stitch/889402474/Dropping-Leaves-Sweater-1_medium2.jpg', 'small2_url': 'https://images4-f.ravelrycache.com/uploads/The-Knit-Stitch/889402474/Dropping-Leaves-Sweater-1_small2.jpg', 'caption': None, 'caption_html': None, 'copyright_holder': None}, {'id': 117074070, 'sort_order': 3, 'user_id': 9115207, 'x_offset': 0, 'y_offset': -22, 'square_url': 'https://images4-f.ravelrycache.com/uploads/The-Knit-Stitch/889402479/Dropping-Leaves-Sweater-2_square.jpg', 'medium_url': 'https://images4-g.ravelrycache.com/uploads/The-Knit-Stitch/889402479/Dropping-Leaves-Sweater-2_medium.jpg', 'thumbnail_url': 'https://images4-g.ravelrycache.com/uploads/The-Knit-Stitch/889402479/Dropping-Leaves-Sweater-2_thumbnail.jpg', 'small_url': 'https://images4-f.ravelrycache.com/uploads/The-Knit-Stitch/889402479/Dropping-Leaves-Sweater-2_small_best_fit.jpg', 'flickr_url': None, 'shelved_url': 'https://images4-f.ravelrycache.com/uploads/The-Knit-Stitch/889402479/Dropping-Leaves-Sweater-2_shelved.jpg', 'medium2_url': 'https://images4-a.ravelrycache.com/uploads/The-Knit-Stitch/889402479/Dropping-Leaves-Sweater-2_medium2.jpg', 'small2_url': 'https://images4-f.ravelrycache.com/uploads/The-Knit-Stitch/889402479/Dropping-Leaves-Sweater-2_small2.jpg', 'caption': None, 'caption_html': None, 'copyright_holder': None}, {'id': 117074071, 'sort_order': 4, 'user_id': 9115207, 'x_offset': 0, 'y_offset': -22, 'square_url': 'https://images4-f.ravelrycache.com/uploads/The-Knit-Stitch/889402473/Dropping-Leaves-Sweater-3_square.jpg', 'medium_url': 'https://images4-g.ravelrycache.com/uploads/The-Knit-Stitch/889402473/Dropping-Leaves-Sweater-3_medium.jpg', 'thumbnail_url': 'https://images4-g.ravelrycache.com/uploads/The-Knit-Stitch/889402473/Dropping-Leaves-Sweater-3_thumbnail.jpg', 'small_url': 'https://images4-g.ravelrycache.com/uploads/The-Knit-Stitch/889402473/Dropping-Leaves-Sweater-3_small_best_fit.jpg', 'flickr_url': None, 'shelved_url': 'https://images4-f.ravelrycache.com/uploads/The-Knit-Stitch/889402473/Dropping-Leaves-Sweater-3_shelved.jpg', 'medium2_url': 'https://images4-a.ravelrycache.com/uploads/The-Knit-Stitch/889402473/Dropping-Leaves-Sweater-3_medium2.jpg', 'small2_url': 'https://images4-f.ravelrycache.com/uploads/The-Knit-Stitch/889402473/Dropping-Leaves-Sweater-3_small2.jpg', 'caption': None, 'caption_html': None, 'copyright_holder': None}, {'id': 117074072, 'sort_order': 5, 'user_id': 9115207, 'x_offset': 0, 'y_offset': -22, 'square_url': 'https://images4-g.ravelrycache.com/uploads/The-Knit-Stitch/889402480/Dropping-Leaves-Sweater-4_square.jpg', 'medium_url': 'https://images4-f.ravelrycache.com/uploads/The-Knit-Stitch/889402480/Dropping-Leaves-Sweater-4_medium.jpg', 'thumbnail_url': 'https://images4-g.ravelrycache.com/uploads/The-Knit-Stitch/889402480/Dropping-Leaves-Sweater-4_thumbnail.jpg', 'small_url': 'https://images4-f.ravelrycache.com/uploads/The-Knit-Stitch/889402480/Dropping-Leaves-Sweater-4_small_best_fit.jpg', 'flickr_url': None, 'shelved_url': 'https://images4-f.ravelrycache.com/uploads/The-Knit-Stitch/889402480/Dropping-Leaves-Sweater-4_shelved.jpg', 'medium2_url': 'https://images4-a.ravelrycache.com/uploads/The-Knit-Stitch/889402480/Dropping-Leaves-Sweater-4_medium2.jpg', 'small2_url': 'https://images4-g.ravelrycache.com/uploads/The-Knit-Stitch/889402480/Dropping-Leaves-Sweater-4_small2.jpg', 'caption': None, 'caption_html': None, 'copyright_holder': None}, {'id': 117074073, 'sort_order': 6, 'user_id': 9115207, 'x_offset': 0, 'y_offset': 0, 'square_url': 'https://images4-g.ravelrycache.com/uploads/The-Knit-Stitch/889402472/Dropping-Leaves-Sweater-5_square.jpg', 'medium_url': 'https://images4-f.ravelrycache.com/uploads/The-Knit-Stitch/889402472/Dropping-Leaves-Sweater-5_medium.jpg', 'thumbnail_url': 'https://images4-g.ravelrycache.com/uploads/The-Knit-Stitch/889402472/Dropping-Leaves-Sweater-5_thumbnail.jpg', 'small_url': 'https://images4-f.ravelrycache.com/uploads/The-Knit-Stitch/889402472/Dropping-Leaves-Sweater-5_small_best_fit.jpg', 'flickr_url': None, 'shelved_url': 'https://images4-f.ravelrycache.com/uploads/The-Knit-Stitch/889402472/Dropping-Leaves-Sweater-5_shelved.jpg', 'medium2_url': 'https://images4-a.ravelrycache.com/uploads/The-Knit-Stitch/889402472/Dropping-Leaves-Sweater-5_medium2.jpg', 'small2_url': 'https://images4-g.ravelrycache.com/uploads/The-Knit-Stitch/889402472/Dropping-Leaves-Sweater-5_small2.jpg', 'caption': None, 'caption_html': None, 'copyright_holder': None}, {'id': 117074074, 'sort_order': 7, 'user_id': 9115207, 'x_offset': 0, 'y_offset': 0, 'square_url': 'https://images4-g.ravelrycache.com/uploads/The-Knit-Stitch/889402476/Dropping-Leaves-Sweater-6_square.jpg', 'medium_url': 'https://images4-f.ravelrycache.com/uploads/The-Knit-Stitch/889402476/Dropping-Leaves-Sweater-6_medium.jpg', 'thumbnail_url': 'https://images4-g.ravelrycache.com/uploads/The-Knit-Stitch/889402476/Dropping-Leaves-Sweater-6_thumbnail.jpg', 'small_url': 'https://images4-f.ravelrycache.com/uploads/The-Knit-Stitch/889402476/Dropping-Leaves-Sweater-6_small_best_fit.jpg', 'flickr_url': None, 'shelved_url': 'https://images4-f.ravelrycache.com/uploads/The-Knit-Stitch/889402476/Dropping-Leaves-Sweater-6_shelved.jpg', 'medium2_url': 'https://images4-a.ravelrycache.com/uploads/The-Knit-Stitch/889402476/Dropping-Leaves-Sweater-6_medium2.jpg', 'small2_url': 'https://images4-g.ravelrycache.com/uploads/The-Knit-Stitch/889402476/Dropping-Leaves-Sweater-6_small2.jpg', 'caption': None, 'caption_html': None, 'copyright_holder': None}]"
420-1 Tordgenser,Rauma Designs,1291593,https://www.ravelry.com/patterns/library/420-1-tordgenser,False,https://images4-a.ravelrycache.com/uploads/mfrengen/889638326/50736803-E493-4BC9-8D8F-672E8BC27559_medium2.jpeg,Knitting,"['male', 'adult', 'raglan-sleeve', 'short-rows', 'top-down', 'positive-ease', 'written-pattern', 'worked-flat', 'in-the-round']",20.0,0.0,True,4.0,,pullover,DK,3,0.0,XS-3XL,"[{'id': 117103067, 'sort_order': 1, 'user_id': 6152382, 'x_offset': -1, 'y_offset': -35, 'square_url': 'https://images4-g.ravelrycache.com/uploads/mfrengen/889638326/50736803-E493-4BC9-8D8F-672E8BC27559_square.jpeg', 'medium_url': 'https://images4-g.ravelrycache.com/uploads/mfrengen/889638326/50736803-E493-4BC9-8D8F-672E8BC27559_medium.jpeg', 'thumbnail_url': 'https://images4-f.ravelrycache.com/uploads/mfrengen/889638326/50736803-E493-4BC9-8D8F-672E8BC27559_thumbnail.jpeg', 'small_url': 'https://images4-f.ravelrycache.com/uploads/mfrengen/889638326/50736803-E493-4BC9-8D8F-672E8BC27559_small.jpeg', 'flickr_url': None, 'shelved_url': 'https://images4-f.ravelrycache.com/uploads/mfrengen/889638326/50736803-E493-4BC9-8D8F-672E8BC27559_shelved.jpeg', 'medium2_url': 'https://images4-a.ravelrycache.com/uploads/mfrengen/889638326/50736803-E493-4BC9-8D8F-672E8BC27559_medium2.jpeg', 'small2_url': 'https://images4-f.ravelrycache.com/uploads/mfrengen/889638326/50736803-E493-4BC9-8D8F-672E8BC27559_small2.jpeg', 'caption': None, 'caption_html': None, 'copyright_holder': None}, {'id': 117103068, 'sort_order': 2, 'user_id': 6152382, 'x_offset': -1, 'y_offset': -35, 'square_url': 'https://images4-f.ravelrycache.com/uploads/mfrengen/889638325/5D799B22-0782-4A7A-AB3D-B51B79B02C0F_square.jpeg', 'medium_url': 'https://images4-f.ravelrycache.com/uploads/mfrengen/889638325/5D799B22-0782-4A7A-AB3D-B51B79B02C0F_medium.jpeg', 'thumbnail_url': 'https://images4-g.ravelrycache.com/uploads/mfrengen/889638325/5D799B22-0782-4A7A-AB3D-B51B79B02C0F_thumbnail.jpeg', 'small_url': 'https://images4-f.ravelrycache.com/uploads/mfrengen/889638325/5D799B22-0782-4A7A-AB3D-B51B79B02C0F_small.jpeg', 'flickr_url': None, 'shelved_url': 'https://images4-g.ravelrycache.com/uploads/mfrengen/889638325/5D799B22-0782-4A7A-AB3D-B51B79B02C0F_shelved.jpeg', 'medium2_url': 'https://images4-a.ravelrycache.com/uploads/mfrengen/889638325/5D799B22-0782-4A7A-AB3D-B51B79B02C0F_medium2.jpeg', 'small2_url': 'https://images4-g.ravelrycache.com/uploads/mfrengen/889638325/5D799B22-0782-4A7A-AB3D-B51B79B02C0F_small2.jpeg', 'caption': None, 'caption_html': None, 'copyright_holder': None}, {'id': 117103069, 'sort_order': 3, 'user_id': 6152382, 'x_offset': 0, 'y_offset': -21, 'square_url': 'https://images4-f.ravelrycache.com/uploads/mfrengen/889638322/FAAF4B29-E5EC-4387-A48B-06D88111F9CB_square.jpeg', 'medium_url': 'https://images4-f.ravelrycache.com/uploads/mfrengen/889638322/FAAF4B29-E5EC-4387-A48B-06D88111F9CB_medium.jpeg', 'thumbnail_url': 'https://images4-f.ravelrycache.com/uploads/mfrengen/889638322/FAAF4B29-E5EC-4387-A48B-06D88111F9CB_thumbnail.jpeg', 'small_url': 'https://images4-f.ravelrycache.com/uploads/mfrengen/889638322/FAAF4B29-E5EC-4387-A48B-06D88111F9CB_small_best_fit.jpeg', 'flickr_url': None, 'shelved_url': 'https://images4-g.ravelrycache.com/uploads/mfrengen/889638322/FAAF4B29-E5EC-4387-A48B-06D88111F9CB_shelved.jpeg', 'medium2_url': 'https://images4-a.ravelrycache.com/uploads/mfrengen/889638322/FAAF4B29-E5EC-4387-A48B-06D88111F9CB_medium2.jpeg', 'small2_url': 'https://images4-g.ravelrycache.com/uploads/mfrengen/889638322/FAAF4B29-E5EC-4387-A48B-06D88111F9CB_small2.jpeg', 'caption': None, 'caption_html': None, 'copyright_holder': None}, {'id': 117103070, 'sort_order': 4, 'user_id': 6152382, 'x_offset': -1, 'y_offset': -35, 'square_url': 'https://images4-f.ravelrycache.com/uploads/mfrengen/889638323/20176BA2-422D-4164-8CD0-5E4DDEF99815_square.jpeg', 'medium_url': 'https://images4-f.ravelrycache.com/uploads/mfrengen/889638323/20176BA2-422D-4164-8CD0-5E4DDEF99815_medium.jpeg', 'thumbnail_url': 'https://images4-g.ravelrycache.com/uploads/mfrengen/889638323/20176BA2-422D-4164-8CD0-5E4DDEF99815_thumbnail.jpeg', 'small_url': 'https://images4-g.ravelrycache.com/uploads/mfrengen/889638323/20176BA2-422D-4164-8CD0-5E4DDEF99815_small.jpeg', 'flickr_url': None, 'shelved_url': 'https://images4-f.ravelrycache.com/uploads/mfrengen/889638323/20176BA2-422D-4164-8CD0-5E4DDEF99815_shelved.jpeg', 'medium2_url': 'https://images4-a.ravelrycache.com/uploads/mfrengen/889638323/20176BA2-422D-4164-8CD0-5E4DDEF99815_medium2.jpeg', 'small2_url': 'https://images4-g.ravelrycache.com/uploads/mfrengen/889638323/20176BA2-422D-4164-8CD0-5E4DDEF99815_small2.jpeg', 'caption': None, 'caption_html': None, 'copyright_holder': None}]"
405-5 Fjellgenser i Finull dame,Rauma Designs,1291641,https://www.ravelry.com/patterns/library/405-5-fjellgenser-i-finull-dame,False,https://images4-a.ravelrycache.com/uploads/mfrengen/889665369/C31FC3BE-AC90-4135-9ADD-5585D114DD45_medium2.jpeg,Knitting,"['female', 'adult', 'raglan-sleeve', 'stranded', 'bottom-up', 'norwegian', 'positive-ease', 'chart', 'written-pattern', 'in-the-round', 'crew-neck', 'long-sleeve']",,0.0,True,4.0,see notes,pullover,Sport,16,0.0,XS-3XL,"[{'id': 117106488, 'sort_order': 1, 'user_id': 6152382, 'x_offset': -1, 'y_offset': -35, 'square_url': 'https://images4-f.ravelrycache.com/uploads/mfrengen/889665369/C31FC3BE-AC90-4135-9ADD-5585D114DD45_square.jpeg', 'medium_url': 'https://images4-f.ravelrycache.com/uploads/mfrengen/889665369/C31FC3BE-AC90-4135-9ADD-5585D114DD45_medium.jpeg', 'thumbnail_url': 'https://images4-f.ravelrycache.com/uploads/mfrengen/889665369/C31FC3BE-AC90-4135-9ADD-5585D114DD45_thumbnail.jpeg', 'small_url': 'https://images4-f.ravelrycache.com/uploads/mfrengen/889665369/C31FC3BE-AC90-4135-9ADD-5585D114DD45_small.jpeg', 'flickr_url': None, 'shelved_url': 'https://images4-g.ravelrycache.com/uploads/mfrengen/889665369/C31FC3BE-AC90-4135-9ADD-5585D114DD45_shelved.jpeg', 'medium2_url': 'https://images4-a.ravelrycache.com/uploads/mfrengen/889665369/C31FC3BE-AC90-4135-9ADD-5585D114DD45_medium2.jpeg', 'small2_url': 'https://images4-g.ravelrycache.com/uploads/mfrengen/889665369/C31FC3BE-AC90-4135-9ADD-5585D114DD45_small2.jpeg', 'caption': None, 'caption_html': None, 'copyright_holder': None}, {'id': 117106489, 'sort_order': 2, 'user_id': 6152382, 'x_offset': 0, 'y_offset': -35, 'square_url': 'https://images4-f.ravelrycache.com/uploads/mfrengen/889665374/8417921C-33FE-40DA-A414-AF2ACAA392DA_square.jpeg', 'medium_url': 'https://images4-f.ravelrycache.com/uploads/mfrengen/889665374/8417921C-33FE-40DA-A414-AF2ACAA392DA_medium.jpeg', 'thumbnail_url': 'https://images4-g.ravelrycache.com/uploads/mfrengen/889665374/8417921C-33FE-40DA-A414-AF2ACAA392DA_thumbnail.jpeg', 'small_url': 'https://images4-f.ravelrycache.com/uploads/mfrengen/889665374/8417921C-33FE-40DA-A414-AF2ACAA392DA_small.jpeg', 'flickr_url': None, 'shelved_url': 'https://images4-f.ravelrycache.com/uploads/mfrengen/889665374/8417921C-33FE-40DA-A414-AF2ACAA392DA_shelved.jpeg', 'medium2_url': 'https://images4-a.ravelrycache.com/uploads/mfrengen/889665374/8417921C-33FE-40DA-A414-AF2ACAA392DA_medium2.jpeg', 'small2_url': 'https://images4-g.ravelrycache.com/uploads/mfrengen/889665374/8417921C-33FE-40DA-A414-AF2ACAA392DA_small2.jpeg', 'caption': None, 'caption_html': None, 'copyright_holder': None}, {'id': 117106490, 'sort_order': 3, 'user_id': 6152382, 'x_offset': 0, 'y_offset': -35, 'square_url': 'https://images4-g.ravelrycache.com/uploads/mfrengen/889665368/9B4B5F02-BA68-436A-BC1C-18C701C4C9AE_square.jpeg', 'medium_url': 'https://images4-g.ravelrycache.com/uploads/mfrengen/889665368/9B4B5F02-BA68-436A-BC1C-18C701C4C9AE_medium.jpeg', 'thumbnail_url': 'https://images4-g.ravelrycache.com/uploads/mfrengen/889665368/9B4B5F02-BA68-436A-BC1C-18C701C4C9AE_thumbnail.jpeg', 'small_url': 'https://images4-g.ravelrycache.com/uploads/mfrengen/889665368/9B4B5F02-BA68-436A-BC1C-18C701C4C9AE_small.jpeg', 'flickr_url': None, 'shelved_url': 'https://images4-f.ravelrycache.com/uploads/mfrengen/889665368/9B4B5F02-BA68-436A-BC1C-18C701C4C9AE_shelved.jpeg', 'medium2_url': 'https://images4-a.ravelrycache.com/uploads/mfrengen/889665368/9B4B5F02-BA68-436A-BC1C-18C701C4C9AE_medium2.jpeg', 'small2_url': 'https://images4-f.ravelrycache.com/uploads/mfrengen/889665368/9B4B5F02-BA68-436A-BC1C-18C701C4C9AE_small2.jpeg', 'caption': None, 'caption_html': None, 'copyright_holder': None}, {'id': 117106491, 'sort_order': 4, 'user_id': 6152382, 'x_offset': -1, 'y_offset': -35, 'square_url': 'https://images4-g.ravelrycache.com/uploads/mfrengen/889665370/7D93B500-02CE-47E8-8997-680ADE4D92D2_square.jpeg', 'medium_url': 'https://images4-g.ravelrycache.com/uploads/mfrengen/889665370/7D93B500-02CE-47E8-8997-680ADE4D92D2_medium.jpeg', 'thumbnail_url': 'https://images4-f.ravelrycache.com/uploads/mfrengen/889665370/7D93B500-02CE-47E8-8997-680ADE4D92D2_thumbnail.jpeg', 'small_url': 'https://images4-f.ravelrycache.com/uploads/mfrengen/889665370/7D93B500-02CE-47E8-8997-680ADE4D92D2_small.jpeg', 'flickr_url': None, 'shelved_url': 'https://images4-f.ravelrycache.com/uploads/mfrengen/889665370/7D93B500-02CE-47E8-8997-680ADE4D92D2_shelved.jpeg', 'medium2_url': 'https://images4-a.ravelrycache.com/uploads/mfrengen/889665370/7D93B500-02CE-47E8-8997-680ADE4D92D2_medium2.jpeg', 'small2_url': 'https://images4-f.ravelrycache.com/uploads/mfrengen/889665370/7D93B500-02CE-47E8-8997-680ADE4D92D2_small2.jpeg', 'caption': None, 'caption_html': None, 'copyright_holder': None}, {'id': 117106492, 'sort_order': 5, 'user_id': 6152382, 'x_offset': 0, 'y_offset': -37, 'square_url': 'https://images4-f.ravelrycache.com/uploads/mfrengen/889665377/496B744A-FAB3-4385-ADA0-E02FCE19755B_square.jpeg', 'medium_url': 'https://images4-f.ravelrycache.com/uploads/mfrengen/889665377/496B744A-FAB3-4385-ADA0-E02FCE19755B_medium.jpeg', 'thumbnail_url': 'https://images4-f.ravelrycache.com/uploads/mfrengen/889665377/496B744A-FAB3-4385-ADA0-E02FCE19755B_thumbnail.jpeg', 'small_url': 'https://images4-g.ravelrycache.com/uploads/mfrengen/889665377/496B744A-FAB3-4385-ADA0-E02FCE19755B_small_best_fit.jpeg', 'flickr_url': None, 'shelved_url': 'https://images4-g.ravelrycache.com/uploads/mfrengen/889665377/496B744A-FAB3-4385-ADA0-E02FCE19755B_shelved.jpeg', 'medium2_url': 'https://images4-a.ravelrycache.com/uploads/mfrengen/889665377/496B744A-FAB3-4385-ADA0-E02FCE19755B_medium2.jpeg', 'small2_url': 'https://images4-g.ravelrycache.com/uploads/mfrengen/889665377/496B744A-FAB3-4385-ADA0-E02FCE19755B_small2.jpeg', 'caption': None, 'caption_html': None, 'copyright_holder': None}, {'id': 117106493, 'sort_order': 6, 'user_id': 6152382, 'x_offset': 1, 'y_offset': -36, 'square_url': 'https://images4-g.ravelrycache.com/uploads/mfrengen/889665376/53F94ABD-2627-41C2-AB6B-BE1B3EAE73EF_square.jpeg', 'medium_url': 'https://images4-g.ravelrycache.com/uploads/mfrengen/889665376/53F94ABD-2627-41C2-AB6B-BE1B3EAE73EF_medium.jpeg', 'thumbnail_url': 'https://images4-g.ravelrycache.com/uploads/mfrengen/889665376/53F94ABD-2627-41C2-AB6B-BE1B3EAE73EF_thumbnail.jpeg', 'small_url': 'https://images4-f.ravelrycache.com/uploads/mfrengen/889665376/53F94ABD-2627-41C2-AB6B-BE1B3EAE73EF_small_best_fit.jpeg', 'flickr_url': None, 'shelved_url': 'https://images4-g.ravelrycache.com/uploads/mfrengen/889665376/53F94ABD-2627-41C2-AB6B-BE1B3EAE73EF_shelved.jpeg', 'medium2_url': 'https://images4-a.ravelrycache.com/uploads/mfrengen/889665376/53F94ABD-2627-41C2-AB6B-BE1B3EAE73EF_medium2.jpeg', 'small2_url': 'https://images4-f.ravelrycache.com/uploads/mfrengen/889665376/53F94ABD-2627-41C2-AB6B-BE1B3EAE73EF_small2.jpeg', 'caption': None, 'caption_html': None, 'copyright_holder': None}]"
405-6 Storefjellgenser i 3-tråds Strikkegarn dame,Rauma Designs,1291659,https://www.ravelry.com/patterns/library/405-6-storefjellgenser-i-3-trads-strikkegarn-dame,False,https://images4-a.ravelrycache.com/uploads/mfrengen/889675694/DA53C389-185F-4DB5-9F1A-D47E95DC0EB3_medium2.jpeg,Knitting,"['female', 'adult', 'raglan-sleeve', 'stranded', 'bottom-up', 'norwegian', 'positive-ease', 'chart', 'written-pattern', 'in-the-round']",,0.0,True,4.0,,pullover,DK,6,0.0,XS-3XL,"[{'id': 117107787, 'sort_order': 1, 'user_id': 6152382, 'x_offset': -35, 'y_offset': 0, 'square_url': 'https://images4-f.ravelrycache.com/uploads/mfrengen/889675694/DA53C389-185F-4DB5-9F1A-D47E95DC0EB3_square.jpeg', 'medium_url': 'https://images4-f.ravelrycache.com/uploads/mfrengen/889675694/DA53C389-185F-4DB5-9F1A-D47E95DC0EB3_medium.jpeg', 'thumbnail_url': 'https://images4-f.ravelrycache.com/uploads/mfrengen/889675694/DA53C389-185F-4DB5-9F1A-D47E95DC0EB3_thumbnail.jpeg', 'small_url': 'https://images4-f.ravelrycache.com/uploads/mfrengen/889675694/DA53C389-185F-4DB5-9F1A-D47E95DC0EB3_small.jpeg', 'flickr_url': None, 'shelved_url': 'https://images4-f.ravelrycache.com/uploads/mfrengen/889675694/DA53C389-185F-4DB5-9F1A-D47E95DC0EB3_shelved.jpeg', 'medium2_url': 'https://images4-a.ravelrycache.com/uploads/mfrengen/889675694/DA53C389-185F-4DB5-9F1A-D47E95DC0EB3_medium2.jpeg', 'small2_url': 'https://images4-g.ravelrycache.com/uploads/mfrengen/889675694/DA53C389-185F-4DB5-9F1A-D47E95DC0EB3_small2.jpeg', 'caption': None, 'caption_html': None, 'copyright_holder': None}, {'id': 117107788, 'sort_order': 2, 'user_id': 6152382, 'x_offset': -2, 'y_offset': -1, 'square_url': 'https://images4-f.ravelrycache.com/uploads/mfrengen/889675697/0F8FACE9-CA4C-45FE-BB04-E1D62B2CE87A_square.jpeg', 'medium_url': 'https://images4-f.ravelrycache.com/uploads/mfrengen/889675697/0F8FACE9-CA4C-45FE-BB04-E1D62B2CE87A_medium.jpeg', 'thumbnail_url': 'https://images4-g.ravelrycache.com/uploads/mfrengen/889675697/0F8FACE9-CA4C-45FE-BB04-E1D62B2CE87A_thumbnail.jpeg', 'small_url': 'https://images4-g.ravelrycache.com/uploads/mfrengen/889675697/0F8FACE9-CA4C-45FE-BB04-E1D62B2CE87A_small_best_fit.jpeg', 'flickr_url': None, 'shelved_url': 'https://images4-f.ravelrycache.com/uploads/mfrengen/889675697/0F8FACE9-CA4C-45FE-BB04-E1D62B2CE87A_shelved.jpeg', 'medium2_url': 'https://images4-a.ravelrycache.com/uploads/mfrengen/889675697/0F8FACE9-CA4C-45FE-BB04-E1D62B2CE87A_medium2.jpeg', 'small2_url': 'https://images4-g.ravelrycache.com/uploads/mfrengen/889675697/0F8FACE9-CA4C-45FE-BB04-E1D62B2CE87A_small2.jpeg', 'caption': None, 'caption_html': None, 'copyright_holder': None}, {'id': 117107789, 'sort_order': 3, 'user_id': 6152382, 'x_offset': 0, 'y_offset': -36, 'square_url': 'https://images4-f.ravelrycache.com/uploads/mfrengen/889675695/62DEDC3D-6204-4697-B619-78F20775145E_square.jpeg', 'medium_url': 'https://images4-f.ravelrycache.com/uploads/mfrengen/889675695/62DEDC3D-6204-4697-B619-78F20775145E_medium.jpeg', 'thumbnail_url': 'https://images4-g.ravelrycache.com/uploads/mfrengen/889675695/62DEDC3D-6204-4697-B619-78F20775145E_thumbnail.jpeg', 'small_url': 'https://images4-f.ravelrycache.com/uploads/mfrengen/889675695/62DEDC3D-6204-4697-B619-78F20775145E_small_best_fit.jpeg', 'flickr_url': None, 'shelved_url': 'https://images4-f.ravelrycache.com/uploads/mfrengen/889675695/62DEDC3D-6204-4697-B619-78F20775145E_shelved.jpeg', 'medium2_url': 'https://images4-a.ravelrycache.com/uploads/mfrengen/889675695/62DEDC3D-6204-4697-B619-78F20775145E_medium2.jpeg', 'small2_url': 'https://images4-g.ravelrycache.com/uploads/mfrengen/889675695/62DEDC3D-6204-4697-B619-78F20775145E_small2.jpeg', 'caption': None, 'caption_html': None, 'copyright_holder': None}, {'id': 117107790, 'sort_order': 4, 'user_id': 6152382, 'x_offset': 0, 'y_offset': -35, 'square_url': 'https://images4-f.ravelrycache.com/uploads/mfrengen/889675693/7D158633-F5F8-49E6-ABE4-1BAAEDF32E3D_square.jpeg', 'medium_url': 'https://images4-f.ravelrycache.com/uploads/mfrengen/889675693/7D158633-F5F8-49E6-ABE4-1BAAEDF32E3D_medium.jpeg', 'thumbnail_url': 'https://images4-g.ravelrycache.com/uploads/mfrengen/889675693/7D158633-F5F8-49E6-ABE4-1BAAEDF32E3D_thumbnail.jpeg', 'small_url': 'https://images4-g.ravelrycache.com/uploads/mfrengen/889675693/7D158633-F5F8-49E6-ABE4-1BAAEDF32E3D_small.jpeg', 'flickr_url': None, 'shelved_url': 'https://images4-g.ravelrycache.com/uploads/mfrengen/889675693/7D158633-F5F8-49E6-ABE4-1BAAEDF32E3D_shelved.jpeg', 'medium2_url': 'https://images4-a.ravelrycache.com/uploads/mfrengen/889675693/7D158633-F5F8-49E6-ABE4-1BAAEDF32E3D_medium2.jpeg', 'small2_url': 'https://images4-g.ravelrycache.com/uploads/mfrengen/889675693/7D158633-F5F8-49E6-ABE4-1BAAEDF32E3D_small2.jpeg', 'caption': None, 'caption_html': None, 'copyright_holder': None}, {'id': 117107791, 'sort_order': 5, 'user_id': 6152382, 'x_offset': 0, 'y_offset': -35, 'square_url': 'https://images4-g.ravelrycache.com/uploads/mfrengen/889675696/9496FC5F-A0DC-41D7-85CE-7A9C9CD95AA2_square.jpeg', 'medium_url': 'https://images4-g.ravelrycache.com/uploads/mfrengen/889675696/9496FC5F-A0DC-41D7-85CE-7A9C9CD95AA2_medium.jpeg', 'thumbnail_url': 'https://images4-f.ravelrycache.com/uploads/mfrengen/889675696/9496FC5F-A0DC-41D7-85CE-7A9C9CD95AA2_thumbnail.jpeg', 'small_url': 'https://images4-g.ravelrycache.com/uploads/mfrengen/889675696/9496FC5F-A0DC-41D7-85CE-7A9C9CD95AA2_small.jpeg', 'flickr_url': None, 'shelved_url': 'https://images4-f.ravelrycache.com/uploads/mfrengen/889675696/9496FC5F-A0DC-41D7-85CE-7A9C9CD95AA2_shelved.jpeg', 'medium2_url': 'https://images4-a.ravelrycache.com/uploads/mfrengen/889675696/9496FC5F-A0DC-41D7-85CE-7A9C9CD95AA2_medium2.jpeg', 'small2_url': 'https://images4-f.ravelrycache.com/uploads/mfrengen/889675696/9496FC5F-A0DC-41D7-85CE-7A9C9CD95AA2_small2.jpeg', 'caption': None, 'caption_html': None, 'copyright_holder': None}]"
Mulberry Jumper,Along avec Anna,1291720,https://www.ravelry.com/patterns/library/mulberry-jumper,False,https://images4-a.ravelrycache.com/uploads/alongavecanna/952828641/AlongAvecAnna-455_medium2.JPG,Knitting,"['adult', 'ribbed', 'raglan-sleeve', 'seamless', 'short-rows', 'top-down', 'in-the-round', 'embroidery', 'written-pattern']",21.0,2.25,True,4.0,,pullover,DK,13,5.0,"95, 105, 115 (125, 135, 145) [155, 165, 175] cm","[{'id': 124914785, 'sort_order': 1, 'user_id': 5457486, 'x_offset': 0, 'y_offset': -55, 'square_url': 'https://images4-g.ravelrycache.com/uploads/alongavecanna/952828641/AlongAvecAnna-455_square.JPG', 'medium_url': 'https://images4-f.ravelrycache.com/uploads/alongavecanna/952828641/AlongAvecAnna-455_medium.JPG', 'thumbnail_url': 'https://images4-f.ravelrycache.com/uploads/alongavecanna/952828641/AlongAvecAnna-455_thumbnail.JPG', 'small_url': 'https://images4-f.ravelrycache.com/uploads/alongavecanna/952828641/AlongAvecAnna-455_small_best_fit.JPG', 'flickr_url': None, 'shelved_url': 'https://images4-g.ravelrycache.com/uploads/alongavecanna/952828641/AlongAvecAnna-455_shelved.JPG', 'medium2_url': 'https://images4-a.ravelrycache.com/uploads/alongavecanna/952828641/AlongAvecAnna-455_medium2.JPG', 'small2_url': 'https://images4-g.ravelrycache.com/uploads/alongavecanna/952828641/AlongAvecAnna-455_small2.JPG', 'caption': None, 'caption_html': None, 'copyright_holder': None}, {'id': 124914781, 'sort_order': 2, 'user_id': 5457486, 'x_offset': 0, 'y_offset': -66, 'square_url': 'https://images4-f.ravelrycache.com/uploads/alongavecanna/952828638/AlongAvecAnna-439_square.JPG', 'medium_url': 'https://images4-g.ravelrycache.com/uploads/alongavecanna/952828638/AlongAvecAnna-439_medium.JPG', 'thumbnail_url': 'https://images4-f.ravelrycache.com/uploads/alongavecanna/952828638/AlongAvecAnna-439_thumbnail.JPG', 'small_url': 'https://images4-f.ravelrycache.com/uploads/alongavecanna/952828638/AlongAvecAnna-439_small_best_fit.JPG', 'flickr_url': None, 'shelved_url': 'https://images4-f.ravelrycache.com/uploads/alongavecanna/952828638/AlongAvecAnna-439_shelved.JPG', 'medium2_url': 'https://images4-a.ravelrycache.com/uploads/alongavecanna/952828638/AlongAvecAnna-439_medium2.JPG', 'small2_url': 'https://images4-f.ravelrycache.com/uploads/alongavecanna/952828638/AlongAvecAnna-439_small2.JPG', 'caption': None, 'caption_html': None, 'copyright_holder': None}, {'id': 124914784, 'sort_order': 3, 'user_id': 5457486, 'x_offset': 0, 'y_offset': -63, 'square_url': 'https://images4-f.ravelrycache.com/uploads/alongavecanna/952828640/AlongAvecAnna-447_square.JPG', 'medium_url': 'https://images4-g.ravelrycache.com/uploads/alongavecanna/952828640/AlongAvecAnna-447_medium.JPG', 'thumbnail_url': 'https://images4-f.ravelrycache.com/uploads/alongavecanna/952828640/AlongAvecAnna-447_thumbnail.JPG', 'small_url': 'https://images4-f.ravelrycache.com/uploads/alongavecanna/952828640/AlongAvecAnna-447_small_best_fit.JPG', 'flickr_url': None, 'shelved_url': 'https://images4-g.ravelrycache.com/uploads/alongavecanna/952828640/AlongAvecAnna-447_shelved.JPG', 'medium2_url': 'https://images4-a.ravelrycache.com/uploads/alongavecanna/952828640/AlongAvecAnna-447_medium2.JPG', 'small2_url': 'https://images4-f.ravelrycache.com/uploads/alongavecanna/952828640/AlongAvecAnna-447_small2.JPG', 'caption': None, 'caption_html': None, 'copyright_holder': None}, {'id': 124914783, 'sort_order': 4, 'user_id': 5457486, 'x_offset': -3, 'y_offset': -84, 'square_url': 'https://images4-g.ravelrycache.com/uploads/alongavecanna/952828639/AlongAvecAnna-430_square.JPG', 'medium_url': 'https://images4-f.ravelrycache.com/uploads/alongavecanna/952828639/AlongAvecAnna-430_medium.JPG', 'thumbnail_url': 'https://images4-f.ravelrycache.com/uploads/alongavecanna/952828639/AlongAvecAnna-430_thumbnail.JPG', 'small_url': 'https://images4-g.ravelrycache.com/uploads/alongavecanna/952828639/AlongAvecAnna-430_small_best_fit.JPG', 'flickr_url': None, 'shelved_url': 'https://images4-g.ravelrycache.com/uploads/alongavecanna/952828639/AlongAvecAnna-430_shelved.JPG', 'medium2_url': 'https://images4-a.ravelrycache.com/uploads/alongavecanna/952828639/AlongAvecAnna-430_medium2.JPG', 'small2_url': 'https://images4-g.ravelrycache.com/uploads/alongavecanna/952828639/AlongAvecAnna-430_small2.JPG', 'caption': None, 'caption_html': None, 'copyright_holder': None}, {'id': 124914782, 'sort_order': 5, 'user_id': 5457486, 'x_offset': 0, 'y_offset': -43, 'square_url': 'https://images4-g.ravelrycache.com/uploads/alongavecanna/952828637/AlongAvecAnna-457_square.JPG', 'medium_url': 'https://images4-f.ravelrycache.com/uploads/alongavecanna/952828637/AlongAvecAnna-457_medium.JPG', 'thumbnail_url': 'https://images4-g.ravelrycache.com/uploads/alongavecanna/952828637/AlongAvecAnna-457_thumbnail.JPG', 'small_url': 'https://images4-f.ravelrycache.com/uploads/alongavecanna/952828637/AlongAvecAnna-457_small_best_fit.JPG', 'flickr_url': None, 'shelved_url': 'https://images4-g.ravelrycache.com/uploads/alongavecanna/952828637/AlongAvecAnna-457_shelved.JPG', 'medium2_url': 'https://images4-a.ravelrycache.com/uploads/alongavecanna/952828637/AlongAvecAnna-457_medium2.JPG', 'small2_url': 'https://images4-g.ravelrycache.com/uploads/alongavecanna/952828637/AlongAvecAnna-457_small2.JPG', 'caption': None, 'caption_html': None, 'copyright_holder': None}, {'id': 117113238, 'sort_order': 6, 'user_id': 5457486, 'x_offset': 0, 'y_offset': -55, 'square_url': 'https://images4-f.ravelrycache.com/uploads/alongavecanna/886974964/Mulberry_Along_avec_Anna_7_square.jpg', 'medium_url': 'https://images4-g.ravelrycache.com/uploads/alongavecanna/886974964/Mulberry_Along_avec_Anna_7_medium.jpg', 'thumbnail_url': 'https://images4-f.ravelrycache.com/uploads/alongavecanna/886974964/Mulberry_Along_avec_Anna_7_thumbnail.jpg', 'small_url': 'https://images4-f.ravelrycache.com/uploads/alongavecanna/886974964/Mulberry_Along_avec_Anna_7_small_best_fit.jpg', 'flickr_url': None, 'shelved_url': 'https://images4-f.ravelrycache.com/uploads/alongavecanna/886974964/Mulberry_Along_avec_Anna_7_shelved.jpg', 'medium2_url': 'https://images4-a.ravelrycache.com/uploads/alongavecanna/886974964/Mulberry_Along_avec_Anna_7_medium2.jpg', 'small2_url': 'https://images4-f.ravelrycache.com/uploads/alongavecanna/886974964/Mulberry_Along_avec_Anna_7_small2.jpg', 'caption': None, 'caption_html': None, 'copyright_holder': None}, {'id': 117159307, 'sort_order': 7, 'user_id': 7095721, 'x_offset': -5, 'y_offset': -35, 'square_url': 'https://images4-f.ravelrycache.com/uploads/cscheck/889037567/9F1DD360-AD8E-4654-9E27-1E64C20978E5_square.jpeg', 'medium_url': 'https://images4-f.ravelrycache.com/uploads/cscheck/889037567/9F1DD360-AD8E-4654-9E27-1E64C20978E5_medium.jpeg', 'thumbnail_url': 'https://images4-g.ravelrycache.com/uploads/cscheck/889037567/9F1DD360-AD8E-4654-9E27-1E64C20978E5_thumbnail.jpeg', 'small_url': 'https://images4-g.ravelrycache.com/uploads/cscheck/889037567/9F1DD360-AD8E-4654-9E27-1E64C20978E5_small.jpeg', 'flickr_url': None, 'shelved_url': 'https://images4-f.ravelrycache.com/uploads/cscheck/889037567/9F1DD360-AD8E-4654-9E27-1E64C20978E5_shelved.jpeg', 'medium2_url': 'https://images4-a.ravelrycache.com/uploads/cscheck/889037567/9F1DD360-AD8E-4654-9E27-1E64C20978E5_medium2.jpeg', 'small2_url': 'https://images4-g.ravelrycache.com/uploads/cscheck/889037567/9F1DD360-AD8E-4654-9E27-1E64C20978E5_small2.jpeg', 'caption': None, 'caption_html': None, 'copyright_holder': None}, {'id': 117113244, 'sort_order': 8, 'user_id': 5457486, 'x_offset': 0, 'y_offset': -43, 'square_url': 'https://images4-g.ravelrycache.com/uploads/alongavecanna/886974970/Mulberry_Along_avec_Anna_4_square.jpg', 'medium_url': 'https://images4-f.ravelrycache.com/uploads/alongavecanna/886974970/Mulberry_Along_avec_Anna_4_medium.jpg', 'thumbnail_url': 'https://images4-g.ravelrycache.com/uploads/alongavecanna/886974970/Mulberry_Along_avec_Anna_4_thumbnail.jpg', 'small_url': 'https://images4-f.ravelrycache.com/uploads/alongavecanna/886974970/Mulberry_Along_avec_Anna_4_small_best_fit.jpg', 'flickr_url': None, 'shelved_url': 'https://images4-f.ravelrycache.com/uploads/alongavecanna/886974970/Mulberry_Along_avec_Anna_4_shelved.jpg', 'medium2_url': 'https://images4-a.ravelrycache.com/uploads/alongavecanna/886974970/Mulberry_Along_avec_Anna_4_medium2.jpg', 'small2_url': 'https://images4-g.ravelrycache.com/uploads/alongavecanna/886974970/Mulberry_Along_avec_Anna_4_small2.jpg', 'caption': None, 'caption_html': None, 'copyright_holder': None}, {'id': 117117184, 'sort_order': 9, 'user_id': 7432064, 'x_offset': -5, 'y_offset': -35, 'square_url': 'https://images4-g.ravelrycache.com/uploads/Sewknitandsun/889026678/IMG_4812_square.HEIC', 'medium_url': 'https://images4-g.ravelrycache.com/uploads/Sewknitandsun/889026678/IMG_4812_medium.HEIC', 'thumbnail_url': 'https://images4-f.ravelrycache.com/uploads/Sewknitandsun/889026678/IMG_4812_thumbnail.HEIC', 'small_url': 'https://images4-f.ravelrycache.com/uploads/Sewknitandsun/889026678/IMG_4812_small.HEIC', 'flickr_url': None, 'shelved_url': 'https://images4-g.ravelrycache.com/uploads/Sewknitandsun/889026678/IMG_4812_shelved.HEIC', 'medium2_url': 'https://images4-a.ravelrycache.com/uploads/Sewknitandsun/889026678/IMG_4812_medium2.HEIC', 'small2_url': 'https://images4-f.ravelrycache.com/uploads/Sewknitandsun/889026678/IMG_4812_small2.HEIC', 'caption': None, 'caption_html': None, 'copyright_holder': None}, {'id': 117117186, 'sort_order': 10, 'user_id': 7432064, 'x_offset': -1, 'y_offset': 1, 'square_url': 'https://images4-f.ravelrycache.com/uploads/Sewknitandsun/889027283/IMG_4819_2_square.heic', 'medium_url': 'https://images4-f.ravelrycache.com/uploads/Sewknitandsun/889027283/IMG_4819_2_medium.heic', 'thumbnail_url': 'https://images4-f.ravelrycache.com/uploads/Sewknitandsun/889027283/IMG_4819_2_thumbnail.heic', 'small_url': 'https://images4-f.ravelrycache.com/uploads/Sewknitandsun/889027283/IMG_4819_2_small_best_fit.heic', 'flickr_url': None, 'shelved_url': 'https://images4-g.ravelrycache.com/uploads/Sewknitandsun/889027283/IMG_4819_2_shelved.heic', 'medium2_url': 'https://images4-a.ravelrycache.com/uploads/Sewknitandsun/889027283/IMG_4819_2_medium2.heic', 'small2_url': 'https://images4-g.ravelrycache.com/uploads/Sewknitandsun/889027283/IMG_4819_2_small2.heic', 'caption': None, 'caption_html': None, 'copyright_holder': None}, {'id': 117113240, 'sort_order': 11, 'user_id': 5457486, 'x_offset': 0, 'y_offset': -43, 'square_url': 'https://images4-f.ravelrycache.com/uploads/alongavecanna/886974967/Mulberry_Along_avec_Anna_2_square.jpg', 'medium_url': 'https://images4-g.ravelrycache.com/uploads/alongavecanna/886974967/Mulberry_Along_avec_Anna_2_medium.jpg', 'thumbnail_url': 'https://images4-f.ravelrycache.com/uploads/alongavecanna/886974967/Mulberry_Along_avec_Anna_2_thumbnail.jpg', 'small_url': 'https://images4-f.ravelrycache.com/uploads/alongavecanna/886974967/Mulberry_Along_avec_Anna_2_small_best_fit.jpg', 'flickr_url': None, 'shelved_url': 'https://images4-f.ravelrycache.com/uploads/alongavecanna/886974967/Mulberry_Along_avec_Anna_2_shelved.jpg', 'medium2_url': 'https://images4-a.ravelrycache.com/uploads/alongavecanna/886974967/Mulberry_Along_avec_Anna_2_medium2.jpg', 'small2_url': 'https://images4-f.ravelrycache.com/uploads/alongavecanna/886974967/Mulberry_Along_avec_Anna_2_small2.jpg', 'caption': None, 'caption_html': None, 'copyright_holder': None}, {'id': 117113241, 'sort_order': 12, 'user_id': 5457486, 'x_offset': 0, 'y_offset': -79, 'square_url': 'https://images4-g.ravelrycache.com/uploads/alongavecanna/886974966/Mulberry_Along_avec_Anna_1_square.jpg', 'medium_url': 'https://images4-f.ravelrycache.com/uploads/alongavecanna/886974966/Mulberry_Along_avec_Anna_1_medium.jpg', 'thumbnail_url': 'https://images4-f.ravelrycache.com/uploads/alongavecanna/886974966/Mulberry_Along_avec_Anna_1_thumbnail.jpg', 'small_url': 'https://images4-f.ravelrycache.com/uploads/alongavecanna/886974966/Mulberry_Along_avec_Anna_1_small_best_fit.jpg', 'flickr_url': None, 'shelved_url': 'https://images4-g.ravelrycache.com/uploads/alongavecanna/886974966/Mulberry_Along_avec_Anna_1_shelved.jpg', 'medium2_url': 'https://images4-a.ravelrycache.com/uploads/alongavecanna/886974966/Mulberry_Along_avec_Anna_1_medium2.jpg', 'small2_url': 'https://images4-g.ravelrycache.com/uploads/alongavecanna/886974966/Mulberry_Along_avec_Anna_1_small2.jpg', 'caption': None, 'caption_html': None, 'copyright_holder': None}, {'id': 117120300, 'sort_order': 13, 'user_id': 9793956, 'x_offset': 0, 'y_offset': -16, 'square_url': 'https://images4-f.ravelrycache.com/uploads/FloconsdeLaine/889642384/Mulberry_33_square.jpg', 'medium_url': 'https://images4-g.ravelrycache.com/uploads/FloconsdeLaine/889642384/Mulberry_33_medium.jpg', 'thumbnail_url': 'https://images4-g.ravelrycache.com/uploads/FloconsdeLaine/889642384/Mulberry_33_thumbnail.jpg', 'small_url': 'https://images4-g.ravelrycache.com/uploads/FloconsdeLaine/889642384/Mulberry_33_small_best_fit.jpg', 'flickr_url': None, 'shelved_url': 'https://images4-g.ravelrycache.com/uploads/FloconsdeLaine/889642384/Mulberry_33_shelved.jpg', 'medium2_url': 'https://images4-a.ravelrycache.com/uploads/FloconsdeLaine/889642384/Mulberry_33_medium2.jpg', 'small2_url': 'https://images4-f.ravelrycache.com/uploads/FloconsdeLaine/889642384/Mulberry_33_small2.jpg', 'caption': None, 'caption_html': None, 'copyright_holder': None}, {'id': 117113242, 'sort_order': 14, 'user_id': 5457486, 'x_offset': -1, 'y_offset': -53, 'square_url': 'https://images4-f.ravelrycache.com/uploads/alongavecanna/886974969/Mulberry_Along_avec_Anna_6_square.jpg', 'medium_url': 'https://images4-g.ravelrycache.com/uploads/alongavecanna/886974969/Mulberry_Along_avec_Anna_6_medium.jpg', 'thumbnail_url': 'https://images4-g.ravelrycache.com/uploads/alongavecanna/886974969/Mulberry_Along_avec_Anna_6_thumbnail.jpg', 'small_url': 'https://images4-f.ravelrycache.com/uploads/alongavecanna/886974969/Mulberry_Along_avec_Anna_6_small_best_fit.jpg', 'flickr_url': None, 'shelved_url': 'https://images4-g.ravelrycache.com/uploads/alongavecanna/886974969/Mulberry_Along_avec_Anna_6_shelved.jpg', 'medium2_url': 'https://images4-a.ravelrycache.com/uploads/alongavecanna/886974969/Mulberry_Along_avec_Anna_6_medium2.jpg', 'small2_url': 'https://images4-f.ravelrycache.com/uploads/alongavecanna/886974969/Mulberry_Along_avec_Anna_6_small2.jpg', 'caption': None, 'caption_html': None, 'copyright_holder': None}, {'id': 117113239, 'sort_order': 15, 'user_id': 5457486, 'x_offset': 0, 'y_offset': -43, 'square_url': 'https://images4-g.ravelrycache.com/uploads/alongavecanna/886974968/Mulberry_Along_avec_Anna_5_square.jpg', 'medium_url': 'https://images4-f.ravelrycache.com/uploads/alongavecanna/886974968/Mulberry_Along_avec_Anna_5_medium.jpg', 'thumbnail_url': 'https://images4-g.ravelrycache.com/uploads/alongavecanna/886974968/Mulberry_Along_avec_Anna_5_thumbnail.jpg', 'small_url': 'https://images4-f.ravelrycache.com/uploads/alongavecanna/886974968/Mulberry_Along_avec_Anna_5_small_best_fit.jpg', 'flickr_url': None, 'shelved_url': 'https://images4-f.ravelrycache.com/uploads/alongavecanna/886974968/Mulberry_Along_avec_Anna_5_shelved.jpg', 'medium2_url': 'https://images4-a.ravelrycache.com/uploads/alongavecanna/886974968/Mulberry_Along_avec_Anna_5_medium2.jpg', 'small2_url': 'https://images4-g.ravelrycache.com/uploads/alongavecanna/886974968/Mulberry_Along_avec_Anna_5_small2.jpg', 'caption': None, 'caption_html': None, 'copyright_holder': None}, {'id': 117113243, 'sort_order': 16, 'user_id': 5457486, 'x_offset': 0, 'y_offset': -43, 'square_url': 'https://images4-g.ravelrycache.com/uploads/alongavecanna/886974965/Mulberry_Along_avec_Anna_3_square.jpg', 'medium_url': 'https://images4-f.ravelrycache.com/uploads/alongavecanna/886974965/Mulberry_Along_avec_Anna_3_medium.jpg', 'thumbnail_url': 'https://images4-g.ravelrycache.com/uploads/alongavecanna/886974965/Mulberry_Along_avec_Anna_3_thumbnail.jpg', 'small_url': 'https://images4-f.ravelrycache.com/uploads/alongavecanna/886974965/Mulberry_Along_avec_Anna_3_small_best_fit.jpg', 'flickr_url': None, 'shelved_url': 'https://images4-g.ravelrycache.com/uploads/alongavecanna/886974965/Mulberry_Along_avec_Anna_3_shelved.jpg', 'medium2_url': 'https://images4-a.ravelrycache.com/uploads/alongavecanna/886974965/Mulberry_Along_avec_Anna_3_medium2.jpg', 'small2_url': 'https://images4-g.ravelrycache.com/uploads/alongavecanna/886974965/Mulberry_Along_avec_Anna_3_small2.jpg', 'caption': None, 'caption_html': None, 'copyright_holder': None}]"
Bobbie turtleneck,Maria Sølvtofte,1291853,https://www.ravelry.com/patterns/library/bobbie-turtleneck,True,https://images4-a.ravelrycache.com/uploads/Hobbii/889840255/copy-of-billie-sweater-06-700xauto_medium2.jpg,Knitting,"['unisex', 'adult', 'petite', 'plus', 'turtleneck', 'long-sleeve', 'raglan-sleeve', 'top-down', 'positive-ease', 'written-pattern']",14.0,2.6666666666666665,True,4.0,,pullover,DK,21,4.75,"XS (S, M, L, XL, 2XL)","[{'id': 117128087, 'sort_order': 1, 'user_id': 8184688, 'x_offset': 0, 'y_offset': 0, 'square_url': 'https://images4-g.ravelrycache.com/uploads/Hobbii/889840255/copy-of-billie-sweater-06-700xauto_square.jpg', 'medium_url': 'https://images4-f.ravelrycache.com/uploads/Hobbii/889840255/copy-of-billie-sweater-06-700xauto_medium.jpg', 'thumbnail_url': 'https://images4-f.ravelrycache.com/uploads/Hobbii/889840255/copy-of-billie-sweater-06-700xauto_thumbnail.jpg', 'small_url': 'https://images4-f.ravelrycache.com/uploads/Hobbii/889840255/copy-of-billie-sweater-06-700xauto_small_best_fit.jpg', 'flickr_url': None, 'shelved_url': 'https://images4-g.ravelrycache.com/uploads/Hobbii/889840255/copy-of-billie-sweater-06-700xauto_shelved.jpg', 'medium2_url': 'https://images4-a.ravelrycache.com/uploads/Hobbii/889840255/copy-of-billie-sweater-06-700xauto_medium2.jpg', 'small2_url': 'https://images4-g.ravelrycache.com/uploads/Hobbii/889840255/copy-of-billie-sweater-06-700xauto_small2.jpg', 'caption': None, 'caption_html': None, 'copyright_holder': None}, {'id': 117128088, 'sort_order': 2, 'user_id': 8184688, 'x_offset': 0, 'y_offset': 0, 'square_url': 'https://images4-f.ravelrycache.com/uploads/Hobbii/889840256/copy-of-billie-sweater-07-700xauto_square.jpg', 'medium_url': 'https://images4-g.ravelrycache.com/uploads/Hobbii/889840256/copy-of-billie-sweater-07-700xauto_medium.jpg', 'thumbnail_url': 'https://images4-g.ravelrycache.com/uploads/Hobbii/889840256/copy-of-billie-sweater-07-700xauto_thumbnail.jpg', 'small_url': 'https://images4-f.ravelrycache.com/uploads/Hobbii/889840256/copy-of-billie-sweater-07-700xauto_small_best_fit.jpg', 'flickr_url': None, 'shelved_url': 'https://images4-g.ravelrycache.com/uploads/Hobbii/889840256/copy-of-billie-sweater-07-700xauto_shelved.jpg', 'medium2_url': 'https://images4-a.ravelrycache.com/uploads/Hobbii/889840256/copy-of-billie-sweater-07-700xauto_medium2.jpg', 'small2_url': 'https://images4-f.ravelrycache.com/uploads/Hobbii/889840256/copy-of-billie-sweater-07-700xauto_small2.jpg', 'caption': None, 'caption_html': None, 'copyright_holder': None}, {'id': 117128089, 'sort_order': 3, 'user_id': 8184688, 'x_offset': 0, 'y_offset': 0, 'square_url': 'https://images4-f.ravelrycache.com/uploads/Hobbii/889840259/copy-of-billy-sweater-05-700xauto_square.jpg', 'medium_url': 'https://images4-g.ravelrycache.com/uploads/Hobbii/889840259/copy-of-billy-sweater-05-700xauto_medium.jpg', 'thumbnail_url': 'https://images4-f.ravelrycache.com/uploads/Hobbii/889840259/copy-of-billy-sweater-05-700xauto_thumbnail.jpg', 'small_url': 'https://images4-g.ravelrycache.com/uploads/Hobbii/889840259/copy-of-billy-sweater-05-700xauto_small_best_fit.jpg', 'flickr_url': None, 'shelved_url': 'https://images4-f.ravelrycache.com/uploads/Hobbii/889840259/copy-of-billy-sweater-05-700xauto_shelved.jpg', 'medium2_url': 'https://images4-a.ravelrycache.com/uploads/Hobbii/889840259/copy-of-billy-sweater-05-700xauto_medium2.jpg', 'small2_url': 'https://images4-f.ravelrycache.com/uploads/Hobbii/889840259/copy-of-billy-sweater-05-700xauto_small2.jpg', 'caption': None, 'caption_html': None, 'copyright_holder': None}, {'id': 117128090, 'sort_order': 4, 'user_id': 8184688, 'x_offset': 0, 'y_offset': 0, 'square_url': 'https://images4-g.ravelrycache.com/uploads/Hobbii/889840253/copy-of-billie-sweater-02-700xauto_square.jpg', 'medium_url': 'https://images4-f.ravelrycache.com/uploads/Hobbii/889840253/copy-of-billie-sweater-02-700xauto_medium.jpg', 'thumbnail_url': 'https://images4-f.ravelrycache.com/uploads/Hobbii/889840253/copy-of-billie-sweater-02-700xauto_thumbnail.jpg', 'small_url': 'https://images4-g.ravelrycache.com/uploads/Hobbii/889840253/copy-of-billie-sweater-02-700xauto_small_best_fit.jpg', 'flickr_url': None, 'shelved_url': 'https://images4-g.ravelrycache.com/uploads/Hobbii/889840253/copy-of-billie-sweater-02-700xauto_shelved.jpg', 'medium2_url': 'https://images4-a.ravelrycache.com/uploads/Hobbii/889840253/copy-of-billie-sweater-02-700xauto_medium2.jpg', 'small2_url': 'https://images4-g.ravelrycache.com/uploads/Hobbii/889840253/copy-of-billie-sweater-02-700xauto_small2.jpg', 'caption': None, 'caption_html': None, 'copyright_holder': None}, {'id': 117128091, 'sort_order': 5, 'user_id': 8184688, 'x_offset': 0, 'y_offset': 0, 'square_url': 'https://images4-f.ravelrycache.com/uploads/Hobbii/889840257/copy-of-billie-sweater-01-700xauto_square.jpg', 'medium_url': 'https://images4-g.ravelrycache.com/uploads/Hobbii/889840257/copy-of-billie-sweater-01-700xauto_medium.jpg', 'thumbnail_url': 'https://images4-f.ravelrycache.com/uploads/Hobbii/889840257/copy-of-billie-sweater-01-700xauto_thumbnail.jpg', 'small_url': 'https://images4-g.ravelrycache.com/uploads/Hobbii/889840257/copy-of-billie-sweater-01-700xauto_small_best_fit.jpg', 'flickr_url': None, 'shelved_url': 'https://images4-g.ravelrycache.com/uploads/Hobbii/889840257/copy-of-billie-sweater-01-700xauto_shelved.jpg', 'medium2_url': 'https://images4-a.ravelrycache.com/uploads/Hobbii/889840257/copy-of-billie-sweater-01-700xauto_medium2.jpg', 'small2_url': 'https://images4-f.ravelrycache.com/uploads/Hobbii/889840257/copy-of-billie-sweater-01-700xauto_small2.jpg', 'caption': None, 'caption_html': None, 'copyright_holder': None}, {'id': 117128092, 'sort_order': 6, 'user_id': 8184688, 'x_offset': 0, 'y_offset': 0, 'square_url': 'https://images4-g.ravelrycache.com/uploads/Hobbii/889840258/copy-of-billie-sweater-04-700xauto_square.jpg', 'medium_url': 'https://images4-f.ravelrycache.com/uploads/Hobbii/889840258/copy-of-billie-sweater-04-700xauto_medium.jpg', 'thumbnail_url': 'https://images4-f.ravelrycache.com/uploads/Hobbii/889840258/copy-of-billie-sweater-04-700xauto_thumbnail.jpg', 'small_url': 'https://images4-g.ravelrycache.com/uploads/Hobbii/889840258/copy-of-billie-sweater-04-700xauto_small_best_fit.jpg', 'flickr_url': None, 'shelved_url': 'https://images4-f.ravelrycache.com/uploads/Hobbii/889840258/copy-of-billie-sweater-04-700xauto_shelved.jpg', 'medium2_url': 'https://images4-a.ravelrycache.com/uploads/Hobbii/889840258/copy-of-billie-sweater-04-700xauto_medium2.jpg', 'small2_url': 'https://images4-g.ravelrycache.com/uploads/Hobbii/889840258/copy-of-billie-sweater-04-700xauto_small2.jpg', 'caption': None, 'caption_html': None, 'copyright_holder': None}, {'id': 117128093, 'sort_order': 7, 'user_id': 8184688, 'x_offset': 0, 'y_offset': 0, 'square_url': 'https://images4-g.ravelrycache.com/uploads/Hobbii/889840254/copy-of-billie-sweater-03-700xauto_square.jpg', 'medium_url': 'https://images4-f.ravelrycache.com/uploads/Hobbii/889840254/copy-of-billie-sweater-03-700xauto_medium.jpg', 'thumbnail_url': 'https://images4-g.ravelrycache.com/uploads/Hobbii/889840254/copy-of-billie-sweater-03-700xauto_thumbnail.jpg', 'small_url': 'https://images4-g.ravelrycache.com/uploads/Hobbii/889840254/copy-of-billie-sweater-03-700xauto_small_best_fit.jpg', 'flickr_url': None, 'shelved_url': 'https://images4-g.ravelrycache.com/uploads/Hobbii/889840254/copy-of-billie-sweater-03-700xauto_shelved.jpg', 'medium2_url': 'https://images4-a.ravelrycache.com/uploads/Hobbii/889840254/copy-of-billie-sweater-03-700xauto_medium2.jpg', 'small2_url': 'https://images4-g.ravelrycache.com/uploads/Hobbii/889840254/copy-of-billie-sweater-03-700xauto_small2.jpg', 'caption': None, 'caption_html': None, 'copyright_holder': None}]"
Kelly Sweater - Double Sunday Ed.,Sandnes Garn,1291859,https://www.ravelry.com/patterns/library/kelly-sweater---double-sunday-ed,False,https://images4-a.ravelrycache.com/uploads/iknitsoidontkill/889845662/2022-11-29_medium2.png,Knitting,"['female', 'adult']",17.0,0.0,False,4.0,stockinette,pullover,Aran,13,0.0,XXS - XXXL,"[{'id': 117128755, 'sort_order': 1, 'user_id': 8296191, 'x_offset': -4, 'y_offset': 0, 'square_url': 'https://images4-f.ravelrycache.com/uploads/iknitsoidontkill/889845662/2022-11-29_square.png', 'medium_url': 'https://images4-g.ravelrycache.com/uploads/iknitsoidontkill/889845662/2022-11-29_medium.png', 'thumbnail_url': 'https://images4-g.ravelrycache.com/uploads/iknitsoidontkill/889845662/2022-11-29_thumbnail.png', 'small_url': 'https://images4-g.ravelrycache.com/uploads/iknitsoidontkill/889845662/2022-11-29_small_best_fit.png', 'flickr_url': None, 'shelved_url': 'https://images4-g.ravelrycache.com/uploads/iknitsoidontkill/889845662/2022-11-29_shelved.png', 'medium2_url': 'https://images4-a.ravelrycache.com/uploads/iknitsoidontkill/889845662/2022-11-29_medium2.png', 'small2_url': 'https://images4-f.ravelrycache.com/uploads/iknitsoidontkill/889845662/2022-11-29_small2.png', 'caption': None, 'caption_html': None, 'copyright_holder': 'sandnes garn'}]"
The Bad Idea Top,Lærke Bagger,1291947,https://www.ravelry.com/patterns/library/the-bad-idea-top,False,https://images4-a.ravelrycache.com/uploads/1016/893394423/IMG_6130_medium2.jpeg,Knitting,"['box-pleats', 'stranded', 'bottom-up', 'written-pattern', 'in-the-round', 'stripes-colorwork']",14.0,4.2,False,4.0,stockinette,pullover,Any gauge,34,4.5,1 (2) 3 (4) 5 (6) 7 (8),"[{'id': 117569254, 'sort_order': 1, 'user_id': 977212, 'x_offset': -2, 'y_offset': -3, 'square_url': 'https://images4-g.ravelrycache.com/uploads/1016/893394423/IMG_6130_square.jpeg', 'medium_url': 'https://images4-g.ravelrycache.com/uploads/1016/893394423/IMG_6130_medium.jpeg', 'thumbnail_url': 'https://images4-g.ravelrycache.com/uploads/1016/893394423/IMG_6130_thumbnail.jpeg', 'small_url': 'https://images4-g.ravelrycache.com/uploads/1016/893394423/IMG_6130_small_best_fit.jpeg', 'flickr_url': None, 'shelved_url': 'https://images4-f.ravelrycache.com/uploads/1016/893394423/IMG_6130_shelved.jpeg', 'medium2_url': 'https://images4-a.ravelrycache.com/uploads/1016/893394423/IMG_6130_medium2.jpeg', 'small2_url': 'https://images4-f.ravelrycache.com/uploads/1016/893394423/IMG_6130_small2.jpeg', 'caption': None, 'caption_html': None, 'copyright_holder': None}, {'id': 117569253, 'sort_order': 2, 'user_id': 977212, 'x_offset': 0, 'y_offset': -42, 'square_url': 'https://images4-f.ravelrycache.com/uploads/1016/893394422/IMG_6127_square.jpeg', 'medium_url': 'https://images4-f.ravelrycache.com/uploads/1016/893394422/IMG_6127_medium.jpeg', 'thumbnail_url': 'https://images4-g.ravelrycache.com/uploads/1016/893394422/IMG_6127_thumbnail.jpeg', 'small_url': 'https://images4-g.ravelrycache.com/uploads/1016/893394422/IMG_6127_small_best_fit.jpeg', 'flickr_url': None, 'shelved_url': 'https://images4-f.ravelrycache.com/uploads/1016/893394422/IMG_6127_shelved.jpeg', 'medium2_url': 'https://images4-a.ravelrycache.com/uploads/1016/893394422/IMG_6127_medium2.jpeg', 'small2_url': 'https://images4-g.ravelrycache.com/uploads/1016/893394422/IMG_6127_small2.jpeg', 'caption': None, 'caption_html': None, 'copyright_holder': None}, {'id': 117569252, 'sort_order': 3, 'user_id': 977212, 'x_offset': -1, 'y_offset': 0, 'square_url': 'https://images4-g.ravelrycache.com/uploads/1016/893394414/IMG_6129_square.jpeg', 'medium_url': 'https://images4-g.ravelrycache.com/uploads/1016/893394414/IMG_6129_medium.jpeg', 'thumbnail_url': 'https://images4-f.ravelrycache.com/uploads/1016/893394414/IMG_6129_thumbnail.jpeg', 'small_url': 'https://images4-g.ravelrycache.com/uploads/1016/893394414/IMG_6129_small_best_fit.jpeg', 'flickr_url': None, 'shelved_url': 'https://images4-g.ravelrycache.com/uploads/1016/893394414/IMG_6129_shelved.jpeg', 'medium2_url': 'https://images4-a.ravelrycache.com/uploads/1016/893394414/IMG_6129_medium2.jpeg', 'small2_url': 'https://images4-f.ravelrycache.com/uploads/1016/893394414/IMG_6129_small2.jpeg', 'caption': None, 'caption_html': None, 'copyright_holder': None}, {'id': 117569248, 'sort_order': 4, 'user_id': 977212, 'x_offset': 0, 'y_offset': -20, 'square_url': 'https://images4-g.ravelrycache.com/uploads/1016/893394384/IMG_6126_square.jpeg', 'medium_url': 'https://images4-g.ravelrycache.com/uploads/1016/893394384/IMG_6126_medium.jpeg', 'thumbnail_url': 'https://images4-f.ravelrycache.com/uploads/1016/893394384/IMG_6126_thumbnail.jpeg', 'small_url': 'https://images4-f.ravelrycache.com/uploads/1016/893394384/IMG_6126_small_best_fit.jpeg', 'flickr_url': None, 'shelved_url': 'https://images4-g.ravelrycache.com/uploads/1016/893394384/IMG_6126_shelved.jpeg', 'medium2_url': 'https://images4-a.ravelrycache.com/uploads/1016/893394384/IMG_6126_medium2.jpeg', 'small2_url': 'https://images4-f.ravelrycache.com/uploads/1016/893394384/IMG_6126_small2.jpeg', 'caption': None, 'caption_html': None, 'copyright_holder': None}, {'id': 117569234, 'sort_order': 5, 'user_id': 977212, 'x_offset': 0, 'y_offset': -7, 'square_url': 'https://images4-g.ravelrycache.com/uploads/1016/893394266/IMG_6128_square.jpeg', 'medium_url': 'https://images4-g.ravelrycache.com/uploads/1016/893394266/IMG_6128_medium.jpeg', 'thumbnail_url': 'https://images4-g.ravelrycache.com/uploads/1016/893394266/IMG_6128_thumbnail.jpeg', 'small_url': 'https://images4-f.ravelrycache.com/uploads/1016/893394266/IMG_6128_small_best_fit.jpeg', 'flickr_url': None, 'shelved_url': 'https://images4-f.ravelrycache.com/uploads/1016/893394266/IMG_6128_shelved.jpeg', 'medium2_url': 'https://images4-a.ravelrycache.com/uploads/1016/893394266/IMG_6128_medium2.jpeg', 'small2_url': 'https://images4-f.ravelrycache.com/uploads/1016/893394266/IMG_6128_small2.jpeg', 'caption': None, 'caption_html': None, 'copyright_holder': None}]"
Little Thaïs,Sophie Vuong,1291970,https://www.ravelry.com/patterns/library/little-thais,True,https://images4-a.ravelrycache.com/uploads/Solainesandco/868564685/20220801_131432_medium2.jpg,Knitting,"['toddler', 'child', 'ribbed', 'set-in-pocket', 'seamless', 'top-down', 'chart', 'written-pattern', 'video-tutorial', 'in-the-round']",20.0,0.0,True,4.0,Rib stitch,child,Fingering,7,0.0,"1, 2, 4 (6, 8, 10) years old","[{'id': 117140142, 'sort_order': 1, 'user_id': 2215316, 'x_offset': 0, 'y_offset': 0, 'square_url': 'https://images4-f.ravelrycache.com/uploads/Solainesandco/868564685/20220801_131432_square.jpg', 'medium_url': 'https://images4-g.ravelrycache.com/uploads/Solainesandco/868564685/20220801_131432_medium.jpg', 'thumbnail_url': 'https://images4-g.ravelrycache.com/uploads/Solainesandco/868564685/20220801_131432_thumbnail.jpg', 'small_url': 'https://images4-f.ravelrycache.com/uploads/Solainesandco/868564685/20220801_131432_small_best_fit.jpg', 'flickr_url': None, 'shelved_url': 'https://images4-f.ravelrycache.com/uploads/Solainesandco/868564685/20220801_131432_shelved.jpg', 'medium2_url': 'https://images4-a.ravelrycache.com/uploads/Solainesandco/868564685/20220801_131432_medium2.jpg', 'small2_url': 'https://images4-f.ravelrycache.com/uploads/Solainesandco/868564685/20220801_131432_small2.jpg', 'caption': None, 'caption_html': None, 'copyright_holder': None}, {'id': 117140143, 'sort_order': 2, 'user_id': 2215316, 'x_offset': 0, 'y_offset': 0, 'square_url': 'https://images4-f.ravelrycache.com/uploads/Solainesandco/868564693/20220801_131350_square.jpg', 'medium_url': 'https://images4-g.ravelrycache.com/uploads/Solainesandco/868564693/20220801_131350_medium.jpg', 'thumbnail_url': 'https://images4-f.ravelrycache.com/uploads/Solainesandco/868564693/20220801_131350_thumbnail.jpg', 'small_url': 'https://images4-g.ravelrycache.com/uploads/Solainesandco/868564693/20220801_131350_small_best_fit.jpg', 'flickr_url': None, 'shelved_url': 'https://images4-g.ravelrycache.com/uploads/Solainesandco/868564693/20220801_131350_shelved.jpg', 'medium2_url': 'https://images4-a.ravelrycache.com/uploads/Solainesandco/868564693/20220801_131350_medium2.jpg', 'small2_url': 'https://images4-f.ravelrycache.com/uploads/Solainesandco/868564693/20220801_131350_small2.jpg', 'caption': None, 'caption_html': None, 'copyright_holder': None}, {'id': 117140144, 'sort_order': 3, 'user_id': 2215316, 'x_offset': 0, 'y_offset': 0, 'square_url': 'https://images4-g.ravelrycache.com/uploads/Solainesandco/868564689/20220801_131339_square.jpg', 'medium_url': 'https://images4-f.ravelrycache.com/uploads/Solainesandco/868564689/20220801_131339_medium.jpg', 'thumbnail_url': 'https://images4-f.ravelrycache.com/uploads/Solainesandco/868564689/20220801_131339_thumbnail.jpg', 'small_url': 'https://images4-g.ravelrycache.com/uploads/Solainesandco/868564689/20220801_131339_small_best_fit.jpg', 'flickr_url': None, 'shelved_url': 'https://images4-g.ravelrycache.com/uploads/Solainesandco/868564689/20220801_131339_shelved.jpg', 'medium2_url': 'https://images4-a.ravelrycache.com/uploads/Solainesandco/868564689/20220801_131339_medium2.jpg', 'small2_url': 'https://images4-g.ravelrycache.com/uploads/Solainesandco/868564689/20220801_131339_small2.jpg', 'caption': None, 'caption_html': None, 'copyright_holder': None}]"
Limpkin,Andrea Gaughan,1292064,https://www.ravelry.com/patterns/library/limpkin,False,https://images4-a.ravelrycache.com/uploads/agaughanknits/889950895/Limpkin21_medium2.png,Knitting,"['female', 'unisex', 'adult', 'crew-neck', 'stranded', 'one-piece', 'seamless', 'short-rows', 'top-down', 'positive-ease', 'chart', 'written-pattern', 'in-the-round', 'schematic', 'circular-yoke']",22.0,3.3333333333333335,True,4.0,Stockinette,pullover,Sport,17,5.0,"{A, B, C}[D, E, F, G]{H, I, J}","[{'id': 117150845, 'sort_order': 1, 'user_id': 9585180, 'x_offset': -5, 'y_offset': -35, 'square_url': 'https://images4-g.ravelrycache.com/uploads/agaughanknits/889950895/Limpkin21_square.png', 'medium_url': 'https://images4-f.ravelrycache.com/uploads/agaughanknits/889950895/Limpkin21_medium.png', 'thumbnail_url': 'https://images4-f.ravelrycache.com/uploads/agaughanknits/889950895/Limpkin21_thumbnail.png', 'small_url': 'https://images4-g.ravelrycache.com/uploads/agaughanknits/889950895/Limpkin21_small.png', 'flickr_url': None, 'shelved_url': 'https://images4-g.ravelrycache.com/uploads/agaughanknits/889950895/Limpkin21_shelved.png', 'medium2_url': 'https://images4-a.ravelrycache.com/uploads/agaughanknits/889950895/Limpkin21_medium2.png', 'small2_url': 'https://images4-g.ravelrycache.com/uploads/agaughanknits/889950895/Limpkin21_small2.png', 'caption': None, 'caption_html': None, 'copyright_holder': None}, {'id': 117150846, 'sort_order': 2, 'user_id': 9585180, 'x_offset': 0, 'y_offset': 0, 'square_url': 'https://images4-g.ravelrycache.com/uploads/agaughanknits/889950849/Limpkin_close_up_square.JPG', 'medium_url': 'https://images4-f.ravelrycache.com/uploads/agaughanknits/889950849/Limpkin_close_up_medium.JPG', 'thumbnail_url': 'https://images4-f.ravelrycache.com/uploads/agaughanknits/889950849/Limpkin_close_up_thumbnail.JPG', 'small_url': 'https://images4-f.ravelrycache.com/uploads/agaughanknits/889950849/Limpkin_close_up_small_best_fit.JPG', 'flickr_url': None, 'shelved_url': 'https://images4-g.ravelrycache.com/uploads/agaughanknits/889950849/Limpkin_close_up_shelved.JPG', 'medium2_url': 'https://images4-a.ravelrycache.com/uploads/agaughanknits/889950849/Limpkin_close_up_medium2.JPG', 'small2_url': 'https://images4-g.ravelrycache.com/uploads/agaughanknits/889950849/Limpkin_close_up_small2.JPG', 'caption': None, 'caption_html': None, 'copyright_holder': None}, {'id': 117150847, 'sort_order': 3, 'user_id': 9585180, 'x_offset': -5, 'y_offset': -35, 'square_url': 'https://images4-f.ravelrycache.com/uploads/agaughanknits/889950874/Limpkin08_square.png', 'medium_url': 'https://images4-g.ravelrycache.com/uploads/agaughanknits/889950874/Limpkin08_medium.png', 'thumbnail_url': 'https://images4-f.ravelrycache.com/uploads/agaughanknits/889950874/Limpkin08_thumbnail.png', 'small_url': 'https://images4-g.ravelrycache.com/uploads/agaughanknits/889950874/Limpkin08_small.png', 'flickr_url': None, 'shelved_url': 'https://images4-g.ravelrycache.com/uploads/agaughanknits/889950874/Limpkin08_shelved.png', 'medium2_url': 'https://images4-a.ravelrycache.com/uploads/agaughanknits/889950874/Limpkin08_medium2.png', 'small2_url': 'https://images4-f.ravelrycache.com/uploads/agaughanknits/889950874/Limpkin08_small2.png', 'caption': None, 'caption_html': None, 'copyright_holder': None}, {'id': 117150848, 'sort_order': 4, 'user_id': 9585180, 'x_offset': -5, 'y_offset': -35, 'square_url': 'https://images4-f.ravelrycache.com/uploads/agaughanknits/889950867/Limpkin13_square.png', 'medium_url': 'https://images4-g.ravelrycache.com/uploads/agaughanknits/889950867/Limpkin13_medium.png', 'thumbnail_url': 'https://images4-f.ravelrycache.com/uploads/agaughanknits/889950867/Limpkin13_thumbnail.png', 'small_url': 'https://images4-g.ravelrycache.com/uploads/agaughanknits/889950867/Limpkin13_small.png', 'flickr_url': None, 'shelved_url': 'https://images4-g.ravelrycache.com/uploads/agaughanknits/889950867/Limpkin13_shelved.png', 'medium2_url': 'https://images4-a.ravelrycache.com/uploads/agaughanknits/889950867/Limpkin13_medium2.png', 'small2_url': 'https://images4-f.ravelrycache.com/uploads/agaughanknits/889950867/Limpkin13_small2.png', 'caption': None, 'caption_html': None, 'copyright_holder': None}, {'id': 117150849, 'sort_order': 5, 'user_id': 9585180, 'x_offset': -5, 'y_offset': -35, 'square_url': 'https://images4-g.ravelrycache.com/uploads/agaughanknits/889952151/Limpkin15_square.png', 'medium_url': 'https://images4-f.ravelrycache.com/uploads/agaughanknits/889952151/Limpkin15_medium.png', 'thumbnail_url': 'https://images4-g.ravelrycache.com/uploads/agaughanknits/889952151/Limpkin15_thumbnail.png', 'small_url': 'https://images4-g.ravelrycache.com/uploads/agaughanknits/889952151/Limpkin15_small.png', 'flickr_url': None, 'shelved_url': 'https://images4-f.ravelrycache.com/uploads/agaughanknits/889952151/Limpkin15_shelved.png', 'medium2_url': 'https://images4-a.ravelrycache.com/uploads/agaughanknits/889952151/Limpkin15_medium2.png', 'small2_url': 'https://images4-g.ravelrycache.com/uploads/agaughanknits/889952151/Limpkin15_small2.png', 'caption': None, 'caption_html': None, 'copyright_holder': None}, {'id': 117150850, 'sort_order': 6, 'user_id': 9585180, 'x_offset': -5, 'y_offset': -35, 'square_url': 'https://images4-f.ravelrycache.com/uploads/agaughanknits/889950876/Limpkin16_square.png', 'medium_url': 'https://images4-g.ravelrycache.com/uploads/agaughanknits/889950876/Limpkin16_medium.png', 'thumbnail_url': 'https://images4-g.ravelrycache.com/uploads/agaughanknits/889950876/Limpkin16_thumbnail.png', 'small_url': 'https://images4-g.ravelrycache.com/uploads/agaughanknits/889950876/Limpkin16_small.png', 'flickr_url': None, 'shelved_url': 'https://images4-g.ravelrycache.com/uploads/agaughanknits/889950876/Limpkin16_shelved.png', 'medium2_url': 'https://images4-a.ravelrycache.com/uploads/agaughanknits/889950876/Limpkin16_medium2.png', 'small2_url': 'https://images4-f.ravelrycache.com/uploads/agaughanknits/889950876/Limpkin16_small2.png', 'caption': None, 'caption_html': None, 'copyright_holder': None}, {'id': 117152731, 'sort_order': 7, 'user_id': 9585180, 'x_offset': -18, 'y_offset': 0, 'square_url': 'https://images4-f.ravelrycache.com/uploads/agaughanknits/890039587/Screenshot_2022-11-30_063633_square.png', 'medium_url': 'https://images4-g.ravelrycache.com/uploads/agaughanknits/890039587/Screenshot_2022-11-30_063633_medium.png', 'thumbnail_url': 'https://images4-f.ravelrycache.com/uploads/agaughanknits/890039587/Screenshot_2022-11-30_063633_thumbnail.png', 'small_url': 'https://images4-f.ravelrycache.com/uploads/agaughanknits/890039587/Screenshot_2022-11-30_063633_small_best_fit.png', 'flickr_url': None, 'shelved_url': 'https://images4-f.ravelrycache.com/uploads/agaughanknits/890039587/Screenshot_2022-11-30_063633_shelved.png', 'medium2_url': 'https://images4-a.ravelrycache.com/uploads/agaughanknits/890039587/Screenshot_2022-11-30_063633_medium2.png', 'small2_url': 'https://images4-f.ravelrycache.com/uploads/agaughanknits/890039587/Screenshot_2022-11-30_063633_small2.png', 'caption': 'Photo from the All About Birds website of a Limpkin', 'caption_html': 'Photo from the All About Birds website of a Limpkin', 'copyright_holder': 'All About Birds'}, {'id': 117150851, 'sort_order': 8, 'user_id': 9585180, 'x_offset': 1, 'y_offset': -21, 'square_url': 'https://images4-g.ravelrycache.com/uploads/agaughanknits/889952128/Schematic_square.png', 'medium_url': 'https://images4-f.ravelrycache.com/uploads/agaughanknits/889952128/Schematic_medium.png', 'thumbnail_url': 'https://images4-g.ravelrycache.com/uploads/agaughanknits/889952128/Schematic_thumbnail.png', 'small_url': 'https://images4-f.ravelrycache.com/uploads/agaughanknits/889952128/Schematic_small_best_fit.png', 'flickr_url': None, 'shelved_url': 'https://images4-g.ravelrycache.com/uploads/agaughanknits/889952128/Schematic_shelved.png', 'medium2_url': 'https://images4-a.ravelrycache.com/uploads/agaughanknits/889952128/Schematic_medium2.png', 'small2_url': 'https://images4-g.ravelrycache.com/uploads/agaughanknits/889952128/Schematic_small2.png', 'caption': None, 'caption_html': None, 'copyright_holder': None}]"
Faded Pillars Sweater,Claire Jackson (Perfectly Knotted),1292339,https://www.ravelry.com/patterns/library/faded-pillars-sweater,False,https://images4-a.ravelrycache.com/uploads/clairejaxn/895165950/317634178_547979506766209_3196933566079427045_n_medium2.jpg,Knitting,"['female', 'teen', 'adult', 'no-ease', 'fitted', 'ribbed', 'v-neck', 'long-sleeve', 'raglan-sleeve', 'one-piece', 'seamless', 'top-down', 'positive-ease', 'written-pattern', 'cropped', 'worked-flat', 'in-the-round', 'crocheted-edging', 'stripes-colorwork']",20.0,0.0,True,4.0,"stockinette, in the round, blocked",pullover,DK,13,0.0,"28"", 30"", 32"", 34"", 36"", 38"", 40"", 42"", 44"", 46"", 48"", 50"", 52"", 54"", 56"", 58"", 60"", 62"", 64"", 66""","[{'id': 117785687, 'sort_order': 1, 'user_id': 7389106, 'x_offset': -5, 'y_offset': -35, 'square_url': 'https://images4-g.ravelrycache.com/uploads/clairejaxn/895165950/317634178_547979506766209_3196933566079427045_n_square.jpg', 'medium_url': 'https://images4-f.ravelrycache.com/uploads/clairejaxn/895165950/317634178_547979506766209_3196933566079427045_n_medium.jpg', 'thumbnail_url': 'https://images4-f.ravelrycache.com/uploads/clairejaxn/895165950/317634178_547979506766209_3196933566079427045_n_thumbnail.jpg', 'small_url': 'https://images4-f.ravelrycache.com/uploads/clairejaxn/895165950/317634178_547979506766209_3196933566079427045_n_small.jpg', 'flickr_url': None, 'shelved_url': 'https://images4-f.ravelrycache.com/uploads/clairejaxn/895165950/317634178_547979506766209_3196933566079427045_n_shelved.jpg', 'medium2_url': 'https://images4-a.ravelrycache.com/uploads/clairejaxn/895165950/317634178_547979506766209_3196933566079427045_n_medium2.jpg', 'small2_url': 'https://images4-g.ravelrycache.com/uploads/clairejaxn/895165950/317634178_547979506766209_3196933566079427045_n_small2.jpg', 'caption': None, 'caption_html': None, 'copyright_holder': None}, {'id': 117785696, 'sort_order': 2, 'user_id': 7389106, 'x_offset': -5, 'y_offset': -35, 'square_url': 'https://images4-g.ravelrycache.com/uploads/clairejaxn/895165945/317513886_1189136011686995_2201610980321181366_n_square.jpg', 'medium_url': 'https://images4-f.ravelrycache.com/uploads/clairejaxn/895165945/317513886_1189136011686995_2201610980321181366_n_medium.jpg', 'thumbnail_url': 'https://images4-f.ravelrycache.com/uploads/clairejaxn/895165945/317513886_1189136011686995_2201610980321181366_n_thumbnail.jpg', 'small_url': 'https://images4-f.ravelrycache.com/uploads/clairejaxn/895165945/317513886_1189136011686995_2201610980321181366_n_small.jpg', 'flickr_url': None, 'shelved_url': 'https://images4-f.ravelrycache.com/uploads/clairejaxn/895165945/317513886_1189136011686995_2201610980321181366_n_shelved.jpg', 'medium2_url': 'https://images4-a.ravelrycache.com/uploads/clairejaxn/895165945/317513886_1189136011686995_2201610980321181366_n_medium2.jpg', 'small2_url': 'https://images4-g.ravelrycache.com/uploads/clairejaxn/895165945/317513886_1189136011686995_2201610980321181366_n_small2.jpg', 'caption': None, 'caption_html': None, 'copyright_holder': None}, {'id': 117785688, 'sort_order': 3, 'user_id': 7389106, 'x_offset': -5, 'y_offset': -35, 'square_url': 'https://images4-g.ravelrycache.com/uploads/clairejaxn/895165948/316758321_499381932018192_2682293715524033715_n_square.jpg', 'medium_url': 'https://images4-f.ravelrycache.com/uploads/clairejaxn/895165948/316758321_499381932018192_2682293715524033715_n_medium.jpg', 'thumbnail_url': 'https://images4-f.ravelrycache.com/uploads/clairejaxn/895165948/316758321_499381932018192_2682293715524033715_n_thumbnail.jpg', 'small_url': 'https://images4-f.ravelrycache.com/uploads/clairejaxn/895165948/316758321_499381932018192_2682293715524033715_n_small.jpg', 'flickr_url': None, 'shelved_url': 'https://images4-g.ravelrycache.com/uploads/clairejaxn/895165948/316758321_499381932018192_2682293715524033715_n_shelved.jpg', 'medium2_url': 'https://images4-a.ravelrycache.com/uploads/clairejaxn/895165948/316758321_499381932018192_2682293715524033715_n_medium2.jpg', 'small2_url': 'https://images4-g.ravelrycache.com/uploads/clairejaxn/895165948/316758321_499381932018192_2682293715524033715_n_small2.jpg', 'caption': None, 'caption_html': None, 'copyright_holder': None}, {'id': 117785693, 'sort_order': 4, 'user_id': 7389106, 'x_offset': -5, 'y_offset': -35, 'square_url': 'https://images4-g.ravelrycache.com/uploads/clairejaxn/895165954/316850151_718867739173674_6716872528878175383_n_square.jpg', 'medium_url': 'https://images4-f.ravelrycache.com/uploads/clairejaxn/895165954/316850151_718867739173674_6716872528878175383_n_medium.jpg', 'thumbnail_url': 'https://images4-f.ravelrycache.com/uploads/clairejaxn/895165954/316850151_718867739173674_6716872528878175383_n_thumbnail.jpg', 'small_url': 'https://images4-g.ravelrycache.com/uploads/clairejaxn/895165954/316850151_718867739173674_6716872528878175383_n_small.jpg', 'flickr_url': None, 'shelved_url': 'https://images4-g.ravelrycache.com/uploads/clairejaxn/895165954/316850151_718867739173674_6716872528878175383_n_shelved.jpg', 'medium2_url': 'https://images4-a.ravelrycache.com/uploads/clairejaxn/895165954/316850151_718867739173674_6716872528878175383_n_medium2.jpg', 'small2_url': 'https://images4-g.ravelrycache.com/uploads/clairejaxn/895165954/316850151_718867739173674_6716872528878175383_n_small2.jpg', 'caption': None, 'caption_html': None, 'copyright_holder': None}, {'id': 117785689, 'sort_order': 5, 'user_id': 7389106, 'x_offset': -5, 'y_offset': -35, 'square_url': 'https://images4-g.ravelrycache.com/uploads/clairejaxn/895165944/316965893_828246341820154_4897202726783195144_n_square.jpg', 'medium_url': 'https://images4-f.ravelrycache.com/uploads/clairejaxn/895165944/316965893_828246341820154_4897202726783195144_n_medium.jpg', 'thumbnail_url': 'https://images4-g.ravelrycache.com/uploads/clairejaxn/895165944/316965893_828246341820154_4897202726783195144_n_thumbnail.jpg', 'small_url': 'https://images4-f.ravelrycache.com/uploads/clairejaxn/895165944/316965893_828246341820154_4897202726783195144_n_small.jpg', 'flickr_url': None, 'shelved_url': 'https://images4-g.ravelrycache.com/uploads/clairejaxn/895165944/316965893_828246341820154_4897202726783195144_n_shelved.jpg', 'medium2_url': 'https://images4-a.ravelrycache.com/uploads/clairejaxn/895165944/316965893_828246341820154_4897202726783195144_n_medium2.jpg', 'small2_url': 'https://images4-g.ravelrycache.com/uploads/clairejaxn/895165944/316965893_828246341820154_4897202726783195144_n_small2.jpg', 'caption': None, 'caption_html': None, 'copyright_holder': None}, {'id': 117785686, 'sort_order': 6, 'user_id': 7389106, 'x_offset': -5, 'y_offset': -35, 'square_url': 'https://images4-f.ravelrycache.com/uploads/clairejaxn/895165943/316700417_478168500861171_2161024997394600027_n_square.jpg', 'medium_url': 'https://images4-g.ravelrycache.com/uploads/clairejaxn/895165943/316700417_478168500861171_2161024997394600027_n_medium.jpg', 'thumbnail_url': 'https://images4-f.ravelrycache.com/uploads/clairejaxn/895165943/316700417_478168500861171_2161024997394600027_n_thumbnail.jpg', 'small_url': 'https://images4-f.ravelrycache.com/uploads/clairejaxn/895165943/316700417_478168500861171_2161024997394600027_n_small.jpg', 'flickr_url': None, 'shelved_url': 'https://images4-g.ravelrycache.com/uploads/clairejaxn/895165943/316700417_478168500861171_2161024997394600027_n_shelved.jpg', 'medium2_url': 'https://images4-a.ravelrycache.com/uploads/clairejaxn/895165943/316700417_478168500861171_2161024997394600027_n_medium2.jpg', 'small2_url': 'https://images4-f.ravelrycache.com/uploads/clairejaxn/895165943/316700417_478168500861171_2161024997394600027_n_small2.jpg', 'caption': None, 'caption_html': None, 'copyright_holder': None}, {'id': 117785721, 'sort_order': 7, 'user_id': 7389106, 'x_offset': -5, 'y_offset': -35, 'square_url': 'https://images4-g.ravelrycache.com/uploads/clairejaxn/895166229/316865300_1129215611112981_1228402983784297044_n_square.jpg', 'medium_url': 'https://images4-f.ravelrycache.com/uploads/clairejaxn/895166229/316865300_1129215611112981_1228402983784297044_n_medium.jpg', 'thumbnail_url': 'https://images4-g.ravelrycache.com/uploads/clairejaxn/895166229/316865300_1129215611112981_1228402983784297044_n_thumbnail.jpg', 'small_url': 'https://images4-f.ravelrycache.com/uploads/clairejaxn/895166229/316865300_1129215611112981_1228402983784297044_n_small.jpg', 'flickr_url': None, 'shelved_url': 'https://images4-f.ravelrycache.com/uploads/clairejaxn/895166229/316865300_1129215611112981_1228402983784297044_n_shelved.jpg', 'medium2_url': 'https://images4-a.ravelrycache.com/uploads/clairejaxn/895166229/316865300_1129215611112981_1228402983784297044_n_medium2.jpg', 'small2_url': 'https://images4-g.ravelrycache.com/uploads/clairejaxn/895166229/316865300_1129215611112981_1228402983784297044_n_small2.jpg', 'caption': None, 'caption_html': None, 'copyright_holder': None}, {'id': 117785694, 'sort_order': 8, 'user_id': 7389106, 'x_offset': -5, 'y_offset': -35, 'square_url': 'https://images4-g.ravelrycache.com/uploads/clairejaxn/895165952/316702494_807845193609572_862106618065825492_n_square.jpg', 'medium_url': 'https://images4-f.ravelrycache.com/uploads/clairejaxn/895165952/316702494_807845193609572_862106618065825492_n_medium.jpg', 'thumbnail_url': 'https://images4-f.ravelrycache.com/uploads/clairejaxn/895165952/316702494_807845193609572_862106618065825492_n_thumbnail.jpg', 'small_url': 'https://images4-f.ravelrycache.com/uploads/clairejaxn/895165952/316702494_807845193609572_862106618065825492_n_small.jpg', 'flickr_url': None, 'shelved_url': 'https://images4-g.ravelrycache.com/uploads/clairejaxn/895165952/316702494_807845193609572_862106618065825492_n_shelved.jpg', 'medium2_url': 'https://images4-a.ravelrycache.com/uploads/clairejaxn/895165952/316702494_807845193609572_862106618065825492_n_medium2.jpg', 'small2_url': 'https://images4-g.ravelrycache.com/uploads/clairejaxn/895165952/316702494_807845193609572_862106618065825492_n_small2.jpg', 'caption': None, 'caption_html': None, 'copyright_holder': None}, {'id': 117785691, 'sort_order': 9, 'user_id': 7389106, 'x_offset': -5, 'y_offset': -35, 'square_url': 'https://images4-g.ravelrycache.com/uploads/clairejaxn/895165951/313610219_848819112834122_7975525548050895953_n_square.jpg', 'medium_url': 'https://images4-f.ravelrycache.com/uploads/clairejaxn/895165951/313610219_848819112834122_7975525548050895953_n_medium.jpg', 'thumbnail_url': 'https://images4-f.ravelrycache.com/uploads/clairejaxn/895165951/313610219_848819112834122_7975525548050895953_n_thumbnail.jpg', 'small_url': 'https://images4-f.ravelrycache.com/uploads/clairejaxn/895165951/313610219_848819112834122_7975525548050895953_n_small.jpg', 'flickr_url': None, 'shelved_url': 'https://images4-g.ravelrycache.com/uploads/clairejaxn/895165951/313610219_848819112834122_7975525548050895953_n_shelved.jpg', 'medium2_url': 'https://images4-a.ravelrycache.com/uploads/clairejaxn/895165951/313610219_848819112834122_7975525548050895953_n_medium2.jpg', 'small2_url': 'https://images4-g.ravelrycache.com/uploads/clairejaxn/895165951/313610219_848819112834122_7975525548050895953_n_small2.jpg', 'caption': None, 'caption_html': None, 'copyright_holder': None}, {'id': 117785692, 'sort_order': 10, 'user_id': 7389106, 'x_offset': -5, 'y_offset': -35, 'square_url': 'https://images4-f.ravelrycache.com/uploads/clairejaxn/895165947/313610219_831446474774751_4747071541284316728_n_square.jpg', 'medium_url': 'https://images4-g.ravelrycache.com/uploads/clairejaxn/895165947/313610219_831446474774751_4747071541284316728_n_medium.jpg', 'thumbnail_url': 'https://images4-g.ravelrycache.com/uploads/clairejaxn/895165947/313610219_831446474774751_4747071541284316728_n_thumbnail.jpg', 'small_url': 'https://images4-g.ravelrycache.com/uploads/clairejaxn/895165947/313610219_831446474774751_4747071541284316728_n_small.jpg', 'flickr_url': None, 'shelved_url': 'https://images4-f.ravelrycache.com/uploads/clairejaxn/895165947/313610219_831446474774751_4747071541284316728_n_shelved.jpg', 'medium2_url': 'https://images4-a.ravelrycache.com/uploads/clairejaxn/895165947/313610219_831446474774751_4747071541284316728_n_medium2.jpg', 'small2_url': 'https://images4-f.ravelrycache.com/uploads/clairejaxn/895165947/313610219_831446474774751_4747071541284316728_n_small2.jpg', 'caption': None, 'caption_html': None, 'copyright_holder': None}, {'id': 117785695, 'sort_order': 11, 'user_id': 7389106, 'x_offset': -35, 'y_offset': -5, 'square_url': 'https://images4-f.ravelrycache.com/uploads/clairejaxn/895165953/316863310_674023914258974_2918744299451061034_n_square.jpg', 'medium_url': 'https://images4-g.ravelrycache.com/uploads/clairejaxn/895165953/316863310_674023914258974_2918744299451061034_n_medium.jpg', 'thumbnail_url': 'https://images4-g.ravelrycache.com/uploads/clairejaxn/895165953/316863310_674023914258974_2918744299451061034_n_thumbnail.jpg', 'small_url': 'https://images4-g.ravelrycache.com/uploads/clairejaxn/895165953/316863310_674023914258974_2918744299451061034_n_small.jpg', 'flickr_url': None, 'shelved_url': 'https://images4-f.ravelrycache.com/uploads/clairejaxn/895165953/316863310_674023914258974_2918744299451061034_n_shelved.jpg', 'medium2_url': 'https://images4-a.ravelrycache.com/uploads/clairejaxn/895165953/316863310_674023914258974_2918744299451061034_n_medium2.jpg', 'small2_url': 'https://images4-f.ravelrycache.com/uploads/clairejaxn/895165953/316863310_674023914258974_2918744299451061034_n_small2.jpg', 'caption': None, 'caption_html': None, 'copyright_holder': None}, {'id': 117785720, 'sort_order': 12, 'user_id': 7389106, 'x_offset': -5, 'y_offset': -35, 'square_url': 'https://images4-g.ravelrycache.com/uploads/clairejaxn/895166230/316713827_1699776430417167_3377729342058381826_n_square.jpg', 'medium_url': 'https://images4-f.ravelrycache.com/uploads/clairejaxn/895166230/316713827_1699776430417167_3377729342058381826_n_medium.jpg', 'thumbnail_url': 'https://images4-g.ravelrycache.com/uploads/clairejaxn/895166230/316713827_1699776430417167_3377729342058381826_n_thumbnail.jpg', 'small_url': 'https://images4-f.ravelrycache.com/uploads/clairejaxn/895166230/316713827_1699776430417167_3377729342058381826_n_small.jpg', 'flickr_url': None, 'shelved_url': 'https://images4-f.ravelrycache.com/uploads/clairejaxn/895166230/316713827_1699776430417167_3377729342058381826_n_shelved.jpg', 'medium2_url': 'https://images4-a.ravelrycache.com/uploads/clairejaxn/895166230/316713827_1699776430417167_3377729342058381826_n_medium2.jpg', 'small2_url': 'https://images4-g.ravelrycache.com/uploads/clairejaxn/895166230/316713827_1699776430417167_3377729342058381826_n_small2.jpg', 'caption': None, 'caption_html': None, 'copyright_holder': None}, {'id': 117785690, 'sort_order': 13, 'user_id': 7389106, 'x_offset': -5, 'y_offset': -35, 'square_url': 'https://images4-f.ravelrycache.com/uploads/clairejaxn/895165949/316702494_1157953781515335_3225584200622647160_n_square.jpg', 'medium_url': 'https://images4-g.ravelrycache.com/uploads/clairejaxn/895165949/316702494_1157953781515335_3225584200622647160_n_medium.jpg', 'thumbnail_url': 'https://images4-f.ravelrycache.com/uploads/clairejaxn/895165949/316702494_1157953781515335_3225584200622647160_n_thumbnail.jpg', 'small_url': 'https://images4-f.ravelrycache.com/uploads/clairejaxn/895165949/316702494_1157953781515335_3225584200622647160_n_small.jpg', 'flickr_url': None, 'shelved_url': 'https://images4-f.ravelrycache.com/uploads/clairejaxn/895165949/316702494_1157953781515335_3225584200622647160_n_shelved.jpg', 'medium2_url': 'https://images4-a.ravelrycache.com/uploads/clairejaxn/895165949/316702494_1157953781515335_3225584200622647160_n_medium2.jpg', 'small2_url': 'https://images4-f.ravelrycache.com/uploads/clairejaxn/895165949/316702494_1157953781515335_3225584200622647160_n_small2.jpg', 'caption': None, 'caption_html': None, 'copyright_holder': None}, {'id': 117323394, 'sort_order': 14, 'user_id': 6009044, 'x_offset': -5, 'y_offset': -35, 'square_url': 'https://images4-f.ravelrycache.com/uploads/Yourxx/889300207/IMG_2053_square.jpg', 'medium_url': 'https://images4-g.ravelrycache.com/uploads/Yourxx/889300207/IMG_2053_medium.jpg', 'thumbnail_url': 'https://images4-g.ravelrycache.com/uploads/Yourxx/889300207/IMG_2053_thumbnail.jpg', 'small_url': 'https://images4-g.ravelrycache.com/uploads/Yourxx/889300207/IMG_2053_small.jpg', 'flickr_url': None, 'shelved_url': 'https://images4-f.ravelrycache.com/uploads/Yourxx/889300207/IMG_2053_shelved.jpg', 'medium2_url': 'https://images4-a.ravelrycache.com/uploads/Yourxx/889300207/IMG_2053_medium2.jpg', 'small2_url': 'https://images4-f.ravelrycache.com/uploads/Yourxx/889300207/IMG_2053_small2.jpg', 'caption': None, 'caption_html': None, 'copyright_holder': None}, {'id': 117247403, 'sort_order': 15, 'user_id': 9327435, 'x_offset': 0, 'y_offset': -4, 'square_url': 'https://images4-f.ravelrycache.com/uploads/CrochetByAlau/889658308/3C57F548-0EA2-478E-8A11-89003254438E_square.jpeg', 'medium_url': 'https://images4-f.ravelrycache.com/uploads/CrochetByAlau/889658308/3C57F548-0EA2-478E-8A11-89003254438E_medium.jpeg', 'thumbnail_url': 'https://images4-g.ravelrycache.com/uploads/CrochetByAlau/889658308/3C57F548-0EA2-478E-8A11-89003254438E_thumbnail.jpeg', 'small_url': 'https://images4-g.ravelrycache.com/uploads/CrochetByAlau/889658308/3C57F548-0EA2-478E-8A11-89003254438E_small_best_fit.jpeg', 'flickr_url': None, 'shelved_url': 'https://images4-g.ravelrycache.com/uploads/CrochetByAlau/889658308/3C57F548-0EA2-478E-8A11-89003254438E_shelved.jpeg', 'medium2_url': 'https://images4-a.ravelrycache.com/uploads/CrochetByAlau/889658308/3C57F548-0EA2-478E-8A11-89003254438E_medium2.jpeg', 'small2_url': 'https://images4-g.ravelrycache.com/uploads/CrochetByAlau/889658308/3C57F548-0EA2-478E-8A11-89003254438E_small2.jpeg', 'caption': None, 'caption_html': None, 'copyright_holder': None}, {'id': 117186031, 'sort_order': 16, 'user_id': 1888655, 'x_offset': 0, 'y_offset': -11, 'square_url': 'https://images4-g.ravelrycache.com/uploads/chekahgrace/889579839/20221127_140212_square.jpg', 'medium_url': 'https://images4-f.ravelrycache.com/uploads/chekahgrace/889579839/20221127_140212_medium.jpg', 'thumbnail_url': 'https://images4-f.ravelrycache.com/uploads/chekahgrace/889579839/20221127_140212_thumbnail.jpg', 'small_url': 'https://images4-g.ravelrycache.com/uploads/chekahgrace/889579839/20221127_140212_small_best_fit.jpg', 'flickr_url': None, 'shelved_url': 'https://images4-g.ravelrycache.com/uploads/chekahgrace/889579839/20221127_140212_shelved.jpg', 'medium2_url': 'https://images4-a.ravelrycache.com/uploads/chekahgrace/889579839/20221127_140212_medium2.jpg', 'small2_url': 'https://images4-g.ravelrycache.com/uploads/chekahgrace/889579839/20221127_140212_small2.jpg', 'caption': None, 'caption_html': None, 'copyright_holder': None}, {'id': 117182452, 'sort_order': 17, 'user_id': 4018253, 'x_offset': -64, 'y_offset': 1, 'square_url': 'https://images4-g.ravelrycache.com/uploads/hwangss/888222841/0DB30AFD-990A-45AC-A5EB-FE9570631E8E_square.jpeg', 'medium_url': 'https://images4-g.ravelrycache.com/uploads/hwangss/888222841/0DB30AFD-990A-45AC-A5EB-FE9570631E8E_medium.jpeg', 'thumbnail_url': 'https://images4-f.ravelrycache.com/uploads/hwangss/888222841/0DB30AFD-990A-45AC-A5EB-FE9570631E8E_thumbnail.jpeg', 'small_url': 'https://images4-g.ravelrycache.com/uploads/hwangss/888222841/0DB30AFD-990A-45AC-A5EB-FE9570631E8E_small_best_fit.jpeg', 'flickr_url': None, 'shelved_url': 'https://images4-f.ravelrycache.com/uploads/hwangss/888222841/0DB30AFD-990A-45AC-A5EB-FE9570631E8E_shelved.jpeg', 'medium2_url': 'https://images4-a.ravelrycache.com/uploads/hwangss/888222841/0DB30AFD-990A-45AC-A5EB-FE9570631E8E_medium2.jpeg', 'small2_url': 'https://images4-f.ravelrycache.com/uploads/hwangss/888222841/0DB30AFD-990A-45AC-A5EB-FE9570631E8E_small2.jpeg', 'caption': None, 'caption_html': None, 'copyright_holder': None}, {'id': 117181176, 'sort_order': 18, 'user_id': 6580698, 'x_offset': 0, 'y_offset': -24, 'square_url': 'https://images4-g.ravelrycache.com/uploads/enerchi/886597412/1BD8E5E6-E121-4C06-BD5E-6D333BDC5777_square.jpeg', 'medium_url': 'https://images4-g.ravelrycache.com/uploads/enerchi/886597412/1BD8E5E6-E121-4C06-BD5E-6D333BDC5777_medium.jpeg', 'thumbnail_url': 'https://images4-f.ravelrycache.com/uploads/enerchi/886597412/1BD8E5E6-E121-4C06-BD5E-6D333BDC5777_thumbnail.jpeg', 'small_url': 'https://images4-g.ravelrycache.com/uploads/enerchi/886597412/1BD8E5E6-E121-4C06-BD5E-6D333BDC5777_small_best_fit.jpeg', 'flickr_url': None, 'shelved_url': 'https://images4-g.ravelrycache.com/uploads/enerchi/886597412/1BD8E5E6-E121-4C06-BD5E-6D333BDC5777_shelved.jpeg', 'medium2_url': 'https://images4-a.ravelrycache.com/uploads/enerchi/886597412/1BD8E5E6-E121-4C06-BD5E-6D333BDC5777_medium2.jpeg', 'small2_url': 'https://images4-f.ravelrycache.com/uploads/enerchi/886597412/1BD8E5E6-E121-4C06-BD5E-6D333BDC5777_small2.jpeg', 'caption': None, 'caption_html': None, 'copyright_holder': None}, {'id': 117295304, 'sort_order': 19, 'user_id': 8879451, 'x_offset': 0, 'y_offset': -3, 'square_url': 'https://images4-f.ravelrycache.com/uploads/knitslashnails/888742805/20221123_084110_square.jpg', 'medium_url': 'https://images4-g.ravelrycache.com/uploads/knitslashnails/888742805/20221123_084110_medium.jpg', 'thumbnail_url': 'https://images4-f.ravelrycache.com/uploads/knitslashnails/888742805/20221123_084110_thumbnail.jpg', 'small_url': 'https://images4-g.ravelrycache.com/uploads/knitslashnails/888742805/20221123_084110_small_best_fit.jpg', 'flickr_url': None, 'shelved_url': 'https://images4-g.ravelrycache.com/uploads/knitslashnails/888742805/20221123_084110_shelved.jpg', 'medium2_url': 'https://images4-a.ravelrycache.com/uploads/knitslashnails/888742805/20221123_084110_medium2.jpg', 'small2_url': 'https://images4-f.ravelrycache.com/uploads/knitslashnails/888742805/20221123_084110_small2.jpg', 'caption': None, 'caption_html': None, 'copyright_holder': None}, {'id': 117174576, 'sort_order': 20, 'user_id': 555838, 'x_offset': 0, 'y_offset': 0, 'square_url': 'https://images4-g.ravelrycache.com/uploads/sticksandskeins1/887994181/FE2D7636-F5C5-468D-AD90-BEDDE971F632_square.jpeg', 'medium_url': 'https://images4-g.ravelrycache.com/uploads/sticksandskeins1/887994181/FE2D7636-F5C5-468D-AD90-BEDDE971F632_medium.jpeg', 'thumbnail_url': 'https://images4-g.ravelrycache.com/uploads/sticksandskeins1/887994181/FE2D7636-F5C5-468D-AD90-BEDDE971F632_thumbnail.jpeg', 'small_url': 'https://images4-g.ravelrycache.com/uploads/sticksandskeins1/887994181/FE2D7636-F5C5-468D-AD90-BEDDE971F632_small_best_fit.jpeg', 'flickr_url': None, 'shelved_url': 'https://images4-g.ravelrycache.com/uploads/sticksandskeins1/887994181/FE2D7636-F5C5-468D-AD90-BEDDE971F632_shelved.jpeg', 'medium2_url': 'https://images4-a.ravelrycache.com/uploads/sticksandskeins1/887994181/FE2D7636-F5C5-468D-AD90-BEDDE971F632_medium2.jpeg', 'small2_url': 'https://images4-f.ravelrycache.com/uploads/sticksandskeins1/887994181/FE2D7636-F5C5-468D-AD90-BEDDE971F632_small2.jpeg', 'caption': None, 'caption_html': None, 'copyright_holder': None}]"
チェビオットのケーブルミックスセーター,Saichika ( サイチカ ),1292364,https://www.ravelry.com/patterns/library/untitled-411,False,https://images4-a.ravelrycache.com/uploads/yokota-daruma/890216668/cut_393_medium2.jpg,Knitting,"['female', 'adult']",,0.0,False,4.0,,pullover,Worsted,4,0.0,胸囲102cm、身丈59cm、裄丈67cm,"[{'id': 117174997, 'sort_order': 1, 'user_id': 2544082, 'x_offset': 0, 'y_offset': -43, 'square_url': 'https://images4-g.ravelrycache.com/uploads/yokota-daruma/890216668/cut_393_square.jpg', 'medium_url': 'https://images4-f.ravelrycache.com/uploads/yokota-daruma/890216668/cut_393_medium.jpg', 'thumbnail_url': 'https://images4-f.ravelrycache.com/uploads/yokota-daruma/890216668/cut_393_thumbnail.jpg', 'small_url': 'https://images4-f.ravelrycache.com/uploads/yokota-daruma/890216668/cut_393_small_best_fit.jpg', 'flickr_url': None, 'shelved_url': 'https://images4-f.ravelrycache.com/uploads/yokota-daruma/890216668/cut_393_shelved.jpg', 'medium2_url': 'https://images4-a.ravelrycache.com/uploads/yokota-daruma/890216668/cut_393_medium2.jpg', 'small2_url': 'https://images4-g.ravelrycache.com/uploads/yokota-daruma/890216668/cut_393_small2.jpg', 'caption': None, 'caption_html': None, 'copyright_holder': None}, {'id': 117174998, 'sort_order': 2, 'user_id': 2544082, 'x_offset': 0, 'y_offset': -43, 'square_url': 'https://images4-f.ravelrycache.com/uploads/yokota-daruma/890216667/cut_375_square.jpg', 'medium_url': 'https://images4-g.ravelrycache.com/uploads/yokota-daruma/890216667/cut_375_medium.jpg', 'thumbnail_url': 'https://images4-g.ravelrycache.com/uploads/yokota-daruma/890216667/cut_375_thumbnail.jpg', 'small_url': 'https://images4-g.ravelrycache.com/uploads/yokota-daruma/890216667/cut_375_small_best_fit.jpg', 'flickr_url': None, 'shelved_url': 'https://images4-f.ravelrycache.com/uploads/yokota-daruma/890216667/cut_375_shelved.jpg', 'medium2_url': 'https://images4-a.ravelrycache.com/uploads/yokota-daruma/890216667/cut_375_medium2.jpg', 'small2_url': 'https://images4-f.ravelrycache.com/uploads/yokota-daruma/890216667/cut_375_small2.jpg', 'caption': None, 'caption_html': None, 'copyright_holder': None}, {'id': 117174999, 'sort_order': 3, 'user_id': 2544082, 'x_offset': -43, 'y_offset': 0, 'square_url': 'https://images4-g.ravelrycache.com/uploads/yokota-daruma/890216457/cut_435_square.jpg', 'medium_url': 'https://images4-f.ravelrycache.com/uploads/yokota-daruma/890216457/cut_435_medium.jpg', 'thumbnail_url': 'https://images4-f.ravelrycache.com/uploads/yokota-daruma/890216457/cut_435_thumbnail.jpg', 'small_url': 'https://images4-g.ravelrycache.com/uploads/yokota-daruma/890216457/cut_435_small_best_fit.jpg', 'flickr_url': None, 'shelved_url': 'https://images4-f.ravelrycache.com/uploads/yokota-daruma/890216457/cut_435_shelved.jpg', 'medium2_url': 'https://images4-a.ravelrycache.com/uploads/yokota-daruma/890216457/cut_435_medium2.jpg', 'small2_url': 'https://images4-g.ravelrycache.com/uploads/yokota-daruma/890216457/cut_435_small2.jpg', 'caption': None, 'caption_html': None, 'copyright_holder': None}, {'id': 117175000, 'sort_order': 4, 'user_id': 2544082, 'x_offset': 0, 'y_offset': -43, 'square_url': 'https://images4-g.ravelrycache.com/uploads/yokota-daruma/890216460/cut_410_square.jpg', 'medium_url': 'https://images4-f.ravelrycache.com/uploads/yokota-daruma/890216460/cut_410_medium.jpg', 'thumbnail_url': 'https://images4-g.ravelrycache.com/uploads/yokota-daruma/890216460/cut_410_thumbnail.jpg', 'small_url': 'https://images4-f.ravelrycache.com/uploads/yokota-daruma/890216460/cut_410_small_best_fit.jpg', 'flickr_url': None, 'shelved_url': 'https://images4-g.ravelrycache.com/uploads/yokota-daruma/890216460/cut_410_shelved.jpg', 'medium2_url': 'https://images4-a.ravelrycache.com/uploads/yokota-daruma/890216460/cut_410_medium2.jpg', 'small2_url': 'https://images4-g.ravelrycache.com/uploads/yokota-daruma/890216460/cut_410_small2.jpg', 'caption': None, 'caption_html': None, 'copyright_holder': None}, {'id': 117175001, 'sort_order': 5, 'user_id': 2544082, 'x_offset': -43, 'y_offset': 0, 'square_url': 'https://images4-g.ravelrycache.com/uploads/yokota-daruma/890216462/cut_398_square.jpg', 'medium_url': 'https://images4-f.ravelrycache.com/uploads/yokota-daruma/890216462/cut_398_medium.jpg', 'thumbnail_url': 'https://images4-f.ravelrycache.com/uploads/yokota-daruma/890216462/cut_398_thumbnail.jpg', 'small_url': 'https://images4-g.ravelrycache.com/uploads/yokota-daruma/890216462/cut_398_small_best_fit.jpg', 'flickr_url': None, 'shelved_url': 'https://images4-g.ravelrycache.com/uploads/yokota-daruma/890216462/cut_398_shelved.jpg', 'medium2_url': 'https://images4-a.ravelrycache.com/uploads/yokota-daruma/890216462/cut_398_medium2.jpg', 'small2_url': 'https://images4-g.ravelrycache.com/uploads/yokota-daruma/890216462/cut_398_small2.jpg', 'caption': None, 'caption_html': None, 'copyright_holder': None}]"
Joan Sweater,Melinda Minton,1292678,https://www.ravelry.com/patterns/library/joan-sweater,False,https://images4-a.ravelrycache.com/uploads/Mintknitwear/890358883/IMG_4347_medium2.JPG,Knitting,"['female', 'adult', 'stranded', 'top-down', 'positive-ease', 'written-pattern', 'corrugated-ribbing']",16.0,0.0,True,4.0,Stockinette,pullover,Worsted,8,0.0,"1 (2, 3, 4, 5) (6, 7, 8, 9) = {36 (40, 44, 48, 52) (56, 60, 64, 68)” [92 (102, 113, 123, 132) (142, 152, 163, 173) cm]}","[{'id': 117193469, 'sort_order': 1, 'user_id': 10945896, 'x_offset': 0, 'y_offset': 0, 'square_url': 'https://images4-f.ravelrycache.com/uploads/Mintknitwear/890358883/IMG_4347_square.JPG', 'medium_url': 'https://images4-g.ravelrycache.com/uploads/Mintknitwear/890358883/IMG_4347_medium.JPG', 'thumbnail_url': 'https://images4-f.ravelrycache.com/uploads/Mintknitwear/890358883/IMG_4347_thumbnail.JPG', 'small_url': 'https://images4-f.ravelrycache.com/uploads/Mintknitwear/890358883/IMG_4347_small_best_fit.JPG', 'flickr_url': None, 'shelved_url': 'https://images4-f.ravelrycache.com/uploads/Mintknitwear/890358883/IMG_4347_shelved.JPG', 'medium2_url': 'https://images4-a.ravelrycache.com/uploads/Mintknitwear/890358883/IMG_4347_medium2.JPG', 'small2_url': 'https://images4-f.ravelrycache.com/uploads/Mintknitwear/890358883/IMG_4347_small2.JPG', 'caption': None, 'caption_html': None, 'copyright_holder': None}, {'id': 117193470, 'sort_order': 2, 'user_id': 10945896, 'x_offset': -5, 'y_offset': -35, 'square_url': 'https://images4-g.ravelrycache.com/uploads/Mintknitwear/890358824/IMG_4406_square.JPG', 'medium_url': 'https://images4-f.ravelrycache.com/uploads/Mintknitwear/890358824/IMG_4406_medium.JPG', 'thumbnail_url': 'https://images4-g.ravelrycache.com/uploads/Mintknitwear/890358824/IMG_4406_thumbnail.JPG', 'small_url': 'https://images4-f.ravelrycache.com/uploads/Mintknitwear/890358824/IMG_4406_small.JPG', 'flickr_url': None, 'shelved_url': 'https://images4-f.ravelrycache.com/uploads/Mintknitwear/890358824/IMG_4406_shelved.JPG', 'medium2_url': 'https://images4-a.ravelrycache.com/uploads/Mintknitwear/890358824/IMG_4406_medium2.JPG', 'small2_url': 'https://images4-g.ravelrycache.com/uploads/Mintknitwear/890358824/IMG_4406_small2.JPG', 'caption': None, 'caption_html': None, 'copyright_holder': None}, {'id': 117193471, 'sort_order': 3, 'user_id': 10945896, 'x_offset': -35, 'y_offset': -5, 'square_url': 'https://images4-f.ravelrycache.com/uploads/Mintknitwear/890358814/IMG_4378_square.JPG', 'medium_url': 'https://images4-g.ravelrycache.com/uploads/Mintknitwear/890358814/IMG_4378_medium.JPG', 'thumbnail_url': 'https://images4-g.ravelrycache.com/uploads/Mintknitwear/890358814/IMG_4378_thumbnail.JPG', 'small_url': 'https://images4-g.ravelrycache.com/uploads/Mintknitwear/890358814/IMG_4378_small.JPG', 'flickr_url': None, 'shelved_url': 'https://images4-f.ravelrycache.com/uploads/Mintknitwear/890358814/IMG_4378_shelved.JPG', 'medium2_url': 'https://images4-a.ravelrycache.com/uploads/Mintknitwear/890358814/IMG_4378_medium2.JPG', 'small2_url': 'https://images4-f.ravelrycache.com/uploads/Mintknitwear/890358814/IMG_4378_small2.JPG', 'caption': None, 'caption_html': None, 'copyright_holder': None}]"
Raffaella sweater,Gregoria Fibers,1292749,https://www.ravelry.com/patterns/library/raffaella-sweater,False,https://images4-a.ravelrycache.com/uploads/aspeckles/889857629/portada_medium2.jpeg,Knitting,"['unisex', 'adult', 'oversized', 'turtleneck', 'seamless', 'short-rows', 'top-down', 'positive-ease', 'in-the-round']",20.0,0.0,True,4.0,20 stitches x 31 rounds = 10 cm / 4”,pullover,Sport,7,0.0,"1 (2, 3, 4, 5) (6, 7, 8, 9)","[{'id': 117201911, 'sort_order': 1, 'user_id': 1580592, 'x_offset': 0, 'y_offset': 0, 'square_url': 'https://images4-g.ravelrycache.com/uploads/aspeckles/889857629/portada_square.jpeg', 'medium_url': 'https://images4-g.ravelrycache.com/uploads/aspeckles/889857629/portada_medium.jpeg', 'thumbnail_url': 'https://images4-g.ravelrycache.com/uploads/aspeckles/889857629/portada_thumbnail.jpeg', 'small_url': 'https://images4-f.ravelrycache.com/uploads/aspeckles/889857629/portada_small_best_fit.jpeg', 'flickr_url': None, 'shelved_url': 'https://images4-g.ravelrycache.com/uploads/aspeckles/889857629/portada_shelved.jpeg', 'medium2_url': 'https://images4-a.ravelrycache.com/uploads/aspeckles/889857629/portada_medium2.jpeg', 'small2_url': 'https://images4-f.ravelrycache.com/uploads/aspeckles/889857629/portada_small2.jpeg', 'caption': None, 'caption_html': None, 'copyright_holder': None}, {'id': 117201912, 'sort_order': 2, 'user_id': 1580592, 'x_offset': 0, 'y_offset': 0, 'square_url': 'https://images4-g.ravelrycache.com/uploads/aspeckles/889857721/foto2_square.jpeg', 'medium_url': 'https://images4-g.ravelrycache.com/uploads/aspeckles/889857721/foto2_medium.jpeg', 'thumbnail_url': 'https://images4-g.ravelrycache.com/uploads/aspeckles/889857721/foto2_thumbnail.jpeg', 'small_url': 'https://images4-f.ravelrycache.com/uploads/aspeckles/889857721/foto2_small_best_fit.jpeg', 'flickr_url': None, 'shelved_url': 'https://images4-f.ravelrycache.com/uploads/aspeckles/889857721/foto2_shelved.jpeg', 'medium2_url': 'https://images4-a.ravelrycache.com/uploads/aspeckles/889857721/foto2_medium2.jpeg', 'small2_url': 'https://images4-f.ravelrycache.com/uploads/aspeckles/889857721/foto2_small2.jpeg', 'caption': None, 'caption_html': None, 'copyright_holder': None}, {'id': 117201913, 'sort_order': 3, 'user_id': 1580592, 'x_offset': 0, 'y_offset': 0, 'square_url': 'https://images4-f.ravelrycache.com/uploads/aspeckles/889857540/foto1_square.jpeg', 'medium_url': 'https://images4-f.ravelrycache.com/uploads/aspeckles/889857540/foto1_medium.jpeg', 'thumbnail_url': 'https://images4-g.ravelrycache.com/uploads/aspeckles/889857540/foto1_thumbnail.jpeg', 'small_url': 'https://images4-f.ravelrycache.com/uploads/aspeckles/889857540/foto1_small_best_fit.jpeg', 'flickr_url': None, 'shelved_url': 'https://images4-f.ravelrycache.com/uploads/aspeckles/889857540/foto1_shelved.jpeg', 'medium2_url': 'https://images4-a.ravelrycache.com/uploads/aspeckles/889857540/foto1_medium2.jpeg', 'small2_url': 'https://images4-g.ravelrycache.com/uploads/aspeckles/889857540/foto1_small2.jpeg', 'caption': None, 'caption_html': None, 'copyright_holder': None}]"
K Day Sweater,Erin Kostashuk,1292999,https://www.ravelry.com/patterns/library/k-day-sweater,False,https://images4-a.ravelrycache.com/uploads/TuffCityKnits/890531310/C3BB0B06-480F-48EC-83FA-97A16F7B4C50_medium2.jpeg,Knitting,"['child', 'cables', 'seamless', 'top-down', 'positive-ease', 'written-pattern', 'in-the-round']",20.0,0.0,True,4.0,,child,Worsted,11,0.0,"Children's 4 (6, 8, 10, 12)","[{'id': 117215120, 'sort_order': 1, 'user_id': 2648803, 'x_offset': 0, 'y_offset': -22, 'square_url': 'https://images4-g.ravelrycache.com/uploads/TuffCityKnits/890531310/C3BB0B06-480F-48EC-83FA-97A16F7B4C50_square.jpeg', 'medium_url': 'https://images4-g.ravelrycache.com/uploads/TuffCityKnits/890531310/C3BB0B06-480F-48EC-83FA-97A16F7B4C50_medium.jpeg', 'thumbnail_url': 'https://images4-g.ravelrycache.com/uploads/TuffCityKnits/890531310/C3BB0B06-480F-48EC-83FA-97A16F7B4C50_thumbnail.jpeg', 'small_url': 'https://images4-f.ravelrycache.com/uploads/TuffCityKnits/890531310/C3BB0B06-480F-48EC-83FA-97A16F7B4C50_small_best_fit.jpeg', 'flickr_url': None, 'shelved_url': 'https://images4-g.ravelrycache.com/uploads/TuffCityKnits/890531310/C3BB0B06-480F-48EC-83FA-97A16F7B4C50_shelved.jpeg', 'medium2_url': 'https://images4-a.ravelrycache.com/uploads/TuffCityKnits/890531310/C3BB0B06-480F-48EC-83FA-97A16F7B4C50_medium2.jpeg', 'small2_url': 'https://images4-f.ravelrycache.com/uploads/TuffCityKnits/890531310/C3BB0B06-480F-48EC-83FA-97A16F7B4C50_small2.jpeg', 'caption': None, 'caption_html': None, 'copyright_holder': None}, {'id': 117215121, 'sort_order': 2, 'user_id': 2648803, 'x_offset': 0, 'y_offset': -22, 'square_url': 'https://images4-g.ravelrycache.com/uploads/TuffCityKnits/890531313/29698B54-7EA9-47B3-BD2B-7A75B4CBE5F3_square.jpeg', 'medium_url': 'https://images4-g.ravelrycache.com/uploads/TuffCityKnits/890531313/29698B54-7EA9-47B3-BD2B-7A75B4CBE5F3_medium.jpeg', 'thumbnail_url': 'https://images4-g.ravelrycache.com/uploads/TuffCityKnits/890531313/29698B54-7EA9-47B3-BD2B-7A75B4CBE5F3_thumbnail.jpeg', 'small_url': 'https://images4-f.ravelrycache.com/uploads/TuffCityKnits/890531313/29698B54-7EA9-47B3-BD2B-7A75B4CBE5F3_small_best_fit.jpeg', 'flickr_url': None, 'shelved_url': 'https://images4-f.ravelrycache.com/uploads/TuffCityKnits/890531313/29698B54-7EA9-47B3-BD2B-7A75B4CBE5F3_shelved.jpeg', 'medium2_url': 'https://images4-a.ravelrycache.com/uploads/TuffCityKnits/890531313/29698B54-7EA9-47B3-BD2B-7A75B4CBE5F3_medium2.jpeg', 'small2_url': 'https://images4-f.ravelrycache.com/uploads/TuffCityKnits/890531313/29698B54-7EA9-47B3-BD2B-7A75B4CBE5F3_small2.jpeg', 'caption': None, 'caption_html': None, 'copyright_holder': None}, {'id': 117215119, 'sort_order': 3, 'user_id': 2648803, 'x_offset': -5, 'y_offset': -35, 'square_url': 'https://images4-f.ravelrycache.com/uploads/TuffCityKnits/890531314/6DBDB145-E5FC-4673-B8DC-5F60B7127EFF_square.jpeg', 'medium_url': 'https://images4-f.ravelrycache.com/uploads/TuffCityKnits/890531314/6DBDB145-E5FC-4673-B8DC-5F60B7127EFF_medium.jpeg', 'thumbnail_url': 'https://images4-f.ravelrycache.com/uploads/TuffCityKnits/890531314/6DBDB145-E5FC-4673-B8DC-5F60B7127EFF_thumbnail.jpeg', 'small_url': 'https://images4-g.ravelrycache.com/uploads/TuffCityKnits/890531314/6DBDB145-E5FC-4673-B8DC-5F60B7127EFF_small.jpeg', 'flickr_url': None, 'shelved_url': 'https://images4-g.ravelrycache.com/uploads/TuffCityKnits/890531314/6DBDB145-E5FC-4673-B8DC-5F60B7127EFF_shelved.jpeg', 'medium2_url': 'https://images4-a.ravelrycache.com/uploads/TuffCityKnits/890531314/6DBDB145-E5FC-4673-B8DC-5F60B7127EFF_medium2.jpeg', 'small2_url': 'https://images4-g.ravelrycache.com/uploads/TuffCityKnits/890531314/6DBDB145-E5FC-4673-B8DC-5F60B7127EFF_small2.jpeg', 'caption': None, 'caption_html': None, 'copyright_holder': None}, {'id': 117215122, 'sort_order': 4, 'user_id': 2648803, 'x_offset': -5, 'y_offset': -35, 'square_url': 'https://images4-g.ravelrycache.com/uploads/TuffCityKnits/890531318/A9C1FA30-44FF-48E7-A66A-9CF32F859324_square.jpeg', 'medium_url': 'https://images4-g.ravelrycache.com/uploads/TuffCityKnits/890531318/A9C1FA30-44FF-48E7-A66A-9CF32F859324_medium.jpeg', 'thumbnail_url': 'https://images4-g.ravelrycache.com/uploads/TuffCityKnits/890531318/A9C1FA30-44FF-48E7-A66A-9CF32F859324_thumbnail.jpeg', 'small_url': 'https://images4-f.ravelrycache.com/uploads/TuffCityKnits/890531318/A9C1FA30-44FF-48E7-A66A-9CF32F859324_small.jpeg', 'flickr_url': None, 'shelved_url': 'https://images4-g.ravelrycache.com/uploads/TuffCityKnits/890531318/A9C1FA30-44FF-48E7-A66A-9CF32F859324_shelved.jpeg', 'medium2_url': 'https://images4-a.ravelrycache.com/uploads/TuffCityKnits/890531318/A9C1FA30-44FF-48E7-A66A-9CF32F859324_medium2.jpeg', 'small2_url': 'https://images4-f.ravelrycache.com/uploads/TuffCityKnits/890531318/A9C1FA30-44FF-48E7-A66A-9CF32F859324_small2.jpeg', 'caption': None, 'caption_html': None, 'copyright_holder': None}, {'id': 117215123, 'sort_order': 5, 'user_id': 2648803, 'x_offset': 0, 'y_offset': -40, 'square_url': 'https://images4-f.ravelrycache.com/uploads/TuffCityKnits/890531319/BC78EC4E-4928-4E5E-813D-4A3E1111B638_square.jpeg', 'medium_url': 'https://images4-f.ravelrycache.com/uploads/TuffCityKnits/890531319/BC78EC4E-4928-4E5E-813D-4A3E1111B638_medium.jpeg', 'thumbnail_url': 'https://images4-g.ravelrycache.com/uploads/TuffCityKnits/890531319/BC78EC4E-4928-4E5E-813D-4A3E1111B638_thumbnail.jpeg', 'small_url': 'https://images4-f.ravelrycache.com/uploads/TuffCityKnits/890531319/BC78EC4E-4928-4E5E-813D-4A3E1111B638_small_best_fit.jpeg', 'flickr_url': None, 'shelved_url': 'https://images4-g.ravelrycache.com/uploads/TuffCityKnits/890531319/BC78EC4E-4928-4E5E-813D-4A3E1111B638_shelved.jpeg', 'medium2_url': 'https://images4-a.ravelrycache.com/uploads/TuffCityKnits/890531319/BC78EC4E-4928-4E5E-813D-4A3E1111B638_medium2.jpeg', 'small2_url': 'https://images4-g.ravelrycache.com/uploads/TuffCityKnits/890531319/BC78EC4E-4928-4E5E-813D-4A3E1111B638_small2.jpeg', 'caption': None, 'caption_html': None, 'copyright_holder': None}, {'id': 117214260, 'sort_order': 6, 'user_id': 2648803, 'x_offset': -7, 'y_offset': -35, 'square_url': 'https://images4-g.ravelrycache.com/uploads/TuffCityKnits/890523937/Peachy_Photo_3_square.jpg', 'medium_url': 'https://images4-f.ravelrycache.com/uploads/TuffCityKnits/890523937/Peachy_Photo_3_medium.jpg', 'thumbnail_url': 'https://images4-f.ravelrycache.com/uploads/TuffCityKnits/890523937/Peachy_Photo_3_thumbnail.jpg', 'small_url': 'https://images4-g.ravelrycache.com/uploads/TuffCityKnits/890523937/Peachy_Photo_3_small.jpg', 'flickr_url': None, 'shelved_url': 'https://images4-g.ravelrycache.com/uploads/TuffCityKnits/890523937/Peachy_Photo_3_shelved.jpg', 'medium2_url': 'https://images4-a.ravelrycache.com/uploads/TuffCityKnits/890523937/Peachy_Photo_3_medium2.jpg', 'small2_url': 'https://images4-g.ravelrycache.com/uploads/TuffCityKnits/890523937/Peachy_Photo_3_small2.jpg', 'caption': None, 'caption_html': None, 'copyright_holder': None}, {'id': 117215124, 'sort_order': 7, 'user_id': 2648803, 'x_offset': -5, 'y_offset': -35, 'square_url': 'https://images4-f.ravelrycache.com/uploads/TuffCityKnits/890531345/136DDE27-B42B-48B4-990A-5F288D198BD3_square.jpeg', 'medium_url': 'https://images4-f.ravelrycache.com/uploads/TuffCityKnits/890531345/136DDE27-B42B-48B4-990A-5F288D198BD3_medium.jpeg', 'thumbnail_url': 'https://images4-f.ravelrycache.com/uploads/TuffCityKnits/890531345/136DDE27-B42B-48B4-990A-5F288D198BD3_thumbnail.jpeg', 'small_url': 'https://images4-g.ravelrycache.com/uploads/TuffCityKnits/890531345/136DDE27-B42B-48B4-990A-5F288D198BD3_small.jpeg', 'flickr_url': None, 'shelved_url': 'https://images4-f.ravelrycache.com/uploads/TuffCityKnits/890531345/136DDE27-B42B-48B4-990A-5F288D198BD3_shelved.jpeg', 'medium2_url': 'https://images4-a.ravelrycache.com/uploads/TuffCityKnits/890531345/136DDE27-B42B-48B4-990A-5F288D198BD3_medium2.jpeg', 'small2_url': 'https://images4-g.ravelrycache.com/uploads/TuffCityKnits/890531345/136DDE27-B42B-48B4-990A-5F288D198BD3_small2.jpeg', 'caption': None, 'caption_html': None, 'copyright_holder': None}]"
Kurkien mailla,Merja Palin,1293205,https://www.ravelry.com/patterns/library/kurkien-mailla,True,https://images4-a.ravelrycache.com/uploads/Raglana/890655940/upload_medium2,Knitting,"['bottom-up', 'in-the-round', 'chart']",18.0,5.0,True,4.0,stockinette stitch,pullover,Worsted,7,5.0,XS (S) M/L (XL) XXL,"[{'id': 117230821, 'sort_order': 1, 'user_id': 27384, 'x_offset': 0, 'y_offset': -22, 'square_url': 'https://images4-f.ravelrycache.com/uploads/Raglana/890655940/upload_square', 'medium_url': 'https://images4-g.ravelrycache.com/uploads/Raglana/890655940/upload_medium', 'thumbnail_url': 'https://images4-g.ravelrycache.com/uploads/Raglana/890655940/upload_thumbnail', 'small_url': 'https://images4-g.ravelrycache.com/uploads/Raglana/890655940/upload_small_best_fit', 'flickr_url': None, 'shelved_url': 'https://images4-f.ravelrycache.com/uploads/Raglana/890655940/upload_shelved', 'medium2_url': 'https://images4-a.ravelrycache.com/uploads/Raglana/890655940/upload_medium2', 'small2_url': 'https://images4-f.ravelrycache.com/uploads/Raglana/890655940/upload_small2', 'caption': 'Kurkien mailla - Merja Palin', 'caption_html': 'Kurkien mailla - Merja Palin', 'copyright_holder': 'Lankamaailma'}, {'id': 117230822, 'sort_order': 2, 'user_id': 27384, 'x_offset': 0, 'y_offset': -22, 'square_url': 'https://images4-f.ravelrycache.com/uploads/Raglana/890656032/upload_square', 'medium_url': 'https://images4-g.ravelrycache.com/uploads/Raglana/890656032/upload_medium', 'thumbnail_url': 'https://images4-g.ravelrycache.com/uploads/Raglana/890656032/upload_thumbnail', 'small_url': 'https://images4-g.ravelrycache.com/uploads/Raglana/890656032/upload_small_best_fit', 'flickr_url': None, 'shelved_url': 'https://images4-f.ravelrycache.com/uploads/Raglana/890656032/upload_shelved', 'medium2_url': 'https://images4-a.ravelrycache.com/uploads/Raglana/890656032/upload_medium2', 'small2_url': 'https://images4-f.ravelrycache.com/uploads/Raglana/890656032/upload_small2', 'caption': None, 'caption_html': None, 'copyright_holder': 'Lankamaailma'}]"
Havuneule,Villahullu,1293221,https://www.ravelry.com/patterns/library/havuneule,False,https://images4-a.ravelrycache.com/uploads/villahullu/890670665/_64A9886_1__medium2.jpg,Knitting,"['bottom-up', 'in-the-round', 'stripes-colorwork']",13.0,0.0,True,4.0,stockinette stitch,pullover,Bulky,8,0.0,"XS, S, M, L, XL ","[{'id': 117232632, 'sort_order': 1, 'user_id': 10021084, 'x_offset': 0, 'y_offset': -43, 'square_url': 'https://images4-f.ravelrycache.com/uploads/villahullu/890670665/_64A9886_1__square.jpg', 'medium_url': 'https://images4-g.ravelrycache.com/uploads/villahullu/890670665/_64A9886_1__medium.jpg', 'thumbnail_url': 'https://images4-g.ravelrycache.com/uploads/villahullu/890670665/_64A9886_1__thumbnail.jpg', 'small_url': 'https://images4-g.ravelrycache.com/uploads/villahullu/890670665/_64A9886_1__small_best_fit.jpg', 'flickr_url': None, 'shelved_url': 'https://images4-f.ravelrycache.com/uploads/villahullu/890670665/_64A9886_1__shelved.jpg', 'medium2_url': 'https://images4-a.ravelrycache.com/uploads/villahullu/890670665/_64A9886_1__medium2.jpg', 'small2_url': 'https://images4-f.ravelrycache.com/uploads/villahullu/890670665/_64A9886_1__small2.jpg', 'caption': None, 'caption_html': None, 'copyright_holder': None}, {'id': 117232633, 'sort_order': 2, 'user_id': 10021084, 'x_offset': 0, 'y_offset': -22, 'square_url': 'https://images4-g.ravelrycache.com/uploads/villahullu/890670699/IMG_20211014_184142_582_square.jpg', 'medium_url': 'https://images4-f.ravelrycache.com/uploads/villahullu/890670699/IMG_20211014_184142_582_medium.jpg', 'thumbnail_url': 'https://images4-f.ravelrycache.com/uploads/villahullu/890670699/IMG_20211014_184142_582_thumbnail.jpg', 'small_url': 'https://images4-f.ravelrycache.com/uploads/villahullu/890670699/IMG_20211014_184142_582_small_best_fit.jpg', 'flickr_url': None, 'shelved_url': 'https://images4-f.ravelrycache.com/uploads/villahullu/890670699/IMG_20211014_184142_582_shelved.jpg', 'medium2_url': 'https://images4-a.ravelrycache.com/uploads/villahullu/890670699/IMG_20211014_184142_582_medium2.jpg', 'small2_url': 'https://images4-g.ravelrycache.com/uploads/villahullu/890670699/IMG_20211014_184142_582_small2.jpg', 'caption': None, 'caption_html': None, 'copyright_holder': None}, {'id': 117232634, 'sort_order': 3, 'user_id': 10021084, 'x_offset': 0, 'y_offset': -22, 'square_url': 'https://images4-g.ravelrycache.com/uploads/villahullu/890670698/IMG_20211023_134224_359_square.jpg', 'medium_url': 'https://images4-f.ravelrycache.com/uploads/villahullu/890670698/IMG_20211023_134224_359_medium.jpg', 'thumbnail_url': 'https://images4-g.ravelrycache.com/uploads/villahullu/890670698/IMG_20211023_134224_359_thumbnail.jpg', 'small_url': 'https://images4-f.ravelrycache.com/uploads/villahullu/890670698/IMG_20211023_134224_359_small_best_fit.jpg', 'flickr_url': None, 'shelved_url': 'https://images4-f.ravelrycache.com/uploads/villahullu/890670698/IMG_20211023_134224_359_shelved.jpg', 'medium2_url': 'https://images4-a.ravelrycache.com/uploads/villahullu/890670698/IMG_20211023_134224_359_medium2.jpg', 'small2_url': 'https://images4-g.ravelrycache.com/uploads/villahullu/890670698/IMG_20211023_134224_359_small2.jpg', 'caption': None, 'caption_html': None, 'copyright_holder': None}]"
Leaf Pattern Sweater,Reiko Okuzumi 奥住玲子,1293357,https://www.ravelry.com/patterns/library/leaf-pattern-sweater-2,False,https://images4-a.ravelrycache.com/uploads/Nihonvoguesha/891278660/_MG_2184_medium2.jpg,Knitting,"['bobble-or-popcorn', 'lace', 'circular-yoke', 'crew-neck', 'short-sleeve', 'seamless', 'top-down', 'worked-flat', 'in-the-round']",19.0,0.0,False,4.0,stocking stitch,pullover,DK,2,0.0,96cm ,"[{'id': 117307146, 'sort_order': 1, 'user_id': 5310110, 'x_offset': -5, 'y_offset': 0, 'square_url': 'https://images4-f.ravelrycache.com/uploads/Nihonvoguesha/891278660/_MG_2184_square.jpg', 'medium_url': 'https://images4-g.ravelrycache.com/uploads/Nihonvoguesha/891278660/_MG_2184_medium.jpg', 'thumbnail_url': 'https://images4-g.ravelrycache.com/uploads/Nihonvoguesha/891278660/_MG_2184_thumbnail.jpg', 'small_url': 'https://images4-f.ravelrycache.com/uploads/Nihonvoguesha/891278660/_MG_2184_small_best_fit.jpg', 'flickr_url': None, 'shelved_url': 'https://images4-g.ravelrycache.com/uploads/Nihonvoguesha/891278660/_MG_2184_shelved.jpg', 'medium2_url': 'https://images4-a.ravelrycache.com/uploads/Nihonvoguesha/891278660/_MG_2184_medium2.jpg', 'small2_url': 'https://images4-f.ravelrycache.com/uploads/Nihonvoguesha/891278660/_MG_2184_small2.jpg', 'caption': None, 'caption_html': None, 'copyright_holder': 'NIHON VOGUE SHA'}]"
Syyshohto sweater (ENG),Joona Höri,1293535,https://www.ravelry.com/patterns/library/syyshohto-sweater-eng,False,https://images4-a.ravelrycache.com/uploads/joonahori/890967147/_MG_4536_medium2.JPG,Knitting,"['unisex', 'teen', 'adult', 'stranded', 'seamless', 'top-down', 'positive-ease', 'in-the-round', 'circular-yoke']",20.0,0.0,True,4.0,fair isle knitting in the round after blocking,pullover,Aran,11,0.0,"1, 2, 3 (4, 5, 6) 7, 8, 9","[{'id': 117269690, 'sort_order': 1, 'user_id': 8577991, 'x_offset': 0, 'y_offset': -43, 'square_url': 'https://images4-f.ravelrycache.com/uploads/joonahori/890967147/_MG_4536_square.JPG', 'medium_url': 'https://images4-g.ravelrycache.com/uploads/joonahori/890967147/_MG_4536_medium.JPG', 'thumbnail_url': 'https://images4-g.ravelrycache.com/uploads/joonahori/890967147/_MG_4536_thumbnail.JPG', 'small_url': 'https://images4-g.ravelrycache.com/uploads/joonahori/890967147/_MG_4536_small_best_fit.JPG', 'flickr_url': None, 'shelved_url': 'https://images4-g.ravelrycache.com/uploads/joonahori/890967147/_MG_4536_shelved.JPG', 'medium2_url': 'https://images4-a.ravelrycache.com/uploads/joonahori/890967147/_MG_4536_medium2.JPG', 'small2_url': 'https://images4-f.ravelrycache.com/uploads/joonahori/890967147/_MG_4536_small2.JPG', 'caption': None, 'caption_html': None, 'copyright_holder': 'Jenny Ansah'}, {'id': 117269691, 'sort_order': 2, 'user_id': 8577991, 'x_offset': 0, 'y_offset': -43, 'square_url': 'https://images4-f.ravelrycache.com/uploads/joonahori/890967153/_MG_4559_square.JPG', 'medium_url': 'https://images4-g.ravelrycache.com/uploads/joonahori/890967153/_MG_4559_medium.JPG', 'thumbnail_url': 'https://images4-g.ravelrycache.com/uploads/joonahori/890967153/_MG_4559_thumbnail.JPG', 'small_url': 'https://images4-f.ravelrycache.com/uploads/joonahori/890967153/_MG_4559_small_best_fit.JPG', 'flickr_url': None, 'shelved_url': 'https://images4-g.ravelrycache.com/uploads/joonahori/890967153/_MG_4559_shelved.JPG', 'medium2_url': 'https://images4-a.ravelrycache.com/uploads/joonahori/890967153/_MG_4559_medium2.JPG', 'small2_url': 'https://images4-f.ravelrycache.com/uploads/joonahori/890967153/_MG_4559_small2.JPG', 'caption': None, 'caption_html': None, 'copyright_holder': 'Jenny Ansah'}, {'id': 117269692, 'sort_order': 3, 'user_id': 8577991, 'x_offset': 0, 'y_offset': -43, 'square_url': 'https://images4-g.ravelrycache.com/uploads/joonahori/890967151/_MG_4582_square.JPG', 'medium_url': 'https://images4-f.ravelrycache.com/uploads/joonahori/890967151/_MG_4582_medium.JPG', 'thumbnail_url': 'https://images4-g.ravelrycache.com/uploads/joonahori/890967151/_MG_4582_thumbnail.JPG', 'small_url': 'https://images4-f.ravelrycache.com/uploads/joonahori/890967151/_MG_4582_small_best_fit.JPG', 'flickr_url': None, 'shelved_url': 'https://images4-g.ravelrycache.com/uploads/joonahori/890967151/_MG_4582_shelved.JPG', 'medium2_url': 'https://images4-a.ravelrycache.com/uploads/joonahori/890967151/_MG_4582_medium2.JPG', 'small2_url': 'https://images4-g.ravelrycache.com/uploads/joonahori/890967151/_MG_4582_small2.JPG', 'caption': None, 'caption_html': None, 'copyright_holder': 'Jenny Ansah'}, {'id': 117269693, 'sort_order': 4, 'user_id': 8577991, 'x_offset': 0, 'y_offset': -43, 'square_url': 'https://images4-g.ravelrycache.com/uploads/joonahori/890967144/_MG_4606_square.JPG', 'medium_url': 'https://images4-f.ravelrycache.com/uploads/joonahori/890967144/_MG_4606_medium.JPG', 'thumbnail_url': 'https://images4-f.ravelrycache.com/uploads/joonahori/890967144/_MG_4606_thumbnail.JPG', 'small_url': 'https://images4-g.ravelrycache.com/uploads/joonahori/890967144/_MG_4606_small_best_fit.JPG', 'flickr_url': None, 'shelved_url': 'https://images4-f.ravelrycache.com/uploads/joonahori/890967144/_MG_4606_shelved.JPG', 'medium2_url': 'https://images4-a.ravelrycache.com/uploads/joonahori/890967144/_MG_4606_medium2.JPG', 'small2_url': 'https://images4-g.ravelrycache.com/uploads/joonahori/890967144/_MG_4606_small2.JPG', 'caption': None, 'caption_html': None, 'copyright_holder': 'Jenny Ansah'}, {'id': 117269694, 'sort_order': 5, 'user_id': 8577991, 'x_offset': 0, 'y_offset': -43, 'square_url': 'https://images4-g.ravelrycache.com/uploads/joonahori/890967159/_MG_4588_square.JPG', 'medium_url': 'https://images4-f.ravelrycache.com/uploads/joonahori/890967159/_MG_4588_medium.JPG', 'thumbnail_url': 'https://images4-g.ravelrycache.com/uploads/joonahori/890967159/_MG_4588_thumbnail.JPG', 'small_url': 'https://images4-f.ravelrycache.com/uploads/joonahori/890967159/_MG_4588_small_best_fit.JPG', 'flickr_url': None, 'shelved_url': 'https://images4-f.ravelrycache.com/uploads/joonahori/890967159/_MG_4588_shelved.JPG', 'medium2_url': 'https://images4-a.ravelrycache.com/uploads/joonahori/890967159/_MG_4588_medium2.JPG', 'small2_url': 'https://images4-g.ravelrycache.com/uploads/joonahori/890967159/_MG_4588_small2.JPG', 'caption': None, 'caption_html': None, 'copyright_holder': 'Jenny Ansah'}, {'id': 117269695, 'sort_order': 6, 'user_id': 8577991, 'x_offset': 0, 'y_offset': -43, 'square_url': 'https://images4-g.ravelrycache.com/uploads/joonahori/890967155/_MG_4634_square.JPG', 'medium_url': 'https://images4-f.ravelrycache.com/uploads/joonahori/890967155/_MG_4634_medium.JPG', 'thumbnail_url': 'https://images4-g.ravelrycache.com/uploads/joonahori/890967155/_MG_4634_thumbnail.JPG', 'small_url': 'https://images4-g.ravelrycache.com/uploads/joonahori/890967155/_MG_4634_small_best_fit.JPG', 'flickr_url': None, 'shelved_url': 'https://images4-f.ravelrycache.com/uploads/joonahori/890967155/_MG_4634_shelved.JPG', 'medium2_url': 'https://images4-a.ravelrycache.com/uploads/joonahori/890967155/_MG_4634_medium2.JPG', 'small2_url': 'https://images4-g.ravelrycache.com/uploads/joonahori/890967155/_MG_4634_small2.JPG', 'caption': None, 'caption_html': None, 'copyright_holder': 'Jenny Ansah'}]"
Mountain Climber,Natalie Pelykh,1293559,https://www.ravelry.com/patterns/library/mountain-climber,False,https://images4-a.ravelrycache.com/uploads/knitforsweet/890999372/__5__medium2.jpg,Knitting,"['unisex', 'toddler', 'child', 'teen', 'adult', 'cables', 'crew-neck', 'one-piece', 'seamless', 'top-down', 'positive-ease', 'chart', 'written-pattern', 'in-the-round', 'male', 'female']",28.0,6.625,True,4.0,"in Main Pattern on 4 mm [US6], after blocking and stretched",child,Sport,14,5.0,kids - 12 mos; 18 – 24 mos; 3 yrs (4 yrs; 5 yrs; 6–7 yrs) (8–9 yrs; 10–12 yrs; 12–14 yrs); adults - 32–34; 34–36 (38–40; 42–44; 46–48) (50–52; 54–56; 58–60),"[{'id': 117273115, 'sort_order': 1, 'user_id': 80470, 'x_offset': 0, 'y_offset': -47, 'square_url': 'https://images4-g.ravelrycache.com/uploads/knitforsweet/890999372/__5__square.jpg', 'medium_url': 'https://images4-f.ravelrycache.com/uploads/knitforsweet/890999372/__5__medium.jpg', 'thumbnail_url': 'https://images4-g.ravelrycache.com/uploads/knitforsweet/890999372/__5__thumbnail.jpg', 'small_url': 'https://images4-g.ravelrycache.com/uploads/knitforsweet/890999372/__5__small_best_fit.jpg', 'flickr_url': None, 'shelved_url': 'https://images4-g.ravelrycache.com/uploads/knitforsweet/890999372/__5__shelved.jpg', 'medium2_url': 'https://images4-a.ravelrycache.com/uploads/knitforsweet/890999372/__5__medium2.jpg', 'small2_url': 'https://images4-g.ravelrycache.com/uploads/knitforsweet/890999372/__5__small2.jpg', 'caption': None, 'caption_html': None, 'copyright_holder': None}, {'id': 117273116, 'sort_order': 2, 'user_id': 80470, 'x_offset': 0, 'y_offset': -43, 'square_url': 'https://images4-f.ravelrycache.com/uploads/knitforsweet/890999389/__31__square.jpg', 'medium_url': 'https://images4-g.ravelrycache.com/uploads/knitforsweet/890999389/__31__medium.jpg', 'thumbnail_url': 'https://images4-g.ravelrycache.com/uploads/knitforsweet/890999389/__31__thumbnail.jpg', 'small_url': 'https://images4-f.ravelrycache.com/uploads/knitforsweet/890999389/__31__small_best_fit.jpg', 'flickr_url': None, 'shelved_url': 'https://images4-g.ravelrycache.com/uploads/knitforsweet/890999389/__31__shelved.jpg', 'medium2_url': 'https://images4-a.ravelrycache.com/uploads/knitforsweet/890999389/__31__medium2.jpg', 'small2_url': 'https://images4-f.ravelrycache.com/uploads/knitforsweet/890999389/__31__small2.jpg', 'caption': None, 'caption_html': None, 'copyright_holder': None}, {'id': 117273117, 'sort_order': 3, 'user_id': 80470, 'x_offset': 0, 'y_offset': -43, 'square_url': 'https://images4-f.ravelrycache.com/uploads/knitforsweet/890999370/__29__square.jpg', 'medium_url': 'https://images4-g.ravelrycache.com/uploads/knitforsweet/890999370/__29__medium.jpg', 'thumbnail_url': 'https://images4-g.ravelrycache.com/uploads/knitforsweet/890999370/__29__thumbnail.jpg', 'small_url': 'https://images4-g.ravelrycache.com/uploads/knitforsweet/890999370/__29__small_best_fit.jpg', 'flickr_url': None, 'shelved_url': 'https://images4-f.ravelrycache.com/uploads/knitforsweet/890999370/__29__shelved.jpg', 'medium2_url': 'https://images4-a.ravelrycache.com/uploads/knitforsweet/890999370/__29__medium2.jpg', 'small2_url': 'https://images4-f.ravelrycache.com/uploads/knitforsweet/890999370/__29__small2.jpg', 'caption': None, 'caption_html': None, 'copyright_holder': None}, {'id': 117273118, 'sort_order': 4, 'user_id': 80470, 'x_offset': 0, 'y_offset': -43, 'square_url': 'https://images4-g.ravelrycache.com/uploads/knitforsweet/890999381/__28__square.jpg', 'medium_url': 'https://images4-f.ravelrycache.com/uploads/knitforsweet/890999381/__28__medium.jpg', 'thumbnail_url': 'https://images4-g.ravelrycache.com/uploads/knitforsweet/890999381/__28__thumbnail.jpg', 'small_url': 'https://images4-f.ravelrycache.com/uploads/knitforsweet/890999381/__28__small_best_fit.jpg', 'flickr_url': None, 'shelved_url': 'https://images4-f.ravelrycache.com/uploads/knitforsweet/890999381/__28__shelved.jpg', 'medium2_url': 'https://images4-a.ravelrycache.com/uploads/knitforsweet/890999381/__28__medium2.jpg', 'small2_url': 'https://images4-g.ravelrycache.com/uploads/knitforsweet/890999381/__28__small2.jpg', 'caption': None, 'caption_html': None, 'copyright_holder': None}, {'id': 117273119, 'sort_order': 5, 'user_id': 80470, 'x_offset': 1, 'y_offset': -4, 'square_url': 'https://images4-f.ravelrycache.com/uploads/knitforsweet/890999374/__21__square.jpg', 'medium_url': 'https://images4-g.ravelrycache.com/uploads/knitforsweet/890999374/__21__medium.jpg', 'thumbnail_url': 'https://images4-g.ravelrycache.com/uploads/knitforsweet/890999374/__21__thumbnail.jpg', 'small_url': 'https://images4-g.ravelrycache.com/uploads/knitforsweet/890999374/__21__small_best_fit.jpg', 'flickr_url': None, 'shelved_url': 'https://images4-f.ravelrycache.com/uploads/knitforsweet/890999374/__21__shelved.jpg', 'medium2_url': 'https://images4-a.ravelrycache.com/uploads/knitforsweet/890999374/__21__medium2.jpg', 'small2_url': 'https://images4-f.ravelrycache.com/uploads/knitforsweet/890999374/__21__small2.jpg', 'caption': None, 'caption_html': None, 'copyright_holder': None}, {'id': 117273120, 'sort_order': 6, 'user_id': 80470, 'x_offset': 0, 'y_offset': -28, 'square_url': 'https://images4-f.ravelrycache.com/uploads/knitforsweet/891000214/__11__square.jpg', 'medium_url': 'https://images4-g.ravelrycache.com/uploads/knitforsweet/891000214/__11__medium.jpg', 'thumbnail_url': 'https://images4-f.ravelrycache.com/uploads/knitforsweet/891000214/__11__thumbnail.jpg', 'small_url': 'https://images4-f.ravelrycache.com/uploads/knitforsweet/891000214/__11__small_best_fit.jpg', 'flickr_url': None, 'shelved_url': 'https://images4-f.ravelrycache.com/uploads/knitforsweet/891000214/__11__shelved.jpg', 'medium2_url': 'https://images4-a.ravelrycache.com/uploads/knitforsweet/891000214/__11__medium2.jpg', 'small2_url': 'https://images4-f.ravelrycache.com/uploads/knitforsweet/891000214/__11__small2.jpg', 'caption': None, 'caption_html': None, 'copyright_holder': ''}, {'id': 117273121, 'sort_order': 7, 'user_id': 80470, 'x_offset': 0, 'y_offset': -43, 'square_url': 'https://images4-g.ravelrycache.com/uploads/knitforsweet/890999379/__33__square.jpg', 'medium_url': 'https://images4-f.ravelrycache.com/uploads/knitforsweet/890999379/__33__medium.jpg', 'thumbnail_url': 'https://images4-g.ravelrycache.com/uploads/knitforsweet/890999379/__33__thumbnail.jpg', 'small_url': 'https://images4-g.ravelrycache.com/uploads/knitforsweet/890999379/__33__small_best_fit.jpg', 'flickr_url': None, 'shelved_url': 'https://images4-g.ravelrycache.com/uploads/knitforsweet/890999379/__33__shelved.jpg', 'medium2_url': 'https://images4-a.ravelrycache.com/uploads/knitforsweet/890999379/__33__medium2.jpg', 'small2_url': 'https://images4-g.ravelrycache.com/uploads/knitforsweet/890999379/__33__small2.jpg', 'caption': None, 'caption_html': None, 'copyright_holder': None}, {'id': 117273122, 'sort_order': 8, 'user_id': 80470, 'x_offset': 0, 'y_offset': -43, 'square_url': 'https://images4-f.ravelrycache.com/uploads/knitforsweet/890999367/__43__square.jpg', 'medium_url': 'https://images4-g.ravelrycache.com/uploads/knitforsweet/890999367/__43__medium.jpg', 'thumbnail_url': 'https://images4-g.ravelrycache.com/uploads/knitforsweet/890999367/__43__thumbnail.jpg', 'small_url': 'https://images4-g.ravelrycache.com/uploads/knitforsweet/890999367/__43__small_best_fit.jpg', 'flickr_url': None, 'shelved_url': 'https://images4-f.ravelrycache.com/uploads/knitforsweet/890999367/__43__shelved.jpg', 'medium2_url': 'https://images4-a.ravelrycache.com/uploads/knitforsweet/890999367/__43__medium2.jpg', 'small2_url': 'https://images4-f.ravelrycache.com/uploads/knitforsweet/890999367/__43__small2.jpg', 'caption': None, 'caption_html': None, 'copyright_holder': None}, {'id': 117273123, 'sort_order': 9, 'user_id': 80470, 'x_offset': -2, 'y_offset': -39, 'square_url': 'https://images4-g.ravelrycache.com/uploads/knitforsweet/890999392/__17__square.jpg', 'medium_url': 'https://images4-f.ravelrycache.com/uploads/knitforsweet/890999392/__17__medium.jpg', 'thumbnail_url': 'https://images4-f.ravelrycache.com/uploads/knitforsweet/890999392/__17__thumbnail.jpg', 'small_url': 'https://images4-f.ravelrycache.com/uploads/knitforsweet/890999392/__17__small_best_fit.jpg', 'flickr_url': None, 'shelved_url': 'https://images4-f.ravelrycache.com/uploads/knitforsweet/890999392/__17__shelved.jpg', 'medium2_url': 'https://images4-a.ravelrycache.com/uploads/knitforsweet/890999392/__17__medium2.jpg', 'small2_url': 'https://images4-g.ravelrycache.com/uploads/knitforsweet/890999392/__17__small2.jpg', 'caption': None, 'caption_html': None, 'copyright_holder': None}, {'id': 117273124, 'sort_order': 10, 'user_id': 80470, 'x_offset': 0, 'y_offset': -43, 'square_url': 'https://images4-f.ravelrycache.com/uploads/knitforsweet/890999383/__25__square.jpg', 'medium_url': 'https://images4-g.ravelrycache.com/uploads/knitforsweet/890999383/__25__medium.jpg', 'thumbnail_url': 'https://images4-g.ravelrycache.com/uploads/knitforsweet/890999383/__25__thumbnail.jpg', 'small_url': 'https://images4-f.ravelrycache.com/uploads/knitforsweet/890999383/__25__small_best_fit.jpg', 'flickr_url': None, 'shelved_url': 'https://images4-g.ravelrycache.com/uploads/knitforsweet/890999383/__25__shelved.jpg', 'medium2_url': 'https://images4-a.ravelrycache.com/uploads/knitforsweet/890999383/__25__medium2.jpg', 'small2_url': 'https://images4-f.ravelrycache.com/uploads/knitforsweet/890999383/__25__small2.jpg', 'caption': None, 'caption_html': None, 'copyright_holder': None}, {'id': 117273125, 'sort_order': 11, 'user_id': 80470, 'x_offset': 0, 'y_offset': -43, 'square_url': 'https://images4-g.ravelrycache.com/uploads/knitforsweet/890999386/__35__square.jpg', 'medium_url': 'https://images4-f.ravelrycache.com/uploads/knitforsweet/890999386/__35__medium.jpg', 'thumbnail_url': 'https://images4-f.ravelrycache.com/uploads/knitforsweet/890999386/__35__thumbnail.jpg', 'small_url': 'https://images4-g.ravelrycache.com/uploads/knitforsweet/890999386/__35__small_best_fit.jpg', 'flickr_url': None, 'shelved_url': 'https://images4-f.ravelrycache.com/uploads/knitforsweet/890999386/__35__shelved.jpg', 'medium2_url': 'https://images4-a.ravelrycache.com/uploads/knitforsweet/890999386/__35__medium2.jpg', 'small2_url': 'https://images4-g.ravelrycache.com/uploads/knitforsweet/890999386/__35__small2.jpg', 'caption': None, 'caption_html': None, 'copyright_holder': None}, {'id': 117273126, 'sort_order': 12, 'user_id': 80470, 'x_offset': -1, 'y_offset': -34, 'square_url': 'https://images4-f.ravelrycache.com/uploads/knitforsweet/890999405/__12__square.jpg', 'medium_url': 'https://images4-g.ravelrycache.com/uploads/knitforsweet/890999405/__12__medium.jpg', 'thumbnail_url': 'https://images4-f.ravelrycache.com/uploads/knitforsweet/890999405/__12__thumbnail.jpg', 'small_url': 'https://images4-f.ravelrycache.com/uploads/knitforsweet/890999405/__12__small_best_fit.jpg', 'flickr_url': None, 'shelved_url': 'https://images4-g.ravelrycache.com/uploads/knitforsweet/890999405/__12__shelved.jpg', 'medium2_url': 'https://images4-a.ravelrycache.com/uploads/knitforsweet/890999405/__12__medium2.jpg', 'small2_url': 'https://images4-f.ravelrycache.com/uploads/knitforsweet/890999405/__12__small2.jpg', 'caption': None, 'caption_html': None, 'copyright_holder': None}, {'id': 117273127, 'sort_order': 13, 'user_id': 80470, 'x_offset': 0, 'y_offset': -43, 'square_url': 'https://images4-f.ravelrycache.com/uploads/knitforsweet/890999382/__45__square.jpg', 'medium_url': 'https://images4-g.ravelrycache.com/uploads/knitforsweet/890999382/__45__medium.jpg', 'thumbnail_url': 'https://images4-f.ravelrycache.com/uploads/knitforsweet/890999382/__45__thumbnail.jpg', 'small_url': 'https://images4-f.ravelrycache.com/uploads/knitforsweet/890999382/__45__small_best_fit.jpg', 'flickr_url': None, 'shelved_url': 'https://images4-f.ravelrycache.com/uploads/knitforsweet/890999382/__45__shelved.jpg', 'medium2_url': 'https://images4-a.ravelrycache.com/uploads/knitforsweet/890999382/__45__medium2.jpg', 'small2_url': 'https://images4-f.ravelrycache.com/uploads/knitforsweet/890999382/__45__small2.jpg', 'caption': None, 'caption_html': None, 'copyright_holder': None}, {'id': 117273128, 'sort_order': 14, 'user_id': 80470, 'x_offset': 0, 'y_offset': -43, 'square_url': 'https://images4-g.ravelrycache.com/uploads/knitforsweet/890999371/__38__square.jpg', 'medium_url': 'https://images4-f.ravelrycache.com/uploads/knitforsweet/890999371/__38__medium.jpg', 'thumbnail_url': 'https://images4-g.ravelrycache.com/uploads/knitforsweet/890999371/__38__thumbnail.jpg', 'small_url': 'https://images4-f.ravelrycache.com/uploads/knitforsweet/890999371/__38__small_best_fit.jpg', 'flickr_url': None, 'shelved_url': 'https://images4-g.ravelrycache.com/uploads/knitforsweet/890999371/__38__shelved.jpg', 'medium2_url': 'https://images4-a.ravelrycache.com/uploads/knitforsweet/890999371/__38__medium2.jpg', 'small2_url': 'https://images4-g.ravelrycache.com/uploads/knitforsweet/890999371/__38__small2.jpg', 'caption': None, 'caption_html': None, 'copyright_holder': None}, {'id': 117273129, 'sort_order': 15, 'user_id': 80470, 'x_offset': 0, 'y_offset': -43, 'square_url': 'https://images4-f.ravelrycache.com/uploads/knitforsweet/890999400/__34__square.jpg', 'medium_url': 'https://images4-g.ravelrycache.com/uploads/knitforsweet/890999400/__34__medium.jpg', 'thumbnail_url': 'https://images4-g.ravelrycache.com/uploads/knitforsweet/890999400/__34__thumbnail.jpg', 'small_url': 'https://images4-f.ravelrycache.com/uploads/knitforsweet/890999400/__34__small_best_fit.jpg', 'flickr_url': None, 'shelved_url': 'https://images4-f.ravelrycache.com/uploads/knitforsweet/890999400/__34__shelved.jpg', 'medium2_url': 'https://images4-a.ravelrycache.com/uploads/knitforsweet/890999400/__34__medium2.jpg', 'small2_url': 'https://images4-f.ravelrycache.com/uploads/knitforsweet/890999400/__34__small2.jpg', 'caption': None, 'caption_html': None, 'copyright_holder': None}, {'id': 117274320, 'sort_order': 16, 'user_id': 80470, 'x_offset': 0, 'y_offset': -36, 'square_url': 'https://images4-g.ravelrycache.com/uploads/knitforsweet/891012471/F3E7BDDB-8B40-4194-92B9-AE9D03D02153_square.jpeg', 'medium_url': 'https://images4-g.ravelrycache.com/uploads/knitforsweet/891012471/F3E7BDDB-8B40-4194-92B9-AE9D03D02153_medium.jpeg', 'thumbnail_url': 'https://images4-g.ravelrycache.com/uploads/knitforsweet/891012471/F3E7BDDB-8B40-4194-92B9-AE9D03D02153_thumbnail.jpeg', 'small_url': 'https://images4-f.ravelrycache.com/uploads/knitforsweet/891012471/F3E7BDDB-8B40-4194-92B9-AE9D03D02153_small_best_fit.jpeg', 'flickr_url': None, 'shelved_url': 'https://images4-f.ravelrycache.com/uploads/knitforsweet/891012471/F3E7BDDB-8B40-4194-92B9-AE9D03D02153_shelved.jpeg', 'medium2_url': 'https://images4-a.ravelrycache.com/uploads/knitforsweet/891012471/F3E7BDDB-8B40-4194-92B9-AE9D03D02153_medium2.jpeg', 'small2_url': 'https://images4-f.ravelrycache.com/uploads/knitforsweet/891012471/F3E7BDDB-8B40-4194-92B9-AE9D03D02153_small2.jpeg', 'caption': None, 'caption_html': None, 'copyright_holder': ''}, {'id': 117274321, 'sort_order': 17, 'user_id': 80470, 'x_offset': -1, 'y_offset': -40, 'square_url': 'https://images4-g.ravelrycache.com/uploads/knitforsweet/891012473/C63EFD5D-A5FD-42BB-ACD5-548111B4FFAB_square.jpeg', 'medium_url': 'https://images4-g.ravelrycache.com/uploads/knitforsweet/891012473/C63EFD5D-A5FD-42BB-ACD5-548111B4FFAB_medium.jpeg', 'thumbnail_url': 'https://images4-g.ravelrycache.com/uploads/knitforsweet/891012473/C63EFD5D-A5FD-42BB-ACD5-548111B4FFAB_thumbnail.jpeg', 'small_url': 'https://images4-f.ravelrycache.com/uploads/knitforsweet/891012473/C63EFD5D-A5FD-42BB-ACD5-548111B4FFAB_small_best_fit.jpeg', 'flickr_url': None, 'shelved_url': 'https://images4-f.ravelrycache.com/uploads/knitforsweet/891012473/C63EFD5D-A5FD-42BB-ACD5-548111B4FFAB_shelved.jpeg', 'medium2_url': 'https://images4-a.ravelrycache.com/uploads/knitforsweet/891012473/C63EFD5D-A5FD-42BB-ACD5-548111B4FFAB_medium2.jpeg', 'small2_url': 'https://images4-f.ravelrycache.com/uploads/knitforsweet/891012473/C63EFD5D-A5FD-42BB-ACD5-548111B4FFAB_small2.jpeg', 'caption': None, 'caption_html': None, 'copyright_holder': None}]"
CROSS,mikiko umemoto,1293751,https://www.ravelry.com/patterns/library/cross-11,False,https://images4-a.ravelrycache.com/uploads/amuhibiknit/940558054/knitbook_cross01_medium2.jpg,Knitting,"['stranded', 'seamless', 'top-down', 'in-the-round']",34.0,5.666666666666667,True,4.0,より大きな針で撚り線したストッキングステッチ、ラウンドで,pullover,Light Fingering,13,4.75,120cmバスト,"[{'id': 123471849, 'sort_order': 1, 'user_id': 8637874, 'x_offset': 1, 'y_offset': -21, 'square_url': 'https://images4-g.ravelrycache.com/uploads/amuhibiknit/940558054/knitbook_cross01_square.jpg', 'medium_url': 'https://images4-f.ravelrycache.com/uploads/amuhibiknit/940558054/knitbook_cross01_medium.jpg', 'thumbnail_url': 'https://images4-f.ravelrycache.com/uploads/amuhibiknit/940558054/knitbook_cross01_thumbnail.jpg', 'small_url': 'https://images4-g.ravelrycache.com/uploads/amuhibiknit/940558054/knitbook_cross01_small_best_fit.jpg', 'flickr_url': None, 'shelved_url': 'https://images4-f.ravelrycache.com/uploads/amuhibiknit/940558054/knitbook_cross01_shelved.jpg', 'medium2_url': 'https://images4-a.ravelrycache.com/uploads/amuhibiknit/940558054/knitbook_cross01_medium2.jpg', 'small2_url': 'https://images4-g.ravelrycache.com/uploads/amuhibiknit/940558054/knitbook_cross01_small2.jpg', 'caption': None, 'caption_html': None, 'copyright_holder': None}, {'id': 123471850, 'sort_order': 2, 'user_id': 8637874, 'x_offset': 0, 'y_offset': -37, 'square_url': 'https://images4-g.ravelrycache.com/uploads/amuhibiknit/940558092/knitbook_cross02_square.jpg', 'medium_url': 'https://images4-f.ravelrycache.com/uploads/amuhibiknit/940558092/knitbook_cross02_medium.jpg', 'thumbnail_url': 'https://images4-f.ravelrycache.com/uploads/amuhibiknit/940558092/knitbook_cross02_thumbnail.jpg', 'small_url': 'https://images4-g.ravelrycache.com/uploads/amuhibiknit/940558092/knitbook_cross02_small_best_fit.jpg', 'flickr_url': None, 'shelved_url': 'https://images4-g.ravelrycache.com/uploads/amuhibiknit/940558092/knitbook_cross02_shelved.jpg', 'medium2_url': 'https://images4-a.ravelrycache.com/uploads/amuhibiknit/940558092/knitbook_cross02_medium2.jpg', 'small2_url': 'https://images4-g.ravelrycache.com/uploads/amuhibiknit/940558092/knitbook_cross02_small2.jpg', 'caption': None, 'caption_html': None, 'copyright_holder': None}]"
Katla,This.Bird.Knits,1293859,https://www.ravelry.com/patterns/library/katla-11,False,https://images4-a.ravelrycache.com/uploads/thisbirdknits/891256061/FE025925-BF6E-404B-B4F0-3880F427713B_medium2.jpeg,Knitting,"['unisex', 'textured', 'collar', 'crew-neck', 'short-rows', 'bottom-up', 'positive-ease', 'written-pattern', 'cropped', 'in-the-round', 'slipped-stitches', 'brioche-tuck']",16.0,3.25,True,4.0,Pattern for body with larger needles,pullover,Aran,28,4.142857142857143,"Body/ Bust Circumference: 34.5 (38.25, 42, 45.75) (49.5, 53.25, 57) (60.75, 64.5, 68.25) 72”/ 88 (97.2, 106.7, 116.2) (125.7, 135.3, 145) (154.4, 164, 173.5) 182.88 cm","[{'id': 117304395, 'sort_order': 1, 'user_id': 1139115, 'x_offset': -5, 'y_offset': -35, 'square_url': 'https://images4-f.ravelrycache.com/uploads/thisbirdknits/891256061/FE025925-BF6E-404B-B4F0-3880F427713B_square.jpeg', 'medium_url': 'https://images4-f.ravelrycache.com/uploads/thisbirdknits/891256061/FE025925-BF6E-404B-B4F0-3880F427713B_medium.jpeg', 'thumbnail_url': 'https://images4-f.ravelrycache.com/uploads/thisbirdknits/891256061/FE025925-BF6E-404B-B4F0-3880F427713B_thumbnail.jpeg', 'small_url': 'https://images4-f.ravelrycache.com/uploads/thisbirdknits/891256061/FE025925-BF6E-404B-B4F0-3880F427713B_small.jpeg', 'flickr_url': None, 'shelved_url': 'https://images4-g.ravelrycache.com/uploads/thisbirdknits/891256061/FE025925-BF6E-404B-B4F0-3880F427713B_shelved.jpeg', 'medium2_url': 'https://images4-a.ravelrycache.com/uploads/thisbirdknits/891256061/FE025925-BF6E-404B-B4F0-3880F427713B_medium2.jpeg', 'small2_url': 'https://images4-g.ravelrycache.com/uploads/thisbirdknits/891256061/FE025925-BF6E-404B-B4F0-3880F427713B_small2.jpeg', 'caption': None, 'caption_html': None, 'copyright_holder': None}, {'id': 117304396, 'sort_order': 2, 'user_id': 1139115, 'x_offset': 0, 'y_offset': -22, 'square_url': 'https://images4-g.ravelrycache.com/uploads/thisbirdknits/891255417/D11CCD68-F9C1-43ED-A83B-731905D65149_square.jpeg', 'medium_url': 'https://images4-g.ravelrycache.com/uploads/thisbirdknits/891255417/D11CCD68-F9C1-43ED-A83B-731905D65149_medium.jpeg', 'thumbnail_url': 'https://images4-g.ravelrycache.com/uploads/thisbirdknits/891255417/D11CCD68-F9C1-43ED-A83B-731905D65149_thumbnail.jpeg', 'small_url': 'https://images4-f.ravelrycache.com/uploads/thisbirdknits/891255417/D11CCD68-F9C1-43ED-A83B-731905D65149_small_best_fit.jpeg', 'flickr_url': None, 'shelved_url': 'https://images4-f.ravelrycache.com/uploads/thisbirdknits/891255417/D11CCD68-F9C1-43ED-A83B-731905D65149_shelved.jpeg', 'medium2_url': 'https://images4-a.ravelrycache.com/uploads/thisbirdknits/891255417/D11CCD68-F9C1-43ED-A83B-731905D65149_medium2.jpeg', 'small2_url': 'https://images4-f.ravelrycache.com/uploads/thisbirdknits/891255417/D11CCD68-F9C1-43ED-A83B-731905D65149_small2.jpeg', 'caption': None, 'caption_html': None, 'copyright_holder': None}, {'id': 117304397, 'sort_order': 3, 'user_id': 1139115, 'x_offset': -5, 'y_offset': -35, 'square_url': 'https://images4-f.ravelrycache.com/uploads/thisbirdknits/891255408/E28CF9AC-B8FA-4D8A-8800-D8485F2ECF07_square.jpeg', 'medium_url': 'https://images4-f.ravelrycache.com/uploads/thisbirdknits/891255408/E28CF9AC-B8FA-4D8A-8800-D8485F2ECF07_medium.jpeg', 'thumbnail_url': 'https://images4-g.ravelrycache.com/uploads/thisbirdknits/891255408/E28CF9AC-B8FA-4D8A-8800-D8485F2ECF07_thumbnail.jpeg', 'small_url': 'https://images4-f.ravelrycache.com/uploads/thisbirdknits/891255408/E28CF9AC-B8FA-4D8A-8800-D8485F2ECF07_small.jpeg', 'flickr_url': None, 'shelved_url': 'https://images4-f.ravelrycache.com/uploads/thisbirdknits/891255408/E28CF9AC-B8FA-4D8A-8800-D8485F2ECF07_shelved.jpeg', 'medium2_url': 'https://images4-a.ravelrycache.com/uploads/thisbirdknits/891255408/E28CF9AC-B8FA-4D8A-8800-D8485F2ECF07_medium2.jpeg', 'small2_url': 'https://images4-g.ravelrycache.com/uploads/thisbirdknits/891255408/E28CF9AC-B8FA-4D8A-8800-D8485F2ECF07_small2.jpeg', 'caption': None, 'caption_html': None, 'copyright_holder': None}, {'id': 117304398, 'sort_order': 4, 'user_id': 1139115, 'x_offset': 0, 'y_offset': -37, 'square_url': 'https://images4-f.ravelrycache.com/uploads/thisbirdknits/891255413/E6460567-3A25-4E21-85E6-B28857BD003F_square.jpeg', 'medium_url': 'https://images4-f.ravelrycache.com/uploads/thisbirdknits/891255413/E6460567-3A25-4E21-85E6-B28857BD003F_medium.jpeg', 'thumbnail_url': 'https://images4-f.ravelrycache.com/uploads/thisbirdknits/891255413/E6460567-3A25-4E21-85E6-B28857BD003F_thumbnail.jpeg', 'small_url': 'https://images4-g.ravelrycache.com/uploads/thisbirdknits/891255413/E6460567-3A25-4E21-85E6-B28857BD003F_small_best_fit.jpeg', 'flickr_url': None, 'shelved_url': 'https://images4-g.ravelrycache.com/uploads/thisbirdknits/891255413/E6460567-3A25-4E21-85E6-B28857BD003F_shelved.jpeg', 'medium2_url': 'https://images4-a.ravelrycache.com/uploads/thisbirdknits/891255413/E6460567-3A25-4E21-85E6-B28857BD003F_medium2.jpeg', 'small2_url': 'https://images4-g.ravelrycache.com/uploads/thisbirdknits/891255413/E6460567-3A25-4E21-85E6-B28857BD003F_small2.jpeg', 'caption': None, 'caption_html': None, 'copyright_holder': None}, {'id': 117304399, 'sort_order': 5, 'user_id': 1139115, 'x_offset': -5, 'y_offset': -35, 'square_url': 'https://images4-f.ravelrycache.com/uploads/thisbirdknits/891255406/724D6329-32BF-4FD8-950D-B79E9B8CE9E7_square.jpeg', 'medium_url': 'https://images4-f.ravelrycache.com/uploads/thisbirdknits/891255406/724D6329-32BF-4FD8-950D-B79E9B8CE9E7_medium.jpeg', 'thumbnail_url': 'https://images4-f.ravelrycache.com/uploads/thisbirdknits/891255406/724D6329-32BF-4FD8-950D-B79E9B8CE9E7_thumbnail.jpeg', 'small_url': 'https://images4-g.ravelrycache.com/uploads/thisbirdknits/891255406/724D6329-32BF-4FD8-950D-B79E9B8CE9E7_small.jpeg', 'flickr_url': None, 'shelved_url': 'https://images4-f.ravelrycache.com/uploads/thisbirdknits/891255406/724D6329-32BF-4FD8-950D-B79E9B8CE9E7_shelved.jpeg', 'medium2_url': 'https://images4-a.ravelrycache.com/uploads/thisbirdknits/891255406/724D6329-32BF-4FD8-950D-B79E9B8CE9E7_medium2.jpeg', 'small2_url': 'https://images4-g.ravelrycache.com/uploads/thisbirdknits/891255406/724D6329-32BF-4FD8-950D-B79E9B8CE9E7_small2.jpeg', 'caption': None, 'caption_html': None, 'copyright_holder': None}, {'id': 117304400, 'sort_order': 6, 'user_id': 1139115, 'x_offset': 0, 'y_offset': -45, 'square_url': 'https://images4-f.ravelrycache.com/uploads/thisbirdknits/891255416/85DFFBBB-1AF3-4782-A882-3C60A591A58F_square.jpeg', 'medium_url': 'https://images4-f.ravelrycache.com/uploads/thisbirdknits/891255416/85DFFBBB-1AF3-4782-A882-3C60A591A58F_medium.jpeg', 'thumbnail_url': 'https://images4-g.ravelrycache.com/uploads/thisbirdknits/891255416/85DFFBBB-1AF3-4782-A882-3C60A591A58F_thumbnail.jpeg', 'small_url': 'https://images4-g.ravelrycache.com/uploads/thisbirdknits/891255416/85DFFBBB-1AF3-4782-A882-3C60A591A58F_small_best_fit.jpeg', 'flickr_url': None, 'shelved_url': 'https://images4-g.ravelrycache.com/uploads/thisbirdknits/891255416/85DFFBBB-1AF3-4782-A882-3C60A591A58F_shelved.jpeg', 'medium2_url': 'https://images4-a.ravelrycache.com/uploads/thisbirdknits/891255416/85DFFBBB-1AF3-4782-A882-3C60A591A58F_medium2.jpeg', 'small2_url': 'https://images4-g.ravelrycache.com/uploads/thisbirdknits/891255416/85DFFBBB-1AF3-4782-A882-3C60A591A58F_small2.jpeg', 'caption': None, 'caption_html': None, 'copyright_holder': None}, {'id': 117304401, 'sort_order': 7, 'user_id': 1139115, 'x_offset': -9, 'y_offset': 0, 'square_url': 'https://images4-g.ravelrycache.com/uploads/thisbirdknits/891255421/D689BE7E-9177-43B7-B1EF-DB841F96FC18_square.jpeg', 'medium_url': 'https://images4-g.ravelrycache.com/uploads/thisbirdknits/891255421/D689BE7E-9177-43B7-B1EF-DB841F96FC18_medium.jpeg', 'thumbnail_url': 'https://images4-f.ravelrycache.com/uploads/thisbirdknits/891255421/D689BE7E-9177-43B7-B1EF-DB841F96FC18_thumbnail.jpeg', 'small_url': 'https://images4-f.ravelrycache.com/uploads/thisbirdknits/891255421/D689BE7E-9177-43B7-B1EF-DB841F96FC18_small_best_fit.jpeg', 'flickr_url': None, 'shelved_url': 'https://images4-f.ravelrycache.com/uploads/thisbirdknits/891255421/D689BE7E-9177-43B7-B1EF-DB841F96FC18_shelved.jpeg', 'medium2_url': 'https://images4-a.ravelrycache.com/uploads/thisbirdknits/891255421/D689BE7E-9177-43B7-B1EF-DB841F96FC18_medium2.jpeg', 'small2_url': 'https://images4-f.ravelrycache.com/uploads/thisbirdknits/891255421/D689BE7E-9177-43B7-B1EF-DB841F96FC18_small2.jpeg', 'caption': None, 'caption_html': None, 'copyright_holder': None}, {'id': 117304402, 'sort_order': 8, 'user_id': 1139115, 'x_offset': -5, 'y_offset': -35, 'square_url': 'https://images4-g.ravelrycache.com/uploads/thisbirdknits/891255410/0F8436E9-788A-4CC5-9098-28635C36E5C2_square.jpeg', 'medium_url': 'https://images4-g.ravelrycache.com/uploads/thisbirdknits/891255410/0F8436E9-788A-4CC5-9098-28635C36E5C2_medium.jpeg', 'thumbnail_url': 'https://images4-g.ravelrycache.com/uploads/thisbirdknits/891255410/0F8436E9-788A-4CC5-9098-28635C36E5C2_thumbnail.jpeg', 'small_url': 'https://images4-f.ravelrycache.com/uploads/thisbirdknits/891255410/0F8436E9-788A-4CC5-9098-28635C36E5C2_small.jpeg', 'flickr_url': None, 'shelved_url': 'https://images4-g.ravelrycache.com/uploads/thisbirdknits/891255410/0F8436E9-788A-4CC5-9098-28635C36E5C2_shelved.jpeg', 'medium2_url': 'https://images4-a.ravelrycache.com/uploads/thisbirdknits/891255410/0F8436E9-788A-4CC5-9098-28635C36E5C2_medium2.jpeg', 'small2_url': 'https://images4-f.ravelrycache.com/uploads/thisbirdknits/891255410/0F8436E9-788A-4CC5-9098-28635C36E5C2_small2.jpeg', 'caption': None, 'caption_html': None, 'copyright_holder': None}, {'id': 117304403, 'sort_order': 9, 'user_id': 1139115, 'x_offset': 0, 'y_offset': -44, 'square_url': 'https://images4-f.ravelrycache.com/uploads/thisbirdknits/891255414/C726928A-6995-4459-B193-3E52DF7AFB0A_square.jpeg', 'medium_url': 'https://images4-f.ravelrycache.com/uploads/thisbirdknits/891255414/C726928A-6995-4459-B193-3E52DF7AFB0A_medium.jpeg', 'thumbnail_url': 'https://images4-g.ravelrycache.com/uploads/thisbirdknits/891255414/C726928A-6995-4459-B193-3E52DF7AFB0A_thumbnail.jpeg', 'small_url': 'https://images4-f.ravelrycache.com/uploads/thisbirdknits/891255414/C726928A-6995-4459-B193-3E52DF7AFB0A_small_best_fit.jpeg', 'flickr_url': None, 'shelved_url': 'https://images4-f.ravelrycache.com/uploads/thisbirdknits/891255414/C726928A-6995-4459-B193-3E52DF7AFB0A_shelved.jpeg', 'medium2_url': 'https://images4-a.ravelrycache.com/uploads/thisbirdknits/891255414/C726928A-6995-4459-B193-3E52DF7AFB0A_medium2.jpeg', 'small2_url': 'https://images4-g.ravelrycache.com/uploads/thisbirdknits/891255414/C726928A-6995-4459-B193-3E52DF7AFB0A_small2.jpeg', 'caption': None, 'caption_html': None, 'copyright_holder': None}, {'id': 117304404, 'sort_order': 10, 'user_id': 1139115, 'x_offset': -5, 'y_offset': -35, 'square_url': 'https://images4-g.ravelrycache.com/uploads/thisbirdknits/891255404/CFF2A5A3-1E3C-40E5-A9C5-A75E361F387E_square.jpeg', 'medium_url': 'https://images4-g.ravelrycache.com/uploads/thisbirdknits/891255404/CFF2A5A3-1E3C-40E5-A9C5-A75E361F387E_medium.jpeg', 'thumbnail_url': 'https://images4-f.ravelrycache.com/uploads/thisbirdknits/891255404/CFF2A5A3-1E3C-40E5-A9C5-A75E361F387E_thumbnail.jpeg', 'small_url': 'https://images4-g.ravelrycache.com/uploads/thisbirdknits/891255404/CFF2A5A3-1E3C-40E5-A9C5-A75E361F387E_small.jpeg', 'flickr_url': None, 'shelved_url': 'https://images4-f.ravelrycache.com/uploads/thisbirdknits/891255404/CFF2A5A3-1E3C-40E5-A9C5-A75E361F387E_shelved.jpeg', 'medium2_url': 'https://images4-a.ravelrycache.com/uploads/thisbirdknits/891255404/CFF2A5A3-1E3C-40E5-A9C5-A75E361F387E_medium2.jpeg', 'small2_url': 'https://images4-f.ravelrycache.com/uploads/thisbirdknits/891255404/CFF2A5A3-1E3C-40E5-A9C5-A75E361F387E_small2.jpeg', 'caption': None, 'caption_html': None, 'copyright_holder': None}]"
Cava,Thea Colman,1293983,https://www.ravelry.com/patterns/library/cava,False,https://images4-a.ravelrycache.com/uploads/babycocktails/891136416/IMG_2121_medium2.JPG,Knitting,"['teen', 'adult', 'cables', 'collar', 'crew-neck', 'seamless', 'short-rows', 'bottom-up', 'positive-ease', 'funnel-neck']",20.0,3.6,True,4.0,"cable pattern, based on final blocked fabric.  Assume 20 sts/28 rows in stockinette.  ",pullover,Worsted,37,4.8,"37.5(40.75,44,48,51.25)(54.5,58.5,61.5,64.75)” 95.25(103.5,111.75,122,130.25)(138.5,148.5,156.25,164.5)cm circumference around body in final blocked fabric. Choose the size with about 4”/10cm of positive ease (based on actual bust) for fit shown.","[{'id': 117312753, 'sort_order': 1, 'user_id': 5709, 'x_offset': -1, 'y_offset': -6, 'square_url': 'https://images4-g.ravelrycache.com/uploads/babycocktails/891136416/IMG_2121_square.JPG', 'medium_url': 'https://images4-f.ravelrycache.com/uploads/babycocktails/891136416/IMG_2121_medium.JPG', 'thumbnail_url': 'https://images4-g.ravelrycache.com/uploads/babycocktails/891136416/IMG_2121_thumbnail.JPG', 'small_url': 'https://images4-f.ravelrycache.com/uploads/babycocktails/891136416/IMG_2121_small_best_fit.JPG', 'flickr_url': None, 'shelved_url': 'https://images4-g.ravelrycache.com/uploads/babycocktails/891136416/IMG_2121_shelved.JPG', 'medium2_url': 'https://images4-a.ravelrycache.com/uploads/babycocktails/891136416/IMG_2121_medium2.JPG', 'small2_url': 'https://images4-g.ravelrycache.com/uploads/babycocktails/891136416/IMG_2121_small2.JPG', 'caption': None, 'caption_html': None, 'copyright_holder': None}, {'id': 117312754, 'sort_order': 2, 'user_id': 5709, 'x_offset': -3, 'y_offset': -46, 'square_url': 'https://images4-g.ravelrycache.com/uploads/babycocktails/891135872/IMG_2056_square.JPG', 'medium_url': 'https://images4-f.ravelrycache.com/uploads/babycocktails/891135872/IMG_2056_medium.JPG', 'thumbnail_url': 'https://images4-g.ravelrycache.com/uploads/babycocktails/891135872/IMG_2056_thumbnail.JPG', 'small_url': 'https://images4-g.ravelrycache.com/uploads/babycocktails/891135872/IMG_2056_small_best_fit.JPG', 'flickr_url': None, 'shelved_url': 'https://images4-g.ravelrycache.com/uploads/babycocktails/891135872/IMG_2056_shelved.JPG', 'medium2_url': 'https://images4-a.ravelrycache.com/uploads/babycocktails/891135872/IMG_2056_medium2.JPG', 'small2_url': 'https://images4-g.ravelrycache.com/uploads/babycocktails/891135872/IMG_2056_small2.JPG', 'caption': None, 'caption_html': None, 'copyright_holder': None}, {'id': 117312755, 'sort_order': 3, 'user_id': 5709, 'x_offset': -43, 'y_offset': 0, 'square_url': 'https://images4-g.ravelrycache.com/uploads/babycocktails/891137133/IMG_2049_square.JPG', 'medium_url': 'https://images4-f.ravelrycache.com/uploads/babycocktails/891137133/IMG_2049_medium.JPG', 'thumbnail_url': 'https://images4-f.ravelrycache.com/uploads/babycocktails/891137133/IMG_2049_thumbnail.JPG', 'small_url': 'https://images4-g.ravelrycache.com/uploads/babycocktails/891137133/IMG_2049_small_best_fit.JPG', 'flickr_url': None, 'shelved_url': 'https://images4-g.ravelrycache.com/uploads/babycocktails/891137133/IMG_2049_shelved.JPG', 'medium2_url': 'https://images4-a.ravelrycache.com/uploads/babycocktails/891137133/IMG_2049_medium2.JPG', 'small2_url': 'https://images4-g.ravelrycache.com/uploads/babycocktails/891137133/IMG_2049_small2.JPG', 'caption': None, 'caption_html': None, 'copyright_holder': None}, {'id': 117312756, 'sort_order': 4, 'user_id': 5709, 'x_offset': -43, 'y_offset': 0, 'square_url': 'https://images4-g.ravelrycache.com/uploads/babycocktails/891136419/IMG_2021_square.JPG', 'medium_url': 'https://images4-f.ravelrycache.com/uploads/babycocktails/891136419/IMG_2021_medium.JPG', 'thumbnail_url': 'https://images4-f.ravelrycache.com/uploads/babycocktails/891136419/IMG_2021_thumbnail.JPG', 'small_url': 'https://images4-f.ravelrycache.com/uploads/babycocktails/891136419/IMG_2021_small_best_fit.JPG', 'flickr_url': None, 'shelved_url': 'https://images4-g.ravelrycache.com/uploads/babycocktails/891136419/IMG_2021_shelved.JPG', 'medium2_url': 'https://images4-a.ravelrycache.com/uploads/babycocktails/891136419/IMG_2021_medium2.JPG', 'small2_url': 'https://images4-g.ravelrycache.com/uploads/babycocktails/891136419/IMG_2021_small2.JPG', 'caption': None, 'caption_html': None, 'copyright_holder': None}, {'id': 117312757, 'sort_order': 5, 'user_id': 5709, 'x_offset': -43, 'y_offset': 0, 'square_url': 'https://images4-f.ravelrycache.com/uploads/babycocktails/891135866/IMG_2099_square.JPG', 'medium_url': 'https://images4-g.ravelrycache.com/uploads/babycocktails/891135866/IMG_2099_medium.JPG', 'thumbnail_url': 'https://images4-g.ravelrycache.com/uploads/babycocktails/891135866/IMG_2099_thumbnail.JPG', 'small_url': 'https://images4-f.ravelrycache.com/uploads/babycocktails/891135866/IMG_2099_small_best_fit.JPG', 'flickr_url': None, 'shelved_url': 'https://images4-g.ravelrycache.com/uploads/babycocktails/891135866/IMG_2099_shelved.JPG', 'medium2_url': 'https://images4-a.ravelrycache.com/uploads/babycocktails/891135866/IMG_2099_medium2.JPG', 'small2_url': 'https://images4-f.ravelrycache.com/uploads/babycocktails/891135866/IMG_2099_small2.JPG', 'caption': None, 'caption_html': None, 'copyright_holder': None}, {'id': 117312758, 'sort_order': 6, 'user_id': 5709, 'x_offset': -5, 'y_offset': -79, 'square_url': 'https://images4-f.ravelrycache.com/uploads/babycocktails/891135864/IMG_2025_square.JPG', 'medium_url': 'https://images4-g.ravelrycache.com/uploads/babycocktails/891135864/IMG_2025_medium.JPG', 'thumbnail_url': 'https://images4-f.ravelrycache.com/uploads/babycocktails/891135864/IMG_2025_thumbnail.JPG', 'small_url': 'https://images4-g.ravelrycache.com/uploads/babycocktails/891135864/IMG_2025_small_best_fit.JPG', 'flickr_url': None, 'shelved_url': 'https://images4-f.ravelrycache.com/uploads/babycocktails/891135864/IMG_2025_shelved.JPG', 'medium2_url': 'https://images4-a.ravelrycache.com/uploads/babycocktails/891135864/IMG_2025_medium2.JPG', 'small2_url': 'https://images4-f.ravelrycache.com/uploads/babycocktails/891135864/IMG_2025_small2.JPG', 'caption': None, 'caption_html': None, 'copyright_holder': None}, {'id': 117312759, 'sort_order': 7, 'user_id': 5709, 'x_offset': 0, 'y_offset': -43, 'square_url': 'https://images4-g.ravelrycache.com/uploads/babycocktails/891135868/IMG_2108_square.JPG', 'medium_url': 'https://images4-f.ravelrycache.com/uploads/babycocktails/891135868/IMG_2108_medium.JPG', 'thumbnail_url': 'https://images4-g.ravelrycache.com/uploads/babycocktails/891135868/IMG_2108_thumbnail.JPG', 'small_url': 'https://images4-g.ravelrycache.com/uploads/babycocktails/891135868/IMG_2108_small_best_fit.JPG', 'flickr_url': None, 'shelved_url': 'https://images4-f.ravelrycache.com/uploads/babycocktails/891135868/IMG_2108_shelved.JPG', 'medium2_url': 'https://images4-a.ravelrycache.com/uploads/babycocktails/891135868/IMG_2108_medium2.JPG', 'small2_url': 'https://images4-g.ravelrycache.com/uploads/babycocktails/891135868/IMG_2108_small2.JPG', 'caption': None, 'caption_html': None, 'copyright_holder': None}, {'id': 117312760, 'sort_order': 8, 'user_id': 5709, 'x_offset': -43, 'y_offset': 0, 'square_url': 'https://images4-g.ravelrycache.com/uploads/babycocktails/891136420/IMG_2000_square.JPG', 'medium_url': 'https://images4-f.ravelrycache.com/uploads/babycocktails/891136420/IMG_2000_medium.JPG', 'thumbnail_url': 'https://images4-g.ravelrycache.com/uploads/babycocktails/891136420/IMG_2000_thumbnail.JPG', 'small_url': 'https://images4-g.ravelrycache.com/uploads/babycocktails/891136420/IMG_2000_small_best_fit.JPG', 'flickr_url': None, 'shelved_url': 'https://images4-f.ravelrycache.com/uploads/babycocktails/891136420/IMG_2000_shelved.JPG', 'medium2_url': 'https://images4-a.ravelrycache.com/uploads/babycocktails/891136420/IMG_2000_medium2.JPG', 'small2_url': 'https://images4-g.ravelrycache.com/uploads/babycocktails/891136420/IMG_2000_small2.JPG', 'caption': None, 'caption_html': None, 'copyright_holder': None}, {'id': 117312761, 'sort_order': 9, 'user_id': 5709, 'x_offset': -26, 'y_offset': -1, 'square_url': 'https://images4-g.ravelrycache.com/uploads/babycocktails/891135859/IMG_2035_square.JPG', 'medium_url': 'https://images4-f.ravelrycache.com/uploads/babycocktails/891135859/IMG_2035_medium.JPG', 'thumbnail_url': 'https://images4-f.ravelrycache.com/uploads/babycocktails/891135859/IMG_2035_thumbnail.JPG', 'small_url': 'https://images4-f.ravelrycache.com/uploads/babycocktails/891135859/IMG_2035_small_best_fit.JPG', 'flickr_url': None, 'shelved_url': 'https://images4-f.ravelrycache.com/uploads/babycocktails/891135859/IMG_2035_shelved.JPG', 'medium2_url': 'https://images4-a.ravelrycache.com/uploads/babycocktails/891135859/IMG_2035_medium2.JPG', 'small2_url': 'https://images4-g.ravelrycache.com/uploads/babycocktails/891135859/IMG_2035_small2.JPG', 'caption': None, 'caption_html': None, 'copyright_holder': None}, {'id': 117312762, 'sort_order': 10, 'user_id': 5709, 'x_offset': -43, 'y_offset': 0, 'square_url': 'https://images4-g.ravelrycache.com/uploads/babycocktails/891135870/IMG_2414_square.JPG', 'medium_url': 'https://images4-f.ravelrycache.com/uploads/babycocktails/891135870/IMG_2414_medium.JPG', 'thumbnail_url': 'https://images4-f.ravelrycache.com/uploads/babycocktails/891135870/IMG_2414_thumbnail.JPG', 'small_url': 'https://images4-g.ravelrycache.com/uploads/babycocktails/891135870/IMG_2414_small_best_fit.JPG', 'flickr_url': None, 'shelved_url': 'https://images4-g.ravelrycache.com/uploads/babycocktails/891135870/IMG_2414_shelved.JPG', 'medium2_url': 'https://images4-a.ravelrycache.com/uploads/babycocktails/891135870/IMG_2414_medium2.JPG', 'small2_url': 'https://images4-g.ravelrycache.com/uploads/babycocktails/891135870/IMG_2414_small2.JPG', 'caption': None, 'caption_html': None, 'copyright_holder': None}, {'id': 117312763, 'sort_order': 11, 'user_id': 5709, 'x_offset': -4, 'y_offset': -3, 'square_url': 'https://images4-f.ravelrycache.com/uploads/babycocktails/891135871/IMG_2017_square.JPG', 'medium_url': 'https://images4-g.ravelrycache.com/uploads/babycocktails/891135871/IMG_2017_medium.JPG', 'thumbnail_url': 'https://images4-g.ravelrycache.com/uploads/babycocktails/891135871/IMG_2017_thumbnail.JPG', 'small_url': 'https://images4-f.ravelrycache.com/uploads/babycocktails/891135871/IMG_2017_small_best_fit.JPG', 'flickr_url': None, 'shelved_url': 'https://images4-f.ravelrycache.com/uploads/babycocktails/891135871/IMG_2017_shelved.JPG', 'medium2_url': 'https://images4-a.ravelrycache.com/uploads/babycocktails/891135871/IMG_2017_medium2.JPG', 'small2_url': 'https://images4-f.ravelrycache.com/uploads/babycocktails/891135871/IMG_2017_small2.JPG', 'caption': None, 'caption_html': None, 'copyright_holder': None}]"
Sammy Sweater,Sarah Goff,1294077,https://www.ravelry.com/patterns/library/sammy-sweater,False,https://images4-a.ravelrycache.com/uploads/Secgoff/891383453/IMG_3725_medium2.jpg,Knitting,"['unisex', 'baby', 'toddler', 'child', 'oversized', 'cables', 'crew-neck', 'long-sleeve', 'top-down', 'positive-ease', 'chart', 'male', 'female']",20.0,0.0,True,4.0,cable pattern,child,DK,8,0.0,"3mo (6mo, 12mo, 18mo, 24mo) (2, 4, 6, 8) 10","[{'id': 117320417, 'sort_order': 1, 'user_id': 8225586, 'x_offset': -5, 'y_offset': -35, 'square_url': 'https://images4-f.ravelrycache.com/uploads/Secgoff/891383453/IMG_3725_square.jpg', 'medium_url': 'https://images4-g.ravelrycache.com/uploads/Secgoff/891383453/IMG_3725_medium.jpg', 'thumbnail_url': 'https://images4-g.ravelrycache.com/uploads/Secgoff/891383453/IMG_3725_thumbnail.jpg', 'small_url': 'https://images4-g.ravelrycache.com/uploads/Secgoff/891383453/IMG_3725_small.jpg', 'flickr_url': None, 'shelved_url': 'https://images4-g.ravelrycache.com/uploads/Secgoff/891383453/IMG_3725_shelved.jpg', 'medium2_url': 'https://images4-a.ravelrycache.com/uploads/Secgoff/891383453/IMG_3725_medium2.jpg', 'small2_url': 'https://images4-f.ravelrycache.com/uploads/Secgoff/891383453/IMG_3725_small2.jpg', 'caption': None, 'caption_html': None, 'copyright_holder': None}, {'id': 117320418, 'sort_order': 2, 'user_id': 8225586, 'x_offset': -35, 'y_offset': -5, 'square_url': 'https://images4-g.ravelrycache.com/uploads/Secgoff/891383458/20221016_124035_Original_square.JPG', 'medium_url': 'https://images4-f.ravelrycache.com/uploads/Secgoff/891383458/20221016_124035_Original_medium.JPG', 'thumbnail_url': 'https://images4-g.ravelrycache.com/uploads/Secgoff/891383458/20221016_124035_Original_thumbnail.JPG', 'small_url': 'https://images4-g.ravelrycache.com/uploads/Secgoff/891383458/20221016_124035_Original_small.JPG', 'flickr_url': None, 'shelved_url': 'https://images4-f.ravelrycache.com/uploads/Secgoff/891383458/20221016_124035_Original_shelved.JPG', 'medium2_url': 'https://images4-a.ravelrycache.com/uploads/Secgoff/891383458/20221016_124035_Original_medium2.JPG', 'small2_url': 'https://images4-g.ravelrycache.com/uploads/Secgoff/891383458/20221016_124035_Original_small2.JPG', 'caption': None, 'caption_html': None, 'copyright_holder': None}, {'id': 117320419, 'sort_order': 3, 'user_id': 8225586, 'x_offset': -35, 'y_offset': -5, 'square_url': 'https://images4-g.ravelrycache.com/uploads/Secgoff/891383457/close_up_square.JPG', 'medium_url': 'https://images4-f.ravelrycache.com/uploads/Secgoff/891383457/close_up_medium.JPG', 'thumbnail_url': 'https://images4-f.ravelrycache.com/uploads/Secgoff/891383457/close_up_thumbnail.JPG', 'small_url': 'https://images4-g.ravelrycache.com/uploads/Secgoff/891383457/close_up_small.JPG', 'flickr_url': None, 'shelved_url': 'https://images4-f.ravelrycache.com/uploads/Secgoff/891383457/close_up_shelved.JPG', 'medium2_url': 'https://images4-a.ravelrycache.com/uploads/Secgoff/891383457/close_up_medium2.JPG', 'small2_url': 'https://images4-g.ravelrycache.com/uploads/Secgoff/891383457/close_up_small2.JPG', 'caption': None, 'caption_html': None, 'copyright_holder': None}, {'id': 117320420, 'sort_order': 4, 'user_id': 8225586, 'x_offset': -5, 'y_offset': -35, 'square_url': 'https://images4-f.ravelrycache.com/uploads/Secgoff/891383452/IMG_3737_square.jpg', 'medium_url': 'https://images4-g.ravelrycache.com/uploads/Secgoff/891383452/IMG_3737_medium.jpg', 'thumbnail_url': 'https://images4-g.ravelrycache.com/uploads/Secgoff/891383452/IMG_3737_thumbnail.jpg', 'small_url': 'https://images4-g.ravelrycache.com/uploads/Secgoff/891383452/IMG_3737_small.jpg', 'flickr_url': None, 'shelved_url': 'https://images4-f.ravelrycache.com/uploads/Secgoff/891383452/IMG_3737_shelved.jpg', 'medium2_url': 'https://images4-a.ravelrycache.com/uploads/Secgoff/891383452/IMG_3737_medium2.jpg', 'small2_url': 'https://images4-f.ravelrycache.com/uploads/Secgoff/891383452/IMG_3737_small2.jpg', 'caption': None, 'caption_html': None, 'copyright_holder': None}, {'id': 117320421, 'sort_order': 5, 'user_id': 8225586, 'x_offset': -35, 'y_offset': -5, 'square_url': 'https://images4-g.ravelrycache.com/uploads/Secgoff/891383454/IMG_0675_square.JPG', 'medium_url': 'https://images4-f.ravelrycache.com/uploads/Secgoff/891383454/IMG_0675_medium.JPG', 'thumbnail_url': 'https://images4-f.ravelrycache.com/uploads/Secgoff/891383454/IMG_0675_thumbnail.JPG', 'small_url': 'https://images4-g.ravelrycache.com/uploads/Secgoff/891383454/IMG_0675_small.JPG', 'flickr_url': None, 'shelved_url': 'https://images4-f.ravelrycache.com/uploads/Secgoff/891383454/IMG_0675_shelved.JPG', 'medium2_url': 'https://images4-a.ravelrycache.com/uploads/Secgoff/891383454/IMG_0675_medium2.JPG', 'small2_url': 'https://images4-g.ravelrycache.com/uploads/Secgoff/891383454/IMG_0675_small2.JPG', 'caption': None, 'caption_html': None, 'copyright_holder': None}]"
Lake Placid Hooded Sweater,Lion Brand Yarn,1294350,https://www.ravelry.com/patterns/library/lake-placid-hooded-sweater,True,https://images4-a.ravelrycache.com/uploads/LionBrandYarn/891552543/Screen_Shot_2022-12-07_at_1.03.42_PM_medium2.png,Knitting,"['adult', 'written-pattern']",22.0,0.0,True,4.0,over pattern,pullover,Aran,7,0.0,"Finished bust about 48 1/2 (54 1/2, 60 1/2, 66) in. (123 (138.5, 153.5, 167.5) cm)","[{'id': 117341444, 'sort_order': 1, 'user_id': 357777, 'x_offset': 0, 'y_offset': -38, 'square_url': 'https://images4-f.ravelrycache.com/uploads/LionBrandYarn/891552543/Screen_Shot_2022-12-07_at_1.03.42_PM_square.png', 'medium_url': 'https://images4-g.ravelrycache.com/uploads/LionBrandYarn/891552543/Screen_Shot_2022-12-07_at_1.03.42_PM_medium.png', 'thumbnail_url': 'https://images4-g.ravelrycache.com/uploads/LionBrandYarn/891552543/Screen_Shot_2022-12-07_at_1.03.42_PM_thumbnail.png', 'small_url': 'https://images4-f.ravelrycache.com/uploads/LionBrandYarn/891552543/Screen_Shot_2022-12-07_at_1.03.42_PM_small_best_fit.png', 'flickr_url': None, 'shelved_url': 'https://images4-f.ravelrycache.com/uploads/LionBrandYarn/891552543/Screen_Shot_2022-12-07_at_1.03.42_PM_shelved.png', 'medium2_url': 'https://images4-a.ravelrycache.com/uploads/LionBrandYarn/891552543/Screen_Shot_2022-12-07_at_1.03.42_PM_medium2.png', 'small2_url': 'https://images4-f.ravelrycache.com/uploads/LionBrandYarn/891552543/Screen_Shot_2022-12-07_at_1.03.42_PM_small2.png', 'caption': None, 'caption_html': None, 'copyright_holder': None}, {'id': 117341445, 'sort_order': 2, 'user_id': 357777, 'x_offset': 0, 'y_offset': -19, 'square_url': 'https://images4-f.ravelrycache.com/uploads/LionBrandYarn/891552532/Screen_Shot_2022-12-07_at_1.03.36_PM_square.png', 'medium_url': 'https://images4-g.ravelrycache.com/uploads/LionBrandYarn/891552532/Screen_Shot_2022-12-07_at_1.03.36_PM_medium.png', 'thumbnail_url': 'https://images4-f.ravelrycache.com/uploads/LionBrandYarn/891552532/Screen_Shot_2022-12-07_at_1.03.36_PM_thumbnail.png', 'small_url': 'https://images4-f.ravelrycache.com/uploads/LionBrandYarn/891552532/Screen_Shot_2022-12-07_at_1.03.36_PM_small_best_fit.png', 'flickr_url': None, 'shelved_url': 'https://images4-f.ravelrycache.com/uploads/LionBrandYarn/891552532/Screen_Shot_2022-12-07_at_1.03.36_PM_shelved.png', 'medium2_url': 'https://images4-a.ravelrycache.com/uploads/LionBrandYarn/891552532/Screen_Shot_2022-12-07_at_1.03.36_PM_medium2.png', 'small2_url': 'https://images4-f.ravelrycache.com/uploads/LionBrandYarn/891552532/Screen_Shot_2022-12-07_at_1.03.36_PM_small2.png', 'caption': None, 'caption_html': None, 'copyright_holder': None}]"
Joy Sweater,Knit Folk,1294625,https://www.ravelry.com/patterns/library/joy-sweater-3,False,https://images4-a.ravelrycache.com/uploads/amyrainbowfolk/891716563/05534545-7155-4072-BC53-2C8923DF2873_medium2.jpeg,Knitting,"['female', 'adult', 'oversized', 'positive-ease', 'worked-flat']",10.0,0.0,True,4.0,Garter stitch ,pullover,Bulky,1,0.0,"XS (S, M, L, XL, XXL","[{'id': 117362022, 'sort_order': 1, 'user_id': 10323358, 'x_offset': 0, 'y_offset': -15, 'square_url': 'https://images4-g.ravelrycache.com/uploads/amyrainbowfolk/891716563/05534545-7155-4072-BC53-2C8923DF2873_square.jpeg', 'medium_url': 'https://images4-g.ravelrycache.com/uploads/amyrainbowfolk/891716563/05534545-7155-4072-BC53-2C8923DF2873_medium.jpeg', 'thumbnail_url': 'https://images4-f.ravelrycache.com/uploads/amyrainbowfolk/891716563/05534545-7155-4072-BC53-2C8923DF2873_thumbnail.jpeg', 'small_url': 'https://images4-f.ravelrycache.com/uploads/amyrainbowfolk/891716563/05534545-7155-4072-BC53-2C8923DF2873_small_best_fit.jpeg', 'flickr_url': None, 'shelved_url': 'https://images4-g.ravelrycache.com/uploads/amyrainbowfolk/891716563/05534545-7155-4072-BC53-2C8923DF2873_shelved.jpeg', 'medium2_url': 'https://images4-a.ravelrycache.com/uploads/amyrainbowfolk/891716563/05534545-7155-4072-BC53-2C8923DF2873_medium2.jpeg', 'small2_url': 'https://images4-f.ravelrycache.com/uploads/amyrainbowfolk/891716563/05534545-7155-4072-BC53-2C8923DF2873_small2.jpeg', 'caption': None, 'caption_html': None, 'copyright_holder': None}, {'id': 117362023, 'sort_order': 2, 'user_id': 10323358, 'x_offset': -3, 'y_offset': 0, 'square_url': 'https://images4-g.ravelrycache.com/uploads/amyrainbowfolk/891716560/CE9B348E-5E8A-44A1-BAF9-78C90645CD09_square.jpeg', 'medium_url': 'https://images4-g.ravelrycache.com/uploads/amyrainbowfolk/891716560/CE9B348E-5E8A-44A1-BAF9-78C90645CD09_medium.jpeg', 'thumbnail_url': 'https://images4-f.ravelrycache.com/uploads/amyrainbowfolk/891716560/CE9B348E-5E8A-44A1-BAF9-78C90645CD09_thumbnail.jpeg', 'small_url': 'https://images4-f.ravelrycache.com/uploads/amyrainbowfolk/891716560/CE9B348E-5E8A-44A1-BAF9-78C90645CD09_small_best_fit.jpeg', 'flickr_url': None, 'shelved_url': 'https://images4-f.ravelrycache.com/uploads/amyrainbowfolk/891716560/CE9B348E-5E8A-44A1-BAF9-78C90645CD09_shelved.jpeg', 'medium2_url': 'https://images4-a.ravelrycache.com/uploads/amyrainbowfolk/891716560/CE9B348E-5E8A-44A1-BAF9-78C90645CD09_medium2.jpeg', 'small2_url': 'https://images4-f.ravelrycache.com/uploads/amyrainbowfolk/891716560/CE9B348E-5E8A-44A1-BAF9-78C90645CD09_small2.jpeg', 'caption': None, 'caption_html': None, 'copyright_holder': None}, {'id': 117362024, 'sort_order': 3, 'user_id': 10323358, 'x_offset': 0, 'y_offset': -19, 'square_url': 'https://images4-g.ravelrycache.com/uploads/amyrainbowfolk/891716558/DE28427C-3CDB-40E5-9DDD-1C891C6FC7CB_square.jpeg', 'medium_url': 'https://images4-g.ravelrycache.com/uploads/amyrainbowfolk/891716558/DE28427C-3CDB-40E5-9DDD-1C891C6FC7CB_medium.jpeg', 'thumbnail_url': 'https://images4-f.ravelrycache.com/uploads/amyrainbowfolk/891716558/DE28427C-3CDB-40E5-9DDD-1C891C6FC7CB_thumbnail.jpeg', 'small_url': 'https://images4-g.ravelrycache.com/uploads/amyrainbowfolk/891716558/DE28427C-3CDB-40E5-9DDD-1C891C6FC7CB_small_best_fit.jpeg', 'flickr_url': None, 'shelved_url': 'https://images4-f.ravelrycache.com/uploads/amyrainbowfolk/891716558/DE28427C-3CDB-40E5-9DDD-1C891C6FC7CB_shelved.jpeg', 'medium2_url': 'https://images4-a.ravelrycache.com/uploads/amyrainbowfolk/891716558/DE28427C-3CDB-40E5-9DDD-1C891C6FC7CB_medium2.jpeg', 'small2_url': 'https://images4-f.ravelrycache.com/uploads/amyrainbowfolk/891716558/DE28427C-3CDB-40E5-9DDD-1C891C6FC7CB_small2.jpeg', 'caption': None, 'caption_html': None, 'copyright_holder': None}, {'id': 117362025, 'sort_order': 4, 'user_id': 10323358, 'x_offset': 0, 'y_offset': -22, 'square_url': 'https://images4-g.ravelrycache.com/uploads/amyrainbowfolk/891716570/66C51706-E5F2-4890-865A-D4A076A159D1_square.jpeg', 'medium_url': 'https://images4-g.ravelrycache.com/uploads/amyrainbowfolk/891716570/66C51706-E5F2-4890-865A-D4A076A159D1_medium.jpeg', 'thumbnail_url': 'https://images4-g.ravelrycache.com/uploads/amyrainbowfolk/891716570/66C51706-E5F2-4890-865A-D4A076A159D1_thumbnail.jpeg', 'small_url': 'https://images4-g.ravelrycache.com/uploads/amyrainbowfolk/891716570/66C51706-E5F2-4890-865A-D4A076A159D1_small_best_fit.jpeg', 'flickr_url': None, 'shelved_url': 'https://images4-g.ravelrycache.com/uploads/amyrainbowfolk/891716570/66C51706-E5F2-4890-865A-D4A076A159D1_shelved.jpeg', 'medium2_url': 'https://images4-a.ravelrycache.com/uploads/amyrainbowfolk/891716570/66C51706-E5F2-4890-865A-D4A076A159D1_medium2.jpeg', 'small2_url': 'https://images4-f.ravelrycache.com/uploads/amyrainbowfolk/891716570/66C51706-E5F2-4890-865A-D4A076A159D1_small2.jpeg', 'caption': None, 'caption_html': None, 'copyright_holder': None}, {'id': 117362026, 'sort_order': 5, 'user_id': 10323358, 'x_offset': 0, 'y_offset': -18, 'square_url': 'https://images4-f.ravelrycache.com/uploads/amyrainbowfolk/891716561/5121F8C0-C29B-4056-B117-5140BC3E1400_square.jpeg', 'medium_url': 'https://images4-f.ravelrycache.com/uploads/amyrainbowfolk/891716561/5121F8C0-C29B-4056-B117-5140BC3E1400_medium.jpeg', 'thumbnail_url': 'https://images4-f.ravelrycache.com/uploads/amyrainbowfolk/891716561/5121F8C0-C29B-4056-B117-5140BC3E1400_thumbnail.jpeg', 'small_url': 'https://images4-g.ravelrycache.com/uploads/amyrainbowfolk/891716561/5121F8C0-C29B-4056-B117-5140BC3E1400_small_best_fit.jpeg', 'flickr_url': None, 'shelved_url': 'https://images4-g.ravelrycache.com/uploads/amyrainbowfolk/891716561/5121F8C0-C29B-4056-B117-5140BC3E1400_shelved.jpeg', 'medium2_url': 'https://images4-a.ravelrycache.com/uploads/amyrainbowfolk/891716561/5121F8C0-C29B-4056-B117-5140BC3E1400_medium2.jpeg', 'small2_url': 'https://images4-g.ravelrycache.com/uploads/amyrainbowfolk/891716561/5121F8C0-C29B-4056-B117-5140BC3E1400_small2.jpeg', 'caption': None, 'caption_html': None, 'copyright_holder': None}, {'id': 117362027, 'sort_order': 6, 'user_id': 10323358, 'x_offset': -5, 'y_offset': -35, 'square_url': 'https://images4-g.ravelrycache.com/uploads/amyrainbowfolk/891716568/11D72B2A-F2B1-4A47-A143-DE59D5BF8B97_square.jpeg', 'medium_url': 'https://images4-g.ravelrycache.com/uploads/amyrainbowfolk/891716568/11D72B2A-F2B1-4A47-A143-DE59D5BF8B97_medium.jpeg', 'thumbnail_url': 'https://images4-f.ravelrycache.com/uploads/amyrainbowfolk/891716568/11D72B2A-F2B1-4A47-A143-DE59D5BF8B97_thumbnail.jpeg', 'small_url': 'https://images4-f.ravelrycache.com/uploads/amyrainbowfolk/891716568/11D72B2A-F2B1-4A47-A143-DE59D5BF8B97_small.jpeg', 'flickr_url': None, 'shelved_url': 'https://images4-g.ravelrycache.com/uploads/amyrainbowfolk/891716568/11D72B2A-F2B1-4A47-A143-DE59D5BF8B97_shelved.jpeg', 'medium2_url': 'https://images4-a.ravelrycache.com/uploads/amyrainbowfolk/891716568/11D72B2A-F2B1-4A47-A143-DE59D5BF8B97_medium2.jpeg', 'small2_url': 'https://images4-f.ravelrycache.com/uploads/amyrainbowfolk/891716568/11D72B2A-F2B1-4A47-A143-DE59D5BF8B97_small2.jpeg', 'caption': None, 'caption_html': None, 'copyright_holder': None}, {'id': 117362028, 'sort_order': 7, 'user_id': 10323358, 'x_offset': -5, 'y_offset': -35, 'square_url': 'https://images4-g.ravelrycache.com/uploads/amyrainbowfolk/891716574/3C322AB8-6C01-4030-8870-BD7667B32ADB_square.jpeg', 'medium_url': 'https://images4-g.ravelrycache.com/uploads/amyrainbowfolk/891716574/3C322AB8-6C01-4030-8870-BD7667B32ADB_medium.jpeg', 'thumbnail_url': 'https://images4-f.ravelrycache.com/uploads/amyrainbowfolk/891716574/3C322AB8-6C01-4030-8870-BD7667B32ADB_thumbnail.jpeg', 'small_url': 'https://images4-g.ravelrycache.com/uploads/amyrainbowfolk/891716574/3C322AB8-6C01-4030-8870-BD7667B32ADB_small.jpeg', 'flickr_url': None, 'shelved_url': 'https://images4-f.ravelrycache.com/uploads/amyrainbowfolk/891716574/3C322AB8-6C01-4030-8870-BD7667B32ADB_shelved.jpeg', 'medium2_url': 'https://images4-a.ravelrycache.com/uploads/amyrainbowfolk/891716574/3C322AB8-6C01-4030-8870-BD7667B32ADB_medium2.jpeg', 'small2_url': 'https://images4-f.ravelrycache.com/uploads/amyrainbowfolk/891716574/3C322AB8-6C01-4030-8870-BD7667B32ADB_small2.jpeg', 'caption': None, 'caption_html': None, 'copyright_holder': None}, {'id': 117362029, 'sort_order': 8, 'user_id': 10323358, 'x_offset': 0, 'y_offset': -18, 'square_url': 'https://images4-f.ravelrycache.com/uploads/amyrainbowfolk/891716559/04922397-66DE-43E0-A920-222C43C2FC6D_square.jpeg', 'medium_url': 'https://images4-f.ravelrycache.com/uploads/amyrainbowfolk/891716559/04922397-66DE-43E0-A920-222C43C2FC6D_medium.jpeg', 'thumbnail_url': 'https://images4-f.ravelrycache.com/uploads/amyrainbowfolk/891716559/04922397-66DE-43E0-A920-222C43C2FC6D_thumbnail.jpeg', 'small_url': 'https://images4-g.ravelrycache.com/uploads/amyrainbowfolk/891716559/04922397-66DE-43E0-A920-222C43C2FC6D_small_best_fit.jpeg', 'flickr_url': None, 'shelved_url': 'https://images4-f.ravelrycache.com/uploads/amyrainbowfolk/891716559/04922397-66DE-43E0-A920-222C43C2FC6D_shelved.jpeg', 'medium2_url': 'https://images4-a.ravelrycache.com/uploads/amyrainbowfolk/891716559/04922397-66DE-43E0-A920-222C43C2FC6D_medium2.jpeg', 'small2_url': 'https://images4-g.ravelrycache.com/uploads/amyrainbowfolk/891716559/04922397-66DE-43E0-A920-222C43C2FC6D_small2.jpeg', 'caption': None, 'caption_html': None, 'copyright_holder': None}, {'id': 117362030, 'sort_order': 9, 'user_id': 10323358, 'x_offset': 0, 'y_offset': -18, 'square_url': 'https://images4-f.ravelrycache.com/uploads/amyrainbowfolk/891716562/CCFD7CE0-C50F-45B6-993A-C249658C63BC_square.jpeg', 'medium_url': 'https://images4-f.ravelrycache.com/uploads/amyrainbowfolk/891716562/CCFD7CE0-C50F-45B6-993A-C249658C63BC_medium.jpeg', 'thumbnail_url': 'https://images4-g.ravelrycache.com/uploads/amyrainbowfolk/891716562/CCFD7CE0-C50F-45B6-993A-C249658C63BC_thumbnail.jpeg', 'small_url': 'https://images4-g.ravelrycache.com/uploads/amyrainbowfolk/891716562/CCFD7CE0-C50F-45B6-993A-C249658C63BC_small_best_fit.jpeg', 'flickr_url': None, 'shelved_url': 'https://images4-f.ravelrycache.com/uploads/amyrainbowfolk/891716562/CCFD7CE0-C50F-45B6-993A-C249658C63BC_shelved.jpeg', 'medium2_url': 'https://images4-a.ravelrycache.com/uploads/amyrainbowfolk/891716562/CCFD7CE0-C50F-45B6-993A-C249658C63BC_medium2.jpeg', 'small2_url': 'https://images4-g.ravelrycache.com/uploads/amyrainbowfolk/891716562/CCFD7CE0-C50F-45B6-993A-C249658C63BC_small2.jpeg', 'caption': None, 'caption_html': None, 'copyright_holder': None}]"
Deanne sweater,Siv Kristin Olsen,1294709,https://www.ravelry.com/patterns/library/deanne-sweater-2,False,https://images4-a.ravelrycache.com/uploads/KnitbySiv/891761869/IMG_2522_640x_medium2.jpg,Knitting,"['icord', 'top-down']",10.0,3.6666666666666665,True,4.0,,pullover,Bulky,8,5.0,XS (S) M (L) XL (2XL) 3XL,"[{'id': 117367764, 'sort_order': 1, 'user_id': 7160705, 'x_offset': -4, 'y_offset': 0, 'square_url': 'https://images4-f.ravelrycache.com/uploads/KnitbySiv/891761869/IMG_2522_640x_square.jpg', 'medium_url': 'https://images4-g.ravelrycache.com/uploads/KnitbySiv/891761869/IMG_2522_640x_medium.jpg', 'thumbnail_url': 'https://images4-g.ravelrycache.com/uploads/KnitbySiv/891761869/IMG_2522_640x_thumbnail.jpg', 'small_url': 'https://images4-f.ravelrycache.com/uploads/KnitbySiv/891761869/IMG_2522_640x_small_best_fit.jpg', 'flickr_url': None, 'shelved_url': 'https://images4-g.ravelrycache.com/uploads/KnitbySiv/891761869/IMG_2522_640x_shelved.jpg', 'medium2_url': 'https://images4-a.ravelrycache.com/uploads/KnitbySiv/891761869/IMG_2522_640x_medium2.jpg', 'small2_url': 'https://images4-f.ravelrycache.com/uploads/KnitbySiv/891761869/IMG_2522_640x_small2.jpg', 'caption': None, 'caption_html': None, 'copyright_holder': None}, {'id': 117367765, 'sort_order': 2, 'user_id': 7160705, 'x_offset': -1, 'y_offset': 0, 'square_url': 'https://images4-g.ravelrycache.com/uploads/KnitbySiv/891762570/Skjermbilde_2022-12-08_kl._21.54.15_square.png', 'medium_url': 'https://images4-f.ravelrycache.com/uploads/KnitbySiv/891762570/Skjermbilde_2022-12-08_kl._21.54.15_medium.png', 'thumbnail_url': 'https://images4-g.ravelrycache.com/uploads/KnitbySiv/891762570/Skjermbilde_2022-12-08_kl._21.54.15_thumbnail.png', 'small_url': 'https://images4-f.ravelrycache.com/uploads/KnitbySiv/891762570/Skjermbilde_2022-12-08_kl._21.54.15_small_best_fit.png', 'flickr_url': None, 'shelved_url': 'https://images4-f.ravelrycache.com/uploads/KnitbySiv/891762570/Skjermbilde_2022-12-08_kl._21.54.15_shelved.png', 'medium2_url': 'https://images4-a.ravelrycache.com/uploads/KnitbySiv/891762570/Skjermbilde_2022-12-08_kl._21.54.15_medium2.png', 'small2_url': 'https://images4-g.ravelrycache.com/uploads/KnitbySiv/891762570/Skjermbilde_2022-12-08_kl._21.54.15_small2.png', 'caption': None, 'caption_html': None, 'copyright_holder': None}, {'id': 117367766, 'sort_order': 3, 'user_id': 7160705, 'x_offset': 0, 'y_offset': 0, 'square_url': 'https://images4-f.ravelrycache.com/uploads/KnitbySiv/891762731/Skjermbilde_2022-12-08_kl._21.53.12_square.png', 'medium_url': 'https://images4-g.ravelrycache.com/uploads/KnitbySiv/891762731/Skjermbilde_2022-12-08_kl._21.53.12_medium.png', 'thumbnail_url': 'https://images4-f.ravelrycache.com/uploads/KnitbySiv/891762731/Skjermbilde_2022-12-08_kl._21.53.12_thumbnail.png', 'small_url': 'https://images4-f.ravelrycache.com/uploads/KnitbySiv/891762731/Skjermbilde_2022-12-08_kl._21.53.12_small_best_fit.png', 'flickr_url': None, 'shelved_url': 'https://images4-g.ravelrycache.com/uploads/KnitbySiv/891762731/Skjermbilde_2022-12-08_kl._21.53.12_shelved.png', 'medium2_url': 'https://images4-a.ravelrycache.com/uploads/KnitbySiv/891762731/Skjermbilde_2022-12-08_kl._21.53.12_medium2.png', 'small2_url': 'https://images4-f.ravelrycache.com/uploads/KnitbySiv/891762731/Skjermbilde_2022-12-08_kl._21.53.12_small2.png', 'caption': None, 'caption_html': None, 'copyright_holder': None}, {'id': 117367767, 'sort_order': 4, 'user_id': 7160705, 'x_offset': 0, 'y_offset': -10, 'square_url': 'https://images4-f.ravelrycache.com/uploads/KnitbySiv/891762663/Skjermbilde_2022-12-08_kl._21.53.23_square.png', 'medium_url': 'https://images4-g.ravelrycache.com/uploads/KnitbySiv/891762663/Skjermbilde_2022-12-08_kl._21.53.23_medium.png', 'thumbnail_url': 'https://images4-f.ravelrycache.com/uploads/KnitbySiv/891762663/Skjermbilde_2022-12-08_kl._21.53.23_thumbnail.png', 'small_url': 'https://images4-f.ravelrycache.com/uploads/KnitbySiv/891762663/Skjermbilde_2022-12-08_kl._21.53.23_small_best_fit.png', 'flickr_url': None, 'shelved_url': 'https://images4-g.ravelrycache.com/uploads/KnitbySiv/891762663/Skjermbilde_2022-12-08_kl._21.53.23_shelved.png', 'medium2_url': 'https://images4-a.ravelrycache.com/uploads/KnitbySiv/891762663/Skjermbilde_2022-12-08_kl._21.53.23_medium2.png', 'small2_url': 'https://images4-f.ravelrycache.com/uploads/KnitbySiv/891762663/Skjermbilde_2022-12-08_kl._21.53.23_small2.png', 'caption': None, 'caption_html': None, 'copyright_holder': None}, {'id': 117367768, 'sort_order': 5, 'user_id': 7160705, 'x_offset': -1, 'y_offset': -4, 'square_url': 'https://images4-f.ravelrycache.com/uploads/KnitbySiv/891762587/Skjermbilde_2022-12-08_kl._21.53.48_square.png', 'medium_url': 'https://images4-g.ravelrycache.com/uploads/KnitbySiv/891762587/Skjermbilde_2022-12-08_kl._21.53.48_medium.png', 'thumbnail_url': 'https://images4-g.ravelrycache.com/uploads/KnitbySiv/891762587/Skjermbilde_2022-12-08_kl._21.53.48_thumbnail.png', 'small_url': 'https://images4-f.ravelrycache.com/uploads/KnitbySiv/891762587/Skjermbilde_2022-12-08_kl._21.53.48_small_best_fit.png', 'flickr_url': None, 'shelved_url': 'https://images4-g.ravelrycache.com/uploads/KnitbySiv/891762587/Skjermbilde_2022-12-08_kl._21.53.48_shelved.png', 'medium2_url': 'https://images4-a.ravelrycache.com/uploads/KnitbySiv/891762587/Skjermbilde_2022-12-08_kl._21.53.48_medium2.png', 'small2_url': 'https://images4-f.ravelrycache.com/uploads/KnitbySiv/891762587/Skjermbilde_2022-12-08_kl._21.53.48_small2.png', 'caption': None, 'caption_html': None, 'copyright_holder': None}, {'id': 117367769, 'sort_order': 6, 'user_id': 7160705, 'x_offset': -1, 'y_offset': -4, 'square_url': 'https://images4-f.ravelrycache.com/uploads/KnitbySiv/891762508/Skjermbilde_2022-12-08_kl._21.53.48_square.png', 'medium_url': 'https://images4-g.ravelrycache.com/uploads/KnitbySiv/891762508/Skjermbilde_2022-12-08_kl._21.53.48_medium.png', 'thumbnail_url': 'https://images4-f.ravelrycache.com/uploads/KnitbySiv/891762508/Skjermbilde_2022-12-08_kl._21.53.48_thumbnail.png', 'small_url': 'https://images4-g.ravelrycache.com/uploads/KnitbySiv/891762508/Skjermbilde_2022-12-08_kl._21.53.48_small_best_fit.png', 'flickr_url': None, 'shelved_url': 'https://images4-g.ravelrycache.com/uploads/KnitbySiv/891762508/Skjermbilde_2022-12-08_kl._21.53.48_shelved.png', 'medium2_url': 'https://images4-a.ravelrycache.com/uploads/KnitbySiv/891762508/Skjermbilde_2022-12-08_kl._21.53.48_medium2.png', 'small2_url': 'https://images4-f.ravelrycache.com/uploads/KnitbySiv/891762508/Skjermbilde_2022-12-08_kl._21.53.48_small2.png', 'caption': None, 'caption_html': None, 'copyright_holder': None}, {'id': 117367770, 'sort_order': 7, 'user_id': 7160705, 'x_offset': -4, 'y_offset': 1, 'square_url': 'https://images4-g.ravelrycache.com/uploads/KnitbySiv/891762509/Skjermbilde_2022-12-08_kl._21.53.59_square.png', 'medium_url': 'https://images4-f.ravelrycache.com/uploads/KnitbySiv/891762509/Skjermbilde_2022-12-08_kl._21.53.59_medium.png', 'thumbnail_url': 'https://images4-g.ravelrycache.com/uploads/KnitbySiv/891762509/Skjermbilde_2022-12-08_kl._21.53.59_thumbnail.png', 'small_url': 'https://images4-g.ravelrycache.com/uploads/KnitbySiv/891762509/Skjermbilde_2022-12-08_kl._21.53.59_small_best_fit.png', 'flickr_url': None, 'shelved_url': 'https://images4-g.ravelrycache.com/uploads/KnitbySiv/891762509/Skjermbilde_2022-12-08_kl._21.53.59_shelved.png', 'medium2_url': 'https://images4-a.ravelrycache.com/uploads/KnitbySiv/891762509/Skjermbilde_2022-12-08_kl._21.53.59_medium2.png', 'small2_url': 'https://images4-g.ravelrycache.com/uploads/KnitbySiv/891762509/Skjermbilde_2022-12-08_kl._21.53.59_small2.png', 'caption': None, 'caption_html': None, 'copyright_holder': None}, {'id': 117367771, 'sort_order': 8, 'user_id': 7160705, 'x_offset': 0, 'y_offset': -10, 'square_url': 'https://images4-g.ravelrycache.com/uploads/KnitbySiv/891762511/Skjermbilde_2022-12-08_kl._21.53.23_square.png', 'medium_url': 'https://images4-f.ravelrycache.com/uploads/KnitbySiv/891762511/Skjermbilde_2022-12-08_kl._21.53.23_medium.png', 'thumbnail_url': 'https://images4-g.ravelrycache.com/uploads/KnitbySiv/891762511/Skjermbilde_2022-12-08_kl._21.53.23_thumbnail.png', 'small_url': 'https://images4-f.ravelrycache.com/uploads/KnitbySiv/891762511/Skjermbilde_2022-12-08_kl._21.53.23_small_best_fit.png', 'flickr_url': None, 'shelved_url': 'https://images4-f.ravelrycache.com/uploads/KnitbySiv/891762511/Skjermbilde_2022-12-08_kl._21.53.23_shelved.png', 'medium2_url': 'https://images4-a.ravelrycache.com/uploads/KnitbySiv/891762511/Skjermbilde_2022-12-08_kl._21.53.23_medium2.png', 'small2_url': 'https://images4-g.ravelrycache.com/uploads/KnitbySiv/891762511/Skjermbilde_2022-12-08_kl._21.53.23_small2.png', 'caption': None, 'caption_html': None, 'copyright_holder': None}, {'id': 117367772, 'sort_order': 9, 'user_id': 7160705, 'x_offset': -1, 'y_offset': 0, 'square_url': 'https://images4-g.ravelrycache.com/uploads/KnitbySiv/891762513/Skjermbilde_2022-12-08_kl._21.54.15_square.png', 'medium_url': 'https://images4-f.ravelrycache.com/uploads/KnitbySiv/891762513/Skjermbilde_2022-12-08_kl._21.54.15_medium.png', 'thumbnail_url': 'https://images4-g.ravelrycache.com/uploads/KnitbySiv/891762513/Skjermbilde_2022-12-08_kl._21.54.15_thumbnail.png', 'small_url': 'https://images4-g.ravelrycache.com/uploads/KnitbySiv/891762513/Skjermbilde_2022-12-08_kl._21.54.15_small_best_fit.png', 'flickr_url': None, 'shelved_url': 'https://images4-f.ravelrycache.com/uploads/KnitbySiv/891762513/Skjermbilde_2022-12-08_kl._21.54.15_shelved.png', 'medium2_url': 'https://images4-a.ravelrycache.com/uploads/KnitbySiv/891762513/Skjermbilde_2022-12-08_kl._21.54.15_medium2.png', 'small2_url': 'https://images4-g.ravelrycache.com/uploads/KnitbySiv/891762513/Skjermbilde_2022-12-08_kl._21.54.15_small2.png', 'caption': None, 'caption_html': None, 'copyright_holder': None}, {'id': 117367773, 'sort_order': 10, 'user_id': 7160705, 'x_offset': 0, 'y_offset': 0, 'square_url': 'https://images4-f.ravelrycache.com/uploads/KnitbySiv/891762517/Skjermbilde_2022-12-08_kl._21.53.12_square.png', 'medium_url': 'https://images4-g.ravelrycache.com/uploads/KnitbySiv/891762517/Skjermbilde_2022-12-08_kl._21.53.12_medium.png', 'thumbnail_url': 'https://images4-g.ravelrycache.com/uploads/KnitbySiv/891762517/Skjermbilde_2022-12-08_kl._21.53.12_thumbnail.png', 'small_url': 'https://images4-f.ravelrycache.com/uploads/KnitbySiv/891762517/Skjermbilde_2022-12-08_kl._21.53.12_small_best_fit.png', 'flickr_url': None, 'shelved_url': 'https://images4-g.ravelrycache.com/uploads/KnitbySiv/891762517/Skjermbilde_2022-12-08_kl._21.53.12_shelved.png', 'medium2_url': 'https://images4-a.ravelrycache.com/uploads/KnitbySiv/891762517/Skjermbilde_2022-12-08_kl._21.53.12_medium2.png', 'small2_url': 'https://images4-f.ravelrycache.com/uploads/KnitbySiv/891762517/Skjermbilde_2022-12-08_kl._21.53.12_small2.png', 'caption': None, 'caption_html': None, 'copyright_holder': None}]"
No. 4 Kelly Sweater Children - Tweed Recycled,Sandnes Design,1294960,https://www.ravelry.com/patterns/library/no-4-kelly-sweater-children---tweed-recycled,False,https://images4-a.ravelrycache.com/uploads/mfrengen/891941515/D82689EC-193D-47C3-813C-5EF5DF422095_medium2.jpeg,Knitting,"['unisex', 'child', 'raglan-sleeve', 'top-down', 'bottom-up', 'positive-ease', 'written-pattern', 'in-the-round']",21.0,4.666666666666667,True,4.0,,child,Worsted,5,4.666666666666667,  2 years (4 years) 6 years (8 years) 10 years,"[{'id': 117390135, 'sort_order': 1, 'user_id': 6152382, 'x_offset': -16, 'y_offset': -60, 'square_url': 'https://images4-g.ravelrycache.com/uploads/mfrengen/891941515/D82689EC-193D-47C3-813C-5EF5DF422095_square.jpeg', 'medium_url': 'https://images4-g.ravelrycache.com/uploads/mfrengen/891941515/D82689EC-193D-47C3-813C-5EF5DF422095_medium.jpeg', 'thumbnail_url': 'https://images4-g.ravelrycache.com/uploads/mfrengen/891941515/D82689EC-193D-47C3-813C-5EF5DF422095_thumbnail.jpeg', 'small_url': 'https://images4-f.ravelrycache.com/uploads/mfrengen/891941515/D82689EC-193D-47C3-813C-5EF5DF422095_small.jpeg', 'flickr_url': None, 'shelved_url': 'https://images4-f.ravelrycache.com/uploads/mfrengen/891941515/D82689EC-193D-47C3-813C-5EF5DF422095_shelved.jpeg', 'medium2_url': 'https://images4-a.ravelrycache.com/uploads/mfrengen/891941515/D82689EC-193D-47C3-813C-5EF5DF422095_medium2.jpeg', 'small2_url': 'https://images4-f.ravelrycache.com/uploads/mfrengen/891941515/D82689EC-193D-47C3-813C-5EF5DF422095_small2.jpeg', 'caption': None, 'caption_html': None, 'copyright_holder': None}, {'id': 117390136, 'sort_order': 2, 'user_id': 6152382, 'x_offset': -7, 'y_offset': -56, 'square_url': 'https://images4-f.ravelrycache.com/uploads/mfrengen/891941513/27506606-6F2B-4881-85C2-7B60C220CBF1_square.jpeg', 'medium_url': 'https://images4-f.ravelrycache.com/uploads/mfrengen/891941513/27506606-6F2B-4881-85C2-7B60C220CBF1_medium.jpeg', 'thumbnail_url': 'https://images4-g.ravelrycache.com/uploads/mfrengen/891941513/27506606-6F2B-4881-85C2-7B60C220CBF1_thumbnail.jpeg', 'small_url': 'https://images4-g.ravelrycache.com/uploads/mfrengen/891941513/27506606-6F2B-4881-85C2-7B60C220CBF1_small.jpeg', 'flickr_url': None, 'shelved_url': 'https://images4-f.ravelrycache.com/uploads/mfrengen/891941513/27506606-6F2B-4881-85C2-7B60C220CBF1_shelved.jpeg', 'medium2_url': 'https://images4-a.ravelrycache.com/uploads/mfrengen/891941513/27506606-6F2B-4881-85C2-7B60C220CBF1_medium2.jpeg', 'small2_url': 'https://images4-g.ravelrycache.com/uploads/mfrengen/891941513/27506606-6F2B-4881-85C2-7B60C220CBF1_small2.jpeg', 'caption': None, 'caption_html': None, 'copyright_holder': None}, {'id': 117390137, 'sort_order': 3, 'user_id': 6152382, 'x_offset': -5, 'y_offset': -35, 'square_url': 'https://images4-g.ravelrycache.com/uploads/mfrengen/891941514/EFE2CCE5-389B-41CC-86E5-47D50B6D67A2_square.jpeg', 'medium_url': 'https://images4-g.ravelrycache.com/uploads/mfrengen/891941514/EFE2CCE5-389B-41CC-86E5-47D50B6D67A2_medium.jpeg', 'thumbnail_url': 'https://images4-f.ravelrycache.com/uploads/mfrengen/891941514/EFE2CCE5-389B-41CC-86E5-47D50B6D67A2_thumbnail.jpeg', 'small_url': 'https://images4-f.ravelrycache.com/uploads/mfrengen/891941514/EFE2CCE5-389B-41CC-86E5-47D50B6D67A2_small.jpeg', 'flickr_url': None, 'shelved_url': 'https://images4-g.ravelrycache.com/uploads/mfrengen/891941514/EFE2CCE5-389B-41CC-86E5-47D50B6D67A2_shelved.jpeg', 'medium2_url': 'https://images4-a.ravelrycache.com/uploads/mfrengen/891941514/EFE2CCE5-389B-41CC-86E5-47D50B6D67A2_medium2.jpeg', 'small2_url': 'https://images4-f.ravelrycache.com/uploads/mfrengen/891941514/EFE2CCE5-389B-41CC-86E5-47D50B6D67A2_small2.jpeg', 'caption': None, 'caption_html': None, 'copyright_holder': None}]"
Notion Pullover,Tif Neilan,1295615,https://www.ravelry.com/patterns/library/notion-pullover,False,https://images4-a.ravelrycache.com/uploads/TifNeilan/892972868/5E8381FE-5E2D-47AF-8C14-6DC3FEF311D7_medium2.jpeg,Knitting,"['adult', 'fitted', 'crew-neck', 'waist', 'long-sleeve', 'short-sleeve', 'raglan-sleeve', 'straight', 'one-piece', 'seamless', 'top-down', 'positive-ease', 'written-pattern', 'cuffed-sleeve', 'funnel-neck', 'in-the-round', 'schematic']",13.0,2.625,True,4.0,Stockinette Stitch with main needles,pullover,Bulky,56,5.0,"9 sizes - Finished Bust Circumference: 35.5 (38.75, 41.75, 45, 48) (52, 56, 60, 64)” / 88.5 (97, 104, 112.5, 120) (130, 140, 150, 160) cm","[{'id': 117516549, 'sort_order': 1, 'user_id': 7088894, 'x_offset': -3, 'y_offset': -48, 'square_url': 'https://images4-g.ravelrycache.com/uploads/TifNeilan/892972868/5E8381FE-5E2D-47AF-8C14-6DC3FEF311D7_square.jpeg', 'medium_url': 'https://images4-g.ravelrycache.com/uploads/TifNeilan/892972868/5E8381FE-5E2D-47AF-8C14-6DC3FEF311D7_medium.jpeg', 'thumbnail_url': 'https://images4-g.ravelrycache.com/uploads/TifNeilan/892972868/5E8381FE-5E2D-47AF-8C14-6DC3FEF311D7_thumbnail.jpeg', 'small_url': 'https://images4-g.ravelrycache.com/uploads/TifNeilan/892972868/5E8381FE-5E2D-47AF-8C14-6DC3FEF311D7_small_best_fit.jpeg', 'flickr_url': None, 'shelved_url': 'https://images4-f.ravelrycache.com/uploads/TifNeilan/892972868/5E8381FE-5E2D-47AF-8C14-6DC3FEF311D7_shelved.jpeg', 'medium2_url': 'https://images4-a.ravelrycache.com/uploads/TifNeilan/892972868/5E8381FE-5E2D-47AF-8C14-6DC3FEF311D7_medium2.jpeg', 'small2_url': 'https://images4-f.ravelrycache.com/uploads/TifNeilan/892972868/5E8381FE-5E2D-47AF-8C14-6DC3FEF311D7_small2.jpeg', 'caption': None, 'caption_html': None, 'copyright_holder': None}, {'id': 117494781, 'sort_order': 2, 'user_id': 7088894, 'x_offset': -3, 'y_offset': -50, 'square_url': 'https://images4-g.ravelrycache.com/uploads/TifNeilan/892797671/57818858-889D-45A4-9851-87C02456D961_square.jpeg', 'medium_url': 'https://images4-g.ravelrycache.com/uploads/TifNeilan/892797671/57818858-889D-45A4-9851-87C02456D961_medium.jpeg', 'thumbnail_url': 'https://images4-f.ravelrycache.com/uploads/TifNeilan/892797671/57818858-889D-45A4-9851-87C02456D961_thumbnail.jpeg', 'small_url': 'https://images4-g.ravelrycache.com/uploads/TifNeilan/892797671/57818858-889D-45A4-9851-87C02456D961_small_best_fit.jpeg', 'flickr_url': None, 'shelved_url': 'https://images4-g.ravelrycache.com/uploads/TifNeilan/892797671/57818858-889D-45A4-9851-87C02456D961_shelved.jpeg', 'medium2_url': 'https://images4-a.ravelrycache.com/uploads/TifNeilan/892797671/57818858-889D-45A4-9851-87C02456D961_medium2.jpeg', 'small2_url': 'https://images4-f.ravelrycache.com/uploads/TifNeilan/892797671/57818858-889D-45A4-9851-87C02456D961_small2.jpeg', 'caption': None, 'caption_html': None, 'copyright_holder': None}, {'id': 117465785, 'sort_order': 3, 'user_id': 7088894, 'x_offset': -1, 'y_offset': -35, 'square_url': 'https://images4-g.ravelrycache.com/uploads/TifNeilan/892531014/DSC_0613_square.JPG', 'medium_url': 'https://images4-f.ravelrycache.com/uploads/TifNeilan/892531014/DSC_0613_medium.JPG', 'thumbnail_url': 'https://images4-f.ravelrycache.com/uploads/TifNeilan/892531014/DSC_0613_thumbnail.JPG', 'small_url': 'https://images4-f.ravelrycache.com/uploads/TifNeilan/892531014/DSC_0613_small_best_fit.JPG', 'flickr_url': None, 'shelved_url': 'https://images4-g.ravelrycache.com/uploads/TifNeilan/892531014/DSC_0613_shelved.JPG', 'medium2_url': 'https://images4-a.ravelrycache.com/uploads/TifNeilan/892531014/DSC_0613_medium2.JPG', 'small2_url': 'https://images4-g.ravelrycache.com/uploads/TifNeilan/892531014/DSC_0613_small2.JPG', 'caption': None, 'caption_html': None, 'copyright_holder': None}, {'id': 117465795, 'sort_order': 4, 'user_id': 7088894, 'x_offset': 0, 'y_offset': -49, 'square_url': 'https://images4-g.ravelrycache.com/uploads/TifNeilan/892532410/DSC_0612_square.JPG', 'medium_url': 'https://images4-f.ravelrycache.com/uploads/TifNeilan/892532410/DSC_0612_medium.JPG', 'thumbnail_url': 'https://images4-g.ravelrycache.com/uploads/TifNeilan/892532410/DSC_0612_thumbnail.JPG', 'small_url': 'https://images4-f.ravelrycache.com/uploads/TifNeilan/892532410/DSC_0612_small_best_fit.JPG', 'flickr_url': None, 'shelved_url': 'https://images4-f.ravelrycache.com/uploads/TifNeilan/892532410/DSC_0612_shelved.JPG', 'medium2_url': 'https://images4-a.ravelrycache.com/uploads/TifNeilan/892532410/DSC_0612_medium2.JPG', 'small2_url': 'https://images4-g.ravelrycache.com/uploads/TifNeilan/892532410/DSC_0612_small2.JPG', 'caption': None, 'caption_html': None, 'copyright_holder': None}, {'id': 117465788, 'sort_order': 5, 'user_id': 7088894, 'x_offset': -1, 'y_offset': -6, 'square_url': 'https://images4-f.ravelrycache.com/uploads/TifNeilan/892525344/DSC_0709_square.JPG', 'medium_url': 'https://images4-g.ravelrycache.com/uploads/TifNeilan/892525344/DSC_0709_medium.JPG', 'thumbnail_url': 'https://images4-g.ravelrycache.com/uploads/TifNeilan/892525344/DSC_0709_thumbnail.JPG', 'small_url': 'https://images4-g.ravelrycache.com/uploads/TifNeilan/892525344/DSC_0709_small_best_fit.JPG', 'flickr_url': None, 'shelved_url': 'https://images4-g.ravelrycache.com/uploads/TifNeilan/892525344/DSC_0709_shelved.JPG', 'medium2_url': 'https://images4-a.ravelrycache.com/uploads/TifNeilan/892525344/DSC_0709_medium2.JPG', 'small2_url': 'https://images4-f.ravelrycache.com/uploads/TifNeilan/892525344/DSC_0709_small2.JPG', 'caption': None, 'caption_html': None, 'copyright_holder': None}, {'id': 117465787, 'sort_order': 6, 'user_id': 7088894, 'x_offset': -1, 'y_offset': -40, 'square_url': 'https://images4-f.ravelrycache.com/uploads/TifNeilan/892525174/DSC_0698_square.JPG', 'medium_url': 'https://images4-g.ravelrycache.com/uploads/TifNeilan/892525174/DSC_0698_medium.JPG', 'thumbnail_url': 'https://images4-f.ravelrycache.com/uploads/TifNeilan/892525174/DSC_0698_thumbnail.JPG', 'small_url': 'https://images4-g.ravelrycache.com/uploads/TifNeilan/892525174/DSC_0698_small_best_fit.JPG', 'flickr_url': None, 'shelved_url': 'https://images4-g.ravelrycache.com/uploads/TifNeilan/892525174/DSC_0698_shelved.JPG', 'medium2_url': 'https://images4-a.ravelrycache.com/uploads/TifNeilan/892525174/DSC_0698_medium2.JPG', 'small2_url': 'https://images4-f.ravelrycache.com/uploads/TifNeilan/892525174/DSC_0698_small2.JPG', 'caption': None, 'caption_html': None, 'copyright_holder': None}, {'id': 117465789, 'sort_order': 7, 'user_id': 7088894, 'x_offset': 0, 'y_offset': -30, 'square_url': 'https://images4-f.ravelrycache.com/uploads/TifNeilan/892529367/DSC_0720_square.JPG', 'medium_url': 'https://images4-g.ravelrycache.com/uploads/TifNeilan/892529367/DSC_0720_medium.JPG', 'thumbnail_url': 'https://images4-f.ravelrycache.com/uploads/TifNeilan/892529367/DSC_0720_thumbnail.JPG', 'small_url': 'https://images4-g.ravelrycache.com/uploads/TifNeilan/892529367/DSC_0720_small_best_fit.JPG', 'flickr_url': None, 'shelved_url': 'https://images4-g.ravelrycache.com/uploads/TifNeilan/892529367/DSC_0720_shelved.JPG', 'medium2_url': 'https://images4-a.ravelrycache.com/uploads/TifNeilan/892529367/DSC_0720_medium2.JPG', 'small2_url': 'https://images4-f.ravelrycache.com/uploads/TifNeilan/892529367/DSC_0720_small2.JPG', 'caption': None, 'caption_html': None, 'copyright_holder': None}, {'id': 117470876, 'sort_order': 8, 'user_id': 7088894, 'x_offset': 0, 'y_offset': -4, 'square_url': 'https://images4-f.ravelrycache.com/uploads/TifNeilan/892602045/DSC_0706_square.JPG', 'medium_url': 'https://images4-g.ravelrycache.com/uploads/TifNeilan/892602045/DSC_0706_medium.JPG', 'thumbnail_url': 'https://images4-f.ravelrycache.com/uploads/TifNeilan/892602045/DSC_0706_thumbnail.JPG', 'small_url': 'https://images4-g.ravelrycache.com/uploads/TifNeilan/892602045/DSC_0706_small_best_fit.JPG', 'flickr_url': None, 'shelved_url': 'https://images4-f.ravelrycache.com/uploads/TifNeilan/892602045/DSC_0706_shelved.JPG', 'medium2_url': 'https://images4-a.ravelrycache.com/uploads/TifNeilan/892602045/DSC_0706_medium2.JPG', 'small2_url': 'https://images4-f.ravelrycache.com/uploads/TifNeilan/892602045/DSC_0706_small2.JPG', 'caption': None, 'caption_html': None, 'copyright_holder': None}, {'id': 117465784, 'sort_order': 9, 'user_id': 7088894, 'x_offset': 1, 'y_offset': -51, 'square_url': 'https://images4-g.ravelrycache.com/uploads/TifNeilan/892525078/DSC_0687_square.JPG', 'medium_url': 'https://images4-f.ravelrycache.com/uploads/TifNeilan/892525078/DSC_0687_medium.JPG', 'thumbnail_url': 'https://images4-g.ravelrycache.com/uploads/TifNeilan/892525078/DSC_0687_thumbnail.JPG', 'small_url': 'https://images4-f.ravelrycache.com/uploads/TifNeilan/892525078/DSC_0687_small_best_fit.JPG', 'flickr_url': None, 'shelved_url': 'https://images4-g.ravelrycache.com/uploads/TifNeilan/892525078/DSC_0687_shelved.JPG', 'medium2_url': 'https://images4-a.ravelrycache.com/uploads/TifNeilan/892525078/DSC_0687_medium2.JPG', 'small2_url': 'https://images4-g.ravelrycache.com/uploads/TifNeilan/892525078/DSC_0687_small2.JPG', 'caption': None, 'caption_html': None, 'copyright_holder': None}, {'id': 117465790, 'sort_order': 10, 'user_id': 7088894, 'x_offset': 0, 'y_offset': -17, 'square_url': 'https://images4-g.ravelrycache.com/uploads/TifNeilan/892528721/DSC_0576_square.jpg', 'medium_url': 'https://images4-f.ravelrycache.com/uploads/TifNeilan/892528721/DSC_0576_medium.jpg', 'thumbnail_url': 'https://images4-g.ravelrycache.com/uploads/TifNeilan/892528721/DSC_0576_thumbnail.jpg', 'small_url': 'https://images4-f.ravelrycache.com/uploads/TifNeilan/892528721/DSC_0576_small_best_fit.jpg', 'flickr_url': None, 'shelved_url': 'https://images4-f.ravelrycache.com/uploads/TifNeilan/892528721/DSC_0576_shelved.jpg', 'medium2_url': 'https://images4-a.ravelrycache.com/uploads/TifNeilan/892528721/DSC_0576_medium2.jpg', 'small2_url': 'https://images4-g.ravelrycache.com/uploads/TifNeilan/892528721/DSC_0576_small2.jpg', 'caption': None, 'caption_html': None, 'copyright_holder': None}, {'id': 117465792, 'sort_order': 11, 'user_id': 7088894, 'x_offset': 0, 'y_offset': -22, 'square_url': 'https://images4-f.ravelrycache.com/uploads/TifNeilan/883531767/550FD100-7D39-45AD-B6EF-260E0A00AE8E_square.JPG', 'medium_url': 'https://images4-g.ravelrycache.com/uploads/TifNeilan/883531767/550FD100-7D39-45AD-B6EF-260E0A00AE8E_medium.JPG', 'thumbnail_url': 'https://images4-g.ravelrycache.com/uploads/TifNeilan/883531767/550FD100-7D39-45AD-B6EF-260E0A00AE8E_thumbnail.JPG', 'small_url': 'https://images4-g.ravelrycache.com/uploads/TifNeilan/883531767/550FD100-7D39-45AD-B6EF-260E0A00AE8E_small_best_fit.JPG', 'flickr_url': None, 'shelved_url': 'https://images4-g.ravelrycache.com/uploads/TifNeilan/883531767/550FD100-7D39-45AD-B6EF-260E0A00AE8E_shelved.JPG', 'medium2_url': 'https://images4-a.ravelrycache.com/uploads/TifNeilan/883531767/550FD100-7D39-45AD-B6EF-260E0A00AE8E_medium2.JPG', 'small2_url': 'https://images4-f.ravelrycache.com/uploads/TifNeilan/883531767/550FD100-7D39-45AD-B6EF-260E0A00AE8E_small2.JPG', 'caption': None, 'caption_html': None, 'copyright_holder': None}, {'id': 117465791, 'sort_order': 12, 'user_id': 7088894, 'x_offset': 0, 'y_offset': -52, 'square_url': 'https://images4-g.ravelrycache.com/uploads/TifNeilan/892527000/DSC_0674_square.JPG', 'medium_url': 'https://images4-f.ravelrycache.com/uploads/TifNeilan/892527000/DSC_0674_medium.JPG', 'thumbnail_url': 'https://images4-g.ravelrycache.com/uploads/TifNeilan/892527000/DSC_0674_thumbnail.JPG', 'small_url': 'https://images4-f.ravelrycache.com/uploads/TifNeilan/892527000/DSC_0674_small_best_fit.JPG', 'flickr_url': None, 'shelved_url': 'https://images4-g.ravelrycache.com/uploads/TifNeilan/892527000/DSC_0674_shelved.JPG', 'medium2_url': 'https://images4-a.ravelrycache.com/uploads/TifNeilan/892527000/DSC_0674_medium2.JPG', 'small2_url': 'https://images4-g.ravelrycache.com/uploads/TifNeilan/892527000/DSC_0674_small2.JPG', 'caption': None, 'caption_html': None, 'copyright_holder': None}, {'id': 117465793, 'sort_order': 13, 'user_id': 7088894, 'x_offset': 0, 'y_offset': -39, 'square_url': 'https://images4-g.ravelrycache.com/uploads/TifNeilan/892532343/DSC_0621_square.JPG', 'medium_url': 'https://images4-f.ravelrycache.com/uploads/TifNeilan/892532343/DSC_0621_medium.JPG', 'thumbnail_url': 'https://images4-g.ravelrycache.com/uploads/TifNeilan/892532343/DSC_0621_thumbnail.JPG', 'small_url': 'https://images4-g.ravelrycache.com/uploads/TifNeilan/892532343/DSC_0621_small_best_fit.JPG', 'flickr_url': None, 'shelved_url': 'https://images4-g.ravelrycache.com/uploads/TifNeilan/892532343/DSC_0621_shelved.JPG', 'medium2_url': 'https://images4-a.ravelrycache.com/uploads/TifNeilan/892532343/DSC_0621_medium2.JPG', 'small2_url': 'https://images4-g.ravelrycache.com/uploads/TifNeilan/892532343/DSC_0621_small2.JPG', 'caption': None, 'caption_html': None, 'copyright_holder': None}, {'id': 117465796, 'sort_order': 14, 'user_id': 7088894, 'x_offset': 0, 'y_offset': -43, 'square_url': 'https://images4-g.ravelrycache.com/uploads/TifNeilan/892532938/DSC_0615_square.JPG', 'medium_url': 'https://images4-f.ravelrycache.com/uploads/TifNeilan/892532938/DSC_0615_medium.JPG', 'thumbnail_url': 'https://images4-g.ravelrycache.com/uploads/TifNeilan/892532938/DSC_0615_thumbnail.JPG', 'small_url': 'https://images4-f.ravelrycache.com/uploads/TifNeilan/892532938/DSC_0615_small_best_fit.JPG', 'flickr_url': None, 'shelved_url': 'https://images4-f.ravelrycache.com/uploads/TifNeilan/892532938/DSC_0615_shelved.JPG', 'medium2_url': 'https://images4-a.ravelrycache.com/uploads/TifNeilan/892532938/DSC_0615_medium2.JPG', 'small2_url': 'https://images4-g.ravelrycache.com/uploads/TifNeilan/892532938/DSC_0615_small2.JPG', 'caption': None, 'caption_html': None, 'copyright_holder': None}, {'id': 117465797, 'sort_order': 15, 'user_id': 7088894, 'x_offset': 1, 'y_offset': -9, 'square_url': 'https://images4-g.ravelrycache.com/uploads/TifNeilan/892533476/DSC_0619_square.JPG', 'medium_url': 'https://images4-f.ravelrycache.com/uploads/TifNeilan/892533476/DSC_0619_medium.JPG', 'thumbnail_url': 'https://images4-f.ravelrycache.com/uploads/TifNeilan/892533476/DSC_0619_thumbnail.JPG', 'small_url': 'https://images4-f.ravelrycache.com/uploads/TifNeilan/892533476/DSC_0619_small_best_fit.JPG', 'flickr_url': None, 'shelved_url': 'https://images4-f.ravelrycache.com/uploads/TifNeilan/892533476/DSC_0619_shelved.JPG', 'medium2_url': 'https://images4-a.ravelrycache.com/uploads/TifNeilan/892533476/DSC_0619_medium2.JPG', 'small2_url': 'https://images4-g.ravelrycache.com/uploads/TifNeilan/892533476/DSC_0619_small2.JPG', 'caption': None, 'caption_html': None, 'copyright_holder': None}, {'id': 117465798, 'sort_order': 16, 'user_id': 7088894, 'x_offset': -3, 'y_offset': -35, 'square_url': 'https://images4-f.ravelrycache.com/uploads/TifNeilan/883531733/IMG_4793_square.jpeg', 'medium_url': 'https://images4-f.ravelrycache.com/uploads/TifNeilan/883531733/IMG_4793_medium.jpeg', 'thumbnail_url': 'https://images4-f.ravelrycache.com/uploads/TifNeilan/883531733/IMG_4793_thumbnail.jpeg', 'small_url': 'https://images4-f.ravelrycache.com/uploads/TifNeilan/883531733/IMG_4793_small.jpeg', 'flickr_url': None, 'shelved_url': 'https://images4-f.ravelrycache.com/uploads/TifNeilan/883531733/IMG_4793_shelved.jpeg', 'medium2_url': 'https://images4-a.ravelrycache.com/uploads/TifNeilan/883531733/IMG_4793_medium2.jpeg', 'small2_url': 'https://images4-g.ravelrycache.com/uploads/TifNeilan/883531733/IMG_4793_small2.jpeg', 'caption': None, 'caption_html': None, 'copyright_holder': None}]"
All the Leaves are Brown,Elizabeth Hall,1295695,https://www.ravelry.com/patterns/library/all-the-leaves-are-brown-2,False,https://images4-a.ravelrycache.com/uploads/calmt/892458038/Leaves4__2__medium2.jpg,Knitting,"['ribbed', 'textured', 'circular-yoke', 'stranded', 'seamless', 'short-rows', 'top-down', 'positive-ease', 'chart', 'written-pattern', 'cropped', 'in-the-round']",24.0,4.0,True,4.0,,pullover,Sport,17,4.5,"1 (2, 3, 4) (5, 6, 7) ","[{'id': 117475922, 'sort_order': 1, 'user_id': 223096, 'x_offset': -3, 'y_offset': 0, 'square_url': 'https://images4-f.ravelrycache.com/uploads/calmt/892458038/Leaves4__2__square.jpg', 'medium_url': 'https://images4-g.ravelrycache.com/uploads/calmt/892458038/Leaves4__2__medium.jpg', 'thumbnail_url': 'https://images4-f.ravelrycache.com/uploads/calmt/892458038/Leaves4__2__thumbnail.jpg', 'small_url': 'https://images4-f.ravelrycache.com/uploads/calmt/892458038/Leaves4__2__small_best_fit.jpg', 'flickr_url': None, 'shelved_url': 'https://images4-g.ravelrycache.com/uploads/calmt/892458038/Leaves4__2__shelved.jpg', 'medium2_url': 'https://images4-a.ravelrycache.com/uploads/calmt/892458038/Leaves4__2__medium2.jpg', 'small2_url': 'https://images4-f.ravelrycache.com/uploads/calmt/892458038/Leaves4__2__small2.jpg', 'caption': None, 'caption_html': None, 'copyright_holder': None}, {'id': 117475923, 'sort_order': 2, 'user_id': 223096, 'x_offset': 0, 'y_offset': -1, 'square_url': 'https://images4-g.ravelrycache.com/uploads/calmt/892457942/Leaves2__2__square.jpg', 'medium_url': 'https://images4-f.ravelrycache.com/uploads/calmt/892457942/Leaves2__2__medium.jpg', 'thumbnail_url': 'https://images4-f.ravelrycache.com/uploads/calmt/892457942/Leaves2__2__thumbnail.jpg', 'small_url': 'https://images4-g.ravelrycache.com/uploads/calmt/892457942/Leaves2__2__small_best_fit.jpg', 'flickr_url': None, 'shelved_url': 'https://images4-g.ravelrycache.com/uploads/calmt/892457942/Leaves2__2__shelved.jpg', 'medium2_url': 'https://images4-a.ravelrycache.com/uploads/calmt/892457942/Leaves2__2__medium2.jpg', 'small2_url': 'https://images4-g.ravelrycache.com/uploads/calmt/892457942/Leaves2__2__small2.jpg', 'caption': None, 'caption_html': None, 'copyright_holder': None}, {'id': 117475924, 'sort_order': 3, 'user_id': 223096, 'x_offset': -5, 'y_offset': -35, 'square_url': 'https://images4-f.ravelrycache.com/uploads/calmt/892457903/Leaves5_square.jpg', 'medium_url': 'https://images4-g.ravelrycache.com/uploads/calmt/892457903/Leaves5_medium.jpg', 'thumbnail_url': 'https://images4-g.ravelrycache.com/uploads/calmt/892457903/Leaves5_thumbnail.jpg', 'small_url': 'https://images4-g.ravelrycache.com/uploads/calmt/892457903/Leaves5_small.jpg', 'flickr_url': None, 'shelved_url': 'https://images4-f.ravelrycache.com/uploads/calmt/892457903/Leaves5_shelved.jpg', 'medium2_url': 'https://images4-a.ravelrycache.com/uploads/calmt/892457903/Leaves5_medium2.jpg', 'small2_url': 'https://images4-f.ravelrycache.com/uploads/calmt/892457903/Leaves5_small2.jpg', 'caption': None, 'caption_html': None, 'copyright_holder': None}]"
Braemar Sweater,Cheryl Mokhtari,1295727,https://www.ravelry.com/patterns/library/braemar-sweater,False,https://images4-a.ravelrycache.com/uploads/cocoamourknitwear/892669577/IMG_5915_medium2.jpg,Knitting,"['female', 'adult', 'oversized', 'textured', 'v-neck', 'top-down', 'positive-ease', 'written-pattern', 'stripes-colorwork']",25.0,0.0,True,4.0,in pattern,pullover,Fingering,12,5.0,XS (S) M (L) XL (XXL),"[{'id': 117479232, 'sort_order': 1, 'user_id': 10930909, 'x_offset': -2, 'y_offset': 0, 'square_url': 'https://images4-f.ravelrycache.com/uploads/cocoamourknitwear/892669577/IMG_5915_square.jpg', 'medium_url': 'https://images4-g.ravelrycache.com/uploads/cocoamourknitwear/892669577/IMG_5915_medium.jpg', 'thumbnail_url': 'https://images4-f.ravelrycache.com/uploads/cocoamourknitwear/892669577/IMG_5915_thumbnail.jpg', 'small_url': 'https://images4-g.ravelrycache.com/uploads/cocoamourknitwear/892669577/IMG_5915_small_best_fit.jpg', 'flickr_url': None, 'shelved_url': 'https://images4-g.ravelrycache.com/uploads/cocoamourknitwear/892669577/IMG_5915_shelved.jpg', 'medium2_url': 'https://images4-a.ravelrycache.com/uploads/cocoamourknitwear/892669577/IMG_5915_medium2.jpg', 'small2_url': 'https://images4-f.ravelrycache.com/uploads/cocoamourknitwear/892669577/IMG_5915_small2.jpg', 'caption': None, 'caption_html': None, 'copyright_holder': None}, {'id': 117479233, 'sort_order': 2, 'user_id': 10930909, 'x_offset': -5, 'y_offset': -35, 'square_url': 'https://images4-g.ravelrycache.com/uploads/cocoamourknitwear/892669548/IMG_5914_square.jpg', 'medium_url': 'https://images4-f.ravelrycache.com/uploads/cocoamourknitwear/892669548/IMG_5914_medium.jpg', 'thumbnail_url': 'https://images4-g.ravelrycache.com/uploads/cocoamourknitwear/892669548/IMG_5914_thumbnail.jpg', 'small_url': 'https://images4-g.ravelrycache.com/uploads/cocoamourknitwear/892669548/IMG_5914_small.jpg', 'flickr_url': None, 'shelved_url': 'https://images4-g.ravelrycache.com/uploads/cocoamourknitwear/892669548/IMG_5914_shelved.jpg', 'medium2_url': 'https://images4-a.ravelrycache.com/uploads/cocoamourknitwear/892669548/IMG_5914_medium2.jpg', 'small2_url': 'https://images4-g.ravelrycache.com/uploads/cocoamourknitwear/892669548/IMG_5914_small2.jpg', 'caption': None, 'caption_html': None, 'copyright_holder': None}, {'id': 117479234, 'sort_order': 3, 'user_id': 10930909, 'x_offset': 0, 'y_offset': -14, 'square_url': 'https://images4-g.ravelrycache.com/uploads/cocoamourknitwear/892669661/IMG_5923_square.jpg', 'medium_url': 'https://images4-f.ravelrycache.com/uploads/cocoamourknitwear/892669661/IMG_5923_medium.jpg', 'thumbnail_url': 'https://images4-g.ravelrycache.com/uploads/cocoamourknitwear/892669661/IMG_5923_thumbnail.jpg', 'small_url': 'https://images4-g.ravelrycache.com/uploads/cocoamourknitwear/892669661/IMG_5923_small_best_fit.jpg', 'flickr_url': None, 'shelved_url': 'https://images4-f.ravelrycache.com/uploads/cocoamourknitwear/892669661/IMG_5923_shelved.jpg', 'medium2_url': 'https://images4-a.ravelrycache.com/uploads/cocoamourknitwear/892669661/IMG_5923_medium2.jpg', 'small2_url': 'https://images4-g.ravelrycache.com/uploads/cocoamourknitwear/892669661/IMG_5923_small2.jpg', 'caption': None, 'caption_html': None, 'copyright_holder': None}, {'id': 117479235, 'sort_order': 4, 'user_id': 10930909, 'x_offset': 0, 'y_offset': -16, 'square_url': 'https://images4-g.ravelrycache.com/uploads/cocoamourknitwear/892669781/IMG_5924_square.jpg', 'medium_url': 'https://images4-f.ravelrycache.com/uploads/cocoamourknitwear/892669781/IMG_5924_medium.jpg', 'thumbnail_url': 'https://images4-g.ravelrycache.com/uploads/cocoamourknitwear/892669781/IMG_5924_thumbnail.jpg', 'small_url': 'https://images4-g.ravelrycache.com/uploads/cocoamourknitwear/892669781/IMG_5924_small_best_fit.jpg', 'flickr_url': None, 'shelved_url': 'https://images4-f.ravelrycache.com/uploads/cocoamourknitwear/892669781/IMG_5924_shelved.jpg', 'medium2_url': 'https://images4-a.ravelrycache.com/uploads/cocoamourknitwear/892669781/IMG_5924_medium2.jpg', 'small2_url': 'https://images4-g.ravelrycache.com/uploads/cocoamourknitwear/892669781/IMG_5924_small2.jpg', 'caption': None, 'caption_html': None, 'copyright_holder': None}, {'id': 117479236, 'sort_order': 5, 'user_id': 10930909, 'x_offset': 0, 'y_offset': 0, 'square_url': 'https://images4-f.ravelrycache.com/uploads/cocoamourknitwear/892669496/IMG_4355_square.jpg', 'medium_url': 'https://images4-g.ravelrycache.com/uploads/cocoamourknitwear/892669496/IMG_4355_medium.jpg', 'thumbnail_url': 'https://images4-g.ravelrycache.com/uploads/cocoamourknitwear/892669496/IMG_4355_thumbnail.jpg', 'small_url': 'https://images4-g.ravelrycache.com/uploads/cocoamourknitwear/892669496/IMG_4355_small_best_fit.jpg', 'flickr_url': None, 'shelved_url': 'https://images4-g.ravelrycache.com/uploads/cocoamourknitwear/892669496/IMG_4355_shelved.jpg', 'medium2_url': 'https://images4-a.ravelrycache.com/uploads/cocoamourknitwear/892669496/IMG_4355_medium2.jpg', 'small2_url': 'https://images4-f.ravelrycache.com/uploads/cocoamourknitwear/892669496/IMG_4355_small2.jpg', 'caption': None, 'caption_html': None, 'copyright_holder': None}, {'id': 117479237, 'sort_order': 6, 'user_id': 10930909, 'x_offset': 1, 'y_offset': -4, 'square_url': 'https://images4-g.ravelrycache.com/uploads/cocoamourknitwear/892669513/IMG_4284_square.jpg', 'medium_url': 'https://images4-f.ravelrycache.com/uploads/cocoamourknitwear/892669513/IMG_4284_medium.jpg', 'thumbnail_url': 'https://images4-f.ravelrycache.com/uploads/cocoamourknitwear/892669513/IMG_4284_thumbnail.jpg', 'small_url': 'https://images4-g.ravelrycache.com/uploads/cocoamourknitwear/892669513/IMG_4284_small_best_fit.jpg', 'flickr_url': None, 'shelved_url': 'https://images4-g.ravelrycache.com/uploads/cocoamourknitwear/892669513/IMG_4284_shelved.jpg', 'medium2_url': 'https://images4-a.ravelrycache.com/uploads/cocoamourknitwear/892669513/IMG_4284_medium2.jpg', 'small2_url': 'https://images4-g.ravelrycache.com/uploads/cocoamourknitwear/892669513/IMG_4284_small2.jpg', 'caption': None, 'caption_html': None, 'copyright_holder': None}, {'id': 117482753, 'sort_order': 7, 'user_id': 10930909, 'x_offset': 0, 'y_offset': 0, 'square_url': 'https://images4-g.ravelrycache.com/uploads/cocoamourknitwear/892698898/IMG_4377_square.jpg', 'medium_url': 'https://images4-f.ravelrycache.com/uploads/cocoamourknitwear/892698898/IMG_4377_medium.jpg', 'thumbnail_url': 'https://images4-g.ravelrycache.com/uploads/cocoamourknitwear/892698898/IMG_4377_thumbnail.jpg', 'small_url': 'https://images4-g.ravelrycache.com/uploads/cocoamourknitwear/892698898/IMG_4377_small_best_fit.jpg', 'flickr_url': None, 'shelved_url': 'https://images4-g.ravelrycache.com/uploads/cocoamourknitwear/892698898/IMG_4377_shelved.jpg', 'medium2_url': 'https://images4-a.ravelrycache.com/uploads/cocoamourknitwear/892698898/IMG_4377_medium2.jpg', 'small2_url': 'https://images4-g.ravelrycache.com/uploads/cocoamourknitwear/892698898/IMG_4377_small2.jpg', 'caption': None, 'caption_html': None, 'copyright_holder': None}]"
Madeira2,Emilie Luis,1295785,https://www.ravelry.com/patterns/library/madeira2,False,https://images4-a.ravelrycache.com/uploads/AtelierEmilie/886347473/IMG_8439_medium2.JPG,Knitting,"['teen', 'adult', 'one-piece', 'seamless', 'short-rows', 'bottom-up', 'positive-ease', 'chart', 'worked-flat', 'in-the-round', 'three-needle-bind']",18.0,5.0,True,4.0,,pullover,Worsted,24,4.6,1 (2 - 3) 4 (5 - 6) 7 (8 - 9) ,"[{'id': 117483627, 'sort_order': 1, 'user_id': 277008, 'x_offset': -5, 'y_offset': -72, 'square_url': 'https://images4-f.ravelrycache.com/uploads/AtelierEmilie/886347473/IMG_8439_square.JPG', 'medium_url': 'https://images4-g.ravelrycache.com/uploads/AtelierEmilie/886347473/IMG_8439_medium.JPG', 'thumbnail_url': 'https://images4-g.ravelrycache.com/uploads/AtelierEmilie/886347473/IMG_8439_thumbnail.JPG', 'small_url': 'https://images4-g.ravelrycache.com/uploads/AtelierEmilie/886347473/IMG_8439_small.JPG', 'flickr_url': None, 'shelved_url': 'https://images4-f.ravelrycache.com/uploads/AtelierEmilie/886347473/IMG_8439_shelved.JPG', 'medium2_url': 'https://images4-a.ravelrycache.com/uploads/AtelierEmilie/886347473/IMG_8439_medium2.JPG', 'small2_url': 'https://images4-f.ravelrycache.com/uploads/AtelierEmilie/886347473/IMG_8439_small2.JPG', 'caption': None, 'caption_html': None, 'copyright_holder': None}, {'id': 117483628, 'sort_order': 2, 'user_id': 277008, 'x_offset': -4, 'y_offset': -24, 'square_url': 'https://images4-g.ravelrycache.com/uploads/AtelierEmilie/886347463/IMG_8444_square.JPG', 'medium_url': 'https://images4-f.ravelrycache.com/uploads/AtelierEmilie/886347463/IMG_8444_medium.JPG', 'thumbnail_url': 'https://images4-g.ravelrycache.com/uploads/AtelierEmilie/886347463/IMG_8444_thumbnail.JPG', 'small_url': 'https://images4-f.ravelrycache.com/uploads/AtelierEmilie/886347463/IMG_8444_small.JPG', 'flickr_url': None, 'shelved_url': 'https://images4-g.ravelrycache.com/uploads/AtelierEmilie/886347463/IMG_8444_shelved.JPG', 'medium2_url': 'https://images4-a.ravelrycache.com/uploads/AtelierEmilie/886347463/IMG_8444_medium2.JPG', 'small2_url': 'https://images4-g.ravelrycache.com/uploads/AtelierEmilie/886347463/IMG_8444_small2.JPG', 'caption': None, 'caption_html': None, 'copyright_holder': None}, {'id': 117483629, 'sort_order': 3, 'user_id': 277008, 'x_offset': -5, 'y_offset': -35, 'square_url': 'https://images4-g.ravelrycache.com/uploads/AtelierEmilie/886347470/IMG_8446_square.JPG', 'medium_url': 'https://images4-f.ravelrycache.com/uploads/AtelierEmilie/886347470/IMG_8446_medium.JPG', 'thumbnail_url': 'https://images4-g.ravelrycache.com/uploads/AtelierEmilie/886347470/IMG_8446_thumbnail.JPG', 'small_url': 'https://images4-g.ravelrycache.com/uploads/AtelierEmilie/886347470/IMG_8446_small.JPG', 'flickr_url': None, 'shelved_url': 'https://images4-g.ravelrycache.com/uploads/AtelierEmilie/886347470/IMG_8446_shelved.JPG', 'medium2_url': 'https://images4-a.ravelrycache.com/uploads/AtelierEmilie/886347470/IMG_8446_medium2.JPG', 'small2_url': 'https://images4-g.ravelrycache.com/uploads/AtelierEmilie/886347470/IMG_8446_small2.JPG', 'caption': None, 'caption_html': None, 'copyright_holder': None}, {'id': 117483630, 'sort_order': 4, 'user_id': 277008, 'x_offset': -5, 'y_offset': -35, 'square_url': 'https://images4-f.ravelrycache.com/uploads/AtelierEmilie/886347475/IMG_8458_square.JPG', 'medium_url': 'https://images4-g.ravelrycache.com/uploads/AtelierEmilie/886347475/IMG_8458_medium.JPG', 'thumbnail_url': 'https://images4-g.ravelrycache.com/uploads/AtelierEmilie/886347475/IMG_8458_thumbnail.JPG', 'small_url': 'https://images4-f.ravelrycache.com/uploads/AtelierEmilie/886347475/IMG_8458_small.JPG', 'flickr_url': None, 'shelved_url': 'https://images4-f.ravelrycache.com/uploads/AtelierEmilie/886347475/IMG_8458_shelved.JPG', 'medium2_url': 'https://images4-a.ravelrycache.com/uploads/AtelierEmilie/886347475/IMG_8458_medium2.JPG', 'small2_url': 'https://images4-f.ravelrycache.com/uploads/AtelierEmilie/886347475/IMG_8458_small2.JPG', 'caption': None, 'caption_html': None, 'copyright_holder': None}, {'id': 117483631, 'sort_order': 5, 'user_id': 277008, 'x_offset': -5, 'y_offset': -35, 'square_url': 'https://images4-f.ravelrycache.com/uploads/AtelierEmilie/886347462/IMG_8361_square.JPG', 'medium_url': 'https://images4-g.ravelrycache.com/uploads/AtelierEmilie/886347462/IMG_8361_medium.JPG', 'thumbnail_url': 'https://images4-g.ravelrycache.com/uploads/AtelierEmilie/886347462/IMG_8361_thumbnail.JPG', 'small_url': 'https://images4-f.ravelrycache.com/uploads/AtelierEmilie/886347462/IMG_8361_small.JPG', 'flickr_url': None, 'shelved_url': 'https://images4-g.ravelrycache.com/uploads/AtelierEmilie/886347462/IMG_8361_shelved.JPG', 'medium2_url': 'https://images4-a.ravelrycache.com/uploads/AtelierEmilie/886347462/IMG_8361_medium2.JPG', 'small2_url': 'https://images4-f.ravelrycache.com/uploads/AtelierEmilie/886347462/IMG_8361_small2.JPG', 'caption': None, 'caption_html': None, 'copyright_holder': None}, {'id': 117483632, 'sort_order': 6, 'user_id': 277008, 'x_offset': -5, 'y_offset': -35, 'square_url': 'https://images4-f.ravelrycache.com/uploads/AtelierEmilie/886347469/IMG_8370_square.JPG', 'medium_url': 'https://images4-g.ravelrycache.com/uploads/AtelierEmilie/886347469/IMG_8370_medium.JPG', 'thumbnail_url': 'https://images4-g.ravelrycache.com/uploads/AtelierEmilie/886347469/IMG_8370_thumbnail.JPG', 'small_url': 'https://images4-f.ravelrycache.com/uploads/AtelierEmilie/886347469/IMG_8370_small.JPG', 'flickr_url': None, 'shelved_url': 'https://images4-g.ravelrycache.com/uploads/AtelierEmilie/886347469/IMG_8370_shelved.JPG', 'medium2_url': 'https://images4-a.ravelrycache.com/uploads/AtelierEmilie/886347469/IMG_8370_medium2.JPG', 'small2_url': 'https://images4-f.ravelrycache.com/uploads/AtelierEmilie/886347469/IMG_8370_small2.JPG', 'caption': None, 'caption_html': None, 'copyright_holder': None}, {'id': 117483633, 'sort_order': 7, 'user_id': 277008, 'x_offset': -5, 'y_offset': -35, 'square_url': 'https://images4-g.ravelrycache.com/uploads/AtelierEmilie/886347461/IMG_8377_square.JPG', 'medium_url': 'https://images4-f.ravelrycache.com/uploads/AtelierEmilie/886347461/IMG_8377_medium.JPG', 'thumbnail_url': 'https://images4-g.ravelrycache.com/uploads/AtelierEmilie/886347461/IMG_8377_thumbnail.JPG', 'small_url': 'https://images4-g.ravelrycache.com/uploads/AtelierEmilie/886347461/IMG_8377_small.JPG', 'flickr_url': None, 'shelved_url': 'https://images4-g.ravelrycache.com/uploads/AtelierEmilie/886347461/IMG_8377_shelved.JPG', 'medium2_url': 'https://images4-a.ravelrycache.com/uploads/AtelierEmilie/886347461/IMG_8377_medium2.JPG', 'small2_url': 'https://images4-g.ravelrycache.com/uploads/AtelierEmilie/886347461/IMG_8377_small2.JPG', 'caption': None, 'caption_html': None, 'copyright_holder': None}, {'id': 117483634, 'sort_order': 8, 'user_id': 277008, 'x_offset': -5, 'y_offset': -31, 'square_url': 'https://images4-f.ravelrycache.com/uploads/AtelierEmilie/881128408/IMG_7442_square.JPG', 'medium_url': 'https://images4-g.ravelrycache.com/uploads/AtelierEmilie/881128408/IMG_7442_medium.JPG', 'thumbnail_url': 'https://images4-g.ravelrycache.com/uploads/AtelierEmilie/881128408/IMG_7442_thumbnail.JPG', 'small_url': 'https://images4-f.ravelrycache.com/uploads/AtelierEmilie/881128408/IMG_7442_small.JPG', 'flickr_url': None, 'shelved_url': 'https://images4-f.ravelrycache.com/uploads/AtelierEmilie/881128408/IMG_7442_shelved.JPG', 'medium2_url': 'https://images4-a.ravelrycache.com/uploads/AtelierEmilie/881128408/IMG_7442_medium2.JPG', 'small2_url': 'https://images4-f.ravelrycache.com/uploads/AtelierEmilie/881128408/IMG_7442_small2.JPG', 'caption': None, 'caption_html': None, 'copyright_holder': None}, {'id': 117483635, 'sort_order': 9, 'user_id': 277008, 'x_offset': -5, 'y_offset': -41, 'square_url': 'https://images4-f.ravelrycache.com/uploads/AtelierEmilie/881128420/IMG_7475_square.JPG', 'medium_url': 'https://images4-g.ravelrycache.com/uploads/AtelierEmilie/881128420/IMG_7475_medium.JPG', 'thumbnail_url': 'https://images4-g.ravelrycache.com/uploads/AtelierEmilie/881128420/IMG_7475_thumbnail.JPG', 'small_url': 'https://images4-f.ravelrycache.com/uploads/AtelierEmilie/881128420/IMG_7475_small.JPG', 'flickr_url': None, 'shelved_url': 'https://images4-g.ravelrycache.com/uploads/AtelierEmilie/881128420/IMG_7475_shelved.JPG', 'medium2_url': 'https://images4-a.ravelrycache.com/uploads/AtelierEmilie/881128420/IMG_7475_medium2.JPG', 'small2_url': 'https://images4-f.ravelrycache.com/uploads/AtelierEmilie/881128420/IMG_7475_small2.JPG', 'caption': None, 'caption_html': None, 'copyright_holder': None}, {'id': 117483636, 'sort_order': 10, 'user_id': 277008, 'x_offset': -5, 'y_offset': -35, 'square_url': 'https://images4-g.ravelrycache.com/uploads/AtelierEmilie/881128412/IMG_6661_square.JPG', 'medium_url': 'https://images4-f.ravelrycache.com/uploads/AtelierEmilie/881128412/IMG_6661_medium.JPG', 'thumbnail_url': 'https://images4-g.ravelrycache.com/uploads/AtelierEmilie/881128412/IMG_6661_thumbnail.JPG', 'small_url': 'https://images4-f.ravelrycache.com/uploads/AtelierEmilie/881128412/IMG_6661_small.JPG', 'flickr_url': None, 'shelved_url': 'https://images4-f.ravelrycache.com/uploads/AtelierEmilie/881128412/IMG_6661_shelved.JPG', 'medium2_url': 'https://images4-a.ravelrycache.com/uploads/AtelierEmilie/881128412/IMG_6661_medium2.JPG', 'small2_url': 'https://images4-g.ravelrycache.com/uploads/AtelierEmilie/881128412/IMG_6661_small2.JPG', 'caption': None, 'caption_html': None, 'copyright_holder': None}, {'id': 117483637, 'sort_order': 11, 'user_id': 277008, 'x_offset': 0, 'y_offset': -22, 'square_url': 'https://images4-g.ravelrycache.com/uploads/AtelierEmilie/881128407/83E1353F-045C-4914-B30E-E277F27A71E3_square.jpg', 'medium_url': 'https://images4-f.ravelrycache.com/uploads/AtelierEmilie/881128407/83E1353F-045C-4914-B30E-E277F27A71E3_medium.jpg', 'thumbnail_url': 'https://images4-f.ravelrycache.com/uploads/AtelierEmilie/881128407/83E1353F-045C-4914-B30E-E277F27A71E3_thumbnail.jpg', 'small_url': 'https://images4-g.ravelrycache.com/uploads/AtelierEmilie/881128407/83E1353F-045C-4914-B30E-E277F27A71E3_small_best_fit.jpg', 'flickr_url': None, 'shelved_url': 'https://images4-g.ravelrycache.com/uploads/AtelierEmilie/881128407/83E1353F-045C-4914-B30E-E277F27A71E3_shelved.jpg', 'medium2_url': 'https://images4-a.ravelrycache.com/uploads/AtelierEmilie/881128407/83E1353F-045C-4914-B30E-E277F27A71E3_medium2.jpg', 'small2_url': 'https://images4-g.ravelrycache.com/uploads/AtelierEmilie/881128407/83E1353F-045C-4914-B30E-E277F27A71E3_small2.jpg', 'caption': None, 'caption_html': None, 'copyright_holder': None}, {'id': 117483638, 'sort_order': 12, 'user_id': 277008, 'x_offset': -5, 'y_offset': -35, 'square_url': 'https://images4-f.ravelrycache.com/uploads/AtelierEmilie/881128414/IMG_6662_square.JPG', 'medium_url': 'https://images4-g.ravelrycache.com/uploads/AtelierEmilie/881128414/IMG_6662_medium.JPG', 'thumbnail_url': 'https://images4-f.ravelrycache.com/uploads/AtelierEmilie/881128414/IMG_6662_thumbnail.JPG', 'small_url': 'https://images4-f.ravelrycache.com/uploads/AtelierEmilie/881128414/IMG_6662_small.JPG', 'flickr_url': None, 'shelved_url': 'https://images4-g.ravelrycache.com/uploads/AtelierEmilie/881128414/IMG_6662_shelved.JPG', 'medium2_url': 'https://images4-a.ravelrycache.com/uploads/AtelierEmilie/881128414/IMG_6662_medium2.JPG', 'small2_url': 'https://images4-f.ravelrycache.com/uploads/AtelierEmilie/881128414/IMG_6662_small2.JPG', 'caption': None, 'caption_html': None, 'copyright_holder': None}, {'id': 117483639, 'sort_order': 13, 'user_id': 277008, 'x_offset': -5, 'y_offset': -35, 'square_url': 'https://images4-f.ravelrycache.com/uploads/AtelierEmilie/881128406/IMG_7432_square.JPG', 'medium_url': 'https://images4-g.ravelrycache.com/uploads/AtelierEmilie/881128406/IMG_7432_medium.JPG', 'thumbnail_url': 'https://images4-g.ravelrycache.com/uploads/AtelierEmilie/881128406/IMG_7432_thumbnail.JPG', 'small_url': 'https://images4-f.ravelrycache.com/uploads/AtelierEmilie/881128406/IMG_7432_small.JPG', 'flickr_url': None, 'shelved_url': 'https://images4-f.ravelrycache.com/uploads/AtelierEmilie/881128406/IMG_7432_shelved.JPG', 'medium2_url': 'https://images4-a.ravelrycache.com/uploads/AtelierEmilie/881128406/IMG_7432_medium2.JPG', 'small2_url': 'https://images4-f.ravelrycache.com/uploads/AtelierEmilie/881128406/IMG_7432_small2.JPG', 'caption': None, 'caption_html': None, 'copyright_holder': None}, {'id': 117483640, 'sort_order': 14, 'user_id': 277008, 'x_offset': -5, 'y_offset': -35, 'square_url': 'https://images4-f.ravelrycache.com/uploads/AtelierEmilie/881128410/IMG_7450_square.JPG', 'medium_url': 'https://images4-g.ravelrycache.com/uploads/AtelierEmilie/881128410/IMG_7450_medium.JPG', 'thumbnail_url': 'https://images4-g.ravelrycache.com/uploads/AtelierEmilie/881128410/IMG_7450_thumbnail.JPG', 'small_url': 'https://images4-g.ravelrycache.com/uploads/AtelierEmilie/881128410/IMG_7450_small.JPG', 'flickr_url': None, 'shelved_url': 'https://images4-g.ravelrycache.com/uploads/AtelierEmilie/881128410/IMG_7450_shelved.JPG', 'medium2_url': 'https://images4-a.ravelrycache.com/uploads/AtelierEmilie/881128410/IMG_7450_medium2.JPG', 'small2_url': 'https://images4-f.ravelrycache.com/uploads/AtelierEmilie/881128410/IMG_7450_small2.JPG', 'caption': None, 'caption_html': None, 'copyright_holder': None}, {'id': 117483641, 'sort_order': 15, 'user_id': 277008, 'x_offset': -5, 'y_offset': -35, 'square_url': 'https://images4-g.ravelrycache.com/uploads/AtelierEmilie/881128405/IMG_6298_square.JPG', 'medium_url': 'https://images4-f.ravelrycache.com/uploads/AtelierEmilie/881128405/IMG_6298_medium.JPG', 'thumbnail_url': 'https://images4-g.ravelrycache.com/uploads/AtelierEmilie/881128405/IMG_6298_thumbnail.JPG', 'small_url': 'https://images4-f.ravelrycache.com/uploads/AtelierEmilie/881128405/IMG_6298_small.JPG', 'flickr_url': None, 'shelved_url': 'https://images4-g.ravelrycache.com/uploads/AtelierEmilie/881128405/IMG_6298_shelved.JPG', 'medium2_url': 'https://images4-a.ravelrycache.com/uploads/AtelierEmilie/881128405/IMG_6298_medium2.JPG', 'small2_url': 'https://images4-g.ravelrycache.com/uploads/AtelierEmilie/881128405/IMG_6298_small2.JPG', 'caption': None, 'caption_html': None, 'copyright_holder': None}]"
Vestur,Védís Jónsdóttir for Ístex,1295949,https://www.ravelry.com/patterns/library/vestur,False,https://images4-a.ravelrycache.com/uploads/annamargret5/892854180/L41_06_Vestur2_medium2.jpg,Knitting,"['female', 'adult', 'stranded', 'bottom-up', 'icelandic', 'chart', 'written-pattern', 'circular-yoke']",13.0,0.0,True,4.0,St st,pullover,Bulky,7,0.0,XS - 2XL,"[{'id': 117501890, 'sort_order': 1, 'user_id': 3410992, 'x_offset': 0, 'y_offset': -16, 'square_url': 'https://images4-f.ravelrycache.com/uploads/annamargret5/892854180/L41_06_Vestur2_square.jpg', 'medium_url': 'https://images4-g.ravelrycache.com/uploads/annamargret5/892854180/L41_06_Vestur2_medium.jpg', 'thumbnail_url': 'https://images4-g.ravelrycache.com/uploads/annamargret5/892854180/L41_06_Vestur2_thumbnail.jpg', 'small_url': 'https://images4-f.ravelrycache.com/uploads/annamargret5/892854180/L41_06_Vestur2_small.jpg', 'flickr_url': None, 'shelved_url': 'https://images4-f.ravelrycache.com/uploads/annamargret5/892854180/L41_06_Vestur2_shelved.jpg', 'medium2_url': 'https://images4-a.ravelrycache.com/uploads/annamargret5/892854180/L41_06_Vestur2_medium2.jpg', 'small2_url': 'https://images4-f.ravelrycache.com/uploads/annamargret5/892854180/L41_06_Vestur2_small2.jpg', 'caption': None, 'caption_html': None, 'copyright_holder': None}, {'id': 117501891, 'sort_order': 2, 'user_id': 3410992, 'x_offset': -7, 'y_offset': -9, 'square_url': 'https://images4-g.ravelrycache.com/uploads/annamargret5/892854176/L41_06_Vestur_square.jpg', 'medium_url': 'https://images4-f.ravelrycache.com/uploads/annamargret5/892854176/L41_06_Vestur_medium.jpg', 'thumbnail_url': 'https://images4-g.ravelrycache.com/uploads/annamargret5/892854176/L41_06_Vestur_thumbnail.jpg', 'small_url': 'https://images4-g.ravelrycache.com/uploads/annamargret5/892854176/L41_06_Vestur_small.jpg', 'flickr_url': None, 'shelved_url': 'https://images4-f.ravelrycache.com/uploads/annamargret5/892854176/L41_06_Vestur_shelved.jpg', 'medium2_url': 'https://images4-a.ravelrycache.com/uploads/annamargret5/892854176/L41_06_Vestur_medium2.jpg', 'small2_url': 'https://images4-g.ravelrycache.com/uploads/annamargret5/892854176/L41_06_Vestur_small2.jpg', 'caption': None, 'caption_html': None, 'copyright_holder': None}]"
Ljósaskipti,Védís Jónsdóttir for Ístex,1295954,https://www.ravelry.com/patterns/library/ljosaskipti,False,https://images4-a.ravelrycache.com/uploads/annamargret5/892856720/L41_13_Ljosaskipti_medium2.jpg,Knitting,"['female', 'adult', 'stranded', 'bottom-up', 'icelandic', 'chart', 'written-pattern', 'circular-yoke']",13.0,3.3333333333333335,True,4.0,St st,pullover,Bulky,16,5.0,S - XL,"[{'id': 117502203, 'sort_order': 1, 'user_id': 3410992, 'x_offset': -3, 'y_offset': -15, 'square_url': 'https://images4-g.ravelrycache.com/uploads/annamargret5/892856720/L41_13_Ljosaskipti_square.jpg', 'medium_url': 'https://images4-f.ravelrycache.com/uploads/annamargret5/892856720/L41_13_Ljosaskipti_medium.jpg', 'thumbnail_url': 'https://images4-g.ravelrycache.com/uploads/annamargret5/892856720/L41_13_Ljosaskipti_thumbnail.jpg', 'small_url': 'https://images4-g.ravelrycache.com/uploads/annamargret5/892856720/L41_13_Ljosaskipti_small.jpg', 'flickr_url': None, 'shelved_url': 'https://images4-g.ravelrycache.com/uploads/annamargret5/892856720/L41_13_Ljosaskipti_shelved.jpg', 'medium2_url': 'https://images4-a.ravelrycache.com/uploads/annamargret5/892856720/L41_13_Ljosaskipti_medium2.jpg', 'small2_url': 'https://images4-g.ravelrycache.com/uploads/annamargret5/892856720/L41_13_Ljosaskipti_small2.jpg', 'caption': None, 'caption_html': None, 'copyright_holder': None}, {'id': 117502204, 'sort_order': 2, 'user_id': 3410992, 'x_offset': -5, 'y_offset': -20, 'square_url': 'https://images4-g.ravelrycache.com/uploads/annamargret5/892856719/L41_13_Ljosaskipti2_square.jpg', 'medium_url': 'https://images4-f.ravelrycache.com/uploads/annamargret5/892856719/L41_13_Ljosaskipti2_medium.jpg', 'thumbnail_url': 'https://images4-g.ravelrycache.com/uploads/annamargret5/892856719/L41_13_Ljosaskipti2_thumbnail.jpg', 'small_url': 'https://images4-f.ravelrycache.com/uploads/annamargret5/892856719/L41_13_Ljosaskipti2_small.jpg', 'flickr_url': None, 'shelved_url': 'https://images4-g.ravelrycache.com/uploads/annamargret5/892856719/L41_13_Ljosaskipti2_shelved.jpg', 'medium2_url': 'https://images4-a.ravelrycache.com/uploads/annamargret5/892856719/L41_13_Ljosaskipti2_medium2.jpg', 'small2_url': 'https://images4-g.ravelrycache.com/uploads/annamargret5/892856719/L41_13_Ljosaskipti2_small2.jpg', 'caption': None, 'caption_html': None, 'copyright_holder': None}]"
Mini Melty sweater,Trust the mojo,1296153,https://www.ravelry.com/patterns/library/mini-melty-sweater,False,https://images4-a.ravelrycache.com/uploads/TrustTheMojo/893023011/IMG_7863_medium2.jpg,Knitting,"['unisex', 'baby', 'toddler', 'child', 'fitted', 'one-piece', 'seamless', 'short-rows', 'top-down', 'in-the-round']",12.0,0.0,True,4.0,stockinette stitch,child,Super Bulky,10,0.0,8/12 months (1/2 - 2/3 - 3/4 - 4/5 - 5/6 - 6/7 - 7/8 - 8/9 - 9/10 - 10/12) years,"[{'id': 117522790, 'sort_order': 1, 'user_id': 6288887, 'x_offset': 0, 'y_offset': -20, 'square_url': 'https://images4-f.ravelrycache.com/uploads/TrustTheMojo/893023011/IMG_7863_square.jpg', 'medium_url': 'https://images4-g.ravelrycache.com/uploads/TrustTheMojo/893023011/IMG_7863_medium.jpg', 'thumbnail_url': 'https://images4-g.ravelrycache.com/uploads/TrustTheMojo/893023011/IMG_7863_thumbnail.jpg', 'small_url': 'https://images4-f.ravelrycache.com/uploads/TrustTheMojo/893023011/IMG_7863_small_best_fit.jpg', 'flickr_url': None, 'shelved_url': 'https://images4-f.ravelrycache.com/uploads/TrustTheMojo/893023011/IMG_7863_shelved.jpg', 'medium2_url': 'https://images4-a.ravelrycache.com/uploads/TrustTheMojo/893023011/IMG_7863_medium2.jpg', 'small2_url': 'https://images4-f.ravelrycache.com/uploads/TrustTheMojo/893023011/IMG_7863_small2.jpg', 'caption': None, 'caption_html': None, 'copyright_holder': None}, {'id': 117522791, 'sort_order': 2, 'user_id': 6288887, 'x_offset': 1, 'y_offset': -20, 'square_url': 'https://images4-g.ravelrycache.com/uploads/TrustTheMojo/893023010/IMG_7862_square.jpg', 'medium_url': 'https://images4-f.ravelrycache.com/uploads/TrustTheMojo/893023010/IMG_7862_medium.jpg', 'thumbnail_url': 'https://images4-g.ravelrycache.com/uploads/TrustTheMojo/893023010/IMG_7862_thumbnail.jpg', 'small_url': 'https://images4-g.ravelrycache.com/uploads/TrustTheMojo/893023010/IMG_7862_small_best_fit.jpg', 'flickr_url': None, 'shelved_url': 'https://images4-g.ravelrycache.com/uploads/TrustTheMojo/893023010/IMG_7862_shelved.jpg', 'medium2_url': 'https://images4-a.ravelrycache.com/uploads/TrustTheMojo/893023010/IMG_7862_medium2.jpg', 'small2_url': 'https://images4-g.ravelrycache.com/uploads/TrustTheMojo/893023010/IMG_7862_small2.jpg', 'caption': None, 'caption_html': None, 'copyright_holder': None}, {'id': 117522792, 'sort_order': 3, 'user_id': 6288887, 'x_offset': 0, 'y_offset': -20, 'square_url': 'https://images4-g.ravelrycache.com/uploads/TrustTheMojo/893023047/IMG_7859_square.jpg', 'medium_url': 'https://images4-f.ravelrycache.com/uploads/TrustTheMojo/893023047/IMG_7859_medium.jpg', 'thumbnail_url': 'https://images4-f.ravelrycache.com/uploads/TrustTheMojo/893023047/IMG_7859_thumbnail.jpg', 'small_url': 'https://images4-f.ravelrycache.com/uploads/TrustTheMojo/893023047/IMG_7859_small_best_fit.jpg', 'flickr_url': None, 'shelved_url': 'https://images4-g.ravelrycache.com/uploads/TrustTheMojo/893023047/IMG_7859_shelved.jpg', 'medium2_url': 'https://images4-a.ravelrycache.com/uploads/TrustTheMojo/893023047/IMG_7859_medium2.jpg', 'small2_url': 'https://images4-g.ravelrycache.com/uploads/TrustTheMojo/893023047/IMG_7859_small2.jpg', 'caption': None, 'caption_html': None, 'copyright_holder': None}, {'id': 117522793, 'sort_order': 4, 'user_id': 6288887, 'x_offset': 0, 'y_offset': -20, 'square_url': 'https://images4-g.ravelrycache.com/uploads/TrustTheMojo/893023045/IMG_7857_square.jpg', 'medium_url': 'https://images4-f.ravelrycache.com/uploads/TrustTheMojo/893023045/IMG_7857_medium.jpg', 'thumbnail_url': 'https://images4-g.ravelrycache.com/uploads/TrustTheMojo/893023045/IMG_7857_thumbnail.jpg', 'small_url': 'https://images4-f.ravelrycache.com/uploads/TrustTheMojo/893023045/IMG_7857_small_best_fit.jpg', 'flickr_url': None, 'shelved_url': 'https://images4-g.ravelrycache.com/uploads/TrustTheMojo/893023045/IMG_7857_shelved.jpg', 'medium2_url': 'https://images4-a.ravelrycache.com/uploads/TrustTheMojo/893023045/IMG_7857_medium2.jpg', 'small2_url': 'https://images4-g.ravelrycache.com/uploads/TrustTheMojo/893023045/IMG_7857_small2.jpg', 'caption': None, 'caption_html': None, 'copyright_holder': None}, {'id': 117522794, 'sort_order': 5, 'user_id': 6288887, 'x_offset': 0, 'y_offset': -20, 'square_url': 'https://images4-f.ravelrycache.com/uploads/TrustTheMojo/893023046/IMG_7860_square.jpg', 'medium_url': 'https://images4-g.ravelrycache.com/uploads/TrustTheMojo/893023046/IMG_7860_medium.jpg', 'thumbnail_url': 'https://images4-g.ravelrycache.com/uploads/TrustTheMojo/893023046/IMG_7860_thumbnail.jpg', 'small_url': 'https://images4-f.ravelrycache.com/uploads/TrustTheMojo/893023046/IMG_7860_small_best_fit.jpg', 'flickr_url': None, 'shelved_url': 'https://images4-g.ravelrycache.com/uploads/TrustTheMojo/893023046/IMG_7860_shelved.jpg', 'medium2_url': 'https://images4-a.ravelrycache.com/uploads/TrustTheMojo/893023046/IMG_7860_medium2.jpg', 'small2_url': 'https://images4-f.ravelrycache.com/uploads/TrustTheMojo/893023046/IMG_7860_small2.jpg', 'caption': None, 'caption_html': None, 'copyright_holder': None}, {'id': 117522795, 'sort_order': 6, 'user_id': 6288887, 'x_offset': 1, 'y_offset': -20, 'square_url': 'https://images4-f.ravelrycache.com/uploads/TrustTheMojo/893023048/IMG_7861_square.jpg', 'medium_url': 'https://images4-g.ravelrycache.com/uploads/TrustTheMojo/893023048/IMG_7861_medium.jpg', 'thumbnail_url': 'https://images4-f.ravelrycache.com/uploads/TrustTheMojo/893023048/IMG_7861_thumbnail.jpg', 'small_url': 'https://images4-g.ravelrycache.com/uploads/TrustTheMojo/893023048/IMG_7861_small_best_fit.jpg', 'flickr_url': None, 'shelved_url': 'https://images4-f.ravelrycache.com/uploads/TrustTheMojo/893023048/IMG_7861_shelved.jpg', 'medium2_url': 'https://images4-a.ravelrycache.com/uploads/TrustTheMojo/893023048/IMG_7861_medium2.jpg', 'small2_url': 'https://images4-f.ravelrycache.com/uploads/TrustTheMojo/893023048/IMG_7861_small2.jpg', 'caption': None, 'caption_html': None, 'copyright_holder': None}, {'id': 117522796, 'sort_order': 7, 'user_id': 6288887, 'x_offset': 0, 'y_offset': -22, 'square_url': 'https://images4-f.ravelrycache.com/uploads/TrustTheMojo/887161373/FD6F657A-9D1F-45A4-98E2-C370550811E9_square.JPG', 'medium_url': 'https://images4-g.ravelrycache.com/uploads/TrustTheMojo/887161373/FD6F657A-9D1F-45A4-98E2-C370550811E9_medium.JPG', 'thumbnail_url': 'https://images4-f.ravelrycache.com/uploads/TrustTheMojo/887161373/FD6F657A-9D1F-45A4-98E2-C370550811E9_thumbnail.JPG', 'small_url': 'https://images4-g.ravelrycache.com/uploads/TrustTheMojo/887161373/FD6F657A-9D1F-45A4-98E2-C370550811E9_small_best_fit.JPG', 'flickr_url': None, 'shelved_url': 'https://images4-g.ravelrycache.com/uploads/TrustTheMojo/887161373/FD6F657A-9D1F-45A4-98E2-C370550811E9_shelved.JPG', 'medium2_url': 'https://images4-a.ravelrycache.com/uploads/TrustTheMojo/887161373/FD6F657A-9D1F-45A4-98E2-C370550811E9_medium2.JPG', 'small2_url': 'https://images4-f.ravelrycache.com/uploads/TrustTheMojo/887161373/FD6F657A-9D1F-45A4-98E2-C370550811E9_small2.JPG', 'caption': None, 'caption_html': None, 'copyright_holder': None}, {'id': 117522797, 'sort_order': 8, 'user_id': 6288887, 'x_offset': 0, 'y_offset': -22, 'square_url': 'https://images4-f.ravelrycache.com/uploads/TrustTheMojo/887161375/12C18389-CED4-45AC-A8A7-95BF9276EA79_square.JPG', 'medium_url': 'https://images4-g.ravelrycache.com/uploads/TrustTheMojo/887161375/12C18389-CED4-45AC-A8A7-95BF9276EA79_medium.JPG', 'thumbnail_url': 'https://images4-f.ravelrycache.com/uploads/TrustTheMojo/887161375/12C18389-CED4-45AC-A8A7-95BF9276EA79_thumbnail.JPG', 'small_url': 'https://images4-f.ravelrycache.com/uploads/TrustTheMojo/887161375/12C18389-CED4-45AC-A8A7-95BF9276EA79_small_best_fit.JPG', 'flickr_url': None, 'shelved_url': 'https://images4-g.ravelrycache.com/uploads/TrustTheMojo/887161375/12C18389-CED4-45AC-A8A7-95BF9276EA79_shelved.JPG', 'medium2_url': 'https://images4-a.ravelrycache.com/uploads/TrustTheMojo/887161375/12C18389-CED4-45AC-A8A7-95BF9276EA79_medium2.JPG', 'small2_url': 'https://images4-f.ravelrycache.com/uploads/TrustTheMojo/887161375/12C18389-CED4-45AC-A8A7-95BF9276EA79_small2.JPG', 'caption': None, 'caption_html': None, 'copyright_holder': None}, {'id': 117522798, 'sort_order': 9, 'user_id': 6288887, 'x_offset': -1, 'y_offset': -22, 'square_url': 'https://images4-g.ravelrycache.com/uploads/TrustTheMojo/887161372/803F821C-8A81-4EBA-BA45-D289BEDB61BB_square.JPG', 'medium_url': 'https://images4-f.ravelrycache.com/uploads/TrustTheMojo/887161372/803F821C-8A81-4EBA-BA45-D289BEDB61BB_medium.JPG', 'thumbnail_url': 'https://images4-g.ravelrycache.com/uploads/TrustTheMojo/887161372/803F821C-8A81-4EBA-BA45-D289BEDB61BB_thumbnail.JPG', 'small_url': 'https://images4-g.ravelrycache.com/uploads/TrustTheMojo/887161372/803F821C-8A81-4EBA-BA45-D289BEDB61BB_small_best_fit.JPG', 'flickr_url': None, 'shelved_url': 'https://images4-g.ravelrycache.com/uploads/TrustTheMojo/887161372/803F821C-8A81-4EBA-BA45-D289BEDB61BB_shelved.JPG', 'medium2_url': 'https://images4-a.ravelrycache.com/uploads/TrustTheMojo/887161372/803F821C-8A81-4EBA-BA45-D289BEDB61BB_medium2.JPG', 'small2_url': 'https://images4-g.ravelrycache.com/uploads/TrustTheMojo/887161372/803F821C-8A81-4EBA-BA45-D289BEDB61BB_small2.JPG', 'caption': None, 'caption_html': None, 'copyright_holder': None}]"
Vlek Basketweave Pullover,Nancy Marchant,1296167,https://www.ravelry.com/patterns/library/vlek-basketweave-pullover,False,https://images4-a.ravelrycache.com/uploads/briocher/893030090/Splotches_front_2_medium2.jpg,Knitting,"['oversized', 'textured', 'seamed', 'Intarsia', 'positive-ease', 'chart', 'worked-flat']",19.0,4.0,True,4.0,Basketweave Stitch Pattern,pullover,DK,11,4.75,Sizes 1-11,"[{'id': 117523711, 'sort_order': 1, 'user_id': 25076, 'x_offset': -3, 'y_offset': -20, 'square_url': 'https://images4-g.ravelrycache.com/uploads/briocher/893030090/Splotches_front_2_square.jpg', 'medium_url': 'https://images4-f.ravelrycache.com/uploads/briocher/893030090/Splotches_front_2_medium.jpg', 'thumbnail_url': 'https://images4-g.ravelrycache.com/uploads/briocher/893030090/Splotches_front_2_thumbnail.jpg', 'small_url': 'https://images4-g.ravelrycache.com/uploads/briocher/893030090/Splotches_front_2_small.jpg', 'flickr_url': None, 'shelved_url': 'https://images4-g.ravelrycache.com/uploads/briocher/893030090/Splotches_front_2_shelved.jpg', 'medium2_url': 'https://images4-a.ravelrycache.com/uploads/briocher/893030090/Splotches_front_2_medium2.jpg', 'small2_url': 'https://images4-g.ravelrycache.com/uploads/briocher/893030090/Splotches_front_2_small2.jpg', 'caption': None, 'caption_html': None, 'copyright_holder': None}, {'id': 140954581, 'sort_order': 2, 'user_id': 454399, 'x_offset': 0, 'y_offset': -99, 'square_url': 'https://images4-f.ravelrycache.com/uploads/pedrn2/1081222936/IMG_6371_square.png', 'medium_url': 'https://images4-g.ravelrycache.com/uploads/pedrn2/1081222936/IMG_6371_medium.png', 'thumbnail_url': 'https://images4-f.ravelrycache.com/uploads/pedrn2/1081222936/IMG_6371_thumbnail.png', 'small_url': 'https://images4-f.ravelrycache.com/uploads/pedrn2/1081222936/IMG_6371_small_best_fit.png', 'flickr_url': None, 'shelved_url': 'https://images4-g.ravelrycache.com/uploads/pedrn2/1081222936/IMG_6371_shelved.png', 'medium2_url': 'https://images4-a.ravelrycache.com/uploads/pedrn2/1081222936/IMG_6371_medium2.png', 'small2_url': 'https://images4-f.ravelrycache.com/uploads/pedrn2/1081222936/IMG_6371_small2.png', 'caption': None, 'caption_html': None, 'copyright_holder': None}, {'id': 136385385, 'sort_order': 3, 'user_id': 10942046, 'x_offset': -5, 'y_offset': -35, 'square_url': 'https://images4-g.ravelrycache.com/uploads/Beehop24/966522748/17040147790002080522225452118328_square.jpg', 'medium_url': 'https://images4-f.ravelrycache.com/uploads/Beehop24/966522748/17040147790002080522225452118328_medium.jpg', 'thumbnail_url': 'https://images4-f.ravelrycache.com/uploads/Beehop24/966522748/17040147790002080522225452118328_thumbnail.jpg', 'small_url': 'https://images4-f.ravelrycache.com/uploads/Beehop24/966522748/17040147790002080522225452118328_small.jpg', 'flickr_url': None, 'shelved_url': 'https://images4-f.ravelrycache.com/uploads/Beehop24/966522748/17040147790002080522225452118328_shelved.jpg', 'medium2_url': 'https://images4-a.ravelrycache.com/uploads/Beehop24/966522748/17040147790002080522225452118328_medium2.jpg', 'small2_url': 'https://images4-g.ravelrycache.com/uploads/Beehop24/966522748/17040147790002080522225452118328_small2.jpg', 'caption': None, 'caption_html': None, 'copyright_holder': None}, {'id': 117523712, 'sort_order': 4, 'user_id': 25076, 'x_offset': -5, 'y_offset': -35, 'square_url': 'https://images4-g.ravelrycache.com/uploads/briocher/893030220/a6f6025c-a3a5-4116-8852-48d20a51af65_square.JPG', 'medium_url': 'https://images4-f.ravelrycache.com/uploads/briocher/893030220/a6f6025c-a3a5-4116-8852-48d20a51af65_medium.JPG', 'thumbnail_url': 'https://images4-f.ravelrycache.com/uploads/briocher/893030220/a6f6025c-a3a5-4116-8852-48d20a51af65_thumbnail.JPG', 'small_url': 'https://images4-f.ravelrycache.com/uploads/briocher/893030220/a6f6025c-a3a5-4116-8852-48d20a51af65_small.JPG', 'flickr_url': None, 'shelved_url': 'https://images4-g.ravelrycache.com/uploads/briocher/893030220/a6f6025c-a3a5-4116-8852-48d20a51af65_shelved.JPG', 'medium2_url': 'https://images4-a.ravelrycache.com/uploads/briocher/893030220/a6f6025c-a3a5-4116-8852-48d20a51af65_medium2.JPG', 'small2_url': 'https://images4-g.ravelrycache.com/uploads/briocher/893030220/a6f6025c-a3a5-4116-8852-48d20a51af65_small2.JPG', 'caption': None, 'caption_html': None, 'copyright_holder': None}, {'id': 121230382, 'sort_order': 5, 'user_id': 653159, 'x_offset': -26, 'y_offset': 0, 'square_url': 'https://images4-g.ravelrycache.com/uploads/villiputti/895843432/2B1FD049-E4BF-45AB-8575-BC3583198DA5_square.jpeg', 'medium_url': 'https://images4-g.ravelrycache.com/uploads/villiputti/895843432/2B1FD049-E4BF-45AB-8575-BC3583198DA5_medium.jpeg', 'thumbnail_url': 'https://images4-f.ravelrycache.com/uploads/villiputti/895843432/2B1FD049-E4BF-45AB-8575-BC3583198DA5_thumbnail.jpeg', 'small_url': 'https://images4-g.ravelrycache.com/uploads/villiputti/895843432/2B1FD049-E4BF-45AB-8575-BC3583198DA5_small_best_fit.jpeg', 'flickr_url': None, 'shelved_url': 'https://images4-f.ravelrycache.com/uploads/villiputti/895843432/2B1FD049-E4BF-45AB-8575-BC3583198DA5_shelved.jpeg', 'medium2_url': 'https://images4-a.ravelrycache.com/uploads/villiputti/895843432/2B1FD049-E4BF-45AB-8575-BC3583198DA5_medium2.jpeg', 'small2_url': 'https://images4-f.ravelrycache.com/uploads/villiputti/895843432/2B1FD049-E4BF-45AB-8575-BC3583198DA5_small2.jpeg', 'caption': None, 'caption_html': None, 'copyright_holder': None}, {'id': 140340887, 'sort_order': 6, 'user_id': 454399, 'x_offset': -5, 'y_offset': -35, 'square_url': 'https://images4-f.ravelrycache.com/uploads/pedrn2/1065816565/899E03F0-76CF-4FF2-A55E-926FAA45DE21_square.jpeg', 'medium_url': 'https://images4-f.ravelrycache.com/uploads/pedrn2/1065816565/899E03F0-76CF-4FF2-A55E-926FAA45DE21_medium.jpeg', 'thumbnail_url': 'https://images4-f.ravelrycache.com/uploads/pedrn2/1065816565/899E03F0-76CF-4FF2-A55E-926FAA45DE21_thumbnail.jpeg', 'small_url': 'https://images4-f.ravelrycache.com/uploads/pedrn2/1065816565/899E03F0-76CF-4FF2-A55E-926FAA45DE21_small.jpeg', 'flickr_url': None, 'shelved_url': 'https://images4-f.ravelrycache.com/uploads/pedrn2/1065816565/899E03F0-76CF-4FF2-A55E-926FAA45DE21_shelved.jpeg', 'medium2_url': 'https://images4-a.ravelrycache.com/uploads/pedrn2/1065816565/899E03F0-76CF-4FF2-A55E-926FAA45DE21_medium2.jpeg', 'small2_url': 'https://images4-g.ravelrycache.com/uploads/pedrn2/1065816565/899E03F0-76CF-4FF2-A55E-926FAA45DE21_small2.jpeg', 'caption': None, 'caption_html': None, 'copyright_holder': None}, {'id': 117523713, 'sort_order': 7, 'user_id': 25076, 'x_offset': -5, 'y_offset': -35, 'square_url': 'https://images4-f.ravelrycache.com/uploads/briocher/893030111/Splotches_back_2_square.jpg', 'medium_url': 'https://images4-g.ravelrycache.com/uploads/briocher/893030111/Splotches_back_2_medium.jpg', 'thumbnail_url': 'https://images4-f.ravelrycache.com/uploads/briocher/893030111/Splotches_back_2_thumbnail.jpg', 'small_url': 'https://images4-g.ravelrycache.com/uploads/briocher/893030111/Splotches_back_2_small.jpg', 'flickr_url': None, 'shelved_url': 'https://images4-g.ravelrycache.com/uploads/briocher/893030111/Splotches_back_2_shelved.jpg', 'medium2_url': 'https://images4-a.ravelrycache.com/uploads/briocher/893030111/Splotches_back_2_medium2.jpg', 'small2_url': 'https://images4-f.ravelrycache.com/uploads/briocher/893030111/Splotches_back_2_small2.jpg', 'caption': None, 'caption_html': None, 'copyright_holder': None}, {'id': 121237206, 'sort_order': 8, 'user_id': 1734085, 'x_offset': 0, 'y_offset': 0, 'square_url': 'https://images4-g.ravelrycache.com/uploads/minj1249/915524741/CEBEFD7E-0460-476E-8AB9-EFBDF9785F90_square.jpeg', 'medium_url': 'https://images4-g.ravelrycache.com/uploads/minj1249/915524741/CEBEFD7E-0460-476E-8AB9-EFBDF9785F90_medium.jpeg', 'thumbnail_url': 'https://images4-f.ravelrycache.com/uploads/minj1249/915524741/CEBEFD7E-0460-476E-8AB9-EFBDF9785F90_thumbnail.jpeg', 'small_url': 'https://images4-f.ravelrycache.com/uploads/minj1249/915524741/CEBEFD7E-0460-476E-8AB9-EFBDF9785F90_small_best_fit.jpeg', 'flickr_url': None, 'shelved_url': 'https://images4-g.ravelrycache.com/uploads/minj1249/915524741/CEBEFD7E-0460-476E-8AB9-EFBDF9785F90_shelved.jpeg', 'medium2_url': 'https://images4-a.ravelrycache.com/uploads/minj1249/915524741/CEBEFD7E-0460-476E-8AB9-EFBDF9785F90_medium2.jpeg', 'small2_url': 'https://images4-f.ravelrycache.com/uploads/minj1249/915524741/CEBEFD7E-0460-476E-8AB9-EFBDF9785F90_small2.jpeg', 'caption': None, 'caption_html': None, 'copyright_holder': None}, {'id': 117523714, 'sort_order': 9, 'user_id': 25076, 'x_offset': -5, 'y_offset': -35, 'square_url': 'https://images4-g.ravelrycache.com/uploads/briocher/893030175/4fba80fd-921e-46fe-9f9c-f3867988a2ef_square.JPG', 'medium_url': 'https://images4-f.ravelrycache.com/uploads/briocher/893030175/4fba80fd-921e-46fe-9f9c-f3867988a2ef_medium.JPG', 'thumbnail_url': 'https://images4-g.ravelrycache.com/uploads/briocher/893030175/4fba80fd-921e-46fe-9f9c-f3867988a2ef_thumbnail.JPG', 'small_url': 'https://images4-f.ravelrycache.com/uploads/briocher/893030175/4fba80fd-921e-46fe-9f9c-f3867988a2ef_small.JPG', 'flickr_url': None, 'shelved_url': 'https://images4-f.ravelrycache.com/uploads/briocher/893030175/4fba80fd-921e-46fe-9f9c-f3867988a2ef_shelved.JPG', 'medium2_url': 'https://images4-a.ravelrycache.com/uploads/briocher/893030175/4fba80fd-921e-46fe-9f9c-f3867988a2ef_medium2.JPG', 'small2_url': 'https://images4-g.ravelrycache.com/uploads/briocher/893030175/4fba80fd-921e-46fe-9f9c-f3867988a2ef_small2.JPG', 'caption': None, 'caption_html': None, 'copyright_holder': None}, {'id': 117523715, 'sort_order': 10, 'user_id': 25076, 'x_offset': -5, 'y_offset': -35, 'square_url': 'https://images4-g.ravelrycache.com/uploads/briocher/893030123/2c9cd965-35b5-4e81-9e04-cc81ed6b9c88_square.JPG', 'medium_url': 'https://images4-f.ravelrycache.com/uploads/briocher/893030123/2c9cd965-35b5-4e81-9e04-cc81ed6b9c88_medium.JPG', 'thumbnail_url': 'https://images4-f.ravelrycache.com/uploads/briocher/893030123/2c9cd965-35b5-4e81-9e04-cc81ed6b9c88_thumbnail.JPG', 'small_url': 'https://images4-f.ravelrycache.com/uploads/briocher/893030123/2c9cd965-35b5-4e81-9e04-cc81ed6b9c88_small.JPG', 'flickr_url': None, 'shelved_url': 'https://images4-f.ravelrycache.com/uploads/briocher/893030123/2c9cd965-35b5-4e81-9e04-cc81ed6b9c88_shelved.JPG', 'medium2_url': 'https://images4-a.ravelrycache.com/uploads/briocher/893030123/2c9cd965-35b5-4e81-9e04-cc81ed6b9c88_medium2.JPG', 'small2_url': 'https://images4-g.ravelrycache.com/uploads/briocher/893030123/2c9cd965-35b5-4e81-9e04-cc81ed6b9c88_small2.JPG', 'caption': None, 'caption_html': None, 'copyright_holder': None}, {'id': 117917886, 'sort_order': 11, 'user_id': 653159, 'x_offset': 0, 'y_offset': 0, 'square_url': 'https://images4-f.ravelrycache.com/uploads/villiputti/896098465/9D3985DC-1445-407C-905B-416F57FCBDCA_square.jpeg', 'medium_url': 'https://images4-f.ravelrycache.com/uploads/villiputti/896098465/9D3985DC-1445-407C-905B-416F57FCBDCA_medium.jpeg', 'thumbnail_url': 'https://images4-g.ravelrycache.com/uploads/villiputti/896098465/9D3985DC-1445-407C-905B-416F57FCBDCA_thumbnail.jpeg', 'small_url': 'https://images4-f.ravelrycache.com/uploads/villiputti/896098465/9D3985DC-1445-407C-905B-416F57FCBDCA_small_best_fit.jpeg', 'flickr_url': None, 'shelved_url': 'https://images4-g.ravelrycache.com/uploads/villiputti/896098465/9D3985DC-1445-407C-905B-416F57FCBDCA_shelved.jpeg', 'medium2_url': 'https://images4-a.ravelrycache.com/uploads/villiputti/896098465/9D3985DC-1445-407C-905B-416F57FCBDCA_medium2.jpeg', 'small2_url': 'https://images4-g.ravelrycache.com/uploads/villiputti/896098465/9D3985DC-1445-407C-905B-416F57FCBDCA_small2.jpeg', 'caption': None, 'caption_html': None, 'copyright_holder': None}]"
Buon Inizio,Federica Giudice,1296332,https://www.ravelry.com/patterns/library/buon-inizio,False,https://images4-a.ravelrycache.com/uploads/Federicaknits/893138485/2_medium2.JPEG,Knitting,"['female', 'adult', 'top-down', 'in-the-round']",9.0,0.0,True,4.0,Stockinette,pullover,Bulky,5,0.0,S-M e L-XL,"[{'id': 117537123, 'sort_order': 1, 'user_id': 119967, 'x_offset': -5, 'y_offset': -35, 'square_url': 'https://images4-f.ravelrycache.com/uploads/Federicaknits/893138485/2_square.JPEG', 'medium_url': 'https://images4-f.ravelrycache.com/uploads/Federicaknits/893138485/2_medium.JPEG', 'thumbnail_url': 'https://images4-g.ravelrycache.com/uploads/Federicaknits/893138485/2_thumbnail.JPEG', 'small_url': 'https://images4-g.ravelrycache.com/uploads/Federicaknits/893138485/2_small.JPEG', 'flickr_url': None, 'shelved_url': 'https://images4-g.ravelrycache.com/uploads/Federicaknits/893138485/2_shelved.JPEG', 'medium2_url': 'https://images4-a.ravelrycache.com/uploads/Federicaknits/893138485/2_medium2.JPEG', 'small2_url': 'https://images4-g.ravelrycache.com/uploads/Federicaknits/893138485/2_small2.JPEG', 'caption': None, 'caption_html': None, 'copyright_holder': None}, {'id': 135232511, 'sort_order': 2, 'user_id': 2605841, 'x_offset': -1, 'y_offset': -22, 'square_url': 'https://images4-f.ravelrycache.com/uploads/emibover/975309019/upload_square', 'medium_url': 'https://images4-g.ravelrycache.com/uploads/emibover/975309019/upload_medium', 'thumbnail_url': 'https://images4-g.ravelrycache.com/uploads/emibover/975309019/upload_thumbnail', 'small_url': 'https://images4-g.ravelrycache.com/uploads/emibover/975309019/upload_small_best_fit', 'flickr_url': None, 'shelved_url': 'https://images4-f.ravelrycache.com/uploads/emibover/975309019/upload_shelved', 'medium2_url': 'https://images4-a.ravelrycache.com/uploads/emibover/975309019/upload_medium2', 'small2_url': 'https://images4-f.ravelrycache.com/uploads/emibover/975309019/upload_small2', 'caption': None, 'caption_html': None, 'copyright_holder': None}, {'id': 117537124, 'sort_order': 3, 'user_id': 119967, 'x_offset': -5, 'y_offset': -35, 'square_url': 'https://images4-f.ravelrycache.com/uploads/Federicaknits/893138483/4_square.JPEG', 'medium_url': 'https://images4-f.ravelrycache.com/uploads/Federicaknits/893138483/4_medium.JPEG', 'thumbnail_url': 'https://images4-f.ravelrycache.com/uploads/Federicaknits/893138483/4_thumbnail.JPEG', 'small_url': 'https://images4-f.ravelrycache.com/uploads/Federicaknits/893138483/4_small.JPEG', 'flickr_url': None, 'shelved_url': 'https://images4-f.ravelrycache.com/uploads/Federicaknits/893138483/4_shelved.JPEG', 'medium2_url': 'https://images4-a.ravelrycache.com/uploads/Federicaknits/893138483/4_medium2.JPEG', 'small2_url': 'https://images4-g.ravelrycache.com/uploads/Federicaknits/893138483/4_small2.JPEG', 'caption': None, 'caption_html': None, 'copyright_holder': None}, {'id': 117537125, 'sort_order': 4, 'user_id': 119967, 'x_offset': -5, 'y_offset': -35, 'square_url': 'https://images4-g.ravelrycache.com/uploads/Federicaknits/893138480/3_square.JPEG', 'medium_url': 'https://images4-g.ravelrycache.com/uploads/Federicaknits/893138480/3_medium.JPEG', 'thumbnail_url': 'https://images4-f.ravelrycache.com/uploads/Federicaknits/893138480/3_thumbnail.JPEG', 'small_url': 'https://images4-f.ravelrycache.com/uploads/Federicaknits/893138480/3_small.JPEG', 'flickr_url': None, 'shelved_url': 'https://images4-g.ravelrycache.com/uploads/Federicaknits/893138480/3_shelved.JPEG', 'medium2_url': 'https://images4-a.ravelrycache.com/uploads/Federicaknits/893138480/3_medium2.JPEG', 'small2_url': 'https://images4-f.ravelrycache.com/uploads/Federicaknits/893138480/3_small2.JPEG', 'caption': None, 'caption_html': None, 'copyright_holder': None}, {'id': 117537126, 'sort_order': 5, 'user_id': 119967, 'x_offset': 0, 'y_offset': 0, 'square_url': 'https://images4-g.ravelrycache.com/uploads/Federicaknits/893138481/1_square.JPEG', 'medium_url': 'https://images4-g.ravelrycache.com/uploads/Federicaknits/893138481/1_medium.JPEG', 'thumbnail_url': 'https://images4-g.ravelrycache.com/uploads/Federicaknits/893138481/1_thumbnail.JPEG', 'small_url': 'https://images4-f.ravelrycache.com/uploads/Federicaknits/893138481/1_small_best_fit.JPEG', 'flickr_url': None, 'shelved_url': 'https://images4-g.ravelrycache.com/uploads/Federicaknits/893138481/1_shelved.JPEG', 'medium2_url': 'https://images4-a.ravelrycache.com/uploads/Federicaknits/893138481/1_medium2.JPEG', 'small2_url': 'https://images4-f.ravelrycache.com/uploads/Federicaknits/893138481/1_small2.JPEG', 'caption': None, 'caption_html': None, 'copyright_holder': None}]"
Marva,Nadia Crétin-Léchenne,1296639,https://www.ravelry.com/patterns/library/marva-2,True,https://images4-a.ravelrycache.com/uploads/NadiaCL/893183995/M1_medium2.JPG,Knitting,"['circular-yoke', 'raglan-sleeve', 'stranded', 'one-piece', 'seamless', 'short-rows', 'top-down', 'in-the-round']",24.0,3.0,True,4.0,"stocking stitch on 3mm needles, after blocking",pullover,Fingering,16,5.0,1 (2 – 3 – 4) 5 – 6 (7 – 8 – 9),"[{'id': 117567028, 'sort_order': 1, 'user_id': 26196, 'x_offset': -5, 'y_offset': -35, 'square_url': 'https://images4-f.ravelrycache.com/uploads/NadiaCL/893183995/M1_square.JPG', 'medium_url': 'https://images4-g.ravelrycache.com/uploads/NadiaCL/893183995/M1_medium.JPG', 'thumbnail_url': 'https://images4-f.ravelrycache.com/uploads/NadiaCL/893183995/M1_thumbnail.JPG', 'small_url': 'https://images4-f.ravelrycache.com/uploads/NadiaCL/893183995/M1_small.JPG', 'flickr_url': None, 'shelved_url': 'https://images4-f.ravelrycache.com/uploads/NadiaCL/893183995/M1_shelved.JPG', 'medium2_url': 'https://images4-a.ravelrycache.com/uploads/NadiaCL/893183995/M1_medium2.JPG', 'small2_url': 'https://images4-f.ravelrycache.com/uploads/NadiaCL/893183995/M1_small2.JPG', 'caption': None, 'caption_html': None, 'copyright_holder': None}, {'id': 117567029, 'sort_order': 2, 'user_id': 26196, 'x_offset': -5, 'y_offset': -35, 'square_url': 'https://images4-f.ravelrycache.com/uploads/NadiaCL/893183994/M2_square.JPG', 'medium_url': 'https://images4-g.ravelrycache.com/uploads/NadiaCL/893183994/M2_medium.JPG', 'thumbnail_url': 'https://images4-f.ravelrycache.com/uploads/NadiaCL/893183994/M2_thumbnail.JPG', 'small_url': 'https://images4-f.ravelrycache.com/uploads/NadiaCL/893183994/M2_small.JPG', 'flickr_url': None, 'shelved_url': 'https://images4-f.ravelrycache.com/uploads/NadiaCL/893183994/M2_shelved.JPG', 'medium2_url': 'https://images4-a.ravelrycache.com/uploads/NadiaCL/893183994/M2_medium2.JPG', 'small2_url': 'https://images4-f.ravelrycache.com/uploads/NadiaCL/893183994/M2_small2.JPG', 'caption': None, 'caption_html': None, 'copyright_holder': None}, {'id': 117567030, 'sort_order': 3, 'user_id': 26196, 'x_offset': -5, 'y_offset': -35, 'square_url': 'https://images4-g.ravelrycache.com/uploads/NadiaCL/893183997/M4_square.JPG', 'medium_url': 'https://images4-f.ravelrycache.com/uploads/NadiaCL/893183997/M4_medium.JPG', 'thumbnail_url': 'https://images4-f.ravelrycache.com/uploads/NadiaCL/893183997/M4_thumbnail.JPG', 'small_url': 'https://images4-f.ravelrycache.com/uploads/NadiaCL/893183997/M4_small.JPG', 'flickr_url': None, 'shelved_url': 'https://images4-f.ravelrycache.com/uploads/NadiaCL/893183997/M4_shelved.JPG', 'medium2_url': 'https://images4-a.ravelrycache.com/uploads/NadiaCL/893183997/M4_medium2.JPG', 'small2_url': 'https://images4-g.ravelrycache.com/uploads/NadiaCL/893183997/M4_small2.JPG', 'caption': None, 'caption_html': None, 'copyright_holder': None}, {'id': 117567031, 'sort_order': 4, 'user_id': 26196, 'x_offset': -5, 'y_offset': -35, 'square_url': 'https://images4-g.ravelrycache.com/uploads/NadiaCL/893183996/M3_square.JPG', 'medium_url': 'https://images4-f.ravelrycache.com/uploads/NadiaCL/893183996/M3_medium.JPG', 'thumbnail_url': 'https://images4-f.ravelrycache.com/uploads/NadiaCL/893183996/M3_thumbnail.JPG', 'small_url': 'https://images4-g.ravelrycache.com/uploads/NadiaCL/893183996/M3_small.JPG', 'flickr_url': None, 'shelved_url': 'https://images4-g.ravelrycache.com/uploads/NadiaCL/893183996/M3_shelved.JPG', 'medium2_url': 'https://images4-a.ravelrycache.com/uploads/NadiaCL/893183996/M3_medium2.JPG', 'small2_url': 'https://images4-g.ravelrycache.com/uploads/NadiaCL/893183996/M3_small2.JPG', 'caption': None, 'caption_html': None, 'copyright_holder': None}]"
PUFFY ZIGZAG,NORgardknitters,1296723,https://www.ravelry.com/patterns/library/puffy-zigzag,False,https://images4-a.ravelrycache.com/uploads/NORgardknitters/946835372/dobbelt_2_medium2.jpg,Knitting,"['female', 'fitted', 'seamless', 'short-rows', 'top-down', 'written-pattern', 'in-the-round', 'adult', 'stranded']",22.0,0.0,True,4.0,in zigzag pattern with two strands,pullover,DK,11,0.0,XS/S (M) L (XL) 2XL,"[{'id': 124170687, 'sort_order': 1, 'user_id': 11133535, 'x_offset': -2, 'y_offset': -1, 'square_url': 'https://images4-f.ravelrycache.com/uploads/NORgardknitters/946835372/dobbelt_2_square.jpg', 'medium_url': 'https://images4-g.ravelrycache.com/uploads/NORgardknitters/946835372/dobbelt_2_medium.jpg', 'thumbnail_url': 'https://images4-g.ravelrycache.com/uploads/NORgardknitters/946835372/dobbelt_2_thumbnail.jpg', 'small_url': 'https://images4-g.ravelrycache.com/uploads/NORgardknitters/946835372/dobbelt_2_small.jpg', 'flickr_url': None, 'shelved_url': 'https://images4-g.ravelrycache.com/uploads/NORgardknitters/946835372/dobbelt_2_shelved.jpg', 'medium2_url': 'https://images4-a.ravelrycache.com/uploads/NORgardknitters/946835372/dobbelt_2_medium2.jpg', 'small2_url': 'https://images4-f.ravelrycache.com/uploads/NORgardknitters/946835372/dobbelt_2_small2.jpg', 'caption': None, 'caption_html': None, 'copyright_holder': None}, {'id': 117580640, 'sort_order': 2, 'user_id': 11133535, 'x_offset': -4, 'y_offset': -43, 'square_url': 'https://images4-g.ravelrycache.com/uploads/NORgardknitters/893487838/1_square.jpg', 'medium_url': 'https://images4-f.ravelrycache.com/uploads/NORgardknitters/893487838/1_medium.jpg', 'thumbnail_url': 'https://images4-f.ravelrycache.com/uploads/NORgardknitters/893487838/1_thumbnail.jpg', 'small_url': 'https://images4-g.ravelrycache.com/uploads/NORgardknitters/893487838/1_small.jpg', 'flickr_url': None, 'shelved_url': 'https://images4-g.ravelrycache.com/uploads/NORgardknitters/893487838/1_shelved.jpg', 'medium2_url': 'https://images4-a.ravelrycache.com/uploads/NORgardknitters/893487838/1_medium2.jpg', 'small2_url': 'https://images4-g.ravelrycache.com/uploads/NORgardknitters/893487838/1_small2.jpg', 'caption': None, 'caption_html': None, 'copyright_holder': None}, {'id': 122807385, 'sort_order': 3, 'user_id': 11133535, 'x_offset': -5, 'y_offset': -35, 'square_url': 'https://images4-g.ravelrycache.com/uploads/NORgardknitters/935867577/unnamed__14__square.jpg', 'medium_url': 'https://images4-f.ravelrycache.com/uploads/NORgardknitters/935867577/unnamed__14__medium.jpg', 'thumbnail_url': 'https://images4-g.ravelrycache.com/uploads/NORgardknitters/935867577/unnamed__14__thumbnail.jpg', 'small_url': 'https://images4-g.ravelrycache.com/uploads/NORgardknitters/935867577/unnamed__14__small.jpg', 'flickr_url': None, 'shelved_url': 'https://images4-f.ravelrycache.com/uploads/NORgardknitters/935867577/unnamed__14__shelved.jpg', 'medium2_url': 'https://images4-a.ravelrycache.com/uploads/NORgardknitters/935867577/unnamed__14__medium2.jpg', 'small2_url': 'https://images4-g.ravelrycache.com/uploads/NORgardknitters/935867577/unnamed__14__small2.jpg', 'caption': None, 'caption_html': None, 'copyright_holder': None}, {'id': 122807384, 'sort_order': 4, 'user_id': 11133535, 'x_offset': -5, 'y_offset': -35, 'square_url': 'https://images4-f.ravelrycache.com/uploads/NORgardknitters/935867575/unnamed__6__square.jpg', 'medium_url': 'https://images4-g.ravelrycache.com/uploads/NORgardknitters/935867575/unnamed__6__medium.jpg', 'thumbnail_url': 'https://images4-f.ravelrycache.com/uploads/NORgardknitters/935867575/unnamed__6__thumbnail.jpg', 'small_url': 'https://images4-f.ravelrycache.com/uploads/NORgardknitters/935867575/unnamed__6__small.jpg', 'flickr_url': None, 'shelved_url': 'https://images4-f.ravelrycache.com/uploads/NORgardknitters/935867575/unnamed__6__shelved.jpg', 'medium2_url': 'https://images4-a.ravelrycache.com/uploads/NORgardknitters/935867575/unnamed__6__medium2.jpg', 'small2_url': 'https://images4-f.ravelrycache.com/uploads/NORgardknitters/935867575/unnamed__6__small2.jpg', 'caption': None, 'caption_html': None, 'copyright_holder': None}, {'id': 117579843, 'sort_order': 5, 'user_id': 11133535, 'x_offset': -5, 'y_offset': -35, 'square_url': 'https://images4-f.ravelrycache.com/uploads/NORgardknitters/893453005/5_square.jpg', 'medium_url': 'https://images4-g.ravelrycache.com/uploads/NORgardknitters/893453005/5_medium.jpg', 'thumbnail_url': 'https://images4-f.ravelrycache.com/uploads/NORgardknitters/893453005/5_thumbnail.jpg', 'small_url': 'https://images4-f.ravelrycache.com/uploads/NORgardknitters/893453005/5_small.jpg', 'flickr_url': None, 'shelved_url': 'https://images4-g.ravelrycache.com/uploads/NORgardknitters/893453005/5_shelved.jpg', 'medium2_url': 'https://images4-a.ravelrycache.com/uploads/NORgardknitters/893453005/5_medium2.jpg', 'small2_url': 'https://images4-f.ravelrycache.com/uploads/NORgardknitters/893453005/5_small2.jpg', 'caption': None, 'caption_html': None, 'copyright_holder': None}, {'id': 117579841, 'sort_order': 6, 'user_id': 11133535, 'x_offset': -3, 'y_offset': -2, 'square_url': 'https://images4-g.ravelrycache.com/uploads/NORgardknitters/893453009/2_square.jpg', 'medium_url': 'https://images4-f.ravelrycache.com/uploads/NORgardknitters/893453009/2_medium.jpg', 'thumbnail_url': 'https://images4-f.ravelrycache.com/uploads/NORgardknitters/893453009/2_thumbnail.jpg', 'small_url': 'https://images4-f.ravelrycache.com/uploads/NORgardknitters/893453009/2_small.jpg', 'flickr_url': None, 'shelved_url': 'https://images4-g.ravelrycache.com/uploads/NORgardknitters/893453009/2_shelved.jpg', 'medium2_url': 'https://images4-a.ravelrycache.com/uploads/NORgardknitters/893453009/2_medium2.jpg', 'small2_url': 'https://images4-g.ravelrycache.com/uploads/NORgardknitters/893453009/2_small2.jpg', 'caption': None, 'caption_html': None, 'copyright_holder': None}, {'id': 122807388, 'sort_order': 7, 'user_id': 11133535, 'x_offset': 0, 'y_offset': -43, 'square_url': 'https://images4-g.ravelrycache.com/uploads/NORgardknitters/935867576/unnamed__3_a_square.jpg', 'medium_url': 'https://images4-f.ravelrycache.com/uploads/NORgardknitters/935867576/unnamed__3_a_medium.jpg', 'thumbnail_url': 'https://images4-g.ravelrycache.com/uploads/NORgardknitters/935867576/unnamed__3_a_thumbnail.jpg', 'small_url': 'https://images4-f.ravelrycache.com/uploads/NORgardknitters/935867576/unnamed__3_a_small_best_fit.jpg', 'flickr_url': None, 'shelved_url': 'https://images4-g.ravelrycache.com/uploads/NORgardknitters/935867576/unnamed__3_a_shelved.jpg', 'medium2_url': 'https://images4-a.ravelrycache.com/uploads/NORgardknitters/935867576/unnamed__3_a_medium2.jpg', 'small2_url': 'https://images4-g.ravelrycache.com/uploads/NORgardknitters/935867576/unnamed__3_a_small2.jpg', 'caption': None, 'caption_html': None, 'copyright_holder': None}, {'id': 117579845, 'sort_order': 8, 'user_id': 11133535, 'x_offset': -5, 'y_offset': -35, 'square_url': 'https://images4-g.ravelrycache.com/uploads/NORgardknitters/893453007/7_square.jpg', 'medium_url': 'https://images4-f.ravelrycache.com/uploads/NORgardknitters/893453007/7_medium.jpg', 'thumbnail_url': 'https://images4-g.ravelrycache.com/uploads/NORgardknitters/893453007/7_thumbnail.jpg', 'small_url': 'https://images4-g.ravelrycache.com/uploads/NORgardknitters/893453007/7_small.jpg', 'flickr_url': None, 'shelved_url': 'https://images4-f.ravelrycache.com/uploads/NORgardknitters/893453007/7_shelved.jpg', 'medium2_url': 'https://images4-a.ravelrycache.com/uploads/NORgardknitters/893453007/7_medium2.jpg', 'small2_url': 'https://images4-g.ravelrycache.com/uploads/NORgardknitters/893453007/7_small2.jpg', 'caption': None, 'caption_html': None, 'copyright_holder': None}, {'id': 117579842, 'sort_order': 9, 'user_id': 11133535, 'x_offset': -5, 'y_offset': -35, 'square_url': 'https://images4-f.ravelrycache.com/uploads/NORgardknitters/893453012/4_square.jpg', 'medium_url': 'https://images4-g.ravelrycache.com/uploads/NORgardknitters/893453012/4_medium.jpg', 'thumbnail_url': 'https://images4-g.ravelrycache.com/uploads/NORgardknitters/893453012/4_thumbnail.jpg', 'small_url': 'https://images4-g.ravelrycache.com/uploads/NORgardknitters/893453012/4_small.jpg', 'flickr_url': None, 'shelved_url': 'https://images4-f.ravelrycache.com/uploads/NORgardknitters/893453012/4_shelved.jpg', 'medium2_url': 'https://images4-a.ravelrycache.com/uploads/NORgardknitters/893453012/4_medium2.jpg', 'small2_url': 'https://images4-f.ravelrycache.com/uploads/NORgardknitters/893453012/4_small2.jpg', 'caption': None, 'caption_html': None, 'copyright_holder': None}]"
FiftyFifty pullover,Sara Ottosson,1296792,https://www.ravelry.com/patterns/library/fiftyfifty-pullover,False,https://images4-a.ravelrycache.com/uploads/Handvarkat/882180818/Troja_insta_teststickning_medium2.jpg,Knitting,"['unisex', 'oversized', 'crew-neck', 'raglan-sleeve', 'straight', 'Intarsia', 'one-piece', 'seamless', 'short-rows', 'top-down', 'positive-ease', 'phototutorial', 'written-pattern', 'video-tutorial', 'in-the-round', 'surface-crochet', 'schematic']",21.0,6.333333333333333,True,4.0,in stockinette back and forth after blocking,pullover,Sport,13,4.0,"A-B-C-(D-E-F)-G-H-I with chest circumference of the garment approx. 102-110-118-(126-134-142)-150-158-166 cm/ 40-43,25-46,5-(50-52,75-56)-59-62,25-65,25 in.","[{'id': 117591494, 'sort_order': 1, 'user_id': 9888636, 'x_offset': 0, 'y_offset': 0, 'square_url': 'https://images4-f.ravelrycache.com/uploads/Handvarkat/882180818/Troja_insta_teststickning_square.jpg', 'medium_url': 'https://images4-g.ravelrycache.com/uploads/Handvarkat/882180818/Troja_insta_teststickning_medium.jpg', 'thumbnail_url': 'https://images4-f.ravelrycache.com/uploads/Handvarkat/882180818/Troja_insta_teststickning_thumbnail.jpg', 'small_url': 'https://images4-f.ravelrycache.com/uploads/Handvarkat/882180818/Troja_insta_teststickning_small_best_fit.jpg', 'flickr_url': None, 'shelved_url': 'https://images4-f.ravelrycache.com/uploads/Handvarkat/882180818/Troja_insta_teststickning_shelved.jpg', 'medium2_url': 'https://images4-a.ravelrycache.com/uploads/Handvarkat/882180818/Troja_insta_teststickning_medium2.jpg', 'small2_url': 'https://images4-f.ravelrycache.com/uploads/Handvarkat/882180818/Troja_insta_teststickning_small2.jpg', 'caption': 'The person is wearing the pullover with approx. 30 cm/12 in. ease. \nIntended ease is 15-30 cm/6-12 in.', 'caption_html': 'The person is wearing the pullover with approx. 30 cm/12 in. ease. \nIntended ease is 15-30 cm/6-12 in.', 'copyright_holder': ''}, {'id': 117591495, 'sort_order': 2, 'user_id': 9888636, 'x_offset': 0, 'y_offset': 0, 'square_url': 'https://images4-f.ravelrycache.com/uploads/Handvarkat/882180891/Troja_omslag_square.jpg', 'medium_url': 'https://images4-g.ravelrycache.com/uploads/Handvarkat/882180891/Troja_omslag_medium.jpg', 'thumbnail_url': 'https://images4-g.ravelrycache.com/uploads/Handvarkat/882180891/Troja_omslag_thumbnail.jpg', 'small_url': 'https://images4-g.ravelrycache.com/uploads/Handvarkat/882180891/Troja_omslag_small_best_fit.jpg', 'flickr_url': None, 'shelved_url': 'https://images4-f.ravelrycache.com/uploads/Handvarkat/882180891/Troja_omslag_shelved.jpg', 'medium2_url': 'https://images4-a.ravelrycache.com/uploads/Handvarkat/882180891/Troja_omslag_medium2.jpg', 'small2_url': 'https://images4-f.ravelrycache.com/uploads/Handvarkat/882180891/Troja_omslag_small2.jpg', 'caption': None, 'caption_html': None, 'copyright_holder': None}, {'id': 117591496, 'sort_order': 3, 'user_id': 9888636, 'x_offset': 0, 'y_offset': 0, 'square_url': 'https://images4-g.ravelrycache.com/uploads/Handvarkat/882180821/Under_ar_troja_square.jpg', 'medium_url': 'https://images4-f.ravelrycache.com/uploads/Handvarkat/882180821/Under_ar_troja_medium.jpg', 'thumbnail_url': 'https://images4-f.ravelrycache.com/uploads/Handvarkat/882180821/Under_ar_troja_thumbnail.jpg', 'small_url': 'https://images4-f.ravelrycache.com/uploads/Handvarkat/882180821/Under_ar_troja_small_best_fit.jpg', 'flickr_url': None, 'shelved_url': 'https://images4-g.ravelrycache.com/uploads/Handvarkat/882180821/Under_ar_troja_shelved.jpg', 'medium2_url': 'https://images4-a.ravelrycache.com/uploads/Handvarkat/882180821/Under_ar_troja_medium2.jpg', 'small2_url': 'https://images4-g.ravelrycache.com/uploads/Handvarkat/882180821/Under_ar_troja_small2.jpg', 'caption': 'Close up of how the stripes come together under the arm', 'caption_html': 'Close up of how the stripes come together under the arm', 'copyright_holder': ''}, {'id': 117591497, 'sort_order': 4, 'user_id': 9888636, 'x_offset': 0, 'y_offset': 0, 'square_url': 'https://images4-g.ravelrycache.com/uploads/Handvarkat/882180819/Raglan_troja_square.jpg', 'medium_url': 'https://images4-f.ravelrycache.com/uploads/Handvarkat/882180819/Raglan_troja_medium.jpg', 'thumbnail_url': 'https://images4-g.ravelrycache.com/uploads/Handvarkat/882180819/Raglan_troja_thumbnail.jpg', 'small_url': 'https://images4-g.ravelrycache.com/uploads/Handvarkat/882180819/Raglan_troja_small_best_fit.jpg', 'flickr_url': None, 'shelved_url': 'https://images4-f.ravelrycache.com/uploads/Handvarkat/882180819/Raglan_troja_shelved.jpg', 'medium2_url': 'https://images4-a.ravelrycache.com/uploads/Handvarkat/882180819/Raglan_troja_medium2.jpg', 'small2_url': 'https://images4-g.ravelrycache.com/uploads/Handvarkat/882180819/Raglan_troja_small2.jpg', 'caption': 'Close up of the raglan', 'caption_html': 'Close up of the raglan', 'copyright_holder': ''}, {'id': 117591498, 'sort_order': 5, 'user_id': 9888636, 'x_offset': 0, 'y_offset': 0, 'square_url': 'https://images4-g.ravelrycache.com/uploads/Handvarkat/882180820/Flatlay_troja_square.jpg', 'medium_url': 'https://images4-f.ravelrycache.com/uploads/Handvarkat/882180820/Flatlay_troja_medium.jpg', 'thumbnail_url': 'https://images4-f.ravelrycache.com/uploads/Handvarkat/882180820/Flatlay_troja_thumbnail.jpg', 'small_url': 'https://images4-f.ravelrycache.com/uploads/Handvarkat/882180820/Flatlay_troja_small_best_fit.jpg', 'flickr_url': None, 'shelved_url': 'https://images4-f.ravelrycache.com/uploads/Handvarkat/882180820/Flatlay_troja_shelved.jpg', 'medium2_url': 'https://images4-a.ravelrycache.com/uploads/Handvarkat/882180820/Flatlay_troja_medium2.jpg', 'small2_url': 'https://images4-g.ravelrycache.com/uploads/Handvarkat/882180820/Flatlay_troja_small2.jpg', 'caption': None, 'caption_html': None, 'copyright_holder': None}, {'id': 117591499, 'sort_order': 6, 'user_id': 9888636, 'x_offset': 7, 'y_offset': 8, 'square_url': 'https://images4-f.ravelrycache.com/uploads/Handvarkat/882180979/Plaggskiss_troja_2_square.png', 'medium_url': 'https://images4-g.ravelrycache.com/uploads/Handvarkat/882180979/Plaggskiss_troja_2_medium.png', 'thumbnail_url': 'https://images4-f.ravelrycache.com/uploads/Handvarkat/882180979/Plaggskiss_troja_2_thumbnail.png', 'small_url': 'https://images4-g.ravelrycache.com/uploads/Handvarkat/882180979/Plaggskiss_troja_2_small_best_fit.png', 'flickr_url': None, 'shelved_url': 'https://images4-g.ravelrycache.com/uploads/Handvarkat/882180979/Plaggskiss_troja_2_shelved.png', 'medium2_url': 'https://images4-a.ravelrycache.com/uploads/Handvarkat/882180979/Plaggskiss_troja_2_medium2.png', 'small2_url': 'https://images4-f.ravelrycache.com/uploads/Handvarkat/882180979/Plaggskiss_troja_2_small2.png', 'caption': 'Garment sketch, see notes for measuremnts', 'caption_html': 'Garment sketch, see notes for measuremnts', 'copyright_holder': ''}]"
Fragrance of buds sweater,Lyudmila Aksenik Old,1296972,https://www.ravelry.com/patterns/library/fragrance-of-buds-sweater,False,https://images4-a.ravelrycache.com/uploads/MrsKnowall/893676297/IMG_6595_medium2.JPG,Knitting,"['unisex', 'toddler', 'child', 'adult', 'seamed', 'circular-yoke', 'long-sleeve', 'icord', 'one-piece', 'seamless', 'short-rows', 'top-down', 'positive-ease', 'chart', 'phototutorial', 'written-pattern', 'cuffed-sleeve', 'worked-flat', 'in-the-round', 'other-colorwork', 'corrugated-ribbing', 'schematic']",22.0,4.928571428571429,True,4.0,Garter,child,Fingering,34,4.928571428571429,"1 y.o. (2 y.o., 3-4 y.o. / 5 y.o., 6-7 y.o., 8-9 y.o./ 10-12 y.o., 13-15 y.o) & 14 adult sizes: [1, 2 /3, 4, 5/ 6, 7] {8, 9 /10, 11, 12/ 13, 14} or 86-153cm/32-60” bust circumference. ","[{'id': 117617638, 'sort_order': 1, 'user_id': 5652923, 'x_offset': -5, 'y_offset': -35, 'square_url': 'https://images4-g.ravelrycache.com/uploads/MrsKnowall/893676297/IMG_6595_square.JPG', 'medium_url': 'https://images4-f.ravelrycache.com/uploads/MrsKnowall/893676297/IMG_6595_medium.JPG', 'thumbnail_url': 'https://images4-g.ravelrycache.com/uploads/MrsKnowall/893676297/IMG_6595_thumbnail.JPG', 'small_url': 'https://images4-f.ravelrycache.com/uploads/MrsKnowall/893676297/IMG_6595_small.JPG', 'flickr_url': None, 'shelved_url': 'https://images4-f.ravelrycache.com/uploads/MrsKnowall/893676297/IMG_6595_shelved.JPG', 'medium2_url': 'https://images4-a.ravelrycache.com/uploads/MrsKnowall/893676297/IMG_6595_medium2.JPG', 'small2_url': 'https://images4-g.ravelrycache.com/uploads/MrsKnowall/893676297/IMG_6595_small2.JPG', 'caption': None, 'caption_html': None, 'copyright_holder': ''}, {'id': 125063252, 'sort_order': 2, 'user_id': 2471659, 'x_offset': 0, 'y_offset': -18, 'square_url': 'https://images4-g.ravelrycache.com/uploads/Samarchanochka/893706264/20221218_214640_square.jpg', 'medium_url': 'https://images4-f.ravelrycache.com/uploads/Samarchanochka/893706264/20221218_214640_medium.jpg', 'thumbnail_url': 'https://images4-f.ravelrycache.com/uploads/Samarchanochka/893706264/20221218_214640_thumbnail.jpg', 'small_url': 'https://images4-f.ravelrycache.com/uploads/Samarchanochka/893706264/20221218_214640_small_best_fit.jpg', 'flickr_url': None, 'shelved_url': 'https://images4-f.ravelrycache.com/uploads/Samarchanochka/893706264/20221218_214640_shelved.jpg', 'medium2_url': 'https://images4-a.ravelrycache.com/uploads/Samarchanochka/893706264/20221218_214640_medium2.jpg', 'small2_url': 'https://images4-g.ravelrycache.com/uploads/Samarchanochka/893706264/20221218_214640_small2.jpg', 'caption': None, 'caption_html': None, 'copyright_holder': None}, {'id': 117626956, 'sort_order': 3, 'user_id': 6697666, 'x_offset': 0, 'y_offset': -3, 'square_url': 'https://images4-g.ravelrycache.com/uploads/Psmokey/892697578/197A27F7-67EB-4BD8-AD63-91D8745FB46B_square.jpeg', 'medium_url': 'https://images4-g.ravelrycache.com/uploads/Psmokey/892697578/197A27F7-67EB-4BD8-AD63-91D8745FB46B_medium.jpeg', 'thumbnail_url': 'https://images4-g.ravelrycache.com/uploads/Psmokey/892697578/197A27F7-67EB-4BD8-AD63-91D8745FB46B_thumbnail.jpeg', 'small_url': 'https://images4-g.ravelrycache.com/uploads/Psmokey/892697578/197A27F7-67EB-4BD8-AD63-91D8745FB46B_small_best_fit.jpeg', 'flickr_url': None, 'shelved_url': 'https://images4-g.ravelrycache.com/uploads/Psmokey/892697578/197A27F7-67EB-4BD8-AD63-91D8745FB46B_shelved.jpeg', 'medium2_url': 'https://images4-a.ravelrycache.com/uploads/Psmokey/892697578/197A27F7-67EB-4BD8-AD63-91D8745FB46B_medium2.jpeg', 'small2_url': 'https://images4-f.ravelrycache.com/uploads/Psmokey/892697578/197A27F7-67EB-4BD8-AD63-91D8745FB46B_small2.jpeg', 'caption': None, 'caption_html': None, 'copyright_holder': None}, {'id': 117622527, 'sort_order': 4, 'user_id': 2892614, 'x_offset': 0, 'y_offset': 0, 'square_url': 'https://images4-f.ravelrycache.com/uploads/pallasathena23/893326620/68021546-7796-4FCD-926F-EA0D323D9782_square.jpeg', 'medium_url': 'https://images4-f.ravelrycache.com/uploads/pallasathena23/893326620/68021546-7796-4FCD-926F-EA0D323D9782_medium.jpeg', 'thumbnail_url': 'https://images4-f.ravelrycache.com/uploads/pallasathena23/893326620/68021546-7796-4FCD-926F-EA0D323D9782_thumbnail.jpeg', 'small_url': 'https://images4-g.ravelrycache.com/uploads/pallasathena23/893326620/68021546-7796-4FCD-926F-EA0D323D9782_small_best_fit.jpeg', 'flickr_url': None, 'shelved_url': 'https://images4-f.ravelrycache.com/uploads/pallasathena23/893326620/68021546-7796-4FCD-926F-EA0D323D9782_shelved.jpeg', 'medium2_url': 'https://images4-a.ravelrycache.com/uploads/pallasathena23/893326620/68021546-7796-4FCD-926F-EA0D323D9782_medium2.jpeg', 'small2_url': 'https://images4-g.ravelrycache.com/uploads/pallasathena23/893326620/68021546-7796-4FCD-926F-EA0D323D9782_small2.jpeg', 'caption': None, 'caption_html': None, 'copyright_holder': None}, {'id': 117621920, 'sort_order': 5, 'user_id': 2495998, 'x_offset': -3, 'y_offset': 0, 'square_url': 'https://images4-f.ravelrycache.com/uploads/stitchingcrazy/888850600/upload_square', 'medium_url': 'https://images4-g.ravelrycache.com/uploads/stitchingcrazy/888850600/upload_medium', 'thumbnail_url': 'https://images4-f.ravelrycache.com/uploads/stitchingcrazy/888850600/upload_thumbnail', 'small_url': 'https://images4-g.ravelrycache.com/uploads/stitchingcrazy/888850600/upload_small_best_fit', 'flickr_url': None, 'shelved_url': 'https://images4-g.ravelrycache.com/uploads/stitchingcrazy/888850600/upload_shelved', 'medium2_url': 'https://images4-a.ravelrycache.com/uploads/stitchingcrazy/888850600/upload_medium2', 'small2_url': 'https://images4-f.ravelrycache.com/uploads/stitchingcrazy/888850600/upload_small2', 'caption': None, 'caption_html': None, 'copyright_holder': None}, {'id': 117621703, 'sort_order': 6, 'user_id': 1231981, 'x_offset': -5, 'y_offset': -35, 'square_url': 'https://images4-g.ravelrycache.com/uploads/GalkaV/891517955/0CBAE935-581D-4CF6-A621-4351583CF786_square.jpeg', 'medium_url': 'https://images4-g.ravelrycache.com/uploads/GalkaV/891517955/0CBAE935-581D-4CF6-A621-4351583CF786_medium.jpeg', 'thumbnail_url': 'https://images4-f.ravelrycache.com/uploads/GalkaV/891517955/0CBAE935-581D-4CF6-A621-4351583CF786_thumbnail.jpeg', 'small_url': 'https://images4-g.ravelrycache.com/uploads/GalkaV/891517955/0CBAE935-581D-4CF6-A621-4351583CF786_small.jpeg', 'flickr_url': None, 'shelved_url': 'https://images4-g.ravelrycache.com/uploads/GalkaV/891517955/0CBAE935-581D-4CF6-A621-4351583CF786_shelved.jpeg', 'medium2_url': 'https://images4-a.ravelrycache.com/uploads/GalkaV/891517955/0CBAE935-581D-4CF6-A621-4351583CF786_medium2.jpeg', 'small2_url': 'https://images4-f.ravelrycache.com/uploads/GalkaV/891517955/0CBAE935-581D-4CF6-A621-4351583CF786_small2.jpeg', 'caption': None, 'caption_html': None, 'copyright_holder': None}, {'id': 117618899, 'sort_order': 7, 'user_id': 3333237, 'x_offset': -5, 'y_offset': -35, 'square_url': 'https://images4-f.ravelrycache.com/uploads/Hemark/893444436/20221217_205010_square.jpg', 'medium_url': 'https://images4-g.ravelrycache.com/uploads/Hemark/893444436/20221217_205010_medium.jpg', 'thumbnail_url': 'https://images4-f.ravelrycache.com/uploads/Hemark/893444436/20221217_205010_thumbnail.jpg', 'small_url': 'https://images4-f.ravelrycache.com/uploads/Hemark/893444436/20221217_205010_small.jpg', 'flickr_url': None, 'shelved_url': 'https://images4-f.ravelrycache.com/uploads/Hemark/893444436/20221217_205010_shelved.jpg', 'medium2_url': 'https://images4-a.ravelrycache.com/uploads/Hemark/893444436/20221217_205010_medium2.jpg', 'small2_url': 'https://images4-f.ravelrycache.com/uploads/Hemark/893444436/20221217_205010_small2.jpg', 'caption': None, 'caption_html': None, 'copyright_holder': None}, {'id': 117617639, 'sort_order': 8, 'user_id': 5652923, 'x_offset': -5, 'y_offset': -35, 'square_url': 'https://images4-f.ravelrycache.com/uploads/MrsKnowall/893676403/IMG_6596_square.JPG', 'medium_url': 'https://images4-g.ravelrycache.com/uploads/MrsKnowall/893676403/IMG_6596_medium.JPG', 'thumbnail_url': 'https://images4-f.ravelrycache.com/uploads/MrsKnowall/893676403/IMG_6596_thumbnail.JPG', 'small_url': 'https://images4-f.ravelrycache.com/uploads/MrsKnowall/893676403/IMG_6596_small.JPG', 'flickr_url': None, 'shelved_url': 'https://images4-f.ravelrycache.com/uploads/MrsKnowall/893676403/IMG_6596_shelved.JPG', 'medium2_url': 'https://images4-a.ravelrycache.com/uploads/MrsKnowall/893676403/IMG_6596_medium2.JPG', 'small2_url': 'https://images4-f.ravelrycache.com/uploads/MrsKnowall/893676403/IMG_6596_small2.JPG', 'caption': None, 'caption_html': None, 'copyright_holder': ''}, {'id': 117617640, 'sort_order': 9, 'user_id': 5652923, 'x_offset': -5, 'y_offset': -35, 'square_url': 'https://images4-f.ravelrycache.com/uploads/MrsKnowall/893677173/IMG_6601_square.JPG', 'medium_url': 'https://images4-g.ravelrycache.com/uploads/MrsKnowall/893677173/IMG_6601_medium.JPG', 'thumbnail_url': 'https://images4-f.ravelrycache.com/uploads/MrsKnowall/893677173/IMG_6601_thumbnail.JPG', 'small_url': 'https://images4-f.ravelrycache.com/uploads/MrsKnowall/893677173/IMG_6601_small.JPG', 'flickr_url': None, 'shelved_url': 'https://images4-g.ravelrycache.com/uploads/MrsKnowall/893677173/IMG_6601_shelved.JPG', 'medium2_url': 'https://images4-a.ravelrycache.com/uploads/MrsKnowall/893677173/IMG_6601_medium2.JPG', 'small2_url': 'https://images4-f.ravelrycache.com/uploads/MrsKnowall/893677173/IMG_6601_small2.JPG', 'caption': None, 'caption_html': None, 'copyright_holder': None}, {'id': 117617641, 'sort_order': 10, 'user_id': 5652923, 'x_offset': -46, 'y_offset': 0, 'square_url': 'https://images4-g.ravelrycache.com/uploads/MrsKnowall/893677304/__2022-12-18__12.01.39_square.png', 'medium_url': 'https://images4-f.ravelrycache.com/uploads/MrsKnowall/893677304/__2022-12-18__12.01.39_medium.png', 'thumbnail_url': 'https://images4-g.ravelrycache.com/uploads/MrsKnowall/893677304/__2022-12-18__12.01.39_thumbnail.png', 'small_url': 'https://images4-f.ravelrycache.com/uploads/MrsKnowall/893677304/__2022-12-18__12.01.39_small_best_fit.png', 'flickr_url': None, 'shelved_url': 'https://images4-f.ravelrycache.com/uploads/MrsKnowall/893677304/__2022-12-18__12.01.39_shelved.png', 'medium2_url': 'https://images4-a.ravelrycache.com/uploads/MrsKnowall/893677304/__2022-12-18__12.01.39_medium2.png', 'small2_url': 'https://images4-g.ravelrycache.com/uploads/MrsKnowall/893677304/__2022-12-18__12.01.39_small2.png', 'caption': None, 'caption_html': None, 'copyright_holder': None}, {'id': 117617642, 'sort_order': 11, 'user_id': 5652923, 'x_offset': -44, 'y_offset': 0, 'square_url': 'https://images4-g.ravelrycache.com/uploads/MrsKnowall/893677372/__2022-12-18__12.07.19_square.png', 'medium_url': 'https://images4-f.ravelrycache.com/uploads/MrsKnowall/893677372/__2022-12-18__12.07.19_medium.png', 'thumbnail_url': 'https://images4-f.ravelrycache.com/uploads/MrsKnowall/893677372/__2022-12-18__12.07.19_thumbnail.png', 'small_url': 'https://images4-g.ravelrycache.com/uploads/MrsKnowall/893677372/__2022-12-18__12.07.19_small_best_fit.png', 'flickr_url': None, 'shelved_url': 'https://images4-g.ravelrycache.com/uploads/MrsKnowall/893677372/__2022-12-18__12.07.19_shelved.png', 'medium2_url': 'https://images4-a.ravelrycache.com/uploads/MrsKnowall/893677372/__2022-12-18__12.07.19_medium2.png', 'small2_url': 'https://images4-g.ravelrycache.com/uploads/MrsKnowall/893677372/__2022-12-18__12.07.19_small2.png', 'caption': None, 'caption_html': None, 'copyright_holder': None}]"
Jersey Kendra,Maialen Kiros,1297233,https://www.ravelry.com/patterns/library/jersey-kendra,False,https://images4-a.ravelrycache.com/uploads/maialenkiros/894034255/IMG_3829_jpg_medium2.JPG,Knitting,"['unisex', 'adult', 'cables', 'top-down', 'chart', 'written-pattern', 'in-the-round']",17.0,0.0,True,4.0,,pullover,Aran,1,0.0,"1 (2,3,4,5)","[{'id': 117647569, 'sort_order': 1, 'user_id': 6625461, 'x_offset': -11, 'y_offset': -1, 'square_url': 'https://images4-f.ravelrycache.com/uploads/maialenkiros/894034255/IMG_3829_jpg_square.JPG', 'medium_url': 'https://images4-g.ravelrycache.com/uploads/maialenkiros/894034255/IMG_3829_jpg_medium.JPG', 'thumbnail_url': 'https://images4-g.ravelrycache.com/uploads/maialenkiros/894034255/IMG_3829_jpg_thumbnail.JPG', 'small_url': 'https://images4-f.ravelrycache.com/uploads/maialenkiros/894034255/IMG_3829_jpg_small_best_fit.JPG', 'flickr_url': None, 'shelved_url': 'https://images4-f.ravelrycache.com/uploads/maialenkiros/894034255/IMG_3829_jpg_shelved.JPG', 'medium2_url': 'https://images4-a.ravelrycache.com/uploads/maialenkiros/894034255/IMG_3829_jpg_medium2.JPG', 'small2_url': 'https://images4-f.ravelrycache.com/uploads/maialenkiros/894034255/IMG_3829_jpg_small2.JPG', 'caption': None, 'caption_html': None, 'copyright_holder': None}, {'id': 117647570, 'sort_order': 2, 'user_id': 6625461, 'x_offset': -5, 'y_offset': -35, 'square_url': 'https://images4-g.ravelrycache.com/uploads/maialenkiros/894034262/IMG_3800_square.JPG', 'medium_url': 'https://images4-f.ravelrycache.com/uploads/maialenkiros/894034262/IMG_3800_medium.JPG', 'thumbnail_url': 'https://images4-g.ravelrycache.com/uploads/maialenkiros/894034262/IMG_3800_thumbnail.JPG', 'small_url': 'https://images4-f.ravelrycache.com/uploads/maialenkiros/894034262/IMG_3800_small.JPG', 'flickr_url': None, 'shelved_url': 'https://images4-g.ravelrycache.com/uploads/maialenkiros/894034262/IMG_3800_shelved.JPG', 'medium2_url': 'https://images4-a.ravelrycache.com/uploads/maialenkiros/894034262/IMG_3800_medium2.JPG', 'small2_url': 'https://images4-g.ravelrycache.com/uploads/maialenkiros/894034262/IMG_3800_small2.JPG', 'caption': None, 'caption_html': None, 'copyright_holder': None}, {'id': 117647571, 'sort_order': 3, 'user_id': 6625461, 'x_offset': -5, 'y_offset': -35, 'square_url': 'https://images4-f.ravelrycache.com/uploads/maialenkiros/894034260/IMG_3823_square.JPG', 'medium_url': 'https://images4-g.ravelrycache.com/uploads/maialenkiros/894034260/IMG_3823_medium.JPG', 'thumbnail_url': 'https://images4-f.ravelrycache.com/uploads/maialenkiros/894034260/IMG_3823_thumbnail.JPG', 'small_url': 'https://images4-g.ravelrycache.com/uploads/maialenkiros/894034260/IMG_3823_small.JPG', 'flickr_url': None, 'shelved_url': 'https://images4-g.ravelrycache.com/uploads/maialenkiros/894034260/IMG_3823_shelved.JPG', 'medium2_url': 'https://images4-a.ravelrycache.com/uploads/maialenkiros/894034260/IMG_3823_medium2.JPG', 'small2_url': 'https://images4-f.ravelrycache.com/uploads/maialenkiros/894034260/IMG_3823_small2.JPG', 'caption': None, 'caption_html': None, 'copyright_holder': None}, {'id': 117647572, 'sort_order': 4, 'user_id': 6625461, 'x_offset': -5, 'y_offset': -35, 'square_url': 'https://images4-f.ravelrycache.com/uploads/maialenkiros/894034254/IMG_3808_square.jpg', 'medium_url': 'https://images4-g.ravelrycache.com/uploads/maialenkiros/894034254/IMG_3808_medium.jpg', 'thumbnail_url': 'https://images4-f.ravelrycache.com/uploads/maialenkiros/894034254/IMG_3808_thumbnail.jpg', 'small_url': 'https://images4-g.ravelrycache.com/uploads/maialenkiros/894034254/IMG_3808_small.jpg', 'flickr_url': None, 'shelved_url': 'https://images4-f.ravelrycache.com/uploads/maialenkiros/894034254/IMG_3808_shelved.jpg', 'medium2_url': 'https://images4-a.ravelrycache.com/uploads/maialenkiros/894034254/IMG_3808_medium2.jpg', 'small2_url': 'https://images4-f.ravelrycache.com/uploads/maialenkiros/894034254/IMG_3808_small2.jpg', 'caption': None, 'caption_html': None, 'copyright_holder': None}, {'id': 117647573, 'sort_order': 5, 'user_id': 6625461, 'x_offset': -5, 'y_offset': -35, 'square_url': 'https://images4-g.ravelrycache.com/uploads/maialenkiros/894034253/IMG_1996_1__square.JPG', 'medium_url': 'https://images4-f.ravelrycache.com/uploads/maialenkiros/894034253/IMG_1996_1__medium.JPG', 'thumbnail_url': 'https://images4-g.ravelrycache.com/uploads/maialenkiros/894034253/IMG_1996_1__thumbnail.JPG', 'small_url': 'https://images4-f.ravelrycache.com/uploads/maialenkiros/894034253/IMG_1996_1__small.JPG', 'flickr_url': None, 'shelved_url': 'https://images4-g.ravelrycache.com/uploads/maialenkiros/894034253/IMG_1996_1__shelved.JPG', 'medium2_url': 'https://images4-a.ravelrycache.com/uploads/maialenkiros/894034253/IMG_1996_1__medium2.JPG', 'small2_url': 'https://images4-g.ravelrycache.com/uploads/maialenkiros/894034253/IMG_1996_1__small2.JPG', 'caption': None, 'caption_html': None, 'copyright_holder': None}]"
Juniper Brook,Jennifer Beale,1297470,https://www.ravelry.com/patterns/library/juniper-brook,False,https://images4-a.ravelrycache.com/uploads/knitjbeale/894101936/front_medium2.JPG,Knitting,"['lace', 'textured', 'dolman-sleeve', 'aline', 'mosaic', 'seamless', 'top-down', 'worked-flat', 'in-the-round', 'sideways', 'modular', 'female', 'adult', 'positive-ease']",23.0,3.8333333333333335,True,4.0,Textured eyelets worked flat,pullover,Fingering,13,4.666666666666667,"(1, 2, 3) (4, 5, 6) (7, 8, 9)","[{'id': 117673391, 'sort_order': 1, 'user_id': 5070261, 'x_offset': -3, 'y_offset': -26, 'square_url': 'https://images4-g.ravelrycache.com/uploads/knitjbeale/894101936/front_square.JPG', 'medium_url': 'https://images4-f.ravelrycache.com/uploads/knitjbeale/894101936/front_medium.JPG', 'thumbnail_url': 'https://images4-g.ravelrycache.com/uploads/knitjbeale/894101936/front_thumbnail.JPG', 'small_url': 'https://images4-f.ravelrycache.com/uploads/knitjbeale/894101936/front_small_best_fit.JPG', 'flickr_url': None, 'shelved_url': 'https://images4-g.ravelrycache.com/uploads/knitjbeale/894101936/front_shelved.JPG', 'medium2_url': 'https://images4-a.ravelrycache.com/uploads/knitjbeale/894101936/front_medium2.JPG', 'small2_url': 'https://images4-g.ravelrycache.com/uploads/knitjbeale/894101936/front_small2.JPG', 'caption': None, 'caption_html': None, 'copyright_holder': None}, {'id': 117673393, 'sort_order': 2, 'user_id': 5070261, 'x_offset': 0, 'y_offset': -43, 'square_url': 'https://images4-f.ravelrycache.com/uploads/knitjbeale/894101943/back_square.JPG', 'medium_url': 'https://images4-g.ravelrycache.com/uploads/knitjbeale/894101943/back_medium.JPG', 'thumbnail_url': 'https://images4-g.ravelrycache.com/uploads/knitjbeale/894101943/back_thumbnail.JPG', 'small_url': 'https://images4-g.ravelrycache.com/uploads/knitjbeale/894101943/back_small_best_fit.JPG', 'flickr_url': None, 'shelved_url': 'https://images4-g.ravelrycache.com/uploads/knitjbeale/894101943/back_shelved.JPG', 'medium2_url': 'https://images4-a.ravelrycache.com/uploads/knitjbeale/894101943/back_medium2.JPG', 'small2_url': 'https://images4-f.ravelrycache.com/uploads/knitjbeale/894101943/back_small2.JPG', 'caption': None, 'caption_html': None, 'copyright_holder': None}, {'id': 117673392, 'sort_order': 3, 'user_id': 5070261, 'x_offset': 0, 'y_offset': -43, 'square_url': 'https://images4-f.ravelrycache.com/uploads/knitjbeale/894101940/DSC_0509_square.JPG', 'medium_url': 'https://images4-g.ravelrycache.com/uploads/knitjbeale/894101940/DSC_0509_medium.JPG', 'thumbnail_url': 'https://images4-g.ravelrycache.com/uploads/knitjbeale/894101940/DSC_0509_thumbnail.JPG', 'small_url': 'https://images4-g.ravelrycache.com/uploads/knitjbeale/894101940/DSC_0509_small_best_fit.JPG', 'flickr_url': None, 'shelved_url': 'https://images4-f.ravelrycache.com/uploads/knitjbeale/894101940/DSC_0509_shelved.JPG', 'medium2_url': 'https://images4-a.ravelrycache.com/uploads/knitjbeale/894101940/DSC_0509_medium2.JPG', 'small2_url': 'https://images4-f.ravelrycache.com/uploads/knitjbeale/894101940/DSC_0509_small2.JPG', 'caption': None, 'caption_html': None, 'copyright_holder': None}, {'id': 125540997, 'sort_order': 4, 'user_id': 5070261, 'x_offset': -43, 'y_offset': 0, 'square_url': 'https://images4-f.ravelrycache.com/uploads/knitjbeale/957870387/upload_square', 'medium_url': 'https://images4-g.ravelrycache.com/uploads/knitjbeale/957870387/upload_medium', 'thumbnail_url': 'https://images4-f.ravelrycache.com/uploads/knitjbeale/957870387/upload_thumbnail', 'small_url': 'https://images4-f.ravelrycache.com/uploads/knitjbeale/957870387/upload_small_best_fit', 'flickr_url': None, 'shelved_url': 'https://images4-g.ravelrycache.com/uploads/knitjbeale/957870387/upload_shelved', 'medium2_url': 'https://images4-a.ravelrycache.com/uploads/knitjbeale/957870387/upload_medium2', 'small2_url': 'https://images4-f.ravelrycache.com/uploads/knitjbeale/957870387/upload_small2', 'caption': None, 'caption_html': None, 'copyright_holder': None}, {'id': 117674252, 'sort_order': 5, 'user_id': 1559188, 'x_offset': 0, 'y_offset': -37, 'square_url': 'https://images4-g.ravelrycache.com/uploads/buzzaknits/887596429/67B4A356-95C2-48C9-869E-898B4BFE34A5_square.jpeg', 'medium_url': 'https://images4-g.ravelrycache.com/uploads/buzzaknits/887596429/67B4A356-95C2-48C9-869E-898B4BFE34A5_medium.jpeg', 'thumbnail_url': 'https://images4-f.ravelrycache.com/uploads/buzzaknits/887596429/67B4A356-95C2-48C9-869E-898B4BFE34A5_thumbnail.jpeg', 'small_url': 'https://images4-f.ravelrycache.com/uploads/buzzaknits/887596429/67B4A356-95C2-48C9-869E-898B4BFE34A5_small_best_fit.jpeg', 'flickr_url': None, 'shelved_url': 'https://images4-f.ravelrycache.com/uploads/buzzaknits/887596429/67B4A356-95C2-48C9-869E-898B4BFE34A5_shelved.jpeg', 'medium2_url': 'https://images4-a.ravelrycache.com/uploads/buzzaknits/887596429/67B4A356-95C2-48C9-869E-898B4BFE34A5_medium2.jpeg', 'small2_url': 'https://images4-f.ravelrycache.com/uploads/buzzaknits/887596429/67B4A356-95C2-48C9-869E-898B4BFE34A5_small2.jpeg', 'caption': None, 'caption_html': None, 'copyright_holder': None}, {'id': 117676788, 'sort_order': 6, 'user_id': 5881, 'x_offset': -5, 'y_offset': -21, 'square_url': 'https://images4-g.ravelrycache.com/uploads/weesheep/893974923/20221219_124029-01_square.jpeg', 'medium_url': 'https://images4-g.ravelrycache.com/uploads/weesheep/893974923/20221219_124029-01_medium.jpeg', 'thumbnail_url': 'https://images4-f.ravelrycache.com/uploads/weesheep/893974923/20221219_124029-01_thumbnail.jpeg', 'small_url': 'https://images4-f.ravelrycache.com/uploads/weesheep/893974923/20221219_124029-01_small.jpeg', 'flickr_url': None, 'shelved_url': 'https://images4-g.ravelrycache.com/uploads/weesheep/893974923/20221219_124029-01_shelved.jpeg', 'medium2_url': 'https://images4-a.ravelrycache.com/uploads/weesheep/893974923/20221219_124029-01_medium2.jpeg', 'small2_url': 'https://images4-f.ravelrycache.com/uploads/weesheep/893974923/20221219_124029-01_small2.jpeg', 'caption': None, 'caption_html': None, 'copyright_holder': None}, {'id': 117673741, 'sort_order': 7, 'user_id': 2651657, 'x_offset': 0, 'y_offset': -16, 'square_url': 'https://images4-f.ravelrycache.com/uploads/groundhog67/893905049/87E0EE58-A62B-4399-A8F4-08965BF9D472_1_201_a_square.heic', 'medium_url': 'https://images4-f.ravelrycache.com/uploads/groundhog67/893905049/87E0EE58-A62B-4399-A8F4-08965BF9D472_1_201_a_medium.heic', 'thumbnail_url': 'https://images4-f.ravelrycache.com/uploads/groundhog67/893905049/87E0EE58-A62B-4399-A8F4-08965BF9D472_1_201_a_thumbnail.heic', 'small_url': 'https://images4-f.ravelrycache.com/uploads/groundhog67/893905049/87E0EE58-A62B-4399-A8F4-08965BF9D472_1_201_a_small_best_fit.heic', 'flickr_url': None, 'shelved_url': 'https://images4-g.ravelrycache.com/uploads/groundhog67/893905049/87E0EE58-A62B-4399-A8F4-08965BF9D472_1_201_a_shelved.heic', 'medium2_url': 'https://images4-a.ravelrycache.com/uploads/groundhog67/893905049/87E0EE58-A62B-4399-A8F4-08965BF9D472_1_201_a_medium2.heic', 'small2_url': 'https://images4-g.ravelrycache.com/uploads/groundhog67/893905049/87E0EE58-A62B-4399-A8F4-08965BF9D472_1_201_a_small2.heic', 'caption': None, 'caption_html': None, 'copyright_holder': None}, {'id': 117681367, 'sort_order': 8, 'user_id': 8070788, 'x_offset': 0, 'y_offset': -22, 'square_url': 'https://images4-g.ravelrycache.com/uploads/ayseoksuz/892228228/9C477AAD-8950-4D63-A35E-17368B0FC804_square.jpeg', 'medium_url': 'https://images4-g.ravelrycache.com/uploads/ayseoksuz/892228228/9C477AAD-8950-4D63-A35E-17368B0FC804_medium.jpeg', 'thumbnail_url': 'https://images4-f.ravelrycache.com/uploads/ayseoksuz/892228228/9C477AAD-8950-4D63-A35E-17368B0FC804_thumbnail.jpeg', 'small_url': 'https://images4-f.ravelrycache.com/uploads/ayseoksuz/892228228/9C477AAD-8950-4D63-A35E-17368B0FC804_small_best_fit.jpeg', 'flickr_url': None, 'shelved_url': 'https://images4-g.ravelrycache.com/uploads/ayseoksuz/892228228/9C477AAD-8950-4D63-A35E-17368B0FC804_shelved.jpeg', 'medium2_url': 'https://images4-a.ravelrycache.com/uploads/ayseoksuz/892228228/9C477AAD-8950-4D63-A35E-17368B0FC804_medium2.jpeg', 'small2_url': 'https://images4-f.ravelrycache.com/uploads/ayseoksuz/892228228/9C477AAD-8950-4D63-A35E-17368B0FC804_small2.jpeg', 'caption': None, 'caption_html': None, 'copyright_holder': None}, {'id': 118041005, 'sort_order': 9, 'user_id': 4596722, 'x_offset': -40, 'y_offset': 1, 'square_url': 'https://images4-f.ravelrycache.com/uploads/claudetango/894404332/DSCF2371__1__square.jpg', 'medium_url': 'https://images4-g.ravelrycache.com/uploads/claudetango/894404332/DSCF2371__1__medium.jpg', 'thumbnail_url': 'https://images4-f.ravelrycache.com/uploads/claudetango/894404332/DSCF2371__1__thumbnail.jpg', 'small_url': 'https://images4-f.ravelrycache.com/uploads/claudetango/894404332/DSCF2371__1__small_best_fit.jpg', 'flickr_url': None, 'shelved_url': 'https://images4-g.ravelrycache.com/uploads/claudetango/894404332/DSCF2371__1__shelved.jpg', 'medium2_url': 'https://images4-a.ravelrycache.com/uploads/claudetango/894404332/DSCF2371__1__medium2.jpg', 'small2_url': 'https://images4-f.ravelrycache.com/uploads/claudetango/894404332/DSCF2371__1__small2.jpg', 'caption': None, 'caption_html': None, 'copyright_holder': None}, {'id': 117673394, 'sort_order': 10, 'user_id': 5070261, 'x_offset': 0, 'y_offset': -43, 'square_url': 'https://images4-f.ravelrycache.com/uploads/knitjbeale/894101942/DSC_0500_square.JPG', 'medium_url': 'https://images4-g.ravelrycache.com/uploads/knitjbeale/894101942/DSC_0500_medium.JPG', 'thumbnail_url': 'https://images4-g.ravelrycache.com/uploads/knitjbeale/894101942/DSC_0500_thumbnail.JPG', 'small_url': 'https://images4-g.ravelrycache.com/uploads/knitjbeale/894101942/DSC_0500_small_best_fit.JPG', 'flickr_url': None, 'shelved_url': 'https://images4-f.ravelrycache.com/uploads/knitjbeale/894101942/DSC_0500_shelved.JPG', 'medium2_url': 'https://images4-a.ravelrycache.com/uploads/knitjbeale/894101942/DSC_0500_medium2.JPG', 'small2_url': 'https://images4-f.ravelrycache.com/uploads/knitjbeale/894101942/DSC_0500_small2.JPG', 'caption': None, 'caption_html': None, 'copyright_holder': None}, {'id': 117673395, 'sort_order': 11, 'user_id': 5070261, 'x_offset': -1, 'y_offset': -15, 'square_url': 'https://images4-g.ravelrycache.com/uploads/knitjbeale/894101937/DSC_0501_square.JPG', 'medium_url': 'https://images4-f.ravelrycache.com/uploads/knitjbeale/894101937/DSC_0501_medium.JPG', 'thumbnail_url': 'https://images4-g.ravelrycache.com/uploads/knitjbeale/894101937/DSC_0501_thumbnail.JPG', 'small_url': 'https://images4-g.ravelrycache.com/uploads/knitjbeale/894101937/DSC_0501_small_best_fit.JPG', 'flickr_url': None, 'shelved_url': 'https://images4-f.ravelrycache.com/uploads/knitjbeale/894101937/DSC_0501_shelved.JPG', 'medium2_url': 'https://images4-a.ravelrycache.com/uploads/knitjbeale/894101937/DSC_0501_medium2.JPG', 'small2_url': 'https://images4-g.ravelrycache.com/uploads/knitjbeale/894101937/DSC_0501_small2.JPG', 'caption': None, 'caption_html': None, 'copyright_holder': None}, {'id': 117673396, 'sort_order': 12, 'user_id': 5070261, 'x_offset': 0, 'y_offset': -43, 'square_url': 'https://images4-g.ravelrycache.com/uploads/knitjbeale/894101938/DSC_0468_square.JPG', 'medium_url': 'https://images4-f.ravelrycache.com/uploads/knitjbeale/894101938/DSC_0468_medium.JPG', 'thumbnail_url': 'https://images4-f.ravelrycache.com/uploads/knitjbeale/894101938/DSC_0468_thumbnail.JPG', 'small_url': 'https://images4-f.ravelrycache.com/uploads/knitjbeale/894101938/DSC_0468_small_best_fit.JPG', 'flickr_url': None, 'shelved_url': 'https://images4-g.ravelrycache.com/uploads/knitjbeale/894101938/DSC_0468_shelved.JPG', 'medium2_url': 'https://images4-a.ravelrycache.com/uploads/knitjbeale/894101938/DSC_0468_medium2.JPG', 'small2_url': 'https://images4-g.ravelrycache.com/uploads/knitjbeale/894101938/DSC_0468_small2.JPG', 'caption': None, 'caption_html': None, 'copyright_holder': None}, {'id': 117673397, 'sort_order': 13, 'user_id': 5070261, 'x_offset': 0, 'y_offset': -43, 'square_url': 'https://images4-g.ravelrycache.com/uploads/knitjbeale/894101941/DSC_0470_square.JPG', 'medium_url': 'https://images4-f.ravelrycache.com/uploads/knitjbeale/894101941/DSC_0470_medium.JPG', 'thumbnail_url': 'https://images4-f.ravelrycache.com/uploads/knitjbeale/894101941/DSC_0470_thumbnail.JPG', 'small_url': 'https://images4-g.ravelrycache.com/uploads/knitjbeale/894101941/DSC_0470_small_best_fit.JPG', 'flickr_url': None, 'shelved_url': 'https://images4-f.ravelrycache.com/uploads/knitjbeale/894101941/DSC_0470_shelved.JPG', 'medium2_url': 'https://images4-a.ravelrycache.com/uploads/knitjbeale/894101941/DSC_0470_medium2.JPG', 'small2_url': 'https://images4-g.ravelrycache.com/uploads/knitjbeale/894101941/DSC_0470_small2.JPG', 'caption': None, 'caption_html': None, 'copyright_holder': None}, {'id': 117673398, 'sort_order': 14, 'user_id': 5070261, 'x_offset': 0, 'y_offset': -43, 'square_url': 'https://images4-g.ravelrycache.com/uploads/knitjbeale/894101939/DSC_0462_square.JPG', 'medium_url': 'https://images4-f.ravelrycache.com/uploads/knitjbeale/894101939/DSC_0462_medium.JPG', 'thumbnail_url': 'https://images4-g.ravelrycache.com/uploads/knitjbeale/894101939/DSC_0462_thumbnail.JPG', 'small_url': 'https://images4-g.ravelrycache.com/uploads/knitjbeale/894101939/DSC_0462_small_best_fit.JPG', 'flickr_url': None, 'shelved_url': 'https://images4-f.ravelrycache.com/uploads/knitjbeale/894101939/DSC_0462_shelved.JPG', 'medium2_url': 'https://images4-a.ravelrycache.com/uploads/knitjbeale/894101939/DSC_0462_medium2.JPG', 'small2_url': 'https://images4-g.ravelrycache.com/uploads/knitjbeale/894101939/DSC_0462_small2.JPG', 'caption': None, 'caption_html': None, 'copyright_holder': None}]"
Pretzel Pullover,Jaime Creates,1297639,https://www.ravelry.com/patterns/library/pretzel-pullover,False,https://images4-a.ravelrycache.com/uploads/jaimecreates/892185316/IMG_7988_jpg_medium2.JPG,Knitting,"['female', 'unisex', 'teen', 'adult', 'oversized', 'petite', 'plus', 'cables', 'ribbed', 'textured', 'seamed', 'crew-neck', 'long-sleeve', 'bottom-up', 'positive-ease', 'chart', 'written-pattern', 'video-tutorial', 'drop-sleeve', 'cuffed-sleeve', 'cropped', 'worked-flat', 'in-the-round', 'slipped-stitches', 'three-needle-bind', 'captioned-video']",8.0,3.8,True,4.0,stockinette stitch,pullover,Super Bulky,9,4.6,"XS (S, M, L, XL) (XXL, 3XL, 4XL, 5XL)","[{'id': 117690073, 'sort_order': 1, 'user_id': 9398879, 'x_offset': 0, 'y_offset': 0, 'square_url': 'https://images4-g.ravelrycache.com/uploads/jaimecreates/892185316/IMG_7988_jpg_square.JPG', 'medium_url': 'https://images4-f.ravelrycache.com/uploads/jaimecreates/892185316/IMG_7988_jpg_medium.JPG', 'thumbnail_url': 'https://images4-g.ravelrycache.com/uploads/jaimecreates/892185316/IMG_7988_jpg_thumbnail.JPG', 'small_url': 'https://images4-g.ravelrycache.com/uploads/jaimecreates/892185316/IMG_7988_jpg_small_best_fit.JPG', 'flickr_url': None, 'shelved_url': 'https://images4-g.ravelrycache.com/uploads/jaimecreates/892185316/IMG_7988_jpg_shelved.JPG', 'medium2_url': 'https://images4-a.ravelrycache.com/uploads/jaimecreates/892185316/IMG_7988_jpg_medium2.JPG', 'small2_url': 'https://images4-g.ravelrycache.com/uploads/jaimecreates/892185316/IMG_7988_jpg_small2.JPG', 'caption': None, 'caption_html': None, 'copyright_holder': None}, {'id': 117690074, 'sort_order': 2, 'user_id': 9398879, 'x_offset': 0, 'y_offset': 0, 'square_url': 'https://images4-g.ravelrycache.com/uploads/jaimecreates/892185317/IMG_7997_jpg_square.JPG', 'medium_url': 'https://images4-f.ravelrycache.com/uploads/jaimecreates/892185317/IMG_7997_jpg_medium.JPG', 'thumbnail_url': 'https://images4-f.ravelrycache.com/uploads/jaimecreates/892185317/IMG_7997_jpg_thumbnail.JPG', 'small_url': 'https://images4-g.ravelrycache.com/uploads/jaimecreates/892185317/IMG_7997_jpg_small_best_fit.JPG', 'flickr_url': None, 'shelved_url': 'https://images4-g.ravelrycache.com/uploads/jaimecreates/892185317/IMG_7997_jpg_shelved.JPG', 'medium2_url': 'https://images4-a.ravelrycache.com/uploads/jaimecreates/892185317/IMG_7997_jpg_medium2.JPG', 'small2_url': 'https://images4-g.ravelrycache.com/uploads/jaimecreates/892185317/IMG_7997_jpg_small2.JPG', 'caption': None, 'caption_html': None, 'copyright_holder': None}, {'id': 117690075, 'sort_order': 3, 'user_id': 9398879, 'x_offset': -5, 'y_offset': -19, 'square_url': 'https://images4-g.ravelrycache.com/uploads/jaimecreates/894167747/ninaxknits_IMG_20221212_092925_square.jpg', 'medium_url': 'https://images4-f.ravelrycache.com/uploads/jaimecreates/894167747/ninaxknits_IMG_20221212_092925_medium.jpg', 'thumbnail_url': 'https://images4-g.ravelrycache.com/uploads/jaimecreates/894167747/ninaxknits_IMG_20221212_092925_thumbnail.jpg', 'small_url': 'https://images4-g.ravelrycache.com/uploads/jaimecreates/894167747/ninaxknits_IMG_20221212_092925_small.jpg', 'flickr_url': None, 'shelved_url': 'https://images4-g.ravelrycache.com/uploads/jaimecreates/894167747/ninaxknits_IMG_20221212_092925_shelved.jpg', 'medium2_url': 'https://images4-a.ravelrycache.com/uploads/jaimecreates/894167747/ninaxknits_IMG_20221212_092925_medium2.jpg', 'small2_url': 'https://images4-g.ravelrycache.com/uploads/jaimecreates/894167747/ninaxknits_IMG_20221212_092925_small2.jpg', 'caption': 'knitter: [ninaxknits](/people/ninaxknits) ', 'caption_html': 'knitter: [ninaxknits](/people/ninaxknits) ', 'copyright_holder': ''}, {'id': 117690076, 'sort_order': 4, 'user_id': 9398879, 'x_offset': -5, 'y_offset': -35, 'square_url': 'https://images4-f.ravelrycache.com/uploads/jaimecreates/894167120/Elline_ell_ine3_square.JPEG', 'medium_url': 'https://images4-f.ravelrycache.com/uploads/jaimecreates/894167120/Elline_ell_ine3_medium.JPEG', 'thumbnail_url': 'https://images4-g.ravelrycache.com/uploads/jaimecreates/894167120/Elline_ell_ine3_thumbnail.JPEG', 'small_url': 'https://images4-f.ravelrycache.com/uploads/jaimecreates/894167120/Elline_ell_ine3_small.JPEG', 'flickr_url': None, 'shelved_url': 'https://images4-f.ravelrycache.com/uploads/jaimecreates/894167120/Elline_ell_ine3_shelved.JPEG', 'medium2_url': 'https://images4-a.ravelrycache.com/uploads/jaimecreates/894167120/Elline_ell_ine3_medium2.JPEG', 'small2_url': 'https://images4-g.ravelrycache.com/uploads/jaimecreates/894167120/Elline_ell_ine3_small2.JPEG', 'caption': 'knitter: @ell_ine', 'caption_html': 'knitter: @ell_ine', 'copyright_holder': ''}, {'id': 117690077, 'sort_order': 5, 'user_id': 9398879, 'x_offset': -5, 'y_offset': -35, 'square_url': 'https://images4-f.ravelrycache.com/uploads/jaimecreates/894167489/nadiashae-5_square.jpg', 'medium_url': 'https://images4-g.ravelrycache.com/uploads/jaimecreates/894167489/nadiashae-5_medium.jpg', 'thumbnail_url': 'https://images4-g.ravelrycache.com/uploads/jaimecreates/894167489/nadiashae-5_thumbnail.jpg', 'small_url': 'https://images4-g.ravelrycache.com/uploads/jaimecreates/894167489/nadiashae-5_small.jpg', 'flickr_url': None, 'shelved_url': 'https://images4-f.ravelrycache.com/uploads/jaimecreates/894167489/nadiashae-5_shelved.jpg', 'medium2_url': 'https://images4-a.ravelrycache.com/uploads/jaimecreates/894167489/nadiashae-5_medium2.jpg', 'small2_url': 'https://images4-f.ravelrycache.com/uploads/jaimecreates/894167489/nadiashae-5_small2.jpg', 'caption': 'knitter: [Nadiashae](/people/Nadiashae) ', 'caption_html': 'knitter: [Nadiashae](/people/Nadiashae) ', 'copyright_holder': ''}, {'id': 117690078, 'sort_order': 6, 'user_id': 9398879, 'x_offset': -5, 'y_offset': -35, 'square_url': 'https://images4-f.ravelrycache.com/uploads/jaimecreates/894167164/Emily__builtbybliss__square.jpg', 'medium_url': 'https://images4-g.ravelrycache.com/uploads/jaimecreates/894167164/Emily__builtbybliss__medium.jpg', 'thumbnail_url': 'https://images4-g.ravelrycache.com/uploads/jaimecreates/894167164/Emily__builtbybliss__thumbnail.jpg', 'small_url': 'https://images4-f.ravelrycache.com/uploads/jaimecreates/894167164/Emily__builtbybliss__small.jpg', 'flickr_url': None, 'shelved_url': 'https://images4-f.ravelrycache.com/uploads/jaimecreates/894167164/Emily__builtbybliss__shelved.jpg', 'medium2_url': 'https://images4-a.ravelrycache.com/uploads/jaimecreates/894167164/Emily__builtbybliss__medium2.jpg', 'small2_url': 'https://images4-f.ravelrycache.com/uploads/jaimecreates/894167164/Emily__builtbybliss__small2.jpg', 'caption': 'knitter: @builtbybliss', 'caption_html': 'knitter: @builtbybliss', 'copyright_holder': ''}, {'id': 117690079, 'sort_order': 7, 'user_id': 9398879, 'x_offset': -5, 'y_offset': -35, 'square_url': 'https://images4-f.ravelrycache.com/uploads/jaimecreates/894376698/woolandworks_square.JPG', 'medium_url': 'https://images4-g.ravelrycache.com/uploads/jaimecreates/894376698/woolandworks_medium.JPG', 'thumbnail_url': 'https://images4-f.ravelrycache.com/uploads/jaimecreates/894376698/woolandworks_thumbnail.JPG', 'small_url': 'https://images4-f.ravelrycache.com/uploads/jaimecreates/894376698/woolandworks_small.JPG', 'flickr_url': None, 'shelved_url': 'https://images4-g.ravelrycache.com/uploads/jaimecreates/894376698/woolandworks_shelved.JPG', 'medium2_url': 'https://images4-a.ravelrycache.com/uploads/jaimecreates/894376698/woolandworks_medium2.JPG', 'small2_url': 'https://images4-f.ravelrycache.com/uploads/jaimecreates/894376698/woolandworks_small2.JPG', 'caption': 'knitter: [woolandworks](/people/woolandworks) ', 'caption_html': 'knitter: [woolandworks](/people/woolandworks) ', 'copyright_holder': ''}, {'id': 117690080, 'sort_order': 8, 'user_id': 9398879, 'x_offset': 0, 'y_offset': 0, 'square_url': 'https://images4-g.ravelrycache.com/uploads/jaimecreates/894167351/Luciana__stitch_by_stitch_col_5_square.jpeg', 'medium_url': 'https://images4-g.ravelrycache.com/uploads/jaimecreates/894167351/Luciana__stitch_by_stitch_col_5_medium.jpeg', 'thumbnail_url': 'https://images4-g.ravelrycache.com/uploads/jaimecreates/894167351/Luciana__stitch_by_stitch_col_5_thumbnail.jpeg', 'small_url': 'https://images4-f.ravelrycache.com/uploads/jaimecreates/894167351/Luciana__stitch_by_stitch_col_5_small_best_fit.jpeg', 'flickr_url': None, 'shelved_url': 'https://images4-f.ravelrycache.com/uploads/jaimecreates/894167351/Luciana__stitch_by_stitch_col_5_shelved.jpeg', 'medium2_url': 'https://images4-a.ravelrycache.com/uploads/jaimecreates/894167351/Luciana__stitch_by_stitch_col_5_medium2.jpeg', 'small2_url': 'https://images4-f.ravelrycache.com/uploads/jaimecreates/894167351/Luciana__stitch_by_stitch_col_5_small2.jpeg', 'caption': 'knitter: @stitch_by_stitch_col', 'caption_html': 'knitter: @stitch_by_stitch_col', 'copyright_holder': ''}, {'id': 117690081, 'sort_order': 9, 'user_id': 9398879, 'x_offset': -1, 'y_offset': -22, 'square_url': 'https://images4-g.ravelrycache.com/uploads/jaimecreates/894167788/_sit_still_knit_pretty_square.JPG', 'medium_url': 'https://images4-f.ravelrycache.com/uploads/jaimecreates/894167788/_sit_still_knit_pretty_medium.JPG', 'thumbnail_url': 'https://images4-g.ravelrycache.com/uploads/jaimecreates/894167788/_sit_still_knit_pretty_thumbnail.JPG', 'small_url': 'https://images4-f.ravelrycache.com/uploads/jaimecreates/894167788/_sit_still_knit_pretty_small_best_fit.JPG', 'flickr_url': None, 'shelved_url': 'https://images4-f.ravelrycache.com/uploads/jaimecreates/894167788/_sit_still_knit_pretty_shelved.JPG', 'medium2_url': 'https://images4-a.ravelrycache.com/uploads/jaimecreates/894167788/_sit_still_knit_pretty_medium2.JPG', 'small2_url': 'https://images4-g.ravelrycache.com/uploads/jaimecreates/894167788/_sit_still_knit_pretty_small2.JPG', 'caption': 'knitter: @sit_still_knit_pretty', 'caption_html': 'knitter: @sit_still_knit_pretty', 'copyright_holder': ''}, {'id': 117690082, 'sort_order': 10, 'user_id': 9398879, 'x_offset': 0, 'y_offset': -4, 'square_url': 'https://images4-g.ravelrycache.com/uploads/jaimecreates/894167252/Ivy__evee.knits___square.jpg', 'medium_url': 'https://images4-f.ravelrycache.com/uploads/jaimecreates/894167252/Ivy__evee.knits___medium.jpg', 'thumbnail_url': 'https://images4-f.ravelrycache.com/uploads/jaimecreates/894167252/Ivy__evee.knits___thumbnail.jpg', 'small_url': 'https://images4-g.ravelrycache.com/uploads/jaimecreates/894167252/Ivy__evee.knits___small_best_fit.jpg', 'flickr_url': None, 'shelved_url': 'https://images4-g.ravelrycache.com/uploads/jaimecreates/894167252/Ivy__evee.knits___shelved.jpg', 'medium2_url': 'https://images4-a.ravelrycache.com/uploads/jaimecreates/894167252/Ivy__evee.knits___medium2.jpg', 'small2_url': 'https://images4-g.ravelrycache.com/uploads/jaimecreates/894167252/Ivy__evee.knits___small2.jpg', 'caption': 'knitter: @evee.knits', 'caption_html': 'knitter: @evee.knits', 'copyright_holder': ''}, {'id': 117690083, 'sort_order': 11, 'user_id': 9398879, 'x_offset': -5, 'y_offset': -35, 'square_url': 'https://images4-g.ravelrycache.com/uploads/jaimecreates/894376697/made.by.plumelle-2_square.jpg', 'medium_url': 'https://images4-f.ravelrycache.com/uploads/jaimecreates/894376697/made.by.plumelle-2_medium.jpg', 'thumbnail_url': 'https://images4-f.ravelrycache.com/uploads/jaimecreates/894376697/made.by.plumelle-2_thumbnail.jpg', 'small_url': 'https://images4-f.ravelrycache.com/uploads/jaimecreates/894376697/made.by.plumelle-2_small.jpg', 'flickr_url': None, 'shelved_url': 'https://images4-f.ravelrycache.com/uploads/jaimecreates/894376697/made.by.plumelle-2_shelved.jpg', 'medium2_url': 'https://images4-a.ravelrycache.com/uploads/jaimecreates/894376697/made.by.plumelle-2_medium2.jpg', 'small2_url': 'https://images4-g.ravelrycache.com/uploads/jaimecreates/894376697/made.by.plumelle-2_small2.jpg', 'caption': 'knitter: @made.by.plumelle', 'caption_html': 'knitter: @made.by.plumelle', 'copyright_holder': ''}]"
Peekaboo Pullover,Rachel Brockman,1297959,https://www.ravelry.com/patterns/library/peekaboo-pullover-2,True,https://images4-a.ravelrycache.com/uploads/UniversalYarn/894645591/Peekaboo_Pullover_01_hi_res_medium2.jpg,Knitting,"['unisex', 'baby', 'toddler', 'no-ease', 'seamed', 'square-neck', 'one-piece', 'sideways', 'written-pattern', 'worked-flat', 'schematic']",24.0,0.0,True,4.0,stockinette stitch,baby,Fingering,8,0.0,"0-3 mo. (6-12 mo., 18-24 mo., 2-4 years)","[{'id': 117722895, 'sort_order': 1, 'user_id': 524556, 'x_offset': 0, 'y_offset': -43, 'square_url': 'https://images4-f.ravelrycache.com/uploads/UniversalYarn/894645591/Peekaboo_Pullover_01_hi_res_square.jpg', 'medium_url': 'https://images4-g.ravelrycache.com/uploads/UniversalYarn/894645591/Peekaboo_Pullover_01_hi_res_medium.jpg', 'thumbnail_url': 'https://images4-g.ravelrycache.com/uploads/UniversalYarn/894645591/Peekaboo_Pullover_01_hi_res_thumbnail.jpg', 'small_url': 'https://images4-g.ravelrycache.com/uploads/UniversalYarn/894645591/Peekaboo_Pullover_01_hi_res_small_best_fit.jpg', 'flickr_url': None, 'shelved_url': 'https://images4-f.ravelrycache.com/uploads/UniversalYarn/894645591/Peekaboo_Pullover_01_hi_res_shelved.jpg', 'medium2_url': 'https://images4-a.ravelrycache.com/uploads/UniversalYarn/894645591/Peekaboo_Pullover_01_hi_res_medium2.jpg', 'small2_url': 'https://images4-f.ravelrycache.com/uploads/UniversalYarn/894645591/Peekaboo_Pullover_01_hi_res_small2.jpg', 'caption': None, 'caption_html': None, 'copyright_holder': None}, {'id': 117722896, 'sort_order': 2, 'user_id': 524556, 'x_offset': 1, 'y_offset': -17, 'square_url': 'https://images4-g.ravelrycache.com/uploads/UniversalYarn/894645595/Peekaboo_Pullover_02_hi_res_square.jpg', 'medium_url': 'https://images4-f.ravelrycache.com/uploads/UniversalYarn/894645595/Peekaboo_Pullover_02_hi_res_medium.jpg', 'thumbnail_url': 'https://images4-f.ravelrycache.com/uploads/UniversalYarn/894645595/Peekaboo_Pullover_02_hi_res_thumbnail.jpg', 'small_url': 'https://images4-g.ravelrycache.com/uploads/UniversalYarn/894645595/Peekaboo_Pullover_02_hi_res_small_best_fit.jpg', 'flickr_url': None, 'shelved_url': 'https://images4-f.ravelrycache.com/uploads/UniversalYarn/894645595/Peekaboo_Pullover_02_hi_res_shelved.jpg', 'medium2_url': 'https://images4-a.ravelrycache.com/uploads/UniversalYarn/894645595/Peekaboo_Pullover_02_hi_res_medium2.jpg', 'small2_url': 'https://images4-g.ravelrycache.com/uploads/UniversalYarn/894645595/Peekaboo_Pullover_02_hi_res_small2.jpg', 'caption': None, 'caption_html': None, 'copyright_holder': None}, {'id': 117722897, 'sort_order': 3, 'user_id': 524556, 'x_offset': -43, 'y_offset': 0, 'square_url': 'https://images4-f.ravelrycache.com/uploads/UniversalYarn/894645603/Peekaboo_Pullover_horizontal_hi_res_square.jpg', 'medium_url': 'https://images4-g.ravelrycache.com/uploads/UniversalYarn/894645603/Peekaboo_Pullover_horizontal_hi_res_medium.jpg', 'thumbnail_url': 'https://images4-g.ravelrycache.com/uploads/UniversalYarn/894645603/Peekaboo_Pullover_horizontal_hi_res_thumbnail.jpg', 'small_url': 'https://images4-f.ravelrycache.com/uploads/UniversalYarn/894645603/Peekaboo_Pullover_horizontal_hi_res_small_best_fit.jpg', 'flickr_url': None, 'shelved_url': 'https://images4-f.ravelrycache.com/uploads/UniversalYarn/894645603/Peekaboo_Pullover_horizontal_hi_res_shelved.jpg', 'medium2_url': 'https://images4-a.ravelrycache.com/uploads/UniversalYarn/894645603/Peekaboo_Pullover_horizontal_hi_res_medium2.jpg', 'small2_url': 'https://images4-f.ravelrycache.com/uploads/UniversalYarn/894645603/Peekaboo_Pullover_horizontal_hi_res_small2.jpg', 'caption': None, 'caption_html': None, 'copyright_holder': None}, {'id': 117722898, 'sort_order': 4, 'user_id': 524556, 'x_offset': 0, 'y_offset': -43, 'square_url': 'https://images4-f.ravelrycache.com/uploads/UniversalYarn/894645588/Peekaboo_Pullover_03_hi_res_square.jpg', 'medium_url': 'https://images4-g.ravelrycache.com/uploads/UniversalYarn/894645588/Peekaboo_Pullover_03_hi_res_medium.jpg', 'thumbnail_url': 'https://images4-f.ravelrycache.com/uploads/UniversalYarn/894645588/Peekaboo_Pullover_03_hi_res_thumbnail.jpg', 'small_url': 'https://images4-g.ravelrycache.com/uploads/UniversalYarn/894645588/Peekaboo_Pullover_03_hi_res_small_best_fit.jpg', 'flickr_url': None, 'shelved_url': 'https://images4-f.ravelrycache.com/uploads/UniversalYarn/894645588/Peekaboo_Pullover_03_hi_res_shelved.jpg', 'medium2_url': 'https://images4-a.ravelrycache.com/uploads/UniversalYarn/894645588/Peekaboo_Pullover_03_hi_res_medium2.jpg', 'small2_url': 'https://images4-f.ravelrycache.com/uploads/UniversalYarn/894645588/Peekaboo_Pullover_03_hi_res_small2.jpg', 'caption': None, 'caption_html': None, 'copyright_holder': None}]"
LillaSky,FjellrosaDesign,1298266,https://www.ravelry.com/patterns/library/lillasky,False,https://images4-a.ravelrycache.com/uploads/Fjellrosa/895068930/317966124_650578353388120_913292927747342710_n_medium2.gif,Knitting,"['icord', 'top-down', 'chart', 'video-tutorial', 'in-the-round']",19.0,0.0,True,4.0,19,pullover,Fingering,3,0.0,XS til 7XL,"[{'id': 117774066, 'sort_order': 1, 'user_id': 57791, 'x_offset': 0, 'y_offset': 0, 'square_url': 'https://images4-g.ravelrycache.com/uploads/Fjellrosa/895068930/317966124_650578353388120_913292927747342710_n_square.gif', 'medium_url': 'https://images4-f.ravelrycache.com/uploads/Fjellrosa/895068930/317966124_650578353388120_913292927747342710_n_medium.gif', 'thumbnail_url': 'https://images4-f.ravelrycache.com/uploads/Fjellrosa/895068930/317966124_650578353388120_913292927747342710_n_thumbnail.gif', 'small_url': 'https://images4-g.ravelrycache.com/uploads/Fjellrosa/895068930/317966124_650578353388120_913292927747342710_n_small_best_fit.gif', 'flickr_url': None, 'shelved_url': 'https://images4-g.ravelrycache.com/uploads/Fjellrosa/895068930/317966124_650578353388120_913292927747342710_n_shelved.gif', 'medium2_url': 'https://images4-a.ravelrycache.com/uploads/Fjellrosa/895068930/317966124_650578353388120_913292927747342710_n_medium2.gif', 'small2_url': 'https://images4-g.ravelrycache.com/uploads/Fjellrosa/895068930/317966124_650578353388120_913292927747342710_n_small2.gif', 'caption': None, 'caption_html': None, 'copyright_holder': None}, {'id': 117774067, 'sort_order': 2, 'user_id': 57791, 'x_offset': 0, 'y_offset': -41, 'square_url': 'https://images4-g.ravelrycache.com/uploads/Fjellrosa/895068901/317877162_464984865749717_1418468169966736182_n_square.jpg', 'medium_url': 'https://images4-f.ravelrycache.com/uploads/Fjellrosa/895068901/317877162_464984865749717_1418468169966736182_n_medium.jpg', 'thumbnail_url': 'https://images4-g.ravelrycache.com/uploads/Fjellrosa/895068901/317877162_464984865749717_1418468169966736182_n_thumbnail.jpg', 'small_url': 'https://images4-g.ravelrycache.com/uploads/Fjellrosa/895068901/317877162_464984865749717_1418468169966736182_n_small_best_fit.jpg', 'flickr_url': None, 'shelved_url': 'https://images4-f.ravelrycache.com/uploads/Fjellrosa/895068901/317877162_464984865749717_1418468169966736182_n_shelved.jpg', 'medium2_url': 'https://images4-a.ravelrycache.com/uploads/Fjellrosa/895068901/317877162_464984865749717_1418468169966736182_n_medium2.jpg', 'small2_url': 'https://images4-g.ravelrycache.com/uploads/Fjellrosa/895068901/317877162_464984865749717_1418468169966736182_n_small2.jpg', 'caption': None, 'caption_html': None, 'copyright_holder': None}, {'id': 117774068, 'sort_order': 3, 'user_id': 57791, 'x_offset': 0, 'y_offset': 0, 'square_url': 'https://images4-f.ravelrycache.com/uploads/Fjellrosa/895068801/318021379_516679667147658_8573447043907600698_n_square.gif', 'medium_url': 'https://images4-g.ravelrycache.com/uploads/Fjellrosa/895068801/318021379_516679667147658_8573447043907600698_n_medium.gif', 'thumbnail_url': 'https://images4-g.ravelrycache.com/uploads/Fjellrosa/895068801/318021379_516679667147658_8573447043907600698_n_thumbnail.gif', 'small_url': 'https://images4-f.ravelrycache.com/uploads/Fjellrosa/895068801/318021379_516679667147658_8573447043907600698_n_small_best_fit.gif', 'flickr_url': None, 'shelved_url': 'https://images4-g.ravelrycache.com/uploads/Fjellrosa/895068801/318021379_516679667147658_8573447043907600698_n_shelved.gif', 'medium2_url': 'https://images4-a.ravelrycache.com/uploads/Fjellrosa/895068801/318021379_516679667147658_8573447043907600698_n_medium2.gif', 'small2_url': 'https://images4-f.ravelrycache.com/uploads/Fjellrosa/895068801/318021379_516679667147658_8573447043907600698_n_small2.gif', 'caption': None, 'caption_html': None, 'copyright_holder': None}, {'id': 117774069, 'sort_order': 4, 'user_id': 57791, 'x_offset': -5, 'y_offset': -35, 'square_url': 'https://images4-g.ravelrycache.com/uploads/Fjellrosa/895068980/318294602_480855827364338_3446536816556236922_n_square.jpg', 'medium_url': 'https://images4-f.ravelrycache.com/uploads/Fjellrosa/895068980/318294602_480855827364338_3446536816556236922_n_medium.jpg', 'thumbnail_url': 'https://images4-f.ravelrycache.com/uploads/Fjellrosa/895068980/318294602_480855827364338_3446536816556236922_n_thumbnail.jpg', 'small_url': 'https://images4-f.ravelrycache.com/uploads/Fjellrosa/895068980/318294602_480855827364338_3446536816556236922_n_small.jpg', 'flickr_url': None, 'shelved_url': 'https://images4-g.ravelrycache.com/uploads/Fjellrosa/895068980/318294602_480855827364338_3446536816556236922_n_shelved.jpg', 'medium2_url': 'https://images4-a.ravelrycache.com/uploads/Fjellrosa/895068980/318294602_480855827364338_3446536816556236922_n_medium2.jpg', 'small2_url': 'https://images4-g.ravelrycache.com/uploads/Fjellrosa/895068980/318294602_480855827364338_3446536816556236922_n_small2.jpg', 'caption': None, 'caption_html': None, 'copyright_holder': None}, {'id': 117774070, 'sort_order': 5, 'user_id': 57791, 'x_offset': -1, 'y_offset': -10, 'square_url': 'https://images4-f.ravelrycache.com/uploads/Fjellrosa/895069108/318342505_669544478096111_7915673034421448606_n_square.jpg', 'medium_url': 'https://images4-g.ravelrycache.com/uploads/Fjellrosa/895069108/318342505_669544478096111_7915673034421448606_n_medium.jpg', 'thumbnail_url': 'https://images4-f.ravelrycache.com/uploads/Fjellrosa/895069108/318342505_669544478096111_7915673034421448606_n_thumbnail.jpg', 'small_url': 'https://images4-f.ravelrycache.com/uploads/Fjellrosa/895069108/318342505_669544478096111_7915673034421448606_n_small_best_fit.jpg', 'flickr_url': None, 'shelved_url': 'https://images4-g.ravelrycache.com/uploads/Fjellrosa/895069108/318342505_669544478096111_7915673034421448606_n_shelved.jpg', 'medium2_url': 'https://images4-a.ravelrycache.com/uploads/Fjellrosa/895069108/318342505_669544478096111_7915673034421448606_n_medium2.jpg', 'small2_url': 'https://images4-f.ravelrycache.com/uploads/Fjellrosa/895069108/318342505_669544478096111_7915673034421448606_n_small2.jpg', 'caption': None, 'caption_html': None, 'copyright_holder': None}]"
Hiisi,Katinka Sarjanoja,1298336,https://www.ravelry.com/patterns/library/hiisi,False,https://images4-a.ravelrycache.com/uploads/NeulenoitaDesign/895196746/IMG_4579-Edit_medium2.jpg,Knitting,"['adult', 'short-rows', 'top-down', 'in-the-round', 'other-colorwork']",22.0,0.0,False,4.0,,pullover,Aran,3,0.0,S-XL,"[{'id': 117789408, 'sort_order': 1, 'user_id': 10737574, 'x_offset': 0, 'y_offset': -43, 'square_url': 'https://images4-g.ravelrycache.com/uploads/NeulenoitaDesign/895196746/IMG_4579-Edit_square.jpg', 'medium_url': 'https://images4-f.ravelrycache.com/uploads/NeulenoitaDesign/895196746/IMG_4579-Edit_medium.jpg', 'thumbnail_url': 'https://images4-f.ravelrycache.com/uploads/NeulenoitaDesign/895196746/IMG_4579-Edit_thumbnail.jpg', 'small_url': 'https://images4-g.ravelrycache.com/uploads/NeulenoitaDesign/895196746/IMG_4579-Edit_small_best_fit.jpg', 'flickr_url': None, 'shelved_url': 'https://images4-f.ravelrycache.com/uploads/NeulenoitaDesign/895196746/IMG_4579-Edit_shelved.jpg', 'medium2_url': 'https://images4-a.ravelrycache.com/uploads/NeulenoitaDesign/895196746/IMG_4579-Edit_medium2.jpg', 'small2_url': 'https://images4-g.ravelrycache.com/uploads/NeulenoitaDesign/895196746/IMG_4579-Edit_small2.jpg', 'caption': None, 'caption_html': None, 'copyright_holder': None}, {'id': 117789409, 'sort_order': 2, 'user_id': 10737574, 'x_offset': 0, 'y_offset': -43, 'square_url': 'https://images4-g.ravelrycache.com/uploads/NeulenoitaDesign/895196749/IMG_4503_square.jpg', 'medium_url': 'https://images4-f.ravelrycache.com/uploads/NeulenoitaDesign/895196749/IMG_4503_medium.jpg', 'thumbnail_url': 'https://images4-f.ravelrycache.com/uploads/NeulenoitaDesign/895196749/IMG_4503_thumbnail.jpg', 'small_url': 'https://images4-f.ravelrycache.com/uploads/NeulenoitaDesign/895196749/IMG_4503_small_best_fit.jpg', 'flickr_url': None, 'shelved_url': 'https://images4-g.ravelrycache.com/uploads/NeulenoitaDesign/895196749/IMG_4503_shelved.jpg', 'medium2_url': 'https://images4-a.ravelrycache.com/uploads/NeulenoitaDesign/895196749/IMG_4503_medium2.jpg', 'small2_url': 'https://images4-g.ravelrycache.com/uploads/NeulenoitaDesign/895196749/IMG_4503_small2.jpg', 'caption': None, 'caption_html': None, 'copyright_holder': None}, {'id': 117789410, 'sort_order': 3, 'user_id': 10737574, 'x_offset': 0, 'y_offset': -43, 'square_url': 'https://images4-f.ravelrycache.com/uploads/NeulenoitaDesign/895196748/IMG_4200_square.jpg', 'medium_url': 'https://images4-g.ravelrycache.com/uploads/NeulenoitaDesign/895196748/IMG_4200_medium.jpg', 'thumbnail_url': 'https://images4-g.ravelrycache.com/uploads/NeulenoitaDesign/895196748/IMG_4200_thumbnail.jpg', 'small_url': 'https://images4-g.ravelrycache.com/uploads/NeulenoitaDesign/895196748/IMG_4200_small_best_fit.jpg', 'flickr_url': None, 'shelved_url': 'https://images4-g.ravelrycache.com/uploads/NeulenoitaDesign/895196748/IMG_4200_shelved.jpg', 'medium2_url': 'https://images4-a.ravelrycache.com/uploads/NeulenoitaDesign/895196748/IMG_4200_medium2.jpg', 'small2_url': 'https://images4-f.ravelrycache.com/uploads/NeulenoitaDesign/895196748/IMG_4200_small2.jpg', 'caption': None, 'caption_html': None, 'copyright_holder': None}, {'id': 117789411, 'sort_order': 4, 'user_id': 10737574, 'x_offset': 0, 'y_offset': -43, 'square_url': 'https://images4-g.ravelrycache.com/uploads/NeulenoitaDesign/895196747/IMG_4171_square.jpg', 'medium_url': 'https://images4-f.ravelrycache.com/uploads/NeulenoitaDesign/895196747/IMG_4171_medium.jpg', 'thumbnail_url': 'https://images4-g.ravelrycache.com/uploads/NeulenoitaDesign/895196747/IMG_4171_thumbnail.jpg', 'small_url': 'https://images4-f.ravelrycache.com/uploads/NeulenoitaDesign/895196747/IMG_4171_small_best_fit.jpg', 'flickr_url': None, 'shelved_url': 'https://images4-g.ravelrycache.com/uploads/NeulenoitaDesign/895196747/IMG_4171_shelved.jpg', 'medium2_url': 'https://images4-a.ravelrycache.com/uploads/NeulenoitaDesign/895196747/IMG_4171_medium2.jpg', 'small2_url': 'https://images4-g.ravelrycache.com/uploads/NeulenoitaDesign/895196747/IMG_4171_small2.jpg', 'caption': None, 'caption_html': None, 'copyright_holder': None}, {'id': 117789412, 'sort_order': 5, 'user_id': 10737574, 'x_offset': 0, 'y_offset': 0, 'square_url': 'https://images4-f.ravelrycache.com/uploads/NeulenoitaDesign/895196728/hiisi_square.png', 'medium_url': 'https://images4-g.ravelrycache.com/uploads/NeulenoitaDesign/895196728/hiisi_medium.png', 'thumbnail_url': 'https://images4-g.ravelrycache.com/uploads/NeulenoitaDesign/895196728/hiisi_thumbnail.png', 'small_url': 'https://images4-g.ravelrycache.com/uploads/NeulenoitaDesign/895196728/hiisi_small_best_fit.png', 'flickr_url': None, 'shelved_url': 'https://images4-f.ravelrycache.com/uploads/NeulenoitaDesign/895196728/hiisi_shelved.png', 'medium2_url': 'https://images4-a.ravelrycache.com/uploads/NeulenoitaDesign/895196728/hiisi_medium2.png', 'small2_url': 'https://images4-f.ravelrycache.com/uploads/NeulenoitaDesign/895196728/hiisi_small2.png', 'caption': None, 'caption_html': None, 'copyright_holder': None}]"
Pull Fairy Winter,Même les anges tricotent,1298370,https://www.ravelry.com/patterns/library/pull-fairy-winter,False,https://images4-a.ravelrycache.com/uploads/Lohlae/895221099/g_medium2.jpg,Knitting,"['female', 'teen', 'adult', 'textured', 'one-piece', 'short-rows', 'top-down', 'chart', 'written-pattern', 'in-the-round']",20.0,5.25,True,4.0,,pullover,Sport,24,4.8,85 à 166 cm de Tour de Poitrine,"[{'id': 117792447, 'sort_order': 1, 'user_id': 5285433, 'x_offset': 0, 'y_offset': 0, 'square_url': 'https://images4-f.ravelrycache.com/uploads/Lohlae/895221099/g_square.jpg', 'medium_url': 'https://images4-g.ravelrycache.com/uploads/Lohlae/895221099/g_medium.jpg', 'thumbnail_url': 'https://images4-f.ravelrycache.com/uploads/Lohlae/895221099/g_thumbnail.jpg', 'small_url': 'https://images4-f.ravelrycache.com/uploads/Lohlae/895221099/g_small_best_fit.jpg', 'flickr_url': None, 'shelved_url': 'https://images4-f.ravelrycache.com/uploads/Lohlae/895221099/g_shelved.jpg', 'medium2_url': 'https://images4-a.ravelrycache.com/uploads/Lohlae/895221099/g_medium2.jpg', 'small2_url': 'https://images4-f.ravelrycache.com/uploads/Lohlae/895221099/g_small2.jpg', 'caption': None, 'caption_html': None, 'copyright_holder': None}, {'id': 117792448, 'sort_order': 2, 'user_id': 5285433, 'x_offset': -5, 'y_offset': -35, 'square_url': 'https://images4-f.ravelrycache.com/uploads/Lohlae/895221102/e_square.jpg', 'medium_url': 'https://images4-g.ravelrycache.com/uploads/Lohlae/895221102/e_medium.jpg', 'thumbnail_url': 'https://images4-g.ravelrycache.com/uploads/Lohlae/895221102/e_thumbnail.jpg', 'small_url': 'https://images4-f.ravelrycache.com/uploads/Lohlae/895221102/e_small.jpg', 'flickr_url': None, 'shelved_url': 'https://images4-f.ravelrycache.com/uploads/Lohlae/895221102/e_shelved.jpg', 'medium2_url': 'https://images4-a.ravelrycache.com/uploads/Lohlae/895221102/e_medium2.jpg', 'small2_url': 'https://images4-f.ravelrycache.com/uploads/Lohlae/895221102/e_small2.jpg', 'caption': None, 'caption_html': None, 'copyright_holder': None}, {'id': 117792449, 'sort_order': 3, 'user_id': 5285433, 'x_offset': 0, 'y_offset': 0, 'square_url': 'https://images4-g.ravelrycache.com/uploads/Lohlae/895221100/a_square.jpg', 'medium_url': 'https://images4-f.ravelrycache.com/uploads/Lohlae/895221100/a_medium.jpg', 'thumbnail_url': 'https://images4-g.ravelrycache.com/uploads/Lohlae/895221100/a_thumbnail.jpg', 'small_url': 'https://images4-f.ravelrycache.com/uploads/Lohlae/895221100/a_small_best_fit.jpg', 'flickr_url': None, 'shelved_url': 'https://images4-f.ravelrycache.com/uploads/Lohlae/895221100/a_shelved.jpg', 'medium2_url': 'https://images4-a.ravelrycache.com/uploads/Lohlae/895221100/a_medium2.jpg', 'small2_url': 'https://images4-g.ravelrycache.com/uploads/Lohlae/895221100/a_small2.jpg', 'caption': None, 'caption_html': None, 'copyright_holder': None}, {'id': 117792450, 'sort_order': 4, 'user_id': 5285433, 'x_offset': 0, 'y_offset': 0, 'square_url': 'https://images4-g.ravelrycache.com/uploads/Lohlae/895221095/d_square.jpg', 'medium_url': 'https://images4-f.ravelrycache.com/uploads/Lohlae/895221095/d_medium.jpg', 'thumbnail_url': 'https://images4-f.ravelrycache.com/uploads/Lohlae/895221095/d_thumbnail.jpg', 'small_url': 'https://images4-g.ravelrycache.com/uploads/Lohlae/895221095/d_small_best_fit.jpg', 'flickr_url': None, 'shelved_url': 'https://images4-g.ravelrycache.com/uploads/Lohlae/895221095/d_shelved.jpg', 'medium2_url': 'https://images4-a.ravelrycache.com/uploads/Lohlae/895221095/d_medium2.jpg', 'small2_url': 'https://images4-g.ravelrycache.com/uploads/Lohlae/895221095/d_small2.jpg', 'caption': None, 'caption_html': None, 'copyright_holder': None}, {'id': 117792451, 'sort_order': 5, 'user_id': 5285433, 'x_offset': -5, 'y_offset': -35, 'square_url': 'https://images4-g.ravelrycache.com/uploads/Lohlae/895221103/f_square.jpg', 'medium_url': 'https://images4-f.ravelrycache.com/uploads/Lohlae/895221103/f_medium.jpg', 'thumbnail_url': 'https://images4-f.ravelrycache.com/uploads/Lohlae/895221103/f_thumbnail.jpg', 'small_url': 'https://images4-f.ravelrycache.com/uploads/Lohlae/895221103/f_small.jpg', 'flickr_url': None, 'shelved_url': 'https://images4-g.ravelrycache.com/uploads/Lohlae/895221103/f_shelved.jpg', 'medium2_url': 'https://images4-a.ravelrycache.com/uploads/Lohlae/895221103/f_medium2.jpg', 'small2_url': 'https://images4-g.ravelrycache.com/uploads/Lohlae/895221103/f_small2.jpg', 'caption': None, 'caption_html': None, 'copyright_holder': None}, {'id': 117792452, 'sort_order': 6, 'user_id': 5285433, 'x_offset': -5, 'y_offset': -35, 'square_url': 'https://images4-g.ravelrycache.com/uploads/Lohlae/895221096/b_square.jpg', 'medium_url': 'https://images4-f.ravelrycache.com/uploads/Lohlae/895221096/b_medium.jpg', 'thumbnail_url': 'https://images4-g.ravelrycache.com/uploads/Lohlae/895221096/b_thumbnail.jpg', 'small_url': 'https://images4-g.ravelrycache.com/uploads/Lohlae/895221096/b_small.jpg', 'flickr_url': None, 'shelved_url': 'https://images4-g.ravelrycache.com/uploads/Lohlae/895221096/b_shelved.jpg', 'medium2_url': 'https://images4-a.ravelrycache.com/uploads/Lohlae/895221096/b_medium2.jpg', 'small2_url': 'https://images4-g.ravelrycache.com/uploads/Lohlae/895221096/b_small2.jpg', 'caption': None, 'caption_html': None, 'copyright_holder': None}]"
ByFin Genser Barn,Ingunn Myklebust,1298408,https://www.ravelry.com/patterns/library/byfin-genser-barn,False,https://images4-a.ravelrycache.com/uploads/Bitta123/895296569/D4C60829-6694-4D83-9E7A-09AFEAFBF49F_medium2.jpeg,Knitting,"['unisex', 'toddler', 'child', 'stranded', 'bottom-up', 'norwegian', 'chart', 'written-pattern']",,0.0,True,4.0,,child,Sport,12,0.0,1-12,"[{'id': 117801561, 'sort_order': 1, 'user_id': 11255333, 'x_offset': -2, 'y_offset': -35, 'square_url': 'https://images4-f.ravelrycache.com/uploads/Bitta123/895296569/D4C60829-6694-4D83-9E7A-09AFEAFBF49F_square.jpeg', 'medium_url': 'https://images4-f.ravelrycache.com/uploads/Bitta123/895296569/D4C60829-6694-4D83-9E7A-09AFEAFBF49F_medium.jpeg', 'thumbnail_url': 'https://images4-f.ravelrycache.com/uploads/Bitta123/895296569/D4C60829-6694-4D83-9E7A-09AFEAFBF49F_thumbnail.jpeg', 'small_url': 'https://images4-f.ravelrycache.com/uploads/Bitta123/895296569/D4C60829-6694-4D83-9E7A-09AFEAFBF49F_small.jpeg', 'flickr_url': None, 'shelved_url': 'https://images4-g.ravelrycache.com/uploads/Bitta123/895296569/D4C60829-6694-4D83-9E7A-09AFEAFBF49F_shelved.jpeg', 'medium2_url': 'https://images4-a.ravelrycache.com/uploads/Bitta123/895296569/D4C60829-6694-4D83-9E7A-09AFEAFBF49F_medium2.jpeg', 'small2_url': 'https://images4-g.ravelrycache.com/uploads/Bitta123/895296569/D4C60829-6694-4D83-9E7A-09AFEAFBF49F_small2.jpeg', 'caption': None, 'caption_html': None, 'copyright_holder': None}, {'id': 117801562, 'sort_order': 2, 'user_id': 11255333, 'x_offset': -2, 'y_offset': -35, 'square_url': 'https://images4-g.ravelrycache.com/uploads/Bitta123/895296574/2FAD2F80-21DF-456B-81DF-91051CFF90AC_square.jpeg', 'medium_url': 'https://images4-g.ravelrycache.com/uploads/Bitta123/895296574/2FAD2F80-21DF-456B-81DF-91051CFF90AC_medium.jpeg', 'thumbnail_url': 'https://images4-g.ravelrycache.com/uploads/Bitta123/895296574/2FAD2F80-21DF-456B-81DF-91051CFF90AC_thumbnail.jpeg', 'small_url': 'https://images4-f.ravelrycache.com/uploads/Bitta123/895296574/2FAD2F80-21DF-456B-81DF-91051CFF90AC_small.jpeg', 'flickr_url': None, 'shelved_url': 'https://images4-g.ravelrycache.com/uploads/Bitta123/895296574/2FAD2F80-21DF-456B-81DF-91051CFF90AC_shelved.jpeg', 'medium2_url': 'https://images4-a.ravelrycache.com/uploads/Bitta123/895296574/2FAD2F80-21DF-456B-81DF-91051CFF90AC_medium2.jpeg', 'small2_url': 'https://images4-f.ravelrycache.com/uploads/Bitta123/895296574/2FAD2F80-21DF-456B-81DF-91051CFF90AC_small2.jpeg', 'caption': None, 'caption_html': None, 'copyright_holder': None}, {'id': 117801563, 'sort_order': 3, 'user_id': 11255333, 'x_offset': -2, 'y_offset': -35, 'square_url': 'https://images4-f.ravelrycache.com/uploads/Bitta123/895296570/6DA3FBBB-6B47-41D3-9BB2-079461EEC833_square.jpeg', 'medium_url': 'https://images4-f.ravelrycache.com/uploads/Bitta123/895296570/6DA3FBBB-6B47-41D3-9BB2-079461EEC833_medium.jpeg', 'thumbnail_url': 'https://images4-f.ravelrycache.com/uploads/Bitta123/895296570/6DA3FBBB-6B47-41D3-9BB2-079461EEC833_thumbnail.jpeg', 'small_url': 'https://images4-f.ravelrycache.com/uploads/Bitta123/895296570/6DA3FBBB-6B47-41D3-9BB2-079461EEC833_small.jpeg', 'flickr_url': None, 'shelved_url': 'https://images4-f.ravelrycache.com/uploads/Bitta123/895296570/6DA3FBBB-6B47-41D3-9BB2-079461EEC833_shelved.jpeg', 'medium2_url': 'https://images4-a.ravelrycache.com/uploads/Bitta123/895296570/6DA3FBBB-6B47-41D3-9BB2-079461EEC833_medium2.jpeg', 'small2_url': 'https://images4-g.ravelrycache.com/uploads/Bitta123/895296570/6DA3FBBB-6B47-41D3-9BB2-079461EEC833_small2.jpeg', 'caption': None, 'caption_html': None, 'copyright_holder': None}]"
Pull Lula,we are knitters,1298509,https://www.ravelry.com/patterns/library/pull-lula,False,https://images4-a.ravelrycache.com/uploads/weareknitters/895440759/knitting-kit-mohair-lula-sweater_en-04_1_medium2.jpeg,Knitting,"['female', 'adult', 'seamed', 'stripes-colorwork']",11.0,2.5,True,4.0,,pullover,,10,3.25,"S, M, L and XL","[{'id': 117818882, 'sort_order': 1, 'user_id': 3343245, 'x_offset': -2, 'y_offset': -35, 'square_url': 'https://images4-g.ravelrycache.com/uploads/weareknitters/895440759/knitting-kit-mohair-lula-sweater_en-04_1_square.jpeg', 'medium_url': 'https://images4-g.ravelrycache.com/uploads/weareknitters/895440759/knitting-kit-mohair-lula-sweater_en-04_1_medium.jpeg', 'thumbnail_url': 'https://images4-g.ravelrycache.com/uploads/weareknitters/895440759/knitting-kit-mohair-lula-sweater_en-04_1_thumbnail.jpeg', 'small_url': 'https://images4-f.ravelrycache.com/uploads/weareknitters/895440759/knitting-kit-mohair-lula-sweater_en-04_1_small.jpeg', 'flickr_url': None, 'shelved_url': 'https://images4-g.ravelrycache.com/uploads/weareknitters/895440759/knitting-kit-mohair-lula-sweater_en-04_1_shelved.jpeg', 'medium2_url': 'https://images4-a.ravelrycache.com/uploads/weareknitters/895440759/knitting-kit-mohair-lula-sweater_en-04_1_medium2.jpeg', 'small2_url': 'https://images4-f.ravelrycache.com/uploads/weareknitters/895440759/knitting-kit-mohair-lula-sweater_en-04_1_small2.jpeg', 'caption': None, 'caption_html': None, 'copyright_holder': None}, {'id': 117818883, 'sort_order': 2, 'user_id': 3343245, 'x_offset': -2, 'y_offset': -35, 'square_url': 'https://images4-g.ravelrycache.com/uploads/weareknitters/895440741/knitting-kit-mohair-lula-sweater_en-03_square.jpeg', 'medium_url': 'https://images4-g.ravelrycache.com/uploads/weareknitters/895440741/knitting-kit-mohair-lula-sweater_en-03_medium.jpeg', 'thumbnail_url': 'https://images4-f.ravelrycache.com/uploads/weareknitters/895440741/knitting-kit-mohair-lula-sweater_en-03_thumbnail.jpeg', 'small_url': 'https://images4-f.ravelrycache.com/uploads/weareknitters/895440741/knitting-kit-mohair-lula-sweater_en-03_small.jpeg', 'flickr_url': None, 'shelved_url': 'https://images4-f.ravelrycache.com/uploads/weareknitters/895440741/knitting-kit-mohair-lula-sweater_en-03_shelved.jpeg', 'medium2_url': 'https://images4-a.ravelrycache.com/uploads/weareknitters/895440741/knitting-kit-mohair-lula-sweater_en-03_medium2.jpeg', 'small2_url': 'https://images4-f.ravelrycache.com/uploads/weareknitters/895440741/knitting-kit-mohair-lula-sweater_en-03_small2.jpeg', 'caption': None, 'caption_html': None, 'copyright_holder': None}, {'id': 117818884, 'sort_order': 3, 'user_id': 3343245, 'x_offset': -2, 'y_offset': -35, 'square_url': 'https://images4-g.ravelrycache.com/uploads/weareknitters/895440736/knitting-kit-mohair-lula-sweater_en-01_square.jpeg', 'medium_url': 'https://images4-g.ravelrycache.com/uploads/weareknitters/895440736/knitting-kit-mohair-lula-sweater_en-01_medium.jpeg', 'thumbnail_url': 'https://images4-g.ravelrycache.com/uploads/weareknitters/895440736/knitting-kit-mohair-lula-sweater_en-01_thumbnail.jpeg', 'small_url': 'https://images4-f.ravelrycache.com/uploads/weareknitters/895440736/knitting-kit-mohair-lula-sweater_en-01_small.jpeg', 'flickr_url': None, 'shelved_url': 'https://images4-g.ravelrycache.com/uploads/weareknitters/895440736/knitting-kit-mohair-lula-sweater_en-01_shelved.jpeg', 'medium2_url': 'https://images4-a.ravelrycache.com/uploads/weareknitters/895440736/knitting-kit-mohair-lula-sweater_en-01_medium2.jpeg', 'small2_url': 'https://images4-f.ravelrycache.com/uploads/weareknitters/895440736/knitting-kit-mohair-lula-sweater_en-01_small2.jpeg', 'caption': None, 'caption_html': None, 'copyright_holder': None}, {'id': 117818885, 'sort_order': 4, 'user_id': 3343245, 'x_offset': -2, 'y_offset': -35, 'square_url': 'https://images4-f.ravelrycache.com/uploads/weareknitters/895440748/knitting-kit-mohair-lula-sweater_en-02_square.jpeg', 'medium_url': 'https://images4-f.ravelrycache.com/uploads/weareknitters/895440748/knitting-kit-mohair-lula-sweater_en-02_medium.jpeg', 'thumbnail_url': 'https://images4-f.ravelrycache.com/uploads/weareknitters/895440748/knitting-kit-mohair-lula-sweater_en-02_thumbnail.jpeg', 'small_url': 'https://images4-g.ravelrycache.com/uploads/weareknitters/895440748/knitting-kit-mohair-lula-sweater_en-02_small.jpeg', 'flickr_url': None, 'shelved_url': 'https://images4-g.ravelrycache.com/uploads/weareknitters/895440748/knitting-kit-mohair-lula-sweater_en-02_shelved.jpeg', 'medium2_url': 'https://images4-a.ravelrycache.com/uploads/weareknitters/895440748/knitting-kit-mohair-lula-sweater_en-02_medium2.jpeg', 'small2_url': 'https://images4-g.ravelrycache.com/uploads/weareknitters/895440748/knitting-kit-mohair-lula-sweater_en-02_small2.jpeg', 'caption': None, 'caption_html': None, 'copyright_holder': None}]"
Professor Pullover,Claire Jackson (Perfectly Knotted),1298588,https://www.ravelry.com/patterns/library/professor-pullover-2,False,https://images4-a.ravelrycache.com/uploads/clairejaxn/895395118/311525931_419531790350587_1552296882228603120_n_medium2.jpg,Knitting,"['female', 'unisex', 'teen', 'adult', 'oversized', 'ribbed', 'collar', 'long-sleeve', 'raglan-sleeve', 'one-piece', 'top-down', 'mock-turtleneck', 'positive-ease', 'written-pattern', 'in-the-round', 'stripes-colorwork']",18.0,2.25,True,4.0,"stockinette, in the round, blocked",pullover,Worsted,24,4.833333333333333,"30"", 34"", 38"", 42"", 46"", 50"", 54"", 58"", 62"" 66"", 70"" ","[{'id': 117826109, 'sort_order': 1, 'user_id': 7389106, 'x_offset': -5, 'y_offset': -35, 'square_url': 'https://images4-f.ravelrycache.com/uploads/clairejaxn/895395118/311525931_419531790350587_1552296882228603120_n_square.jpg', 'medium_url': 'https://images4-g.ravelrycache.com/uploads/clairejaxn/895395118/311525931_419531790350587_1552296882228603120_n_medium.jpg', 'thumbnail_url': 'https://images4-g.ravelrycache.com/uploads/clairejaxn/895395118/311525931_419531790350587_1552296882228603120_n_thumbnail.jpg', 'small_url': 'https://images4-g.ravelrycache.com/uploads/clairejaxn/895395118/311525931_419531790350587_1552296882228603120_n_small.jpg', 'flickr_url': None, 'shelved_url': 'https://images4-f.ravelrycache.com/uploads/clairejaxn/895395118/311525931_419531790350587_1552296882228603120_n_shelved.jpg', 'medium2_url': 'https://images4-a.ravelrycache.com/uploads/clairejaxn/895395118/311525931_419531790350587_1552296882228603120_n_medium2.jpg', 'small2_url': 'https://images4-f.ravelrycache.com/uploads/clairejaxn/895395118/311525931_419531790350587_1552296882228603120_n_small2.jpg', 'caption': None, 'caption_html': None, 'copyright_holder': None}, {'id': 118105541, 'sort_order': 2, 'user_id': 9566955, 'x_offset': -5, 'y_offset': -35, 'square_url': 'https://images4-g.ravelrycache.com/uploads/flosknitfits/892551179/IMG_7870_square.HEIC', 'medium_url': 'https://images4-g.ravelrycache.com/uploads/flosknitfits/892551179/IMG_7870_medium.HEIC', 'thumbnail_url': 'https://images4-f.ravelrycache.com/uploads/flosknitfits/892551179/IMG_7870_thumbnail.HEIC', 'small_url': 'https://images4-f.ravelrycache.com/uploads/flosknitfits/892551179/IMG_7870_small.HEIC', 'flickr_url': None, 'shelved_url': 'https://images4-f.ravelrycache.com/uploads/flosknitfits/892551179/IMG_7870_shelved.HEIC', 'medium2_url': 'https://images4-a.ravelrycache.com/uploads/flosknitfits/892551179/IMG_7870_medium2.HEIC', 'small2_url': 'https://images4-f.ravelrycache.com/uploads/flosknitfits/892551179/IMG_7870_small2.HEIC', 'caption': None, 'caption_html': None, 'copyright_holder': None}, {'id': 117996623, 'sort_order': 3, 'user_id': 8308385, 'x_offset': 0, 'y_offset': 0, 'square_url': 'https://images4-f.ravelrycache.com/uploads/blamethebooks/893861601/5A277507-3A1A-405A-A038-30A596F11C90_square.jpeg', 'medium_url': 'https://images4-f.ravelrycache.com/uploads/blamethebooks/893861601/5A277507-3A1A-405A-A038-30A596F11C90_medium.jpeg', 'thumbnail_url': 'https://images4-g.ravelrycache.com/uploads/blamethebooks/893861601/5A277507-3A1A-405A-A038-30A596F11C90_thumbnail.jpeg', 'small_url': 'https://images4-f.ravelrycache.com/uploads/blamethebooks/893861601/5A277507-3A1A-405A-A038-30A596F11C90_small_best_fit.jpeg', 'flickr_url': None, 'shelved_url': 'https://images4-f.ravelrycache.com/uploads/blamethebooks/893861601/5A277507-3A1A-405A-A038-30A596F11C90_shelved.jpeg', 'medium2_url': 'https://images4-a.ravelrycache.com/uploads/blamethebooks/893861601/5A277507-3A1A-405A-A038-30A596F11C90_medium2.jpeg', 'small2_url': 'https://images4-g.ravelrycache.com/uploads/blamethebooks/893861601/5A277507-3A1A-405A-A038-30A596F11C90_small2.jpeg', 'caption': None, 'caption_html': None, 'copyright_holder': None}, {'id': 118136925, 'sort_order': 4, 'user_id': 671633, 'x_offset': 0, 'y_offset': 0, 'square_url': 'https://images4-f.ravelrycache.com/uploads/musterpattern/893224594/F6F5C8B9-F33F-493D-BDDA-CAC6682154EC_square.jpeg', 'medium_url': 'https://images4-f.ravelrycache.com/uploads/musterpattern/893224594/F6F5C8B9-F33F-493D-BDDA-CAC6682154EC_medium.jpeg', 'thumbnail_url': 'https://images4-g.ravelrycache.com/uploads/musterpattern/893224594/F6F5C8B9-F33F-493D-BDDA-CAC6682154EC_thumbnail.jpeg', 'small_url': 'https://images4-f.ravelrycache.com/uploads/musterpattern/893224594/F6F5C8B9-F33F-493D-BDDA-CAC6682154EC_small_best_fit.jpeg', 'flickr_url': None, 'shelved_url': 'https://images4-f.ravelrycache.com/uploads/musterpattern/893224594/F6F5C8B9-F33F-493D-BDDA-CAC6682154EC_shelved.jpeg', 'medium2_url': 'https://images4-a.ravelrycache.com/uploads/musterpattern/893224594/F6F5C8B9-F33F-493D-BDDA-CAC6682154EC_medium2.jpeg', 'small2_url': 'https://images4-g.ravelrycache.com/uploads/musterpattern/893224594/F6F5C8B9-F33F-493D-BDDA-CAC6682154EC_small2.jpeg', 'caption': None, 'caption_html': None, 'copyright_holder': None}, {'id': 117935580, 'sort_order': 5, 'user_id': 9745746, 'x_offset': -5, 'y_offset': -35, 'square_url': 'https://images4-g.ravelrycache.com/uploads/juleigh47/894666491/B05F5C86-9AC1-4F85-BD40-A811BA0A0955_square.jpeg', 'medium_url': 'https://images4-g.ravelrycache.com/uploads/juleigh47/894666491/B05F5C86-9AC1-4F85-BD40-A811BA0A0955_medium.jpeg', 'thumbnail_url': 'https://images4-g.ravelrycache.com/uploads/juleigh47/894666491/B05F5C86-9AC1-4F85-BD40-A811BA0A0955_thumbnail.jpeg', 'small_url': 'https://images4-g.ravelrycache.com/uploads/juleigh47/894666491/B05F5C86-9AC1-4F85-BD40-A811BA0A0955_small.jpeg', 'flickr_url': None, 'shelved_url': 'https://images4-f.ravelrycache.com/uploads/juleigh47/894666491/B05F5C86-9AC1-4F85-BD40-A811BA0A0955_shelved.jpeg', 'medium2_url': 'https://images4-a.ravelrycache.com/uploads/juleigh47/894666491/B05F5C86-9AC1-4F85-BD40-A811BA0A0955_medium2.jpeg', 'small2_url': 'https://images4-f.ravelrycache.com/uploads/juleigh47/894666491/B05F5C86-9AC1-4F85-BD40-A811BA0A0955_small2.jpeg', 'caption': None, 'caption_html': None, 'copyright_holder': None}, {'id': 118282075, 'sort_order': 6, 'user_id': 9711617, 'x_offset': -5, 'y_offset': -35, 'square_url': 'https://images4-g.ravelrycache.com/uploads/sarahluciekay/895495561/Picsart_22-12-17_15-31-29-995_square.jpg', 'medium_url': 'https://images4-f.ravelrycache.com/uploads/sarahluciekay/895495561/Picsart_22-12-17_15-31-29-995_medium.jpg', 'thumbnail_url': 'https://images4-g.ravelrycache.com/uploads/sarahluciekay/895495561/Picsart_22-12-17_15-31-29-995_thumbnail.jpg', 'small_url': 'https://images4-f.ravelrycache.com/uploads/sarahluciekay/895495561/Picsart_22-12-17_15-31-29-995_small.jpg', 'flickr_url': None, 'shelved_url': 'https://images4-g.ravelrycache.com/uploads/sarahluciekay/895495561/Picsart_22-12-17_15-31-29-995_shelved.jpg', 'medium2_url': 'https://images4-a.ravelrycache.com/uploads/sarahluciekay/895495561/Picsart_22-12-17_15-31-29-995_medium2.jpg', 'small2_url': 'https://images4-g.ravelrycache.com/uploads/sarahluciekay/895495561/Picsart_22-12-17_15-31-29-995_small2.jpg', 'caption': None, 'caption_html': None, 'copyright_holder': None}, {'id': 117886039, 'sort_order': 7, 'user_id': 2916551, 'x_offset': -3, 'y_offset': -29, 'square_url': 'https://images4-g.ravelrycache.com/uploads/srose128/895107840/IMG_6426_square.jpg', 'medium_url': 'https://images4-f.ravelrycache.com/uploads/srose128/895107840/IMG_6426_medium.jpg', 'thumbnail_url': 'https://images4-g.ravelrycache.com/uploads/srose128/895107840/IMG_6426_thumbnail.jpg', 'small_url': 'https://images4-g.ravelrycache.com/uploads/srose128/895107840/IMG_6426_small.jpg', 'flickr_url': None, 'shelved_url': 'https://images4-g.ravelrycache.com/uploads/srose128/895107840/IMG_6426_shelved.jpg', 'medium2_url': 'https://images4-a.ravelrycache.com/uploads/srose128/895107840/IMG_6426_medium2.jpg', 'small2_url': 'https://images4-g.ravelrycache.com/uploads/srose128/895107840/IMG_6426_small2.jpg', 'caption': None, 'caption_html': None, 'copyright_holder': None}, {'id': 118038122, 'sort_order': 8, 'user_id': 9188957, 'x_offset': -5, 'y_offset': -35, 'square_url': 'https://images4-g.ravelrycache.com/uploads/SimplieBound/887291867/IMG_6551_square.JPG', 'medium_url': 'https://images4-f.ravelrycache.com/uploads/SimplieBound/887291867/IMG_6551_medium.JPG', 'thumbnail_url': 'https://images4-g.ravelrycache.com/uploads/SimplieBound/887291867/IMG_6551_thumbnail.JPG', 'small_url': 'https://images4-g.ravelrycache.com/uploads/SimplieBound/887291867/IMG_6551_small.JPG', 'flickr_url': None, 'shelved_url': 'https://images4-g.ravelrycache.com/uploads/SimplieBound/887291867/IMG_6551_shelved.JPG', 'medium2_url': 'https://images4-a.ravelrycache.com/uploads/SimplieBound/887291867/IMG_6551_medium2.JPG', 'small2_url': 'https://images4-g.ravelrycache.com/uploads/SimplieBound/887291867/IMG_6551_small2.JPG', 'caption': None, 'caption_html': None, 'copyright_holder': None}, {'id': 117834727, 'sort_order': 9, 'user_id': 9660110, 'x_offset': -5, 'y_offset': -35, 'square_url': 'https://images4-f.ravelrycache.com/uploads/valstamant/892927757/5DABCC50-497E-48C5-9188-2F7AB67E42ED_square.jpeg', 'medium_url': 'https://images4-f.ravelrycache.com/uploads/valstamant/892927757/5DABCC50-497E-48C5-9188-2F7AB67E42ED_medium.jpeg', 'thumbnail_url': 'https://images4-g.ravelrycache.com/uploads/valstamant/892927757/5DABCC50-497E-48C5-9188-2F7AB67E42ED_thumbnail.jpeg', 'small_url': 'https://images4-g.ravelrycache.com/uploads/valstamant/892927757/5DABCC50-497E-48C5-9188-2F7AB67E42ED_small.jpeg', 'flickr_url': None, 'shelved_url': 'https://images4-f.ravelrycache.com/uploads/valstamant/892927757/5DABCC50-497E-48C5-9188-2F7AB67E42ED_shelved.jpeg', 'medium2_url': 'https://images4-a.ravelrycache.com/uploads/valstamant/892927757/5DABCC50-497E-48C5-9188-2F7AB67E42ED_medium2.jpeg', 'small2_url': 'https://images4-g.ravelrycache.com/uploads/valstamant/892927757/5DABCC50-497E-48C5-9188-2F7AB67E42ED_small2.jpeg', 'caption': None, 'caption_html': None, 'copyright_holder': None}, {'id': 117834249, 'sort_order': 10, 'user_id': 4183323, 'x_offset': 0, 'y_offset': -16, 'square_url': 'https://images4-f.ravelrycache.com/uploads/CourtneyShea/894183957/36E386B2-B62C-444F-9B31-4E32BFE6D4C6_square.jpeg', 'medium_url': 'https://images4-f.ravelrycache.com/uploads/CourtneyShea/894183957/36E386B2-B62C-444F-9B31-4E32BFE6D4C6_medium.jpeg', 'thumbnail_url': 'https://images4-g.ravelrycache.com/uploads/CourtneyShea/894183957/36E386B2-B62C-444F-9B31-4E32BFE6D4C6_thumbnail.jpeg', 'small_url': 'https://images4-f.ravelrycache.com/uploads/CourtneyShea/894183957/36E386B2-B62C-444F-9B31-4E32BFE6D4C6_small_best_fit.jpeg', 'flickr_url': None, 'shelved_url': 'https://images4-f.ravelrycache.com/uploads/CourtneyShea/894183957/36E386B2-B62C-444F-9B31-4E32BFE6D4C6_shelved.jpeg', 'medium2_url': 'https://images4-a.ravelrycache.com/uploads/CourtneyShea/894183957/36E386B2-B62C-444F-9B31-4E32BFE6D4C6_medium2.jpeg', 'small2_url': 'https://images4-g.ravelrycache.com/uploads/CourtneyShea/894183957/36E386B2-B62C-444F-9B31-4E32BFE6D4C6_small2.jpeg', 'caption': None, 'caption_html': None, 'copyright_holder': None}, {'id': 117874047, 'sort_order': 11, 'user_id': 6707199, 'x_offset': -5, 'y_offset': -35, 'square_url': 'https://images4-g.ravelrycache.com/uploads/carleeno/893550274/319590673_563005502304542_6936105974752760993_n_square.jpg', 'medium_url': 'https://images4-f.ravelrycache.com/uploads/carleeno/893550274/319590673_563005502304542_6936105974752760993_n_medium.jpg', 'thumbnail_url': 'https://images4-g.ravelrycache.com/uploads/carleeno/893550274/319590673_563005502304542_6936105974752760993_n_thumbnail.jpg', 'small_url': 'https://images4-g.ravelrycache.com/uploads/carleeno/893550274/319590673_563005502304542_6936105974752760993_n_small.jpg', 'flickr_url': None, 'shelved_url': 'https://images4-g.ravelrycache.com/uploads/carleeno/893550274/319590673_563005502304542_6936105974752760993_n_shelved.jpg', 'medium2_url': 'https://images4-a.ravelrycache.com/uploads/carleeno/893550274/319590673_563005502304542_6936105974752760993_n_medium2.jpg', 'small2_url': 'https://images4-g.ravelrycache.com/uploads/carleeno/893550274/319590673_563005502304542_6936105974752760993_n_small2.jpg', 'caption': None, 'caption_html': None, 'copyright_holder': None}, {'id': 117833843, 'sort_order': 12, 'user_id': 8534888, 'x_offset': -5, 'y_offset': -35, 'square_url': 'https://images4-g.ravelrycache.com/uploads/Kjkc/892744167/1000001986-01_square.jpeg', 'medium_url': 'https://images4-g.ravelrycache.com/uploads/Kjkc/892744167/1000001986-01_medium.jpeg', 'thumbnail_url': 'https://images4-f.ravelrycache.com/uploads/Kjkc/892744167/1000001986-01_thumbnail.jpeg', 'small_url': 'https://images4-f.ravelrycache.com/uploads/Kjkc/892744167/1000001986-01_small.jpeg', 'flickr_url': None, 'shelved_url': 'https://images4-f.ravelrycache.com/uploads/Kjkc/892744167/1000001986-01_shelved.jpeg', 'medium2_url': 'https://images4-a.ravelrycache.com/uploads/Kjkc/892744167/1000001986-01_medium2.jpeg', 'small2_url': 'https://images4-f.ravelrycache.com/uploads/Kjkc/892744167/1000001986-01_small2.jpeg', 'caption': None, 'caption_html': None, 'copyright_holder': None}, {'id': 117827146, 'sort_order': 13, 'user_id': 8889409, 'x_offset': -5, 'y_offset': -35, 'square_url': 'https://images4-g.ravelrycache.com/uploads/marnield/893568103/20221217_133504__1__square.jpg', 'medium_url': 'https://images4-f.ravelrycache.com/uploads/marnield/893568103/20221217_133504__1__medium.jpg', 'thumbnail_url': 'https://images4-g.ravelrycache.com/uploads/marnield/893568103/20221217_133504__1__thumbnail.jpg', 'small_url': 'https://images4-g.ravelrycache.com/uploads/marnield/893568103/20221217_133504__1__small.jpg', 'flickr_url': None, 'shelved_url': 'https://images4-g.ravelrycache.com/uploads/marnield/893568103/20221217_133504__1__shelved.jpg', 'medium2_url': 'https://images4-a.ravelrycache.com/uploads/marnield/893568103/20221217_133504__1__medium2.jpg', 'small2_url': 'https://images4-g.ravelrycache.com/uploads/marnield/893568103/20221217_133504__1__small2.jpg', 'caption': None, 'caption_html': None, 'copyright_holder': None}, {'id': 117826110, 'sort_order': 14, 'user_id': 7389106, 'x_offset': -5, 'y_offset': -35, 'square_url': 'https://images4-f.ravelrycache.com/uploads/clairejaxn/895395116/311235823_423474089857774_891852191832287898_n_square.jpg', 'medium_url': 'https://images4-g.ravelrycache.com/uploads/clairejaxn/895395116/311235823_423474089857774_891852191832287898_n_medium.jpg', 'thumbnail_url': 'https://images4-g.ravelrycache.com/uploads/clairejaxn/895395116/311235823_423474089857774_891852191832287898_n_thumbnail.jpg', 'small_url': 'https://images4-f.ravelrycache.com/uploads/clairejaxn/895395116/311235823_423474089857774_891852191832287898_n_small.jpg', 'flickr_url': None, 'shelved_url': 'https://images4-f.ravelrycache.com/uploads/clairejaxn/895395116/311235823_423474089857774_891852191832287898_n_shelved.jpg', 'medium2_url': 'https://images4-a.ravelrycache.com/uploads/clairejaxn/895395116/311235823_423474089857774_891852191832287898_n_medium2.jpg', 'small2_url': 'https://images4-f.ravelrycache.com/uploads/clairejaxn/895395116/311235823_423474089857774_891852191832287898_n_small2.jpg', 'caption': None, 'caption_html': None, 'copyright_holder': None}, {'id': 117827145, 'sort_order': 15, 'user_id': 8889409, 'x_offset': 0, 'y_offset': -13, 'square_url': 'https://images4-g.ravelrycache.com/uploads/marnield/893568104/20221217_132558_square.jpg', 'medium_url': 'https://images4-f.ravelrycache.com/uploads/marnield/893568104/20221217_132558_medium.jpg', 'thumbnail_url': 'https://images4-g.ravelrycache.com/uploads/marnield/893568104/20221217_132558_thumbnail.jpg', 'small_url': 'https://images4-g.ravelrycache.com/uploads/marnield/893568104/20221217_132558_small_best_fit.jpg', 'flickr_url': None, 'shelved_url': 'https://images4-g.ravelrycache.com/uploads/marnield/893568104/20221217_132558_shelved.jpg', 'medium2_url': 'https://images4-a.ravelrycache.com/uploads/marnield/893568104/20221217_132558_medium2.jpg', 'small2_url': 'https://images4-g.ravelrycache.com/uploads/marnield/893568104/20221217_132558_small2.jpg', 'caption': None, 'caption_html': None, 'copyright_holder': None}, {'id': 117826520, 'sort_order': 16, 'user_id': 8233923, 'x_offset': -3, 'y_offset': -35, 'square_url': 'https://images4-f.ravelrycache.com/uploads/AmaIuna/894044821/96D5AC64-961A-47D5-861E-1C5FD6E72B1A_square.jpeg', 'medium_url': 'https://images4-f.ravelrycache.com/uploads/AmaIuna/894044821/96D5AC64-961A-47D5-861E-1C5FD6E72B1A_medium.jpeg', 'thumbnail_url': 'https://images4-f.ravelrycache.com/uploads/AmaIuna/894044821/96D5AC64-961A-47D5-861E-1C5FD6E72B1A_thumbnail.jpeg', 'small_url': 'https://images4-g.ravelrycache.com/uploads/AmaIuna/894044821/96D5AC64-961A-47D5-861E-1C5FD6E72B1A_small.jpeg', 'flickr_url': None, 'shelved_url': 'https://images4-g.ravelrycache.com/uploads/AmaIuna/894044821/96D5AC64-961A-47D5-861E-1C5FD6E72B1A_shelved.jpeg', 'medium2_url': 'https://images4-a.ravelrycache.com/uploads/AmaIuna/894044821/96D5AC64-961A-47D5-861E-1C5FD6E72B1A_medium2.jpeg', 'small2_url': 'https://images4-g.ravelrycache.com/uploads/AmaIuna/894044821/96D5AC64-961A-47D5-861E-1C5FD6E72B1A_small2.jpeg', 'caption': None, 'caption_html': None, 'copyright_holder': None}, {'id': 117855064, 'sort_order': 17, 'user_id': 5081772, 'x_offset': -5, 'y_offset': -35, 'square_url': 'https://images4-g.ravelrycache.com/uploads/Crzycaliclown/892904200/20221206_200414_square.jpg', 'medium_url': 'https://images4-f.ravelrycache.com/uploads/Crzycaliclown/892904200/20221206_200414_medium.jpg', 'thumbnail_url': 'https://images4-f.ravelrycache.com/uploads/Crzycaliclown/892904200/20221206_200414_thumbnail.jpg', 'small_url': 'https://images4-g.ravelrycache.com/uploads/Crzycaliclown/892904200/20221206_200414_small.jpg', 'flickr_url': None, 'shelved_url': 'https://images4-g.ravelrycache.com/uploads/Crzycaliclown/892904200/20221206_200414_shelved.jpg', 'medium2_url': 'https://images4-a.ravelrycache.com/uploads/Crzycaliclown/892904200/20221206_200414_medium2.jpg', 'small2_url': 'https://images4-g.ravelrycache.com/uploads/Crzycaliclown/892904200/20221206_200414_small2.jpg', 'caption': None, 'caption_html': None, 'copyright_holder': None}, {'id': 117826111, 'sort_order': 18, 'user_id': 7389106, 'x_offset': -5, 'y_offset': -35, 'square_url': 'https://images4-g.ravelrycache.com/uploads/clairejaxn/895395112/311428590_1347213049424089_1275043836060769363_n_square.jpg', 'medium_url': 'https://images4-f.ravelrycache.com/uploads/clairejaxn/895395112/311428590_1347213049424089_1275043836060769363_n_medium.jpg', 'thumbnail_url': 'https://images4-f.ravelrycache.com/uploads/clairejaxn/895395112/311428590_1347213049424089_1275043836060769363_n_thumbnail.jpg', 'small_url': 'https://images4-f.ravelrycache.com/uploads/clairejaxn/895395112/311428590_1347213049424089_1275043836060769363_n_small.jpg', 'flickr_url': None, 'shelved_url': 'https://images4-g.ravelrycache.com/uploads/clairejaxn/895395112/311428590_1347213049424089_1275043836060769363_n_shelved.jpg', 'medium2_url': 'https://images4-a.ravelrycache.com/uploads/clairejaxn/895395112/311428590_1347213049424089_1275043836060769363_n_medium2.jpg', 'small2_url': 'https://images4-g.ravelrycache.com/uploads/clairejaxn/895395112/311428590_1347213049424089_1275043836060769363_n_small2.jpg', 'caption': None, 'caption_html': None, 'copyright_holder': None}, {'id': 117826112, 'sort_order': 19, 'user_id': 7389106, 'x_offset': -5, 'y_offset': -35, 'square_url': 'https://images4-g.ravelrycache.com/uploads/clairejaxn/895395113/311050464_838088944018175_8151056810590963376_n_square.jpg', 'medium_url': 'https://images4-f.ravelrycache.com/uploads/clairejaxn/895395113/311050464_838088944018175_8151056810590963376_n_medium.jpg', 'thumbnail_url': 'https://images4-f.ravelrycache.com/uploads/clairejaxn/895395113/311050464_838088944018175_8151056810590963376_n_thumbnail.jpg', 'small_url': 'https://images4-f.ravelrycache.com/uploads/clairejaxn/895395113/311050464_838088944018175_8151056810590963376_n_small.jpg', 'flickr_url': None, 'shelved_url': 'https://images4-f.ravelrycache.com/uploads/clairejaxn/895395113/311050464_838088944018175_8151056810590963376_n_shelved.jpg', 'medium2_url': 'https://images4-a.ravelrycache.com/uploads/clairejaxn/895395113/311050464_838088944018175_8151056810590963376_n_medium2.jpg', 'small2_url': 'https://images4-g.ravelrycache.com/uploads/clairejaxn/895395113/311050464_838088944018175_8151056810590963376_n_small2.jpg', 'caption': None, 'caption_html': None, 'copyright_holder': None}, {'id': 117826113, 'sort_order': 20, 'user_id': 7389106, 'x_offset': -5, 'y_offset': -35, 'square_url': 'https://images4-f.ravelrycache.com/uploads/clairejaxn/895395111/311456427_834041884441096_3616261758757251366_n_square.jpg', 'medium_url': 'https://images4-g.ravelrycache.com/uploads/clairejaxn/895395111/311456427_834041884441096_3616261758757251366_n_medium.jpg', 'thumbnail_url': 'https://images4-g.ravelrycache.com/uploads/clairejaxn/895395111/311456427_834041884441096_3616261758757251366_n_thumbnail.jpg', 'small_url': 'https://images4-f.ravelrycache.com/uploads/clairejaxn/895395111/311456427_834041884441096_3616261758757251366_n_small.jpg', 'flickr_url': None, 'shelved_url': 'https://images4-g.ravelrycache.com/uploads/clairejaxn/895395111/311456427_834041884441096_3616261758757251366_n_shelved.jpg', 'medium2_url': 'https://images4-a.ravelrycache.com/uploads/clairejaxn/895395111/311456427_834041884441096_3616261758757251366_n_medium2.jpg', 'small2_url': 'https://images4-f.ravelrycache.com/uploads/clairejaxn/895395111/311456427_834041884441096_3616261758757251366_n_small2.jpg', 'caption': None, 'caption_html': None, 'copyright_holder': None}, {'id': 117826114, 'sort_order': 21, 'user_id': 7389106, 'x_offset': -5, 'y_offset': -35, 'square_url': 'https://images4-g.ravelrycache.com/uploads/clairejaxn/895395110/311073753_865009991331059_4344114122913519198_n_square.jpg', 'medium_url': 'https://images4-f.ravelrycache.com/uploads/clairejaxn/895395110/311073753_865009991331059_4344114122913519198_n_medium.jpg', 'thumbnail_url': 'https://images4-f.ravelrycache.com/uploads/clairejaxn/895395110/311073753_865009991331059_4344114122913519198_n_thumbnail.jpg', 'small_url': 'https://images4-f.ravelrycache.com/uploads/clairejaxn/895395110/311073753_865009991331059_4344114122913519198_n_small.jpg', 'flickr_url': None, 'shelved_url': 'https://images4-g.ravelrycache.com/uploads/clairejaxn/895395110/311073753_865009991331059_4344114122913519198_n_shelved.jpg', 'medium2_url': 'https://images4-a.ravelrycache.com/uploads/clairejaxn/895395110/311073753_865009991331059_4344114122913519198_n_medium2.jpg', 'small2_url': 'https://images4-g.ravelrycache.com/uploads/clairejaxn/895395110/311073753_865009991331059_4344114122913519198_n_small2.jpg', 'caption': None, 'caption_html': None, 'copyright_holder': None}, {'id': 117826115, 'sort_order': 22, 'user_id': 7389106, 'x_offset': -5, 'y_offset': -35, 'square_url': 'https://images4-f.ravelrycache.com/uploads/clairejaxn/895395114/311154460_499590318498058_7098842542986313408_n_square.jpg', 'medium_url': 'https://images4-g.ravelrycache.com/uploads/clairejaxn/895395114/311154460_499590318498058_7098842542986313408_n_medium.jpg', 'thumbnail_url': 'https://images4-g.ravelrycache.com/uploads/clairejaxn/895395114/311154460_499590318498058_7098842542986313408_n_thumbnail.jpg', 'small_url': 'https://images4-g.ravelrycache.com/uploads/clairejaxn/895395114/311154460_499590318498058_7098842542986313408_n_small.jpg', 'flickr_url': None, 'shelved_url': 'https://images4-g.ravelrycache.com/uploads/clairejaxn/895395114/311154460_499590318498058_7098842542986313408_n_shelved.jpg', 'medium2_url': 'https://images4-a.ravelrycache.com/uploads/clairejaxn/895395114/311154460_499590318498058_7098842542986313408_n_medium2.jpg', 'small2_url': 'https://images4-f.ravelrycache.com/uploads/clairejaxn/895395114/311154460_499590318498058_7098842542986313408_n_small2.jpg', 'caption': None, 'caption_html': None, 'copyright_holder': None}, {'id': 117826116, 'sort_order': 23, 'user_id': 7389106, 'x_offset': -5, 'y_offset': -35, 'square_url': 'https://images4-f.ravelrycache.com/uploads/clairejaxn/895395115/311183925_486286823409875_8987073077143710040_n_square.jpg', 'medium_url': 'https://images4-g.ravelrycache.com/uploads/clairejaxn/895395115/311183925_486286823409875_8987073077143710040_n_medium.jpg', 'thumbnail_url': 'https://images4-g.ravelrycache.com/uploads/clairejaxn/895395115/311183925_486286823409875_8987073077143710040_n_thumbnail.jpg', 'small_url': 'https://images4-g.ravelrycache.com/uploads/clairejaxn/895395115/311183925_486286823409875_8987073077143710040_n_small.jpg', 'flickr_url': None, 'shelved_url': 'https://images4-g.ravelrycache.com/uploads/clairejaxn/895395115/311183925_486286823409875_8987073077143710040_n_shelved.jpg', 'medium2_url': 'https://images4-a.ravelrycache.com/uploads/clairejaxn/895395115/311183925_486286823409875_8987073077143710040_n_medium2.jpg', 'small2_url': 'https://images4-f.ravelrycache.com/uploads/clairejaxn/895395115/311183925_486286823409875_8987073077143710040_n_small2.jpg', 'caption': None, 'caption_html': None, 'copyright_holder': None}, {'id': 117826117, 'sort_order': 24, 'user_id': 7389106, 'x_offset': -5, 'y_offset': -35, 'square_url': 'https://images4-g.ravelrycache.com/uploads/clairejaxn/895395117/311329510_1132781074300156_71357242697964863_n_square.jpg', 'medium_url': 'https://images4-f.ravelrycache.com/uploads/clairejaxn/895395117/311329510_1132781074300156_71357242697964863_n_medium.jpg', 'thumbnail_url': 'https://images4-f.ravelrycache.com/uploads/clairejaxn/895395117/311329510_1132781074300156_71357242697964863_n_thumbnail.jpg', 'small_url': 'https://images4-f.ravelrycache.com/uploads/clairejaxn/895395117/311329510_1132781074300156_71357242697964863_n_small.jpg', 'flickr_url': None, 'shelved_url': 'https://images4-g.ravelrycache.com/uploads/clairejaxn/895395117/311329510_1132781074300156_71357242697964863_n_shelved.jpg', 'medium2_url': 'https://images4-a.ravelrycache.com/uploads/clairejaxn/895395117/311329510_1132781074300156_71357242697964863_n_medium2.jpg', 'small2_url': 'https://images4-g.ravelrycache.com/uploads/clairejaxn/895395117/311329510_1132781074300156_71357242697964863_n_small2.jpg', 'caption': None, 'caption_html': None, 'copyright_holder': None}]"
Corlears Cable sweater,Irina Poludnenko,1298614,https://www.ravelry.com/patterns/library/corlears-cable-sweater,True,https://images4-a.ravelrycache.com/uploads/bskaat/895527668/upload_medium2,Knitting,['cables'],,0.0,True,,,pullover,Super Bulky,11,0.0,Finished Bust About 44 (58 1/2) in. (112 (148.5) cm),"[{'id': 117829584, 'sort_order': 1, 'user_id': 271911, 'x_offset': 0, 'y_offset': -43, 'square_url': 'https://images4-f.ravelrycache.com/uploads/bskaat/895527668/upload_square', 'medium_url': 'https://images4-g.ravelrycache.com/uploads/bskaat/895527668/upload_medium', 'thumbnail_url': 'https://images4-g.ravelrycache.com/uploads/bskaat/895527668/upload_thumbnail', 'small_url': 'https://images4-f.ravelrycache.com/uploads/bskaat/895527668/upload_small_best_fit', 'flickr_url': None, 'shelved_url': 'https://images4-f.ravelrycache.com/uploads/bskaat/895527668/upload_shelved', 'medium2_url': 'https://images4-a.ravelrycache.com/uploads/bskaat/895527668/upload_medium2', 'small2_url': 'https://images4-f.ravelrycache.com/uploads/bskaat/895527668/upload_small2', 'caption': None, 'caption_html': None, 'copyright_holder': None}]"
Wolfskind Genser,Sharon Maninger,1298894,https://www.ravelry.com/patterns/library/wolfskind-genser,False,https://images4-a.ravelrycache.com/uploads/Kleinigkeitliebe/895934167/15sharonmaningerkleinigkeitenliebewolfskind_medium2.jpg,Knitting,"['toddler', 'child']",16.0,0.0,True,4.0,,child,Aran,6,0.0,1 - 10 Jahre,"[{'id': 117878933, 'sort_order': 1, 'user_id': 10704664, 'x_offset': 0, 'y_offset': -43, 'square_url': 'https://images4-g.ravelrycache.com/uploads/Kleinigkeitliebe/895934167/15sharonmaningerkleinigkeitenliebewolfskind_square.jpg', 'medium_url': 'https://images4-f.ravelrycache.com/uploads/Kleinigkeitliebe/895934167/15sharonmaningerkleinigkeitenliebewolfskind_medium.jpg', 'thumbnail_url': 'https://images4-g.ravelrycache.com/uploads/Kleinigkeitliebe/895934167/15sharonmaningerkleinigkeitenliebewolfskind_thumbnail.jpg', 'small_url': 'https://images4-g.ravelrycache.com/uploads/Kleinigkeitliebe/895934167/15sharonmaningerkleinigkeitenliebewolfskind_small_best_fit.jpg', 'flickr_url': None, 'shelved_url': 'https://images4-g.ravelrycache.com/uploads/Kleinigkeitliebe/895934167/15sharonmaningerkleinigkeitenliebewolfskind_shelved.jpg', 'medium2_url': 'https://images4-a.ravelrycache.com/uploads/Kleinigkeitliebe/895934167/15sharonmaningerkleinigkeitenliebewolfskind_medium2.jpg', 'small2_url': 'https://images4-g.ravelrycache.com/uploads/Kleinigkeitliebe/895934167/15sharonmaningerkleinigkeitenliebewolfskind_small2.jpg', 'caption': None, 'caption_html': None, 'copyright_holder': None}, {'id': 117878707, 'sort_order': 2, 'user_id': 10704664, 'x_offset': 0, 'y_offset': -43, 'square_url': 'https://images4-g.ravelrycache.com/uploads/Kleinigkeitliebe/895760887/8sharonmaningerkleinigkeitenliebewolfskind_square.jpg', 'medium_url': 'https://images4-f.ravelrycache.com/uploads/Kleinigkeitliebe/895760887/8sharonmaningerkleinigkeitenliebewolfskind_medium.jpg', 'thumbnail_url': 'https://images4-g.ravelrycache.com/uploads/Kleinigkeitliebe/895760887/8sharonmaningerkleinigkeitenliebewolfskind_thumbnail.jpg', 'small_url': 'https://images4-g.ravelrycache.com/uploads/Kleinigkeitliebe/895760887/8sharonmaningerkleinigkeitenliebewolfskind_small_best_fit.jpg', 'flickr_url': None, 'shelved_url': 'https://images4-f.ravelrycache.com/uploads/Kleinigkeitliebe/895760887/8sharonmaningerkleinigkeitenliebewolfskind_shelved.jpg', 'medium2_url': 'https://images4-a.ravelrycache.com/uploads/Kleinigkeitliebe/895760887/8sharonmaningerkleinigkeitenliebewolfskind_medium2.jpg', 'small2_url': 'https://images4-g.ravelrycache.com/uploads/Kleinigkeitliebe/895760887/8sharonmaningerkleinigkeitenliebewolfskind_small2.jpg', 'caption': 'links Kremke Boucle, Mitte Järbo Curly, rechts Caracurl Lanamania', 'caption_html': 'links Kremke Boucle, Mitte Järbo Curly, rechts Caracurl Lanamania', 'copyright_holder': ''}, {'id': 117878709, 'sort_order': 3, 'user_id': 10704664, 'x_offset': 0, 'y_offset': -43, 'square_url': 'https://images4-f.ravelrycache.com/uploads/Kleinigkeitliebe/895760883/6sharonmaningerkleinigkeitenliebewolfskind_square.jpg', 'medium_url': 'https://images4-g.ravelrycache.com/uploads/Kleinigkeitliebe/895760883/6sharonmaningerkleinigkeitenliebewolfskind_medium.jpg', 'thumbnail_url': 'https://images4-g.ravelrycache.com/uploads/Kleinigkeitliebe/895760883/6sharonmaningerkleinigkeitenliebewolfskind_thumbnail.jpg', 'small_url': 'https://images4-g.ravelrycache.com/uploads/Kleinigkeitliebe/895760883/6sharonmaningerkleinigkeitenliebewolfskind_small_best_fit.jpg', 'flickr_url': None, 'shelved_url': 'https://images4-f.ravelrycache.com/uploads/Kleinigkeitliebe/895760883/6sharonmaningerkleinigkeitenliebewolfskind_shelved.jpg', 'medium2_url': 'https://images4-a.ravelrycache.com/uploads/Kleinigkeitliebe/895760883/6sharonmaningerkleinigkeitenliebewolfskind_medium2.jpg', 'small2_url': 'https://images4-f.ravelrycache.com/uploads/Kleinigkeitliebe/895760883/6sharonmaningerkleinigkeitenliebewolfskind_small2.jpg', 'caption': None, 'caption_html': None, 'copyright_holder': None}, {'id': 117878710, 'sort_order': 4, 'user_id': 10704664, 'x_offset': 0, 'y_offset': -43, 'square_url': 'https://images4-g.ravelrycache.com/uploads/Kleinigkeitliebe/895760171/image00022_square.jpg', 'medium_url': 'https://images4-f.ravelrycache.com/uploads/Kleinigkeitliebe/895760171/image00022_medium.jpg', 'thumbnail_url': 'https://images4-g.ravelrycache.com/uploads/Kleinigkeitliebe/895760171/image00022_thumbnail.jpg', 'small_url': 'https://images4-f.ravelrycache.com/uploads/Kleinigkeitliebe/895760171/image00022_small_best_fit.jpg', 'flickr_url': None, 'shelved_url': 'https://images4-g.ravelrycache.com/uploads/Kleinigkeitliebe/895760171/image00022_shelved.jpg', 'medium2_url': 'https://images4-a.ravelrycache.com/uploads/Kleinigkeitliebe/895760171/image00022_medium2.jpg', 'small2_url': 'https://images4-g.ravelrycache.com/uploads/Kleinigkeitliebe/895760171/image00022_small2.jpg', 'caption': 'Kremke Boucle', 'caption_html': 'Kremke Boucle', 'copyright_holder': 'Yasemin Mimimemal2'}, {'id': 117878711, 'sort_order': 5, 'user_id': 10704664, 'x_offset': 0, 'y_offset': -43, 'square_url': 'https://images4-f.ravelrycache.com/uploads/Kleinigkeitliebe/895760888/4sharonmaningerkleinigkeitenliebewolfskind_square.jpg', 'medium_url': 'https://images4-g.ravelrycache.com/uploads/Kleinigkeitliebe/895760888/4sharonmaningerkleinigkeitenliebewolfskind_medium.jpg', 'thumbnail_url': 'https://images4-g.ravelrycache.com/uploads/Kleinigkeitliebe/895760888/4sharonmaningerkleinigkeitenliebewolfskind_thumbnail.jpg', 'small_url': 'https://images4-f.ravelrycache.com/uploads/Kleinigkeitliebe/895760888/4sharonmaningerkleinigkeitenliebewolfskind_small_best_fit.jpg', 'flickr_url': None, 'shelved_url': 'https://images4-g.ravelrycache.com/uploads/Kleinigkeitliebe/895760888/4sharonmaningerkleinigkeitenliebewolfskind_shelved.jpg', 'medium2_url': 'https://images4-a.ravelrycache.com/uploads/Kleinigkeitliebe/895760888/4sharonmaningerkleinigkeitenliebewolfskind_medium2.jpg', 'small2_url': 'https://images4-f.ravelrycache.com/uploads/Kleinigkeitliebe/895760888/4sharonmaningerkleinigkeitenliebewolfskind_small2.jpg', 'caption': None, 'caption_html': None, 'copyright_holder': None}, {'id': 117878712, 'sort_order': 6, 'user_id': 10704664, 'x_offset': -43, 'y_offset': 0, 'square_url': 'https://images4-f.ravelrycache.com/uploads/Kleinigkeitliebe/895822301/DSC_4259_square.jpg', 'medium_url': 'https://images4-g.ravelrycache.com/uploads/Kleinigkeitliebe/895822301/DSC_4259_medium.jpg', 'thumbnail_url': 'https://images4-g.ravelrycache.com/uploads/Kleinigkeitliebe/895822301/DSC_4259_thumbnail.jpg', 'small_url': 'https://images4-f.ravelrycache.com/uploads/Kleinigkeitliebe/895822301/DSC_4259_small_best_fit.jpg', 'flickr_url': None, 'shelved_url': 'https://images4-f.ravelrycache.com/uploads/Kleinigkeitliebe/895822301/DSC_4259_shelved.jpg', 'medium2_url': 'https://images4-a.ravelrycache.com/uploads/Kleinigkeitliebe/895822301/DSC_4259_medium2.jpg', 'small2_url': 'https://images4-f.ravelrycache.com/uploads/Kleinigkeitliebe/895822301/DSC_4259_small2.jpg', 'caption': 'Kremke Boucle', 'caption_html': 'Kremke Boucle', 'copyright_holder': 'Conähla Conny'}, {'id': 117878708, 'sort_order': 7, 'user_id': 10704664, 'x_offset': -5, 'y_offset': -35, 'square_url': 'https://images4-f.ravelrycache.com/uploads/Kleinigkeitliebe/895760896/sharonmaningerkleinigkeitenliebewolfskind_square.jpg', 'medium_url': 'https://images4-g.ravelrycache.com/uploads/Kleinigkeitliebe/895760896/sharonmaningerkleinigkeitenliebewolfskind_medium.jpg', 'thumbnail_url': 'https://images4-f.ravelrycache.com/uploads/Kleinigkeitliebe/895760896/sharonmaningerkleinigkeitenliebewolfskind_thumbnail.jpg', 'small_url': 'https://images4-g.ravelrycache.com/uploads/Kleinigkeitliebe/895760896/sharonmaningerkleinigkeitenliebewolfskind_small.jpg', 'flickr_url': None, 'shelved_url': 'https://images4-g.ravelrycache.com/uploads/Kleinigkeitliebe/895760896/sharonmaningerkleinigkeitenliebewolfskind_shelved.jpg', 'medium2_url': 'https://images4-a.ravelrycache.com/uploads/Kleinigkeitliebe/895760896/sharonmaningerkleinigkeitenliebewolfskind_medium2.jpg', 'small2_url': 'https://images4-f.ravelrycache.com/uploads/Kleinigkeitliebe/895760896/sharonmaningerkleinigkeitenliebewolfskind_small2.jpg', 'caption': 'Kremke Boucle', 'caption_html': 'Kremke Boucle', 'copyright_holder': ''}, {'id': 117878714, 'sort_order': 8, 'user_id': 10704664, 'x_offset': 0, 'y_offset': -44, 'square_url': 'https://images4-f.ravelrycache.com/uploads/Kleinigkeitliebe/895759897/DSC09939-2_square.jpg', 'medium_url': 'https://images4-g.ravelrycache.com/uploads/Kleinigkeitliebe/895759897/DSC09939-2_medium.jpg', 'thumbnail_url': 'https://images4-g.ravelrycache.com/uploads/Kleinigkeitliebe/895759897/DSC09939-2_thumbnail.jpg', 'small_url': 'https://images4-f.ravelrycache.com/uploads/Kleinigkeitliebe/895759897/DSC09939-2_small_best_fit.jpg', 'flickr_url': None, 'shelved_url': 'https://images4-g.ravelrycache.com/uploads/Kleinigkeitliebe/895759897/DSC09939-2_shelved.jpg', 'medium2_url': 'https://images4-a.ravelrycache.com/uploads/Kleinigkeitliebe/895759897/DSC09939-2_medium2.jpg', 'small2_url': 'https://images4-f.ravelrycache.com/uploads/Kleinigkeitliebe/895759897/DSC09939-2_small2.jpg', 'caption': 'Kremke Boucle', 'caption_html': 'Kremke Boucle', 'copyright_holder': 'Tanja'}, {'id': 117878715, 'sort_order': 9, 'user_id': 10704664, 'x_offset': -5, 'y_offset': -35, 'square_url': 'https://images4-g.ravelrycache.com/uploads/Kleinigkeitliebe/895760884/1sharonmaningerkleinigkeitenliebewolfskind_square.jpg', 'medium_url': 'https://images4-f.ravelrycache.com/uploads/Kleinigkeitliebe/895760884/1sharonmaningerkleinigkeitenliebewolfskind_medium.jpg', 'thumbnail_url': 'https://images4-f.ravelrycache.com/uploads/Kleinigkeitliebe/895760884/1sharonmaningerkleinigkeitenliebewolfskind_thumbnail.jpg', 'small_url': 'https://images4-f.ravelrycache.com/uploads/Kleinigkeitliebe/895760884/1sharonmaningerkleinigkeitenliebewolfskind_small.jpg', 'flickr_url': None, 'shelved_url': 'https://images4-f.ravelrycache.com/uploads/Kleinigkeitliebe/895760884/1sharonmaningerkleinigkeitenliebewolfskind_shelved.jpg', 'medium2_url': 'https://images4-a.ravelrycache.com/uploads/Kleinigkeitliebe/895760884/1sharonmaningerkleinigkeitenliebewolfskind_medium2.jpg', 'small2_url': 'https://images4-g.ravelrycache.com/uploads/Kleinigkeitliebe/895760884/1sharonmaningerkleinigkeitenliebewolfskind_small2.jpg', 'caption': None, 'caption_html': None, 'copyright_holder': None}, {'id': 117878716, 'sort_order': 10, 'user_id': 10704664, 'x_offset': 0, 'y_offset': -43, 'square_url': 'https://images4-f.ravelrycache.com/uploads/Kleinigkeitliebe/895760886/3sharonmaningerkleinigkeitenliebewolfskind_square.jpg', 'medium_url': 'https://images4-g.ravelrycache.com/uploads/Kleinigkeitliebe/895760886/3sharonmaningerkleinigkeitenliebewolfskind_medium.jpg', 'thumbnail_url': 'https://images4-f.ravelrycache.com/uploads/Kleinigkeitliebe/895760886/3sharonmaningerkleinigkeitenliebewolfskind_thumbnail.jpg', 'small_url': 'https://images4-g.ravelrycache.com/uploads/Kleinigkeitliebe/895760886/3sharonmaningerkleinigkeitenliebewolfskind_small_best_fit.jpg', 'flickr_url': None, 'shelved_url': 'https://images4-g.ravelrycache.com/uploads/Kleinigkeitliebe/895760886/3sharonmaningerkleinigkeitenliebewolfskind_shelved.jpg', 'medium2_url': 'https://images4-a.ravelrycache.com/uploads/Kleinigkeitliebe/895760886/3sharonmaningerkleinigkeitenliebewolfskind_medium2.jpg', 'small2_url': 'https://images4-f.ravelrycache.com/uploads/Kleinigkeitliebe/895760886/3sharonmaningerkleinigkeitenliebewolfskind_small2.jpg', 'caption': 'Kremke Boucle', 'caption_html': 'Kremke Boucle', 'copyright_holder': ''}, {'id': 117878717, 'sort_order': 11, 'user_id': 10704664, 'x_offset': 0, 'y_offset': -43, 'square_url': 'https://images4-f.ravelrycache.com/uploads/Kleinigkeitliebe/895760881/5sharonmaningerkleinigkeitenliebewolfskind_square.jpg', 'medium_url': 'https://images4-g.ravelrycache.com/uploads/Kleinigkeitliebe/895760881/5sharonmaningerkleinigkeitenliebewolfskind_medium.jpg', 'thumbnail_url': 'https://images4-g.ravelrycache.com/uploads/Kleinigkeitliebe/895760881/5sharonmaningerkleinigkeitenliebewolfskind_thumbnail.jpg', 'small_url': 'https://images4-f.ravelrycache.com/uploads/Kleinigkeitliebe/895760881/5sharonmaningerkleinigkeitenliebewolfskind_small_best_fit.jpg', 'flickr_url': None, 'shelved_url': 'https://images4-f.ravelrycache.com/uploads/Kleinigkeitliebe/895760881/5sharonmaningerkleinigkeitenliebewolfskind_shelved.jpg', 'medium2_url': 'https://images4-a.ravelrycache.com/uploads/Kleinigkeitliebe/895760881/5sharonmaningerkleinigkeitenliebewolfskind_medium2.jpg', 'small2_url': 'https://images4-f.ravelrycache.com/uploads/Kleinigkeitliebe/895760881/5sharonmaningerkleinigkeitenliebewolfskind_small2.jpg', 'caption': None, 'caption_html': None, 'copyright_holder': None}, {'id': 117878718, 'sort_order': 12, 'user_id': 10704664, 'x_offset': 0, 'y_offset': -43, 'square_url': 'https://images4-f.ravelrycache.com/uploads/Kleinigkeitliebe/895822304/DSC_4248_square.jpg', 'medium_url': 'https://images4-g.ravelrycache.com/uploads/Kleinigkeitliebe/895822304/DSC_4248_medium.jpg', 'thumbnail_url': 'https://images4-f.ravelrycache.com/uploads/Kleinigkeitliebe/895822304/DSC_4248_thumbnail.jpg', 'small_url': 'https://images4-g.ravelrycache.com/uploads/Kleinigkeitliebe/895822304/DSC_4248_small_best_fit.jpg', 'flickr_url': None, 'shelved_url': 'https://images4-f.ravelrycache.com/uploads/Kleinigkeitliebe/895822304/DSC_4248_shelved.jpg', 'medium2_url': 'https://images4-a.ravelrycache.com/uploads/Kleinigkeitliebe/895822304/DSC_4248_medium2.jpg', 'small2_url': 'https://images4-f.ravelrycache.com/uploads/Kleinigkeitliebe/895822304/DSC_4248_small2.jpg', 'caption': 'Kremke Boucle', 'caption_html': 'Kremke Boucle', 'copyright_holder': 'Conähla Conny'}, {'id': 117878719, 'sort_order': 13, 'user_id': 10704664, 'x_offset': 0, 'y_offset': -43, 'square_url': 'https://images4-g.ravelrycache.com/uploads/Kleinigkeitliebe/895761230/PQ1A0675-Edit_Kopie_square.jpg', 'medium_url': 'https://images4-f.ravelrycache.com/uploads/Kleinigkeitliebe/895761230/PQ1A0675-Edit_Kopie_medium.jpg', 'thumbnail_url': 'https://images4-g.ravelrycache.com/uploads/Kleinigkeitliebe/895761230/PQ1A0675-Edit_Kopie_thumbnail.jpg', 'small_url': 'https://images4-g.ravelrycache.com/uploads/Kleinigkeitliebe/895761230/PQ1A0675-Edit_Kopie_small_best_fit.jpg', 'flickr_url': None, 'shelved_url': 'https://images4-g.ravelrycache.com/uploads/Kleinigkeitliebe/895761230/PQ1A0675-Edit_Kopie_shelved.jpg', 'medium2_url': 'https://images4-a.ravelrycache.com/uploads/Kleinigkeitliebe/895761230/PQ1A0675-Edit_Kopie_medium2.jpg', 'small2_url': 'https://images4-g.ravelrycache.com/uploads/Kleinigkeitliebe/895761230/PQ1A0675-Edit_Kopie_small2.jpg', 'caption': None, 'caption_html': None, 'copyright_holder': None}, {'id': 117878720, 'sort_order': 14, 'user_id': 10704664, 'x_offset': 0, 'y_offset': -43, 'square_url': 'https://images4-g.ravelrycache.com/uploads/Kleinigkeitliebe/895760196/image00021_square.jpg', 'medium_url': 'https://images4-f.ravelrycache.com/uploads/Kleinigkeitliebe/895760196/image00021_medium.jpg', 'thumbnail_url': 'https://images4-f.ravelrycache.com/uploads/Kleinigkeitliebe/895760196/image00021_thumbnail.jpg', 'small_url': 'https://images4-g.ravelrycache.com/uploads/Kleinigkeitliebe/895760196/image00021_small_best_fit.jpg', 'flickr_url': None, 'shelved_url': 'https://images4-g.ravelrycache.com/uploads/Kleinigkeitliebe/895760196/image00021_shelved.jpg', 'medium2_url': 'https://images4-a.ravelrycache.com/uploads/Kleinigkeitliebe/895760196/image00021_medium2.jpg', 'small2_url': 'https://images4-g.ravelrycache.com/uploads/Kleinigkeitliebe/895760196/image00021_small2.jpg', 'caption': 'Kremke Boucle', 'caption_html': 'Kremke Boucle', 'copyright_holder': 'Yasemin Mimimemal2'}, {'id': 117878721, 'sort_order': 15, 'user_id': 10704664, 'x_offset': 0, 'y_offset': -39, 'square_url': 'https://images4-f.ravelrycache.com/uploads/Kleinigkeitliebe/895759491/DSC_0834_6__2__square.jpg', 'medium_url': 'https://images4-g.ravelrycache.com/uploads/Kleinigkeitliebe/895759491/DSC_0834_6__2__medium.jpg', 'thumbnail_url': 'https://images4-f.ravelrycache.com/uploads/Kleinigkeitliebe/895759491/DSC_0834_6__2__thumbnail.jpg', 'small_url': 'https://images4-g.ravelrycache.com/uploads/Kleinigkeitliebe/895759491/DSC_0834_6__2__small_best_fit.jpg', 'flickr_url': None, 'shelved_url': 'https://images4-f.ravelrycache.com/uploads/Kleinigkeitliebe/895759491/DSC_0834_6__2__shelved.jpg', 'medium2_url': 'https://images4-a.ravelrycache.com/uploads/Kleinigkeitliebe/895759491/DSC_0834_6__2__medium2.jpg', 'small2_url': 'https://images4-f.ravelrycache.com/uploads/Kleinigkeitliebe/895759491/DSC_0834_6__2__small2.jpg', 'caption': 'Kremke Boucle', 'caption_html': 'Kremke Boucle', 'copyright_holder': 'Kleine Meise Bernau'}, {'id': 117878722, 'sort_order': 16, 'user_id': 10704664, 'x_offset': 0, 'y_offset': -43, 'square_url': 'https://images4-f.ravelrycache.com/uploads/Kleinigkeitliebe/895759895/DSC09892-2_square.jpg', 'medium_url': 'https://images4-g.ravelrycache.com/uploads/Kleinigkeitliebe/895759895/DSC09892-2_medium.jpg', 'thumbnail_url': 'https://images4-f.ravelrycache.com/uploads/Kleinigkeitliebe/895759895/DSC09892-2_thumbnail.jpg', 'small_url': 'https://images4-g.ravelrycache.com/uploads/Kleinigkeitliebe/895759895/DSC09892-2_small_best_fit.jpg', 'flickr_url': None, 'shelved_url': 'https://images4-f.ravelrycache.com/uploads/Kleinigkeitliebe/895759895/DSC09892-2_shelved.jpg', 'medium2_url': 'https://images4-a.ravelrycache.com/uploads/Kleinigkeitliebe/895759895/DSC09892-2_medium2.jpg', 'small2_url': 'https://images4-f.ravelrycache.com/uploads/Kleinigkeitliebe/895759895/DSC09892-2_small2.jpg', 'caption': 'Kremke Boucle', 'caption_html': 'Kremke Boucle', 'copyright_holder': 'Tanja'}, {'id': 117878723, 'sort_order': 17, 'user_id': 10704664, 'x_offset': 0, 'y_offset': -43, 'square_url': 'https://images4-f.ravelrycache.com/uploads/Kleinigkeitliebe/895822305/DSC_4281_square.jpg', 'medium_url': 'https://images4-g.ravelrycache.com/uploads/Kleinigkeitliebe/895822305/DSC_4281_medium.jpg', 'thumbnail_url': 'https://images4-f.ravelrycache.com/uploads/Kleinigkeitliebe/895822305/DSC_4281_thumbnail.jpg', 'small_url': 'https://images4-f.ravelrycache.com/uploads/Kleinigkeitliebe/895822305/DSC_4281_small_best_fit.jpg', 'flickr_url': None, 'shelved_url': 'https://images4-g.ravelrycache.com/uploads/Kleinigkeitliebe/895822305/DSC_4281_shelved.jpg', 'medium2_url': 'https://images4-a.ravelrycache.com/uploads/Kleinigkeitliebe/895822305/DSC_4281_medium2.jpg', 'small2_url': 'https://images4-f.ravelrycache.com/uploads/Kleinigkeitliebe/895822305/DSC_4281_small2.jpg', 'caption': 'Kremke Boucle', 'caption_html': 'Kremke Boucle', 'copyright_holder': 'Conähla Conny'}, {'id': 117878724, 'sort_order': 18, 'user_id': 10704664, 'x_offset': 0, 'y_offset': -43, 'square_url': 'https://images4-g.ravelrycache.com/uploads/Kleinigkeitliebe/895760179/image00031_square.jpg', 'medium_url': 'https://images4-f.ravelrycache.com/uploads/Kleinigkeitliebe/895760179/image00031_medium.jpg', 'thumbnail_url': 'https://images4-g.ravelrycache.com/uploads/Kleinigkeitliebe/895760179/image00031_thumbnail.jpg', 'small_url': 'https://images4-f.ravelrycache.com/uploads/Kleinigkeitliebe/895760179/image00031_small_best_fit.jpg', 'flickr_url': None, 'shelved_url': 'https://images4-f.ravelrycache.com/uploads/Kleinigkeitliebe/895760179/image00031_shelved.jpg', 'medium2_url': 'https://images4-a.ravelrycache.com/uploads/Kleinigkeitliebe/895760179/image00031_medium2.jpg', 'small2_url': 'https://images4-g.ravelrycache.com/uploads/Kleinigkeitliebe/895760179/image00031_small2.jpg', 'caption': 'Kremke Boucle', 'caption_html': 'Kremke Boucle', 'copyright_holder': 'Yasemin Mimimemal2'}, {'id': 117878725, 'sort_order': 19, 'user_id': 10704664, 'x_offset': 0, 'y_offset': 0, 'square_url': 'https://images4-g.ravelrycache.com/uploads/Kleinigkeitliebe/895759206/PXL_20221227_121843869.PORTRAIT_square.jpg', 'medium_url': 'https://images4-f.ravelrycache.com/uploads/Kleinigkeitliebe/895759206/PXL_20221227_121843869.PORTRAIT_medium.jpg', 'thumbnail_url': 'https://images4-f.ravelrycache.com/uploads/Kleinigkeitliebe/895759206/PXL_20221227_121843869.PORTRAIT_thumbnail.jpg', 'small_url': 'https://images4-f.ravelrycache.com/uploads/Kleinigkeitliebe/895759206/PXL_20221227_121843869.PORTRAIT_small_best_fit.jpg', 'flickr_url': None, 'shelved_url': 'https://images4-f.ravelrycache.com/uploads/Kleinigkeitliebe/895759206/PXL_20221227_121843869.PORTRAIT_shelved.jpg', 'medium2_url': 'https://images4-a.ravelrycache.com/uploads/Kleinigkeitliebe/895759206/PXL_20221227_121843869.PORTRAIT_medium2.jpg', 'small2_url': 'https://images4-g.ravelrycache.com/uploads/Kleinigkeitliebe/895759206/PXL_20221227_121843869.PORTRAIT_small2.jpg', 'caption': 'Kremke Boucle', 'caption_html': 'Kremke Boucle', 'copyright_holder': 'Nadine- Nähmädel'}, {'id': 117878726, 'sort_order': 20, 'user_id': 10704664, 'x_offset': 0, 'y_offset': -43, 'square_url': 'https://images4-f.ravelrycache.com/uploads/Kleinigkeitliebe/895760177/image00025_square.jpg', 'medium_url': 'https://images4-g.ravelrycache.com/uploads/Kleinigkeitliebe/895760177/image00025_medium.jpg', 'thumbnail_url': 'https://images4-g.ravelrycache.com/uploads/Kleinigkeitliebe/895760177/image00025_thumbnail.jpg', 'small_url': 'https://images4-g.ravelrycache.com/uploads/Kleinigkeitliebe/895760177/image00025_small_best_fit.jpg', 'flickr_url': None, 'shelved_url': 'https://images4-g.ravelrycache.com/uploads/Kleinigkeitliebe/895760177/image00025_shelved.jpg', 'medium2_url': 'https://images4-a.ravelrycache.com/uploads/Kleinigkeitliebe/895760177/image00025_medium2.jpg', 'small2_url': 'https://images4-f.ravelrycache.com/uploads/Kleinigkeitliebe/895760177/image00025_small2.jpg', 'caption': 'Kremke Boucle', 'caption_html': 'Kremke Boucle', 'copyright_holder': 'Yasemin Mimimemal2'}, {'id': 117878727, 'sort_order': 21, 'user_id': 10704664, 'x_offset': 0, 'y_offset': -37, 'square_url': 'https://images4-f.ravelrycache.com/uploads/Kleinigkeitliebe/895759685/image00009_square.jpeg', 'medium_url': 'https://images4-f.ravelrycache.com/uploads/Kleinigkeitliebe/895759685/image00009_medium.jpeg', 'thumbnail_url': 'https://images4-g.ravelrycache.com/uploads/Kleinigkeitliebe/895759685/image00009_thumbnail.jpeg', 'small_url': 'https://images4-g.ravelrycache.com/uploads/Kleinigkeitliebe/895759685/image00009_small_best_fit.jpeg', 'flickr_url': None, 'shelved_url': 'https://images4-g.ravelrycache.com/uploads/Kleinigkeitliebe/895759685/image00009_shelved.jpeg', 'medium2_url': 'https://images4-a.ravelrycache.com/uploads/Kleinigkeitliebe/895759685/image00009_medium2.jpeg', 'small2_url': 'https://images4-g.ravelrycache.com/uploads/Kleinigkeitliebe/895759685/image00009_small2.jpeg', 'caption': 'Kremke Boucle', 'caption_html': 'Kremke Boucle', 'copyright_holder': ''}, {'id': 117878728, 'sort_order': 22, 'user_id': 10704664, 'x_offset': 0, 'y_offset': -43, 'square_url': 'https://images4-g.ravelrycache.com/uploads/Kleinigkeitliebe/895759896/DSC00025-3_square.jpg', 'medium_url': 'https://images4-f.ravelrycache.com/uploads/Kleinigkeitliebe/895759896/DSC00025-3_medium.jpg', 'thumbnail_url': 'https://images4-f.ravelrycache.com/uploads/Kleinigkeitliebe/895759896/DSC00025-3_thumbnail.jpg', 'small_url': 'https://images4-f.ravelrycache.com/uploads/Kleinigkeitliebe/895759896/DSC00025-3_small_best_fit.jpg', 'flickr_url': None, 'shelved_url': 'https://images4-g.ravelrycache.com/uploads/Kleinigkeitliebe/895759896/DSC00025-3_shelved.jpg', 'medium2_url': 'https://images4-a.ravelrycache.com/uploads/Kleinigkeitliebe/895759896/DSC00025-3_medium2.jpg', 'small2_url': 'https://images4-g.ravelrycache.com/uploads/Kleinigkeitliebe/895759896/DSC00025-3_small2.jpg', 'caption': 'Kremke Boucle', 'caption_html': 'Kremke Boucle', 'copyright_holder': 'Tanja'}, {'id': 117878729, 'sort_order': 23, 'user_id': 10704664, 'x_offset': 0, 'y_offset': -43, 'square_url': 'https://images4-g.ravelrycache.com/uploads/Kleinigkeitliebe/895760178/image00036_square.jpg', 'medium_url': 'https://images4-f.ravelrycache.com/uploads/Kleinigkeitliebe/895760178/image00036_medium.jpg', 'thumbnail_url': 'https://images4-f.ravelrycache.com/uploads/Kleinigkeitliebe/895760178/image00036_thumbnail.jpg', 'small_url': 'https://images4-g.ravelrycache.com/uploads/Kleinigkeitliebe/895760178/image00036_small_best_fit.jpg', 'flickr_url': None, 'shelved_url': 'https://images4-f.ravelrycache.com/uploads/Kleinigkeitliebe/895760178/image00036_shelved.jpg', 'medium2_url': 'https://images4-a.ravelrycache.com/uploads/Kleinigkeitliebe/895760178/image00036_medium2.jpg', 'small2_url': 'https://images4-g.ravelrycache.com/uploads/Kleinigkeitliebe/895760178/image00036_small2.jpg', 'caption': 'Kremke Boucle', 'caption_html': 'Kremke Boucle', 'copyright_holder': 'Yasemin Mimimemal2'}, {'id': 117878730, 'sort_order': 24, 'user_id': 10704664, 'x_offset': -35, 'y_offset': -5, 'square_url': 'https://images4-g.ravelrycache.com/uploads/Kleinigkeitliebe/895760170/image00219_square.jpeg', 'medium_url': 'https://images4-g.ravelrycache.com/uploads/Kleinigkeitliebe/895760170/image00219_medium.jpeg', 'thumbnail_url': 'https://images4-g.ravelrycache.com/uploads/Kleinigkeitliebe/895760170/image00219_thumbnail.jpeg', 'small_url': 'https://images4-f.ravelrycache.com/uploads/Kleinigkeitliebe/895760170/image00219_small.jpeg', 'flickr_url': None, 'shelved_url': 'https://images4-g.ravelrycache.com/uploads/Kleinigkeitliebe/895760170/image00219_shelved.jpeg', 'medium2_url': 'https://images4-a.ravelrycache.com/uploads/Kleinigkeitliebe/895760170/image00219_medium2.jpeg', 'small2_url': 'https://images4-f.ravelrycache.com/uploads/Kleinigkeitliebe/895760170/image00219_small2.jpeg', 'caption': 'Kremke Boucle', 'caption_html': 'Kremke Boucle', 'copyright_holder': 'Yasemin Mimimemal2'}, {'id': 117878731, 'sort_order': 25, 'user_id': 10704664, 'x_offset': -15, 'y_offset': 0, 'square_url': 'https://images4-f.ravelrycache.com/uploads/Kleinigkeitliebe/895759489/DSC_0845_5_square.jpg', 'medium_url': 'https://images4-g.ravelrycache.com/uploads/Kleinigkeitliebe/895759489/DSC_0845_5_medium.jpg', 'thumbnail_url': 'https://images4-f.ravelrycache.com/uploads/Kleinigkeitliebe/895759489/DSC_0845_5_thumbnail.jpg', 'small_url': 'https://images4-g.ravelrycache.com/uploads/Kleinigkeitliebe/895759489/DSC_0845_5_small_best_fit.jpg', 'flickr_url': None, 'shelved_url': 'https://images4-g.ravelrycache.com/uploads/Kleinigkeitliebe/895759489/DSC_0845_5_shelved.jpg', 'medium2_url': 'https://images4-a.ravelrycache.com/uploads/Kleinigkeitliebe/895759489/DSC_0845_5_medium2.jpg', 'small2_url': 'https://images4-f.ravelrycache.com/uploads/Kleinigkeitliebe/895759489/DSC_0845_5_small2.jpg', 'caption': 'Kremke Boucle', 'caption_html': 'Kremke Boucle', 'copyright_holder': 'Kleine Meise Bernau'}, {'id': 117878732, 'sort_order': 26, 'user_id': 10704664, 'x_offset': 0, 'y_offset': -43, 'square_url': 'https://images4-g.ravelrycache.com/uploads/Kleinigkeitliebe/895760194/image00033_square.jpg', 'medium_url': 'https://images4-f.ravelrycache.com/uploads/Kleinigkeitliebe/895760194/image00033_medium.jpg', 'thumbnail_url': 'https://images4-f.ravelrycache.com/uploads/Kleinigkeitliebe/895760194/image00033_thumbnail.jpg', 'small_url': 'https://images4-g.ravelrycache.com/uploads/Kleinigkeitliebe/895760194/image00033_small_best_fit.jpg', 'flickr_url': None, 'shelved_url': 'https://images4-f.ravelrycache.com/uploads/Kleinigkeitliebe/895760194/image00033_shelved.jpg', 'medium2_url': 'https://images4-a.ravelrycache.com/uploads/Kleinigkeitliebe/895760194/image00033_medium2.jpg', 'small2_url': 'https://images4-g.ravelrycache.com/uploads/Kleinigkeitliebe/895760194/image00033_small2.jpg', 'caption': 'Kremke Boucle', 'caption_html': 'Kremke Boucle', 'copyright_holder': ''}, {'id': 117878733, 'sort_order': 27, 'user_id': 10704664, 'x_offset': -5, 'y_offset': -35, 'square_url': 'https://images4-f.ravelrycache.com/uploads/Kleinigkeitliebe/895759286/IMG_4607_square.jpeg', 'medium_url': 'https://images4-f.ravelrycache.com/uploads/Kleinigkeitliebe/895759286/IMG_4607_medium.jpeg', 'thumbnail_url': 'https://images4-g.ravelrycache.com/uploads/Kleinigkeitliebe/895759286/IMG_4607_thumbnail.jpeg', 'small_url': 'https://images4-f.ravelrycache.com/uploads/Kleinigkeitliebe/895759286/IMG_4607_small.jpeg', 'flickr_url': None, 'shelved_url': 'https://images4-f.ravelrycache.com/uploads/Kleinigkeitliebe/895759286/IMG_4607_shelved.jpeg', 'medium2_url': 'https://images4-a.ravelrycache.com/uploads/Kleinigkeitliebe/895759286/IMG_4607_medium2.jpeg', 'small2_url': 'https://images4-g.ravelrycache.com/uploads/Kleinigkeitliebe/895759286/IMG_4607_small2.jpeg', 'caption': 'Kremke Boucle', 'caption_html': 'Kremke Boucle', 'copyright_holder': 'Rats and Raven - Senta'}, {'id': 117878734, 'sort_order': 28, 'user_id': 10704664, 'x_offset': -6, 'y_offset': -35, 'square_url': 'https://images4-g.ravelrycache.com/uploads/Kleinigkeitliebe/895759683/image00008_square.jpeg', 'medium_url': 'https://images4-g.ravelrycache.com/uploads/Kleinigkeitliebe/895759683/image00008_medium.jpeg', 'thumbnail_url': 'https://images4-f.ravelrycache.com/uploads/Kleinigkeitliebe/895759683/image00008_thumbnail.jpeg', 'small_url': 'https://images4-f.ravelrycache.com/uploads/Kleinigkeitliebe/895759683/image00008_small.jpeg', 'flickr_url': None, 'shelved_url': 'https://images4-g.ravelrycache.com/uploads/Kleinigkeitliebe/895759683/image00008_shelved.jpeg', 'medium2_url': 'https://images4-a.ravelrycache.com/uploads/Kleinigkeitliebe/895759683/image00008_medium2.jpeg', 'small2_url': 'https://images4-f.ravelrycache.com/uploads/Kleinigkeitliebe/895759683/image00008_small2.jpeg', 'caption': 'Kremke Boucle', 'caption_html': 'Kremke Boucle', 'copyright_holder': 'Anja'}, {'id': 117878735, 'sort_order': 29, 'user_id': 10704664, 'x_offset': -43, 'y_offset': 0, 'square_url': 'https://images4-f.ravelrycache.com/uploads/Kleinigkeitliebe/895760169/image00020_square.jpg', 'medium_url': 'https://images4-g.ravelrycache.com/uploads/Kleinigkeitliebe/895760169/image00020_medium.jpg', 'thumbnail_url': 'https://images4-g.ravelrycache.com/uploads/Kleinigkeitliebe/895760169/image00020_thumbnail.jpg', 'small_url': 'https://images4-g.ravelrycache.com/uploads/Kleinigkeitliebe/895760169/image00020_small_best_fit.jpg', 'flickr_url': None, 'shelved_url': 'https://images4-g.ravelrycache.com/uploads/Kleinigkeitliebe/895760169/image00020_shelved.jpg', 'medium2_url': 'https://images4-a.ravelrycache.com/uploads/Kleinigkeitliebe/895760169/image00020_medium2.jpg', 'small2_url': 'https://images4-f.ravelrycache.com/uploads/Kleinigkeitliebe/895760169/image00020_small2.jpg', 'caption': 'Kremke Boucle', 'caption_html': 'Kremke Boucle', 'copyright_holder': 'Yasemin Mimimemal2'}, {'id': 117878736, 'sort_order': 30, 'user_id': 10704664, 'x_offset': 0, 'y_offset': -37, 'square_url': 'https://images4-f.ravelrycache.com/uploads/Kleinigkeitliebe/895759490/DSC_0803_5_square.jpg', 'medium_url': 'https://images4-g.ravelrycache.com/uploads/Kleinigkeitliebe/895759490/DSC_0803_5_medium.jpg', 'thumbnail_url': 'https://images4-f.ravelrycache.com/uploads/Kleinigkeitliebe/895759490/DSC_0803_5_thumbnail.jpg', 'small_url': 'https://images4-g.ravelrycache.com/uploads/Kleinigkeitliebe/895759490/DSC_0803_5_small_best_fit.jpg', 'flickr_url': None, 'shelved_url': 'https://images4-f.ravelrycache.com/uploads/Kleinigkeitliebe/895759490/DSC_0803_5_shelved.jpg', 'medium2_url': 'https://images4-a.ravelrycache.com/uploads/Kleinigkeitliebe/895759490/DSC_0803_5_medium2.jpg', 'small2_url': 'https://images4-f.ravelrycache.com/uploads/Kleinigkeitliebe/895759490/DSC_0803_5_small2.jpg', 'caption': 'Kremke Boucle', 'caption_html': 'Kremke Boucle', 'copyright_holder': 'Kleine Meise Bernau'}, {'id': 117878737, 'sort_order': 31, 'user_id': 10704664, 'x_offset': -5, 'y_offset': -35, 'square_url': 'https://images4-g.ravelrycache.com/uploads/Kleinigkeitliebe/895759306/IMG_4602_square.jpeg', 'medium_url': 'https://images4-g.ravelrycache.com/uploads/Kleinigkeitliebe/895759306/IMG_4602_medium.jpeg', 'thumbnail_url': 'https://images4-g.ravelrycache.com/uploads/Kleinigkeitliebe/895759306/IMG_4602_thumbnail.jpeg', 'small_url': 'https://images4-f.ravelrycache.com/uploads/Kleinigkeitliebe/895759306/IMG_4602_small.jpeg', 'flickr_url': None, 'shelved_url': 'https://images4-g.ravelrycache.com/uploads/Kleinigkeitliebe/895759306/IMG_4602_shelved.jpeg', 'medium2_url': 'https://images4-a.ravelrycache.com/uploads/Kleinigkeitliebe/895759306/IMG_4602_medium2.jpeg', 'small2_url': 'https://images4-f.ravelrycache.com/uploads/Kleinigkeitliebe/895759306/IMG_4602_small2.jpeg', 'caption': 'Kremke Boucle', 'caption_html': 'Kremke Boucle', 'copyright_holder': 'Rats and Raven - Senta'}, {'id': 117878738, 'sort_order': 32, 'user_id': 10704664, 'x_offset': 0, 'y_offset': -43, 'square_url': 'https://images4-f.ravelrycache.com/uploads/Kleinigkeitliebe/895760188/image00016_square.jpg', 'medium_url': 'https://images4-g.ravelrycache.com/uploads/Kleinigkeitliebe/895760188/image00016_medium.jpg', 'thumbnail_url': 'https://images4-f.ravelrycache.com/uploads/Kleinigkeitliebe/895760188/image00016_thumbnail.jpg', 'small_url': 'https://images4-g.ravelrycache.com/uploads/Kleinigkeitliebe/895760188/image00016_small_best_fit.jpg', 'flickr_url': None, 'shelved_url': 'https://images4-g.ravelrycache.com/uploads/Kleinigkeitliebe/895760188/image00016_shelved.jpg', 'medium2_url': 'https://images4-a.ravelrycache.com/uploads/Kleinigkeitliebe/895760188/image00016_medium2.jpg', 'small2_url': 'https://images4-f.ravelrycache.com/uploads/Kleinigkeitliebe/895760188/image00016_small2.jpg', 'caption': 'Kremke Boucle', 'caption_html': 'Kremke Boucle', 'copyright_holder': 'Yasemin Mimimemal2'}, {'id': 117878739, 'sort_order': 33, 'user_id': 10704664, 'x_offset': 0, 'y_offset': -43, 'square_url': 'https://images4-g.ravelrycache.com/uploads/Kleinigkeitliebe/895759488/DSC_0742_10_square.JPG', 'medium_url': 'https://images4-f.ravelrycache.com/uploads/Kleinigkeitliebe/895759488/DSC_0742_10_medium.JPG', 'thumbnail_url': 'https://images4-g.ravelrycache.com/uploads/Kleinigkeitliebe/895759488/DSC_0742_10_thumbnail.JPG', 'small_url': 'https://images4-g.ravelrycache.com/uploads/Kleinigkeitliebe/895759488/DSC_0742_10_small_best_fit.JPG', 'flickr_url': None, 'shelved_url': 'https://images4-g.ravelrycache.com/uploads/Kleinigkeitliebe/895759488/DSC_0742_10_shelved.JPG', 'medium2_url': 'https://images4-a.ravelrycache.com/uploads/Kleinigkeitliebe/895759488/DSC_0742_10_medium2.JPG', 'small2_url': 'https://images4-g.ravelrycache.com/uploads/Kleinigkeitliebe/895759488/DSC_0742_10_small2.JPG', 'caption': 'Kremke Boucle', 'caption_html': 'Kremke Boucle', 'copyright_holder': 'Kleine Meise Bernau'}, {'id': 117878740, 'sort_order': 34, 'user_id': 10704664, 'x_offset': -43, 'y_offset': 0, 'square_url': 'https://images4-f.ravelrycache.com/uploads/Kleinigkeitliebe/895760187/image00013_square.jpg', 'medium_url': 'https://images4-g.ravelrycache.com/uploads/Kleinigkeitliebe/895760187/image00013_medium.jpg', 'thumbnail_url': 'https://images4-g.ravelrycache.com/uploads/Kleinigkeitliebe/895760187/image00013_thumbnail.jpg', 'small_url': 'https://images4-g.ravelrycache.com/uploads/Kleinigkeitliebe/895760187/image00013_small_best_fit.jpg', 'flickr_url': None, 'shelved_url': 'https://images4-f.ravelrycache.com/uploads/Kleinigkeitliebe/895760187/image00013_shelved.jpg', 'medium2_url': 'https://images4-a.ravelrycache.com/uploads/Kleinigkeitliebe/895760187/image00013_medium2.jpg', 'small2_url': 'https://images4-f.ravelrycache.com/uploads/Kleinigkeitliebe/895760187/image00013_small2.jpg', 'caption': 'Kremke Boucle', 'caption_html': 'Kremke Boucle', 'copyright_holder': 'Yasemin Mimimemal2'}, {'id': 117878741, 'sort_order': 35, 'user_id': 10704664, 'x_offset': -43, 'y_offset': 0, 'square_url': 'https://images4-g.ravelrycache.com/uploads/Kleinigkeitliebe/895759559/image00006_square.jpeg', 'medium_url': 'https://images4-g.ravelrycache.com/uploads/Kleinigkeitliebe/895759559/image00006_medium.jpeg', 'thumbnail_url': 'https://images4-g.ravelrycache.com/uploads/Kleinigkeitliebe/895759559/image00006_thumbnail.jpeg', 'small_url': 'https://images4-g.ravelrycache.com/uploads/Kleinigkeitliebe/895759559/image00006_small_best_fit.jpeg', 'flickr_url': None, 'shelved_url': 'https://images4-g.ravelrycache.com/uploads/Kleinigkeitliebe/895759559/image00006_shelved.jpeg', 'medium2_url': 'https://images4-a.ravelrycache.com/uploads/Kleinigkeitliebe/895759559/image00006_medium2.jpeg', 'small2_url': 'https://images4-f.ravelrycache.com/uploads/Kleinigkeitliebe/895759559/image00006_small2.jpeg', 'caption': 'Kremke Boucle', 'caption_html': 'Kremke Boucle', 'copyright_holder': 'Its all about Elida'}, {'id': 117878742, 'sort_order': 36, 'user_id': 10704664, 'x_offset': 0, 'y_offset': -43, 'square_url': 'https://images4-f.ravelrycache.com/uploads/Kleinigkeitliebe/895760176/image00005_square.jpg', 'medium_url': 'https://images4-g.ravelrycache.com/uploads/Kleinigkeitliebe/895760176/image00005_medium.jpg', 'thumbnail_url': 'https://images4-g.ravelrycache.com/uploads/Kleinigkeitliebe/895760176/image00005_thumbnail.jpg', 'small_url': 'https://images4-g.ravelrycache.com/uploads/Kleinigkeitliebe/895760176/image00005_small_best_fit.jpg', 'flickr_url': None, 'shelved_url': 'https://images4-f.ravelrycache.com/uploads/Kleinigkeitliebe/895760176/image00005_shelved.jpg', 'medium2_url': 'https://images4-a.ravelrycache.com/uploads/Kleinigkeitliebe/895760176/image00005_medium2.jpg', 'small2_url': 'https://images4-f.ravelrycache.com/uploads/Kleinigkeitliebe/895760176/image00005_small2.jpg', 'caption': 'Kremke Boucle', 'caption_html': 'Kremke Boucle', 'copyright_holder': 'Yasemin Mimimemal2'}, {'id': 117878743, 'sort_order': 37, 'user_id': 10704664, 'x_offset': 0, 'y_offset': -22, 'square_url': 'https://images4-f.ravelrycache.com/uploads/Kleinigkeitliebe/895759493/DSC_0841_5_square.jpg', 'medium_url': 'https://images4-g.ravelrycache.com/uploads/Kleinigkeitliebe/895759493/DSC_0841_5_medium.jpg', 'thumbnail_url': 'https://images4-g.ravelrycache.com/uploads/Kleinigkeitliebe/895759493/DSC_0841_5_thumbnail.jpg', 'small_url': 'https://images4-g.ravelrycache.com/uploads/Kleinigkeitliebe/895759493/DSC_0841_5_small_best_fit.jpg', 'flickr_url': None, 'shelved_url': 'https://images4-g.ravelrycache.com/uploads/Kleinigkeitliebe/895759493/DSC_0841_5_shelved.jpg', 'medium2_url': 'https://images4-a.ravelrycache.com/uploads/Kleinigkeitliebe/895759493/DSC_0841_5_medium2.jpg', 'small2_url': 'https://images4-f.ravelrycache.com/uploads/Kleinigkeitliebe/895759493/DSC_0841_5_small2.jpg', 'caption': 'Kremke Boucle', 'caption_html': 'Kremke Boucle', 'copyright_holder': 'Kleine Meise Bernau'}, {'id': 117878744, 'sort_order': 38, 'user_id': 10704664, 'x_offset': -43, 'y_offset': 0, 'square_url': 'https://images4-g.ravelrycache.com/uploads/Kleinigkeitliebe/895760186/image00002_square.jpg', 'medium_url': 'https://images4-f.ravelrycache.com/uploads/Kleinigkeitliebe/895760186/image00002_medium.jpg', 'thumbnail_url': 'https://images4-f.ravelrycache.com/uploads/Kleinigkeitliebe/895760186/image00002_thumbnail.jpg', 'small_url': 'https://images4-f.ravelrycache.com/uploads/Kleinigkeitliebe/895760186/image00002_small_best_fit.jpg', 'flickr_url': None, 'shelved_url': 'https://images4-f.ravelrycache.com/uploads/Kleinigkeitliebe/895760186/image00002_shelved.jpg', 'medium2_url': 'https://images4-a.ravelrycache.com/uploads/Kleinigkeitliebe/895760186/image00002_medium2.jpg', 'small2_url': 'https://images4-g.ravelrycache.com/uploads/Kleinigkeitliebe/895760186/image00002_small2.jpg', 'caption': 'Kremke Boucle', 'caption_html': 'Kremke Boucle', 'copyright_holder': 'Yasemin Mimimemal2'}, {'id': 117878745, 'sort_order': 39, 'user_id': 10704664, 'x_offset': 0, 'y_offset': 0, 'square_url': 'https://images4-g.ravelrycache.com/uploads/Kleinigkeitliebe/895759209/PXL_20221227_121629356.PORTRAIT_square.jpg', 'medium_url': 'https://images4-f.ravelrycache.com/uploads/Kleinigkeitliebe/895759209/PXL_20221227_121629356.PORTRAIT_medium.jpg', 'thumbnail_url': 'https://images4-f.ravelrycache.com/uploads/Kleinigkeitliebe/895759209/PXL_20221227_121629356.PORTRAIT_thumbnail.jpg', 'small_url': 'https://images4-g.ravelrycache.com/uploads/Kleinigkeitliebe/895759209/PXL_20221227_121629356.PORTRAIT_small_best_fit.jpg', 'flickr_url': None, 'shelved_url': 'https://images4-f.ravelrycache.com/uploads/Kleinigkeitliebe/895759209/PXL_20221227_121629356.PORTRAIT_shelved.jpg', 'medium2_url': 'https://images4-a.ravelrycache.com/uploads/Kleinigkeitliebe/895759209/PXL_20221227_121629356.PORTRAIT_medium2.jpg', 'small2_url': 'https://images4-g.ravelrycache.com/uploads/Kleinigkeitliebe/895759209/PXL_20221227_121629356.PORTRAIT_small2.jpg', 'caption': 'Kremke Boucle', 'caption_html': 'Kremke Boucle', 'copyright_holder': 'Nadine - Nähmädl'}, {'id': 117878746, 'sort_order': 40, 'user_id': 10704664, 'x_offset': -43, 'y_offset': 0, 'square_url': 'https://images4-f.ravelrycache.com/uploads/Kleinigkeitliebe/895760180/image00001_square.jpg', 'medium_url': 'https://images4-g.ravelrycache.com/uploads/Kleinigkeitliebe/895760180/image00001_medium.jpg', 'thumbnail_url': 'https://images4-f.ravelrycache.com/uploads/Kleinigkeitliebe/895760180/image00001_thumbnail.jpg', 'small_url': 'https://images4-f.ravelrycache.com/uploads/Kleinigkeitliebe/895760180/image00001_small_best_fit.jpg', 'flickr_url': None, 'shelved_url': 'https://images4-g.ravelrycache.com/uploads/Kleinigkeitliebe/895760180/image00001_shelved.jpg', 'medium2_url': 'https://images4-a.ravelrycache.com/uploads/Kleinigkeitliebe/895760180/image00001_medium2.jpg', 'small2_url': 'https://images4-f.ravelrycache.com/uploads/Kleinigkeitliebe/895760180/image00001_small2.jpg', 'caption': 'Kremke Boucle', 'caption_html': 'Kremke Boucle', 'copyright_holder': 'Yasemin Mimimemal2'}, {'id': 117878747, 'sort_order': 41, 'user_id': 10704664, 'x_offset': 0, 'y_offset': -43, 'square_url': 'https://images4-g.ravelrycache.com/uploads/Kleinigkeitliebe/895759900/DSC00016-2_square.jpg', 'medium_url': 'https://images4-f.ravelrycache.com/uploads/Kleinigkeitliebe/895759900/DSC00016-2_medium.jpg', 'thumbnail_url': 'https://images4-g.ravelrycache.com/uploads/Kleinigkeitliebe/895759900/DSC00016-2_thumbnail.jpg', 'small_url': 'https://images4-f.ravelrycache.com/uploads/Kleinigkeitliebe/895759900/DSC00016-2_small_best_fit.jpg', 'flickr_url': None, 'shelved_url': 'https://images4-g.ravelrycache.com/uploads/Kleinigkeitliebe/895759900/DSC00016-2_shelved.jpg', 'medium2_url': 'https://images4-a.ravelrycache.com/uploads/Kleinigkeitliebe/895759900/DSC00016-2_medium2.jpg', 'small2_url': 'https://images4-g.ravelrycache.com/uploads/Kleinigkeitliebe/895759900/DSC00016-2_small2.jpg', 'caption': 'Kremke Boucle', 'caption_html': 'Kremke Boucle', 'copyright_holder': 'Tanja'}, {'id': 117878748, 'sort_order': 42, 'user_id': 10704664, 'x_offset': 0, 'y_offset': -47, 'square_url': 'https://images4-f.ravelrycache.com/uploads/Kleinigkeitliebe/895759492/DSC_0808_5__3__square.jpg', 'medium_url': 'https://images4-g.ravelrycache.com/uploads/Kleinigkeitliebe/895759492/DSC_0808_5__3__medium.jpg', 'thumbnail_url': 'https://images4-g.ravelrycache.com/uploads/Kleinigkeitliebe/895759492/DSC_0808_5__3__thumbnail.jpg', 'small_url': 'https://images4-f.ravelrycache.com/uploads/Kleinigkeitliebe/895759492/DSC_0808_5__3__small_best_fit.jpg', 'flickr_url': None, 'shelved_url': 'https://images4-f.ravelrycache.com/uploads/Kleinigkeitliebe/895759492/DSC_0808_5__3__shelved.jpg', 'medium2_url': 'https://images4-a.ravelrycache.com/uploads/Kleinigkeitliebe/895759492/DSC_0808_5__3__medium2.jpg', 'small2_url': 'https://images4-f.ravelrycache.com/uploads/Kleinigkeitliebe/895759492/DSC_0808_5__3__small2.jpg', 'caption': 'Kremke Boucle', 'caption_html': 'Kremke Boucle', 'copyright_holder': 'Kleine Meise Bernau'}, {'id': 117878749, 'sort_order': 43, 'user_id': 10704664, 'x_offset': -5, 'y_offset': -35, 'square_url': 'https://images4-f.ravelrycache.com/uploads/Kleinigkeitliebe/895759285/IMG_4565_square.jpeg', 'medium_url': 'https://images4-f.ravelrycache.com/uploads/Kleinigkeitliebe/895759285/IMG_4565_medium.jpeg', 'thumbnail_url': 'https://images4-f.ravelrycache.com/uploads/Kleinigkeitliebe/895759285/IMG_4565_thumbnail.jpeg', 'small_url': 'https://images4-g.ravelrycache.com/uploads/Kleinigkeitliebe/895759285/IMG_4565_small.jpeg', 'flickr_url': None, 'shelved_url': 'https://images4-f.ravelrycache.com/uploads/Kleinigkeitliebe/895759285/IMG_4565_shelved.jpeg', 'medium2_url': 'https://images4-a.ravelrycache.com/uploads/Kleinigkeitliebe/895759285/IMG_4565_medium2.jpeg', 'small2_url': 'https://images4-g.ravelrycache.com/uploads/Kleinigkeitliebe/895759285/IMG_4565_small2.jpeg', 'caption': 'Kremke Boucle', 'caption_html': 'Kremke Boucle', 'copyright_holder': 'Rats and Raven - Senta'}, {'id': 117878750, 'sort_order': 44, 'user_id': 10704664, 'x_offset': -5, 'y_offset': -35, 'square_url': 'https://images4-f.ravelrycache.com/uploads/Kleinigkeitliebe/895759280/IMG_4548_square.jpeg', 'medium_url': 'https://images4-f.ravelrycache.com/uploads/Kleinigkeitliebe/895759280/IMG_4548_medium.jpeg', 'thumbnail_url': 'https://images4-f.ravelrycache.com/uploads/Kleinigkeitliebe/895759280/IMG_4548_thumbnail.jpeg', 'small_url': 'https://images4-g.ravelrycache.com/uploads/Kleinigkeitliebe/895759280/IMG_4548_small.jpeg', 'flickr_url': None, 'shelved_url': 'https://images4-g.ravelrycache.com/uploads/Kleinigkeitliebe/895759280/IMG_4548_shelved.jpeg', 'medium2_url': 'https://images4-a.ravelrycache.com/uploads/Kleinigkeitliebe/895759280/IMG_4548_medium2.jpeg', 'small2_url': 'https://images4-g.ravelrycache.com/uploads/Kleinigkeitliebe/895759280/IMG_4548_small2.jpeg', 'caption': 'Kremke Boucle', 'caption_html': 'Kremke Boucle', 'copyright_holder': 'Rats and Raven - Senta'}]"
Landscapes,Lisa Renner,1298934,https://www.ravelry.com/patterns/library/landscapes,False,https://images4-a.ravelrycache.com/uploads/LisaRennerCC/947692806/2B6A3658-2_medium2.jpg,Knitting,"['seamed', 'one-piece', 'top-down', 'positive-ease', 'stripes-colorwork']",13.0,5.083333333333333,True,4.0,Stocking stitches,pullover,Worsted,25,4.571428571428571,"Sizes EU 34 (36, 38, 40, 42)  (44, 46, 48, 50) Sizes UK 8 (10, 12, 14, 16) (18, 20, 22, 24)","[{'id': 124276933, 'sort_order': 1, 'user_id': 7071492, 'x_offset': 0, 'y_offset': -35, 'square_url': 'https://images4-f.ravelrycache.com/uploads/LisaRennerCC/947692806/2B6A3658-2_square.jpg', 'medium_url': 'https://images4-g.ravelrycache.com/uploads/LisaRennerCC/947692806/2B6A3658-2_medium.jpg', 'thumbnail_url': 'https://images4-f.ravelrycache.com/uploads/LisaRennerCC/947692806/2B6A3658-2_thumbnail.jpg', 'small_url': 'https://images4-f.ravelrycache.com/uploads/LisaRennerCC/947692806/2B6A3658-2_small.jpg', 'flickr_url': None, 'shelved_url': 'https://images4-f.ravelrycache.com/uploads/LisaRennerCC/947692806/2B6A3658-2_shelved.jpg', 'medium2_url': 'https://images4-a.ravelrycache.com/uploads/LisaRennerCC/947692806/2B6A3658-2_medium2.jpg', 'small2_url': 'https://images4-f.ravelrycache.com/uploads/LisaRennerCC/947692806/2B6A3658-2_small2.jpg', 'caption': None, 'caption_html': None, 'copyright_holder': None}, {'id': 124276935, 'sort_order': 2, 'user_id': 7071492, 'x_offset': 0, 'y_offset': 0, 'square_url': 'https://images4-f.ravelrycache.com/uploads/LisaRennerCC/947692813/2B6A3688-3_square.jpg', 'medium_url': 'https://images4-g.ravelrycache.com/uploads/LisaRennerCC/947692813/2B6A3688-3_medium.jpg', 'thumbnail_url': 'https://images4-f.ravelrycache.com/uploads/LisaRennerCC/947692813/2B6A3688-3_thumbnail.jpg', 'small_url': 'https://images4-g.ravelrycache.com/uploads/LisaRennerCC/947692813/2B6A3688-3_small_best_fit.jpg', 'flickr_url': None, 'shelved_url': 'https://images4-g.ravelrycache.com/uploads/LisaRennerCC/947692813/2B6A3688-3_shelved.jpg', 'medium2_url': 'https://images4-a.ravelrycache.com/uploads/LisaRennerCC/947692813/2B6A3688-3_medium2.jpg', 'small2_url': 'https://images4-f.ravelrycache.com/uploads/LisaRennerCC/947692813/2B6A3688-3_small2.jpg', 'caption': None, 'caption_html': None, 'copyright_holder': None}, {'id': 124276934, 'sort_order': 3, 'user_id': 7071492, 'x_offset': 0, 'y_offset': 0, 'square_url': 'https://images4-g.ravelrycache.com/uploads/LisaRennerCC/947692815/2B6A3721-2_square.jpg', 'medium_url': 'https://images4-f.ravelrycache.com/uploads/LisaRennerCC/947692815/2B6A3721-2_medium.jpg', 'thumbnail_url': 'https://images4-f.ravelrycache.com/uploads/LisaRennerCC/947692815/2B6A3721-2_thumbnail.jpg', 'small_url': 'https://images4-g.ravelrycache.com/uploads/LisaRennerCC/947692815/2B6A3721-2_small_best_fit.jpg', 'flickr_url': None, 'shelved_url': 'https://images4-f.ravelrycache.com/uploads/LisaRennerCC/947692815/2B6A3721-2_shelved.jpg', 'medium2_url': 'https://images4-a.ravelrycache.com/uploads/LisaRennerCC/947692815/2B6A3721-2_medium2.jpg', 'small2_url': 'https://images4-g.ravelrycache.com/uploads/LisaRennerCC/947692815/2B6A3721-2_small2.jpg', 'caption': None, 'caption_html': None, 'copyright_holder': None}, {'id': 124276932, 'sort_order': 4, 'user_id': 7071492, 'x_offset': 0, 'y_offset': -35, 'square_url': 'https://images4-f.ravelrycache.com/uploads/LisaRennerCC/947692805/2B6A3716-3_square.jpg', 'medium_url': 'https://images4-g.ravelrycache.com/uploads/LisaRennerCC/947692805/2B6A3716-3_medium.jpg', 'thumbnail_url': 'https://images4-f.ravelrycache.com/uploads/LisaRennerCC/947692805/2B6A3716-3_thumbnail.jpg', 'small_url': 'https://images4-f.ravelrycache.com/uploads/LisaRennerCC/947692805/2B6A3716-3_small.jpg', 'flickr_url': None, 'shelved_url': 'https://images4-f.ravelrycache.com/uploads/LisaRennerCC/947692805/2B6A3716-3_shelved.jpg', 'medium2_url': 'https://images4-a.ravelrycache.com/uploads/LisaRennerCC/947692805/2B6A3716-3_medium2.jpg', 'small2_url': 'https://images4-f.ravelrycache.com/uploads/LisaRennerCC/947692805/2B6A3716-3_small2.jpg', 'caption': None, 'caption_html': None, 'copyright_holder': None}, {'id': 124276936, 'sort_order': 5, 'user_id': 7071492, 'x_offset': 0, 'y_offset': 0, 'square_url': 'https://images4-f.ravelrycache.com/uploads/LisaRennerCC/947692819/2B6A3721-4_square.jpg', 'medium_url': 'https://images4-g.ravelrycache.com/uploads/LisaRennerCC/947692819/2B6A3721-4_medium.jpg', 'thumbnail_url': 'https://images4-f.ravelrycache.com/uploads/LisaRennerCC/947692819/2B6A3721-4_thumbnail.jpg', 'small_url': 'https://images4-f.ravelrycache.com/uploads/LisaRennerCC/947692819/2B6A3721-4_small_best_fit.jpg', 'flickr_url': None, 'shelved_url': 'https://images4-f.ravelrycache.com/uploads/LisaRennerCC/947692819/2B6A3721-4_shelved.jpg', 'medium2_url': 'https://images4-a.ravelrycache.com/uploads/LisaRennerCC/947692819/2B6A3721-4_medium2.jpg', 'small2_url': 'https://images4-f.ravelrycache.com/uploads/LisaRennerCC/947692819/2B6A3721-4_small2.jpg', 'caption': None, 'caption_html': None, 'copyright_holder': None}, {'id': 124277001, 'sort_order': 6, 'user_id': 7071492, 'x_offset': 0, 'y_offset': -35, 'square_url': 'https://images4-g.ravelrycache.com/uploads/LisaRennerCC/947693405/2B6A3731-3_square.jpg', 'medium_url': 'https://images4-f.ravelrycache.com/uploads/LisaRennerCC/947693405/2B6A3731-3_medium.jpg', 'thumbnail_url': 'https://images4-f.ravelrycache.com/uploads/LisaRennerCC/947693405/2B6A3731-3_thumbnail.jpg', 'small_url': 'https://images4-g.ravelrycache.com/uploads/LisaRennerCC/947693405/2B6A3731-3_small.jpg', 'flickr_url': None, 'shelved_url': 'https://images4-g.ravelrycache.com/uploads/LisaRennerCC/947693405/2B6A3731-3_shelved.jpg', 'medium2_url': 'https://images4-a.ravelrycache.com/uploads/LisaRennerCC/947693405/2B6A3731-3_medium2.jpg', 'small2_url': 'https://images4-g.ravelrycache.com/uploads/LisaRennerCC/947693405/2B6A3731-3_small2.jpg', 'caption': None, 'caption_html': None, 'copyright_holder': None}, {'id': 124277002, 'sort_order': 7, 'user_id': 7071492, 'x_offset': 0, 'y_offset': 0, 'square_url': 'https://images4-f.ravelrycache.com/uploads/LisaRennerCC/947693406/2B6A3731-6_square.jpg', 'medium_url': 'https://images4-g.ravelrycache.com/uploads/LisaRennerCC/947693406/2B6A3731-6_medium.jpg', 'thumbnail_url': 'https://images4-f.ravelrycache.com/uploads/LisaRennerCC/947693406/2B6A3731-6_thumbnail.jpg', 'small_url': 'https://images4-g.ravelrycache.com/uploads/LisaRennerCC/947693406/2B6A3731-6_small_best_fit.jpg', 'flickr_url': None, 'shelved_url': 'https://images4-g.ravelrycache.com/uploads/LisaRennerCC/947693406/2B6A3731-6_shelved.jpg', 'medium2_url': 'https://images4-a.ravelrycache.com/uploads/LisaRennerCC/947693406/2B6A3731-6_medium2.jpg', 'small2_url': 'https://images4-f.ravelrycache.com/uploads/LisaRennerCC/947693406/2B6A3731-6_small2.jpg', 'caption': None, 'caption_html': None, 'copyright_holder': None}]"
Maxie's Mockneck,Ainur Berkimbayeva,1298992,https://www.ravelry.com/patterns/library/maxies-mockneck,False,https://images4-a.ravelrycache.com/uploads/mamasteddybear/896337061/maxies__20_of_24_-ed_medium2.JPG,Knitting,"['teen', 'adult', 'ribbed', 'elastic', 'textured', 'cap-sleeve', 'straight', 'aline', 'one-piece', 'seamless', 'short-rows', 'top-down', 'mock-turtleneck', 'written-pattern', 'video-tutorial', 'cropped', 'in-the-round', 'provisional', 'schematic', 'contiguous', 'low-vision', 'captioned-video', 'color-blind-accessible', 'sleeves']",42.0,2.5,True,4.0,2 x 2 rib,pullover,DK,18,5.0,"1 (2, 3, 4, 5)(6, 7, 8, 9)","[{'id': 117928048, 'sort_order': 1, 'user_id': 5884165, 'x_offset': 0, 'y_offset': -23, 'square_url': 'https://images4-g.ravelrycache.com/uploads/mamasteddybear/896337061/maxies__20_of_24_-ed_square.JPG', 'medium_url': 'https://images4-f.ravelrycache.com/uploads/mamasteddybear/896337061/maxies__20_of_24_-ed_medium.JPG', 'thumbnail_url': 'https://images4-f.ravelrycache.com/uploads/mamasteddybear/896337061/maxies__20_of_24_-ed_thumbnail.JPG', 'small_url': 'https://images4-g.ravelrycache.com/uploads/mamasteddybear/896337061/maxies__20_of_24_-ed_small_best_fit.JPG', 'flickr_url': None, 'shelved_url': 'https://images4-g.ravelrycache.com/uploads/mamasteddybear/896337061/maxies__20_of_24_-ed_shelved.JPG', 'medium2_url': 'https://images4-a.ravelrycache.com/uploads/mamasteddybear/896337061/maxies__20_of_24_-ed_medium2.JPG', 'small2_url': 'https://images4-g.ravelrycache.com/uploads/mamasteddybear/896337061/maxies__20_of_24_-ed_small2.JPG', 'caption': None, 'caption_html': None, 'copyright_holder': None}, {'id': 117893067, 'sort_order': 2, 'user_id': 5884165, 'x_offset': 0, 'y_offset': -43, 'square_url': 'https://images4-f.ravelrycache.com/uploads/mamasteddybear/887573026/maxies_2_10_of_24__square.jpg', 'medium_url': 'https://images4-g.ravelrycache.com/uploads/mamasteddybear/887573026/maxies_2_10_of_24__medium.jpg', 'thumbnail_url': 'https://images4-f.ravelrycache.com/uploads/mamasteddybear/887573026/maxies_2_10_of_24__thumbnail.jpg', 'small_url': 'https://images4-f.ravelrycache.com/uploads/mamasteddybear/887573026/maxies_2_10_of_24__small_best_fit.jpg', 'flickr_url': None, 'shelved_url': 'https://images4-g.ravelrycache.com/uploads/mamasteddybear/887573026/maxies_2_10_of_24__shelved.jpg', 'medium2_url': 'https://images4-a.ravelrycache.com/uploads/mamasteddybear/887573026/maxies_2_10_of_24__medium2.jpg', 'small2_url': 'https://images4-f.ravelrycache.com/uploads/mamasteddybear/887573026/maxies_2_10_of_24__small2.jpg', 'caption': None, 'caption_html': None, 'copyright_holder': None}, {'id': 117893068, 'sort_order': 3, 'user_id': 5884165, 'x_offset': 0, 'y_offset': -43, 'square_url': 'https://images4-g.ravelrycache.com/uploads/mamasteddybear/896049480/maxies__24_of_24__square.jpg', 'medium_url': 'https://images4-f.ravelrycache.com/uploads/mamasteddybear/896049480/maxies__24_of_24__medium.jpg', 'thumbnail_url': 'https://images4-f.ravelrycache.com/uploads/mamasteddybear/896049480/maxies__24_of_24__thumbnail.jpg', 'small_url': 'https://images4-g.ravelrycache.com/uploads/mamasteddybear/896049480/maxies__24_of_24__small_best_fit.jpg', 'flickr_url': None, 'shelved_url': 'https://images4-g.ravelrycache.com/uploads/mamasteddybear/896049480/maxies__24_of_24__shelved.jpg', 'medium2_url': 'https://images4-a.ravelrycache.com/uploads/mamasteddybear/896049480/maxies__24_of_24__medium2.jpg', 'small2_url': 'https://images4-g.ravelrycache.com/uploads/mamasteddybear/896049480/maxies__24_of_24__small2.jpg', 'caption': None, 'caption_html': None, 'copyright_holder': None}]"
The Rambler,kiddiwinksknits,1299360,https://www.ravelry.com/patterns/library/the-rambler-3,False,https://images4-a.ravelrycache.com/uploads/kiddiwinksknits/892370613/pattern2_medium2.JPG,Knitting,"['unisex', 'baby', 'toddler', 'child', 'circular-yoke', 'stranded', 'seamless', 'short-rows', 'top-down', 'chart', 'in-the-round', 'male', 'female']",21.0,3.2,True,4.0,,child,DK,23,5.0,"3, 6 and 12 months; 2 and 3 years, 4-5 years, 6-7 years, 8-9 years","[{'id': 117950166, 'sort_order': 1, 'user_id': 980797, 'x_offset': -9, 'y_offset': 0, 'square_url': 'https://images4-f.ravelrycache.com/uploads/kiddiwinksknits/892370613/pattern2_square.JPG', 'medium_url': 'https://images4-g.ravelrycache.com/uploads/kiddiwinksknits/892370613/pattern2_medium.JPG', 'thumbnail_url': 'https://images4-f.ravelrycache.com/uploads/kiddiwinksknits/892370613/pattern2_thumbnail.JPG', 'small_url': 'https://images4-g.ravelrycache.com/uploads/kiddiwinksknits/892370613/pattern2_small_best_fit.JPG', 'flickr_url': None, 'shelved_url': 'https://images4-f.ravelrycache.com/uploads/kiddiwinksknits/892370613/pattern2_shelved.JPG', 'medium2_url': 'https://images4-a.ravelrycache.com/uploads/kiddiwinksknits/892370613/pattern2_medium2.JPG', 'small2_url': 'https://images4-f.ravelrycache.com/uploads/kiddiwinksknits/892370613/pattern2_small2.JPG', 'caption': None, 'caption_html': None, 'copyright_holder': None}, {'id': 129336851, 'sort_order': 2, 'user_id': 1852891, 'x_offset': -5, 'y_offset': -35, 'square_url': 'https://images4-f.ravelrycache.com/uploads/dianedlouw/988125004/20240409_102759_square.heic', 'medium_url': 'https://images4-f.ravelrycache.com/uploads/dianedlouw/988125004/20240409_102759_medium.heic', 'thumbnail_url': 'https://images4-f.ravelrycache.com/uploads/dianedlouw/988125004/20240409_102759_thumbnail.heic', 'small_url': 'https://images4-f.ravelrycache.com/uploads/dianedlouw/988125004/20240409_102759_small.heic', 'flickr_url': None, 'shelved_url': 'https://images4-f.ravelrycache.com/uploads/dianedlouw/988125004/20240409_102759_shelved.heic', 'medium2_url': 'https://images4-a.ravelrycache.com/uploads/dianedlouw/988125004/20240409_102759_medium2.heic', 'small2_url': 'https://images4-g.ravelrycache.com/uploads/dianedlouw/988125004/20240409_102759_small2.heic', 'caption': None, 'caption_html': None, 'copyright_holder': ''}, {'id': 120758695, 'sort_order': 3, 'user_id': 1309466, 'x_offset': -6, 'y_offset': -35, 'square_url': 'https://images4-g.ravelrycache.com/uploads/soxysue/918930032/gus_3rd_bday_square.jpg', 'medium_url': 'https://images4-f.ravelrycache.com/uploads/soxysue/918930032/gus_3rd_bday_medium.jpg', 'thumbnail_url': 'https://images4-g.ravelrycache.com/uploads/soxysue/918930032/gus_3rd_bday_thumbnail.jpg', 'small_url': 'https://images4-g.ravelrycache.com/uploads/soxysue/918930032/gus_3rd_bday_small.jpg', 'flickr_url': None, 'shelved_url': 'https://images4-g.ravelrycache.com/uploads/soxysue/918930032/gus_3rd_bday_shelved.jpg', 'medium2_url': 'https://images4-a.ravelrycache.com/uploads/soxysue/918930032/gus_3rd_bday_medium2.jpg', 'small2_url': 'https://images4-g.ravelrycache.com/uploads/soxysue/918930032/gus_3rd_bday_small2.jpg', 'caption': None, 'caption_html': None, 'copyright_holder': None}, {'id': 117994627, 'sort_order': 4, 'user_id': 5914971, 'x_offset': -5, 'y_offset': -35, 'square_url': 'https://images4-f.ravelrycache.com/uploads/hiyalauren24/896625738/photo0_square', 'medium_url': 'https://images4-g.ravelrycache.com/uploads/hiyalauren24/896625738/photo0_medium', 'thumbnail_url': 'https://images4-g.ravelrycache.com/uploads/hiyalauren24/896625738/photo0_thumbnail', 'small_url': 'https://images4-f.ravelrycache.com/uploads/hiyalauren24/896625738/photo0_small', 'flickr_url': None, 'shelved_url': 'https://images4-f.ravelrycache.com/uploads/hiyalauren24/896625738/photo0_shelved', 'medium2_url': 'https://images4-a.ravelrycache.com/uploads/hiyalauren24/896625738/photo0_medium2', 'small2_url': 'https://images4-f.ravelrycache.com/uploads/hiyalauren24/896625738/photo0_small2', 'caption': None, 'caption_html': None, 'copyright_holder': None}, {'id': 117950167, 'sort_order': 5, 'user_id': 980797, 'x_offset': 0, 'y_offset': 0, 'square_url': 'https://images4-f.ravelrycache.com/uploads/kiddiwinksknits/893430237/wip13a_square.JPG', 'medium_url': 'https://images4-g.ravelrycache.com/uploads/kiddiwinksknits/893430237/wip13a_medium.JPG', 'thumbnail_url': 'https://images4-f.ravelrycache.com/uploads/kiddiwinksknits/893430237/wip13a_thumbnail.JPG', 'small_url': 'https://images4-f.ravelrycache.com/uploads/kiddiwinksknits/893430237/wip13a_small_best_fit.JPG', 'flickr_url': None, 'shelved_url': 'https://images4-f.ravelrycache.com/uploads/kiddiwinksknits/893430237/wip13a_shelved.JPG', 'medium2_url': 'https://images4-a.ravelrycache.com/uploads/kiddiwinksknits/893430237/wip13a_medium2.JPG', 'small2_url': 'https://images4-f.ravelrycache.com/uploads/kiddiwinksknits/893430237/wip13a_small2.JPG', 'caption': None, 'caption_html': None, 'copyright_holder': None}, {'id': 118325884, 'sort_order': 6, 'user_id': 7021608, 'x_offset': 0, 'y_offset': 0, 'square_url': 'https://images4-f.ravelrycache.com/uploads/CloughaPike/896256673/0CB15BDE-FC60-41DE-ABF5-D43B1557CB8A_square.jpeg', 'medium_url': 'https://images4-f.ravelrycache.com/uploads/CloughaPike/896256673/0CB15BDE-FC60-41DE-ABF5-D43B1557CB8A_medium.jpeg', 'thumbnail_url': 'https://images4-g.ravelrycache.com/uploads/CloughaPike/896256673/0CB15BDE-FC60-41DE-ABF5-D43B1557CB8A_thumbnail.jpeg', 'small_url': 'https://images4-g.ravelrycache.com/uploads/CloughaPike/896256673/0CB15BDE-FC60-41DE-ABF5-D43B1557CB8A_small_best_fit.jpeg', 'flickr_url': None, 'shelved_url': 'https://images4-f.ravelrycache.com/uploads/CloughaPike/896256673/0CB15BDE-FC60-41DE-ABF5-D43B1557CB8A_shelved.jpeg', 'medium2_url': 'https://images4-a.ravelrycache.com/uploads/CloughaPike/896256673/0CB15BDE-FC60-41DE-ABF5-D43B1557CB8A_medium2.jpeg', 'small2_url': 'https://images4-g.ravelrycache.com/uploads/CloughaPike/896256673/0CB15BDE-FC60-41DE-ABF5-D43B1557CB8A_small2.jpeg', 'caption': None, 'caption_html': None, 'copyright_holder': None}, {'id': 117954412, 'sort_order': 7, 'user_id': 85154, 'x_offset': 0, 'y_offset': 0, 'square_url': 'https://images4-f.ravelrycache.com/uploads/KnitMomWi/895991779/upload_square', 'medium_url': 'https://images4-g.ravelrycache.com/uploads/KnitMomWi/895991779/upload_medium', 'thumbnail_url': 'https://images4-g.ravelrycache.com/uploads/KnitMomWi/895991779/upload_thumbnail', 'small_url': 'https://images4-f.ravelrycache.com/uploads/KnitMomWi/895991779/upload_small_best_fit', 'flickr_url': None, 'shelved_url': 'https://images4-g.ravelrycache.com/uploads/KnitMomWi/895991779/upload_shelved', 'medium2_url': 'https://images4-a.ravelrycache.com/uploads/KnitMomWi/895991779/upload_medium2', 'small2_url': 'https://images4-f.ravelrycache.com/uploads/KnitMomWi/895991779/upload_small2', 'caption': None, 'caption_html': None, 'copyright_holder': None}, {'id': 117951603, 'sort_order': 8, 'user_id': 6049461, 'x_offset': 0, 'y_offset': -22, 'square_url': 'https://images4-f.ravelrycache.com/uploads/grankaG/895908294/DSC_0288_square.JPG', 'medium_url': 'https://images4-g.ravelrycache.com/uploads/grankaG/895908294/DSC_0288_medium.JPG', 'thumbnail_url': 'https://images4-g.ravelrycache.com/uploads/grankaG/895908294/DSC_0288_thumbnail.JPG', 'small_url': 'https://images4-f.ravelrycache.com/uploads/grankaG/895908294/DSC_0288_small_best_fit.JPG', 'flickr_url': None, 'shelved_url': 'https://images4-g.ravelrycache.com/uploads/grankaG/895908294/DSC_0288_shelved.JPG', 'medium2_url': 'https://images4-a.ravelrycache.com/uploads/grankaG/895908294/DSC_0288_medium2.JPG', 'small2_url': 'https://images4-f.ravelrycache.com/uploads/grankaG/895908294/DSC_0288_small2.JPG', 'caption': None, 'caption_html': None, 'copyright_holder': None}, {'id': 117951102, 'sort_order': 9, 'user_id': 453813, 'x_offset': -35, 'y_offset': -5, 'square_url': 'https://images4-g.ravelrycache.com/uploads/HappyKiwiKnitstoo/894869778/9A7E5923-4EB6-4250-BBBD-97A542E82193_square.jpeg', 'medium_url': 'https://images4-g.ravelrycache.com/uploads/HappyKiwiKnitstoo/894869778/9A7E5923-4EB6-4250-BBBD-97A542E82193_medium.jpeg', 'thumbnail_url': 'https://images4-g.ravelrycache.com/uploads/HappyKiwiKnitstoo/894869778/9A7E5923-4EB6-4250-BBBD-97A542E82193_thumbnail.jpeg', 'small_url': 'https://images4-g.ravelrycache.com/uploads/HappyKiwiKnitstoo/894869778/9A7E5923-4EB6-4250-BBBD-97A542E82193_small.jpeg', 'flickr_url': None, 'shelved_url': 'https://images4-g.ravelrycache.com/uploads/HappyKiwiKnitstoo/894869778/9A7E5923-4EB6-4250-BBBD-97A542E82193_shelved.jpeg', 'medium2_url': 'https://images4-a.ravelrycache.com/uploads/HappyKiwiKnitstoo/894869778/9A7E5923-4EB6-4250-BBBD-97A542E82193_medium2.jpeg', 'small2_url': 'https://images4-f.ravelrycache.com/uploads/HappyKiwiKnitstoo/894869778/9A7E5923-4EB6-4250-BBBD-97A542E82193_small2.jpeg', 'caption': None, 'caption_html': None, 'copyright_holder': None}]"
Iltarusko Sweater,Essi Kyllönen,1299755,https://www.ravelry.com/patterns/library/iltarusko-sweater,True,https://images4-a.ravelrycache.com/uploads/hiljv/897107679/upload_medium2,Knitting,"['adult', 'bobble-or-popcorn', 'lace', 'top-down', 'positive-ease', 'chart', 'written-pattern', 'female', 'plus', 'circular-yoke']",19.0,0.0,True,4.0,,pullover,Aran,20,0.0,"XS (S, M, L, 1X)","[{'id': 118021637, 'sort_order': 1, 'user_id': 9954166, 'x_offset': 0, 'y_offset': 0, 'square_url': 'https://images4-f.ravelrycache.com/uploads/hiljv/897107679/upload_square', 'medium_url': 'https://images4-g.ravelrycache.com/uploads/hiljv/897107679/upload_medium', 'thumbnail_url': 'https://images4-g.ravelrycache.com/uploads/hiljv/897107679/upload_thumbnail', 'small_url': 'https://images4-g.ravelrycache.com/uploads/hiljv/897107679/upload_small_best_fit', 'flickr_url': None, 'shelved_url': 'https://images4-f.ravelrycache.com/uploads/hiljv/897107679/upload_shelved', 'medium2_url': 'https://images4-a.ravelrycache.com/uploads/hiljv/897107679/upload_medium2', 'small2_url': 'https://images4-f.ravelrycache.com/uploads/hiljv/897107679/upload_small2', 'caption': None, 'caption_html': None, 'copyright_holder': None}, {'id': 120980052, 'sort_order': 2, 'user_id': 9776801, 'x_offset': -5, 'y_offset': -35, 'square_url': 'https://images4-f.ravelrycache.com/uploads/Dennblad/906461664/1676211457380_square.jpg', 'medium_url': 'https://images4-g.ravelrycache.com/uploads/Dennblad/906461664/1676211457380_medium.jpg', 'thumbnail_url': 'https://images4-g.ravelrycache.com/uploads/Dennblad/906461664/1676211457380_thumbnail.jpg', 'small_url': 'https://images4-g.ravelrycache.com/uploads/Dennblad/906461664/1676211457380_small.jpg', 'flickr_url': None, 'shelved_url': 'https://images4-g.ravelrycache.com/uploads/Dennblad/906461664/1676211457380_shelved.jpg', 'medium2_url': 'https://images4-a.ravelrycache.com/uploads/Dennblad/906461664/1676211457380_medium2.jpg', 'small2_url': 'https://images4-f.ravelrycache.com/uploads/Dennblad/906461664/1676211457380_small2.jpg', 'caption': None, 'caption_html': None, 'copyright_holder': None}]"
Corteccia,Valentina Cosciani,1299951,https://www.ravelry.com/patterns/library/corteccia-2,False,https://images4-a.ravelrycache.com/uploads/Tibisay/872084723/IMG_10_medium2.jpeg,Knitting,"['female', 'unisex', 'adult', 'textured', 'stranded', 'one-piece', 'seamless', 'short-rows', 'top-down', 'positive-ease', 'chart', 'written-pattern', 'puffed-sleeve', 'worked-flat', 'in-the-round', 'circular-yoke']",23.0,5.333333333333333,True,4.0,Stockinette Stitch (blocked),pullover,DK,14,4.75,"XS (S, M, L, XL, XXL)","[{'id': 118051230, 'sort_order': 1, 'user_id': 530700, 'x_offset': 0, 'y_offset': 0, 'square_url': 'https://images4-g.ravelrycache.com/uploads/Tibisay/872084723/IMG_10_square.jpeg', 'medium_url': 'https://images4-g.ravelrycache.com/uploads/Tibisay/872084723/IMG_10_medium.jpeg', 'thumbnail_url': 'https://images4-f.ravelrycache.com/uploads/Tibisay/872084723/IMG_10_thumbnail.jpeg', 'small_url': 'https://images4-g.ravelrycache.com/uploads/Tibisay/872084723/IMG_10_small_best_fit.jpeg', 'flickr_url': None, 'shelved_url': 'https://images4-f.ravelrycache.com/uploads/Tibisay/872084723/IMG_10_shelved.jpeg', 'medium2_url': 'https://images4-a.ravelrycache.com/uploads/Tibisay/872084723/IMG_10_medium2.jpeg', 'small2_url': 'https://images4-f.ravelrycache.com/uploads/Tibisay/872084723/IMG_10_small2.jpeg', 'caption': None, 'caption_html': None, 'copyright_holder': None}, {'id': 137458177, 'sort_order': 2, 'user_id': 6279833, 'x_offset': -5, 'y_offset': -35, 'square_url': 'https://images4-g.ravelrycache.com/uploads/AlessandraBet/1027668850/IMG-20241110-WA0007_square.jpg', 'medium_url': 'https://images4-f.ravelrycache.com/uploads/AlessandraBet/1027668850/IMG-20241110-WA0007_medium.jpg', 'thumbnail_url': 'https://images4-f.ravelrycache.com/uploads/AlessandraBet/1027668850/IMG-20241110-WA0007_thumbnail.jpg', 'small_url': 'https://images4-f.ravelrycache.com/uploads/AlessandraBet/1027668850/IMG-20241110-WA0007_small.jpg', 'flickr_url': None, 'shelved_url': 'https://images4-g.ravelrycache.com/uploads/AlessandraBet/1027668850/IMG-20241110-WA0007_shelved.jpg', 'medium2_url': 'https://images4-a.ravelrycache.com/uploads/AlessandraBet/1027668850/IMG-20241110-WA0007_medium2.jpg', 'small2_url': 'https://images4-g.ravelrycache.com/uploads/AlessandraBet/1027668850/IMG-20241110-WA0007_small2.jpg', 'caption': None, 'caption_html': None, 'copyright_holder': None}, {'id': 118096075, 'sort_order': 3, 'user_id': 859118, 'x_offset': -53, 'y_offset': 0, 'square_url': 'https://images4-g.ravelrycache.com/uploads/soniacadorin/897452571/985409D7-777B-4929-B120-4AD47C872BF7_square.jpeg', 'medium_url': 'https://images4-g.ravelrycache.com/uploads/soniacadorin/897452571/985409D7-777B-4929-B120-4AD47C872BF7_medium.jpeg', 'thumbnail_url': 'https://images4-f.ravelrycache.com/uploads/soniacadorin/897452571/985409D7-777B-4929-B120-4AD47C872BF7_thumbnail.jpeg', 'small_url': 'https://images4-g.ravelrycache.com/uploads/soniacadorin/897452571/985409D7-777B-4929-B120-4AD47C872BF7_small.jpeg', 'flickr_url': None, 'shelved_url': 'https://images4-f.ravelrycache.com/uploads/soniacadorin/897452571/985409D7-777B-4929-B120-4AD47C872BF7_shelved.jpeg', 'medium2_url': 'https://images4-a.ravelrycache.com/uploads/soniacadorin/897452571/985409D7-777B-4929-B120-4AD47C872BF7_medium2.jpeg', 'small2_url': 'https://images4-f.ravelrycache.com/uploads/soniacadorin/897452571/985409D7-777B-4929-B120-4AD47C872BF7_small2.jpeg', 'caption': None, 'caption_html': None, 'copyright_holder': None}, {'id': 129938380, 'sort_order': 4, 'user_id': 8383825, 'x_offset': -5, 'y_offset': -35, 'square_url': 'https://images4-g.ravelrycache.com/uploads/IBarbara/962097808/IMG_20230926_171308_square.jpg', 'medium_url': 'https://images4-f.ravelrycache.com/uploads/IBarbara/962097808/IMG_20230926_171308_medium.jpg', 'thumbnail_url': 'https://images4-g.ravelrycache.com/uploads/IBarbara/962097808/IMG_20230926_171308_thumbnail.jpg', 'small_url': 'https://images4-f.ravelrycache.com/uploads/IBarbara/962097808/IMG_20230926_171308_small.jpg', 'flickr_url': None, 'shelved_url': 'https://images4-g.ravelrycache.com/uploads/IBarbara/962097808/IMG_20230926_171308_shelved.jpg', 'medium2_url': 'https://images4-a.ravelrycache.com/uploads/IBarbara/962097808/IMG_20230926_171308_medium2.jpg', 'small2_url': 'https://images4-g.ravelrycache.com/uploads/IBarbara/962097808/IMG_20230926_171308_small2.jpg', 'caption': None, 'caption_html': None, 'copyright_holder': None}, {'id': 137360556, 'sort_order': 5, 'user_id': 11185593, 'x_offset': -6, 'y_offset': -35, 'square_url': 'https://images4-f.ravelrycache.com/uploads/Keikichi/1044209274/PXL_20250128_094754440_square.jpg', 'medium_url': 'https://images4-g.ravelrycache.com/uploads/Keikichi/1044209274/PXL_20250128_094754440_medium.jpg', 'thumbnail_url': 'https://images4-f.ravelrycache.com/uploads/Keikichi/1044209274/PXL_20250128_094754440_thumbnail.jpg', 'small_url': 'https://images4-g.ravelrycache.com/uploads/Keikichi/1044209274/PXL_20250128_094754440_small.jpg', 'flickr_url': None, 'shelved_url': 'https://images4-f.ravelrycache.com/uploads/Keikichi/1044209274/PXL_20250128_094754440_shelved.jpg', 'medium2_url': 'https://images4-a.ravelrycache.com/uploads/Keikichi/1044209274/PXL_20250128_094754440_medium2.jpg', 'small2_url': 'https://images4-f.ravelrycache.com/uploads/Keikichi/1044209274/PXL_20250128_094754440_small2.jpg', 'caption': None, 'caption_html': None, 'copyright_holder': None}, {'id': 118085615, 'sort_order': 6, 'user_id': 4059102, 'x_offset': -5, 'y_offset': 2, 'square_url': 'https://images4-g.ravelrycache.com/uploads/FILODIANNA/897480386/IMG_20221110_165032_square.jpg', 'medium_url': 'https://images4-f.ravelrycache.com/uploads/FILODIANNA/897480386/IMG_20221110_165032_medium.jpg', 'thumbnail_url': 'https://images4-f.ravelrycache.com/uploads/FILODIANNA/897480386/IMG_20221110_165032_thumbnail.jpg', 'small_url': 'https://images4-g.ravelrycache.com/uploads/FILODIANNA/897480386/IMG_20221110_165032_small.jpg', 'flickr_url': None, 'shelved_url': 'https://images4-g.ravelrycache.com/uploads/FILODIANNA/897480386/IMG_20221110_165032_shelved.jpg', 'medium2_url': 'https://images4-a.ravelrycache.com/uploads/FILODIANNA/897480386/IMG_20221110_165032_medium2.jpg', 'small2_url': 'https://images4-g.ravelrycache.com/uploads/FILODIANNA/897480386/IMG_20221110_165032_small2.jpg', 'caption': None, 'caption_html': None, 'copyright_holder': None}, {'id': 118051231, 'sort_order': 7, 'user_id': 530700, 'x_offset': 0, 'y_offset': 0, 'square_url': 'https://images4-g.ravelrycache.com/uploads/Tibisay/872084717/IMG_07_square.jpeg', 'medium_url': 'https://images4-g.ravelrycache.com/uploads/Tibisay/872084717/IMG_07_medium.jpeg', 'thumbnail_url': 'https://images4-g.ravelrycache.com/uploads/Tibisay/872084717/IMG_07_thumbnail.jpeg', 'small_url': 'https://images4-g.ravelrycache.com/uploads/Tibisay/872084717/IMG_07_small_best_fit.jpeg', 'flickr_url': None, 'shelved_url': 'https://images4-f.ravelrycache.com/uploads/Tibisay/872084717/IMG_07_shelved.jpeg', 'medium2_url': 'https://images4-a.ravelrycache.com/uploads/Tibisay/872084717/IMG_07_medium2.jpeg', 'small2_url': 'https://images4-f.ravelrycache.com/uploads/Tibisay/872084717/IMG_07_small2.jpeg', 'caption': None, 'caption_html': None, 'copyright_holder': None}, {'id': 118051232, 'sort_order': 8, 'user_id': 530700, 'x_offset': 0, 'y_offset': 0, 'square_url': 'https://images4-g.ravelrycache.com/uploads/Tibisay/872084724/IMG_01_square.jpeg', 'medium_url': 'https://images4-g.ravelrycache.com/uploads/Tibisay/872084724/IMG_01_medium.jpeg', 'thumbnail_url': 'https://images4-f.ravelrycache.com/uploads/Tibisay/872084724/IMG_01_thumbnail.jpeg', 'small_url': 'https://images4-f.ravelrycache.com/uploads/Tibisay/872084724/IMG_01_small_best_fit.jpeg', 'flickr_url': None, 'shelved_url': 'https://images4-g.ravelrycache.com/uploads/Tibisay/872084724/IMG_01_shelved.jpeg', 'medium2_url': 'https://images4-a.ravelrycache.com/uploads/Tibisay/872084724/IMG_01_medium2.jpeg', 'small2_url': 'https://images4-f.ravelrycache.com/uploads/Tibisay/872084724/IMG_01_small2.jpeg', 'caption': None, 'caption_html': None, 'copyright_holder': None}, {'id': 118051233, 'sort_order': 9, 'user_id': 530700, 'x_offset': 0, 'y_offset': 0, 'square_url': 'https://images4-g.ravelrycache.com/uploads/Tibisay/872084718/IMG_08_square.jpeg', 'medium_url': 'https://images4-g.ravelrycache.com/uploads/Tibisay/872084718/IMG_08_medium.jpeg', 'thumbnail_url': 'https://images4-f.ravelrycache.com/uploads/Tibisay/872084718/IMG_08_thumbnail.jpeg', 'small_url': 'https://images4-f.ravelrycache.com/uploads/Tibisay/872084718/IMG_08_small_best_fit.jpeg', 'flickr_url': None, 'shelved_url': 'https://images4-f.ravelrycache.com/uploads/Tibisay/872084718/IMG_08_shelved.jpeg', 'medium2_url': 'https://images4-a.ravelrycache.com/uploads/Tibisay/872084718/IMG_08_medium2.jpeg', 'small2_url': 'https://images4-f.ravelrycache.com/uploads/Tibisay/872084718/IMG_08_small2.jpeg', 'caption': None, 'caption_html': None, 'copyright_holder': None}, {'id': 118051234, 'sort_order': 10, 'user_id': 530700, 'x_offset': 0, 'y_offset': 0, 'square_url': 'https://images4-g.ravelrycache.com/uploads/Tibisay/872084716/IMG_04_square.jpeg', 'medium_url': 'https://images4-g.ravelrycache.com/uploads/Tibisay/872084716/IMG_04_medium.jpeg', 'thumbnail_url': 'https://images4-f.ravelrycache.com/uploads/Tibisay/872084716/IMG_04_thumbnail.jpeg', 'small_url': 'https://images4-f.ravelrycache.com/uploads/Tibisay/872084716/IMG_04_small_best_fit.jpeg', 'flickr_url': None, 'shelved_url': 'https://images4-g.ravelrycache.com/uploads/Tibisay/872084716/IMG_04_shelved.jpeg', 'medium2_url': 'https://images4-a.ravelrycache.com/uploads/Tibisay/872084716/IMG_04_medium2.jpeg', 'small2_url': 'https://images4-f.ravelrycache.com/uploads/Tibisay/872084716/IMG_04_small2.jpeg', 'caption': None, 'caption_html': None, 'copyright_holder': None}, {'id': 118051235, 'sort_order': 11, 'user_id': 530700, 'x_offset': 0, 'y_offset': 0, 'square_url': 'https://images4-g.ravelrycache.com/uploads/Tibisay/872084719/IMG_02_square.jpeg', 'medium_url': 'https://images4-g.ravelrycache.com/uploads/Tibisay/872084719/IMG_02_medium.jpeg', 'thumbnail_url': 'https://images4-f.ravelrycache.com/uploads/Tibisay/872084719/IMG_02_thumbnail.jpeg', 'small_url': 'https://images4-g.ravelrycache.com/uploads/Tibisay/872084719/IMG_02_small_best_fit.jpeg', 'flickr_url': None, 'shelved_url': 'https://images4-g.ravelrycache.com/uploads/Tibisay/872084719/IMG_02_shelved.jpeg', 'medium2_url': 'https://images4-a.ravelrycache.com/uploads/Tibisay/872084719/IMG_02_medium2.jpeg', 'small2_url': 'https://images4-f.ravelrycache.com/uploads/Tibisay/872084719/IMG_02_small2.jpeg', 'caption': None, 'caption_html': None, 'copyright_holder': None}, {'id': 118051236, 'sort_order': 12, 'user_id': 530700, 'x_offset': 0, 'y_offset': 0, 'square_url': 'https://images4-g.ravelrycache.com/uploads/Tibisay/872084721/IMG_03_square.jpeg', 'medium_url': 'https://images4-g.ravelrycache.com/uploads/Tibisay/872084721/IMG_03_medium.jpeg', 'thumbnail_url': 'https://images4-f.ravelrycache.com/uploads/Tibisay/872084721/IMG_03_thumbnail.jpeg', 'small_url': 'https://images4-f.ravelrycache.com/uploads/Tibisay/872084721/IMG_03_small_best_fit.jpeg', 'flickr_url': None, 'shelved_url': 'https://images4-g.ravelrycache.com/uploads/Tibisay/872084721/IMG_03_shelved.jpeg', 'medium2_url': 'https://images4-a.ravelrycache.com/uploads/Tibisay/872084721/IMG_03_medium2.jpeg', 'small2_url': 'https://images4-f.ravelrycache.com/uploads/Tibisay/872084721/IMG_03_small2.jpeg', 'caption': None, 'caption_html': None, 'copyright_holder': None}, {'id': 118051237, 'sort_order': 13, 'user_id': 530700, 'x_offset': 0, 'y_offset': 0, 'square_url': 'https://images4-g.ravelrycache.com/uploads/Tibisay/872084720/IMG_09_square.jpeg', 'medium_url': 'https://images4-g.ravelrycache.com/uploads/Tibisay/872084720/IMG_09_medium.jpeg', 'thumbnail_url': 'https://images4-f.ravelrycache.com/uploads/Tibisay/872084720/IMG_09_thumbnail.jpeg', 'small_url': 'https://images4-g.ravelrycache.com/uploads/Tibisay/872084720/IMG_09_small_best_fit.jpeg', 'flickr_url': None, 'shelved_url': 'https://images4-f.ravelrycache.com/uploads/Tibisay/872084720/IMG_09_shelved.jpeg', 'medium2_url': 'https://images4-a.ravelrycache.com/uploads/Tibisay/872084720/IMG_09_medium2.jpeg', 'small2_url': 'https://images4-f.ravelrycache.com/uploads/Tibisay/872084720/IMG_09_small2.jpeg', 'caption': None, 'caption_html': None, 'copyright_holder': None}, {'id': 118051238, 'sort_order': 14, 'user_id': 530700, 'x_offset': 0, 'y_offset': 0, 'square_url': 'https://images4-f.ravelrycache.com/uploads/Tibisay/872084714/IMG_06_1_square.jpeg', 'medium_url': 'https://images4-f.ravelrycache.com/uploads/Tibisay/872084714/IMG_06_1_medium.jpeg', 'thumbnail_url': 'https://images4-f.ravelrycache.com/uploads/Tibisay/872084714/IMG_06_1_thumbnail.jpeg', 'small_url': 'https://images4-f.ravelrycache.com/uploads/Tibisay/872084714/IMG_06_1_small_best_fit.jpeg', 'flickr_url': None, 'shelved_url': 'https://images4-f.ravelrycache.com/uploads/Tibisay/872084714/IMG_06_1_shelved.jpeg', 'medium2_url': 'https://images4-a.ravelrycache.com/uploads/Tibisay/872084714/IMG_06_1_medium2.jpeg', 'small2_url': 'https://images4-g.ravelrycache.com/uploads/Tibisay/872084714/IMG_06_1_small2.jpeg', 'caption': None, 'caption_html': None, 'copyright_holder': None}, {'id': 118051239, 'sort_order': 15, 'user_id': 530700, 'x_offset': 0, 'y_offset': 0, 'square_url': 'https://images4-g.ravelrycache.com/uploads/Tibisay/872084722/IMG_05_square.jpeg', 'medium_url': 'https://images4-g.ravelrycache.com/uploads/Tibisay/872084722/IMG_05_medium.jpeg', 'thumbnail_url': 'https://images4-g.ravelrycache.com/uploads/Tibisay/872084722/IMG_05_thumbnail.jpeg', 'small_url': 'https://images4-g.ravelrycache.com/uploads/Tibisay/872084722/IMG_05_small_best_fit.jpeg', 'flickr_url': None, 'shelved_url': 'https://images4-f.ravelrycache.com/uploads/Tibisay/872084722/IMG_05_shelved.jpeg', 'medium2_url': 'https://images4-a.ravelrycache.com/uploads/Tibisay/872084722/IMG_05_medium2.jpeg', 'small2_url': 'https://images4-f.ravelrycache.com/uploads/Tibisay/872084722/IMG_05_small2.jpeg', 'caption': None, 'caption_html': None, 'copyright_holder': None}, {'id': 118051240, 'sort_order': 16, 'user_id': 530700, 'x_offset': 0, 'y_offset': 0, 'square_url': 'https://images4-g.ravelrycache.com/uploads/Tibisay/872084715/IMG_06_2_square.jpeg', 'medium_url': 'https://images4-g.ravelrycache.com/uploads/Tibisay/872084715/IMG_06_2_medium.jpeg', 'thumbnail_url': 'https://images4-f.ravelrycache.com/uploads/Tibisay/872084715/IMG_06_2_thumbnail.jpeg', 'small_url': 'https://images4-f.ravelrycache.com/uploads/Tibisay/872084715/IMG_06_2_small_best_fit.jpeg', 'flickr_url': None, 'shelved_url': 'https://images4-f.ravelrycache.com/uploads/Tibisay/872084715/IMG_06_2_shelved.jpeg', 'medium2_url': 'https://images4-a.ravelrycache.com/uploads/Tibisay/872084715/IMG_06_2_medium2.jpeg', 'small2_url': 'https://images4-f.ravelrycache.com/uploads/Tibisay/872084715/IMG_06_2_small2.jpeg', 'caption': None, 'caption_html': None, 'copyright_holder': None}]"
Savannah,Martin Storey,1300104,https://www.ravelry.com/patterns/library/savannah-19,True,https://images4-a.ravelrycache.com/uploads/SunDevilKnitter/897451321/Savannah_3_copy_medium2.jpg,Knitting,"['female', 'adult', 'cables', 'ribbed', 'seamed', 'bottom-up', 'positive-ease', 'chart', 'written-pattern', 'modified-drop-sleeve', 'worked-flat', 'twisted-stitches', 'teen', 'v-neck', 'schematic']",22.0,6.666666666666667,True,4.0,Stockinette Stitch,pullover,DK,23,3.3333333333333335,"28-30, 32-34, 36-38, 40-42, 44-46, 48-50, 52-54, 56-58, 60-62 inches","[{'id': 118063952, 'sort_order': 1, 'user_id': 1106099, 'x_offset': 0, 'y_offset': -35, 'square_url': 'https://images4-g.ravelrycache.com/uploads/SunDevilKnitter/897451321/Savannah_3_copy_square.jpg', 'medium_url': 'https://images4-f.ravelrycache.com/uploads/SunDevilKnitter/897451321/Savannah_3_copy_medium.jpg', 'thumbnail_url': 'https://images4-f.ravelrycache.com/uploads/SunDevilKnitter/897451321/Savannah_3_copy_thumbnail.jpg', 'small_url': 'https://images4-g.ravelrycache.com/uploads/SunDevilKnitter/897451321/Savannah_3_copy_small.jpg', 'flickr_url': None, 'shelved_url': 'https://images4-f.ravelrycache.com/uploads/SunDevilKnitter/897451321/Savannah_3_copy_shelved.jpg', 'medium2_url': 'https://images4-a.ravelrycache.com/uploads/SunDevilKnitter/897451321/Savannah_3_copy_medium2.jpg', 'small2_url': 'https://images4-g.ravelrycache.com/uploads/SunDevilKnitter/897451321/Savannah_3_copy_small2.jpg', 'caption': None, 'caption_html': None, 'copyright_holder': None}]"
#15 Sweater with lifting pattern,Lana Grossa,1300350,https://www.ravelry.com/patterns/library/15-sweater-with-lifting-pattern,False,https://images4-a.ravelrycache.com/uploads/Mattsknits/897656136/upload_medium2,Knitting,"['male', 'adult', 'seamed', 'bottom-up']",19.0,0.0,False,4.0,,pullover,Aran,6,0.0,"48/50, 52/54, 56","[{'id': 118089060, 'sort_order': 1, 'user_id': 10159144, 'x_offset': -1, 'y_offset': -35, 'square_url': 'https://images4-g.ravelrycache.com/uploads/Mattsknits/897656136/upload_square', 'medium_url': 'https://images4-f.ravelrycache.com/uploads/Mattsknits/897656136/upload_medium', 'thumbnail_url': 'https://images4-f.ravelrycache.com/uploads/Mattsknits/897656136/upload_thumbnail', 'small_url': 'https://images4-f.ravelrycache.com/uploads/Mattsknits/897656136/upload_small', 'flickr_url': None, 'shelved_url': 'https://images4-g.ravelrycache.com/uploads/Mattsknits/897656136/upload_shelved', 'medium2_url': 'https://images4-a.ravelrycache.com/uploads/Mattsknits/897656136/upload_medium2', 'small2_url': 'https://images4-g.ravelrycache.com/uploads/Mattsknits/897656136/upload_small2', 'caption': None, 'caption_html': None, 'copyright_holder': 'Lana Grossa/ Filati'}, {'id': 118089061, 'sort_order': 2, 'user_id': 10159144, 'x_offset': -1, 'y_offset': -35, 'square_url': 'https://images4-g.ravelrycache.com/uploads/Mattsknits/897656405/upload_square', 'medium_url': 'https://images4-f.ravelrycache.com/uploads/Mattsknits/897656405/upload_medium', 'thumbnail_url': 'https://images4-f.ravelrycache.com/uploads/Mattsknits/897656405/upload_thumbnail', 'small_url': 'https://images4-f.ravelrycache.com/uploads/Mattsknits/897656405/upload_small', 'flickr_url': None, 'shelved_url': 'https://images4-f.ravelrycache.com/uploads/Mattsknits/897656405/upload_shelved', 'medium2_url': 'https://images4-a.ravelrycache.com/uploads/Mattsknits/897656405/upload_medium2', 'small2_url': 'https://images4-g.ravelrycache.com/uploads/Mattsknits/897656405/upload_small2', 'caption': None, 'caption_html': None, 'copyright_holder': 'Lana Grossa/ Filati'}, {'id': 118089062, 'sort_order': 3, 'user_id': 10159144, 'x_offset': -1, 'y_offset': -35, 'square_url': 'https://images4-g.ravelrycache.com/uploads/Mattsknits/897656185/upload_square', 'medium_url': 'https://images4-f.ravelrycache.com/uploads/Mattsknits/897656185/upload_medium', 'thumbnail_url': 'https://images4-g.ravelrycache.com/uploads/Mattsknits/897656185/upload_thumbnail', 'small_url': 'https://images4-g.ravelrycache.com/uploads/Mattsknits/897656185/upload_small', 'flickr_url': None, 'shelved_url': 'https://images4-g.ravelrycache.com/uploads/Mattsknits/897656185/upload_shelved', 'medium2_url': 'https://images4-a.ravelrycache.com/uploads/Mattsknits/897656185/upload_medium2', 'small2_url': 'https://images4-g.ravelrycache.com/uploads/Mattsknits/897656185/upload_small2', 'caption': None, 'caption_html': None, 'copyright_holder': 'Lana Grossa/ Filati'}, {'id': 118089063, 'sort_order': 4, 'user_id': 10159144, 'x_offset': -1, 'y_offset': -35, 'square_url': 'https://images4-f.ravelrycache.com/uploads/Mattsknits/897656522/upload_square', 'medium_url': 'https://images4-g.ravelrycache.com/uploads/Mattsknits/897656522/upload_medium', 'thumbnail_url': 'https://images4-f.ravelrycache.com/uploads/Mattsknits/897656522/upload_thumbnail', 'small_url': 'https://images4-f.ravelrycache.com/uploads/Mattsknits/897656522/upload_small', 'flickr_url': None, 'shelved_url': 'https://images4-f.ravelrycache.com/uploads/Mattsknits/897656522/upload_shelved', 'medium2_url': 'https://images4-a.ravelrycache.com/uploads/Mattsknits/897656522/upload_medium2', 'small2_url': 'https://images4-f.ravelrycache.com/uploads/Mattsknits/897656522/upload_small2', 'caption': None, 'caption_html': None, 'copyright_holder': 'Lana Grossa/ Filati'}]"
Holiday Time Pullover,Ashley Lillis,1300457,https://www.ravelry.com/patterns/library/holiday-time-pullover,False,https://images4-a.ravelrycache.com/uploads/ashleylillis/897741016/Holiday_Time_Pullover_07_medium2.jpg,Knitting,"['female', 'teen', 'adult', 'oversized', 'bottom-up', 'positive-ease', 'in-the-round']",9.0,0.0,True,4.0,Stockinette,pullover,Super Bulky,10,0.0,"1, 2, 3, 4, 5, 6, 7, 8 ","[{'id': 118099489, 'sort_order': 1, 'user_id': 3779022, 'x_offset': -5, 'y_offset': -35, 'square_url': 'https://images4-f.ravelrycache.com/uploads/ashleylillis/897741016/Holiday_Time_Pullover_07_square.jpg', 'medium_url': 'https://images4-g.ravelrycache.com/uploads/ashleylillis/897741016/Holiday_Time_Pullover_07_medium.jpg', 'thumbnail_url': 'https://images4-g.ravelrycache.com/uploads/ashleylillis/897741016/Holiday_Time_Pullover_07_thumbnail.jpg', 'small_url': 'https://images4-g.ravelrycache.com/uploads/ashleylillis/897741016/Holiday_Time_Pullover_07_small.jpg', 'flickr_url': None, 'shelved_url': 'https://images4-f.ravelrycache.com/uploads/ashleylillis/897741016/Holiday_Time_Pullover_07_shelved.jpg', 'medium2_url': 'https://images4-a.ravelrycache.com/uploads/ashleylillis/897741016/Holiday_Time_Pullover_07_medium2.jpg', 'small2_url': 'https://images4-f.ravelrycache.com/uploads/ashleylillis/897741016/Holiday_Time_Pullover_07_small2.jpg', 'caption': 'Holiday Time Sweater', 'caption_html': 'Holiday Time Sweater', 'copyright_holder': ''}, {'id': 118099490, 'sort_order': 2, 'user_id': 3779022, 'x_offset': -5, 'y_offset': -35, 'square_url': 'https://images4-f.ravelrycache.com/uploads/ashleylillis/897740771/Holiday_Time_Pullover_01_square.jpg', 'medium_url': 'https://images4-g.ravelrycache.com/uploads/ashleylillis/897740771/Holiday_Time_Pullover_01_medium.jpg', 'thumbnail_url': 'https://images4-g.ravelrycache.com/uploads/ashleylillis/897740771/Holiday_Time_Pullover_01_thumbnail.jpg', 'small_url': 'https://images4-g.ravelrycache.com/uploads/ashleylillis/897740771/Holiday_Time_Pullover_01_small.jpg', 'flickr_url': None, 'shelved_url': 'https://images4-f.ravelrycache.com/uploads/ashleylillis/897740771/Holiday_Time_Pullover_01_shelved.jpg', 'medium2_url': 'https://images4-a.ravelrycache.com/uploads/ashleylillis/897740771/Holiday_Time_Pullover_01_medium2.jpg', 'small2_url': 'https://images4-f.ravelrycache.com/uploads/ashleylillis/897740771/Holiday_Time_Pullover_01_small2.jpg', 'caption': 'Holiday Time Sweater', 'caption_html': 'Holiday Time Sweater', 'copyright_holder': ''}, {'id': 118099491, 'sort_order': 3, 'user_id': 3779022, 'x_offset': -5, 'y_offset': -35, 'square_url': 'https://images4-f.ravelrycache.com/uploads/ashleylillis/897741097/Holiday_Time_Pullover_09_square.jpg', 'medium_url': 'https://images4-g.ravelrycache.com/uploads/ashleylillis/897741097/Holiday_Time_Pullover_09_medium.jpg', 'thumbnail_url': 'https://images4-f.ravelrycache.com/uploads/ashleylillis/897741097/Holiday_Time_Pullover_09_thumbnail.jpg', 'small_url': 'https://images4-f.ravelrycache.com/uploads/ashleylillis/897741097/Holiday_Time_Pullover_09_small.jpg', 'flickr_url': None, 'shelved_url': 'https://images4-g.ravelrycache.com/uploads/ashleylillis/897741097/Holiday_Time_Pullover_09_shelved.jpg', 'medium2_url': 'https://images4-a.ravelrycache.com/uploads/ashleylillis/897741097/Holiday_Time_Pullover_09_medium2.jpg', 'small2_url': 'https://images4-f.ravelrycache.com/uploads/ashleylillis/897741097/Holiday_Time_Pullover_09_small2.jpg', 'caption': 'Holiday Time Sweater', 'caption_html': 'Holiday Time Sweater', 'copyright_holder': ''}, {'id': 118099492, 'sort_order': 4, 'user_id': 3779022, 'x_offset': -5, 'y_offset': -35, 'square_url': 'https://images4-g.ravelrycache.com/uploads/ashleylillis/897741062/Holiday_Time_Pullover_08_square.jpg', 'medium_url': 'https://images4-f.ravelrycache.com/uploads/ashleylillis/897741062/Holiday_Time_Pullover_08_medium.jpg', 'thumbnail_url': 'https://images4-f.ravelrycache.com/uploads/ashleylillis/897741062/Holiday_Time_Pullover_08_thumbnail.jpg', 'small_url': 'https://images4-f.ravelrycache.com/uploads/ashleylillis/897741062/Holiday_Time_Pullover_08_small.jpg', 'flickr_url': None, 'shelved_url': 'https://images4-f.ravelrycache.com/uploads/ashleylillis/897741062/Holiday_Time_Pullover_08_shelved.jpg', 'medium2_url': 'https://images4-a.ravelrycache.com/uploads/ashleylillis/897741062/Holiday_Time_Pullover_08_medium2.jpg', 'small2_url': 'https://images4-g.ravelrycache.com/uploads/ashleylillis/897741062/Holiday_Time_Pullover_08_small2.jpg', 'caption': 'Holiday Time Sweater', 'caption_html': 'Holiday Time Sweater', 'copyright_holder': ''}, {'id': 118099493, 'sort_order': 5, 'user_id': 3779022, 'x_offset': -5, 'y_offset': -35, 'square_url': 'https://images4-f.ravelrycache.com/uploads/ashleylillis/897740977/Holiday_Time_Pullover_06_square.jpg', 'medium_url': 'https://images4-g.ravelrycache.com/uploads/ashleylillis/897740977/Holiday_Time_Pullover_06_medium.jpg', 'thumbnail_url': 'https://images4-g.ravelrycache.com/uploads/ashleylillis/897740977/Holiday_Time_Pullover_06_thumbnail.jpg', 'small_url': 'https://images4-g.ravelrycache.com/uploads/ashleylillis/897740977/Holiday_Time_Pullover_06_small.jpg', 'flickr_url': None, 'shelved_url': 'https://images4-g.ravelrycache.com/uploads/ashleylillis/897740977/Holiday_Time_Pullover_06_shelved.jpg', 'medium2_url': 'https://images4-a.ravelrycache.com/uploads/ashleylillis/897740977/Holiday_Time_Pullover_06_medium2.jpg', 'small2_url': 'https://images4-f.ravelrycache.com/uploads/ashleylillis/897740977/Holiday_Time_Pullover_06_small2.jpg', 'caption': 'Holiday Time Sweater', 'caption_html': 'Holiday Time Sweater', 'copyright_holder': ''}, {'id': 118099494, 'sort_order': 6, 'user_id': 3779022, 'x_offset': -5, 'y_offset': -35, 'square_url': 'https://images4-f.ravelrycache.com/uploads/ashleylillis/897740898/Holiday_Time_Pullover_04_square.jpg', 'medium_url': 'https://images4-g.ravelrycache.com/uploads/ashleylillis/897740898/Holiday_Time_Pullover_04_medium.jpg', 'thumbnail_url': 'https://images4-f.ravelrycache.com/uploads/ashleylillis/897740898/Holiday_Time_Pullover_04_thumbnail.jpg', 'small_url': 'https://images4-f.ravelrycache.com/uploads/ashleylillis/897740898/Holiday_Time_Pullover_04_small.jpg', 'flickr_url': None, 'shelved_url': 'https://images4-f.ravelrycache.com/uploads/ashleylillis/897740898/Holiday_Time_Pullover_04_shelved.jpg', 'medium2_url': 'https://images4-a.ravelrycache.com/uploads/ashleylillis/897740898/Holiday_Time_Pullover_04_medium2.jpg', 'small2_url': 'https://images4-f.ravelrycache.com/uploads/ashleylillis/897740898/Holiday_Time_Pullover_04_small2.jpg', 'caption': 'Holiday Time Sweater', 'caption_html': 'Holiday Time Sweater', 'copyright_holder': ''}, {'id': 118099495, 'sort_order': 7, 'user_id': 3779022, 'x_offset': -5, 'y_offset': -35, 'square_url': 'https://images4-f.ravelrycache.com/uploads/ashleylillis/897740881/Holiday_Time_Pullover_05_square.jpg', 'medium_url': 'https://images4-g.ravelrycache.com/uploads/ashleylillis/897740881/Holiday_Time_Pullover_05_medium.jpg', 'thumbnail_url': 'https://images4-g.ravelrycache.com/uploads/ashleylillis/897740881/Holiday_Time_Pullover_05_thumbnail.jpg', 'small_url': 'https://images4-f.ravelrycache.com/uploads/ashleylillis/897740881/Holiday_Time_Pullover_05_small.jpg', 'flickr_url': None, 'shelved_url': 'https://images4-f.ravelrycache.com/uploads/ashleylillis/897740881/Holiday_Time_Pullover_05_shelved.jpg', 'medium2_url': 'https://images4-a.ravelrycache.com/uploads/ashleylillis/897740881/Holiday_Time_Pullover_05_medium2.jpg', 'small2_url': 'https://images4-f.ravelrycache.com/uploads/ashleylillis/897740881/Holiday_Time_Pullover_05_small2.jpg', 'caption': 'Holiday Time Sweater', 'caption_html': 'Holiday Time Sweater', 'copyright_holder': ''}]"
Moss and Cable Jumper,Scheepjes Designs,1300571,https://www.ravelry.com/patterns/library/moss-and-cable-jumper,True,https://images4-a.ravelrycache.com/uploads/ScheepjesYarns/897417166/186.-Moss-and-Cable-Jumper-1_medium2.jpg,Knitting,"['unisex', 'oversized', 'plus', 'ribbed', 'textured', 'seamed', 'crew-neck', 'long-sleeve', 'raglan-sleeve', 'written-pattern', 'cuffed-sleeve', 'worked-flat', 'braids-plaiting', 'schematic']",16.0,0.0,True,4.0,,pullover,Bulky,6,0.0,,"[{'id': 118115022, 'sort_order': 1, 'user_id': 5562582, 'x_offset': 0, 'y_offset': 0, 'square_url': 'https://images4-f.ravelrycache.com/uploads/ScheepjesYarns/897417166/186.-Moss-and-Cable-Jumper-1_square.jpg', 'medium_url': 'https://images4-g.ravelrycache.com/uploads/ScheepjesYarns/897417166/186.-Moss-and-Cable-Jumper-1_medium.jpg', 'thumbnail_url': 'https://images4-f.ravelrycache.com/uploads/ScheepjesYarns/897417166/186.-Moss-and-Cable-Jumper-1_thumbnail.jpg', 'small_url': 'https://images4-g.ravelrycache.com/uploads/ScheepjesYarns/897417166/186.-Moss-and-Cable-Jumper-1_small_best_fit.jpg', 'flickr_url': None, 'shelved_url': 'https://images4-g.ravelrycache.com/uploads/ScheepjesYarns/897417166/186.-Moss-and-Cable-Jumper-1_shelved.jpg', 'medium2_url': 'https://images4-a.ravelrycache.com/uploads/ScheepjesYarns/897417166/186.-Moss-and-Cable-Jumper-1_medium2.jpg', 'small2_url': 'https://images4-f.ravelrycache.com/uploads/ScheepjesYarns/897417166/186.-Moss-and-Cable-Jumper-1_small2.jpg', 'caption': None, 'caption_html': None, 'copyright_holder': 'Scheepjes'}, {'id': 118115023, 'sort_order': 2, 'user_id': 5562582, 'x_offset': 0, 'y_offset': 0, 'square_url': 'https://images4-f.ravelrycache.com/uploads/ScheepjesYarns/897417169/186.-Moss-and-Cable-Jumper-4_square.jpg', 'medium_url': 'https://images4-g.ravelrycache.com/uploads/ScheepjesYarns/897417169/186.-Moss-and-Cable-Jumper-4_medium.jpg', 'thumbnail_url': 'https://images4-f.ravelrycache.com/uploads/ScheepjesYarns/897417169/186.-Moss-and-Cable-Jumper-4_thumbnail.jpg', 'small_url': 'https://images4-f.ravelrycache.com/uploads/ScheepjesYarns/897417169/186.-Moss-and-Cable-Jumper-4_small_best_fit.jpg', 'flickr_url': None, 'shelved_url': 'https://images4-g.ravelrycache.com/uploads/ScheepjesYarns/897417169/186.-Moss-and-Cable-Jumper-4_shelved.jpg', 'medium2_url': 'https://images4-a.ravelrycache.com/uploads/ScheepjesYarns/897417169/186.-Moss-and-Cable-Jumper-4_medium2.jpg', 'small2_url': 'https://images4-f.ravelrycache.com/uploads/ScheepjesYarns/897417169/186.-Moss-and-Cable-Jumper-4_small2.jpg', 'caption': None, 'caption_html': None, 'copyright_holder': 'Scheepjes'}, {'id': 118115024, 'sort_order': 3, 'user_id': 5562582, 'x_offset': 0, 'y_offset': 0, 'square_url': 'https://images4-f.ravelrycache.com/uploads/ScheepjesYarns/897417168/186.-Moss-and-Cable-Jumper-10_square.jpg', 'medium_url': 'https://images4-g.ravelrycache.com/uploads/ScheepjesYarns/897417168/186.-Moss-and-Cable-Jumper-10_medium.jpg', 'thumbnail_url': 'https://images4-f.ravelrycache.com/uploads/ScheepjesYarns/897417168/186.-Moss-and-Cable-Jumper-10_thumbnail.jpg', 'small_url': 'https://images4-g.ravelrycache.com/uploads/ScheepjesYarns/897417168/186.-Moss-and-Cable-Jumper-10_small_best_fit.jpg', 'flickr_url': None, 'shelved_url': 'https://images4-g.ravelrycache.com/uploads/ScheepjesYarns/897417168/186.-Moss-and-Cable-Jumper-10_shelved.jpg', 'medium2_url': 'https://images4-a.ravelrycache.com/uploads/ScheepjesYarns/897417168/186.-Moss-and-Cable-Jumper-10_medium2.jpg', 'small2_url': 'https://images4-f.ravelrycache.com/uploads/ScheepjesYarns/897417168/186.-Moss-and-Cable-Jumper-10_small2.jpg', 'caption': None, 'caption_html': None, 'copyright_holder': 'Scheepjes'}, {'id': 118115025, 'sort_order': 4, 'user_id': 5562582, 'x_offset': 0, 'y_offset': 0, 'square_url': 'https://images4-f.ravelrycache.com/uploads/ScheepjesYarns/897417175/186.-Moss-and-Cable-Jumper-6_square.jpg', 'medium_url': 'https://images4-g.ravelrycache.com/uploads/ScheepjesYarns/897417175/186.-Moss-and-Cable-Jumper-6_medium.jpg', 'thumbnail_url': 'https://images4-f.ravelrycache.com/uploads/ScheepjesYarns/897417175/186.-Moss-and-Cable-Jumper-6_thumbnail.jpg', 'small_url': 'https://images4-f.ravelrycache.com/uploads/ScheepjesYarns/897417175/186.-Moss-and-Cable-Jumper-6_small_best_fit.jpg', 'flickr_url': None, 'shelved_url': 'https://images4-g.ravelrycache.com/uploads/ScheepjesYarns/897417175/186.-Moss-and-Cable-Jumper-6_shelved.jpg', 'medium2_url': 'https://images4-a.ravelrycache.com/uploads/ScheepjesYarns/897417175/186.-Moss-and-Cable-Jumper-6_medium2.jpg', 'small2_url': 'https://images4-f.ravelrycache.com/uploads/ScheepjesYarns/897417175/186.-Moss-and-Cable-Jumper-6_small2.jpg', 'caption': None, 'caption_html': None, 'copyright_holder': 'Scheepjes'}, {'id': 118115026, 'sort_order': 5, 'user_id': 5562582, 'x_offset': 0, 'y_offset': 0, 'square_url': 'https://images4-g.ravelrycache.com/uploads/ScheepjesYarns/897417172/186.-Moss-and-Cable-Jumper-8_square.jpg', 'medium_url': 'https://images4-f.ravelrycache.com/uploads/ScheepjesYarns/897417172/186.-Moss-and-Cable-Jumper-8_medium.jpg', 'thumbnail_url': 'https://images4-f.ravelrycache.com/uploads/ScheepjesYarns/897417172/186.-Moss-and-Cable-Jumper-8_thumbnail.jpg', 'small_url': 'https://images4-f.ravelrycache.com/uploads/ScheepjesYarns/897417172/186.-Moss-and-Cable-Jumper-8_small_best_fit.jpg', 'flickr_url': None, 'shelved_url': 'https://images4-g.ravelrycache.com/uploads/ScheepjesYarns/897417172/186.-Moss-and-Cable-Jumper-8_shelved.jpg', 'medium2_url': 'https://images4-a.ravelrycache.com/uploads/ScheepjesYarns/897417172/186.-Moss-and-Cable-Jumper-8_medium2.jpg', 'small2_url': 'https://images4-g.ravelrycache.com/uploads/ScheepjesYarns/897417172/186.-Moss-and-Cable-Jumper-8_small2.jpg', 'caption': None, 'caption_html': None, 'copyright_holder': 'Scheepjes'}, {'id': 118115027, 'sort_order': 6, 'user_id': 5562582, 'x_offset': 0, 'y_offset': 0, 'square_url': 'https://images4-f.ravelrycache.com/uploads/ScheepjesYarns/897417167/186.-Moss-and-Cable-Jumper-9_square.jpg', 'medium_url': 'https://images4-g.ravelrycache.com/uploads/ScheepjesYarns/897417167/186.-Moss-and-Cable-Jumper-9_medium.jpg', 'thumbnail_url': 'https://images4-g.ravelrycache.com/uploads/ScheepjesYarns/897417167/186.-Moss-and-Cable-Jumper-9_thumbnail.jpg', 'small_url': 'https://images4-f.ravelrycache.com/uploads/ScheepjesYarns/897417167/186.-Moss-and-Cable-Jumper-9_small_best_fit.jpg', 'flickr_url': None, 'shelved_url': 'https://images4-g.ravelrycache.com/uploads/ScheepjesYarns/897417167/186.-Moss-and-Cable-Jumper-9_shelved.jpg', 'medium2_url': 'https://images4-a.ravelrycache.com/uploads/ScheepjesYarns/897417167/186.-Moss-and-Cable-Jumper-9_medium2.jpg', 'small2_url': 'https://images4-f.ravelrycache.com/uploads/ScheepjesYarns/897417167/186.-Moss-and-Cable-Jumper-9_small2.jpg', 'caption': None, 'caption_html': None, 'copyright_holder': 'Scheepjes'}, {'id': 118115028, 'sort_order': 7, 'user_id': 5562582, 'x_offset': 0, 'y_offset': 0, 'square_url': 'https://images4-g.ravelrycache.com/uploads/ScheepjesYarns/897417171/186.-Moss-and-Cable-Jumper-7_square.jpg', 'medium_url': 'https://images4-f.ravelrycache.com/uploads/ScheepjesYarns/897417171/186.-Moss-and-Cable-Jumper-7_medium.jpg', 'thumbnail_url': 'https://images4-f.ravelrycache.com/uploads/ScheepjesYarns/897417171/186.-Moss-and-Cable-Jumper-7_thumbnail.jpg', 'small_url': 'https://images4-g.ravelrycache.com/uploads/ScheepjesYarns/897417171/186.-Moss-and-Cable-Jumper-7_small_best_fit.jpg', 'flickr_url': None, 'shelved_url': 'https://images4-f.ravelrycache.com/uploads/ScheepjesYarns/897417171/186.-Moss-and-Cable-Jumper-7_shelved.jpg', 'medium2_url': 'https://images4-a.ravelrycache.com/uploads/ScheepjesYarns/897417171/186.-Moss-and-Cable-Jumper-7_medium2.jpg', 'small2_url': 'https://images4-g.ravelrycache.com/uploads/ScheepjesYarns/897417171/186.-Moss-and-Cable-Jumper-7_small2.jpg', 'caption': None, 'caption_html': None, 'copyright_holder': 'Scheepjes'}, {'id': 118115029, 'sort_order': 8, 'user_id': 5562582, 'x_offset': 0, 'y_offset': 0, 'square_url': 'https://images4-g.ravelrycache.com/uploads/ScheepjesYarns/897417174/186.-Moss-and-Cable-Jumper-5_square.jpg', 'medium_url': 'https://images4-f.ravelrycache.com/uploads/ScheepjesYarns/897417174/186.-Moss-and-Cable-Jumper-5_medium.jpg', 'thumbnail_url': 'https://images4-f.ravelrycache.com/uploads/ScheepjesYarns/897417174/186.-Moss-and-Cable-Jumper-5_thumbnail.jpg', 'small_url': 'https://images4-g.ravelrycache.com/uploads/ScheepjesYarns/897417174/186.-Moss-and-Cable-Jumper-5_small_best_fit.jpg', 'flickr_url': None, 'shelved_url': 'https://images4-g.ravelrycache.com/uploads/ScheepjesYarns/897417174/186.-Moss-and-Cable-Jumper-5_shelved.jpg', 'medium2_url': 'https://images4-a.ravelrycache.com/uploads/ScheepjesYarns/897417174/186.-Moss-and-Cable-Jumper-5_medium2.jpg', 'small2_url': 'https://images4-g.ravelrycache.com/uploads/ScheepjesYarns/897417174/186.-Moss-and-Cable-Jumper-5_small2.jpg', 'caption': None, 'caption_html': None, 'copyright_holder': 'Scheepjes'}, {'id': 118115030, 'sort_order': 9, 'user_id': 5562582, 'x_offset': 0, 'y_offset': 0, 'square_url': 'https://images4-f.ravelrycache.com/uploads/ScheepjesYarns/897417170/186.-Moss-and-Cable-Jumper-3_square.jpg', 'medium_url': 'https://images4-g.ravelrycache.com/uploads/ScheepjesYarns/897417170/186.-Moss-and-Cable-Jumper-3_medium.jpg', 'thumbnail_url': 'https://images4-g.ravelrycache.com/uploads/ScheepjesYarns/897417170/186.-Moss-and-Cable-Jumper-3_thumbnail.jpg', 'small_url': 'https://images4-f.ravelrycache.com/uploads/ScheepjesYarns/897417170/186.-Moss-and-Cable-Jumper-3_small_best_fit.jpg', 'flickr_url': None, 'shelved_url': 'https://images4-f.ravelrycache.com/uploads/ScheepjesYarns/897417170/186.-Moss-and-Cable-Jumper-3_shelved.jpg', 'medium2_url': 'https://images4-a.ravelrycache.com/uploads/ScheepjesYarns/897417170/186.-Moss-and-Cable-Jumper-3_medium2.jpg', 'small2_url': 'https://images4-f.ravelrycache.com/uploads/ScheepjesYarns/897417170/186.-Moss-and-Cable-Jumper-3_small2.jpg', 'caption': None, 'caption_html': None, 'copyright_holder': 'Scheepjes'}, {'id': 118115031, 'sort_order': 10, 'user_id': 5562582, 'x_offset': 0, 'y_offset': 0, 'square_url': 'https://images4-g.ravelrycache.com/uploads/ScheepjesYarns/897417173/186.-Moss-and-Cable-Jumper-2_square.jpg', 'medium_url': 'https://images4-f.ravelrycache.com/uploads/ScheepjesYarns/897417173/186.-Moss-and-Cable-Jumper-2_medium.jpg', 'thumbnail_url': 'https://images4-f.ravelrycache.com/uploads/ScheepjesYarns/897417173/186.-Moss-and-Cable-Jumper-2_thumbnail.jpg', 'small_url': 'https://images4-g.ravelrycache.com/uploads/ScheepjesYarns/897417173/186.-Moss-and-Cable-Jumper-2_small_best_fit.jpg', 'flickr_url': None, 'shelved_url': 'https://images4-g.ravelrycache.com/uploads/ScheepjesYarns/897417173/186.-Moss-and-Cable-Jumper-2_shelved.jpg', 'medium2_url': 'https://images4-a.ravelrycache.com/uploads/ScheepjesYarns/897417173/186.-Moss-and-Cable-Jumper-2_medium2.jpg', 'small2_url': 'https://images4-g.ravelrycache.com/uploads/ScheepjesYarns/897417173/186.-Moss-and-Cable-Jumper-2_small2.jpg', 'caption': None, 'caption_html': None, 'copyright_holder': 'Scheepjes'}]"
Color block party,Heidi - Pickles,1300580,https://www.ravelry.com/patterns/library/color-block-party,False,https://images4-a.ravelrycache.com/uploads/picklespatterns/897669258/colorblockparty600_8_medium2.jpg,Knitting,"['adult', 'sleeves', 'selvedge', 'mock-turtleneck', 'positive-ease', 'written-pattern', 'worked-flat', 'other-colorwork']",20.0,0.0,True,4.0,Garter stitch,pullover,Worsted,19,0.0,XS (S) M (L) XL (2XL) 3XL,"[{'id': 118115939, 'sort_order': 1, 'user_id': 342714, 'x_offset': -5, 'y_offset': -35, 'square_url': 'https://images4-g.ravelrycache.com/uploads/picklespatterns/897669258/colorblockparty600_8_square.jpg', 'medium_url': 'https://images4-f.ravelrycache.com/uploads/picklespatterns/897669258/colorblockparty600_8_medium.jpg', 'thumbnail_url': 'https://images4-g.ravelrycache.com/uploads/picklespatterns/897669258/colorblockparty600_8_thumbnail.jpg', 'small_url': 'https://images4-f.ravelrycache.com/uploads/picklespatterns/897669258/colorblockparty600_8_small.jpg', 'flickr_url': None, 'shelved_url': 'https://images4-g.ravelrycache.com/uploads/picklespatterns/897669258/colorblockparty600_8_shelved.jpg', 'medium2_url': 'https://images4-a.ravelrycache.com/uploads/picklespatterns/897669258/colorblockparty600_8_medium2.jpg', 'small2_url': 'https://images4-g.ravelrycache.com/uploads/picklespatterns/897669258/colorblockparty600_8_small2.jpg', 'caption': None, 'caption_html': None, 'copyright_holder': None}, {'id': 118115940, 'sort_order': 2, 'user_id': 342714, 'x_offset': -5, 'y_offset': -35, 'square_url': 'https://images4-f.ravelrycache.com/uploads/picklespatterns/897669259/colorblockparty600_1_square.jpg', 'medium_url': 'https://images4-g.ravelrycache.com/uploads/picklespatterns/897669259/colorblockparty600_1_medium.jpg', 'thumbnail_url': 'https://images4-f.ravelrycache.com/uploads/picklespatterns/897669259/colorblockparty600_1_thumbnail.jpg', 'small_url': 'https://images4-f.ravelrycache.com/uploads/picklespatterns/897669259/colorblockparty600_1_small.jpg', 'flickr_url': None, 'shelved_url': 'https://images4-f.ravelrycache.com/uploads/picklespatterns/897669259/colorblockparty600_1_shelved.jpg', 'medium2_url': 'https://images4-a.ravelrycache.com/uploads/picklespatterns/897669259/colorblockparty600_1_medium2.jpg', 'small2_url': 'https://images4-f.ravelrycache.com/uploads/picklespatterns/897669259/colorblockparty600_1_small2.jpg', 'caption': None, 'caption_html': None, 'copyright_holder': None}, {'id': 118115941, 'sort_order': 3, 'user_id': 342714, 'x_offset': -5, 'y_offset': -35, 'square_url': 'https://images4-g.ravelrycache.com/uploads/picklespatterns/897669263/colorblockparty600_2_square.jpg', 'medium_url': 'https://images4-f.ravelrycache.com/uploads/picklespatterns/897669263/colorblockparty600_2_medium.jpg', 'thumbnail_url': 'https://images4-f.ravelrycache.com/uploads/picklespatterns/897669263/colorblockparty600_2_thumbnail.jpg', 'small_url': 'https://images4-g.ravelrycache.com/uploads/picklespatterns/897669263/colorblockparty600_2_small.jpg', 'flickr_url': None, 'shelved_url': 'https://images4-g.ravelrycache.com/uploads/picklespatterns/897669263/colorblockparty600_2_shelved.jpg', 'medium2_url': 'https://images4-a.ravelrycache.com/uploads/picklespatterns/897669263/colorblockparty600_2_medium2.jpg', 'small2_url': 'https://images4-g.ravelrycache.com/uploads/picklespatterns/897669263/colorblockparty600_2_small2.jpg', 'caption': None, 'caption_html': None, 'copyright_holder': None}, {'id': 118115942, 'sort_order': 4, 'user_id': 342714, 'x_offset': -5, 'y_offset': -35, 'square_url': 'https://images4-g.ravelrycache.com/uploads/picklespatterns/897669262/colorblockparty600_4_square.jpg', 'medium_url': 'https://images4-f.ravelrycache.com/uploads/picklespatterns/897669262/colorblockparty600_4_medium.jpg', 'thumbnail_url': 'https://images4-f.ravelrycache.com/uploads/picklespatterns/897669262/colorblockparty600_4_thumbnail.jpg', 'small_url': 'https://images4-f.ravelrycache.com/uploads/picklespatterns/897669262/colorblockparty600_4_small.jpg', 'flickr_url': None, 'shelved_url': 'https://images4-g.ravelrycache.com/uploads/picklespatterns/897669262/colorblockparty600_4_shelved.jpg', 'medium2_url': 'https://images4-a.ravelrycache.com/uploads/picklespatterns/897669262/colorblockparty600_4_medium2.jpg', 'small2_url': 'https://images4-g.ravelrycache.com/uploads/picklespatterns/897669262/colorblockparty600_4_small2.jpg', 'caption': None, 'caption_html': None, 'copyright_holder': None}, {'id': 118115943, 'sort_order': 5, 'user_id': 342714, 'x_offset': -5, 'y_offset': -35, 'square_url': 'https://images4-f.ravelrycache.com/uploads/picklespatterns/897669257/colorblockparty600_5_square.jpg', 'medium_url': 'https://images4-g.ravelrycache.com/uploads/picklespatterns/897669257/colorblockparty600_5_medium.jpg', 'thumbnail_url': 'https://images4-g.ravelrycache.com/uploads/picklespatterns/897669257/colorblockparty600_5_thumbnail.jpg', 'small_url': 'https://images4-g.ravelrycache.com/uploads/picklespatterns/897669257/colorblockparty600_5_small.jpg', 'flickr_url': None, 'shelved_url': 'https://images4-f.ravelrycache.com/uploads/picklespatterns/897669257/colorblockparty600_5_shelved.jpg', 'medium2_url': 'https://images4-a.ravelrycache.com/uploads/picklespatterns/897669257/colorblockparty600_5_medium2.jpg', 'small2_url': 'https://images4-f.ravelrycache.com/uploads/picklespatterns/897669257/colorblockparty600_5_small2.jpg', 'caption': None, 'caption_html': None, 'copyright_holder': None}, {'id': 118115944, 'sort_order': 6, 'user_id': 342714, 'x_offset': -5, 'y_offset': -35, 'square_url': 'https://images4-f.ravelrycache.com/uploads/picklespatterns/897669264/colorblockparty600_7_square.jpg', 'medium_url': 'https://images4-g.ravelrycache.com/uploads/picklespatterns/897669264/colorblockparty600_7_medium.jpg', 'thumbnail_url': 'https://images4-g.ravelrycache.com/uploads/picklespatterns/897669264/colorblockparty600_7_thumbnail.jpg', 'small_url': 'https://images4-g.ravelrycache.com/uploads/picklespatterns/897669264/colorblockparty600_7_small.jpg', 'flickr_url': None, 'shelved_url': 'https://images4-f.ravelrycache.com/uploads/picklespatterns/897669264/colorblockparty600_7_shelved.jpg', 'medium2_url': 'https://images4-a.ravelrycache.com/uploads/picklespatterns/897669264/colorblockparty600_7_medium2.jpg', 'small2_url': 'https://images4-f.ravelrycache.com/uploads/picklespatterns/897669264/colorblockparty600_7_small2.jpg', 'caption': None, 'caption_html': None, 'copyright_holder': None}, {'id': 118115945, 'sort_order': 7, 'user_id': 342714, 'x_offset': -5, 'y_offset': -35, 'square_url': 'https://images4-g.ravelrycache.com/uploads/picklespatterns/897669260/colorblockparty600_9_square.jpg', 'medium_url': 'https://images4-f.ravelrycache.com/uploads/picklespatterns/897669260/colorblockparty600_9_medium.jpg', 'thumbnail_url': 'https://images4-f.ravelrycache.com/uploads/picklespatterns/897669260/colorblockparty600_9_thumbnail.jpg', 'small_url': 'https://images4-g.ravelrycache.com/uploads/picklespatterns/897669260/colorblockparty600_9_small.jpg', 'flickr_url': None, 'shelved_url': 'https://images4-f.ravelrycache.com/uploads/picklespatterns/897669260/colorblockparty600_9_shelved.jpg', 'medium2_url': 'https://images4-a.ravelrycache.com/uploads/picklespatterns/897669260/colorblockparty600_9_medium2.jpg', 'small2_url': 'https://images4-g.ravelrycache.com/uploads/picklespatterns/897669260/colorblockparty600_9_small2.jpg', 'caption': None, 'caption_html': None, 'copyright_holder': None}]"
Ochoco Sweater,Kay Hopkins,1300593,https://www.ravelry.com/patterns/library/ochoco-sweater,False,https://images4-a.ravelrycache.com/uploads/KayHopkins/897246003/4_Ochoco-04_medium2.jpg,Knitting,"['unisex', 'teen', 'adult', 'plus', 'tall', 'ribbed', 'textured', 'crew-neck', 'cowl-neck', 'long-sleeve', 'one-piece', 'seamless', 'short-rows', 'top-down', 'positive-ease', 'drop-sleeve', 'cuffed-sleeve', 'funnel-neck', 'worked-flat', 'in-the-round', 'slipped-stitches', 'male', 'female']",22.0,4.0,True,4.0,stockinette and/or st pattern using Larger needle after wet blocking,pullover,DK,17,5.0,"XS(S, M1, M2, L)(XL, 2XL, 3XL, 4XL)  See below for msmts.","[{'id': 118117700, 'sort_order': 1, 'user_id': 2111764, 'x_offset': -3, 'y_offset': 0, 'square_url': 'https://images4-g.ravelrycache.com/uploads/KayHopkins/897246003/4_Ochoco-04_square.jpg', 'medium_url': 'https://images4-f.ravelrycache.com/uploads/KayHopkins/897246003/4_Ochoco-04_medium.jpg', 'thumbnail_url': 'https://images4-f.ravelrycache.com/uploads/KayHopkins/897246003/4_Ochoco-04_thumbnail.jpg', 'small_url': 'https://images4-g.ravelrycache.com/uploads/KayHopkins/897246003/4_Ochoco-04_small_best_fit.jpg', 'flickr_url': None, 'shelved_url': 'https://images4-g.ravelrycache.com/uploads/KayHopkins/897246003/4_Ochoco-04_shelved.jpg', 'medium2_url': 'https://images4-a.ravelrycache.com/uploads/KayHopkins/897246003/4_Ochoco-04_medium2.jpg', 'small2_url': 'https://images4-g.ravelrycache.com/uploads/KayHopkins/897246003/4_Ochoco-04_small2.jpg', 'caption': None, 'caption_html': None, 'copyright_holder': None}, {'id': 118117701, 'sort_order': 2, 'user_id': 2111764, 'x_offset': 0, 'y_offset': 0, 'square_url': 'https://images4-g.ravelrycache.com/uploads/KayHopkins/897245984/1_Ochoco-07_square.jpg', 'medium_url': 'https://images4-f.ravelrycache.com/uploads/KayHopkins/897245984/1_Ochoco-07_medium.jpg', 'thumbnail_url': 'https://images4-f.ravelrycache.com/uploads/KayHopkins/897245984/1_Ochoco-07_thumbnail.jpg', 'small_url': 'https://images4-g.ravelrycache.com/uploads/KayHopkins/897245984/1_Ochoco-07_small_best_fit.jpg', 'flickr_url': None, 'shelved_url': 'https://images4-f.ravelrycache.com/uploads/KayHopkins/897245984/1_Ochoco-07_shelved.jpg', 'medium2_url': 'https://images4-a.ravelrycache.com/uploads/KayHopkins/897245984/1_Ochoco-07_medium2.jpg', 'small2_url': 'https://images4-g.ravelrycache.com/uploads/KayHopkins/897245984/1_Ochoco-07_small2.jpg', 'caption': None, 'caption_html': None, 'copyright_holder': None}, {'id': 118117702, 'sort_order': 3, 'user_id': 2111764, 'x_offset': -7, 'y_offset': -2, 'square_url': 'https://images4-g.ravelrycache.com/uploads/KayHopkins/897245987/2_Ochoco-05_square.jpg', 'medium_url': 'https://images4-f.ravelrycache.com/uploads/KayHopkins/897245987/2_Ochoco-05_medium.jpg', 'thumbnail_url': 'https://images4-g.ravelrycache.com/uploads/KayHopkins/897245987/2_Ochoco-05_thumbnail.jpg', 'small_url': 'https://images4-f.ravelrycache.com/uploads/KayHopkins/897245987/2_Ochoco-05_small.jpg', 'flickr_url': None, 'shelved_url': 'https://images4-g.ravelrycache.com/uploads/KayHopkins/897245987/2_Ochoco-05_shelved.jpg', 'medium2_url': 'https://images4-a.ravelrycache.com/uploads/KayHopkins/897245987/2_Ochoco-05_medium2.jpg', 'small2_url': 'https://images4-g.ravelrycache.com/uploads/KayHopkins/897245987/2_Ochoco-05_small2.jpg', 'caption': None, 'caption_html': None, 'copyright_holder': None}, {'id': 118117703, 'sort_order': 4, 'user_id': 2111764, 'x_offset': -2, 'y_offset': -5, 'square_url': 'https://images4-f.ravelrycache.com/uploads/KayHopkins/897245991/3_Ochoco-03_square.jpg', 'medium_url': 'https://images4-g.ravelrycache.com/uploads/KayHopkins/897245991/3_Ochoco-03_medium.jpg', 'thumbnail_url': 'https://images4-f.ravelrycache.com/uploads/KayHopkins/897245991/3_Ochoco-03_thumbnail.jpg', 'small_url': 'https://images4-f.ravelrycache.com/uploads/KayHopkins/897245991/3_Ochoco-03_small.jpg', 'flickr_url': None, 'shelved_url': 'https://images4-g.ravelrycache.com/uploads/KayHopkins/897245991/3_Ochoco-03_shelved.jpg', 'medium2_url': 'https://images4-a.ravelrycache.com/uploads/KayHopkins/897245991/3_Ochoco-03_medium2.jpg', 'small2_url': 'https://images4-f.ravelrycache.com/uploads/KayHopkins/897245991/3_Ochoco-03_small2.jpg', 'caption': None, 'caption_html': None, 'copyright_holder': None}, {'id': 118117704, 'sort_order': 5, 'user_id': 2111764, 'x_offset': 0, 'y_offset': -18, 'square_url': 'https://images4-g.ravelrycache.com/uploads/KayHopkins/897245990/3_Ochoco-13_square.jpg', 'medium_url': 'https://images4-f.ravelrycache.com/uploads/KayHopkins/897245990/3_Ochoco-13_medium.jpg', 'thumbnail_url': 'https://images4-f.ravelrycache.com/uploads/KayHopkins/897245990/3_Ochoco-13_thumbnail.jpg', 'small_url': 'https://images4-f.ravelrycache.com/uploads/KayHopkins/897245990/3_Ochoco-13_small_best_fit.jpg', 'flickr_url': None, 'shelved_url': 'https://images4-g.ravelrycache.com/uploads/KayHopkins/897245990/3_Ochoco-13_shelved.jpg', 'medium2_url': 'https://images4-a.ravelrycache.com/uploads/KayHopkins/897245990/3_Ochoco-13_medium2.jpg', 'small2_url': 'https://images4-g.ravelrycache.com/uploads/KayHopkins/897245990/3_Ochoco-13_small2.jpg', 'caption': None, 'caption_html': None, 'copyright_holder': None}, {'id': 118117705, 'sort_order': 6, 'user_id': 2111764, 'x_offset': -9, 'y_offset': -42, 'square_url': 'https://images4-f.ravelrycache.com/uploads/KayHopkins/897246002/5_Ochoco-10_square.jpg', 'medium_url': 'https://images4-g.ravelrycache.com/uploads/KayHopkins/897246002/5_Ochoco-10_medium.jpg', 'thumbnail_url': 'https://images4-g.ravelrycache.com/uploads/KayHopkins/897246002/5_Ochoco-10_thumbnail.jpg', 'small_url': 'https://images4-g.ravelrycache.com/uploads/KayHopkins/897246002/5_Ochoco-10_small.jpg', 'flickr_url': None, 'shelved_url': 'https://images4-f.ravelrycache.com/uploads/KayHopkins/897246002/5_Ochoco-10_shelved.jpg', 'medium2_url': 'https://images4-a.ravelrycache.com/uploads/KayHopkins/897246002/5_Ochoco-10_medium2.jpg', 'small2_url': 'https://images4-f.ravelrycache.com/uploads/KayHopkins/897246002/5_Ochoco-10_small2.jpg', 'caption': None, 'caption_html': None, 'copyright_holder': None}, {'id': 118117706, 'sort_order': 7, 'user_id': 2111764, 'x_offset': 0, 'y_offset': -22, 'square_url': 'https://images4-f.ravelrycache.com/uploads/KayHopkins/897245996/5_Ochoco-20_square.jpg', 'medium_url': 'https://images4-g.ravelrycache.com/uploads/KayHopkins/897245996/5_Ochoco-20_medium.jpg', 'thumbnail_url': 'https://images4-g.ravelrycache.com/uploads/KayHopkins/897245996/5_Ochoco-20_thumbnail.jpg', 'small_url': 'https://images4-g.ravelrycache.com/uploads/KayHopkins/897245996/5_Ochoco-20_small_best_fit.jpg', 'flickr_url': None, 'shelved_url': 'https://images4-f.ravelrycache.com/uploads/KayHopkins/897245996/5_Ochoco-20_shelved.jpg', 'medium2_url': 'https://images4-a.ravelrycache.com/uploads/KayHopkins/897245996/5_Ochoco-20_medium2.jpg', 'small2_url': 'https://images4-f.ravelrycache.com/uploads/KayHopkins/897245996/5_Ochoco-20_small2.jpg', 'caption': None, 'caption_html': None, 'copyright_holder': None}, {'id': 118117707, 'sort_order': 8, 'user_id': 2111764, 'x_offset': 0, 'y_offset': -22, 'square_url': 'https://images4-g.ravelrycache.com/uploads/KayHopkins/897245998/5_Ochoco-18_square.jpg', 'medium_url': 'https://images4-f.ravelrycache.com/uploads/KayHopkins/897245998/5_Ochoco-18_medium.jpg', 'thumbnail_url': 'https://images4-g.ravelrycache.com/uploads/KayHopkins/897245998/5_Ochoco-18_thumbnail.jpg', 'small_url': 'https://images4-f.ravelrycache.com/uploads/KayHopkins/897245998/5_Ochoco-18_small_best_fit.jpg', 'flickr_url': None, 'shelved_url': 'https://images4-f.ravelrycache.com/uploads/KayHopkins/897245998/5_Ochoco-18_shelved.jpg', 'medium2_url': 'https://images4-a.ravelrycache.com/uploads/KayHopkins/897245998/5_Ochoco-18_medium2.jpg', 'small2_url': 'https://images4-g.ravelrycache.com/uploads/KayHopkins/897245998/5_Ochoco-18_small2.jpg', 'caption': None, 'caption_html': None, 'copyright_holder': None}, {'id': 118117708, 'sort_order': 9, 'user_id': 2111764, 'x_offset': -4, 'y_offset': -51, 'square_url': 'https://images4-f.ravelrycache.com/uploads/KayHopkins/897245985/5_Ochoco-11_square.jpg', 'medium_url': 'https://images4-g.ravelrycache.com/uploads/KayHopkins/897245985/5_Ochoco-11_medium.jpg', 'thumbnail_url': 'https://images4-g.ravelrycache.com/uploads/KayHopkins/897245985/5_Ochoco-11_thumbnail.jpg', 'small_url': 'https://images4-f.ravelrycache.com/uploads/KayHopkins/897245985/5_Ochoco-11_small.jpg', 'flickr_url': None, 'shelved_url': 'https://images4-g.ravelrycache.com/uploads/KayHopkins/897245985/5_Ochoco-11_shelved.jpg', 'medium2_url': 'https://images4-a.ravelrycache.com/uploads/KayHopkins/897245985/5_Ochoco-11_medium2.jpg', 'small2_url': 'https://images4-f.ravelrycache.com/uploads/KayHopkins/897245985/5_Ochoco-11_small2.jpg', 'caption': None, 'caption_html': None, 'copyright_holder': None}]"
